 4 2   2  56 19.7027 4.9788  7.0  7.0  109 2455196.5000 2010                                                                                                                                                                                                                                                                                                                     
1  220091231201001072455196.4-0.3883000000D+00-0.3220000000D-02 0.1734770000D+02 0.1308700000D+00 0.2205000000D-02 0.1345000000D+00 0.1627932000D+01 0.1855700000D+01 0.3785800000D+01-0.4488700000D+01-0.8000000000D-03 0.7500000000D-03 0.5803700000D+01 0.1841000000D-01 0.1430000000D-02 0.4390000000D-01 0.3329989000D+01 0.2969700000D+01 0.8200000000D+00-0.2799200000D+01
1  320100107201001142455203.4-0.4102000000D+00-0.2540000000D-02 0.1817950000D+02 0.1248500000D+00 0.2831000000D-02 0.1401000000D+00 0.1332984000D+01 0.1775300000D+01 0.3807900000D+01-0.5143300000D+01 0.4400000000D-02 0.4300000000D-03 0.5868200000D+01 0.1864000000D-01 0.1551000000D-02 0.4420000000D-01 0.3004252000D+01 0.1493600000D+01 0.5256000000D+00-0.3502700000D+01
1  420100114201001212455210.4-0.4273000000D+00-0.1270000000D-02 0.1886630000D+02 0.1136500000D+00 0.3361000000D-02 0.1442000000D+00 0.1046042000D+01 0.1780800000D+01 0.3805700000D+01-0.5795500000D+01 0.7600000000D-02 0.6000000000D-04 0.5818800000D+01 0.3649000000D-01 0.1388000000D-02 0.4370000000D-01 0.2662724000D+01 0.6669000000D+00 0.2293000000D+00-0.4215300000D+01
1  520100121201001282455217.4-0.4360000000D+00 0.4300000000D-03 0.1931540000D+02 0.1022100000D+00 0.3627000000D-02 0.1466000000D+00 0.7655090000D+00 0.1903900000D+01 0.3789300000D+01-0.1612000000D+00 0.8000000000D-02-0.1900000000D-03 0.5669900000D+01 0.5512000000D-01 0.8970000000D-03 0.4220000000D-01 0.2302437000D+01 0.2159000000D+00 0.6174800000D+01-0.4947200000D+01
1  620100128201002042455224.4-0.4337000000D+00 0.2160000000D-02 0.1945230000D+02 0.9907000000D-01 0.3572000000D-02 0.1468000000D+00 0.4886330000D+00 0.2117700000D+01 0.3767200000D+01-0.8057000000D+00 0.6200000000D-02-0.2700000000D-03 0.5462300000D+01 0.6700000000D-01 0.2540000000D-03 0.4030000000D-01 0.1924032000D+01 0.6132100000D+01 0.5271800000D+01-0.5705000000D+01
1  720100204201002112455231.4-0.4195000000D+00 0.3480000000D-02 0.1925010000D+02 0.1077100000D+00 0.3302000000D-02 0.1441000000D+00 0.2119000000D+00 0.2303100000D+01 0.3775400000D+01-0.1449600000D+01 0.3400000000D-02-0.2000000000D-03 0.5243300000D+01 0.6920000000D-01 0.6140000000D-03 0.3890000000D-01 0.1533889000D+01 0.5775200000D+01 0.3114600000D+01-0.1888000000D+00
1  820100211201002182455238.4-0.3951000000D+00 0.4140000000D-02 0.1873630000D+02 0.1215200000D+00 0.2889000000D-02 0.1389000000D+00 0.6214872000D+01 0.2384900000D+01 0.3834200000D+01-0.2103500000D+01 0.1300000000D-02-0.6000000000D-04 0.5040100000D+01 0.6186000000D-01 0.1121000000D-02 0.3760000000D-01 0.1143069000D+01 0.5386800000D+01 0.2737400000D+01-0.9416000000D+00
1  920100218201002252455245.4-0.3645000000D+00 0.4290000000D-02 0.1798350000D+02 0.1327000000D+00 0.2435000000D-02 0.1328000000D+00 0.5927916000D+01 0.2375400000D+01 0.3918600000D+01-0.2769000000D+01 0.8000000000D-03 0.1200000000D-03 0.4853100000D+01 0.4894000000D-01 0.1262000000D-02 0.3610000000D-01 0.7634070000D+00 0.4914900000D+01 0.2463800000D+01-0.1680200000D+01
1 1020100225201003042455252.4-0.3325000000D+00 0.4290000000D-02 0.1708580000D+02 0.1382400000D+00 0.1980000000D-02 0.1261000000D+00 0.5631941000D+01 0.2304000000D+01 0.3987800000D+01-0.3441600000D+01 0.2300000000D-02 0.3600000000D-03 0.4667200000D+01 0.3704000000D-01 0.1095000000D-02 0.3460000000D-01 0.4026750000D+00 0.4298100000D+01 0.2169900000D+01-0.2405000000D+01
1 1120100304201003112455259.4-0.3018000000D+00 0.4290000000D-02 0.1612890000D+02 0.1389800000D+00 0.1564000000D-02 0.1189000000D+00 0.5325934000D+01 0.2187300000D+01 0.4020800000D+01-0.4123600000D+01 0.5500000000D-02 0.6300000000D-03 0.4469500000D+01 0.3140000000D-01 0.8310000000D-03 0.3310000000D-01 0.6303700000D-01 0.3560000000D+01 0.1787600000D+01-0.3110000000D+01
1 1220100311201003182455266.4-0.2732000000D+00 0.4150000000D-02 0.1517330000D+02 0.1362400000D+00 0.1186000000D-02 0.1116000000D+00 0.5009815000D+01 0.2034200000D+01 0.4000400000D+01-0.4816600000D+01 0.1010000000D-01 0.8800000000D-03 0.4258200000D+01 0.3122000000D-01 0.6080000000D-03 0.3150000000D-01 0.6026305000D+01 0.2863800000D+01 0.1267500000D+01-0.3793800000D+01
1 1320100318201003252455273.4-0.2468000000D+00 0.3690000000D-02 0.1425950000D+02 0.1312200000D+00 0.8670000000D-03 0.1046000000D+00 0.4684043000D+01 0.1846700000D+01 0.3877300000D+01-0.5522400000D+01 0.1600000000D-01 0.1020000000D-02 0.4041400000D+01 0.3237000000D-01 0.4650000000D-03 0.2990000000D-01 0.5723633000D+01 0.2283600000D+01 0.6569000000D+00-0.4460400000D+01
1 1420100325201004012455280.4-0.2230000000D+00 0.2980000000D-02 0.1341170000D+02 0.1255100000D+00 0.6540000000D-03 0.9860000000D-01 0.4349697000D+01 0.1626900000D+01 0.3652200000D+01-0.6238700000D+01 0.2270000000D-01 0.1030000000D-02 0.3833200000D+01 0.3267000000D-01 0.3620000000D-03 0.2840000000D-01 0.5435381000D+01 0.1779500000D+01 0.9100000000D-02-0.5117900000D+01
1 1520100401201004082455287.4-0.2022000000D+00 0.2260000000D-02 0.1263850000D+02 0.1203700000D+00 0.5470000000D-03 0.9340000000D-01 0.4008262000D+01 0.1380600000D+01 0.3419200000D+01-0.6757000000D+00 0.2960000000D-01 0.9500000000D-03 0.3647300000D+01 0.3187000000D-01 0.3060000000D-03 0.2710000000D-01 0.5158531000D+01 0.1317900000D+01 0.5572500000D+01-0.5767600000D+01
1 1620100408201004152455294.4-0.1851000000D+00 0.1780000000D-02 0.1193570000D+02 0.1160000000D+00 0.4790000000D-03 0.8840000000D-01 0.3661078000D+01 0.1117300000D+01 0.3327000000D+01-0.1396400000D+01 0.3630000000D-01 0.8600000000D-03 0.3493200000D+01 0.3011000000D-01 0.3080000000D-03 0.2610000000D-01 0.4889939000D+01 0.8763000000D+00 0.4870600000D+01-0.1267000000D+00
1 1720100415201004222455301.4-0.1713000000D+00 0.1570000000D-02 0.1129610000D+02 0.1118000000D+00 0.4090000000D-03 0.8330000000D-01 0.3309072000D+01 0.8430000000D+00 0.3450900000D+01-0.2123600000D+01 0.4260000000D-01 0.8000000000D-03 0.3376600000D+01 0.2750000000D-01 0.3300000000D-03 0.2540000000D-01 0.4626316000D+01 0.4386000000D+00 0.4301000000D+01-0.7648000000D+00
1 1820100422201004292455308.4-0.1597000000D+00 0.1470000000D-02 0.1071400000D+02 0.1072000000D+00 0.3730000000D-03 0.7890000000D-01 0.2952913000D+01 0.5566000000D+00 0.3749000000D+01-0.2863600000D+01 0.4830000000D-01 0.7600000000D-03 0.3299500000D+01 0.2429000000D-01 0.3380000000D-03 0.2500000000D-01 0.4364017000D+01 0.6276400000D+01 0.3813600000D+01-0.1402700000D+01
1 1920100429201005062455315.4-0.1493000000D+00 0.1330000000D-02 0.1018490000D+02 0.1023000000D+00 0.3650000000D-03 0.7560000000D-01 0.2593282000D+01 0.2513000000D+00 0.3938700000D+01-0.3603100000D+01 0.5370000000D-01 0.7300000000D-03 0.3260100000D+01 0.2081000000D-01 0.3340000000D-03 0.2480000000D-01 0.4099306000D+01 0.5815200000D+01 0.3366200000D+01-0.2046000000D+01
1 2020100506201005132455322.4-0.1401000000D+00 0.1180000000D-02 0.9702400000D+01 0.9778000000D-01 0.3330000000D-03 0.7230000000D-01 0.2230883000D+01 0.6210000000D+01 0.3874600000D+01-0.4335700000D+01 0.5870000000D-01 0.6700000000D-03 0.3254100000D+01 0.1744000000D-01 0.3330000000D-03 0.2480000000D-01 0.3829052000D+01 0.5326200000D+01 0.2941400000D+01-0.2697200000D+01
1 2120100513201005202455329.4-0.1319000000D+00 0.1080000000D-02 0.9259600000D+01 0.9398000000D-01 0.2770000000D-03 0.6860000000D-01 0.1866262000D+01 0.5872900000D+01 0.3517200000D+01-0.5073600000D+01 0.6330000000D-01 0.5800000000D-03 0.3275700000D+01 0.1433000000D-01 0.3290000000D-03 0.2500000000D-01 0.3551189000D+01 0.4789700000D+01 0.2546600000D+01-0.3357500000D+01
1 2220100520201005272455336.4-0.1248000000D+00 0.1050000000D-02 0.8850600000D+01 0.9087000000D-01 0.2710000000D-03 0.6530000000D-01 0.1499817000D+01 0.5531400000D+01 0.2894400000D+01-0.5822400000D+01 0.6750000000D-01 0.4900000000D-03 0.3318400000D+01 0.1179000000D-01 0.3070000000D-03 0.2540000000D-01 0.3264529000D+01 0.4172800000D+01 0.2135600000D+01-0.4024200000D+01
1 2320100527201006032455343.4-0.1184000000D+00 0.1000000000D-02 0.8470300000D+01 0.8804000000D-01 0.3320000000D-03 0.6280000000D-01 0.1131788000D+01 0.5191300000D+01 0.2441800000D+01-0.2874000000D+00 0.7120000000D-01 0.4300000000D-03 0.3375900000D+01 0.1034000000D-01 0.2830000000D-03 0.2590000000D-01 0.2968544000D+01 0.3472600000D+01 0.1653300000D+01-0.4696000000D+01
1 2420100603201006102455350.4-0.1123000000D+00 0.8200000000D-03 0.8114300000D+01 0.8493000000D-01 0.3710000000D-03 0.6040000000D-01 0.7621700000D+00 0.4852000000D+01 0.2273200000D+01-0.1027600000D+01 0.7430000000D-01 0.4300000000D-03 0.3442600000D+01 0.1016000000D-01 0.2850000000D-03 0.2630000000D-01 0.2663347000D+01 0.2750500000D+01 0.1139800000D+01-0.5379500000D+01
1 2520100610201006172455357.4-0.1065000000D+00 0.5400000000D-03 0.7780600000D+01 0.8156000000D-01 0.3540000000D-03 0.5770000000D-01 0.3908770000D+00 0.4507800000D+01 0.2236600000D+01-0.1771100000D+01 0.7700000000D-01 0.4500000000D-03 0.3514500000D+01 0.1092000000D-01 0.3000000000D-03 0.2690000000D-01 0.2349569000D+01 0.2066800000D+01 0.6999000000D+00-0.6074200000D+01
1 2620100617201006242455364.4-0.1016000000D+00 0.3300000000D-03 0.7468400000D+01 0.7847000000D-01 0.2940000000D-03 0.5520000000D-01 0.1794900000D-01 0.4154500000D+01 0.2195200000D+01-0.2522400000D+01 0.7970000000D-01 0.4200000000D-03 0.3587800000D+01 0.1237000000D-01 0.2960000000D-03 0.2740000000D-01 0.2028086000D+01 0.1435200000D+01 0.3344000000D+00-0.4921000000D+00
1 2720100624201007012455371.4-0.9790000000D-01 0.3100000000D-03 0.7176500000D+01 0.7623000000D-01 0.2080000000D-03 0.5310000000D-01 0.5926752000D+01 0.3793600000D+01 0.1969500000D+01-0.3276100000D+01 0.8220000000D-01 0.3000000000D-03 0.3659100000D+01 0.1444000000D-01 0.2580000000D-03 0.2800000000D-01 0.1699727000D+01 0.8630000000D+00 0.6246000000D+01-0.1196600000D+01
1 2820100701201007082455378.4-0.9500000000D-01 0.4400000000D-03 0.6901200000D+01 0.7493000000D-01 0.1720000000D-03 0.5130000000D-01 0.5550979000D+01 0.3434500000D+01 0.1300600000D+01-0.4024900000D+01 0.8440000000D-01 0.1700000000D-03 0.3725500000D+01 0.1687000000D-01 0.2180000000D-03 0.2850000000D-01 0.1365083000D+01 0.3600000000D+00 0.5728500000D+01-0.1905000000D+01
1 2920100708201007152455385.4-0.9250000000D-01 0.5700000000D-03 0.6639400000D+01 0.7382000000D-01 0.2380000000D-03 0.4930000000D-01 0.5173478000D+01 0.3083200000D+01 0.7959000000D+00-0.4771400000D+01 0.8620000000D-01 0.9000000000D-04 0.3785700000D+01 0.1912000000D-01 0.2220000000D-03 0.2880000000D-01 0.1024702000D+01 0.6188800000D+01 0.5129300000D+01-0.2621900000D+01
1 3020100715201007222455392.4-0.8970000000D-01 0.5500000000D-03 0.6390900000D+01 0.7231000000D-01 0.2980000000D-03 0.4720000000D-01 0.4793754000D+01 0.2733800000D+01 0.6486000000D+00-0.5526100000D+01 0.8740000000D-01 0.9000000000D-04 0.3839400000D+01 0.2101000000D-01 0.2540000000D-03 0.2920000000D-01 0.6793250000D+00 0.5750300000D+01 0.4685500000D+01-0.3346600000D+01
1 3120100722201007292455399.4-0.8680000000D-01 0.3800000000D-03 0.6157300000D+01 0.7059000000D-01 0.3050000000D-03 0.4550000000D-01 0.4411584000D+01 0.2376800000D+01 0.6216000000D+00-0.5600000000D-02 0.8810000000D-01 0.1400000000D-03 0.3885700000D+01 0.2275000000D-01 0.2690000000D-03 0.2960000000D-01 0.3297630000D+00 0.5310800000D+01 0.4362900000D+01-0.4073200000D+01
1 3220100729201008052455406.4-0.8430000000D-01 0.1800000000D-03 0.5938700000D+01 0.6934000000D-01 0.2700000000D-03 0.4420000000D-01 0.4026991000D+01 0.2010600000D+01 0.5826000000D+00-0.7656000000D+00 0.8880000000D-01 0.1600000000D-03 0.3923300000D+01 0.2466000000D-01 0.2500000000D-03 0.2990000000D-01 0.6259821000D+01 0.4875200000D+01 0.4012600000D+01-0.4796300000D+01
1 3320100805201008122455413.4-0.8250000000D-01 0.6000000000D-04 0.5733700000D+01 0.6901000000D-01 0.2190000000D-03 0.4270000000D-01 0.3639935000D+01 0.1642800000D+01 0.3277000000D+00-0.1519300000D+01 0.8950000000D-01 0.1100000000D-03 0.3951000000D+01 0.2672000000D-01 0.2170000000D-03 0.2990000000D-01 0.5903437000D+01 0.4455200000D+01 0.3469400000D+01-0.5524900000D+01
1 3420100812201008192455420.4-0.8150000000D-01 0.1000000000D-04 0.5540700000D+01 0.6927000000D-01 0.2130000000D-03 0.4100000000D-01 0.3250019000D+01 0.1281800000D+01 0.5994600000D+01-0.2283200000D+01 0.9010000000D-01 0.4000000000D-04 0.3968700000D+01 0.2853000000D-01 0.2280000000D-03 0.2990000000D-01 0.5543967000D+01 0.4049500000D+01 0.2779700000D+01-0.6265100000D+01
1 3520100819201008262455427.4-0.8100000000D-01 0.0000000000D+00 0.5360300000D+01 0.6941000000D-01 0.2840000000D-03 0.3970000000D-01 0.2856658000D+01 0.9249000000D+00 0.5484400000D+01-0.3059900000D+01 0.9030000000D-01 0.0000000000D+00 0.3977100000D+01 0.2984000000D-01 0.2730000000D-03 0.3010000000D-01 0.5181756000D+01 0.3642500000D+01 0.2256700000D+01-0.7200000000D+00
1 3620100826201009022455434.4-0.8080000000D-01-0.2000000000D-04 0.5194200000D+01 0.6928000000D-01 0.3560000000D-03 0.3880000000D-01 0.2459470000D+01 0.5640000000D+00 0.5194200000D+01-0.3833000000D+01 0.9020000000D-01-0.4000000000D-04 0.3975900000D+01 0.3080000000D-01 0.2950000000D-03 0.3010000000D-01 0.4817278000D+01 0.3224800000D+01 0.1865900000D+01-0.1451900000D+01
1 3720100902201009092455441.4-0.8090000000D-01-0.4000000000D-04 0.5043900000D+01 0.6916000000D-01 0.3750000000D-03 0.3770000000D-01 0.2058309000D+01 0.1942000000D+00 0.4975900000D+01-0.4600600000D+01 0.8990000000D-01-0.9000000000D-04 0.3964300000D+01 0.3173000000D-01 0.2740000000D-03 0.2980000000D-01 0.4450973000D+01 0.2798300000D+01 0.1466300000D+01-0.2189100000D+01
1 3820100909201009162455448.4-0.8140000000D-01-0.3000000000D-04 0.4910100000D+01 0.6950000000D-01 0.3280000000D-03 0.3640000000D-01 0.1653176000D+01 0.6100500000D+01 0.4727200000D+01-0.5378600000D+01 0.8940000000D-01-0.1600000000D-03 0.3941200000D+01 0.3273000000D-01 0.2340000000D-03 0.2940000000D-01 0.4083203000D+01 0.2373000000D+01 0.9075000000D+00-0.2936400000D+01
1 3920100916201009232455455.4-0.8220000000D-01-0.2000000000D-04 0.4793100000D+01 0.7037000000D-01 0.2600000000D-03 0.3550000000D-01 0.1244088000D+01 0.5724000000D+01 0.4326600000D+01-0.6170600000D+01 0.8860000000D-01-0.2300000000D-03 0.3905700000D+01 0.3348000000D-01 0.2420000000D-03 0.2930000000D-01 0.3714228000D+01 0.1955100000D+01 0.2376000000D+00-0.3679500000D+01
1 4020100923201009302455462.4-0.8320000000D-01-0.9000000000D-04 0.4693300000D+01 0.7139000000D-01 0.2540000000D-03 0.3510000000D-01 0.8309520000D+00 0.5353300000D+01 0.3758900000D+01-0.6756000000D+00 0.8730000000D-01-0.2300000000D-03 0.3857300000D+01 0.3370000000D-01 0.2920000000D-03 0.2890000000D-01 0.3344311000D+01 0.1538100000D+01 0.6035700000D+01-0.4415300000D+01
1 4120100930201010072455469.4-0.8430000000D-01-0.2500000000D-03 0.4612200000D+01 0.7216000000D-01 0.3230000000D-03 0.3460000000D-01 0.4137070000D+00 0.4985900000D+01 0.3342400000D+01-0.1459300000D+01 0.8560000000D-01-0.1900000000D-03 0.3795700000D+01 0.3344000000D-01 0.3270000000D-03 0.2830000000D-01 0.2973877000D+01 0.1110500000D+01 0.5692800000D+01-0.5155500000D+01
1 4220101007201010142455476.4-0.8570000000D-01-0.4300000000D-03 0.4552500000D+01 0.7257000000D-01 0.3960000000D-03 0.3390000000D-01 0.6275789000D+01 0.4614400000D+01 0.3103800000D+01-0.2251100000D+01 0.8370000000D-01-0.1700000000D-03 0.3720400000D+01 0.3307000000D-01 0.3210000000D-03 0.2760000000D-01 0.2603564000D+01 0.6668000000D+00 0.5333300000D+01-0.5900600000D+01
1 4320101014201010212455483.4-0.8770000000D-01-0.5200000000D-03 0.4516500000D+01 0.7296000000D-01 0.4130000000D-03 0.3360000000D-01 0.5851640000D+01 0.4232900000D+01 0.2906100000D+01-0.3054300000D+01 0.8170000000D-01-0.2500000000D-03 0.3630500000D+01 0.3286000000D-01 0.2990000000D-03 0.2690000000D-01 0.2234165000D+01 0.2127000000D+00 0.4826500000D+01-0.3598000000D+00
1 4420101021201010282455490.4-0.9060000000D-01-0.4700000000D-03 0.4503900000D+01 0.7388000000D-01 0.3660000000D-03 0.3390000000D-01 0.5425583000D+01 0.3844700000D+01 0.2581400000D+01-0.3854100000D+01 0.7960000000D-01-0.4000000000D-03 0.3524000000D+01 0.3268000000D-01 0.3260000000D-03 0.2610000000D-01 0.1866372000D+01 0.6041800000D+01 0.4215400000D+01-0.1093300000D+01
1 4520101028201011042455497.4-0.9380000000D-01-0.3300000000D-03 0.4512700000D+01 0.7520000000D-01 0.3330000000D-03 0.3410000000D-01 0.4998418000D+01 0.3459000000D+01 0.1989900000D+01-0.4644700000D+01 0.7710000000D-01-0.5500000000D-03 0.3399900000D+01 0.3213000000D-01 0.3950000000D-03 0.2500000000D-01 0.1500755000D+01 0.5583500000D+01 0.3731800000D+01-0.1824500000D+01
1 4620101104201011112455504.4-0.9690000000D-01-0.2400000000D-03 0.4541900000D+01 0.7616000000D-01 0.3980000000D-03 0.3420000000D-01 0.4570669000D+01 0.3077600000D+01 0.1388800000D+01-0.5439300000D+01 0.7380000000D-01-0.6100000000D-03 0.3258500000D+01 0.3125000000D-01 0.4340000000D-03 0.2380000000D-01 0.1138197000D+01 0.5106300000D+01 0.3342400000D+01-0.2557400000D+01
1 4720101111201011182455511.4-0.9970000000D-01-0.2800000000D-03 0.4591800000D+01 0.7623000000D-01 0.4930000000D-03 0.3450000000D-01 0.4143169000D+01 0.2693100000D+01 0.1026400000D+01-0.6243100000D+01 0.6980000000D-01-0.6000000000D-03 0.3100500000D+01 0.3048000000D-01 0.4220000000D-03 0.2260000000D-01 0.7801570000D+00 0.4605200000D+01 0.2927700000D+01-0.3286300000D+01
1 4820101118201011252455518.4-0.1022000000D+00-0.3900000000D-03 0.4661100000D+01 0.7572000000D-01 0.5300000000D-03 0.3540000000D-01 0.3717236000D+01 0.2297000000D+01 0.7574000000D+00-0.7583000000D+00 0.6550000000D-01-0.5800000000D-03 0.2926500000D+01 0.3019000000D-01 0.4010000000D-03 0.2140000000D-01 0.4285640000D+00 0.4092900000D+01 0.2409500000D+01-0.4001500000D+01
1 4920101125201012022455525.4-0.1049000000D+00-0.4800000000D-03 0.4744900000D+01 0.7545000000D-01 0.4980000000D-03 0.3620000000D-01 0.3294056000D+01 0.1890500000D+01 0.3995000000D+00-0.1541100000D+01 0.6100000000D-01-0.6100000000D-03 0.2737300000D+01 0.3013000000D-01 0.4210000000D-03 0.1990000000D-01 0.8558300000D-01 0.3583300000D+01 0.1854500000D+01-0.4703200000D+01
1 5020101202201012092455532.4-0.1078000000D+00-0.4900000000D-03 0.4837300000D+01 0.7553000000D-01 0.4750000000D-03 0.3660000000D-01 0.2874057000D+01 0.1483300000D+01 0.6127500000D+01-0.2326300000D+01 0.5640000000D-01-0.6900000000D-03 0.2535600000D+01 0.2996000000D-01 0.4570000000D-03 0.1820000000D-01 0.6036908000D+01 0.3071600000D+01 0.1379400000D+01-0.5400100000D+01
1 5120101209201012162455539.4-0.1108000000D+00-0.4400000000D-03 0.4933900000D+01 0.7522000000D-01 0.5420000000D-03 0.3730000000D-01 0.2457224000D+01 0.1079100000D+01 0.5546400000D+01-0.3119600000D+01 0.5140000000D-01-0.7800000000D-03 0.2327300000D+01 0.2985000000D-01 0.4580000000D-03 0.1670000000D-01 0.5719624000D+01 0.2549200000D+01 0.9410000000D+00-0.6082900000D+01
1 5220101216201012232455546.4-0.1136000000D+00-0.3600000000D-03 0.5031700000D+01 0.7406000000D-01 0.6400000000D-03 0.3830000000D-01 0.2043669000D+01 0.6717000000D+00 0.5106800000D+01-0.3904100000D+01 0.4600000000D-01-0.8300000000D-03 0.2120200000D+01 0.3009000000D-01 0.4330000000D-03 0.1530000000D-01 0.5421650000D+01 0.2024100000D+01 0.4456000000D+00-0.4544000000D+00
1 5320101223201012302455553.4-0.1160000000D+00-0.2700000000D-03 0.5127000000D+01 0.7230000000D-01 0.6740000000D-03 0.3910000000D-01 0.1633621000D+01 0.2526000000D+00 0.4745800000D+01-0.4673700000D+01 0.4030000000D-01-0.8400000000D-03 0.1924300000D+01 0.3051000000D-01 0.4240000000D-03 0.1390000000D-01 0.5148602000D+01 0.1508800000D+01 0.6164400000D+01-0.1079300000D+01
1 5420101230201101062455560.4-0.1181000000D+00-0.1600000000D-03 0.5215100000D+01 0.7066000000D-01 0.6180000000D-03 0.3940000000D-01 0.1227159000D+01 0.6104700000D+01 0.4352500000D+01-0.5445900000D+01 0.3440000000D-01-0.8200000000D-03 0.1752500000D+01 0.3076000000D-01 0.4370000000D-03 0.1270000000D-01 0.4905688000D+01 0.1002300000D+01 0.5611200000D+01-0.1677400000D+01
1 5520110106201101132455567.4-0.1197000000D+00-0.3000000000D-04 0.5291600000D+01 0.6941000000D-01 0.5450000000D-03 0.3990000000D-01 0.8240090000D+00 0.5671100000D+01 0.3851900000D+01-0.6225100000D+01 0.2850000000D-01-0.7800000000D-03 0.1621400000D+01 0.3073000000D-01 0.4400000000D-03 0.1190000000D-01 0.4694834000D+01 0.4951000000D+00 0.5102600000D+01-0.2247600000D+01
2 5620091231201001072455196.4 0.1160000000D-01-0.5300000000D-03 0.4336330000D+02 0.3168300000D+00 0.4687000000D-02 0.8600000000D-02 0.5449646000D+01 0.5478900000D+01 0.1298300000D+01 0.9984000000D+00-0.1000000000D-03 0.3000000000D-04 0.1467230000D+02 0.5591000000D-01 0.3708000000D-02 0.1800000000D-02 0.9291100000D+00 0.1760000000D+00 0.4675800000D+01 0.2808400000D+01
2 5720100107201001142455203.4 0.1140000000D-01-0.3500000000D-03 0.4545370000D+02 0.2895800000D+00 0.6999000000D-02 0.8100000000D-02 0.2607680000D+01 0.2828300000D+01 0.4975200000D+01 0.1395700000D+01-0.1000000000D-03 0.2000000000D-04 0.1481230000D+02 0.6823000000D-01 0.3887000000D-02 0.2300000000D-02 0.4339646000D+01 0.2754300000D+01 0.1750500000D+01 0.3572700000D+01
2 5820100114201001212455210.4 0.1300000000D-01-0.6700000000D-03 0.4718700000D+02 0.2510800000D+00 0.7915000000D-02 0.6100000000D-02 0.6057193000D+01 0.3221000000D+00 0.2565400000D+01 0.2064500000D+01 0.0000000000D+00 0.0000000000D+00 0.1465520000D+02 0.1083300000D+00 0.3754000000D-02 0.2700000000D-02 0.1452053000D+01 0.5745900000D+01 0.5308500000D+01 0.3980500000D+01
2 5920100121201001282455217.4 0.1310000000D-01-0.6200000000D-03 0.4833330000D+02 0.2012900000D+00 0.9055000000D-02 0.6300000000D-02 0.3231258000D+01 0.4213100000D+01 0.6135600000D+01 0.3045000000D+01 0.0000000000D+00 0.2000000000D-04 0.1423300000D+02 0.1584600000D+00 0.2070000000D-02 0.2600000000D-02 0.4830702000D+01 0.2755000000D+01 0.2250700000D+01 0.4323500000D+01
2 6020100128201002042455224.4 0.1280000000D-01-0.4700000000D-03 0.4869880000D+02 0.1964100000D+00 0.9123000000D-02 0.8600000000D-02 0.4093200000D+00 0.2020300000D+01 0.3674300000D+01 0.3713700000D+01 0.7000000000D-03-0.8000000000D-04 0.1365030000D+02 0.1850300000D+00 0.7950000000D-03 0.2100000000D-02 0.1907564000D+01 0.6117100000D+01 0.5179400000D+01 0.4773100000D+01
2 6120100204201002112455231.4 0.1360000000D-01-0.7300000000D-03 0.4822290000D+02 0.2269600000D+00 0.7951000000D-02 0.9200000000D-02 0.3872008000D+01 0.6059600000D+01 0.1081700000D+01 0.4112500000D+01 0.6000000000D-03 0.0000000000D+00 0.1303900000D+02 0.1911800000D+00 0.1803000000D-02 0.1500000000D-02 0.5255775000D+01 0.3221500000D+01 0.6317000000D+00 0.5414500000D+01
2 6220100211201002182455238.4 0.1340000000D-01-0.7200000000D-03 0.4695450000D+02 0.2771100000D+00 0.6736000000D-02 0.7600000000D-02 0.1048825000D+01 0.3615200000D+01 0.4862100000D+01 0.4533900000D+01 0.1300000000D-02-0.1000000000D-03 0.1248180000D+02 0.1694500000D+00 0.2785000000D-02 0.1700000000D-02 0.2318948000D+01 0.2954000000D+00 0.3966700000D+01 0.6210700000D+01
2 6320100218201002252455245.4 0.1310000000D-01-0.6700000000D-03 0.4508160000D+02 0.3191300000D+00 0.5373000000D-02 0.5400000000D-02 0.4502940000D+01 0.1052400000D+01 0.2435900000D+01 0.5172400000D+01 0.1400000000D-02-0.9000000000D-04 0.1199010000D+02 0.1362100000D+00 0.3202000000D-02 0.1900000000D-02 0.5676698000D+01 0.3582900000D+01 0.1039900000D+01 0.4432000000D+00
2 6420100225201003042455252.4 0.1210000000D-01-0.5900000000D-03 0.4283330000D+02 0.3403900000D+00 0.3880000000D-02 0.5100000000D-02 0.1665653000D+01 0.4711500000D+01 0.6218500000D+01 0.6071800000D+01 0.1500000000D-02-0.8000000000D-04 0.1152060000D+02 0.1024100000D+00 0.2940000000D-02 0.2100000000D-02 0.2770700000D+01 0.4835000000D+00 0.4472800000D+01 0.7437000000D+00
2 6520100304201003112455259.4 0.1150000000D-01-0.5700000000D-03 0.4043310000D+02 0.3471500000D+00 0.3892000000D-02 0.6200000000D-02 0.5101811000D+01 0.2017000000D+01 0.3685900000D+01 0.3130000000D+00 0.1600000000D-02-0.9000000000D-04 0.1103960000D+02 0.8111000000D-01 0.2166000000D-02 0.1800000000D-02 0.6169727000D+01 0.3524100000D+01 0.1522200000D+01 0.1020400000D+01
2 6620100311201003182455266.4 0.1110000000D-01-0.5900000000D-03 0.3803950000D+02 0.3461000000D+00 0.2319000000D-02 0.6200000000D-02 0.2245702000D+01 0.5610400000D+01 0.1294300000D+01 0.6381000000D+00 0.1700000000D-02-0.1400000000D-03 0.1053430000D+02 0.7393000000D-01 0.1864000000D-02 0.1200000000D-02 0.3306474000D+01 0.2939000000D+00 0.4846100000D+01 0.1444300000D+01
2 6720100318201003252455273.4 0.9600000000D-02-0.3800000000D-03 0.3574760000D+02 0.3344600000D+00 0.2503000000D-02 0.5200000000D-02 0.5663194000D+01 0.2853900000D+01 0.4715000000D+01 0.9355000000D+00 0.1500000000D-02-0.9000000000D-04 0.1002500000D+02 0.7417000000D-01 0.1111000000D-02 0.9000000000D-03 0.4607020000D+00 0.3377400000D+01 0.1669500000D+01 0.2321200000D+01
2 6820100325201004012455280.4 0.8900000000D-02-0.3700000000D-03 0.3361900000D+02 0.3259500000D+00 0.1686000000D-02 0.3400000000D-02 0.2789918000D+01 0.1074000000D+00 0.2504700000D+01 0.1390900000D+01 0.1500000000D-02-0.1200000000D-03 0.9539800000D+01 0.7365000000D-01 0.1001000000D-02 0.1100000000D-02 0.3913664000D+01 0.3181000000D+00 0.4848300000D+01 0.3188600000D+01
2 6920100401201004082455287.4 0.8400000000D-02-0.4100000000D-03 0.3166610000D+02 0.3085600000D+00 0.1229000000D-02 0.2700000000D-02 0.6192388000D+01 0.3595100000D+01 0.5699000000D+01 0.2302200000D+01 0.1400000000D-02-0.1200000000D-03 0.9109700000D+01 0.7229000000D-01 0.7690000000D-03 0.1400000000D-02 0.1094655000D+01 0.3562400000D+01 0.1394700000D+01 0.3546500000D+01
2 7020100408201004152455294.4 0.7600000000D-02-0.3000000000D-03 0.2989700000D+02 0.2999800000D+00 0.1251000000D-02 0.3400000000D-02 0.3306322000D+01 0.7950000000D+00 0.3511900000D+01 0.3016500000D+01 0.1400000000D-02-0.1300000000D-03 0.8756500000D+01 0.6689000000D-01 0.8210000000D-03 0.1300000000D-02 0.4567482000D+01 0.5796000000D+00 0.4718400000D+01 0.3888500000D+01
2 7120100415201004222455301.4 0.6900000000D-02-0.2500000000D-03 0.2828340000D+02 0.2848500000D+00 0.7980000000D-03 0.4300000000D-02 0.4151220000D+00 0.4258100000D+01 0.9670000000D+00 0.3390400000D+01 0.1200000000D-02-0.1000000000D-03 0.8493300000D+01 0.6109000000D-01 0.8310000000D-03 0.9000000000D-03 0.1761456000D+01 0.3859500000D+01 0.1479700000D+01 0.4294800000D+01
2 7220100422201004292455308.4 0.6500000000D-02-0.2600000000D-03 0.2682550000D+02 0.2730400000D+00 0.7780000000D-03 0.4300000000D-02 0.3803129000D+01 0.1413500000D+01 0.4252900000D+01 0.3620400000D+01 0.1200000000D-02-0.1100000000D-03 0.8325200000D+01 0.5349000000D-01 0.8760000000D-03 0.8000000000D-03 0.5239810000D+01 0.8588000000D+00 0.4734600000D+01 0.5328300000D+01
2 7320100429201005062455315.4 0.6100000000D-02-0.2200000000D-03 0.2549410000D+02 0.2630300000D+00 0.1059000000D-02 0.3500000000D-02 0.9049310000D+00 0.4861900000D+01 0.2201900000D+01 0.3959800000D+01 0.1100000000D-02-0.1100000000D-03 0.8247000000D+01 0.4494000000D-01 0.7870000000D-03 0.1100000000D-02 0.2432434000D+01 0.4111800000D+01 0.1757600000D+01 0.6055400000D+01
2 7420100506201005132455322.4 0.5300000000D-02-0.1300000000D-03 0.2428110000D+02 0.2498300000D+00 0.4830000000D-03 0.2600000000D-02 0.4286809000D+01 0.1987500000D+01 0.5341200000D+01 0.4424200000D+01 0.1000000000D-02-0.1000000000D-03 0.8248500000D+01 0.3801000000D-01 0.9110000000D-03 0.1400000000D-02 0.5902584000D+01 0.1055600000D+01 0.4995300000D+01 0.1698000000D+00
2 7520100513201005202455329.4 0.4800000000D-02-0.1000000000D-03 0.2316360000D+02 0.2435000000D+00 0.1115000000D-02 0.2300000000D-02 0.1383757000D+01 0.5416200000D+01 0.2876300000D+01 0.5273100000D+01 0.9000000000D-03-0.8000000000D-04 0.8314200000D+01 0.3035000000D-01 0.7300000000D-03 0.1400000000D-02 0.3082408000D+01 0.4186600000D+01 0.2094300000D+01 0.4306000000D+00
2 7620100520201005272455336.4 0.4400000000D-02-0.6000000000D-04 0.2213240000D+02 0.2302300000D+00 0.3830000000D-03 0.2900000000D-02 0.4761285000D+01 0.2529700000D+01 0.2365000000D+00 0.5830400000D+01 0.1000000000D-02-0.1100000000D-03 0.8431000000D+01 0.2688000000D-01 0.9180000000D-03 0.1000000000D-02 0.2532350000D+00 0.1002800000D+01 0.5289300000D+01 0.8622000000D+00
2 7720100527201006032455343.4 0.3700000000D-02 0.0000000000D+00 0.2117750000D+02 0.2267000000D+00 0.1156000000D-02 0.3300000000D-02 0.1854566000D+01 0.5945600000D+01 0.3497100000D+01 0.6193200000D+01 0.1000000000D-02-0.1100000000D-03 0.8583200000D+01 0.2445000000D-01 0.6590000000D-03 0.8000000000D-03 0.3698819000D+01 0.3942000000D+01 0.2381800000D+01 0.1667100000D+01
2 7820100603201006102455350.4 0.3200000000D-02 0.3000000000D-04 0.2028610000D+02 0.2151100000D+00 0.5820000000D-03 0.3200000000D-02 0.5228729000D+01 0.3051800000D+01 0.1040900000D+01 0.1807000000D+00 0.1000000000D-02-0.9000000000D-04 0.8757200000D+01 0.2631000000D-01 0.8160000000D-03 0.1000000000D-02 0.8518900000D+00 0.7244000000D+00 0.5625400000D+01 0.2558000000D+01
2 7920100610201006172455357.4 0.2800000000D-02 0.3000000000D-04 0.1945330000D+02 0.2114200000D+00 0.8650000000D-03 0.2400000000D-02 0.2318673000D+01 0.1668000000D+00 0.4101400000D+01 0.5035000000D+00 0.1000000000D-02-0.1100000000D-03 0.8942400000D+01 0.3045000000D-01 0.6920000000D-03 0.1400000000D-02 0.4280244000D+01 0.3790400000D+01 0.2662900000D+01 0.2962900000D+01
2 8020100617201006242455364.4 0.2300000000D-02 0.8000000000D-04 0.1866810000D+02 0.2032800000D+00 0.7730000000D-03 0.1800000000D-02 0.5689795000D+01 0.3560800000D+01 0.1621200000D+01 0.1169700000D+01 0.1200000000D-02-0.1400000000D-03 0.9129700000D+01 0.3583000000D-01 0.7060000000D-03 0.1500000000D-02 0.1417654000D+01 0.6921000000D+00 0.5932000000D+01 0.3273200000D+01
2 8120100624201007012455371.4 0.1800000000D-02 0.1000000000D-03 0.1793280000D+02 0.1993000000D+00 0.6940000000D-03 0.1800000000D-02 0.2776295000D+01 0.6623000000D+00 0.4776000000D+01 0.2020600000D+01 0.1300000000D-02-0.1200000000D-03 0.9312600000D+01 0.4157000000D-01 0.7010000000D-03 0.1300000000D-02 0.4831454000D+01 0.3923900000D+01 0.2954500000D+01 0.3639200000D+01
2 8220100701201007082455378.4 0.1600000000D-02 0.7000000000D-04 0.1723480000D+02 0.1945800000D+00 0.8910000000D-03 0.2400000000D-02 0.6144153000D+01 0.4056700000D+01 0.2071800000D+01 0.2589600000D+01 0.1300000000D-02-0.1000000000D-03 0.9484900000D+01 0.4801000000D-01 0.6080000000D-03 0.9000000000D-03 0.1956058000D+01 0.9024000000D+00 0.6178100000D+01 0.4282200000D+01
2 8320100708201007152455385.4 0.1300000000D-02 0.1100000000D-03 0.1657750000D+02 0.1894200000D+00 0.5300000000D-03 0.2800000000D-02 0.3226703000D+01 0.1148100000D+01 0.5696500000D+01 0.2865800000D+01 0.1400000000D-02-0.1100000000D-03 0.9642200000D+01 0.5278000000D-01 0.7590000000D-03 0.1100000000D-02 0.5358176000D+01 0.4205800000D+01 0.3314000000D+01 0.5171200000D+01
2 8420100715201007222455392.4 0.9000000000D-03 0.1500000000D-03 0.1595200000D+02 0.1885100000D+00 0.9380000000D-03 0.2600000000D-02 0.3074670000D+00 0.4543700000D+01 0.2528000000D+01 0.3144800000D+01 0.1500000000D-02-0.1100000000D-03 0.9782300000D+01 0.6009000000D-01 0.5220000000D-03 0.1500000000D-02 0.2472705000D+01 0.1217000000D+01 0.7650000000D-01 0.5665700000D+01
2 8520100722201007292455399.4 0.6000000000D-03 0.1200000000D-03 0.1536210000D+02 0.1833500000D+00 0.6220000000D-03 0.2200000000D-02 0.3668478000D+01 0.1633500000D+01 0.6720000000D-01 0.3440500000D+01 0.1500000000D-02-0.8000000000D-04 0.9902200000D+01 0.6363000000D-01 0.7430000000D-03 0.1800000000D-02 0.5865611000D+01 0.4548300000D+01 0.3593400000D+01 0.5985500000D+01
2 8620100729201008052455406.4 0.4000000000D-03 0.1300000000D-03 0.1480350000D+02 0.1834600000D+00 0.8270000000D-03 0.1500000000D-02 0.7441520000D+00 0.5019800000D+01 0.3142700000D+01 0.4021500000D+01 0.1600000000D-02-0.8000000000D-04 0.1000140000D+02 0.7003000000D-01 0.5450000000D-03 0.1600000000D-02 0.2972077000D+01 0.1577300000D+01 0.3908000000D+00 0.6232700000D+01
2 8720100805201008122455413.4 0.0000000000D+00 0.1800000000D-03 0.1427570000D+02 0.1803100000D+00 0.6950000000D-03 0.1500000000D-02 0.4099604000D+01 0.2111600000D+01 0.6158000000D+00 0.4808000000D+01 0.1700000000D-02-0.1000000000D-03 0.1007580000D+02 0.7332000000D-01 0.7230000000D-03 0.1200000000D-02 0.7471800000D-01 0.4917700000D+01 0.3818900000D+01 0.3702000000D+00
2 8820100812201008192455420.4-0.3000000000D-03 0.1600000000D-03 0.1377970000D+02 0.1810800000D+00 0.7850000000D-03 0.1800000000D-02 0.1168893000D+01 0.5492000000D+01 0.3772300000D+01 0.5382900000D+01 0.1800000000D-02-0.7000000000D-04 0.1012840000D+02 0.7831000000D-01 0.5670000000D-03 0.9000000000D-03 0.3457930000D+01 0.1953900000D+01 0.7264000000D+00 0.1106800000D+01
2 8920100819201008262455427.4-0.4000000000D-03 0.1300000000D-03 0.1331550000D+02 0.1802500000D+00 0.7870000000D-03 0.2100000000D-02 0.4517468000D+01 0.2584800000D+01 0.1006700000D+01 0.5724200000D+01 0.1800000000D-02-0.6000000000D-04 0.1015370000D+02 0.8170000000D-01 0.6800000000D-03 0.1100000000D-02 0.5551020000D+00 0.5296600000D+01 0.3947100000D+01 0.1995500000D+01
2 9020100826201009022455434.4-0.8000000000D-03 0.1400000000D-03 0.1288570000D+02 0.1800600000D+00 0.7910000000D-03 0.2000000000D-02 0.1578917000D+01 0.5958300000D+01 0.4540500000D+01 0.5967600000D+01 0.2000000000D-02-0.6000000000D-04 0.1015530000D+02 0.8392000000D-01 0.6630000000D-03 0.1500000000D-02 0.3933170000D+01 0.2338100000D+01 0.1155500000D+01 0.2409900000D+01
2 9120100902201009092455441.4-0.1100000000D-02 0.1500000000D-03 0.1249170000D+02 0.1823900000D+00 0.8680000000D-03 0.1600000000D-02 0.4919479000D+01 0.3050100000D+01 0.1418800000D+01 0.5170000000D-01 0.2100000000D-02-0.6000000000D-04 0.1012770000D+02 0.8809000000D-01 0.7070000000D-03 0.1600000000D-02 0.1026420000D+01 0.5675400000D+01 0.4045000000D+01 0.2713300000D+01
2 9220100909201009162455448.4-0.1200000000D-02 0.9000000000D-04 0.1213630000D+02 0.1820200000D+00 0.8730000000D-03 0.1200000000D-02 0.1971927000D+01 0.1364000000D+00 0.5115300000D+01 0.5539000000D+00 0.2000000000D-02-0.2000000000D-04 0.1007310000D+02 0.8809000000D-01 0.7050000000D-03 0.1500000000D-02 0.4400763000D+01 0.2716300000D+01 0.1423500000D+01 0.3000800000D+01
2 9320100916201009232455455.4-0.1300000000D-02 0.6000000000D-04 0.1182450000D+02 0.1857600000D+00 0.9170000000D-03 0.1200000000D-02 0.5303293000D+01 0.3507600000D+01 0.1900000000D+01 0.1375800000D+01 0.2100000000D-02-0.1000000000D-04 0.9988200000D+01 0.9137000000D-01 0.7690000000D-03 0.1100000000D-02 0.1491269000D+01 0.6046300000D+01 0.4280700000D+01 0.3455200000D+01
2 9420100923201009302455462.4-0.1600000000D-02 0.7000000000D-04 0.1155890000D+02 0.1854800000D+00 0.1019000000D-02 0.1500000000D-02 0.2346279000D+01 0.5918000000D+00 0.5634700000D+01 0.1881000000D+01 0.2100000000D-02 0.0000000000D+00 0.9871800000D+01 0.8968000000D-01 0.7700000000D-03 0.1000000000D-02 0.4863564000D+01 0.3081400000D+01 0.1693100000D+01 0.4279800000D+01
2 9520100930201010072455469.4-0.1700000000D-02 0.3000000000D-04 0.1134620000D+02 0.1905500000D+00 0.9500000000D-03 0.1800000000D-02 0.5668542000D+01 0.3955300000D+01 0.2361000000D+01 0.2206500000D+01 0.2000000000D-02 0.2000000000D-04 0.9722100000D+01 0.9220000000D-01 0.8700000000D-03 0.1200000000D-02 0.1953047000D+01 0.1164000000D+00 0.4509500000D+01 0.4931100000D+01
2 9620101007201010142455476.4-0.1800000000D-02 0.0000000000D+00 0.1118690000D+02 0.1910800000D+00 0.1119000000D-02 0.1800000000D-02 0.2702845000D+01 0.1038400000D+01 0.5977300000D+01 0.2433700000D+01 0.1900000000D-02 0.4000000000D-04 0.9535300000D+01 0.8947000000D-01 0.8520000000D-03 0.1500000000D-02 0.5325223000D+01 0.3423100000D+01 0.1807000000D+01 0.5323600000D+01
2 9720101014201010212455483.4-0.2000000000D-02 0.0000000000D+00 0.1108990000D+02 0.1948500000D+00 0.1020000000D-02 0.1600000000D-02 0.6017266000D+01 0.4394600000D+01 0.2920300000D+01 0.2643400000D+01 0.2000000000D-02 0.3000000000D-04 0.9311500000D+01 0.8950000000D-01 0.9180000000D-03 0.1400000000D-02 0.2415576000D+01 0.4394000000D+00 0.4855200000D+01 0.5546200000D+01
2 9820101021201010282455490.4-0.2200000000D-02-0.2000000000D-04 0.1105200000D+02 0.1969300000D+00 0.1241000000D-02 0.1200000000D-02 0.3045640000D+01 0.1474900000D+01 0.6262800000D+01 0.3026200000D+01 0.1800000000D-02 0.6000000000D-04 0.9045600000D+01 0.8672000000D-01 0.1020000000D-02 0.1100000000D-02 0.5790370000D+01 0.3733300000D+01 0.1971800000D+01 0.5840600000D+01
2 9920101028201011042455497.4-0.2300000000D-02-0.6000000000D-04 0.1107980000D+02 0.1989000000D+00 0.1142000000D-02 0.8000000000D-03 0.7256700000D-01 0.4823500000D+01 0.3370200000D+01 0.3689900000D+01 0.1800000000D-02 0.5000000000D-04 0.8738900000D+01 0.8503000000D-01 0.9890000000D-03 0.7000000000D-03 0.2884664000D+01 0.7195000000D+00 0.5151600000D+01 0.6350000000D-01
210020101104201011112455504.4-0.2500000000D-02-0.5000000000D-04 0.1116470000D+02 0.2017500000D+00 0.1306000000D-02 0.1000000000D-02 0.3382350000D+01 0.1895800000D+01 0.2539000000D+00 0.4583100000D+01 0.1800000000D-02 0.4000000000D-04 0.8386100000D+01 0.8254000000D-01 0.1171000000D-02 0.6000000000D-03 0.6265731000D+01 0.3993200000D+01 0.2152500000D+01 0.1155800000D+01
210120101111201011182455511.4-0.2600000000D-02-0.9000000000D-04 0.1130860000D+02 0.2009800000D+00 0.1312000000D-02 0.1400000000D-02 0.4094110000D+00 0.5241100000D+01 0.3780300000D+01 0.4988200000D+01 0.1700000000D-02 0.5000000000D-04 0.7991500000D+01 0.7956000000D-01 0.1018000000D-02 0.9000000000D-03 0.3368353000D+01 0.9438000000D+00 0.5445300000D+01 0.1770300000D+01
210220101118201011252455518.4-0.2700000000D-02-0.1200000000D-03 0.1149920000D+02 0.2039000000D+00 0.1418000000D-02 0.1600000000D-02 0.3722047000D+01 0.2302500000D+01 0.5207000000D+00 0.5255000000D+01 0.1500000000D-02 0.7000000000D-04 0.7554100000D+01 0.7790000000D-01 0.1289000000D-02 0.1000000000D-02 0.4781560000D+00 0.4198200000D+01 0.2386100000D+01 0.2103800000D+01
210320101125201012022455525.4-0.2700000000D-02-0.1300000000D-03 0.1172990000D+02 0.2010000000D+00 0.1462000000D-02 0.1700000000D-02 0.7536870000D+00 0.5641900000D+01 0.4060900000D+01 0.5452800000D+01 0.1500000000D-02 0.5000000000D-04 0.7081300000D+01 0.7561000000D-01 0.1097000000D-02 0.9000000000D-03 0.3879497000D+01 0.1118800000D+01 0.5667400000D+01 0.2320000000D+01
210420101202201012092455532.4-0.2900000000D-02-0.1400000000D-03 0.1198680000D+02 0.2016400000D+00 0.1506000000D-02 0.1300000000D-02 0.4072442000D+01 0.2691700000D+01 0.8866000000D+00 0.5683300000D+01 0.1400000000D-02 0.5000000000D-04 0.6580200000D+01 0.7468000000D-01 0.1265000000D-02 0.6000000000D-03 0.1009950000D+01 0.4347400000D+01 0.2619300000D+01 0.2660700000D+01
210520101209201012162455539.4-0.2800000000D-02-0.2000000000D-03 0.1225780000D+02 0.1979000000D+00 0.1573000000D-02 0.1000000000D-02 0.1111367000D+01 0.6023500000D+01 0.4332400000D+01 0.6221600000D+01 0.1200000000D-02 0.6000000000D-04 0.6065600000D+01 0.7395000000D-01 0.1121000000D-02 0.4000000000D-03 0.4438477000D+01 0.1260700000D+01 0.5848300000D+01 0.3561800000D+01
210620101216201012232455546.4-0.2800000000D-02-0.1800000000D-03 0.1253030000D+02 0.1961700000D+00 0.1609000000D-02 0.8000000000D-03 0.4437807000D+01 0.3063600000D+01 0.1238900000D+01 0.7525000000D+00 0.1000000000D-02 0.6000000000D-04 0.5557900000D+01 0.7371000000D-01 0.1215000000D-02 0.5000000000D-03 0.1603926000D+01 0.4480700000D+01 0.2811100000D+01 0.4514000000D+01
210720101223201012302455553.4-0.2900000000D-02-0.1700000000D-03 0.1279030000D+02 0.1922300000D+00 0.1641000000D-02 0.1200000000D-02 0.1484801000D+01 0.1011000000D+00 0.4581500000D+01 0.1451300000D+01 0.1000000000D-02 0.4000000000D-04 0.5084900000D+01 0.7391000000D-01 0.1138000000D-02 0.6000000000D-03 0.5076607000D+01 0.1403900000D+01 0.6019700000D+01 0.4947500000D+01
210820101230201101062455560.4-0.2800000000D-02-0.1700000000D-03 0.1302710000D+02 0.1877600000D+00 0.1656000000D-02 0.1500000000D-02 0.4818689000D+01 0.3417700000D+01 0.1673000000D+01 0.1695600000D+01 0.8000000000D-03 0.4000000000D-04 0.4682100000D+01 0.7423000000D-01 0.1142000000D-02 0.5000000000D-03 0.2294336000D+01 0.4621700000D+01 0.2919100000D+01 0.5114800000D+01
210920110106201101132455567.4-0.2700000000D-02-0.1900000000D-03 0.1323160000D+02 0.1854400000D+00 0.1666000000D-02 0.1400000000D-02 0.1873000000D+01 0.4450000000D+00 0.4841000000D+01 0.1898300000D+01 0.7000000000D-03 0.4000000000D-04 0.4389800000D+01 0.7378000000D-01 0.1114000000D-02 0.3000000000D-03 0.5823363000D+01 0.1557400000D+01 0.6179700000D+01 0.5580800000D+01
