 5 4    2   25   48   70  3.5516  1.7693  0.8782  0.3765 16.0 16.0 17.0 18.0   90 2458483.5000 2019                                                                                                                                                                                                                                                                              
1  220181231201901162458483.5-0.5336000000D+00 0.4660000000D-02 0.9291460000D+02 0.3511100000D+00 0.1095000000D-02 0.1880000000D+00 0.1872328000D+01 0.6998000000D+00 0.2211600000D+01 0.2646400000D+01 0.8780000000D-01-0.1160000000D-02 0.1349240000D+02 0.1197000000D+00 0.0000000000D+00 0.2450000000D-01 0.5370671000D+01 0.2133200000D+01 0.0000000000D+00 0.6180700000D+01
1  320190116201902012458499.5-0.4757000000D+00 0.7910000000D-02 0.9549890000D+02 0.3545900000D+00 0.1155000000D-02 0.1955000000D+00 0.2095951000D+01 0.1080900000D+01 0.2651700000D+01 0.3302900000D+01 0.7410000000D-01-0.1210000000D-02 0.1158190000D+02 0.1096200000D+00 0.0000000000D+00 0.2060000000D-01 0.5664260000D+01 0.2265700000D+01 0.0000000000D+00 0.6720000000D+00
1  420190201201902172458515.5-0.3765000000D+00 0.9590000000D-02 0.9885990000D+02 0.3621000000D+00 0.1511000000D-02 0.1833000000D+00 0.2325831000D+01 0.1473300000D+01 0.3164900000D+01 0.4069400000D+01 0.6020000000D-01-0.1040000000D-02 0.9891100000D+01 0.9671000000D-01 0.0000000000D+00 0.1810000000D-01 0.5987665000D+01 0.2402000000D+01 0.0000000000D+00 0.1607000000D+01
1  520190217201903052458531.5-0.2518000000D+00 0.1106000000D-01 0.1030092000D+03 0.3679000000D+00 0.1964000000D-02 0.2051000000D+00 0.2563366000D+01 0.1888600000D+01 0.3569200000D+01 0.4863200000D+01 0.4980000000D-01-0.9300000000D-03 0.8517300000D+01 0.7939000000D-01 0.0000000000D+00 0.1760000000D-01 0.6157900000D-01 0.2535700000D+01 0.0000000000D+00 0.2374600000D+01
1  620190305201903212458547.5-0.1186000000D+00 0.1336000000D-01 0.1079019000D+03 0.3738500000D+00 0.2322000000D-02 0.2091000000D+00 0.2810288000D+01 0.2340000000D+01 0.4061900000D+01 0.5522400000D+01 0.4370000000D-01-0.9900000000D-03 0.7561500000D+01 0.5573000000D-01 0.0000000000D+00 0.1490000000D-01 0.4453210000D+00 0.2633900000D+01 0.0000000000D+00 0.3139200000D+01
1  720190321201904062458563.5 0.2650000000D-01 0.1489000000D-01 0.1134237000D+03 0.3774100000D+00 0.2769000000D-02 0.1984000000D+00 0.3068354000D+01 0.2822100000D+01 0.4602200000D+01 0.7600000000D-01 0.3970000000D-01-0.1100000000D-02 0.7090200000D+01 0.2669000000D-01 0.0000000000D+00 0.1370000000D-01 0.8275890000D+00 0.2460500000D+01 0.0000000000D+00 0.3917700000D+01
1  820190406201904222458579.5 0.1904000000D+00 0.1392000000D-01 0.1193118000D+03 0.3783900000D+00 0.3303000000D-02 0.2297000000D+00 0.3338878000D+01 0.3344300000D+01 0.5235700000D+01 0.8793000000D+00 0.3520000000D-01-0.1250000000D-02 0.7091500000D+01 0.2736000000D-01 0.0000000000D+00 0.1090000000D-01 0.1165947000D+01 0.9798000000D+00 0.0000000000D+00 0.4594200000D+01
1  920190422201905082458595.5 0.3569000000D+00 0.1159000000D-01 0.1251118000D+03 0.3717600000D+00 0.3987000000D-02 0.2288000000D+00 0.3622494000D+01 0.3908800000D+01 0.5885700000D+01 0.1574300000D+01 0.2780000000D-01-0.1470000000D-02 0.7539500000D+01 0.6835000000D-01 0.0000000000D+00 0.9400000000D-02 0.1431182000D+01 0.8187000000D+00 0.0000000000D+00 0.5720500000D+01
1 1020190508201905242458611.5 0.4982000000D+00 0.1020000000D-01 0.1301854000D+03 0.3529700000D+00 0.4741000000D-02 0.2222000000D+00 0.3918428000D+01 0.4525800000D+01 0.2525000000D+00 0.2498900000D+01 0.1480000000D-01-0.1680000000D-02 0.8475400000D+01 0.1070500000D+00 0.0000000000D+00 0.1580000000D-01 0.1631086000D+01 0.1013000000D+01 0.0000000000D+00 0.2762000000D+00
1 1120190524201906092458627.5 0.6104000000D+00 0.8950000000D-02 0.1338191000D+03 0.3188800000D+00 0.5018000000D-02 0.2533000000D+00 0.4224067000D+01 0.5231400000D+01 0.8743000000D+00 0.3302900000D+01-0.4100000000D-02-0.1800000000D-02 0.9940300000D+01 0.1275500000D+00 0.0000000000D+00 0.2000000000D-01 0.1805470000D+01 0.1275900000D+01 0.0000000000D+00 0.8081000000D+00
1 1220190609201906252458643.5 0.7062000000D+00 0.5530000000D-02 0.1353632000D+03 0.2947600000D+00 0.4686000000D-02 0.2417000000D+00 0.4534723000D+01 0.6060700000D+01 0.1621300000D+01 0.4098000000D+01-0.2700000000D-01-0.1800000000D-02 0.1177440000D+02 0.1190900000D+00 0.0000000000D+00 0.2220000000D-01 0.1993706000D+01 0.1551200000D+01 0.0000000000D+00 0.1605800000D+01
1 1320190625201907112458659.5 0.7765000000D+00 0.1040000000D-02 0.1344929000D+03 0.2971900000D+00 0.4636000000D-02 0.2560000000D+00 0.4844521000D+01 0.6187000000D+00 0.2373700000D+01 0.4995300000D+01-0.4900000000D-01-0.1760000000D-02 0.1355600000D+02 0.8363000000D-01 0.0000000000D+00 0.3040000000D-01 0.2210472000D+01 0.1796600000D+01 0.0000000000D+00 0.2382800000D+01
1 1420190711201907272458675.5 0.7990000000D+00-0.1900000000D-02 0.1314116000D+03 0.3108600000D+00 0.4289000000D-02 0.2653000000D+00 0.5147834000D+01 0.1399000000D+01 0.2999200000D+01 0.5705700000D+01-0.6640000000D-01-0.1610000000D-02 0.1482200000D+02 0.3454000000D-01 0.0000000000D+00 0.3450000000D-01 0.2451082000D+01 0.1822100000D+01 0.0000000000D+00 0.2989800000D+01
1 1520190727201908122458691.5 0.7755000000D+00-0.3700000000D-02 0.1267614000D+03 0.3312000000D+00 0.3504000000D-02 0.2424000000D+00 0.5440079000D+01 0.2101600000D+01 0.3578400000D+01 0.2076000000D+00-0.7770000000D-01-0.1130000000D-02 0.1528720000D+02 0.2642000000D-01 0.0000000000D+00 0.3380000000D-01 0.2706128000D+01 0.5570000000D-01 0.0000000000D+00 0.3684100000D+01
1 1620190812201908282458707.5 0.7281000000D+00-0.6630000000D-02 0.1213085000D+03 0.3523000000D+00 0.2743000000D-02 0.2612000000D+00 0.5718578000D+01 0.2710000000D+01 0.4153900000D+01 0.9880000000D+00-0.8320000000D-01-0.2700000000D-03 0.1491050000D+02 0.6766000000D-01 0.0000000000D+00 0.3310000000D-01 0.2968575000D+01 0.6215300000D+01 0.0000000000D+00 0.4356100000D+01
1 1720190828201909132458723.5 0.6592000000D+00-0.1030000000D-01 0.1157184000D+03 0.3690600000D+00 0.2165000000D-02 0.2568000000D+00 0.5983037000D+01 0.3239200000D+01 0.4666400000D+01 0.1605000000D+01-0.8090000000D-01 0.5500000000D-03 0.1381990000D+02 0.1006900000D+00 0.0000000000D+00 0.2690000000D-01 0.3236089000D+01 0.9960000000D-01 0.0000000000D+00 0.5031800000D+01
1 1820190913201909292458739.5 0.5540000000D+00-0.1235000000D-01 0.1104484000D+03 0.3811400000D+00 0.1651000000D-02 0.2336000000D+00 0.6234408000D+01 0.3710300000D+01 0.5155700000D+01 0.2331200000D+01-0.7000000000D-01 0.9100000000D-03 0.1219460000D+02 0.1233100000D+00 0.0000000000D+00 0.2230000000D-01 0.3511198000D+01 0.2881000000D+00 0.0000000000D+00 0.5923100000D+01
1 1920190929201910152458755.5 0.4143000000D+00-0.1248000000D-01 0.1057633000D+03 0.3886200000D+00 0.1275000000D-02 0.2451000000D+00 0.1912980000D+00 0.4136400000D+01 0.5631700000D+01 0.3048600000D+01-0.5390000000D-01 0.8600000000D-03 0.1021830000D+02 0.1376400000D+00 0.0000000000D+00 0.2030000000D-01 0.3802755000D+01 0.4664000000D+00 0.0000000000D+00 0.4108000000D+00
1 2020191015201910312458771.5 0.2601000000D+00-0.1243000000D-01 0.1017890000D+03 0.3900900000D+00 0.9890000000D-03 0.2386000000D+00 0.4219920000D+00 0.4528800000D+01 0.6035400000D+01 0.3652100000D+01-0.3800000000D-01 0.6000000000D-03 0.8059100000D+01 0.1459700000D+00 0.0000000000D+00 0.1500000000D-01 0.4131509000D+01 0.6283000000D+00 0.0000000000D+00 0.1249300000D+01
1 2120191031201911162458787.5 0.1060000000D+00-0.1286000000D-01 0.9857520000D+02 0.3890500000D+00 0.6570000000D-03 0.2173000000D+00 0.6454090000D+00 0.4903000000D+01 0.2519000000D+00 0.4360000000D+01-0.2570000000D-01 0.1900000000D-03 0.5919100000D+01 0.1510200000D+00 0.0000000000D+00 0.1230000000D-01 0.4547419000D+01 0.7760000000D+00 0.0000000000D+00 0.2302500000D+01
1 2220191116201912022458803.5-0.5120000000D-01-0.1228000000D-01 0.9615890000D+02 0.3871400000D+00 0.5760000000D-03 0.2250000000D+00 0.8635720000D+00 0.5251500000D+01 0.8814000000D+00 0.5054900000D+01-0.1870000000D-01-0.3600000000D-03 0.4201200000D+01 0.1546300000D+00 0.0000000000D+00 0.1020000000D-01 0.5169559000D+01 0.9144000000D+00 0.0000000000D+00 0.3346000000D+01
1 2320191202201912182458819.5-0.2118000000D+00-0.9800000000D-02 0.9451480000D+02 0.3835000000D+00 0.6640000000D-03 0.2142000000D+00 0.1078299000D+01 0.5584500000D+01 0.1274700000D+01 0.5658900000D+01-0.1930000000D-01-0.8700000000D-03 0.3816100000D+01 0.1578000000D+00 0.0000000000D+00 0.1040000000D-01 0.6069669000D+01 0.1048800000D+01 0.0000000000D+00 0.4574800000D+01
1 2420191218202001032458835.5-0.3592000000D+00-0.6660000000D-02 0.9362760000D+02 0.3782300000D+00 0.7960000000D-03 0.1956000000D+00 0.1291356000D+01 0.5912400000D+01 0.1493300000D+01 0.9450000000D-01-0.2820000000D-01-0.1150000000D-02 0.5182100000D+01 0.1611900000D+00 0.0000000000D+00 0.1180000000D-01 0.5487030000D+00 0.1185100000D+01 0.0000000000D+00 0.5667300000D+01
2 2520181231201901162458483.5 0.1806400000D+01-0.1499000000D-01 0.1479072000D+03 0.5473300000D+00 0.1505000000D-02 0.6936000000D+00 0.4640605000D+01 0.3479400000D+01 0.4451200000D+01 0.5161300000D+01-0.2873000000D+00 0.2860000000D-02 0.2135260000D+02 0.1915400000D+00 0.0000000000D+00 0.9240000000D-01 0.1911397000D+01 0.4894300000D+01 0.0000000000D+00 0.2448100000D+01
2 2620190116201902012458499.5 0.1554000000D+01-0.2159000000D-01 0.1520024000D+03 0.5756800000D+00 0.2439000000D-02 0.7346000000D+00 0.1480686000D+01 0.4483000000D+00 0.2197800000D+01 0.5376700000D+01-0.2353000000D+00 0.2790000000D-02 0.1832100000D+02 0.1757600000D+00 0.0000000000D+00 0.8140000000D-01 0.5114320000D+01 0.1637500000D+01 0.0000000000D+00 0.2804000000D+01
2 2720190201201902172458515.5 0.1184900000D+01-0.2615000000D-01 0.1573874000D+03 0.5703400000D+00 0.2487000000D-02 0.7727000000D+00 0.4608871000D+01 0.3741300000D+01 0.5160000000D+01 0.5607600000D+01-0.1941000000D+00 0.2030000000D-02 0.1567700000D+02 0.1556500000D+00 0.0000000000D+00 0.6770000000D-01 0.2066749000D+01 0.4669000000D+01 0.0000000000D+00 0.3102000000D+01
2 2820190217201903052458531.5 0.7187000000D+00-0.2890000000D-01 0.1639451000D+03 0.5882900000D+00 0.3153000000D-02 0.8228000000D+00 0.1461412000D+01 0.7750000000D+00 0.2451300000D+01 0.5836600000D+01-0.1570000000D+00 0.1540000000D-02 0.1358680000D+02 0.1293200000D+00 0.0000000000D+00 0.6660000000D-01 0.5337764000D+01 0.1408900000D+01 0.0000000000D+00 0.3487500000D+01
2 2920190305201903212458547.5 0.1920000000D+00-0.3135000000D-01 0.1717567000D+03 0.5870600000D+00 0.3158000000D-02 0.8758000000D+00 0.4606393000D+01 0.4122000000D+01 0.5643700000D+01 0.6075400000D+01-0.1318000000D+00 0.5900000000D-03 0.1220070000D+02 0.9188000000D-01 0.0000000000D+00 0.5430000000D-01 0.2351875000D+01 0.4397500000D+01 0.0000000000D+00 0.3936000000D+01
2 3020190321201904062458563.5-0.3713000000D+00-0.3261000000D-01 0.1805018000D+03 0.5989200000D+00 0.4385000000D-02 0.9252000000D+00 0.1479113000D+01 0.1209800000D+01 0.2932500000D+01 0.4140000000D-01-0.1201000000D+00 0.1170000000D-02 0.1158910000D+02 0.4725000000D-01 0.0000000000D+00 0.6130000000D-01 0.5641881000D+01 0.8314000000D+00 0.0000000000D+00 0.4136800000D+01
2 3120190406201904222458579.5-0.9638000000D+00-0.3004000000D-01 0.1898606000D+03 0.5966000000D+00 0.5853000000D-02 0.9807000000D+00 0.4647881000D+01 0.4601700000D+01 0.1228000000D+00 0.2966000000D+00-0.9980000000D-01 0.9600000000D-03 0.1167100000D+02 0.4525000000D-01 0.0000000000D+00 0.5910000000D-01 0.2599479000D+01 0.2382200000D+01 0.0000000000D+00 0.4651300000D+01
2 3220190422201905082458595.5-0.1527500000D+01-0.2672000000D-01 0.1990904000D+03 0.5890600000D+00 0.6439000000D-02 0.1025100000D+01 0.1545708000D+01 0.1818400000D+01 0.3775700000D+01 0.5710000000D+00-0.8080000000D-01 0.2820000000D-02 0.1236290000D+02 0.1083700000D+00 0.0000000000D+00 0.6580000000D-01 0.5762280000D+01 0.5058600000D+01 0.0000000000D+00 0.4611800000D+01
2 3320190508201905242458611.5-0.2023100000D+01-0.2351000000D-01 0.2072106000D+03 0.5454900000D+00 0.7032000000D-02 0.1050600000D+01 0.4740253000D+01 0.5341600000D+01 0.9573000000D+00 0.8535000000D+00-0.3270000000D-01 0.3460000000D-02 0.1372870000D+02 0.1692600000D+00 0.0000000000D+00 0.7490000000D-01 0.2571388000D+01 0.1842900000D+01 0.0000000000D+00 0.4972200000D+01
2 3420190524201906092458627.5-0.2449900000D+01-0.1679000000D-01 0.2130191000D+03 0.5258400000D+00 0.7819000000D-02 0.1072500000D+01 0.1661020000D+01 0.2701700000D+01 0.4727800000D+01 0.1148100000D+01 0.3110000000D-01 0.4850000000D-02 0.1587560000D+02 0.2011500000D+00 0.0000000000D+00 0.8580000000D-01 0.5631398000D+01 0.4999900000D+01 0.0000000000D+00 0.5029300000D+01
2 3520190609201906252458643.5-0.2761500000D+01-0.9930000000D-02 0.2153787000D+03 0.4667500000D+00 0.8129000000D-02 0.1057300000D+01 0.4871792000D+01 0.7740000000D-01 0.1806100000D+01 0.1446600000D+01 0.1146000000D+00 0.5290000000D-02 0.1861770000D+02 0.1886200000D+00 0.0000000000D+00 0.9700000000D-01 0.2420544000D+01 0.1888500000D+01 0.0000000000D+00 0.5189200000D+01
2 3620190625201907112458659.5-0.2943600000D+01-0.2900000000D-02 0.2140595000D+03 0.4960700000D+00 0.8116000000D-02 0.1030000000D+01 0.1798268000D+01 0.3811500000D+01 0.5594100000D+01 0.1746700000D+01 0.2029000000D+00 0.3960000000D-02 0.2132630000D+02 0.1332100000D+00 0.0000000000D+00 0.1120000000D+00 0.5524223000D+01 0.5036000000D+01 0.0000000000D+00 0.5497900000D+01
2 3720190711201907272458675.5-0.2988600000D+01 0.4050000000D-02 0.2091646000D+03 0.5031700000D+00 0.5656000000D-02 0.9955000000D+00 0.5002877000D+01 0.1232500000D+01 0.2797700000D+01 0.2036500000D+01 0.2772000000D+00 0.3320000000D-02 0.2326580000D+02 0.5676000000D-01 0.0000000000D+00 0.1097000000D+00 0.2374209000D+01 0.1674100000D+01 0.0000000000D+00 0.5605000000D+01
2 3820190727201908122458691.5-0.2907900000D+01 0.1118000000D-01 0.2018306000D+03 0.5473200000D+00 0.6348000000D-02 0.9356000000D+00 0.1913061000D+01 0.4772000000D+01 0.1616000000D+00 0.2318400000D+01 0.3221000000D+00 0.5300000000D-03 0.2398110000D+02 0.4244000000D-01 0.0000000000D+00 0.1180000000D+00 0.5526065000D+01 0.2852300000D+01 0.0000000000D+00 0.5969900000D+01
2 3920190812201908282458707.5-0.2697000000D+01 0.1693000000D-01 0.1931121000D+03 0.5554100000D+00 0.4115000000D-02 0.8849000000D+00 0.5093814000D+01 0.2020700000D+01 0.3507800000D+01 0.2586700000D+01 0.3382000000D+00-0.7100000000D-03 0.2337740000D+02 0.1078000000D+00 0.0000000000D+00 0.9970000000D-01 0.2405895000D+01 0.5602900000D+01 0.0000000000D+00 0.6149300000D+01
2 4020190828201909132458723.5-0.2372400000D+01 0.2181000000D-01 0.1842435000D+03 0.5752600000D+00 0.4467000000D-02 0.8310000000D+00 0.1977394000D+01 0.5433100000D+01 0.6475000000D+00 0.2850100000D+01 0.3161000000D+00-0.2510000000D-02 0.2164840000D+02 0.1604800000D+00 0.0000000000D+00 0.9840000000D-01 0.5577416000D+01 0.2388700000D+01 0.0000000000D+00 0.1820000000D+00
2 4120190913201909292458739.5-0.1966200000D+01 0.2749000000D-01 0.1758434000D+03 0.5955300000D+00 0.2800000000D-02 0.7784000000D+00 0.5131416000D+01 0.2552000000D+01 0.4295400000D+01 0.3098300000D+01 0.2732000000D+00-0.3050000000D-02 0.1907800000D+02 0.1961300000D+00 0.0000000000D+00 0.7550000000D-01 0.2476531000D+01 0.5473900000D+01 0.0000000000D+00 0.4877000000D+00
2 4220190929201910152458755.5-0.1472400000D+01 0.3046000000D-01 0.1683483000D+03 0.5993600000D+00 0.2379000000D-02 0.7400000000D+00 0.1990893000D+01 0.5892600000D+01 0.1300700000D+01 0.3345300000D+01 0.2195000000D+00-0.3380000000D-02 0.1596740000D+02 0.2183400000D+00 0.0000000000D+00 0.6520000000D-01 0.5680764000D+01 0.2274700000D+01 0.0000000000D+00 0.7565000000D+00
2 4320191015201910312458771.5-0.9205000000D+00 0.3147000000D-01 0.1620030000D+03 0.5907900000D+00 0.1877000000D-02 0.7055000000D+00 0.5123616000D+01 0.2908400000D+01 0.4434800000D+01 0.3586700000D+01 0.1594000000D+00-0.2400000000D-02 0.1262060000D+02 0.2325500000D+00 0.0000000000D+00 0.4810000000D-01 0.2646239000D+01 0.5338000000D+01 0.0000000000D+00 0.1264100000D+01
2 4420191031201911162458787.5-0.3541000000D+00 0.3243000000D-01 0.1568959000D+03 0.5970700000D+00 0.1667000000D-02 0.6776000000D+00 0.1966292000D+01 0.6190200000D+01 0.1509600000D+01 0.3822800000D+01 0.1214000000D+00-0.1370000000D-02 0.9403600000D+01 0.2402800000D+00 0.0000000000D+00 0.3280000000D-01 0.5995882000D+01 0.2107600000D+01 0.0000000000D+00 0.1701200000D+01
2 4520191116201912022458803.5 0.2080000000D+00 0.3181000000D-01 0.1530300000D+03 0.5879400000D+00 0.1374000000D-02 0.6642000000D+00 0.5085975000D+01 0.3163000000D+01 0.4549900000D+01 0.4063000000D+01 0.9310000000D-01 0.3200000000D-03 0.7082100000D+01 0.2467700000D+00 0.0000000000D+00 0.3190000000D-01 0.3268007000D+01 0.5147300000D+01 0.0000000000D+00 0.2541200000D+01
2 4620191202201912182458819.5 0.7497000000D+00 0.2823000000D-01 0.1503644000D+03 0.6051700000D+00 0.1437000000D-02 0.6513000000D+00 0.1919340000D+01 0.1347000000D+00 0.2424500000D+01 0.4288400000D+01 0.1044000000D+00 0.1640000000D-02 0.6991100000D+01 0.2514300000D+00 0.0000000000D+00 0.3360000000D-01 0.7311250000D+00 0.1897600000D+01 0.0000000000D+00 0.3447100000D+01
2 4720191218202001032458835.5 0.1225000000D+01 0.2395000000D-01 0.1489129000D+03 0.5788400000D+00 0.1011000000D-02 0.6508000000D+00 0.5032634000D+01 0.3371200000D+01 0.4689800000D+01 0.4521400000D+01 0.1260000000D+00 0.3070000000D-02 0.9350900000D+01 0.2571200000D+00 0.0000000000D+00 0.4780000000D-01 0.4314883000D+01 0.4934900000D+01 0.0000000000D+00 0.3889000000D+01
3 4820181231201901172458483.5-0.7595000000D+00-0.2080000000D-02 0.2358037000D+03 0.8940300000D+00 0.3421000000D-02 0.2696000000D+00 0.4455032000D+01 0.3266300000D+01 0.4507800000D+01 0.8985000000D+00 0.1194000000D+00-0.4900000000D-03 0.3460150000D+02 0.3019100000D+00 0.0000000000D+00 0.2510000000D-01 0.1673694000D+01 0.4711800000D+01 0.0000000000D+00 0.4522500000D+01
3 4920190117201902032458500.5-0.8370000000D+00-0.1200000000D-02 0.2428085000D+03 0.9267000000D+00 0.2987000000D-02 0.2869000000D+00 0.4770840000D+00 0.5736300000D+01 0.9682000000D+00 0.5613500000D+01 0.1179000000D+00-0.9900000000D-03 0.2950000000D+02 0.2760000000D+00 0.0000000000D+00 0.4080000000D-01 0.4054397000D+01 0.6449000000D+00 0.0000000000D+00 0.3154400000D+01
3 5020190203201902202458517.5-0.8192000000D+00 0.8090000000D-02 0.2521402000D+03 0.9345000000D+00 0.4386000000D-02 0.2617000000D+00 0.2788390000D+01 0.1919300000D+01 0.3391200000D+01 0.4116900000D+01 0.1180000000D+00-0.1250000000D-02 0.2500840000D+02 0.2358100000D+00 0.0000000000D+00 0.1950000000D-01 0.1854590000D+00 0.2860400000D+01 0.0000000000D+00 0.1292400000D+01
3 5120190220201903092458534.5-0.6597000000D+00-0.3250000000D-02 0.2636670000D+03 0.9397300000D+00 0.4699000000D-02 0.2350000000D+00 0.5107987000D+01 0.4434300000D+01 0.5867400000D+01 0.2405300000D+01 0.6940000000D-01 0.1800000000D-03 0.2146620000D+02 0.1859600000D+00 0.0000000000D+00 0.2890000000D-01 0.2634302000D+01 0.5041500000D+01 0.0000000000D+00 0.4673000000D+00
3 5220190309201903262458551.5-0.7545000000D+00-0.1200000000D-03 0.2772419000D+03 0.9651200000D+00 0.5650000000D-02 0.2591000000D+00 0.1155388000D+01 0.6921000000D+00 0.2420300000D+01 0.8320000000D+00 0.7170000000D-01-0.6200000000D-03 0.1922030000D+02 0.1209800000D+00 0.0000000000D+00 0.2860000000D-01 0.5107597000D+01 0.9027000000D+00 0.0000000000D+00 0.4179200000D+01
3 5320190326201904122458568.5-0.7081000000D+00 0.8790000000D-02 0.2925075000D+03 0.9510600000D+00 0.7622000000D-02 0.2230000000D+00 0.3498781000D+01 0.3266800000D+01 0.4953400000D+01 0.5590700000D+01 0.9710000000D-01-0.1600000000D-03 0.1834740000D+02 0.4323000000D-01 0.0000000000D+00 0.1250000000D-01 0.1287081000D+01 0.2324000000D+01 0.0000000000D+00 0.4554100000D+01
3 5420190412201904292458585.5-0.5312000000D+00-0.8120000000D-02 0.3083549000D+03 0.9563900000D+00 0.9005000000D-02 0.2113000000D+00 0.5856745000D+01 0.5911700000D+01 0.1572000000D+01 0.3810100000D+01 0.4170000000D-01 0.1020000000D-02 0.1873760000D+02 0.1182200000D+00 0.0000000000D+00 0.3580000000D-01 0.3687646000D+01 0.3181700000D+01 0.0000000000D+00 0.1402200000D+01
3 5520190429201905162458602.5-0.6986000000D+00-0.4300000000D-03 0.3234732000D+03 0.9176300000D+00 0.1098400000D-01 0.2424000000D+00 0.1946586000D+01 0.2335600000D+01 0.4372800000D+01 0.2222100000D+01 0.8080000000D-01 0.1000000000D-03 0.2047570000D+02 0.2285200000D+00 0.0000000000D+00 0.1960000000D-01 0.6003004000D+01 0.5371200000D+01 0.0000000000D+00 0.4640500000D+01
3 5620190516201906022458619.5-0.6421000000D+00 0.7010000000D-02 0.3356510000D+03 0.8413900000D+00 0.1136100000D-01 0.2098000000D+00 0.4333354000D+01 0.5146400000D+01 0.8230000000D+00 0.6470000000D+00 0.9300000000D-01-0.1800000000D-03 0.2375630000D+02 0.3068300000D+00 0.0000000000D+00 0.1260000000D-01 0.1982469000D+01 0.1400500000D+01 0.0000000000D+00 0.5291100000D+01
3 5720190602201906192458636.5-0.4835000000D+00-0.9590000000D-02 0.3424779000D+03 0.7843500000D+00 0.1334000000D-01 0.2266000000D+00 0.4469510000D+00 0.1721200000D+01 0.3598000000D+01 0.5145500000D+01 0.7820000000D-01 0.1450000000D-02 0.2834410000D+02 0.3206700000D+00 0.0000000000D+00 0.1590000000D-01 0.4241705000D+01 0.3771300000D+01 0.0000000000D+00 0.2636400000D+01
3 5820190619201907062458653.5-0.6622000000D+00-0.1770000000D-02 0.3427760000D+03 0.7773700000D+00 0.1283000000D-01 0.2597000000D+00 0.2846865000D+01 0.4672300000D+01 0.1605000000D+00 0.3693600000D+01 0.7360000000D-01 0.9500000000D-03 0.3338340000D+02 0.2459500000D+00 0.0000000000D+00 0.4260000000D-01 0.2454670000D+00 0.6141800000D+01 0.0000000000D+00 0.1241500000D+01
3 5920190706201907232458670.5-0.6110000000D+00 0.7080000000D-02 0.3364077000D+03 0.8176800000D+00 0.1098700000D-01 0.2242000000D+00 0.5243064000D+01 0.1297600000D+01 0.2999500000D+01 0.2125000000D+01 0.1227000000D+00-0.1990000000D-02 0.3740000000D+02 0.1198500000D+00 0.0000000000D+00 0.4140000000D-01 0.2566062000D+01 0.2078200000D+01 0.0000000000D+00 0.4808800000D+01
3 6020190723201908092458687.5-0.4603000000D+00-0.7880000000D-02 0.3248311000D+03 0.8397900000D+00 0.9296000000D-02 0.2459000000D+00 0.1346157000D+01 0.4108600000D+01 0.5635600000D+01 0.4217000000D+00 0.8060000000D-01 0.1600000000D-02 0.3922120000D+02 0.4240000000D-01 0.0000000000D+00 0.7800000000D-02 0.4906626000D+01 0.2629800000D+01 0.0000000000D+00 0.5783100000D+01
3 6120190809201908262458704.5-0.6072000000D+00-0.1890000000D-02 0.3105276000D+03 0.8844900000D+00 0.7707000000D-02 0.2548000000D+00 0.3718281000D+01 0.5540000000D+00 0.2082500000D+01 0.5252200000D+01 0.7240000000D-01-0.4000000000D-04 0.3866470000D+02 0.1532900000D+00 0.0000000000D+00 0.4720000000D-01 0.9727530000D+00 0.4181700000D+01 0.0000000000D+00 0.2707700000D+01
3 6220190826201909122458721.5-0.5649000000D+00 0.5350000000D-02 0.2954406000D+03 0.9127900000D+00 0.6632000000D-02 0.2193000000D+00 0.6075027000D+01 0.3198900000D+01 0.4794200000D+01 0.3674500000D+01 0.1067000000D+00-0.1820000000D-02 0.3601930000D+02 0.2522500000D+00 0.0000000000D+00 0.1790000000D-01 0.3329498000D+01 0.1616000000D+00 0.0000000000D+00 0.4940000000D+00
3 6320190912201909292458738.5-0.4543000000D+00-0.9140000000D-02 0.2810454000D+03 0.9187000000D+00 0.4493000000D-02 0.2376000000D+00 0.2134029000D+01 0.5810200000D+01 0.1037100000D+01 0.1966100000D+01 0.5700000000D-01 0.7200000000D-03 0.3172540000D+02 0.3140900000D+00 0.0000000000D+00 0.2950000000D-01 0.5695607000D+01 0.2459700000D+01 0.0000000000D+00 0.6047900000D+01
3 6420190929201910162458755.5-0.6263000000D+00-0.5200000000D-03 0.2683817000D+03 0.9428200000D+00 0.3375000000D-02 0.2442000000D+00 0.4463218000D+01 0.2075200000D+01 0.3811700000D+01 0.5073000000D+00 0.5760000000D-01-0.5900000000D-03 0.2637640000D+02 0.3503500000D+00 0.0000000000D+00 0.2430000000D-01 0.1794771000D+01 0.4723600000D+01 0.0000000000D+00 0.3909800000D+01
3 6520191016201911022458772.5-0.5711000000D+00 0.1550000000D-02 0.2577269000D+03 0.9378100000D+00 0.2884000000D-02 0.2170000000D+00 0.4981950000D+00 0.4577300000D+01 0.6154700000D+01 0.5158500000D+01 0.6410000000D-01-0.1570000000D-02 0.2055710000D+02 0.3755500000D+00 0.0000000000D+00 0.1780000000D-01 0.4217803000D+01 0.6889000000D+00 0.0000000000D+00 0.3295600000D+01
3 6620191102201911192458789.5-0.5312000000D+00-0.9640000000D-02 0.2493027000D+03 0.9365800000D+00 0.2060000000D-02 0.2354000000D+00 0.2807727000D+01 0.7714000000D+00 0.2298800000D+01 0.3486400000D+01 0.3370000000D-01-0.2300000000D-03 0.1484200000D+02 0.3884900000D+00 0.0000000000D+00 0.2210000000D-01 0.4601700000D+00 0.2930800000D+01 0.0000000000D+00 0.9472000000D+00
3 6720191119201912062458806.5-0.7075000000D+00 0.1210000000D-02 0.2431671000D+03 0.9564900000D+00 0.2460000000D-02 0.2454000000D+00 0.5111155000D+01 0.3213600000D+01 0.5213900000D+01 0.2010500000D+01 0.1030000000D-01-0.1030000000D-02 0.1051030000D+02 0.3946200000D+00 0.0000000000D+00 0.8200000000D-02 0.3227461000D+01 0.5147300000D+01 0.0000000000D+00 0.1367900000D+01
3 6820191206201912232458823.5-0.6277000000D+00 0.3300000000D-03 0.2391170000D+03 0.9455800000D+00 0.1677000000D-02 0.2157000000D+00 0.1126844000D+01 0.5661400000D+01 0.1160100000D+01 0.4093000000D+00 0.1920000000D-01-0.1690000000D-02 0.1034540000D+02 0.4048600000D+00 0.0000000000D+00 0.1770000000D-01 0.6248539000D+01 0.1071900000D+01 0.0000000000D+00 0.5115900000D+01
3 6920191223202001092458840.5-0.6152000000D+00-0.8920000000D-02 0.2372776000D+03 0.9345800000D+00 0.1531000000D-02 0.2339000000D+00 0.3423169000D+01 0.1808000000D+01 0.3356300000D+01 0.5032400000D+01-0.1820000000D-01-0.1110000000D-02 0.1475250000D+02 0.4149700000D+00 0.0000000000D+00 0.1050000000D-01 0.2758494000D+01 0.3293900000D+01 0.0000000000D+00 0.5476700000D+01
4 7020181231201901182458483.5-0.3676300000D+01-0.4516000000D-01 0.4144708000D+03 0.1685510000D+01 0.0000000000D+00 0.1717500000D+01 0.1705782000D+01 0.5651000000D+00 0.0000000000D+00 0.1152100000D+01 0.3030000000D+00 0.1700000000D-01 0.5916590000D+02 0.5184200000D+00 0.0000000000D+00 0.2269000000D+00 0.5174929000D+01 0.1999200000D+01 0.0000000000D+00 0.4751800000D+01
4 7120190118201902052458501.5-0.3156600000D+01-0.1377400000D+00 0.4273089000D+03 0.1793090000D+01 0.0000000000D+00 0.1724000000D+01 0.2138762000D+01 0.1174800000D+01 0.0000000000D+00 0.2040800000D+01 0.1581000000D+00 0.2517000000D-01 0.4963620000D+02 0.4622500000D+00 0.0000000000D+00 0.1894000000D+00 0.5682887000D+01 0.2361800000D+01 0.0000000000D+00 0.5726300000D+01
4 7220190205201902232458519.5-0.3773500000D+01-0.1242100000D+00 0.4450939000D+03 0.1799480000D+01 0.0000000000D+00 0.1838900000D+01 0.2576431000D+01 0.1786000000D+01 0.0000000000D+00 0.2973500000D+01 0.5540000000D-01 0.2980000000D-01 0.4139700000D+02 0.3952600000D+00 0.0000000000D+00 0.1645000000D+00 0.6226001000D+01 0.2728100000D+01 0.0000000000D+00 0.4497000000D+00
4 7320190223201903132458537.5-0.5023500000D+01-0.3535000000D-01 0.4669622000D+03 0.1763740000D+01 0.0000000000D+00 0.1970400000D+01 0.3022836000D+01 0.2464600000D+01 0.0000000000D+00 0.3893400000D+01-0.4360000000D-01 0.3686000000D-01 0.3502340000D+02 0.3009000000D+00 0.0000000000D+00 0.1396000000D+00 0.5263550000D+00 0.3112500000D+01 0.0000000000D+00 0.1462700000D+01
4 7420190313201903312458555.5-0.6428500000D+01 0.8694000000D-01 0.4923453000D+03 0.1774860000D+01 0.0000000000D+00 0.2076000000D+01 0.3482010000D+01 0.3221200000D+01 0.0000000000D+00 0.4805500000D+01-0.7560000000D-01 0.4045000000D-01 0.3105510000D+02 0.1653000000D+00 0.0000000000D+00 0.1188000000D+00 0.1133021000D+01 0.3473600000D+01 0.0000000000D+00 0.2432400000D+01
4 7520190331201904182458573.5-0.6973300000D+01 0.1274800000D+00 0.5213509000D+03 0.1775720000D+01 0.0000000000D+00 0.2254200000D+01 0.3957791000D+01 0.3973500000D+01 0.0000000000D+00 0.5781000000D+01 0.5420000000D-01 0.3169000000D-01 0.2972960000D+02 0.3740000000D-01 0.0000000000D+00 0.9930000000D-01 0.1716364000D+01 0.1664200000D+01 0.0000000000D+00 0.3436500000D+01
4 7620190418201905062458591.5-0.6852900000D+01 0.1250800000D+00 0.5514329000D+03 0.1692040000D+01 0.0000000000D+00 0.2418400000D+01 0.4450442000D+01 0.4787500000D+01 0.0000000000D+00 0.4867000000D+00 0.3686000000D+00 0.2160000000D-02 0.3105720000D+02 0.2654300000D+00 0.0000000000D+00 0.9880000000D-01 0.2223395000D+01 0.1509200000D+01 0.0000000000D+00 0.4543600000D+01
4 7720190506201905242458609.5-0.5686100000D+01 0.4850000000D-02 0.5789887000D+03 0.1519260000D+01 0.0000000000D+00 0.2603300000D+01 0.4959296000D+01 0.5738800000D+01 0.0000000000D+00 0.1479500000D+01 0.5857000000D+00-0.2213000000D-01 0.3532380000D+02 0.4759700000D+00 0.0000000000D+00 0.1406000000D+00 0.2639966000D+01 0.1963600000D+01 0.0000000000D+00 0.5411400000D+01
4 7820190524201906112458627.5-0.4664200000D+01-0.1349500000D+00 0.5981308000D+03 0.1469400000D+01 0.0000000000D+00 0.2709600000D+01 0.5481976000D+01 0.5236000000D+00 0.0000000000D+00 0.2508700000D+01 0.4476000000D+00-0.6730000000D-02 0.4262450000D+02 0.5689100000D+00 0.0000000000D+00 0.1916000000D+00 0.3013203000D+01 0.2504900000D+01 0.0000000000D+00 0.6198500000D+01
4 7920190611201906292458645.5-0.4066800000D+01-0.2454300000D+00 0.6046635000D+03 0.1557780000D+01 0.0000000000D+00 0.2677000000D+01 0.6013080000D+01 0.1568200000D+01 0.0000000000D+00 0.3572100000D+01 0.9670000000D-01 0.4306000000D-01 0.5177150000D+02 0.5111800000D+00 0.0000000000D+00 0.2366000000D+00 0.3406784000D+01 0.3113100000D+01 0.0000000000D+00 0.8266000000D+00
4 8020190629201907172458663.5-0.5372900000D+01-0.1252600000D+00 0.5981505000D+03 0.1523750000D+01 0.0000000000D+00 0.2701700000D+01 0.2634700000D+00 0.2590600000D+01 0.0000000000D+00 0.4606300000D+01 0.1075000000D+00 0.6180000000D-01 0.6035550000D+02 0.3277400000D+00 0.0000000000D+00 0.2827000000D+00 0.3844943000D+01 0.3700700000D+01 0.0000000000D+00 0.1762800000D+01
4 8120190717201908042458681.5-0.7205300000D+01 0.1097100000D+00 0.5810884000D+03 0.1628380000D+01 0.0000000000D+00 0.2522700000D+01 0.7877690000D+00 0.3613300000D+01 0.0000000000D+00 0.5623900000D+01 0.5760000000D+00 0.2250000000D-01 0.6588860000D+02 0.5049000000D-01 0.0000000000D+00 0.2764000000D+00 0.4311663000D+01 0.4157400000D+01 0.0000000000D+00 0.2736100000D+01
4 8220190804201908222458699.5-0.7645700000D+01 0.2411200000D+00 0.5561213000D+03 0.1789810000D+01 0.0000000000D+00 0.2300400000D+01 0.1296082000D+01 0.4462400000D+01 0.0000000000D+00 0.3749000000D+00 0.9752000000D+00-0.2735000000D-01 0.6670290000D+02 0.2264100000D+00 0.0000000000D+00 0.2472000000D+00 0.4789805000D+01 0.1595800000D+01 0.0000000000D+00 0.3826200000D+01
4 8320190822201909092458717.5-0.6183700000D+01 0.1398300000D+00 0.5269708000D+03 0.1740640000D+01 0.0000000000D+00 0.2207600000D+01 0.1788353000D+01 0.5228200000D+01 0.0000000000D+00 0.1351300000D+01 0.9735000000D+00-0.4074000000D-01 0.6275150000D+02 0.4191400000D+00 0.0000000000D+00 0.2357000000D+00 0.5274909000D+01 0.2060100000D+01 0.0000000000D+00 0.4905000000D+01
4 8420190909201909272458735.5-0.4645500000D+01-0.1190000000D-02 0.4990871000D+03 0.1701960000D+01 0.0000000000D+00 0.2007600000D+01 0.2265024000D+01 0.5995800000D+01 0.0000000000D+00 0.2307600000D+01 0.7452000000D+00-0.2920000000D-01 0.5530780000D+02 0.5355500000D+00 0.0000000000D+00 0.2067000000D+00 0.5768546000D+01 0.2527800000D+01 0.0000000000D+00 0.5945400000D+01
4 8520190927201910152458753.5-0.3885700000D+01-0.7832000000D-01 0.4747441000D+03 0.1721520000D+01 0.0000000000D+00 0.1838700000D+01 0.2725696000D+01 0.4088000000D+00 0.0000000000D+00 0.3263900000D+01 0.5338000000D+00-0.1748000000D-01 0.4563850000D+02 0.6045400000D+00 0.0000000000D+00 0.1706000000D+00 0.6276693000D+01 0.2961400000D+01 0.0000000000D+00 0.6994000000D+00
4 8620191015201911022458771.5-0.4089100000D+01-0.6285000000D-01 0.4544876000D+03 0.1716090000D+01 0.0000000000D+00 0.1769300000D+01 0.3172274000D+01 0.1023900000D+01 0.0000000000D+00 0.4202600000D+01 0.4173000000D+00-0.1554000000D-01 0.3475450000D+02 0.6433400000D+00 0.0000000000D+00 0.1355000000D+00 0.5394760000D+00 0.3354900000D+01 0.0000000000D+00 0.1764100000D+01
4 8720191102201911202458789.5-0.4398500000D+01-0.2914000000D-01 0.4384712000D+03 0.1694610000D+01 0.0000000000D+00 0.1666500000D+01 0.3609168000D+01 0.1620600000D+01 0.0000000000D+00 0.5130900000D+01 0.4054000000D+00-0.2716000000D-01 0.2375070000D+02 0.6578700000D+00 0.0000000000D+00 0.9040000000D-01 0.1195405000D+01 0.3712600000D+01 0.0000000000D+00 0.2931000000D+01
4 8820191120201912082458807.5-0.4513300000D+01-0.9620000000D-02 0.4269533000D+03 0.1673350000D+01 0.0000000000D+00 0.1591200000D+01 0.4038907000D+01 0.2198400000D+01 0.0000000000D+00 0.6042100000D+01 0.4034000000D+00-0.4376000000D-01 0.1551310000D+02 0.6600900000D+00 0.0000000000D+00 0.6490000000D-01 0.2177949000D+01 0.4053700000D+01 0.0000000000D+00 0.4543500000D+01
4 8920191208201912262458825.5-0.4671400000D+01 0.6740000000D-02 0.4197903000D+03 0.1667120000D+01 0.0000000000D+00 0.1558200000D+01 0.4464068000D+01 0.2769300000D+01 0.0000000000D+00 0.6811000000D+00 0.3324000000D+00-0.5541000000D-01 0.1685420000D+02 0.6630500000D+00 0.0000000000D+00 0.8790000000D-01 0.3470502000D+01 0.4394900000D+01 0.0000000000D+00 0.6114800000D+01
4 9020191226202001132458843.5-0.4750800000D+01 0.2130000000D-01 0.4169239000D+03 0.1669590000D+01 0.0000000000D+00 0.1508800000D+01 0.4886820000D+01 0.3336400000D+01 0.0000000000D+00 0.1597600000D+01 0.9970000000D-01-0.4946000000D-01 0.2657670000D+02 0.6843700000D+00 0.0000000000D+00 0.1188000000D+00 0.4356401000D+01 0.4740600000D+01 0.0000000000D+00 0.1088400000D+01
