 7 5    2   18   22   26   31  4.4880  2.4930  1.5162  0.7217  0.4667 24.0 110.0 100.0 75.0 75.0   35 2450448.5000 1997                                                                                                                                                                                                                                                          
1  219961231199701242450448.4-0.1150000000D-01 0.6000000000D-04 0.6292500000D+01 0.3000400000D+00 0.5770000000D-02 0.4700000000D-02 0.4881288000D+01 0.3236100000D+01 0.1159900000D+01 0.8071000000D+00-0.5500000000D-02 0.4900000000D-03 0.8656500000D+01 0.4054500000D+00 0.7672000000D-02 0.4200000000D-02 0.2516300000D+00 0.4907700000D+01 0.2857500000D+01 0.2897200000D+01
1  319970124199702172450472.4-0.1050000000D-01 0.0000000000D+00 0.6137400000D+01 0.2914600000D+00 0.5598000000D-02 0.4800000000D-02 0.4733666000D+01 0.3096400000D+01 0.1028400000D+01 0.6506000000D+00-0.4700000000D-02 0.4600000000D-03 0.8612300000D+01 0.4016900000D+00 0.7584000000D-02 0.3700000000D-02 0.1171160000D+00 0.4781200000D+01 0.2738300000D+01 0.2402000000D+01
1  419970217199703132450496.4-0.9400000000D-02-0.7000000000D-04 0.6028100000D+01 0.2847200000D+00 0.5455000000D-02 0.4300000000D-02 0.4589753000D+01 0.2962900000D+01 0.9050000000D+00 0.4296000000D+00-0.4000000000D-02 0.4400000000D-03 0.8634700000D+01 0.4013200000D+00 0.7573000000D-02 0.3800000000D-02 0.6270466000D+01 0.4659400000D+01 0.2622700000D+01 0.1899900000D+01
1  519970313199704062450520.4-0.8800000000D-02-0.1200000000D-03 0.5976900000D+01 0.2803700000D+00 0.5362000000D-02 0.3900000000D-02 0.4451231000D+01 0.2836500000D+01 0.7908000000D+00 0.2670000000D+00-0.3200000000D-02 0.4300000000D-03 0.8718800000D+01 0.4041700000D+00 0.7642000000D-02 0.4300000000D-02 0.6145024000D+01 0.4541800000D+01 0.2510500000D+01 0.1506800000D+01
1  619970406199704302450544.4-0.8200000000D-02-0.1900000000D-03 0.5988100000D+01 0.2790400000D+00 0.5329000000D-02 0.3900000000D-02 0.4319283000D+01 0.2717300000D+01 0.6828000000D+00 0.7060000000D-01-0.2900000000D-02 0.4400000000D-03 0.8857500000D+01 0.4103300000D+00 0.7786000000D-02 0.5200000000D-02 0.6023021000D+01 0.4425200000D+01 0.2396000000D+01 0.1168200000D+01
1  719970430199705242450568.4-0.7900000000D-02-0.2400000000D-03 0.6062100000D+01 0.2807600000D+00 0.5362000000D-02 0.3300000000D-02 0.4194229000D+01 0.2603200000D+01 0.5787000000D+00 0.6077500000D+01-0.2300000000D-02 0.4400000000D-03 0.9029500000D+01 0.4186800000D+00 0.7986000000D-02 0.6300000000D-02 0.5902805000D+01 0.4307900000D+01 0.2278100000D+01 0.9167000000D+00
1  819970524199706172450592.4-0.7600000000D-02-0.2900000000D-03 0.6188400000D+01 0.2855000000D+00 0.5462000000D-02 0.3100000000D-02 0.4075379000D+01 0.2491900000D+01 0.4726000000D+00 0.5964500000D+01-0.1900000000D-02 0.4400000000D-03 0.9212400000D+01 0.4281900000D+00 0.8211000000D-02 0.6600000000D-02 0.5782737000D+01 0.4186800000D+01 0.2152900000D+01 0.7080000000D+00
1  919970617199707112450616.4-0.7500000000D-02-0.3400000000D-03 0.6347600000D+01 0.2923800000D+00 0.5609000000D-02 0.2800000000D-02 0.3960534000D+01 0.2378800000D+01 0.3603000000D+00 0.5627300000D+01-0.1300000000D-02 0.4200000000D-03 0.9372800000D+01 0.4371300000D+00 0.8423000000D-02 0.7800000000D-02 0.5661038000D+01 0.4060300000D+01 0.2019400000D+01 0.5650000000D+00
1 1019970711199708042450640.4-0.7500000000D-02-0.3600000000D-03 0.6508600000D+01 0.3003600000D+00 0.5777000000D-02 0.2200000000D-02 0.3846922000D+01 0.2260200000D+01 0.2358000000D+00 0.5272000000D+01 0.0000000000D+00 0.3600000000D-03 0.9479200000D+01 0.4436500000D+00 0.8579000000D-02 0.7500000000D-02 0.5536434000D+01 0.3927900000D+01 0.1879400000D+01 0.3614000000D+00
1 1119970804199708282450664.4-0.7500000000D-02-0.3800000000D-03 0.6636200000D+01 0.3074900000D+00 0.5923000000D-02 0.2100000000D-02 0.3730840000D+01 0.2133100000D+01 0.9930000000D-01 0.4976300000D+01 0.9000000000D-03 0.2900000000D-03 0.9509000000D+01 0.4466900000D+00 0.8650000000D-02 0.7500000000D-02 0.5408139000D+01 0.3790000000D+01 0.1733400000D+01 0.2534000000D+00
1 1219970828199709212450688.4-0.7800000000D-02-0.3600000000D-03 0.6699300000D+01 0.3123300000D+00 0.6015000000D-02 0.2400000000D-02 0.3609569000D+01 0.1997100000D+01 0.6233900000D+01 0.4289900000D+01 0.2700000000D-02 0.1900000000D-03 0.9452200000D+01 0.4453200000D+00 0.8626000000D-02 0.7100000000D-02 0.5275584000D+01 0.3648700000D+01 0.1586300000D+01 0.5760000000D-01
1 1319970921199710152450712.4-0.8100000000D-02-0.3200000000D-03 0.6682300000D+01 0.3135600000D+00 0.6031000000D-02 0.2500000000D-02 0.3481220000D+01 0.1853600000D+01 0.6078000000D+01 0.3979200000D+01 0.4100000000D-02 0.9000000000D-04 0.9323000000D+01 0.4403000000D+00 0.8514000000D-02 0.5800000000D-02 0.5139349000D+01 0.3505600000D+01 0.1439200000D+01 0.6104400000D+01
1 1419971015199711082450736.4-0.8400000000D-02-0.2700000000D-03 0.6588000000D+01 0.3109900000D+00 0.5971000000D-02 0.3200000000D-02 0.3345564000D+01 0.1705200000D+01 0.5919200000D+01 0.3661700000D+01 0.5400000000D-02 0.0000000000D+00 0.9146600000D+01 0.4324000000D+00 0.8345000000D-02 0.5200000000D-02 0.4999905000D+01 0.3363000000D+01 0.1295900000D+01 0.5925600000D+01
1 1519971108199712022450760.4-0.8700000000D-02-0.2100000000D-03 0.6435900000D+01 0.3052000000D+00 0.5849000000D-02 0.3600000000D-02 0.3203638000D+01 0.1554400000D+01 0.5760700000D+01 0.3427500000D+01 0.6600000000D-02-0.7000000000D-04 0.8956600000D+01 0.4233700000D+00 0.8143000000D-02 0.4400000000D-02 0.4859052000D+01 0.3222500000D+01 0.1156800000D+01 0.5508300000D+01
1 1619971202199712262450784.4-0.8900000000D-02-0.1700000000D-03 0.6251000000D+01 0.2971100000D+00 0.5685000000D-02 0.3700000000D-02 0.3057332000D+01 0.1404400000D+01 0.5607800000D+01 0.3225100000D+01 0.7400000000D-02-0.1200000000D-03 0.8784900000D+01 0.4144000000D+00 0.7947000000D-02 0.3500000000D-02 0.4718404000D+01 0.3085800000D+01 0.1024500000D+01 0.5159200000D+01
1 1719971226199801192450808.4-0.8800000000D-02-0.1400000000D-03 0.6062200000D+01 0.2882000000D+00 0.5505000000D-02 0.3900000000D-02 0.2909086000D+01 0.1256800000D+01 0.5460800000D+01 0.3046300000D+01 0.8100000000D-02-0.1700000000D-03 0.8654300000D+01 0.4070700000D+00 0.7783000000D-02 0.3300000000D-02 0.4580001000D+01 0.2954000000D+01 0.8983000000D+00 0.4832400000D+01
2 1819961231199704202450448.4 0.2000000000D-01 0.0000000000D+00 0.8823600000D+01 0.1461000000D-01 0.7700000000D-04 0.5800000000D-02-0.5227350000D+01-0.1607000000D+01-0.4884600000D+01-0.3141300000D+01-0.6500000000D-02-0.2000000000D-04 0.1270910000D+02 0.4580000000D-02 0.7900000000D-04 0.1220000000D-01-0.3630145000D+01-0.6175700000D+01-0.3291400000D+01-0.1116100000D+01
2 1919970420199708082450558.4 0.1430000000D-01 0.1200000000D-03 0.8267300000D+01 0.7050000000D-02 0.2200000000D-04 0.5700000000D-02-0.1226401000D+01-0.1075300000D+01-0.2507000000D+00-0.7815000000D+00-0.1330000000D-01 0.2000000000D-04 0.1314040000D+02 0.1516000000D-01 0.6600000000D-04 0.6600000000D-02-0.5858784000D+01-0.5634900000D+01-0.2463700000D+01-0.5490500000D+01
2 2019970808199711262450668.4 0.1820000000D-01 0.2000000000D-04 0.9162100000D+01 0.5580000000D-02 0.9700000000D-04 0.6000000000D-02-0.3420317000D+01-0.2791600000D+01-0.6106200000D+01-0.5121600000D+01-0.9700000000D-02-0.4000000000D-04 0.1400340000D+02 0.5840000000D-02 0.4100000000D-04 0.1220000000D-01-0.1794148000D+01-0.4660800000D+01-0.4602100000D+01-0.3438200000D+01
2 2119971126199803162450778.4 0.1980000000D-01-0.1000000000D-04 0.8650000000D+01 0.1591000000D-01 0.4300000000D-04 0.5700000000D-02-0.5666696000D+01-0.2104700000D+01-0.5434900000D+01-0.4400100000D+01-0.1150000000D-01 0.3000000000D-04 0.1296900000D+02 0.1155000000D-01 0.8500000000D-04 0.9200000000D-02-0.4049367000D+01-0.5401000000D+00-0.3715800000D+01-0.2001900000D+01
3 2219961231199704102450448.4 0.5270000000D-01-0.9000000000D-04 0.1228410000D+02 0.1998000000D-01 0.1020000000D-03 0.2530000000D-01 0.4934871000D+01 0.2264600000D+01 0.5208700000D+01-0.5416000000D+00 0.5760000000D-01 0.1000000000D-03 0.1770740000D+02 0.6320000000D-02 0.1080000000D-03 0.3120000000D-01 0.2506890000D+00 0.3923300000D+01 0.4876000000D+00-0.5001000000D+01
3 2319970410199707192450548.4 0.5380000000D-01 0.0000000000D+00 0.1148390000D+02 0.6340000000D-02 0.6400000000D-04 0.1890000000D-01 0.5702359000D+01 0.5432200000D+01 0.1442000000D+00-0.5135800000D+01 0.6740000000D-01-0.6000000000D-04 0.1817510000D+02 0.1889000000D-01 0.5700000000D-04 0.3090000000D-01 0.1070008000D+01 0.1182200000D+01 0.4364000000D+01-0.3399600000D+01
3 2419970719199710272450648.4 0.5870000000D-01-0.6000000000D-04 0.1254160000D+02 0.1469000000D-01 0.1470000000D-03 0.2060000000D-01 0.2617700000D+00 0.7553000000D+00 0.3779000000D+01-0.3590500000D+01 0.6910000000D-01-0.4000000000D-04 0.1946860000D+02 0.1000000000D-02 0.1100000000D-03 0.3960000000D-01 0.1899227000D+01 0.1800300000D+01 0.5230000000D+01-0.1974000000D+01
3 2519971027199802042450748.4 0.5060000000D-01 0.3000000000D-04 0.1250210000D+02 0.1762000000D-01 0.2000000000D-04 0.2140000000D-01 0.1098509000D+01 0.4535300000D+01 0.6070000000D+01-0.2075500000D+01 0.7230000000D-01-0.2100000000D-03 0.1854110000D+02 0.1971000000D-01 0.9400000000D-04 0.3660000000D-01 0.2712298000D+01 0.6109300000D+01 0.2915800000D+01-0.3229000000D+00
4 2619961231199703162450448.4-0.4330000000D-01-0.5000000000D-03 0.2010540000D+02 0.2997000000D-01 0.1370000000D-03 0.1980000000D-01 0.3290204000D+01 0.5678000000D+00 0.3470200000D+01 0.4611400000D+01 0.8410000000D-01-0.6900000000D-03 0.2905870000D+02 0.1041000000D-01 0.1910000000D-03 0.4070000000D-01 0.4887360000D+01 0.1925800000D+01 0.4975600000D+01 0.5905900000D+01
4 2719970316199705302450523.4-0.5770000000D-01 0.3400000000D-03 0.1883740000D+02 0.1002000000D-01 0.1950000000D-03 0.1140000000D-01 0.8285960000D+00 0.5142600000D+01 0.1319100000D+01 0.5900800000D+01-0.1600000000D-02 0.8600000000D-03 0.2933040000D+02 0.2142000000D-01 0.3700000000D-04 0.2780000000D-01 0.2465086000D+01 0.2565500000D+01 0.2517500000D+01 0.1454900000D+01
4 2819970530199708132450598.4-0.4740000000D-01-0.5300000000D-03 0.1947500000D+02 0.2557000000D-01 0.7400000000D-04 0.2450000000D-01 0.4681010000D+01 0.4945900000D+01 0.1101400000D+01 0.9463000000D+00 0.9400000000D-01-0.8800000000D-03 0.3109300000D+02 0.2745000000D-01 0.2210000000D-03 0.3320000000D-01 0.4958100000D-01 0.1222000000D+00 0.3208000000D+01 0.2649200000D+01
4 2919970813199710272450673.4-0.6090000000D-01 0.3800000000D-03 0.2094240000D+02 0.1351000000D-01 0.2350000000D-03 0.1690000000D-01 0.2291341000D+01 0.3070400000D+01 0.5797800000D+01 0.2705900000D+01 0.1200000000D-02 0.9700000000D-03 0.3191110000D+02 0.1042000000D-01 0.1390000000D-03 0.2670000000D-01 0.3915496000D+01 0.7872000000D+00 0.8122000000D+00 0.3895100000D+01
4 3019971027199801102450748.4-0.6140000000D-01-0.1100000000D-03 0.2046010000D+02 0.2568000000D-01 0.6000000000D-04 0.1940000000D-01 0.6164993000D+01 0.3187400000D+01 0.4174500000D+01 0.4018900000D+01 0.8820000000D-01-0.9300000000D-03 0.3039210000D+02 0.2975000000D-01 0.1300000000D-03 0.4290000000D-01 0.1492927000D+01 0.4717600000D+01 0.1594300000D+01 0.5550000000D+01
5 3119961231199703162450448.4-0.5580000000D-01 0.8300000000D-03 0.2696760000D+02 0.4186000000D-01 0.2030000000D-03 0.8700000000D-02 0.1454709000D+01 0.5033500000D+01 0.1653200000D+01 0.2562300000D+01-0.8070000000D-01 0.1100000000D-02 0.3884530000D+02 0.1323000000D-01 0.2410000000D-03 0.1910000000D-01 0.3050087000D+01 0.2622000000D+00 0.3195900000D+01 0.3460000000D+01
5 3219970316199705302450523.4-0.2360000000D-01-0.7600000000D-03 0.2526600000D+02 0.1442000000D-01 0.2680000000D-03 0.1370000000D-01 0.4997766000D+01 0.3024100000D+01 0.5480300000D+01 0.1801800000D+01 0.5860000000D-01-0.1350000000D-02 0.3922240000D+02 0.2859000000D-01 0.5100000000D-04 0.2360000000D-01 0.3496830000D+00 0.3611000000D+00 0.5937000000D+00 0.4071200000D+01
5 3319970530199708132450598.4-0.5140000000D-01 0.8100000000D-03 0.2611160000D+02 0.3357000000D-01 0.1010000000D-03 0.1330000000D-01 0.2288848000D+01 0.2487300000D+01 0.4822500000D+01 0.3490300000D+01-0.9400000000D-01 0.1500000000D-02 0.4158770000D+02 0.3653000000D-01 0.2960000000D-03 0.1480000000D-01 0.3938489000D+01 0.3925300000D+01 0.7526000000D+00 0.6011800000D+01
5 3419970813199710272450673.4-0.3850000000D-01-0.5600000000D-03 0.2808450000D+02 0.1784000000D-01 0.3100000000D-03 0.1780000000D-01 0.5903104000D+01 0.4187000000D+00 0.3134000000D+01 0.4229100000D+01 0.5710000000D-01-0.1490000000D-02 0.4267400000D+02 0.1389000000D-01 0.1870000000D-03 0.1840000000D-01 0.1242672000D+01 0.4423900000D+01 0.4393500000D+01 0.5293300000D+01
5 3519971027199801102450748.4-0.3370000000D-01 0.3900000000D-03 0.2743040000D+02 0.3479000000D-01 0.7900000000D-04 0.1010000000D-01 0.3217988000D+01 0.2412000000D+00 0.1304600000D+01 0.6087800000D+01-0.8730000000D-01 0.1560000000D-02 0.4065060000D+02 0.3990000000D-01 0.1730000000D-03 0.1440000000D-01 0.4827719000D+01 0.1785400000D+01 0.4933500000D+01 0.4697000000D+00
