 4 2   2  56 19.7027 4.9788  7.0  7.0  109 2458848.5000 2020                                                                                                                                                                                                                                                                                                                     
1  220191231202001072458848.4-0.7480000000D-01-0.9700000000D-03 0.4779300000D+01 0.7256000000D-01 0.3790000000D-03 0.3650000000D-01 0.2951646000D+01 0.1668000000D+01 0.7801000000D+00-0.2827900000D+01 0.7440000000D-01-0.1000000000D-03 0.3611300000D+01 0.2311000000D-01 0.2910000000D-03 0.2720000000D-01 0.5724744000D+01 0.4064600000D+01 0.2025400000D+01-0.2860000000D-01
1  320200107202001142458855.4-0.8130000000D-01-0.1030000000D-02 0.4936100000D+01 0.7624000000D-01 0.3760000000D-03 0.3800000000D-01 0.2539043000D+01 0.1300700000D+01 0.1835000000D+00-0.3612200000D+01 0.7370000000D-01-0.1900000000D-03 0.3587100000D+01 0.2171000000D-01 0.3430000000D-03 0.2710000000D-01 0.5370868000D+01 0.3595300000D+01 0.1585600000D+01-0.7458000000D+00
1  420200114202001212458862.4-0.8830000000D-01-0.1090000000D-02 0.5121500000D+01 0.7945000000D-01 0.4350000000D-03 0.3980000000D-01 0.2126833000D+01 0.9326000000D+00 0.5968700000D+01-0.4382000000D+01 0.7240000000D-01-0.2600000000D-03 0.3545600000D+01 0.2018000000D-01 0.3620000000D-03 0.2670000000D-01 0.5020522000D+01 0.3084600000D+01 0.1148600000D+01-0.1451800000D+01
1  520200121202001282458869.4-0.9580000000D-01-0.1110000000D-02 0.5336600000D+01 0.8219000000D-01 0.4920000000D-03 0.4130000000D-01 0.1715845000D+01 0.5591000000D+00 0.5643100000D+01-0.5148100000D+01 0.7050000000D-01-0.3400000000D-03 0.3485200000D+01 0.1889000000D-01 0.3630000000D-03 0.2610000000D-01 0.4674794000D+01 0.2531800000D+01 0.6550000000D+00-0.2157300000D+01
1  620200128202002042458876.4-0.1038000000D+00-0.1070000000D-02 0.5580600000D+01 0.8486000000D-01 0.4940000000D-03 0.4300000000D-01 0.1306936000D+01 0.1791000000D+00 0.5390700000D+01-0.5923200000D+01 0.6810000000D-01-0.4500000000D-03 0.3405000000D+01 0.1805000000D-01 0.3810000000D-03 0.2540000000D-01 0.4334966000D+01 0.1944500000D+01 0.1301000000D+00-0.2861500000D+01
1  720200204202002112458883.4-0.1122000000D+00-0.1040000000D-02 0.5851100000D+01 0.8796000000D-01 0.4310000000D-03 0.4520000000D-01 0.9006990000D+00 0.6079900000D+01 0.5076700000D+01-0.4151000000D+00 0.6500000000D-01-0.5600000000D-03 0.3305200000D+01 0.1781000000D-01 0.4210000000D-03 0.2460000000D-01 0.4002609000D+01 0.1330700000D+01 0.5927800000D+01-0.3553100000D+01
1  820200211202002182458890.4-0.1205000000D+00-0.1110000000D-02 0.6145000000D+01 0.9137000000D-01 0.3730000000D-03 0.4790000000D-01 0.4972350000D+00 0.5702700000D+01 0.4532600000D+01-0.1175900000D+01 0.6120000000D-01-0.6600000000D-03 0.3187100000D+01 0.1835000000D-01 0.4580000000D-03 0.2370000000D-01 0.3679642000D+01 0.6970000000D+00 0.5503800000D+01-0.4227600000D+01
1  920200218202002252458897.4-0.1289000000D+00-0.1330000000D-02 0.6461000000D+01 0.9428000000D-01 0.4370000000D-03 0.5020000000D-01 0.9644700000D-01 0.5331700000D+01 0.3919700000D+01-0.1931400000D+01 0.5660000000D-01-0.7300000000D-03 0.3054200000D+01 0.2005000000D-01 0.4680000000D-03 0.2260000000D-01 0.3368554000D+01 0.6560000000D-01 0.5091500000D+01-0.4893100000D+01
1 1020200225202003032458904.4-0.1375000000D+00-0.1570000000D-02 0.6798800000D+01 0.9626000000D-01 0.5530000000D-03 0.5260000000D-01 0.5981707000D+01 0.4958400000D+01 0.3546000000D+01-0.2692300000D+01 0.5130000000D-01-0.8100000000D-03 0.2912300000D+01 0.2295000000D-01 0.4700000000D-03 0.2150000000D-01 0.3072527000D+01 0.5757100000D+01 0.4635100000D+01-0.5546900000D+01
1 1120200303202003102458911.4-0.1470000000D+00-0.1650000000D-02 0.7156000000D+01 0.9781000000D-01 0.5990000000D-03 0.5540000000D-01 0.5586947000D+01 0.4575200000D+01 0.3299700000D+01-0.3452900000D+01 0.4530000000D-01-0.9300000000D-03 0.2769900000D+01 0.2660000000D-01 0.4930000000D-03 0.2050000000D-01 0.2795112000D+01 0.5214100000D+01 0.4156600000D+01-0.6175500000D+01
1 1220200310202003172458918.4-0.1573000000D+00-0.1510000000D-02 0.7527600000D+01 0.9977000000D-01 0.5390000000D-03 0.5860000000D-01 0.5195373000D+01 0.4184100000D+01 0.3037000000D+01-0.4205800000D+01 0.3860000000D-01-0.1070000000D-02 0.2639200000D+01 0.3071000000D-01 0.5310000000D-03 0.1960000000D-01 0.2539675000D+01 0.4703900000D+01 0.3703600000D+01-0.4956000000D+00
1 1320200317202003242458925.4-0.1680000000D+00-0.1280000000D-02 0.7908700000D+01 0.1023800000D+00 0.4510000000D-03 0.6160000000D-01 0.4806542000D+01 0.3796400000D+01 0.2571800000D+01-0.4950200000D+01 0.3110000000D-01-0.1200000000D-02 0.2537200000D+01 0.3523000000D-01 0.5520000000D-03 0.1900000000D-01 0.2308322000D+01 0.4213800000D+01 0.3270500000D+01-0.1078600000D+01
1 1420200324202003312458932.4-0.1783000000D+00-0.1150000000D-02 0.8297200000D+01 0.1047900000D+00 0.4830000000D-03 0.6420000000D-01 0.4419927000D+01 0.3417000000D+01 0.1964200000D+01-0.5696500000D+01 0.2280000000D-01-0.1290000000D-02 0.2485000000D+01 0.4014000000D-01 0.5560000000D-03 0.1880000000D-01 0.2099876000D+01 0.3743000000D+01 0.2813200000D+01-0.1643400000D+01
1 1520200331202004072458939.4-0.1878000000D+00-0.1210000000D-02 0.8693300000D+01 0.1063600000D+00 0.6110000000D-03 0.6720000000D-01 0.4035316000D+01 0.3038900000D+01 0.1564200000D+01-0.1646000000D+00 0.1370000000D-01-0.1360000000D-02 0.2503900000D+01 0.4519000000D-01 0.5750000000D-03 0.1940000000D-01 0.1907745000D+01 0.3290700000D+01 0.2317800000D+01-0.2193900000D+01
1 1620200407202004142458946.4-0.1970000000D+00-0.1400000000D-02 0.9095700000D+01 0.1074800000D+00 0.7090000000D-03 0.7060000000D-01 0.3652671000D+01 0.2653700000D+01 0.1322400000D+01-0.9122000000D+00 0.4000000000D-02-0.1430000000D-02 0.2609900000D+01 0.5015000000D-01 0.6250000000D-03 0.2060000000D-01 0.1720020000D+01 0.2848900000D+01 0.1841900000D+01-0.2743100000D+01
1 1720200414202004212458953.4-0.2064000000D+00-0.1530000000D-02 0.9501800000D+01 0.1091300000D+00 0.7220000000D-03 0.7400000000D-01 0.3271838000D+01 0.2261200000D+01 0.1080200000D+01-0.1649100000D+01-0.6100000000D-02-0.1510000000D-02 0.2809400000D+01 0.5517000000D-01 0.6610000000D-03 0.2240000000D-01 0.1523214000D+01 0.2408700000D+01 0.1409200000D+01-0.3311500000D+01
1 1820200421202004282458960.4-0.2165000000D+00-0.1530000000D-02 0.9909200000D+01 0.1119100000D+00 0.6610000000D-03 0.7660000000D-01 0.2892483000D+01 0.1867900000D+01 0.7123000000D+00-0.2386900000D+01-0.1680000000D-01-0.1620000000D-02 0.3099200000D+01 0.6043000000D-01 0.6510000000D-03 0.2490000000D-01 0.1307240000D+01 0.1971500000D+01 0.9737000000D+00-0.3907600000D+01
1 1920200428202005052458967.4-0.2268000000D+00-0.1500000000D-02 0.1031720000D+02 0.1153400000D+00 0.6320000000D-03 0.7950000000D-01 0.2514127000D+01 0.1480100000D+01 0.1703000000D+00-0.3134600000D+01-0.2800000000D-01-0.1730000000D-02 0.3469700000D+01 0.6585000000D-01 0.6310000000D-03 0.2810000000D-01 0.1067889000D+01 0.1542200000D+01 0.4871000000D+00-0.4523700000D+01
1 2020200505202005122458974.4-0.2370000000D+00-0.1510000000D-02 0.1072720000D+02 0.1185200000D+00 0.7050000000D-03 0.8320000000D-01 0.2136374000D+01 0.1095800000D+01 0.5940100000D+01-0.3878600000D+01-0.3980000000D-01-0.1810000000D-02 0.3908800000D+01 0.7108000000D-01 0.6560000000D-03 0.3180000000D-01 0.8058010000D+00 0.1121100000D+01 0.6268800000D+01-0.5154800000D+01
1 2120200512202005192458981.4-0.2471000000D+00-0.1530000000D-02 0.1114120000D+02 0.1212600000D+00 0.8020000000D-03 0.8670000000D-01 0.1758993000D+01 0.7111000000D+00 0.5575500000D+01-0.4613200000D+01-0.5220000000D-01-0.1830000000D-02 0.4405400000D+01 0.7596000000D-01 0.7140000000D-03 0.3560000000D-01 0.5240630000D+00 0.7029000000D+00 0.5833500000D+01-0.5805200000D+01
1 2220200519202005262458988.4-0.2575000000D+00-0.1470000000D-02 0.1156140000D+02 0.1239200000D+00 0.8350000000D-03 0.8930000000D-01 0.1381924000D+01 0.3219000000D+00 0.5326900000D+01-0.5349600000D+01-0.6510000000D-01-0.1790000000D-02 0.4949600000D+01 0.8067000000D-01 0.7380000000D-03 0.3960000000D-01 0.2263050000D+00 0.2832000000D+00 0.5482900000D+01-0.1953000000D+00
1 2320200526202006022458995.4-0.2682000000D+00-0.1300000000D-02 0.1198870000D+02 0.1274400000D+00 0.7560000000D-03 0.9220000000D-01 0.1005161000D+01 0.6212100000D+01 0.5117700000D+01-0.6095600000D+01-0.7830000000D-01-0.1730000000D-02 0.5532600000D+01 0.8568000000D-01 0.6930000000D-03 0.4440000000D-01 0.6198948000D+01 0.6148100000D+01 0.5144100000D+01-0.8786000000D+00
1 2420200602202006092459002.4-0.2789000000D+00-0.1180000000D-02 0.1242300000D+02 0.1322900000D+00 0.6160000000D-03 0.9610000000D-01 0.6285050000D+00 0.5823700000D+01 0.4838900000D+01-0.5560000000D+00-0.9150000000D-01-0.1760000000D-02 0.6147600000D+01 0.9108000000D-01 0.6290000000D-03 0.4930000000D-01 0.5878302000D+01 0.5739100000D+01 0.4727100000D+01-0.1562000000D+01
1 2520200609202006162459009.4-0.2891000000D+00-0.1330000000D-02 0.1286700000D+02 0.1378400000D+00 0.5410000000D-03 0.9980000000D-01 0.2516330000D+00 0.5447900000D+01 0.4373300000D+01-0.1292600000D+01-0.1046000000D+00-0.1950000000D-02 0.6791400000D+01 0.9655000000D-01 0.6210000000D-03 0.5420000000D-01 0.5549848000D+01 0.5342200000D+01 0.4222200000D+01-0.2252900000D+01
1 2620200616202006232459016.4-0.2990000000D+00-0.1750000000D-02 0.1332820000D+02 0.1430700000D+00 0.6230000000D-03 0.1031000000D+00 0.6157642000D+01 0.5082900000D+01 0.3896300000D+01-0.2030300000D+01-0.1178000000D+00-0.2230000000D-02 0.7462800000D+01 0.1014800000D+00 0.6750000000D-03 0.5910000000D-01 0.5215652000D+01 0.4953000000D+01 0.3785900000D+01-0.2954300000D+01
1 2720200623202006302459023.4-0.3096000000D+00-0.2160000000D-02 0.1381570000D+02 0.1475900000D+00 0.7670000000D-03 0.1064000000D+00 0.5780408000D+01 0.4719800000D+01 0.3641000000D+01-0.2772900000D+01-0.1320000000D+00-0.2420000000D-02 0.8159800000D+01 0.1057900000D+00 0.7050000000D-03 0.6450000000D-01 0.4877555000D+01 0.4564800000D+01 0.3508500000D+01-0.3661400000D+01
1 2820200630202007072459030.4-0.3220000000D+00-0.2310000000D-02 0.1433590000D+02 0.1523300000D+00 0.8050000000D-03 0.1105000000D+00 0.5403584000D+01 0.4352600000D+01 0.3562400000D+01-0.3517500000D+01-0.1474000000D+00-0.2400000000D-02 0.8879000000D+01 0.1102800000D+00 0.6410000000D-03 0.7030000000D-01 0.4536934000D+01 0.4177700000D+01 0.3343300000D+01-0.4366200000D+01
1 2920200707202007142459037.4-0.3364000000D+00-0.2150000000D-02 0.1489250000D+02 0.1587000000D+00 0.6630000000D-03 0.1154000000D+00 0.5027524000D+01 0.3989900000D+01 0.3553800000D+01-0.4255800000D+01-0.1639000000D+00-0.2240000000D-02 0.9619000000D+01 0.1156600000D+00 0.4890000000D-03 0.7610000000D-01 0.4194653000D+01 0.3801900000D+01 0.3163400000D+01-0.5068600000D+01
1 3020200714202007212459044.4-0.3519000000D+00-0.1910000000D-02 0.1549310000D+02 0.1660700000D+00 0.4200000000D-03 0.1202000000D+00 0.4652523000D+01 0.3644700000D+01 0.3577200000D+01-0.4989100000D+01-0.1808000000D+00-0.2150000000D-02 0.1038310000D+02 0.1212200000D+00 0.3330000000D-03 0.8170000000D-01 0.3851534000D+01 0.3445400000D+01 0.2848300000D+01-0.5773800000D+01
1 3120200721202007282459051.4-0.3677000000D+00-0.1910000000D-02 0.1615030000D+02 0.1725800000D+00 0.2250000000D-03 0.1248000000D+00 0.4279168000D+01 0.3319600000D+01 0.3638500000D+01-0.5723900000D+01-0.1978000000D+00-0.2330000000D-02 0.1117570000D+02 0.1258500000D+00 0.2760000000D-03 0.8750000000D-01 0.3508644000D+01 0.3106200000D+01 0.2434100000D+01-0.2004000000D+00
1 3220200728202008042459058.4-0.3835000000D+00-0.2260000000D-02 0.1687710000D+02 0.1769200000D+00 0.2090000000D-03 0.1303000000D+00 0.3908452000D+01 0.3009600000D+01 0.3653900000D+01-0.1790000000D+00-0.2152000000D+00-0.2720000000D-02 0.1199940000D+02 0.1292700000D+00 0.3330000000D-03 0.9410000000D-01 0.3167115000D+01 0.2778100000D+01 0.2320700000D+01-0.9097000000D+00
1 3320200804202008112459065.4-0.4006000000D+00-0.2790000000D-02 0.1768330000D+02 0.1794700000D+00 0.4040000000D-03 0.1374000000D+00 0.3541687000D+01 0.2713000000D+01 0.3685300000D+01-0.9103000000D+00-0.2341000000D+00-0.3130000000D-02 0.1285500000D+02 0.1327000000D+00 0.4150000000D-03 0.1012000000D+00 0.2827863000D+01 0.2457900000D+01 0.2453800000D+01-0.1608400000D+01
1 3420200811202008182459072.4-0.4199000000D+00-0.3210000000D-02 0.1857580000D+02 0.1810900000D+00 0.7830000000D-03 0.1451000000D+00 0.3180446000D+01 0.2435700000D+01 0.3765200000D+01-0.1627400000D+01-0.2554000000D+00-0.3410000000D-02 0.1374430000D+02 0.1368800000D+00 0.4600000000D-03 0.1078000000D+00 0.2491567000D+01 0.2151100000D+01 0.2692800000D+01-0.2302700000D+01
1 3520200818202008252459079.4-0.4418000000D+00-0.3420000000D-02 0.1955640000D+02 0.1815300000D+00 0.1292000000D-02 0.1523000000D+00 0.2826400000D+01 0.2188800000D+01 0.3814300000D+01-0.2339300000D+01-0.2789000000D+00-0.3620000000D-02 0.1466870000D+02 0.1409500000D+00 0.4810000000D-03 0.1144000000D+00 0.2158874000D+01 0.1863400000D+01 0.3035400000D+01-0.3001200000D+01
1 3620200825202009012459086.4-0.4653000000D+00-0.3440000000D-02 0.2061860000D+02 0.1796400000D+00 0.1925000000D-02 0.1602000000D+00 0.2481274000D+01 0.1980400000D+01 0.3780900000D+01-0.3048400000D+01-0.3041000000D+00-0.3830000000D-02 0.1562300000D+02 0.1432400000D+00 0.5870000000D-03 0.1220000000D+00 0.1830448000D+01 0.1593900000D+01 0.3381500000D+01-0.3697600000D+01
1 3720200901202009082459093.4-0.4890000000D+00-0.3300000000D-02 0.2174460000D+02 0.1754900000D+00 0.2705000000D-02 0.1693000000D+00 0.2146681000D+01 0.1821600000D+01 0.3712700000D+01-0.3746900000D+01-0.3306000000D+00-0.4050000000D-02 0.1659280000D+02 0.1426200000D+00 0.8870000000D-03 0.1299000000D+00 0.1506767000D+01 0.1341200000D+01 0.3626500000D+01-0.4383300000D+01
1 3820200908202009152459100.4-0.5114000000D+00-0.2870000000D-02 0.2290340000D+02 0.1693000000D+00 0.3503000000D-02 0.1786000000D+00 0.1824213000D+01 0.1727500000D+01 0.3643400000D+01-0.4427200000D+01-0.3582000000D+00-0.4070000000D-02 0.1755200000D+02 0.1365800000D+00 0.1421000000D-02 0.1369000000D+00 0.1188218000D+01 0.1105600000D+01 0.3684800000D+01-0.5060700000D+01
1 3920200915202009222459107.4-0.5302000000D+00-0.1860000000D-02 0.2403730000D+02 0.1620100000D+00 0.4115000000D-02 0.1865000000D+00 0.1515129000D+01 0.1708000000D+01 0.3608500000D+01-0.5093500000D+01-0.3860000000D+00-0.3610000000D-02 0.1845030000D+02 0.1217000000D+00 0.2141000000D-02 0.1426000000D+00 0.8749870000D+00 0.8902000000D+00 0.3615800000D+01-0.5739600000D+01
1 4020200922202009292459114.4-0.5422000000D+00-0.7000000000D-04 0.2505320000D+02 0.1550000000D+00 0.4452000000D-02 0.1929000000D+00 0.1219464000D+01 0.1758400000D+01 0.3621700000D+01-0.5752300000D+01-0.4118000000D+00-0.2630000000D-02 0.1920860000D+02 0.9517000000D-01 0.2862000000D-02 0.1477000000D+00 0.5666560000D+00 0.7115000000D+00 0.3478800000D+01-0.1342000000D+00
1 4120200929202010062459121.4-0.5429000000D+00 0.2240000000D-02 0.2583520000D+02 0.1504600000D+00 0.4735000000D-02 0.1977000000D+00 0.9353480000D+00 0.1863500000D+01 0.3691500000D+01-0.1195000000D+00-0.4318000000D+00-0.1360000000D-02 0.1973360000D+02 0.5850000000D-01 0.3486000000D-02 0.1510000000D+00 0.2619840000D+00 0.6509000000D+00 0.3313600000D+01-0.8061000000D+00
1 4220201006202010132459128.4-0.5286000000D+00 0.4570000000D-02 0.2626940000D+02 0.1490300000D+00 0.5107000000D-02 0.1998000000D+00 0.6593760000D+00 0.2012400000D+01 0.3785100000D+01-0.7618000000D+00-0.4428000000D+00-0.7000000000D-04 0.1994300000D+02 0.2600000000D-01 0.3802000000D-02 0.1513000000D+00 0.6242385000D+01 0.1366600000D+01 0.3153500000D+01-0.1474800000D+01
1 4320201013202010202459135.4-0.4982000000D+00 0.6280000000D-02 0.2626350000D+02 0.1526200000D+00 0.5436000000D-02 0.1979000000D+00 0.3868650000D+00 0.2193600000D+01 0.3851700000D+01-0.1400500000D+01-0.4435000000D+00 0.1110000000D-02 0.1978740000D+02 0.5480000000D-01 0.3552000000D-02 0.1482000000D+00 0.5939389000D+01 0.2368700000D+01 0.3027000000D+01-0.2146400000D+01
1 4420201020202010272459142.4-0.4543000000D+00 0.7010000000D-02 0.2577660000D+02 0.1647200000D+00 0.5283000000D-02 0.1919000000D+00 0.1123400000D+00 0.2367300000D+01 0.3868400000D+01-0.2046600000D+01-0.4343000000D+00 0.2140000000D-02 0.1927240000D+02 0.9957000000D-01 0.2686000000D-02 0.1430000000D+00 0.5633993000D+01 0.2363800000D+01 0.2953500000D+01-0.2825700000D+01
1 4520201027202011032459149.4-0.4032000000D+00 0.6950000000D-02 0.2484760000D+02 0.1849200000D+00 0.4606000000D-02 0.1836000000D+00 0.6113923000D+01 0.2461100000D+01 0.3845000000D+01-0.2706000000D+01-0.4175000000D+00 0.3020000000D-02 0.1846700000D+02 0.1331400000D+00 0.1666000000D-02 0.1366000000D+00 0.5324258000D+01 0.2199000000D+01 0.2935900000D+01-0.3508000000D+01
1 4620201103202011102459156.4-0.3519000000D+00 0.6670000000D-02 0.2358140000D+02 0.2068000000D+00 0.3620000000D-02 0.1736000000D+00 0.5822056000D+01 0.2452400000D+01 0.3819200000D+01-0.3374400000D+01-0.3958000000D+00 0.3750000000D-02 0.1747610000D+02 0.1522200000D+00 0.8590000000D-03 0.1286000000D+00 0.5009036000D+01 0.1985400000D+01 0.3059500000D+01-0.4193600000D+01
1 4720201110202011172459163.4-0.3045000000D+00 0.6370000000D-02 0.2210010000D+02 0.2237800000D+00 0.2600000000D-02 0.1619000000D+00 0.5518460000D+01 0.2359700000D+01 0.3826400000D+01-0.4053400000D+01-0.3710000000D+00 0.4160000000D-02 0.1639880000D+02 0.1591100000D+00 0.4930000000D-03 0.1199000000D+00 0.4687865000D+01 0.1745000000D+01 0.3525900000D+01-0.4888500000D+01
1 4820201117202011242459170.4-0.2622000000D+00 0.5850000000D-02 0.2051570000D+02 0.2321300000D+00 0.1721000000D-02 0.1493000000D+00 0.5202634000D+01 0.2206700000D+01 0.3892000000D+01-0.4746000000D+01-0.3444000000D+00 0.4080000000D-02 0.1531250000D+02 0.1574500000D+00 0.5150000000D-03 0.1115000000D+00 0.4360685000D+01 0.1485500000D+01 0.3817000000D+01-0.5594100000D+01
1 4920201124202012012459177.4-0.2252000000D+00 0.4910000000D-02 0.1892390000D+02 0.2312600000D+00 0.1116000000D-02 0.1369000000D+00 0.4874717000D+01 0.2004900000D+01 0.3936300000D+01-0.5454700000D+01-0.3178000000D+00 0.3600000000D-02 0.1427110000D+02 0.1511200000D+00 0.5830000000D-03 0.1042000000D+00 0.4027843000D+01 0.1211400000D+01 0.3633000000D+01-0.2310000000D-01
1 5020201201202012082459184.4-0.1934000000D+00 0.3700000000D-02 0.1739610000D+02 0.2248800000D+00 0.8180000000D-03 0.1259000000D+00 0.4535719000D+01 0.1763800000D+01 0.3881600000D+01-0.6177400000D+01-0.2928000000D+00 0.3000000000D-02 0.1330090000D+02 0.1436100000D+00 0.6510000000D-03 0.9750000000D-01 0.3690120000D+01 0.9297000000D+00 0.3415000000D+01-0.7355000000D+00
1 5120201208202012152459191.4-0.1676000000D+00 0.2540000000D-02 0.1596990000D+02 0.2166800000D+00 0.7580000000D-03 0.1160000000D+00 0.4187033000D+01 0.1496900000D+01 0.3796400000D+01-0.6223000000D+00-0.2704000000D+00 0.2540000000D-02 0.1240590000D+02 0.1360100000D+00 0.6670000000D-03 0.9090000000D-01 0.3348166000D+01 0.6463000000D+00 0.3309700000D+01-0.1450900000D+01
1 5220201215202012222459198.4-0.1480000000D+00 0.1750000000D-02 0.1465760000D+02 0.2078400000D+00 0.8090000000D-03 0.1066000000D+00 0.3829741000D+01 0.1216700000D+01 0.3813800000D+01-0.1353900000D+01-0.2508000000D+00 0.2330000000D-02 0.1158260000D+02 0.1281300000D+00 0.6110000000D-03 0.8450000000D-01 0.3002240000D+01 0.3605000000D+00 0.3305600000D+01-0.2174500000D+01
1 5320201222202012292459205.4-0.1337000000D+00 0.1360000000D-02 0.1346240000D+02 0.1977400000D+00 0.8620000000D-03 0.9720000000D-01 0.3464459000D+01 0.9279000000D+00 0.3890100000D+01-0.2096600000D+01-0.2335000000D+00 0.2280000000D-02 0.1082800000D+02 0.1199900000D+00 0.5100000000D-03 0.7890000000D-01 0.2652505000D+01 0.6550000000D-01 0.3388500000D+01-0.2907100000D+01
1 5420201229202101052459212.4-0.1231000000D+00 0.1160000000D-02 0.1238450000D+02 0.1864800000D+00 0.8850000000D-03 0.8920000000D-01 0.3091680000D+01 0.6283000000D+00 0.3946200000D+01-0.2857000000D+01-0.2175000000D+00 0.2220000000D-02 0.1013820000D+02 0.1125000000D+00 0.4300000000D-03 0.7430000000D-01 0.2299416000D+01 0.6036700000D+01 0.3434300000D+01-0.3640000000D+01
1 5520210105202101122459219.4-0.1149000000D+00 0.9400000000D-03 0.1142100000D+02 0.1749600000D+00 0.8390000000D-03 0.8320000000D-01 0.2711896000D+01 0.3135000000D+00 0.3893700000D+01-0.3619000000D+01-0.2025000000D+00 0.2070000000D-02 0.9505300000D+01 0.1063900000D+00 0.3790000000D-03 0.6990000000D-01 0.1943626000D+01 0.5707500000D+01 0.3222300000D+01-0.4366500000D+01
2 5620191231202001072458848.4 0.3000000000D-02-0.1600000000D-03 0.1192770000D+02 0.2029900000D+00 0.1107000000D-02 0.1600000000D-02 0.2507542000D+01 0.1208400000D+01 0.9000000000D-02 0.9206000000D+00-0.1500000000D-02 0.1100000000D-03 0.8967600000D+01 0.7036000000D-01 0.8750000000D-03 0.1200000000D-02 0.5339279000D+01 0.3655000000D+01 0.1495000000D+01 0.3888300000D+01
2 5720200107202001142458855.4 0.2700000000D-02-0.1200000000D-03 0.1234450000D+02 0.2093300000D+00 0.1459000000D-02 0.1400000000D-02 0.5828826000D+01 0.4575200000D+01 0.3507800000D+01 0.1204200000D+01-0.1200000000D-02 0.7000000000D-04 0.8890800000D+01 0.6452000000D-01 0.8280000000D-03 0.1100000000D-02 0.2439189000D+01 0.6491000000D+00 0.5049800000D+01 0.4151400000D+01
2 5820200114202001212458862.4 0.2500000000D-02-0.1200000000D-03 0.1283500000D+02 0.2197200000D+00 0.1235000000D-02 0.1000000000D-02 0.2868404000D+01 0.1645100000D+01 0.4742000000D+00 0.1869200000D+01-0.1100000000D-02 0.8000000000D-04 0.8768300000D+01 0.6188000000D-01 0.9790000000D-03 0.7000000000D-03 0.5826828000D+01 0.3902500000D+01 0.1788000000D+01 0.4683500000D+01
2 5920200121202001282458869.4 0.2400000000D-02-0.1400000000D-03 0.1339540000D+02 0.2272100000D+00 0.1560000000D-02 0.1200000000D-02 0.6192313000D+01 0.5011100000D+01 0.3829800000D+01 0.2722300000D+01-0.1000000000D-02 0.7000000000D-04 0.8595500000D+01 0.5601000000D-01 0.9940000000D-03 0.7000000000D-03 0.2935873000D+01 0.8459000000D+00 0.5234500000D+01 0.5759000000D+01
2 6020200128202002042458876.4 0.2000000000D-02-0.9000000000D-04 0.1403000000D+02 0.2361900000D+00 0.1381000000D-02 0.1800000000D-02 0.3235651000D+01 0.2077600000D+01 0.8926000000D+00 0.3236300000D+01-0.8000000000D-03 0.5000000000D-04 0.8375500000D+01 0.5316000000D-01 0.1086000000D-02 0.1000000000D-02 0.5185800000D-01 0.4028500000D+01 0.2063700000D+01 0.9970000000D-01
2 6120200204202002112458883.4 0.1700000000D-02-0.8000000000D-04 0.1472680000D+02 0.2446200000D+00 0.1571000000D-02 0.2400000000D-02 0.2814920000D+00 0.5438300000D+01 0.4123400000D+01 0.3522000000D+01-0.7000000000D-03 0.4000000000D-04 0.8105400000D+01 0.4958000000D-01 0.1198000000D-02 0.1300000000D-02 0.3459114000D+01 0.8962000000D+00 0.5423400000D+01 0.4131000000D+00
2 6220200211202002182458890.4 0.1500000000D-02-0.7000000000D-04 0.1548810000D+02 0.2505400000D+00 0.1681000000D-02 0.2600000000D-02 0.3613463000D+01 0.2506700000D+01 0.1337100000D+01 0.3734000000D+01-0.7000000000D-03 0.5000000000D-04 0.7794600000D+01 0.4926000000D-01 0.1127000000D-02 0.1200000000D-02 0.5937210000D+00 0.3984400000D+01 0.2364200000D+01 0.6601000000D+00
2 6320200218202002252458897.4 0.1100000000D-02-0.4000000000D-04 0.1629930000D+02 0.2609600000D+00 0.1556000000D-02 0.2500000000D-02 0.6656600000D+00 0.5857900000D+01 0.4390700000D+01 0.4056000000D+01-0.6000000000D-03 0.3000000000D-04 0.7449200000D+01 0.5098000000D-01 0.1398000000D-02 0.9000000000D-03 0.4025200000D+01 0.8240000000D+00 0.5659200000D+01 0.1105800000D+01
2 6420200225202003032458904.4 0.6000000000D-03 0.0000000000D+00 0.1716060000D+02 0.2642500000D+00 0.1873000000D-02 0.2100000000D-02 0.4003663000D+01 0.2928800000D+01 0.1689700000D+01 0.4473200000D+01-0.5000000000D-03 0.2000000000D-04 0.7089900000D+01 0.5672000000D-01 0.1241000000D-02 0.7000000000D-03 0.1189676000D+01 0.3910700000D+01 0.2606200000D+01 0.1893800000D+01
2 6520200303202003102458911.4 0.2000000000D-03 0.1000000000D-04 0.1805760000D+02 0.2738800000D+00 0.1626000000D-02 0.2000000000D-02 0.1062133000D+01 0.6272400000D+01 0.4766400000D+01 0.5248900000D+01-0.5000000000D-03 0.1000000000D-04 0.6740700000D+01 0.6359000000D-01 0.1491000000D-02 0.8000000000D-03 0.4658261000D+01 0.7960000000D+00 0.5916300000D+01 0.2787100000D+01
2 6620200310202003172458918.4-0.2000000000D-03 0.9000000000D-04 0.1898440000D+02 0.2760200000D+00 0.2079000000D-02 0.2600000000D-02 0.4406049000D+01 0.3343400000D+01 0.2076900000D+01 0.5825700000D+01-0.5000000000D-03 0.1000000000D-04 0.6439200000D+01 0.7450000000D-01 0.1344000000D-02 0.1000000000D-02 0.1866490000D+01 0.3969300000D+01 0.2834000000D+01 0.3202900000D+01
2 6720200317202003242458925.4-0.9000000000D-03 0.1400000000D-03 0.1993220000D+02 0.2858400000D+00 0.1688000000D-02 0.3300000000D-02 0.1470028000D+01 0.3978000000D+00 0.5140500000D+01 0.6222900000D+01-0.5000000000D-03 0.0000000000D+00 0.6233300000D+01 0.8429000000D-01 0.1599000000D-02 0.1000000000D-02 0.5383054000D+01 0.9170000000D+00 0.6165200000D+01 0.3581900000D+01
2 6820200324202003312458932.4-0.1400000000D-02 0.1500000000D-03 0.2089460000D+02 0.2882200000D+00 0.2092000000D-02 0.3800000000D-02 0.4818908000D+01 0.3749900000D+01 0.2399700000D+01 0.2218000000D+00-0.6000000000D-03 0.0000000000D+00 0.6176500000D+01 0.9743000000D-01 0.1504000000D-02 0.7000000000D-03 0.2636643000D+01 0.4154100000D+01 0.3087100000D+01 0.4163300000D+01
2 6920200331202004072458939.4-0.2000000000D-02 0.1900000000D-03 0.2186570000D+02 0.2953800000D+00 0.1920000000D-02 0.3400000000D-02 0.1887094000D+01 0.8059000000D+00 0.5655300000D+01 0.5212000000D+00-0.8000000000D-03 0.2000000000D-04 0.6320700000D+01 0.1094000000D+00 0.1660000000D-02 0.7000000000D-03 0.6185088000D+01 0.1137600000D+01 0.8940000000D-01 0.5387100000D+01
2 7020200407202004142458946.4-0.2800000000D-02 0.2700000000D-03 0.2283810000D+02 0.3005900000D+00 0.2122000000D-02 0.2900000000D-02 0.5239966000D+01 0.4151700000D+01 0.2740700000D+01 0.1052000000D+01-0.9000000000D-03 0.1000000000D-04 0.6692400000D+01 0.1226200000D+00 0.1626000000D-02 0.1100000000D-02 0.3447763000D+01 0.4407000000D+01 0.3385800000D+01 0.6029300000D+01
2 7120200414202004212458953.4-0.3400000000D-02 0.2600000000D-03 0.2381030000D+02 0.3065000000D+00 0.2097000000D-02 0.2800000000D-02 0.2311104000D+01 0.1209300000D+01 0.6150600000D+01 0.1760000000D+01-0.1100000000D-02 0.2000000000D-04 0.7299100000D+01 0.1360500000D+00 0.1807000000D-02 0.1400000000D-02 0.6954350000D+00 0.1416100000D+01 0.3221000000D+00 0.1501000000D+00
2 7220200421202004282458960.4-0.3700000000D-02 0.2100000000D-03 0.2477920000D+02 0.3150100000D+00 0.2076000000D-02 0.3700000000D-02 0.5666554000D+01 0.4552000000D+01 0.3096200000D+01 0.2420400000D+01-0.1300000000D-02 0.1000000000D-04 0.8118500000D+01 0.1492300000D+00 0.1737000000D-02 0.1300000000D-02 0.4204422000D+01 0.4699200000D+01 0.3679700000D+01 0.5063000000D+00
2 7320200428202005052458967.4-0.4400000000D-02 0.2900000000D-03 0.2574630000D+02 0.3190900000D+00 0.2439000000D-02 0.4800000000D-02 0.2739385000D+01 0.1615900000D+01 0.3815000000D+00 0.2754000000D+01-0.1600000000D-02 0.3000000000D-04 0.9122600000D+01 0.1634800000D+00 0.1994000000D-02 0.1100000000D-02 0.1405920000D+01 0.1726300000D+01 0.5675000000D+00 0.1269000000D+01
2 7420200505202005122458974.4-0.5100000000D-02 0.3100000000D-03 0.2670980000D+02 0.3319100000D+00 0.2021000000D-02 0.5200000000D-02 0.6096363000D+01 0.4952200000D+01 0.3513300000D+01 0.3038000000D+01-0.1800000000D-02 0.0000000000D+00 0.1027820000D+02 0.1764300000D+00 0.1780000000D-02 0.1400000000D-02 0.4869599000D+01 0.5015100000D+01 0.4013200000D+01 0.2064100000D+01
2 7520200512202005192458981.4-0.5300000000D-02 0.2300000000D-03 0.2767140000D+02 0.3373800000D+00 0.2551000000D-02 0.5000000000D-02 0.3169840000D+01 0.2021800000D+01 0.8165000000D+00 0.3302900000D+01-0.2000000000D-02 0.0000000000D+00 0.1155700000D+02 0.1910900000D+00 0.2133000000D-02 0.2100000000D-02 0.2031158000D+01 0.2055900000D+01 0.8973000000D+00 0.2604700000D+01
2 7620200519202005262458988.4-0.5900000000D-02 0.2600000000D-03 0.2864150000D+02 0.3510900000D+00 0.2128000000D-02 0.3900000000D-02 0.2437850000D+00 0.5361700000D+01 0.4082200000D+01 0.3720900000D+01-0.2200000000D-02-0.1000000000D-04 0.1293910000D+02 0.2047700000D+00 0.1903000000D-02 0.2500000000D-02 0.5461965000D+01 0.5357400000D+01 0.4317900000D+01 0.2889800000D+01
2 7720200526202006022458995.4-0.6800000000D-02 0.3400000000D-03 0.2961990000D+02 0.3611400000D+00 0.2566000000D-02 0.3500000000D-02 0.3600418000D+01 0.2435300000D+01 0.1219300000D+01 0.4425900000D+01-0.2500000000D-02-0.1000000000D-04 0.1440300000D+02 0.2197300000D+00 0.2148000000D-02 0.2400000000D-02 0.2597597000D+01 0.2404700000D+01 0.1217400000D+01 0.3215500000D+01
2 7820200602202006092459002.4-0.7200000000D-02 0.2700000000D-03 0.3062390000D+02 0.3745900000D+00 0.2333000000D-02 0.4100000000D-02 0.6738400000D+00 0.5780300000D+01 0.4652000000D+01 0.5120300000D+01-0.2600000000D-02-0.6000000000D-04 0.1593970000D+02 0.2325600000D+00 0.2010000000D-02 0.2000000000D-02 0.6008075000D+01 0.5720300000D+01 0.4691200000D+01 0.3723700000D+01
2 7920200609202006162459009.4-0.7600000000D-02 0.2100000000D-03 0.3165150000D+02 0.3906900000D+00 0.2306000000D-02 0.5500000000D-02 0.4029978000D+01 0.2855300000D+01 0.1656800000D+01 0.5561100000D+01-0.2900000000D-02-0.4000000000D-04 0.1753130000D+02 0.2484400000D+00 0.1963000000D-02 0.1900000000D-02 0.3128407000D+01 0.2772400000D+01 0.1620200000D+01 0.4601700000D+01
2 8020200616202006232459016.4-0.8400000000D-02 0.2500000000D-03 0.3273030000D+02 0.4023600000D+00 0.2665000000D-02 0.6100000000D-02 0.1102367000D+01 0.6217500000D+01 0.5241700000D+01 0.5818000000D+01-0.3200000000D-02-0.6000000000D-04 0.1918250000D+02 0.2605000000D+00 0.2208000000D-02 0.2900000000D-02 0.2437940000D+00 0.6113900000D+01 0.5066900000D+01 0.5256200000D+01
2 8120200623202006302459023.4-0.9100000000D-02 0.2000000000D-03 0.3387020000D+02 0.4250100000D+00 0.1913000000D-02 0.5800000000D-02 0.4458165000D+01 0.3295400000D+01 0.2059800000D+01 0.6125000000D+01-0.3400000000D-02-0.1100000000D-03 0.2087860000D+02 0.2774000000D+00 0.1558000000D-02 0.3700000000D-02 0.3639176000D+01 0.3167600000D+01 0.2016200000D+01 0.5605500000D+01
2 8220200630202007072459030.4-0.9200000000D-02 0.6000000000D-04 0.3509360000D+02 0.4349600000D+00 0.2681000000D-02 0.5000000000D-02 0.1530288000D+01 0.3897000000D+00 0.5772600000D+01 0.1980000000D+00-0.3500000000D-02-0.1400000000D-03 0.2262640000D+02 0.2872200000D+00 0.2109000000D-02 0.4200000000D-02 0.7486520000D+00 0.2505000000D+00 0.5500200000D+01 0.5874700000D+01
2 8320200707202007142459037.4-0.9600000000D-02 0.3000000000D-04 0.3641900000D+02 0.4592700000D+00 0.1473000000D-02 0.4200000000D-02 0.4886626000D+01 0.3759700000D+01 0.2708000000D+01 0.8575000000D+00-0.3800000000D-02-0.1500000000D-03 0.2441880000D+02 0.3032200000D+00 0.1222000000D-02 0.3800000000D-02 0.4140689000D+01 0.3600900000D+01 0.2598300000D+01 0.6165100000D+01
2 8420200714202007212459044.4-0.1010000000D-01-0.4000000000D-04 0.3787320000D+02 0.4695400000D+00 0.2331000000D-02 0.5300000000D-02 0.1960149000D+01 0.8757000000D+00 0.6380000000D-01 0.1494800000D+01-0.3800000000D-02-0.2700000000D-03 0.2626680000D+02 0.3126900000D+00 0.1819000000D-02 0.3200000000D-02 0.1248703000D+01 0.7086000000D+00 0.6016400000D+01 0.4621000000D+00
2 8520200721202007282459051.4-0.1030000000D-01-0.1500000000D-03 0.3949120000D+02 0.4920400000D+00 0.5980000000D-03 0.6600000000D-02 0.5319436000D+01 0.4262200000D+01 0.3571000000D+01 0.1920200000D+01-0.3800000000D-02-0.3300000000D-03 0.2817540000D+02 0.3272000000D+00 0.6740000000D-03 0.3400000000D-02 0.4641254000D+01 0.4079400000D+01 0.3358000000D+01 0.1187100000D+01
2 8620200728202008042459058.4-0.1040000000D-01-0.2400000000D-03 0.4128620000D+02 0.4998400000D+00 0.1094000000D-02 0.7800000000D-02 0.2397932000D+01 0.1401800000D+01 0.7212000000D+00 0.2196100000D+01-0.3900000000D-02-0.3400000000D-03 0.3014870000D+02 0.3348900000D+00 0.1076000000D-02 0.4700000000D-02 0.1751645000D+01 0.1210000000D+01 0.4226000000D+00 0.1769200000D+01
2 8720200804202008112459065.4-0.1120000000D-01-0.2100000000D-03 0.4329160000D+02 0.5105800000D+00 0.8700000000D-03 0.7700000000D-02 0.5764263000D+01 0.4818800000D+01 0.5934400000D+01 0.2421400000D+01-0.4000000000D-02-0.3700000000D-03 0.3219620000D+02 0.3450600000D+00 0.6290000000D-03 0.5900000000D-02 0.5147973000D+01 0.4616300000D+01 0.4665700000D+01 0.2048900000D+01
2 8820200811202008182459072.4-0.1140000000D-01-0.3900000000D-03 0.4551120000D+02 0.5171000000D+00 0.1494000000D-02 0.6500000000D-02 0.2852892000D+01 0.1991400000D+01 0.4066300000D+01 0.2785100000D+01-0.3700000000D-02-0.5100000000D-03 0.3432550000D+02 0.3543700000D+00 0.3730000000D-03 0.6000000000D-02 0.2264001000D+01 0.1768400000D+01 0.2573800000D+01 0.2314300000D+01
2 8920200818202008252459079.4-0.1190000000D-01-0.4500000000D-03 0.4797660000D+02 0.5075900000D+00 0.2709000000D-02 0.5400000000D-02 0.6232310000D+01 0.5464500000D+01 0.1059200000D+01 0.3409800000D+01-0.4000000000D-02-0.4900000000D-03 0.3654680000D+02 0.3582200000D+00 0.6390000000D-03 0.5300000000D-02 0.5667163000D+01 0.5216100000D+01 0.1338000000D+00 0.2674400000D+01
2 9020200825202009012459086.4-0.1300000000D-01-0.3900000000D-03 0.5064030000D+02 0.4982900000D+00 0.5023000000D-02 0.6400000000D-02 0.3338278000D+01 0.2686300000D+01 0.4826500000D+01 0.4254400000D+01-0.4600000000D-02-0.4200000000D-03 0.3883770000D+02 0.3619900000D+00 0.1451000000D-02 0.4200000000D-02 0.2791858000D+01 0.2388500000D+01 0.4483400000D+01 0.3352700000D+01
2 9120200901202009082459093.4-0.1340000000D-01-0.6400000000D-03 0.5346920000D+02 0.4644900000D+00 0.5486000000D-02 0.9400000000D-02 0.4551920000D+00 0.6252900000D+01 0.2014200000D+01 0.4731600000D+01-0.4400000000D-02-0.6100000000D-03 0.4117120000D+02 0.3529100000D+00 0.1257000000D-02 0.5500000000D-02 0.6204526000D+01 0.5877700000D+01 0.2121400000D+01 0.4214200000D+01
2 9220200908202009152459100.4-0.1430000000D-01-0.6700000000D-03 0.5635570000D+02 0.4354700000D+00 0.9371000000D-02 0.1110000000D-01 0.3868766000D+01 0.3563500000D+01 0.5655400000D+01 0.5076700000D+01-0.4600000000D-02-0.6000000000D-03 0.4347690000D+02 0.3391100000D+00 0.3609000000D-02 0.7800000000D-02 0.3339889000D+01 0.3059800000D+01 0.5628400000D+01 0.4692600000D+01
2 9320200915202009222459107.4-0.1480000000D-01-0.7400000000D-03 0.5916400000D+02 0.3889400000D+00 0.9314000000D-02 0.1130000000D-01 0.1012728000D+01 0.1015100000D+01 0.3104600000D+01 0.5440800000D+01-0.4800000000D-02-0.6200000000D-03 0.4564140000D+02 0.2989800000D+00 0.4863000000D-02 0.9600000000D-02 0.4803200000D+00 0.3035000000D+00 0.3279900000D+01 0.5057700000D+01
2 9420200922202009292459114.4-0.1580000000D-01-0.8000000000D-03 0.6165570000D+02 0.3441700000D+00 0.1143100000D-01 0.9400000000D-02 0.4454763000D+01 0.4795500000D+01 0.4937000000D+00 0.6038900000D+01-0.5200000000D-02-0.6100000000D-03 0.4747500000D+02 0.2312200000D+00 0.7115000000D-02 0.9000000000D-02 0.3909735000D+01 0.3793100000D+01 0.4833000000D+00 0.5407200000D+01
2 9520200929202010062459121.4-0.1640000000D-01-0.7800000000D-03 0.6354990000D+02 0.3179200000D+00 0.1166600000D-01 0.1010000000D-01 0.1625732000D+01 0.2434700000D+01 0.4383900000D+01 0.6461000000D+00-0.4600000000D-02-0.7900000000D-03 0.4874430000D+02 0.1335000000D+00 0.8783000000D-02 0.7500000000D-02 0.1059867000D+01 0.1072000000D+01 0.4142200000D+01 0.6068700000D+01
2 9620201006202010132459128.4-0.1570000000D-01-0.1000000000D-02 0.6458130000D+02 0.3008800000D+00 0.1238600000D-01 0.1270000000D-01 0.5089355000D+01 0.1261000000D+00 0.1846500000D+01 0.1287000000D+01-0.4500000000D-02-0.7600000000D-03 0.4924870000D+02 0.1359000000D-01 0.9434000000D-02 0.7400000000D-02 0.4495983000D+01 0.5331100000D+01 0.1376600000D+01 0.6159000000D+00
2 9720201013202010202459135.4-0.1730000000D-01-0.5500000000D-03 0.6453000000D+02 0.3222100000D+00 0.1318600000D-01 0.1400000000D-01 0.2273883000D+01 0.4130300000D+01 0.5695700000D+01 0.1758900000D+01-0.5100000000D-02-0.5700000000D-03 0.4885160000D+02 0.1251600000D+00 0.8700000000D-02 0.9200000000D-02 0.1649319000D+01 0.4747400000D+01 0.4946000000D+01 0.1305700000D+01
2 9820201020202010272459142.4-0.1680000000D-01-0.5300000000D-03 0.6331380000D+02 0.3736300000D+00 0.1222300000D-01 0.1130000000D-01 0.5740422000D+01 0.1807300000D+01 0.3236700000D+01 0.2207500000D+01-0.4700000000D-02-0.6100000000D-03 0.4755900000D+02 0.2467000000D+00 0.6580000000D-02 0.9600000000D-02 0.5083942000D+01 0.1994800000D+01 0.2327800000D+01 0.1709400000D+01
2 9920201027202011032459149.4-0.1530000000D-01-0.7300000000D-03 0.6101250000D+02 0.4319700000D+00 0.1007200000D-01 0.7900000000D-02 0.2917378000D+01 0.5652400000D+01 0.5597000000D+00 0.2959300000D+01-0.4100000000D-02-0.7000000000D-03 0.4554000000D+02 0.3356100000D+00 0.3730000000D-02 0.7600000000D-02 0.2231646000D+01 0.5524000000D+01 0.5783700000D+01 0.2165300000D+01
210020201103202011102459156.4-0.1560000000D-01-0.3500000000D-03 0.5790170000D+02 0.4999700000D+00 0.8616000000D-02 0.7700000000D-02 0.8392300000D-01 0.3071100000D+01 0.4366200000D+01 0.3909800000D+01-0.5000000000D-02-0.3800000000D-03 0.4305560000D+02 0.3855500000D+00 0.2404000000D-02 0.5300000000D-02 0.5656864000D+01 0.2712400000D+01 0.3543600000D+01 0.2804000000D+01
210120201110202011172459163.4-0.1450000000D-01-0.3800000000D-03 0.5427020000D+02 0.5449600000D+00 0.5287000000D-02 0.9100000000D-02 0.3522371000D+01 0.4385000000D+00 0.1711900000D+01 0.4525500000D+01-0.4800000000D-02-0.4100000000D-03 0.4035630000D+02 0.4087600000D+00 0.6950000000D-03 0.4700000000D-02 0.2793664000D+01 0.6208400000D+01 0.1782600000D+01 0.3809100000D+01
210220201117202011242459170.4-0.1310000000D-01-0.5000000000D-03 0.5040580000D+02 0.5698100000D+00 0.4732000000D-02 0.8600000000D-02 0.6649390000D+00 0.3998800000D+01 0.5520100000D+01 0.4894800000D+01-0.4600000000D-02-0.4100000000D-03 0.3762730000D+02 0.4049200000D+00 0.1496000000D-02 0.5700000000D-02 0.6207475000D+01 0.3384200000D+01 0.5481200000D+01 0.4391500000D+01
210320201124202012012459177.4-0.1190000000D-01-0.4500000000D-03 0.4653550000D+02 0.5761400000D+00 0.2444000000D-02 0.6600000000D-02 0.4079261000D+01 0.1264500000D+01 0.3262600000D+01 0.5293900000D+01-0.4500000000D-02-0.3500000000D-03 0.3500610000D+02 0.3943000000D+00 0.1754000000D-02 0.5700000000D-02 0.3333136000D+01 0.5810000000D+00 0.3498200000D+01 0.4781500000D+01
210420201201202012082459184.4-0.1100000000D-01-0.4000000000D-03 0.4282050000D+02 0.5628400000D+00 0.2295000000D-02 0.4200000000D-02 0.1199017000D+01 0.4757900000D+01 0.6791000000D+00 0.5845800000D+01-0.4600000000D-02-0.2600000000D-03 0.3255110000D+02 0.3706300000D+00 0.1441000000D-02 0.4700000000D-02 0.4534020000D+00 0.4034100000D+01 0.6082000000D+00 0.5067400000D+01
210520201208202012152459191.4-0.1010000000D-01-0.3800000000D-03 0.3935100000D+02 0.5435800000D+00 0.2018000000D-02 0.3600000000D-02 0.4592419000D+01 0.1954800000D+01 0.4591600000D+01 0.5163000000D+00-0.4200000000D-02-0.2800000000D-03 0.3029430000D+02 0.3507000000D+00 0.1540000000D-02 0.2900000000D-02 0.3852666000D+01 0.1199200000D+01 0.4140800000D+01 0.5520200000D+01
210620201215202012222459198.4-0.8700000000D-02-0.4700000000D-03 0.3616420000D+02 0.5193500000D+00 0.2044000000D-02 0.4200000000D-02 0.1693790000D+01 0.5417400000D+01 0.2113900000D+01 0.1063700000D+01-0.3700000000D-02-0.2900000000D-03 0.2821910000D+02 0.3298000000D+00 0.1495000000D-02 0.2100000000D-02 0.9648910000D+00 0.4649200000D+01 0.1662900000D+01 0.1192000000D+00
210720201222202012292459205.4-0.8400000000D-02-0.3200000000D-03 0.3327640000D+02 0.4904500000D+00 0.1903000000D-02 0.4300000000D-02 0.5070175000D+01 0.2578200000D+01 0.5638000000D+01 0.1442600000D+01-0.3800000000D-02-0.1700000000D-03 0.2632400000D+02 0.3088300000D+00 0.1203000000D-02 0.2300000000D-02 0.4356511000D+01 0.1790600000D+01 0.4927300000D+01 0.9820000000D+00
210820201229202101052459212.4-0.8000000000D-02-0.2200000000D-03 0.3068770000D+02 0.4643300000D+00 0.2207000000D-02 0.3600000000D-02 0.2156392000D+01 0.6018700000D+01 0.3115500000D+01 0.1654800000D+01-0.3600000000D-02-0.1200000000D-03 0.2458640000D+02 0.2923700000D+00 0.1527000000D-02 0.2800000000D-02 0.1462289000D+01 0.5226500000D+01 0.2515800000D+01 0.1357500000D+01
210920210105202101122459219.4-0.7200000000D-02-0.2500000000D-03 0.2838160000D+02 0.4335400000D+00 0.1509000000D-02 0.2100000000D-02 0.5518958000D+01 0.3153200000D+01 0.1986000000D+00 0.2004500000D+01-0.3300000000D-02-0.1100000000D-03 0.2298800000D+02 0.2725500000D+00 0.8580000000D-03 0.2400000000D-02 0.4848199000D+01 0.2344200000D+01 0.5781400000D+01 0.1563000000D+01
