 4 2   2  56 19.7027 4.9788  7.0  7.0 109 2450448.5000 1997                                                                                                                                                                                                                                                                                                                      
1  219961231199701072450448.4-0.1376000000D+00-0.8400000000D-03 0.1001290000D+02 0.8560000000D-01 0.4800000000D-03 0.7800000000D-01 0.5987092000D+01 0.5366000000D+01 0.6183300000D+01-0.3123300000D+01 0.1453000000D+00 0.1610000000D-02 0.6409100000D+01 0.6594000000D-01 0.2870000000D-03 0.5060000000D-01 0.1989618000D+01 0.1828200000D+01 0.1877400000D+01-0.8299000000D+00
1  319970107199701142450455.4-0.1420000000D+00-0.6800000000D-03 0.1053230000D+02 0.9059000000D-01 0.6560000000D-03 0.8230000000D-01 0.5642849000D+01 0.5116800000D+01 0.5920500000D+01-0.3829400000D+01 0.1561000000D+00 0.1520000000D-02 0.6881500000D+01 0.6955000000D-01 0.3430000000D-03 0.5450000000D-01 0.1667459000D+01 0.1522800000D+01 0.1919200000D+01-0.1511300000D+01
1  419970114199701212450462.4-0.1463000000D+00-0.3400000000D-03 0.1112000000D+02 0.9655000000D-01 0.9010000000D-03 0.8740000000D-01 0.5303666000D+01 0.4877500000D+01 0.5771200000D+01-0.4525600000D+01 0.1671000000D+00 0.1390000000D-02 0.7380600000D+01 0.7339000000D-01 0.3830000000D-03 0.5840000000D-01 0.1347389000D+01 0.1232000000D+01 0.2010000000D+01-0.2187900000D+01
1  519970121199701282450469.4-0.1492000000D+00 0.5000000000D-04 0.1177940000D+02 0.1038000000D+00 0.1169000000D-02 0.9270000000D-01 0.4970406000D+01 0.4654900000D+01 0.5668300000D+01-0.5213600000D+01 0.1776000000D+00 0.1330000000D-02 0.7905100000D+01 0.7699000000D-01 0.4110000000D-03 0.6230000000D-01 0.1030013000D+01 0.9595000000D+00 0.2112100000D+01-0.2864400000D+01
1  619970128199702042450476.4-0.1500000000D+00 0.4400000000D-03 0.1251400000D+02 0.1122200000D+00 0.1399000000D-02 0.9830000000D-01 0.4644018000D+01 0.4456500000D+01 0.5577300000D+01-0.5897300000D+01 0.1875000000D+00 0.1300000000D-02 0.8450900000D+01 0.7958000000D-01 0.4390000000D-03 0.6640000000D-01 0.7160370000D+00 0.7063000000D+00 0.2270300000D+01-0.3543000000D+01
1  719970204199702112450483.4-0.1477000000D+00 0.9200000000D-03 0.1332340000D+02 0.1213400000D+00 0.1547000000D-02 0.1046000000D+00 0.4325689000D+01 0.4283900000D+01 0.5523500000D+01-0.2945000000D+00 0.1967000000D+00 0.1160000000D-02 0.9007300000D+01 0.8008000000D-01 0.5350000000D-03 0.7090000000D-01 0.4061620000D+00 0.4715000000D+00 0.2505500000D+01-0.4215400000D+01
1  819970211199702182450490.4-0.1416000000D+00 0.1620000000D-02 0.1419570000D+02 0.1299000000D+00 0.1653000000D-02 0.1119000000D+00 0.4016604000D+01 0.4131300000D+01 0.5521800000D+01-0.9637000000D+00 0.2048000000D+00 0.7900000000D-03 0.9552800000D+01 0.7714000000D-01 0.7780000000D-03 0.7510000000D-01 0.1008300000D+00 0.2543000000D+00 0.2623900000D+01-0.4876700000D+01
1  919970218199702252450497.4-0.1305000000D+00 0.2600000000D-02 0.1510200000D+02 0.1366300000D+00 0.1836000000D-02 0.1192000000D+00 0.3717343000D+01 0.3993500000D+01 0.5581900000D+01-0.1619200000D+01 0.2105000000D+00 0.2300000000D-03 0.1005460000D+02 0.6984000000D-01 0.1171000000D-02 0.7850000000D-01 0.6083100000D+01 0.6280000000D-01 0.2593400000D+01-0.5537000000D+01
1 1019970225199703042450504.4-0.1128000000D+00 0.3720000000D-02 0.1599720000D+02 0.1397800000D+00 0.2147000000D-02 0.1257000000D+00 0.3427639000D+01 0.3875600000D+01 0.5693400000D+01-0.2267200000D+01 0.2125000000D+00-0.4300000000D-03 0.1047200000D+02 0.5730000000D-01 0.1640000000D-02 0.8110000000D-01 0.5785927000D+01 0.6209700000D+01 0.2492200000D+01-0.6200500000D+01
1 1119970304199703112450511.4-0.8740000000D-01 0.4750000000D-02 0.1681790000D+02 0.1367500000D+00 0.2595000000D-02 0.1309000000D+00 0.3146374000D+01 0.3787700000D+01 0.5810300000D+01-0.2912500000D+01 0.2097000000D+00-0.1110000000D-02 0.1075800000D+02 0.4014000000D-01 0.2028000000D-02 0.8270000000D-01 0.5491263000D+01 0.6220000000D+01 0.2359700000D+01-0.5803000000D+00
1 1219970311199703182450518.4-0.5460000000D-01 0.5390000000D-02 0.1748320000D+02 0.1254800000D+00 0.3045000000D-02 0.1350000000D+00 0.2871297000D+01 0.3745800000D+01 0.5873600000D+01-0.3557300000D+01 0.2018000000D+00-0.1730000000D-02 0.1086960000D+02 0.2620000000D-01 0.2105000000D-02 0.8300000000D-01 0.5197187000D+01 0.4041000000D+00 0.2218100000D+01-0.1241500000D+01
1 1319970318199703252450525.4-0.1650000000D-01 0.5460000000D-02 0.1791280000D+02 0.1083700000D+00 0.3330000000D-02 0.1376000000D+00 0.2598873000D+01 0.3777300000D+01 0.5875900000D+01-0.4198200000D+01 0.1892000000D+00-0.2190000000D-02 0.1078610000D+02 0.3392000000D-01 0.1805000000D-02 0.8140000000D-01 0.4901285000D+01 0.1086000000D+01 0.2092400000D+01-0.1906100000D+01
1 1419970325199704012450532.4 0.2280000000D-01 0.5090000000D-02 0.1805560000D+02 0.9292000000D-01 0.3350000000D-02 0.1374000000D+00 0.2325129000D+01 0.3917700000D+01 0.5854200000D+01-0.4840500000D+01 0.1736000000D+00-0.2480000000D-02 0.1052190000D+02 0.5207000000D-01 0.1252000000D-02 0.7870000000D-01 0.4601308000D+01 0.1209200000D+01 0.2026000000D+01-0.2581000000D+01
1 1519970401199704082450539.4 0.5950000000D-01 0.4510000000D-02 0.1790260000D+02 0.8767000000D-01 0.3105000000D-02 0.1348000000D+00 0.2046518000D+01 0.4138200000D+01 0.5828000000D+01-0.5494300000D+01 0.1564000000D+00-0.2540000000D-02 0.1012070000D+02 0.6604000000D-01 0.6950000000D-03 0.7550000000D-01 0.4295726000D+01 0.1101800000D+01 0.2147400000D+01-0.3261700000D+01
1 1619970408199704152450546.4 0.9090000000D-01 0.3760000000D-02 0.1748520000D+02 0.9385000000D-01 0.2603000000D-02 0.1309000000D+00 0.1760302000D+01 0.4312900000D+01 0.5804600000D+01-0.6158500000D+01 0.1389000000D+00-0.2370000000D-02 0.9641600000D+01 0.7227000000D-01 0.4210000000D-03 0.7180000000D-01 0.3983995000D+01 0.9147000000D+00 0.2746900000D+01-0.3945100000D+01
1 1719970415199704222450553.4 0.1159000000D+00 0.2790000000D-02 0.1686490000D+02 0.1044900000D+00 0.1977000000D-02 0.1258000000D+00 0.1464682000D+01 0.4361800000D+01 0.5764700000D+01-0.5468000000D+00 0.1223000000D+00-0.2030000000D-02 0.9142700000D+01 0.7137000000D-01 0.4580000000D-03 0.6780000000D-01 0.3666438000D+01 0.6910000000D+00 0.3116400000D+01-0.4634300000D+01
1 1819970422199704292450560.4 0.1347000000D+00 0.1670000000D-02 0.1611500000D+02 0.1135700000D+00 0.1414000000D-02 0.1196000000D+00 0.1158934000D+01 0.4299700000D+01 0.5669400000D+01-0.1227200000D+01 0.1074000000D+00-0.1670000000D-02 0.8668000000D+01 0.6637000000D-01 0.4950000000D-03 0.6400000000D-01 0.3343921000D+01 0.4479000000D+00 0.2964900000D+01-0.5333300000D+01
1 1919970429199705062450567.4 0.1474000000D+00 0.6200000000D-03 0.1530120000D+02 0.1193400000D+00 0.1038000000D-02 0.1128000000D+00 0.8431750000D+00 0.4158900000D+01 0.5489200000D+01-0.1922100000D+01 0.9450000000D-01-0.1390000000D-02 0.8240700000D+01 0.6019000000D-01 0.5240000000D-03 0.6100000000D-01 0.3017450000D+01 0.1998000000D+00 0.2646900000D+01-0.6039200000D+01
1 2019970506199705132450574.4 0.1541000000D+00-0.6000000000D-04 0.1447300000D+02 0.1225300000D+00 0.8220000000D-03 0.1066000000D+00 0.5180740000D+00 0.3966500000D+01 0.5328700000D+01-0.2629700000D+01 0.8370000000D-01-0.1280000000D-02 0.7867900000D+01 0.5427000000D-01 0.5470000000D-03 0.5860000000D-01 0.2687772000D+01 0.6244900000D+01 0.2372800000D+01-0.4610000000D+00
1 2119970513199705202450581.4 0.1557000000D+00-0.2500000000D-03 0.1366330000D+02 0.1237900000D+00 0.6810000000D-03 0.1008000000D+00 0.1845800000D+00 0.3740900000D+01 0.5284900000D+01-0.3343500000D+01 0.7450000000D-01-0.1280000000D-02 0.7548400000D+01 0.4904000000D-01 0.5060000000D-03 0.5640000000D-01 0.2355182000D+01 0.6023400000D+01 0.2138700000D+01-0.1167200000D+01
1 2219970520199705272450588.4 0.1541000000D+00-0.1700000000D-03 0.1289110000D+02 0.1235400000D+00 0.5700000000D-03 0.9530000000D-01 0.6126956000D+01 0.3494100000D+01 0.5353000000D+01-0.4061300000D+01 0.6630000000D-01-0.1250000000D-02 0.7276700000D+01 0.4481000000D-01 0.3930000000D-03 0.5440000000D-01 0.2019637000D+01 0.5812100000D+01 0.1875300000D+01-0.1877300000D+01
1 2319970527199706032450595.4 0.1511000000D+00-0.1700000000D-03 0.1216340000D+02 0.1218700000D+00 0.4440000000D-03 0.8990000000D-01 0.5779699000D+01 0.3233400000D+01 0.5479800000D+01-0.4781900000D+01 0.5860000000D-01-0.1090000000D-02 0.7046000000D+01 0.4172000000D-01 0.2470000000D-03 0.5260000000D-01 0.1680975000D+01 0.5596900000D+01 0.1432900000D+01-0.2593800000D+01
1 2419970603199706102450602.4 0.1477000000D+00-0.3900000000D-03 0.1148330000D+02 0.1188900000D+00 0.3010000000D-03 0.8450000000D-01 0.5426480000D+01 0.2959600000D+01 0.5694200000D+01-0.5513200000D+01 0.5160000000D-01-0.8500000000D-03 0.6849500000D+01 0.3995000000D-01 0.1650000000D-03 0.5130000000D-01 0.1339184000D+01 0.5365700000D+01 0.5571000000D+00-0.3316100000D+01
1 2519970610199706172450609.4 0.1439000000D+00-0.7000000000D-03 0.1085380000D+02 0.1151800000D+00 0.1800000000D-03 0.8000000000D-01 0.5067698000D+01 0.2668700000D+01 0.6032500000D+01-0.6255700000D+01 0.4550000000D-01-0.6200000000D-03 0.6680800000D+01 0.3957000000D-01 0.1730000000D-03 0.5040000000D-01 0.9944070000D+00 0.5115300000D+01 0.5997700000D+01-0.4037400000D+01
1 2619970617199706242450616.4 0.1390000000D+00-0.9400000000D-03 0.1027570000D+02 0.1117600000D+00 0.1170000000D-03 0.7630000000D-01 0.4703961000D+01 0.2360200000D+01 0.1372000000D+00-0.7140000000D+00 0.4060000000D-01-0.4900000000D-03 0.6533100000D+01 0.4035000000D-01 0.1650000000D-03 0.4930000000D-01 0.6467220000D+00 0.4845900000D+01 0.5436500000D+01-0.4757800000D+01
1 2719970624199707012450623.4 0.1331000000D+00-0.1030000000D-02 0.9745100000D+01 0.1092600000D+00 0.9700000000D-04 0.7240000000D-01 0.4335819000D+01 0.2039600000D+01 0.7220000000D-01-0.1452600000D+01 0.3660000000D-01-0.4500000000D-03 0.6400200000D+01 0.4180000000D-01 0.1170000000D-03 0.4800000000D-01 0.2960890000D+00 0.4557800000D+01 0.4817400000D+01-0.5484500000D+01
1 2819970701199707082450630.4 0.1266000000D+00-0.1020000000D-02 0.9256100000D+01 0.1076900000D+00 0.1460000000D-03 0.6830000000D-01 0.3963495000D+01 0.1714600000D+01 0.5596200000D+01-0.2200900000D+01 0.3320000000D-01-0.4100000000D-03 0.6276900000D+01 0.4344000000D-01 0.8100000000D-04 0.4710000000D-01 0.6225635000D+01 0.4253800000D+01 0.3516600000D+01-0.6221400000D+01
1 2919970708199707152450637.4 0.1198000000D+00-0.1030000000D-02 0.8804400000D+01 0.1062400000D+00 0.2730000000D-03 0.6500000000D-01 0.3586874000D+01 0.1388600000D+01 0.5212100000D+01-0.2963200000D+01 0.3020000000D-01-0.3400000000D-03 0.6160200000D+01 0.4477000000D-01 0.1540000000D-03 0.4650000000D-01 0.5868990000D+01 0.3932500000D+01 0.2566700000D+01-0.6723000000D+00
1 3019970715199707222450644.4 0.1131000000D+00-0.1050000000D-02 0.8388300000D+01 0.1042500000D+00 0.3740000000D-03 0.6250000000D-01 0.3205789000D+01 0.1057700000D+01 0.5066100000D+01-0.3722000000D+01 0.2760000000D-01-0.2700000000D-03 0.6047800000D+01 0.4571000000D-01 0.2210000000D-03 0.4570000000D-01 0.5509529000D+01 0.3589200000D+01 0.2253600000D+01-0.1400300000D+01
1 3119970722199707292450651.4 0.1061000000D+00-0.9900000000D-03 0.8006900000D+01 0.1019100000D+00 0.3960000000D-03 0.5980000000D-01 0.2820218000D+01 0.7169000000D+00 0.5004200000D+01-0.4476900000D+01 0.2560000000D-01-0.2700000000D-03 0.5936800000D+01 0.4654000000D-01 0.2380000000D-03 0.4460000000D-01 0.5147579000D+01 0.3225100000D+01 0.2037400000D+01-0.2136600000D+01
1 3219970729199708052450658.4 0.9890000000D-01-0.8600000000D-03 0.7658900000D+01 0.9999000000D-01 0.3430000000D-03 0.5680000000D-01 0.2430198000D+01 0.3652000000D+00 0.4935700000D+01-0.5242200000D+01 0.2390000000D-01-0.3100000000D-03 0.5824100000D+01 0.4760000000D-01 0.2010000000D-03 0.4360000000D-01 0.4783492000D+01 0.2849100000D+01 0.1697300000D+01-0.2882100000D+01
1 3319970805199708122450665.4 0.9180000000D-01-0.7700000000D-03 0.7342700000D+01 0.9900000000D-01 0.2490000000D-03 0.5440000000D-01 0.2035771000D+01 0.7200000000D-02 0.4724300000D+01-0.6020000000D+01 0.2240000000D-01-0.3000000000D-03 0.5706800000D+01 0.4881000000D-01 0.1760000000D-03 0.4300000000D-01 0.4417539000D+01 0.2473000000D+01 0.9704000000D+00-0.3625000000D+01
1 3419970812199708192450672.4 0.8500000000D-01-0.8200000000D-03 0.7056100000D+01 0.9886000000D-01 0.2110000000D-03 0.5270000000D-01 0.1636942000D+01 0.5934000000D+01 0.4124800000D+01-0.5140000000D+00 0.2090000000D-01-0.1800000000D-03 0.5582800000D+01 0.4959000000D-01 0.2540000000D-03 0.4210000000D-01 0.4049830000D+01 0.2099000000D+01 0.3140000000D+00-0.4361300000D+01
1 3519970819199708262450679.4 0.7870000000D-01-0.1020000000D-02 0.6797600000D+01 0.9875000000D-01 0.3070000000D-03 0.5100000000D-01 0.1233475000D+01 0.5581900000D+01 0.3649300000D+01-0.1286800000D+01 0.1940000000D-01-0.1000000000D-04 0.5451000000D+01 0.4958000000D-01 0.3520000000D-03 0.4090000000D-01 0.3680499000D+01 0.1715700000D+01 0.1480000000D-01-0.5102400000D+01
1 3619970826199709022450686.4 0.7210000000D-01-0.1250000000D-02 0.6568100000D+01 0.9822000000D-01 0.4300000000D-03 0.4910000000D-01 0.8250900000D+00 0.5227100000D+01 0.3460000000D+01-0.2067900000D+01 0.1830000000D-01 0.8000000000D-04 0.5310900000D+01 0.4922000000D-01 0.3870000000D-03 0.3970000000D-01 0.3309981000D+01 0.1312600000D+01 0.6037400000D+01-0.5850200000D+01
1 3719970902199709092450693.4 0.6480000000D-01-0.1300000000D-02 0.6370200000D+01 0.9747000000D-01 0.4880000000D-03 0.4750000000D-01 0.4118610000D+00 0.4861700000D+01 0.3325300000D+01-0.2861400000D+01 0.1790000000D-01 0.1000000000D-04 0.5161000000D+01 0.4905000000D-01 0.3560000000D-03 0.3860000000D-01 0.2938919000D+01 0.8935000000D+00 0.5642400000D+01-0.3141000000D+00
1 3819970909199709162450700.4 0.5680000000D-01-0.1160000000D-02 0.6205300000D+01 0.9720000000D-01 0.4520000000D-03 0.4660000000D-01 0.6277598000D+01 0.4485100000D+01 0.3123100000D+01-0.3658400000D+01 0.1770000000D-01-0.1500000000D-03 0.4998400000D+01 0.4906000000D-01 0.3420000000D-03 0.3750000000D-01 0.2567946000D+01 0.4703000000D+00 0.5027300000D+01-0.1055600000D+01
1 3919970916199709232450707.4 0.4860000000D-01-0.9600000000D-03 0.6071400000D+01 0.9775000000D-01 0.3850000000D-03 0.4600000000D-01 0.5856689000D+01 0.4105400000D+01 0.2697100000D+01-0.4447300000D+01 0.1710000000D-01-0.2800000000D-03 0.4820700000D+01 0.4872000000D-01 0.4160000000D-03 0.3600000000D-01 0.2197491000D+01 0.4840000000D-01 0.4451100000D+01-0.1793100000D+01
1 4019970923199709302450714.4 0.4090000000D-01-0.8600000000D-03 0.5966400000D+01 0.9854000000D-01 0.4150000000D-03 0.4500000000D-01 0.5432723000D+01 0.3730100000D+01 0.2072900000D+01-0.5239100000D+01 0.1600000000D-01-0.2900000000D-03 0.4626900000D+01 0.4765000000D-01 0.5020000000D-03 0.3430000000D-01 0.1827992000D+01 0.5900500000D+01 0.4059600000D+01-0.2535800000D+01
1 4119970930199710072450721.4 0.3370000000D-01-0.9000000000D-03 0.5890600000D+01 0.9864000000D-01 0.5420000000D-03 0.4440000000D-01 0.5006069000D+01 0.3355500000D+01 0.1625400000D+01-0.6045700000D+01 0.1440000000D-01-0.2300000000D-03 0.4417500000D+01 0.4625000000D-01 0.5270000000D-03 0.3280000000D-01 0.1460316000D+01 0.5448800000D+01 0.3707100000D+01-0.3279500000D+01
1 4219971007199710142450728.4 0.2670000000D-01-0.1020000000D-02 0.5845500000D+01 0.9791000000D-01 0.6490000000D-03 0.4450000000D-01 0.4577714000D+01 0.2972900000D+01 0.1323200000D+01-0.5696000000D+00 0.1250000000D-01-0.1900000000D-03 0.4192400000D+01 0.4509000000D-01 0.5070000000D-03 0.3120000000D-01 0.1095786000D+01 0.4978900000D+01 0.3274600000D+01-0.4012700000D+01
1 4319971014199710212450735.4 0.1960000000D-01-0.1090000000D-02 0.5829200000D+01 0.9695000000D-01 0.6750000000D-03 0.4470000000D-01 0.4149113000D+01 0.2577700000D+01 0.1013600000D+01-0.1362300000D+01 0.1070000000D-01-0.2300000000D-03 0.3950800000D+01 0.4426000000D-01 0.5070000000D-03 0.2920000000D-01 0.7358890000D+00 0.4501900000D+01 0.2742900000D+01-0.4735100000D+01
1 4419971021199710282450742.4 0.1230000000D-01-0.1100000000D-02 0.5836400000D+01 0.9645000000D-01 0.6300000000D-03 0.4450000000D-01 0.3721557000D+01 0.2173700000D+01 0.5656000000D+00-0.2155200000D+01 0.8700000000D-02-0.3400000000D-03 0.3692900000D+01 0.4344000000D-01 0.5550000000D-03 0.2700000000D-01 0.3821900000D+00 0.4022600000D+01 0.2209100000D+01-0.5458200000D+01
1 4519971028199711042450749.4 0.5000000000D-02-0.1090000000D-02 0.5860700000D+01 0.9607000000D-01 0.6290000000D-03 0.4450000000D-01 0.3295721000D+01 0.1769600000D+01 0.6239000000D+01-0.2961000000D+01 0.6200000000D-02-0.4500000000D-03 0.3421000000D+01 0.4234000000D-01 0.6030000000D-03 0.2500000000D-01 0.3657600000D-01 0.3534200000D+01 0.1746900000D+01-0.6177400000D+01
1 4619971104199711112450756.4-0.2000000000D-02-0.1050000000D-02 0.5897300000D+01 0.9488000000D-01 0.7250000000D-03 0.4520000000D-01 0.2872038000D+01 0.1366600000D+01 0.5690800000D+01-0.3759200000D+01 0.3100000000D-02-0.5300000000D-03 0.3140100000D+01 0.4124000000D-01 0.5990000000D-03 0.2300000000D-01 0.5984985000D+01 0.3030200000D+01 0.1298100000D+01-0.5913000000D+00
1 4719971111199711182450763.4-0.9000000000D-02-0.9400000000D-03 0.5941900000D+01 0.9247000000D-01 0.8130000000D-03 0.4570000000D-01 0.2451084000D+01 0.9582000000D+00 0.5298000000D+01-0.4542500000D+01-0.5000000000D-03-0.6000000000D-03 0.2856600000D+01 0.4049000000D-01 0.5620000000D-03 0.2080000000D-01 0.5664900000D+01 0.2518700000D+01 0.7913000000D+00-0.1268800000D+01
1 4819971118199711252450770.4-0.1560000000D-01-0.7600000000D-03 0.5989700000D+01 0.8942000000D-01 0.7980000000D-03 0.4570000000D-01 0.2033494000D+01 0.5373000000D+00 0.4965900000D+01-0.5326700000D+01-0.4700000000D-02-0.6500000000D-03 0.2579100000D+01 0.3995000000D-01 0.5420000000D-03 0.1860000000D-01 0.5364300000D+01 0.2011200000D+01 0.2252000000D+00-0.1932000000D+01
1 4919971125199712022450777.4-0.2180000000D-01-0.5800000000D-03 0.6034100000D+01 0.8668000000D-01 0.6930000000D-03 0.4580000000D-01 0.1619688000D+01 0.1058000000D+00 0.4566700000D+01-0.6117800000D+01-0.9400000000D-02-0.6900000000D-03 0.2319000000D+01 0.3921000000D-01 0.5470000000D-03 0.1680000000D-01 0.5088577000D+01 0.1508900000D+01 0.5960400000D+01-0.2570500000D+01
1 5019971202199712092450784.4-0.2700000000D-01-0.5100000000D-03 0.6068500000D+01 0.8452000000D-01 0.6300000000D-03 0.4640000000D-01 0.1209637000D+01 0.5958200000D+01 0.4025800000D+01-0.6166000000D+00-0.1430000000D-01-0.7300000000D-03 0.2092000000D+01 0.3813000000D-01 0.5380000000D-03 0.1530000000D-01 0.4842719000D+01 0.1004500000D+01 0.5457300000D+01-0.3170200000D+01
1 5119971209199712162450791.4-0.3130000000D-01-0.5900000000D-03 0.6088500000D+01 0.8222000000D-01 0.6870000000D-03 0.4650000000D-01 0.8029180000D+00 0.5534000000D+01 0.3521100000D+01-0.1386900000D+01-0.1950000000D-01-0.7600000000D-03 0.1917000000D+01 0.3696000000D-01 0.5030000000D-03 0.1420000000D-01 0.4628699000D+01 0.4957000000D+00 0.4941100000D+01-0.3736300000D+01
1 5219971216199712232450798.4-0.3510000000D-01-0.7100000000D-03 0.6092600000D+01 0.7934000000D-01 0.7560000000D-03 0.4630000000D-01 0.3991040000D+00 0.5109500000D+01 0.3169700000D+01-0.2157900000D+01-0.2480000000D-01-0.7900000000D-03 0.1812200000D+01 0.3576000000D-01 0.4810000000D-03 0.1360000000D-01 0.4441172000D+01 0.6272300000D+01 0.4381800000D+01-0.4289500000D+01
1 5319971223199712302450805.4-0.3890000000D-01-0.7000000000D-03 0.6080700000D+01 0.7629000000D-01 0.7350000000D-03 0.4590000000D-01 0.6281148000D+01 0.4675400000D+01 0.2881700000D+01-0.2933400000D+01-0.3030000000D-01-0.7900000000D-03 0.1787500000D+01 0.3433000000D-01 0.4870000000D-03 0.1380000000D-01 0.4264860000D+01 0.5768600000D+01 0.3846000000D+01-0.4843800000D+01
1 5419971230199801062450812.4-0.4280000000D-01-0.5200000000D-03 0.6052000000D+01 0.7397000000D-01 0.6240000000D-03 0.4580000000D-01 0.5882599000D+01 0.4232600000D+01 0.2528700000D+01-0.3705500000D+01-0.3590000000D-01-0.7700000000D-03 0.1840300000D+01 0.3262000000D-01 0.4890000000D-03 0.1450000000D-01 0.4079152000D+01 0.5258500000D+01 0.3360400000D+01-0.5410000000D+01
1 5519980106199801132450819.4-0.4640000000D-01-0.2700000000D-03 0.6004400000D+01 0.7265000000D-01 0.5360000000D-03 0.4560000000D-01 0.5486317000D+01 0.3794600000D+01 0.2012100000D+01-0.4466500000D+01-0.4140000000D-01-0.7200000000D-03 0.1955400000D+01 0.3094000000D-01 0.4700000000D-03 0.1550000000D-01 0.3868075000D+01 0.4736300000D+01 0.2865800000D+01-0.6003700000D+01
2 5619961231199701072450448.4-0.5500000000D-02 0.0000000000D+00 0.2545320000D+02 0.2448600000D+00 0.1150000000D-02 0.3700000000D-02 0.5070948000D+01 0.4311300000D+01 0.4675000000D+01 0.9170000000D+00 0.3600000000D-02-0.1300000000D-03 0.1580040000D+02 0.1755100000D+00 0.8140000000D-03 0.2200000000D-02 0.1014244000D+01 0.6985000000D+00 0.3504000000D+00 0.3591900000D+01
2 5719970107199701142450455.4-0.5900000000D-02-0.2000000000D-04 0.2677690000D+02 0.2595200000D+00 0.1586000000D-02 0.2900000000D-02 0.2178443000D+01 0.1485900000D+01 0.2540300000D+01 0.1311600000D+01 0.3800000000D-02-0.1500000000D-03 0.1700440000D+02 0.1861600000D+00 0.6250000000D-03 0.2700000000D-02 0.4425902000D+01 0.4114200000D+01 0.4478200000D+01 0.3828700000D+01
2 5819970114199701212450462.4-0.6700000000D-02 0.6000000000D-04 0.2826770000D+02 0.2716200000D+00 0.1463000000D-02 0.2600000000D-02 0.5573520000D+01 0.4992200000D+01 0.5910100000D+01 0.2173200000D+01 0.4400000000D-02-0.2500000000D-03 0.1827940000D+02 0.1945400000D+00 0.5290000000D-03 0.2500000000D-02 0.1556124000D+01 0.1281800000D+01 0.1489900000D+01 0.4185500000D+01
2 5919970121199701282450469.4-0.7500000000D-02 0.8000000000D-04 0.2994640000D+02 0.2845500000D+00 0.2426000000D-02 0.3600000000D-02 0.2691725000D+01 0.2202800000D+01 0.3329100000D+01 0.2932100000D+01 0.4700000000D-02-0.2400000000D-03 0.1961980000D+02 0.2019000000D+00 0.6030000000D-03 0.2100000000D-02 0.4972697000D+01 0.4726700000D+01 0.5806000000D+01 0.4724200000D+01
2 6019970128199702042450476.4-0.8000000000D-02 0.5000000000D-04 0.3180780000D+02 0.3014200000D+00 0.2740000000D-02 0.5400000000D-02 0.6099906000D+01 0.5736200000D+01 0.8120000000D+00 0.3367400000D+01 0.4900000000D-02-0.2100000000D-03 0.2101170000D+02 0.2064200000D+00 0.7160000000D-03 0.2200000000D-02 0.2109496000D+01 0.1911800000D+01 0.3739900000D+01 0.5663100000D+01
2 6119970204199702112450483.4-0.8700000000D-02 0.1100000000D-03 0.3386250000D+02 0.3119800000D+00 0.3019000000D-02 0.6400000000D-02 0.3233082000D+01 0.3013600000D+01 0.4295800000D+01 0.3636400000D+01 0.5400000000D-02-0.2800000000D-03 0.2242780000D+02 0.2043500000D+00 0.9570000000D-03 0.3600000000D-02 0.5533646000D+01 0.5399800000D+01 0.1525200000D+01 0.6223100000D+01
2 6219970211199702182450490.4-0.9400000000D-02 0.1400000000D-03 0.3606180000D+02 0.3270800000D+00 0.4401000000D-02 0.6100000000D-02 0.3759450000D+00 0.2887000000D+00 0.1913700000D+01 0.4038300000D+01 0.5700000000D-02-0.2900000000D-03 0.2381270000D+02 0.1947500000D+00 0.2160000000D-02 0.4400000000D-02 0.2679490000D+01 0.2596900000D+01 0.5134000000D+01 0.3112000000D+00
2 6319970218199702252450497.4-0.1030000000D-01 0.2300000000D-03 0.3835030000D+02 0.3306800000D+00 0.3876000000D-02 0.5100000000D-02 0.3811401000D+01 0.3912200000D+01 0.5647200000D+01 0.4616700000D+01 0.5900000000D-02-0.3000000000D-03 0.2508840000D+02 0.1712000000D+00 0.2845000000D-02 0.4700000000D-02 0.6112752000D+01 0.6134200000D+01 0.2717700000D+01 0.6356000000D+00
2 6419970225199703042450504.4-0.1060000000D-01 0.2100000000D-03 0.4060110000D+02 0.3267100000D+00 0.5765000000D-02 0.5700000000D-02 0.9740650000D+00 0.1232100000D+01 0.3135300000D+01 0.5575400000D+01 0.5700000000D-02-0.2500000000D-03 0.2614970000D+02 0.1329500000D+00 0.4098000000D-02 0.3700000000D-02 0.3267421000D+01 0.3370100000D+01 0.6167600000D+01 0.1164900000D+01
2 6519970304199703112450511.4-0.1140000000D-01 0.3500000000D-03 0.4265980000D+02 0.3110200000D+00 0.6061000000D-02 0.7900000000D-02 0.4428227000D+01 0.4922100000D+01 0.8655000000D+00 0.6141800000D+01 0.6300000000D-02-0.3900000000D-03 0.2687880000D+02 0.8085000000D-01 0.4934000000D-02 0.3500000000D-02 0.4246270000D+00 0.7699000000D+00 0.3620500000D+01 0.2054900000D+01
2 6619970311199703182450518.4-0.1240000000D-01 0.5700000000D-03 0.4431830000D+02 0.2679700000D+00 0.7580000000D-02 0.8900000000D-02 0.1606617000D+01 0.2335400000D+01 0.4502000000D+01 0.3384000000D+00 0.6400000000D-02-0.4200000000D-03 0.2717130000D+02 0.2459000000D-01 0.4925000000D-02 0.4400000000D-02 0.3866685000D+01 0.5192800000D+01 0.8113000000D+00 0.2826100000D+01
2 6719970318199703252450525.4-0.1180000000D-01 0.3900000000D-03 0.4537440000D+02 0.2240100000D+00 0.8335000000D-02 0.8200000000D-02 0.5071174000D+01 0.6171700000D+01 0.2082200000D+01 0.7841000000D+00 0.6000000000D-02-0.3200000000D-03 0.2697370000D+02 0.6557000000D-01 0.4293000000D-02 0.5600000000D-02 0.1024112000D+01 0.3905600000D+01 0.4449500000D+01 0.3305900000D+01
2 6819970325199704012450532.4-0.1200000000D-01 0.4900000000D-03 0.4570460000D+02 0.1832900000D+00 0.7930000000D-02 0.6300000000D-02 0.2252560000D+01 0.3879500000D+01 0.5751800000D+01 0.1612700000D+01 0.6200000000D-02-0.3900000000D-03 0.2633070000D+02 0.1213900000D+00 0.2971000000D-02 0.5000000000D-02 0.4461668000D+01 0.1314900000D+01 0.1777700000D+01 0.3699000000D+01
2 6919970401199704082450539.4-0.1200000000D-01 0.6200000000D-03 0.4528030000D+02 0.1831900000D+00 0.7564000000D-02 0.7400000000D-02 0.5713142000D+01 0.1655900000D+01 0.3114200000D+01 0.2476400000D+01 0.6200000000D-02-0.4300000000D-03 0.2535250000D+02 0.1597500000D+00 0.1470000000D-02 0.4000000000D-02 0.1611546000D+01 0.4872400000D+01 0.5399700000D+01 0.4305700000D+01
2 7019970408199704152450546.4-0.1100000000D-01 0.4500000000D-03 0.4419820000D+02 0.2213200000D+00 0.6168000000D-02 0.8900000000D-02 0.2883840000D+01 0.5588600000D+01 0.6141000000D+00 0.3054400000D+01 0.5700000000D-02-0.3000000000D-03 0.2418750000D+02 0.1772700000D+00 0.8800000000D-03 0.3300000000D-02 0.5039464000D+01 0.2083300000D+01 0.3631300000D+01 0.5099400000D+01
2 7119970415199704222450553.4-0.1040000000D-01 0.4700000000D-03 0.4260140000D+02 0.2573900000D+00 0.4336000000D-02 0.9100000000D-02 0.4612600000D-01 0.3075900000D+01 0.4151200000D+01 0.3421300000D+01 0.5400000000D-02-0.2700000000D-03 0.2297760000D+02 0.1776600000D+00 0.9290000000D-03 0.4000000000D-02 0.2179999000D+01 0.5589800000D+01 0.2039100000D+01 0.5838500000D+01
2 7219970422199704292450560.4-0.9800000000D-02 0.4900000000D-03 0.4069470000D+02 0.2901700000D+00 0.3967000000D-02 0.7000000000D-02 0.3481859000D+01 0.4110000000D+00 0.1704200000D+01 0.3865300000D+01 0.5300000000D-02-0.2800000000D-03 0.2182640000D+02 0.1649800000D+00 0.1294000000D-02 0.4400000000D-02 0.5599687000D+01 0.2770700000D+01 0.5204700000D+01 0.6246200000D+01
2 7319970429199705062450567.4-0.9600000000D-02 0.5400000000D-03 0.3862980000D+02 0.3098700000D+00 0.1880000000D-02 0.5300000000D-02 0.6257150000D+00 0.4018900000D+01 0.5281500000D+01 0.4525200000D+01 0.5100000000D-02-0.2500000000D-03 0.2079050000D+02 0.1516500000D+00 0.1358000000D-02 0.4000000000D-02 0.2733888000D+01 0.6282400000D+01 0.2880500000D+01 0.3375000000D+00
2 7419970506199705132450574.4-0.9000000000D-02 0.4600000000D-03 0.3653070000D+02 0.3184500000D+00 0.2145000000D-02 0.4900000000D-02 0.4043508000D+01 0.1254500000D+01 0.2718300000D+01 0.5389500000D+01 0.4700000000D-02-0.1800000000D-03 0.1988410000D+02 0.1333300000D+00 0.1162000000D-02 0.3000000000D-02 0.6148310000D+01 0.3475300000D+01 0.5878900000D+01 0.7613000000D+00
2 7519970513199705202450581.4-0.8600000000D-02 0.4400000000D-03 0.3447540000D+02 0.3225300000D+00 0.1097000000D-02 0.6000000000D-02 0.1170562000D+01 0.4779800000D+01 0.3802000000D+00 0.5935700000D+01 0.4600000000D-02-0.1800000000D-03 0.1911270000D+02 0.1215700000D+00 0.1109000000D-02 0.2100000000D-02 0.3277743000D+01 0.7133000000D+00 0.3225700000D+01 0.1584800000D+01
2 7619970520199705272450588.4-0.8800000000D-02 0.5500000000D-03 0.3251480000D+02 0.3179200000D+00 0.9880000000D-03 0.5800000000D-02 0.4573309000D+01 0.1979000000D+01 0.3855200000D+01 0.1510000000D-01 0.4700000000D-02-0.2200000000D-03 0.1845730000D+02 0.1094500000D+00 0.7140000000D-03 0.2500000000D-02 0.4045060000D+00 0.4235000000D+01 0.1007000000D+00 0.2387600000D+01
2 7719970527199706032450595.4-0.8500000000D-02 0.4600000000D-03 0.3067420000D+02 0.3135300000D+00 0.6960000000D-03 0.5000000000D-02 0.1686738000D+01 0.5454200000D+01 0.1601100000D+01 0.3821000000D+00 0.4500000000D-02-0.1600000000D-03 0.1790760000D+02 0.1041800000D+00 0.7000000000D-03 0.3000000000D-02 0.3812018000D+01 0.1465200000D+01 0.3386100000D+01 0.2898800000D+01
2 7819970603199706102450602.4-0.8000000000D-02 0.3800000000D-03 0.2895750000D+02 0.3068400000D+00 0.5780000000D-03 0.3500000000D-02 0.5077577000D+01 0.2629100000D+01 0.5516700000D+01 0.8834000000D+00 0.4400000000D-02-0.1300000000D-03 0.1743490000D+02 0.1017700000D+00 0.3640000000D-03 0.3200000000D-02 0.9336090000D+00 0.4993300000D+01 0.5976000000D+00 0.3202100000D+01
2 7919970610199706172450609.4-0.7900000000D-02 0.4000000000D-03 0.2736510000D+02 0.2981800000D+00 0.4350000000D-03 0.3000000000D-02 0.2179870000D+01 0.6069200000D+01 0.2396000000D+01 0.1757300000D+01 0.4400000000D-02-0.1400000000D-03 0.1702900000D+02 0.9976000000D-01 0.5680000000D-03 0.2500000000D-02 0.4335112000D+01 0.2190900000D+01 0.3164400000D+01 0.3574300000D+01
2 8019970617199706242450616.4-0.7800000000D-02 0.3900000000D-03 0.2589340000D+02 0.2933300000D+00 0.8420000000D-03 0.3600000000D-02 0.5560774000D+01 0.3231400000D+01 0.5814000000D+00 0.2375900000D+01 0.4400000000D-02-0.1100000000D-03 0.1667170000D+02 0.1047600000D+00 0.4200000000D-04 0.1900000000D-02 0.1450855000D+01 0.5689100000D+01 0.2338900000D+01 0.4176100000D+01
2 8119970624199707012450623.4-0.7300000000D-02 0.2900000000D-03 0.2453450000D+02 0.2829600000D+00 0.2650000000D-03 0.4100000000D-02 0.2653504000D+01 0.3651000000D+00 0.4180900000D+01 0.2770800000D+01 0.4100000000D-02-0.5000000000D-04 0.1635080000D+02 0.1043800000D+00 0.5100000000D-03 0.1800000000D-02 0.4846033000D+01 0.2844700000D+01 0.2993500000D+01 0.5006600000D+01
2 8219970701199707082450630.4-0.7000000000D-02 0.2500000000D-03 0.2328000000D+02 0.2802100000D+00 0.8350000000D-03 0.3900000000D-02 0.6025477000D+01 0.3790700000D+01 0.1371100000D+01 0.3014800000D+01 0.3900000000D-02-0.4000000000D-04 0.1605390000D+02 0.1114700000D+00 0.1980000000D-03 0.2300000000D-02 0.1955598000D+01 0.4700000000D-02 0.4985000000D+01 0.5597400000D+01
2 8319970708199707152450637.4-0.7000000000D-02 0.2900000000D-03 0.2211850000D+02 0.2713700000D+00 0.5050000000D-03 0.3000000000D-02 0.3109347000D+01 0.9157000000D+00 0.5422400000D+01 0.3338400000D+01 0.3900000000D-02-0.3000000000D-04 0.1577020000D+02 0.1120400000D+00 0.5890000000D-03 0.2500000000D-02 0.5344725000D+01 0.3418200000D+01 0.2969200000D+01 0.5896200000D+01
2 8419970715199707222450644.4-0.6700000000D-02 0.2300000000D-03 0.2105080000D+02 0.2698900000D+00 0.8050000000D-03 0.2000000000D-02 0.1891860000D+00 0.4324000000D+01 0.2110200000D+01 0.3863900000D+01 0.3600000000D-02 0.1000000000D-04 0.1549610000D+02 0.1193400000D+00 0.3680000000D-03 0.2300000000D-02 0.2448414000D+01 0.5392000000D+00 0.5344300000D+01 0.6201200000D+01
2 8519970722199707292450651.4-0.6400000000D-02 0.1800000000D-03 0.2006320000D+02 0.2639100000D+00 0.8370000000D-03 0.1600000000D-02 0.3547323000D+01 0.1443400000D+01 0.5950300000D+01 0.4812500000D+01 0.3400000000D-02 0.1000000000D-04 0.1521940000D+02 0.1205000000D+00 0.6500000000D-03 0.1600000000D-02 0.5832064000D+01 0.3933100000D+01 0.2872400000D+01 0.2612000000D+00
2 8619970729199708052450658.4-0.6300000000D-02 0.1900000000D-03 0.1915960000D+02 0.2611800000D+00 0.6910000000D-03 0.2200000000D-02 0.6177030000D+00 0.4833500000D+01 0.3137200000D+01 0.5443200000D+01 0.3300000000D-02 0.1000000000D-04 0.1493980000D+02 0.1247100000D+00 0.5060000000D-03 0.1100000000D-02 0.2930381000D+01 0.1019600000D+01 0.6091100000D+01 0.1148400000D+01
2 8719970805199708122450665.4-0.6200000000D-02 0.1600000000D-03 0.1832820000D+02 0.2604700000D+00 0.1070000000D-02 0.2500000000D-02 0.3966488000D+01 0.1949400000D+01 0.1115000000D+00 0.5771100000D+01 0.3100000000D-02 0.4000000000D-04 0.1464460000D+02 0.1276200000D+00 0.8140000000D-03 0.1300000000D-02 0.2638000000D-01 0.4403400000D+01 0.2891000000D+01 0.2042600000D+01
2 8819970812199708192450672.4-0.5800000000D-02 0.9000000000D-04 0.1757660000D+02 0.2568100000D+00 0.8520000000D-03 0.2500000000D-02 0.1026631000D+01 0.5329200000D+01 0.3864700000D+01 0.6031400000D+01 0.2900000000D-02 0.6000000000D-04 0.1433820000D+02 0.1286600000D+00 0.6670000000D-03 0.1800000000D-02 0.3403425000D+01 0.1468400000D+01 0.1542000000D+00 0.2510400000D+01
2 8919970819199708262450679.4-0.5600000000D-02 0.7000000000D-04 0.1689930000D+02 0.2585800000D+00 0.1168000000D-02 0.1900000000D-02 0.4365248000D+01 0.2434700000D+01 0.6275000000D+00 0.6279200000D+01 0.2800000000D-02 0.4000000000D-04 0.1400870000D+02 0.1316300000D+00 0.9710000000D-03 0.2000000000D-02 0.4959640000D+00 0.4833700000D+01 0.3099300000D+01 0.2734200000D+01
2 9019970826199709022450686.4-0.5400000000D-02 0.3000000000D-04 0.1629980000D+02 0.2548300000D+00 0.1060000000D-02 0.1300000000D-02 0.1414910000D+01 0.5807900000D+01 0.4503100000D+01 0.5759000000D+00 0.2600000000D-02 0.9000000000D-04 0.1365690000D+02 0.1298700000D+00 0.8160000000D-03 0.1600000000D-02 0.3869953000D+01 0.1882300000D+01 0.4951000000D+00 0.2996900000D+01
2 9119970902199709092450693.4-0.5000000000D-02-0.2000000000D-04 0.1577860000D+02 0.2591500000D+00 0.1274000000D-02 0.1200000000D-02 0.4743271000D+01 0.2903700000D+01 0.1091700000D+01 0.1368200000D+01 0.2300000000D-02 0.1100000000D-03 0.1327470000D+02 0.1324900000D+00 0.1153000000D-02 0.1100000000D-02 0.9605120000D+00 0.5231000000D+01 0.3374400000D+01 0.3441600000D+01
2 9219970909199709162450700.4-0.4600000000D-02-0.5000000000D-04 0.1533870000D+02 0.2560300000D+00 0.1255000000D-02 0.1500000000D-02 0.1782830000D+01 0.6272300000D+01 0.4845700000D+01 0.2044800000D+01 0.2100000000D-02 0.1100000000D-03 0.1286120000D+02 0.1292300000D+00 0.1007000000D-02 0.7000000000D-03 0.4333279000D+01 0.2265600000D+01 0.6344000000D+00 0.4354000000D+01
2 9319970916199709232450707.4-0.4400000000D-02-0.6000000000D-04 0.1498340000D+02 0.2588100000D+00 0.1340000000D-02 0.1800000000D-02 0.5101793000D+01 0.3356300000D+01 0.1656800000D+01 0.2319000000D+01 0.1900000000D-02 0.1100000000D-03 0.1241200000D+02 0.1289500000D+00 0.1244000000D-02 0.1100000000D-02 0.1423625000D+01 0.5589500000D+01 0.3751300000D+01 0.5171000000D+01
2 9419970923199709302450714.4-0.3900000000D-02-0.1200000000D-03 0.1471110000D+02 0.2572800000D+00 0.1469000000D-02 0.1700000000D-02 0.2133550000D+01 0.4365000000D+00 0.5185000000D+01 0.2511900000D+01 0.1500000000D-02 0.1600000000D-03 0.1192320000D+02 0.1256100000D+00 0.1217000000D-02 0.1300000000D-02 0.4797837000D+01 0.2608300000D+01 0.8492000000D+00 0.5465500000D+01
2 9519970930199710072450721.4-0.3600000000D-02-0.1200000000D-03 0.1452330000D+02 0.2585600000D+00 0.1453000000D-02 0.1400000000D-02 0.5446109000D+01 0.3792500000D+01 0.2121000000D+01 0.2753500000D+01 0.1400000000D-02 0.1300000000D-03 0.1139230000D+02 0.1233600000D+00 0.1340000000D-02 0.1200000000D-02 0.1890962000D+01 0.5906100000D+01 0.4060600000D+01 0.5724600000D+01
2 9619971007199710142450728.4-0.3400000000D-02-0.1000000000D-03 0.1441410000D+02 0.2578500000D+00 0.1636000000D-02 0.9000000000D-03 0.2473724000D+01 0.8656000000D+00 0.5441900000D+01 0.3068500000D+01 0.1300000000D-02 0.1100000000D-03 0.1081790000D+02 0.1199400000D+00 0.1434000000D-02 0.8000000000D-03 0.5270116000D+01 0.2908300000D+01 0.1065800000D+01 0.5929400000D+01
2 9719971014199710212450735.4-0.3000000000D-02-0.1300000000D-03 0.1438050000D+02 0.2552400000D+00 0.1626000000D-02 0.6000000000D-03 0.5784146000D+01 0.4212700000D+01 0.2584900000D+01 0.4306600000D+01 0.1100000000D-02 0.1000000000D-03 0.1020110000D+02 0.1159200000D+00 0.1348000000D-02 0.4000000000D-03 0.2370277000D+01 0.6173700000D+01 0.4365000000D+01 0.4842000000D+00
2 9819971021199710282450742.4-0.2600000000D-02-0.1500000000D-03 0.1440950000D+02 0.2551400000D+00 0.1799000000D-02 0.1000000000D-02 0.2812558000D+01 0.1274300000D+01 0.5709300000D+01 0.5100400000D+01 0.9000000000D-03 0.1200000000D-03 0.9543900000D+01 0.1131300000D+00 0.1593000000D-02 0.5000000000D-03 0.5759902000D+01 0.3162100000D+01 0.1313600000D+01 0.1847100000D+01
2 9919971028199711042450749.4-0.2400000000D-02-0.1100000000D-03 0.1449010000D+02 0.2495500000D+00 0.1817000000D-02 0.1400000000D-02 0.6125638000D+01 0.4613400000D+01 0.2919600000D+01 0.5431200000D+01 0.9000000000D-03 0.7000000000D-04 0.8852500000D+01 0.1091000000D+00 0.1389000000D-02 0.8000000000D-03 0.2874010000D+01 0.1169000000D+00 0.4600500000D+01 0.2275700000D+01
210019971104199711112450756.4-0.2100000000D-02-0.1000000000D-03 0.1460740000D+02 0.2476300000D+00 0.1895000000D-02 0.1600000000D-02 0.3158749000D+01 0.1662300000D+01 0.6043300000D+01 0.5552700000D+01 0.8000000000D-03 0.8000000000D-04 0.8137600000D+01 0.1064500000D+00 0.1573000000D-02 0.9000000000D-03 0.6282629000D+01 0.3371400000D+01 0.1545100000D+01 0.2419200000D+01
210119971111199711182450763.4-0.1600000000D-02-0.1500000000D-03 0.1474440000D+02 0.2403500000D+00 0.1996000000D-02 0.1400000000D-02 0.1948190000D+00 0.4994000000D+01 0.3218300000D+01 0.5706300000D+01 0.7000000000D-03 0.8000000000D-04 0.7414800000D+01 0.1030500000D+00 0.1392000000D-02 0.6000000000D-03 0.3421980000D+01 0.3150000000D+00 0.4797500000D+01 0.2602100000D+01
210219971118199711252450770.4-0.1400000000D-02-0.1100000000D-03 0.1488770000D+02 0.2360600000D+00 0.1951000000D-02 0.9000000000D-03 0.3518280000D+01 0.2029000000D+01 0.1190000000D+00 0.5969400000D+01 0.6000000000D-03 0.9000000000D-04 0.6708100000D+01 0.1004600000D+00 0.1483000000D-02 0.3000000000D-03 0.5805090000D+00 0.3558400000D+01 0.1743700000D+01 0.3067000000D+01
210319971125199712022450777.4-0.1100000000D-02-0.8000000000D-04 0.1501650000D+02 0.2289900000D+00 0.2069000000D-02 0.3000000000D-03 0.5621450000D+00 0.5351300000D+01 0.3479100000D+01 0.6141000000D+00 0.7000000000D-03 0.6000000000D-04 0.6046000000D+01 0.9746000000D-01 0.1393000000D-02 0.2000000000D-03 0.4045714000D+01 0.5039000000D+00 0.4962400000D+01 0.5172700000D+01
210419971202199712092450784.4-0.7000000000D-03-0.9000000000D-04 0.1512400000D+02 0.2215100000D+00 0.1937000000D-02 0.8000000000D-03 0.3893033000D+01 0.2378500000D+01 0.5604000000D+00 0.1984200000D+01 0.6000000000D-03 0.9000000000D-04 0.5469000000D+01 0.9453000000D-01 0.1358000000D-02 0.4000000000D-03 0.1256267000D+01 0.3735800000D+01 0.1864600000D+01 0.5400200000D+01
210519971209199712162450791.4-0.3000000000D-03-0.8000000000D-04 0.1519420000D+02 0.2168100000D+00 0.2084000000D-02 0.1200000000D-02 0.9445330000D+00 0.5691900000D+01 0.3742800000D+01 0.2267100000D+01 0.7000000000D-03 0.8000000000D-04 0.5021500000D+01 0.9062000000D-01 0.1341000000D-02 0.4000000000D-03 0.4780316000D+01 0.6861000000D+00 0.5115700000D+01 0.5648200000D+01
210619971216199712232450798.4-0.1000000000D-03-0.1000000000D-04 0.1522430000D+02 0.2077400000D+00 0.1881000000D-02 0.1400000000D-02 0.4282097000D+01 0.2713800000D+01 0.9605000000D+00 0.2461600000D+01 0.7000000000D-03 0.8000000000D-04 0.4746600000D+01 0.8723000000D-01 0.1319000000D-02 0.2000000000D-03 0.2045895000D+01 0.3912600000D+01 0.1979500000D+01 0.5934300000D+01
210719971223199712302450805.4 0.0000000000D+00 0.0000000000D+00 0.1520520000D+02 0.2047700000D+00 0.1949000000D-02 0.1200000000D-02 0.1339835000D+01 0.6021100000D+01 0.4077200000D+01 0.2591100000D+01 0.9000000000D-03 0.6000000000D-04 0.4668900000D+01 0.8239000000D-01 0.1273000000D-02 0.2000000000D-03 0.5605813000D+01 0.8531000000D+00 0.5256800000D+01 0.1886000000D+01
210819971230199801062450812.4 0.3000000000D-03 0.3000000000D-04 0.1513740000D+02 0.1960300000D+00 0.1754000000D-02 0.7000000000D-03 0.4682546000D+01 0.3044200000D+01 0.1390200000D+01 0.3111700000D+01 0.9000000000D-03 0.9000000000D-04 0.4782800000D+01 0.7888000000D-01 0.1335000000D-02 0.5000000000D-03 0.2873899000D+01 0.4071000000D+01 0.2111100000D+01 0.2277100000D+01
210919980106199801132450819.4 0.5000000000D-03 0.7000000000D-04 0.1502160000D+02 0.1954600000D+00 0.1807000000D-02 0.6000000000D-03 0.1744690000D+01 0.6950000000D-01 0.4406600000D+01 0.4278300000D+01 0.1100000000D-02 0.9000000000D-04 0.5053100000D+01 0.7377000000D-01 0.1215000000D-02 0.5000000000D-03 0.1192040000D+00 0.9861000000D+00 0.5408500000D+01 0.2455600000D+01
