 7 5   2  44  56  71  95 4.4880 2.4930 1.5162 0.7217 0.4667  9.0 31.0 27.0 17.0 22.0  112 2454465.5000 2008                                                                                                                                                                                                                                                                      
1  220071231200801092454465.4 0.3500000000D-02-0.1100000000D-03 0.2033300000D+01 0.9374000000D-01 0.2085000000D-02 0.1400000000D-02 0.2951675000D+01 0.1379500000D+01 0.5910700000D+01 0.1660000000D+01-0.1620000000D-01 0.5000000000D-03 0.8512300000D+01 0.3718300000D+00 0.7815000000D-02 0.5900000000D-02 0.6227353000D+01 0.4634900000D+01 0.2847800000D+01 0.4941800000D+01
1  320080109200801182454474.4 0.2500000000D-02 0.1100000000D-03 0.2035300000D+01 0.9437000000D-01 0.2111000000D-02 0.1600000000D-02 0.5234683000D+01 0.3667400000D+01 0.1926000000D+01 0.6262300000D+01-0.1250000000D-01-0.3600000000D-03 0.8452900000D+01 0.3674400000D+00 0.7713000000D-02 0.6700000000D-02 0.2250027000D+01 0.6598000000D+00 0.5172700000D+01 0.3253000000D+01
1  420080118200801272454483.4 0.2400000000D-02 0.8000000000D-04 0.2041700000D+01 0.9542000000D-01 0.2145000000D-02 0.1500000000D-02 0.1232014000D+01 0.5952300000D+01 0.4201600000D+01 0.4395300000D+01-0.1180000000D-01-0.4000000000D-03 0.8400700000D+01 0.3652200000D+00 0.7643000000D-02 0.6000000000D-02 0.4557027000D+01 0.2967800000D+01 0.1187200000D+01 0.1457900000D+01
1  520080127200802052454492.4 0.2900000000D-02-0.4000000000D-04 0.2051600000D+01 0.9649000000D-01 0.2214000000D-02 0.1600000000D-02 0.3510201000D+01 0.1956600000D+01 0.1989000000D+00 0.2715200000D+01-0.1340000000D-01 0.5000000000D-04 0.8351300000D+01 0.3632500000D+00 0.7706000000D-02 0.6300000000D-02 0.5814660000D+00 0.5281100000D+01 0.3492100000D+01 0.6061400000D+01
1  620080205200802142454501.4 0.3300000000D-02-0.1000000000D-03 0.2067400000D+01 0.9722000000D-01 0.2205000000D-02 0.1500000000D-02 0.5786639000D+01 0.4235800000D+01 0.2491300000D+01 0.9293000000D+00-0.1580000000D-01 0.4500000000D-03 0.8313800000D+01 0.3596000000D+00 0.7502000000D-02 0.5800000000D-02 0.2889448000D+01 0.1305700000D+01 0.5818900000D+01 0.4337700000D+01
1  720080214200802232454510.4 0.3000000000D-02-0.3000000000D-04 0.2088200000D+01 0.9861000000D-01 0.2215000000D-02 0.1400000000D-02 0.1779852000D+01 0.2314000000D+00 0.4758100000D+01 0.5568700000D+01-0.1560000000D-01 0.2400000000D-03 0.8284900000D+01 0.3585300000D+00 0.7395000000D-02 0.5400000000D-02 0.5198784000D+01 0.3615100000D+01 0.1837300000D+01 0.2772500000D+01
1  820080223200803032454519.4 0.2000000000D-02 0.1400000000D-03 0.2112600000D+01 0.9965000000D-01 0.2264000000D-02 0.1400000000D-02 0.4055673000D+01 0.2515600000D+01 0.7625000000D+00 0.3814000000D+01-0.1170000000D-01-0.5500000000D-03 0.8260500000D+01 0.3566200000D+00 0.7398000000D-02 0.5300000000D-02 0.1225186000D+01 0.5929900000D+01 0.4158500000D+01 0.1054000000D+01
1  920080303200803122454528.4 0.2400000000D-02 0.2000000000D-04 0.2142700000D+01 0.1007100000D+00 0.2268000000D-02 0.1300000000D-02 0.4895200000D-01 0.4794800000D+01 0.3048200000D+01 0.2266000000D+01-0.1250000000D-01-0.2300000000D-03 0.8248100000D+01 0.3550400000D+00 0.7332000000D-02 0.5500000000D-02 0.3535486000D+01 0.1958700000D+01 0.1949000000D+00 0.5819000000D+01
1 1020080312200803212454537.4 0.3400000000D-02-0.1800000000D-03 0.2176800000D+01 0.1017800000D+00 0.2287000000D-02 0.1300000000D-02 0.2326703000D+01 0.7932000000D+00 0.5342700000D+01 0.5916000000D+00-0.1630000000D-01 0.5400000000D-03 0.8243000000D+01 0.3535400000D+00 0.7371000000D-02 0.5500000000D-02 0.5846376000D+01 0.4274500000D+01 0.2527900000D+01 0.4155000000D+01
1 1120080321200803302454546.4 0.2900000000D-02-0.2000000000D-04 0.2214400000D+01 0.1031100000D+00 0.2312000000D-02 0.1400000000D-02 0.4606153000D+01 0.3076800000D+01 0.1339400000D+01 0.5155600000D+01-0.1610000000D-01 0.2900000000D-03 0.8247300000D+01 0.3535800000D+00 0.7329000000D-02 0.5600000000D-02 0.1874694000D+01 0.3053000000D+00 0.4837900000D+01 0.2469000000D+01
1 1220080330200804082454555.4 0.2200000000D-02 0.1000000000D-03 0.2255200000D+01 0.1047300000D+00 0.2369000000D-02 0.1700000000D-02 0.6048480000D+00 0.5363200000D+01 0.3613300000D+01 0.3522900000D+01-0.1410000000D-01-0.1700000000D-03 0.8260500000D+01 0.3552100000D+00 0.7410000000D-02 0.6400000000D-02 0.4187071000D+01 0.2621000000D+01 0.8540000000D+00 0.7471000000D+00
1 1320080408200804172454564.4 0.2200000000D-02 0.5000000000D-04 0.2298700000D+01 0.1056800000D+00 0.2377000000D-02 0.1700000000D-02 0.2888695000D+01 0.1365700000D+01 0.5919600000D+01 0.1747500000D+01-0.1250000000D-01-0.4200000000D-03 0.8281300000D+01 0.3545800000D+00 0.7427000000D-02 0.6000000000D-02 0.2160550000D+00 0.4937100000D+01 0.3192900000D+01 0.5331600000D+01
1 1420080417200804262454573.4 0.2800000000D-02-0.6000000000D-04 0.2344500000D+01 0.1073200000D+00 0.2379000000D-02 0.1800000000D-02 0.5175633000D+01 0.3651400000D+01 0.1905000000D+01 0.6020000000D-01-0.1450000000D-01 0.6000000000D-04 0.8312800000D+01 0.3563800000D+00 0.7382000000D-02 0.6300000000D-02 0.2528786000D+01 0.9668000000D+00 0.5494800000D+01 0.3618500000D+01
1 1520080426200805052454582.4 0.3400000000D-02-0.1600000000D-03 0.2390400000D+01 0.1088200000D+00 0.2415000000D-02 0.1900000000D-02 0.1182295000D+01 0.5942200000D+01 0.4188600000D+01 0.4518300000D+01-0.1820000000D-01 0.7000000000D-03 0.8350700000D+01 0.3579100000D+00 0.7397000000D-02 0.5800000000D-02 0.4841769000D+01 0.3281200000D+01 0.1531200000D+01 0.1831000000D+01
1 1620080505200805142454591.4 0.2400000000D-02 0.7000000000D-04 0.2436700000D+01 0.1098300000D+00 0.2401000000D-02 0.1800000000D-02 0.3474787000D+01 0.1948800000D+01 0.2050000000D+00 0.2935500000D+01-0.1570000000D-01 0.0000000000D+00 0.8394400000D+01 0.3592200000D+00 0.7407000000D-02 0.6100000000D-02 0.8714410000D+00 0.5595700000D+01 0.3855400000D+01 0.3000000000D+00
1 1720080514200805232454600.4 0.1700000000D-02 0.1800000000D-03 0.2482200000D+01 0.1109000000D+00 0.2426000000D-02 0.1800000000D-02 0.5770445000D+01 0.4243400000D+01 0.2499900000D+01 0.1072900000D+01-0.1290000000D-01-0.5300000000D-03 0.8443300000D+01 0.3616100000D+00 0.7616000000D-02 0.5100000000D-02 0.3184393000D+01 0.1630700000D+01 0.6170800000D+01 0.4846500000D+01
1 1820080523200806012454609.4 0.2800000000D-02-0.7000000000D-04 0.2525600000D+01 0.1118300000D+00 0.2413000000D-02 0.1600000000D-02 0.1786061000D+01 0.2550000000D+00 0.4799400000D+01 0.5803200000D+01-0.1470000000D-01-0.5000000000D-04 0.8499400000D+01 0.3632600000D+00 0.7565000000D-02 0.5700000000D-02 0.5497169000D+01 0.3942400000D+01 0.2217500000D+01 0.3313600000D+01
1 1920080601200806102454618.4 0.3300000000D-02-0.1300000000D-03 0.2566000000D+01 0.1130500000D+00 0.2426000000D-02 0.1700000000D-02 0.4088141000D+01 0.2553600000D+01 0.7945000000D+00 0.4098400000D+01-0.1710000000D-01 0.3700000000D-03 0.8558900000D+01 0.3674500000D+00 0.7643000000D-02 0.5400000000D-02 0.1526869000D+01 0.6255700000D+01 0.4510100000D+01 0.1634000000D+01
1 2020080610200806192454627.4 0.2900000000D-02 0.0000000000D+00 0.2602500000D+01 0.1133300000D+00 0.2470000000D-02 0.1500000000D-02 0.1095480000D+00 0.4858100000D+01 0.3113000000D+01 0.2548900000D+01-0.1810000000D-01 0.4100000000D-03 0.8618700000D+01 0.3702500000D+00 0.7902000000D-02 0.6000000000D-02 0.3839071000D+01 0.2289800000D+01 0.5470000000D+00 0.1119000000D+00
1 2120080619200806282454636.4 0.2200000000D-02 0.1400000000D-03 0.2635500000D+01 0.1139800000D+00 0.2414000000D-02 0.1800000000D-02 0.2417555000D+01 0.8739000000D+00 0.5405500000D+01 0.8198000000D+00-0.1500000000D-01-0.3000000000D-03 0.8684300000D+01 0.3733000000D+00 0.7810000000D-02 0.5900000000D-02 0.6150953000D+01 0.4597400000D+01 0.2861200000D+01 0.4558400000D+01
1 2220080628200807072454645.4 0.2200000000D-02 0.1200000000D-03 0.2662900000D+01 0.1147200000D+00 0.2412000000D-02 0.1700000000D-02 0.4728556000D+01 0.3179000000D+01 0.1404600000D+01 0.5565500000D+01-0.1320000000D-01-0.6000000000D-03 0.8748500000D+01 0.3768800000D+00 0.7912000000D-02 0.6700000000D-02 0.2179152000D+01 0.6252000000D+00 0.5167700000D+01 0.2964900000D+01
1 2320080707200807162454654.4 0.3500000000D-02-0.1400000000D-03 0.2684400000D+01 0.1142700000D+00 0.2406000000D-02 0.2000000000D-02 0.7584860000D+00 0.5487600000D+01 0.3733000000D+01 0.3794700000D+01-0.1750000000D-01 0.3500000000D-03 0.8810100000D+01 0.3795200000D+00 0.8035000000D-02 0.6600000000D-02 0.4489719000D+01 0.2935900000D+01 0.1202900000D+01 0.1133500000D+01
1 2420080716200807252454663.4 0.3700000000D-02-0.1100000000D-03 0.2699800000D+01 0.1144400000D+00 0.2386000000D-02 0.1900000000D-02 0.3074629000D+01 0.1513700000D+01 0.6026000000D+01 0.2113300000D+01-0.1900000000D-01 0.5100000000D-03 0.8868200000D+01 0.3840700000D+00 0.8144000000D-02 0.6300000000D-02 0.5168010000D+00 0.5244500000D+01 0.3492700000D+01 0.5784900000D+01
1 2520080725200808032454672.4 0.2500000000D-02 0.1700000000D-03 0.2709000000D+01 0.1138300000D+00 0.2358000000D-02 0.2200000000D-02 0.5392781000D+01 0.3825600000D+01 0.2062700000D+01 0.4162000000D+00-0.1640000000D-01-0.1900000000D-03 0.8921400000D+01 0.3854600000D+00 0.8284000000D-02 0.6600000000D-02 0.2825708000D+01 0.1270700000D+01 0.5820200000D+01 0.3967600000D+01
1 2620080803200808122454681.4 0.2500000000D-02 0.1400000000D-03 0.2711900000D+01 0.1133200000D+00 0.2323000000D-02 0.1800000000D-02 0.1430160000D+01 0.6138600000D+01 0.4372500000D+01 0.5025800000D+01-0.1480000000D-01-0.4500000000D-03 0.8970900000D+01 0.3889100000D+00 0.8264000000D-02 0.5800000000D-02 0.5134401000D+01 0.3574200000D+01 0.1831500000D+01 0.2461800000D+01
1 2720080812200808212454690.4 0.3300000000D-02-0.3000000000D-04 0.2707500000D+01 0.1131300000D+00 0.2354000000D-02 0.2000000000D-02 0.3752778000D+01 0.2176300000D+01 0.3866000000D+00 0.3302100000D+01-0.1540000000D-01-0.2200000000D-03 0.9009000000D+01 0.3935300000D+00 0.8412000000D-02 0.5800000000D-02 0.1159365000D+01 0.5880800000D+01 0.4109400000D+01 0.6913000000D+00
1 2820080821200808302454699.4 0.3900000000D-02-0.1100000000D-03 0.2699000000D+01 0.1118400000D+00 0.2276000000D-02 0.1700000000D-02 0.6076315000D+01 0.4491300000D+01 0.2722400000D+01 0.1672300000D+01-0.1910000000D-01 0.5100000000D-03 0.9040600000D+01 0.3933100000D+00 0.8416000000D-02 0.5600000000D-02 0.3465881000D+01 0.1901100000D+01 0.1549000000D+00 0.5458900000D+01
1 2920080830200809082454708.4 0.3700000000D-02 0.0000000000D+00 0.2685500000D+01 0.1112300000D+00 0.2238000000D-02 0.1800000000D-02 0.2118282000D+01 0.5266000000D+00 0.5031300000D+01 0.9890000000D-01-0.1930000000D-01 0.3600000000D-03 0.9062500000D+01 0.3955500000D+00 0.8449000000D-02 0.6200000000D-02 0.5772210000D+01 0.4203200000D+01 0.2447800000D+01 0.3786600000D+01
1 3020080908200809172454717.4 0.2600000000D-02 0.2200000000D-03 0.2666500000D+01 0.1104600000D+00 0.2241000000D-02 0.1600000000D-02 0.4443790000D+01 0.2851200000D+01 0.1069100000D+01 0.4717200000D+01-0.1460000000D-01-0.6500000000D-03 0.9071500000D+01 0.3968900000D+00 0.8471000000D-02 0.5800000000D-02 0.1794481000D+01 0.2225000000D+00 0.4743700000D+01 0.2210900000D+01
1 3120080917200809262454726.4 0.3100000000D-02 0.7000000000D-04 0.2645900000D+01 0.1094200000D+00 0.2192000000D-02 0.1800000000D-02 0.4860290000D+00 0.5171000000D+01 0.3402200000D+01 0.3096700000D+01-0.1510000000D-01-0.3500000000D-03 0.9071000000D+01 0.3969000000D+00 0.8473000000D-02 0.6600000000D-02 0.4099217000D+01 0.2523100000D+01 0.7631000000D+00 0.4061000000D+00
1 3220080926200810052454735.4 0.4300000000D-02-0.1500000000D-03 0.2621800000D+01 0.1085600000D+00 0.2214000000D-02 0.1800000000D-02 0.2811000000D+01 0.1214300000D+01 0.5741800000D+01 0.1447700000D+01-0.1830000000D-01 0.3600000000D-03 0.9054900000D+01 0.3971700000D+00 0.8683000000D-02 0.6700000000D-02 0.1203400000D+00 0.4828800000D+01 0.3063000000D+01 0.5009000000D+01
1 3320081005200810142454744.4 0.4100000000D-02-0.4000000000D-04 0.2597000000D+01 0.1080900000D+00 0.2198000000D-02 0.1900000000D-02 0.5134788000D+01 0.3536800000D+01 0.1775900000D+01 0.6089200000D+01-0.1900000000D-01 0.3400000000D-03 0.9032200000D+01 0.3964700000D+00 0.8509000000D-02 0.6900000000D-02 0.2424011000D+01 0.8429000000D+00 0.5355500000D+01 0.3310300000D+01
1 3420081014200810232454753.4 0.3500000000D-02 0.1000000000D-03 0.2572300000D+01 0.1080100000D+00 0.2206000000D-02 0.2000000000D-02 0.1173900000D+01 0.5858400000D+01 0.4084800000D+01 0.4285600000D+01-0.1750000000D-01-0.6000000000D-04 0.8999200000D+01 0.3962000000D+00 0.8461000000D-02 0.6500000000D-02 0.4727683000D+01 0.3141900000D+01 0.1356300000D+01 0.1481000000D+01
1 3520081023200811012454762.4 0.3100000000D-02 0.1500000000D-03 0.2547100000D+01 0.1074600000D+00 0.2237000000D-02 0.1900000000D-02 0.3493315000D+01 0.1899000000D+01 0.1437000000D+00 0.2672700000D+01-0.1410000000D-01-0.6200000000D-03 0.8951900000D+01 0.3941000000D+00 0.8530000000D-02 0.6600000000D-02 0.7475680000D+00 0.5445900000D+01 0.3662000000D+01 0.6130300000D+01
1 3620081101200811102454771.4 0.3800000000D-02-0.1000000000D-04 0.2524800000D+01 0.1076000000D+00 0.2222000000D-02 0.1800000000D-02 0.5810120000D+01 0.4214500000D+01 0.2450900000D+01 0.9162000000D+00-0.1600000000D-01-0.8000000000D-04 0.8902000000D+01 0.3918700000D+00 0.8337000000D-02 0.6100000000D-02 0.3050571000D+01 0.1460000000D+01 0.5954600000D+01 0.4405300000D+01
1 3720081110200811192454780.4 0.4800000000D-02-0.1700000000D-03 0.2504200000D+01 0.1077200000D+00 0.2223000000D-02 0.1600000000D-02 0.1840479000D+01 0.2454000000D+00 0.4771100000D+01 0.5537900000D+01-0.2000000000D-01 0.6800000000D-03 0.8844000000D+01 0.3883600000D+00 0.8213000000D-02 0.5500000000D-02 0.5353634000D+01 0.3760200000D+01 0.1983700000D+01 0.2823400000D+01
1 3820081119200811282454789.4 0.3900000000D-02 0.4000000000D-04 0.2485500000D+01 0.1077700000D+00 0.2255000000D-02 0.1700000000D-02 0.4150090000D+01 0.2559600000D+01 0.8126000000D+00 0.3885100000D+01-0.1760000000D-01 0.2000000000D-04 0.8778500000D+01 0.3854100000D+00 0.8176000000D-02 0.5700000000D-02 0.1373619000D+01 0.6063600000D+01 0.4282200000D+01 0.1116300000D+01
1 3920081128200812072454798.4 0.3100000000D-02 0.1700000000D-03 0.2470100000D+01 0.1083300000D+00 0.2324000000D-02 0.1400000000D-02 0.1729540000D+00 0.4872000000D+01 0.3117600000D+01 0.2291700000D+01-0.1470000000D-01-0.5100000000D-03 0.8710400000D+01 0.3828900000D+00 0.8219000000D-02 0.5400000000D-02 0.3677184000D+01 0.2085300000D+01 0.2911000000D+00 0.5898200000D+01
1 4020081207200812162454807.4 0.3800000000D-02 0.0000000000D+00 0.2458900000D+01 0.1085600000D+00 0.2318000000D-02 0.1600000000D-02 0.2475030000D+01 0.8926000000D+00 0.5441000000D+01 0.6093000000D+00-0.1520000000D-01-0.2100000000D-03 0.8642300000D+01 0.3778300000D+00 0.8025000000D-02 0.5800000000D-02 0.5980771000D+01 0.4387500000D+01 0.2617400000D+01 0.4140600000D+01
1 4120081216200812252454816.4 0.4400000000D-02-0.9000000000D-04 0.2451500000D+01 0.1095400000D+00 0.2357000000D-02 0.1600000000D-02 0.4773798000D+01 0.3195800000D+01 0.1446200000D+01 0.5209400000D+01-0.1750000000D-01 0.2500000000D-03 0.8574700000D+01 0.3756900000D+00 0.7932000000D-02 0.5800000000D-02 0.2002109000D+01 0.4082000000D+00 0.4901700000D+01 0.2478300000D+01
1 4220081225200901032454825.4 0.4500000000D-02-0.8000000000D-04 0.2448000000D+01 0.1105200000D+00 0.2445000000D-02 0.1800000000D-02 0.7858980000D+00 0.5499700000D+01 0.3742500000D+01 0.3595000000D+01-0.1910000000D-01 0.5000000000D-03 0.8507600000D+01 0.3729400000D+00 0.7931000000D-02 0.6600000000D-02 0.4307096000D+01 0.2715400000D+01 0.9176000000D+00 0.7514000000D+00
1 4320090103200901122454834.4 0.3500000000D-02 0.1100000000D-03 0.2450500000D+01 0.1111900000D+00 0.2418000000D-02 0.1700000000D-02 0.3077888000D+01 0.1509100000D+01 0.6048100000D+01 0.1744500000D+01-0.1570000000D-01-0.2600000000D-03 0.8445800000D+01 0.3683900000D+00 0.7685000000D-02 0.5700000000D-02 0.3291600000D+00 0.5018900000D+01 0.3239200000D+01 0.5293300000D+01
2 4420071231200801312454465.4 0.5500000000D-02-0.1000000000D-04 0.3352300000D+01 0.7870000000D-02 0.5400000000D-04 0.1800000000D-02 0.4893558000D+01 0.2940500000D+01 0.3522700000D+01 0.5004800000D+01-0.2070000000D-01 0.9000000000D-04 0.1242850000D+02 0.1012000000D-01 0.7000000000D-04 0.6600000000D-02 0.1588638000D+01 0.4784600000D+01 0.2148400000D+01 0.1734900000D+01
2 4520080131200803022454496.4 0.5300000000D-02 0.0000000000D+00 0.3283400000D+01 0.1092000000D-01 0.2400000000D-04 0.1500000000D-02 0.4109210000D+00 0.5001100000D+01 0.6003600000D+01 0.2629300000D+01-0.1930000000D-01 0.3000000000D-04 0.1217240000D+02 0.6540000000D-02 0.8900000000D-04 0.5300000000D-02 0.3475095000D+01 0.8730000000D-01 0.4009300000D+01 0.5730200000D+01
2 4620080302200804022454527.4 0.5300000000D-02 0.0000000000D+00 0.3278500000D+01 0.1186000000D-01 0.2300000000D-04 0.1900000000D-02 0.2188717000D+01 0.7136000000D+00 0.2849400000D+01 0.6129500000D+01-0.1920000000D-01 0.4000000000D-04 0.1204920000D+02 0.4240000000D-02 0.7900000000D-04 0.7000000000D-02 0.5367411000D+01 0.9853000000D+00 0.5622800000D+01 0.3039200000D+01
2 4720080402200805032454558.4 0.5000000000D-02 0.1000000000D-04 0.3349900000D+01 0.1114000000D-01 0.4500000000D-04 0.1600000000D-02 0.3968449000D+01 0.2709700000D+01 0.5303200000D+01 0.3400400000D+01-0.1860000000D-01-0.1000000000D-04 0.1208090000D+02 0.6300000000D-02 0.6800000000D-04 0.5700000000D-02 0.9809040000D+00 0.1969300000D+01 0.1020200000D+01 0.4590000000D+00
2 4820080503200806032454589.4 0.4800000000D-02 0.2000000000D-04 0.3477500000D+01 0.8840000000D-02 0.6600000000D-04 0.1700000000D-02 0.5770785000D+01 0.4761000000D+01 0.1155700000D+01 0.8904000000D+00-0.1760000000D-01-0.7000000000D-04 0.1225370000D+02 0.9470000000D-02 0.4600000000D-04 0.5900000000D-02 0.2879127000D+01 0.3485900000D+01 0.2435600000D+01 0.4307100000D+01
2 4920080603200807042454620.4 0.5400000000D-02 0.0000000000D+00 0.3620400000D+01 0.5410000000D-02 0.8300000000D-04 0.1600000000D-02 0.1325833000D+01 0.7118000000D+00 0.3241500000D+01 0.4572300000D+01-0.1910000000D-01 0.1000000000D-04 0.1253480000D+02 0.1118000000D-01 0.3700000000D-04 0.5700000000D-02 0.4775679000D+01 0.5154700000D+01 0.3293600000D+01 0.1798600000D+01
2 5020080704200808042454651.4 0.5500000000D-02 0.1000000000D-04 0.3730200000D+01 0.3200000000D-02 0.8400000000D-04 0.2000000000D-02 0.3204892000D+01 0.3814900000D+01 0.5313100000D+01 0.2148900000D+01-0.1990000000D-01 0.0000000000D+00 0.1285920000D+02 0.1058000000D-01 0.6100000000D-04 0.7000000000D-02 0.3845050000D+00 0.5287000000D+00 0.4286200000D+01 0.5548500000D+01
2 5120080804200809042454682.4 0.5400000000D-02 0.1000000000D-04 0.3772200000D+01 0.6340000000D-02 0.5500000000D-04 0.2000000000D-02 0.5122697000D+01 0.3913000000D+00 0.1299700000D+01 0.5828500000D+01-0.1920000000D-01-0.5000000000D-04 0.1313940000D+02 0.7760000000D-02 0.1030000000D-03 0.6800000000D-02 0.2269790000D+01 0.2089100000D+01 0.5845000000D+01 0.2885500000D+01
2 5220080904200810052454713.4 0.5600000000D-02 0.0000000000D+00 0.3742800000D+01 0.9060000000D-02 0.3400000000D-04 0.1500000000D-02 0.7851140000D+00 0.2589400000D+01 0.4723100000D+01 0.3417400000D+01-0.2010000000D-01 0.0000000000D+00 0.1328690000D+02 0.4120000000D-02 0.1080000000D-03 0.5600000000D-02 0.4148134000D+01 0.3024300000D+01 0.1306600000D+01 0.4637000000D+00
2 5320081005200811052454744.4 0.5400000000D-02 0.1000000000D-04 0.3664200000D+01 0.8130000000D-02 0.7000000000D-04 0.2000000000D-02 0.2737933000D+01 0.4704200000D+01 0.1083000000D+01 0.1010000000D+01-0.2000000000D-01-0.1000000000D-04 0.1324410000D+02 0.7230000000D-02 0.7900000000D-04 0.7400000000D-02 0.6022075000D+01 0.3735900000D+01 0.2743500000D+01 0.4218300000D+01
2 5420081105200812062454775.4 0.5000000000D-02 0.2000000000D-04 0.3565800000D+01 0.4560000000D-02 0.9000000000D-04 0.1800000000D-02 0.4669041000D+01 0.7746000000D+00 0.3185100000D+01 0.4768800000D+01-0.1830000000D-01-0.6000000000D-04 0.1302440000D+02 0.1088000000D-01 0.4500000000D-04 0.6600000000D-02 0.1611508000D+01 0.5233300000D+01 0.3832000000D+01 0.1706700000D+01
2 5520081206200901062454806.4 0.5200000000D-02 0.0000000000D+00 0.3470400000D+01 0.3780000000D-02 0.8200000000D-04 0.2000000000D-02 0.2735940000D+00 0.4158200000D+01 0.5196600000D+01 0.2160800000D+01-0.1870000000D-01 0.2000000000D-04 0.1270130000D+02 0.1155000000D-01 0.4500000000D-04 0.7200000000D-02 0.3486646000D+01 0.5944000000D+00 0.4511200000D+01 0.5361000000D+01
3 5620071231200801272454465.4 0.6700000000D-02-0.2500000000D-03 0.4705900000D+01 0.1054000000D-01 0.8000000000D-04 0.9700000000D-02 0.5659803000D+01 0.3694800000D+01 0.4269200000D+01 0.1713500000D+01-0.6200000000D-02 0.6000000000D-03 0.1730350000D+02 0.1385000000D-01 0.9200000000D-04 0.3600000000D-01 0.2353927000D+01 0.5456200000D+01 0.2922800000D+01 0.4726900000D+01
3 5720080127200802232454492.4-0.1000000000D-03 0.1000000000D-03 0.4617300000D+01 0.1438000000D-01 0.4300000000D-04 0.8300000000D-02 0.2545690000D+01 0.8286000000D+00 0.1422000000D+01 0.1830400000D+01 0.9300000000D-02-0.7000000000D-03 0.1698380000D+02 0.9660000000D-02 0.9200000000D-04 0.3020000000D-01 0.5595158000D+01 0.2126700000D+01 0.5974300000D+01 0.4921800000D+01
3 5820080223200803212454519.4 0.4700000000D-02-0.7000000000D-04 0.4593300000D+01 0.1609000000D-01 0.2800000000D-04 0.8800000000D-02 0.5694189000D+01 0.4158700000D+01 0.5579300000D+01 0.1761000000D+01-0.1730000000D-01-0.9000000000D-04 0.1680100000D+02 0.6980000000D-02 0.1110000000D-03 0.3220000000D-01 0.2556633000D+01 0.4724200000D+01 0.2581500000D+01 0.4960900000D+01
3 5920080321200804172454546.4 0.1700000000D-02-0.3200000000D-03 0.4649600000D+01 0.1615000000D-01 0.4300000000D-04 0.1000000000D-01 0.2555586000D+01 0.1210500000D+01 0.3653500000D+01 0.1978700000D+01-0.1790000000D-01 0.8400000000D-03 0.1677870000D+02 0.7040000000D-02 0.1080000000D-03 0.3540000000D-01 0.5804418000D+01 0.8005000000D+00 0.5772500000D+01 0.5274100000D+01
3 6020080417200805142454573.4-0.6900000000D-02 0.1000000000D-03 0.4778400000D+01 0.1443000000D-01 0.7300000000D-04 0.8800000000D-02 0.5710798000D+01 0.4549300000D+01 0.8851000000D+00 0.2147200000D+01 0.4900000000D-02-0.4600000000D-03 0.1691450000D+02 0.9850000000D-02 0.1050000000D-03 0.3130000000D-01 0.2770064000D+01 0.3493800000D+01 0.2567300000D+01 0.5525300000D+01
3 6120080514200806102454600.4-0.2000000000D-02 0.3000000000D-04 0.4948400000D+01 0.1123000000D-01 0.1060000000D-03 0.9300000000D-02 0.2604553000D+01 0.1661300000D+01 0.4331400000D+01 0.2115700000D+01-0.1410000000D-01-0.5400000000D-03 0.1718850000D+02 0.1291000000D-01 0.6500000000D-04 0.3180000000D-01 0.6017713000D+01 0.1201000000D+00 0.5676700000D+01 0.5559800000D+01
3 6220080610200807072454627.4-0.2500000000D-02-0.2400000000D-03 0.5115900000D+01 0.6780000000D-02 0.1250000000D-03 0.1070000000D-01 0.5809845000D+01 0.5277100000D+01 0.1485400000D+01 0.2360900000D+01-0.2510000000D-01 0.7700000000D-03 0.1755100000D+02 0.1544000000D-01 0.3300000000D-04 0.3640000000D-01 0.2979464000D+01 0.3152300000D+01 0.6875000000D+00 0.5829300000D+01
3 6320080707200808032454654.4-0.1070000000D-01 0.1900000000D-03 0.5238400000D+01 0.4540000000D-02 0.1130000000D-03 0.9800000000D-02 0.2763146000D+01 0.3450700000D+01 0.4941600000D+01 0.2670500000D+01 0.2800000000D-02-0.2900000000D-03 0.1794290000D+02 0.1518000000D-01 0.1190000000D-03 0.3380000000D-01 0.6220589000D+01 0.6244500000D+01 0.3702600000D+01 0.6115400000D+01
3 6420080803200808302454681.4-0.4500000000D-02 0.2500000000D-03 0.5288600000D+01 0.8180000000D-02 0.8500000000D-04 0.9500000000D-02 0.6028856000D+01 0.1277000000D+01 0.2108800000D+01 0.2744100000D+01-0.8800000000D-02-0.8200000000D-03 0.1828450000D+02 0.1129000000D-01 0.1390000000D-03 0.3290000000D-01 0.3173543000D+01 0.2879900000D+01 0.3526000000D+00 0.6154400000D+01
3 6520080830200809262454708.4 0.1200000000D-02-0.1500000000D-03 0.5261100000D+01 0.1216000000D-01 0.4100000000D-04 0.1060000000D-01 0.3033747000D+01 0.4807900000D+01 0.2414000000D+00 0.3037000000D+01-0.2960000000D-01 0.7900000000D-03 0.1848250000D+02 0.6100000000D-02 0.1490000000D-03 0.3770000000D-01 0.1220180000D+00 0.5524400000D+01 0.3599200000D+01 0.8940000000D-01
3 6620080926200810232454735.4-0.4200000000D-02 0.5000000000D-04 0.5177500000D+01 0.1235000000D-01 0.7800000000D-04 0.9900000000D-02 0.4882600000D-01 0.1968200000D+01 0.4634600000D+01 0.3383600000D+01-0.3200000000D-02 0.2200000000D-03 0.1848790000D+02 0.7860000000D-02 0.1060000000D-03 0.3590000000D-01 0.3351572000D+01 0.1154600000D+01 0.2938000000D+00 0.3832000000D+00
3 6720081023200811192454762.4-0.1000000000D-02 0.2400000000D-03 0.5063200000D+01 0.8840000000D-02 0.1120000000D-03 0.9100000000D-02 0.3337806000D+01 0.5473800000D+01 0.1826700000D+01 0.3483100000D+01-0.4400000000D-02-0.7700000000D-03 0.1828780000D+02 0.1324000000D-01 0.8200000000D-04 0.3270000000D-01 0.2971120000D+00 0.3983200000D+01 0.2672100000D+01 0.4175000000D+00
3 6820081119200812162454789.4 0.6400000000D-02-0.1700000000D-03 0.4940900000D+01 0.4460000000D-02 0.1180000000D-03 0.1010000000D-01 0.3171320000D+00 0.3206600000D+01 0.5130600000D+01 0.3665300000D+01-0.2960000000D-01 0.5900000000D-03 0.1793730000D+02 0.1530000000D-01 0.8300000000D-04 0.3670000000D-01 0.3527393000D+01 0.7067000000D+00 0.5377800000D+01 0.5925000000D+00
3 6920081216200901122454816.4 0.2000000000D-03-0.1500000000D-03 0.4833900000D+01 0.6630000000D-02 0.1010000000D-03 0.9700000000D-02 0.3543975000D+01 0.1432100000D+01 0.2238400000D+01 0.3943700000D+01-0.9200000000D-02 0.4700000000D-03 0.1753170000D+02 0.1536000000D-01 0.8200000000D-04 0.3500000000D-01 0.4783510000D+00 0.3732200000D+01 0.1458200000D+01 0.8994000000D+00
3 7020090112200902082454843.4-0.2800000000D-02 0.1800000000D-03 0.4766400000D+01 0.1121000000D-01 0.7400000000D-04 0.8600000000D-02 0.4519020000D+00 0.5055100000D+01 0.5565100000D+01 0.3971200000D+01 0.4000000000D-03-0.9100000000D-03 0.1715500000D+02 0.1232000000D-01 0.8300000000D-04 0.3010000000D-01 0.3716643000D+01 0.4384000000D+00 0.4136700000D+01 0.9882000000D+00
4 7120071231200801172454465.2-0.9200000000D-02-0.1000000000D-03 0.7668200000D+01 0.1634000000D-01 0.1260000000D-03 0.4100000000D-02 0.4639642000D+01 0.2630400000D+01 0.3480200000D+01 0.2046200000D+01 0.2890000000D-01 0.4000000000D-03 0.2840010000D+02 0.2440000000D-01 0.2830000000D-03 0.1530000000D-01 0.1340767000D+01 0.4315000000D+01 0.2172700000D+01 0.5052500000D+01
4 7220080117200802032454482.2-0.1750000000D-01 0.2000000000D-04 0.7568900000D+01 0.1922000000D-01 0.1660000000D-03 0.5900000000D-02 0.4302805000D+01 0.2470600000D+01 0.3028200000D+01 0.7592000000D+00 0.6350000000D-01-0.5000000000D-04 0.2804270000D+02 0.2203000000D-01 0.2110000000D-03 0.2180000000D-01 0.1046089000D+01 0.3632400000D+01 0.3981000000D+00 0.3808100000D+01
4 7320080203200802202454499.2-0.1290000000D-01-0.1040000000D-02 0.7508800000D+01 0.2506000000D-01 0.8800000000D-04 0.7600000000D-02 0.3958411000D+01 0.2263200000D+01 0.3780900000D+01 0.3845000000D+00 0.4760000000D-01 0.3790000000D-02 0.2777970000D+02 0.1570000000D-01 0.3710000000D-03 0.2820000000D-01 0.7556120000D+00 0.3653800000D+01 0.1452400000D+01 0.3495600000D+01
4 7420080220200803082454516.2-0.2900000000D-01 0.5200000000D-03 0.7485300000D+01 0.2483000000D-01 0.6100000000D-04 0.8600000000D-02 0.3604226000D+01 0.2106300000D+01 0.1624200000D+01 0.5890300000D+01 0.1080000000D+00-0.1890000000D-02 0.2757520000D+02 0.1339000000D-01 0.1520000000D-03 0.3180000000D-01 0.4632640000D+00 0.2213700000D+01 0.4151000000D+01 0.2779200000D+01
4 7520080308200803252454533.2-0.2340000000D-01-0.1300000000D-03 0.7527100000D+01 0.2543000000D-01 0.7100000000D-04 0.1060000000D-01 0.3248049000D+01 0.1810800000D+01 0.3127600000D+01 0.5537700000D+01 0.9260000000D-01 0.5800000000D-03 0.2751780000D+02 0.1464000000D-01 0.2380000000D-03 0.3850000000D-01 0.1724390000D+00 0.1855200000D+01 0.6028800000D+01 0.2496700000D+01
4 7620080325200804112454550.2-0.2040000000D-01 0.6600000000D-03 0.7617900000D+01 0.2869000000D-01 0.2210000000D-03 0.8800000000D-02 0.2895205000D+01 0.1551500000D+01 0.4334400000D+01 0.5132400000D+01 0.8510000000D-01-0.2060000000D-02 0.2755460000D+02 0.5530000000D-02 0.5650000000D-03 0.3140000000D-01 0.6167262000D+01 0.1162000000D+00 0.1291000000D+01 0.2155900000D+01
4 7720080411200804282454567.2-0.1780000000D-01 0.6100000000D-03 0.7744300000D+01 0.2193000000D-01 0.9100000000D-04 0.9000000000D-02 0.2542919000D+01 0.1457000000D+01 0.6056000000D+00 0.4507000000D+01 0.8510000000D-01-0.2480000000D-02 0.2766150000D+02 0.2738000000D-01 0.6710000000D-03 0.3190000000D-01 0.5874760000D+01 0.5393000000D+00 0.4192200000D+01 0.1582500000D+01
4 7820080428200805152454584.2-0.3200000000D-02-0.1000000000D-03 0.7917200000D+01 0.2174000000D-01 0.1500000000D-03 0.6700000000D-02 0.2201707000D+01 0.1134800000D+01 0.3805500000D+01 0.4120300000D+01 0.2740000000D-01 0.7500000000D-03 0.2791850000D+02 0.1810000000D-01 0.1560000000D-03 0.2330000000D-01 0.5584967000D+01 0.6123200000D+01 0.5969100000D+01 0.1237100000D+01
4 7920080515200806012454601.2-0.1000000000D-01 0.8000000000D-04 0.8098300000D+01 0.1890000000D-01 0.2390000000D-03 0.5000000000D-02 0.1869428000D+01 0.9261000000D+00 0.3598300000D+01 0.2909600000D+01 0.5390000000D-01-0.1100000000D-02 0.2821560000D+02 0.2316000000D-01 0.1730000000D-03 0.1700000000D-01 0.5293386000D+01 0.5513000000D+01 0.7879000000D+00 0.7140000000D-01
4 8020080601200806182454618.2-0.5800000000D-02-0.5700000000D-03 0.8275900000D+01 0.1222000000D-01 0.8400000000D-04 0.5600000000D-02 0.1547579000D+01 0.1070500000D+01 0.5209500000D+01 0.2347400000D+01 0.3340000000D-01 0.2080000000D-02 0.2858330000D+02 0.3047000000D-01 0.7620000000D-03 0.1920000000D-01 0.4999765000D+01 0.5537200000D+01 0.3311100000D+01 0.5820700000D+01
4 8120080618200807052454635.2-0.1910000000D-01 0.1400000000D-03 0.8436700000D+01 0.8930000000D-02 0.2350000000D-03 0.6900000000D-02 0.1239374000D+01 0.8934000000D+00 0.3155800000D+01 0.1309300000D+01 0.7360000000D-01-0.2900000000D-03 0.2899900000D+02 0.2448000000D-01 0.7800000000D-04 0.2340000000D-01 0.4705904000D+01 0.4785000000D+01 0.4847000000D+00 0.4781200000D+01
4 8220080705200807222454652.2-0.1960000000D-01-0.5600000000D-03 0.8558000000D+01 0.6390000000D-02 0.2610000000D-03 0.1060000000D-01 0.9426350000D+00 0.1418300000D+01 0.2918900000D+01 0.9651000000D+00 0.8880000000D-01 0.1580000000D-02 0.2941430000D+02 0.2168000000D-01 0.7400000000D-04 0.3680000000D-01 0.4409224000D+01 0.4405100000D+01 0.6257200000D+01 0.4424600000D+01
4 8320080722200808082454669.2-0.2970000000D-01 0.9500000000D-03 0.8635300000D+01 0.1121000000D-01 0.5000000000D-04 0.9800000000D-02 0.6581220000D+00 0.2195000000D+01 0.1199700000D+01 0.4850000000D+00 0.1122000000D+00-0.2140000000D-02 0.2979510000D+02 0.1576000000D-01 0.6570000000D-03 0.3370000000D-01 0.4111504000D+01 0.4428600000D+01 0.2904700000D+01 0.3910600000D+01
4 8420080808200808252454686.2-0.2320000000D-01-0.1000000000D-04 0.8647500000D+01 0.1434000000D-01 0.1790000000D-03 0.1190000000D-01 0.3848850000D+00 0.2006200000D+01 0.2477500000D+01 0.5270000000D-01 0.1075000000D+00-0.2100000000D-03 0.3009060000D+02 0.1574000000D-01 0.1930000000D-03 0.4140000000D-01 0.3812530000D+01 0.3405500000D+01 0.2780000000D-01 0.3464600000D+01
4 8520080825200809112454703.2-0.1220000000D-01-0.5000000000D-04 0.8613900000D+01 0.1999000000D-01 0.8600000000D-04 0.1010000000D-01 0.1189710000D+00 0.1845600000D+01 0.3464400000D+01 0.6130600000D+01 0.6740000000D-01 0.7000000000D-04 0.3028850000D+02 0.9720000000D-02 0.3280000000D-03 0.3580000000D-01 0.3510893000D+01 0.3231200000D+01 0.1077900000D+01 0.3218500000D+01
4 8620080911200809282454720.2-0.2210000000D-01 0.1280000000D-02 0.8553100000D+01 0.1959000000D-01 0.1030000000D-03 0.7900000000D-02 0.6144497000D+01 0.1847300000D+01 0.3535000000D+00 0.5486400000D+01 0.1002000000D+00-0.5300000000D-02 0.3041050000D+02 0.1622000000D-01 0.3690000000D-03 0.2840000000D-01 0.3210882000D+01 0.1080700000D+01 0.3754300000D+01 0.2520000000D+01
4 8720080928200810152454737.2-0.2300000000D-02-0.5600000000D-03 0.8438900000D+01 0.2111000000D-01 0.1790000000D-03 0.6900000000D-02 0.5884238000D+01 0.1455200000D+01 0.3901500000D+01 0.5114800000D+01 0.2220000000D-01 0.1720000000D-02 0.3030820000D+02 0.6290000000D-02 0.3990000000D-03 0.2480000000D-01 0.2907340000D+01 0.6075000000D+00 0.1287000000D+00 0.2112000000D+01
4 8820081015200811012454754.2-0.1100000000D-01 0.8000000000D-04 0.8323900000D+01 0.1810000000D-01 0.1980000000D-03 0.4100000000D-02 0.5621682000D+01 0.1322600000D+01 0.3967500000D+01 0.3954700000D+01 0.4540000000D-01-0.5100000000D-03 0.3013590000D+02 0.1553000000D-01 0.1560000000D-03 0.1500000000D-01 0.2605138000D+01 0.6035500000D+01 0.6086600000D+01 0.9222000000D+00
4 8920081101200811182454771.2-0.1460000000D-01-0.5300000000D-03 0.8203200000D+01 0.1016000000D-01 0.1900000000D-04 0.7000000000D-02 0.5353408000D+01 0.1551300000D+01 0.6194900000D+01 0.3220100000D+01 0.5760000000D-01 0.1770000000D-02 0.2985790000D+02 0.3065000000D-01 0.8490000000D-03 0.2530000000D-01 0.2306385000D+01 0.6168700000D+01 0.3921600000D+01 0.1643000000D+00
4 9020081118200812052454788.2-0.1820000000D-01-0.2400000000D-03 0.8071800000D+01 0.9300000000D-02 0.3230000000D-03 0.6700000000D-02 0.5067951000D+01 0.1223600000D+01 0.3566700000D+01 0.2582100000D+01 0.6680000000D-01 0.1150000000D-02 0.2945470000D+02 0.2396000000D-01 0.3650000000D-03 0.2460000000D-01 0.2003865000D+01 0.4889300000D+01 0.2962000000D+00 0.5803400000D+01
4 9120081205200812222454805.2-0.2810000000D-01 0.5000000000D-04 0.7956300000D+01 0.6910000000D-02 0.2100000000D-03 0.1020000000D-01 0.4771574000D+01 0.2075300000D+01 0.3345100000D+01 0.2080600000D+01 0.1070000000D+00-0.1900000000D-03 0.2904050000D+02 0.2455000000D-01 0.4200000000D-04 0.3730000000D-01 0.1706342000D+01 0.4786400000D+01 0.3557300000D+01 0.5304700000D+01
4 9220081222200901082454822.2-0.2360000000D-01 0.2500000000D-03 0.7860000000D+01 0.1372000000D-01 0.3400000000D-04 0.9800000000D-02 0.4460961000D+01 0.2532800000D+01 0.4387400000D+01 0.1774900000D+01 0.9080000000D-01-0.4800000000D-03 0.2862170000D+02 0.2456000000D-01 0.6560000000D-03 0.3530000000D-01 0.1411030000D+01 0.4823400000D+01 0.2953200000D+01 0.5024600000D+01
4 9320090108200901252454839.2-0.2560000000D-01 0.6500000000D-03 0.7791400000D+01 0.1344000000D-01 0.3060000000D-03 0.9500000000D-02 0.4133799000D+01 0.2403700000D+01 0.2709500000D+01 0.1140700000D+01 0.1018000000D+00-0.2180000000D-02 0.2822390000D+02 0.2453000000D-01 0.5650000000D-03 0.3400000000D-01 0.1114733000D+01 0.3586800000D+01 0.5944400000D+01 0.4425400000D+01
4 9420090125200902112454856.2-0.1000000000D-01-0.1800000000D-03 0.7772800000D+01 0.2027000000D-01 0.1170000000D-03 0.9100000000D-02 0.3797385000D+01 0.2213100000D+01 0.3092300000D+01 0.8202000000D+00 0.5260000000D-01 0.7400000000D-03 0.2791020000D+02 0.1928000000D-01 0.2160000000D-03 0.3260000000D-01 0.8221010000D+00 0.3525100000D+01 0.1300800000D+01 0.4151200000D+01
5 9520071231200801222454465.4-0.1590000000D-01 0.4400000000D-03 0.1020430000D+02 0.2350000000D-01 0.1490000000D-03 0.8400000000D-02 0.2529126000D+01 0.5031000000D+00 0.1655300000D+01 0.4495000000D+01 0.4730000000D-01-0.1730000000D-02 0.3801390000D+02 0.3565000000D-01 0.5310000000D-03 0.3160000000D-01 0.5504111000D+01 0.2324900000D+01 0.6264500000D+01 0.1204700000D+01
5 9620080122200802132454487.4-0.5300000000D-02 0.4300000000D-03 0.1003660000D+02 0.2946000000D-01 0.1430000000D-03 0.9700000000D-02 0.1777990000D+00 0.4666500000D+01 0.5504800000D+01 0.2876000000D+00 0.0000000000D+00-0.5800000000D-03 0.3740950000D+02 0.2659000000D-01 0.2960000000D-03 0.3660000000D-01 0.3209891000D+01 0.5946800000D+01 0.3156900000D+01 0.3356400000D+01
5 9720080213200803062454509.4 0.1280000000D-01 0.6000000000D-04 0.9956000000D+01 0.3395000000D-01 0.9500000000D-04 0.8500000000D-02 0.4093782000D+01 0.2471000000D+01 0.3618100000D+01 0.2371800000D+01-0.4120000000D-01-0.7000000000D-03 0.3699780000D+02 0.1729000000D-01 0.1840000000D-03 0.3190000000D-01 0.9181430000D+00 0.3276000000D+01 0.8843000000D+00 0.5522800000D+01
5 9820080306200803282454531.4 0.1550000000D-01-0.9000000000D-04 0.9985900000D+01 0.3612000000D-01 0.6300000000D-04 0.5300000000D-02 0.1718922000D+01 0.2696000000D+00 0.2294600000D+01 0.4449400000D+01-0.5890000000D-01 0.9500000000D-03 0.3681930000D+02 0.1139000000D-01 0.1820000000D-03 0.1970000000D-01 0.4910896000D+01 0.3013000000D+00 0.5281800000D+01 0.1398500000D+01
5 9920080328200804192454553.4 0.8000000000D-03 0.1400000000D-03 0.1014220000D+02 0.3650000000D-01 0.1680000000D-03 0.5000000000D-03 0.5628670000D+01 0.4302500000D+01 0.6390000000D+00 0.4100000000D-01 0.1700000000D-02-0.6600000000D-03 0.3690680000D+02 0.9350000000D-02 0.3560000000D-03 0.2300000000D-02 0.2621163000D+01 0.3519100000D+01 0.3357700000D+01 0.3420700000D+01
510020080419200805112454575.4 0.3100000000D-02-0.7800000000D-03 0.1039550000D+02 0.2961000000D-01 0.1670000000D-03 0.4500000000D-02 0.3261560000D+01 0.2059300000D+01 0.4149700000D+01 0.5751800000D+01-0.1020000000D-01 0.3830000000D-02 0.3721490000D+02 0.1820000000D-01 0.6000000000D-03 0.1640000000D-01 0.3287970000D+00 0.1428000000D+01 0.1558000000D+00 0.2808900000D+01
510120080511200806022454597.4-0.3400000000D-02-0.1400000000D-03 0.1068400000D+02 0.2437000000D-01 0.1250000000D-03 0.7500000000D-02 0.9106250000D+00 0.5290000000D-01 0.3359600000D+01 0.1497800000D+01 0.4080000000D-01 0.3400000000D-03 0.3765670000D+02 0.3386000000D-01 0.4520000000D-03 0.2720000000D-01 0.4319631000D+01 0.4931500000D+01 0.2821700000D+01 0.4967200000D+01
510220080602200806242454619.4-0.1430000000D-01 0.1940000000D-02 0.1098360000D+02 0.2118000000D-01 0.3710000000D-03 0.1040000000D-01 0.4863001000D+01 0.4236900000D+01 0.9570000000D+00 0.3515300000D+01 0.6730000000D-01-0.5060000000D-02 0.3825430000D+02 0.4184000000D-01 0.4930000000D-03 0.3500000000D-01 0.2026880000D+01 0.2168700000D+01 0.5300200000D+01 0.6941000000D+00
510320080624200807162454641.4 0.2430000000D-01-0.7400000000D-03 0.1125770000D+02 0.1287000000D-01 0.5270000000D-03 0.1070000000D-01 0.2552367000D+01 0.2048100000D+01 0.4550000000D+01 0.5655600000D+01-0.2980000000D-01 0.9600000000D-03 0.3900540000D+02 0.3610000000D-01 0.6660000000D-03 0.3710000000D-01 0.6014361000D+01 0.5652400000D+01 0.1699600000D+01 0.2824000000D+01
510420080716200808072454663.4 0.1450000000D-01 0.6400000000D-03 0.1143490000D+02 0.6780000000D-02 0.3970000000D-03 0.8900000000D-02 0.2604880000D+00 0.1448100000D+01 0.1936100000D+01 0.1493800000D+01-0.1990000000D-01-0.2970000000D-02 0.3972180000D+02 0.2414000000D-01 0.5040000000D-03 0.3060000000D-01 0.3714220000D+01 0.3128200000D+01 0.4887200000D+01 0.4927200000D+01
510520080807200808292454685.4 0.2750000000D-01-0.1180000000D-02 0.1148480000D+02 0.1869000000D-01 0.1780000000D-03 0.4700000000D-02 0.4270949000D+01 0.6016200000D+01 0.5885300000D+01 0.3714300000D+01-0.9090000000D-01 0.4640000000D-02 0.4027990000D+02 0.1267000000D-01 0.2540000000D-03 0.1700000000D-01 0.1410991000D+01 0.7038000000D+00 0.1485200000D+01 0.8215000000D+00
510620080829200809202454707.4-0.1500000000D-02 0.7000000000D-04 0.1141320000D+02 0.2676000000D-01 0.7900000000D-04 0.1100000000D-02 0.2014073000D+01 0.3784600000D+01 0.5614800000D+01 0.3231200000D+01 0.1350000000D-01-0.6300000000D-03 0.4057080000D+02 0.1072000000D-01 0.3330000000D-03 0.3400000000D-02 0.5389999000D+01 0.4691100000D+01 0.3155400000D+01 0.1395000000D+00
510720080920200810122454729.4-0.6800000000D-02-0.2900000000D-03 0.1126660000D+02 0.2770000000D-01 0.1650000000D-03 0.6000000000D-02 0.6048818000D+01 0.1601900000D+01 0.3920400000D+01 0.5168200000D+01 0.4000000000D-01 0.7100000000D-03 0.4061930000D+02 0.1309000000D-01 0.3590000000D-03 0.2180000000D-01 0.3085492000D+01 0.1261600000D+01 0.6269700000D+01 0.2159800000D+01
510820081012200811032454751.4-0.7300000000D-02-0.1000000000D-04 0.1108110000D+02 0.2374000000D-01 0.1980000000D-03 0.9300000000D-02 0.3797830000D+01 0.5805800000D+01 0.2224100000D+01 0.1042400000D+01 0.3340000000D-01 0.4900000000D-03 0.4039500000D+02 0.2496000000D-01 0.1430000000D-03 0.3400000000D-01 0.7803380000D+00 0.4424800000D+01 0.2840400000D+01 0.4291800000D+01
510920081103200811252454773.4-0.5900000000D-02 0.1000000000D-02 0.1087050000D+02 0.1853000000D-01 0.3460000000D-03 0.1070000000D-01 0.1533164000D+01 0.3794800000D+01 0.2893000000D+00 0.3212900000D+01 0.3120000000D-01-0.3660000000D-02 0.3988880000D+02 0.3455000000D-01 0.2540000000D-03 0.3900000000D-01 0.4759055000D+01 0.1663500000D+01 0.4256300000D+01 0.1430000000D+00
511020081125200812172454795.4 0.1810000000D-01-0.3700000000D-03 0.1065280000D+02 0.1161000000D-01 0.4630000000D-03 0.9100000000D-02 0.5530068000D+01 0.1904600000D+01 0.4205800000D+01 0.5369300000D+01-0.5850000000D-01 0.1290000000D-02 0.3918750000D+02 0.3898000000D-01 0.6000000000D-03 0.3370000000D-01 0.2455847000D+01 0.5227400000D+01 0.1288300000D+01 0.2298600000D+01
511120081217200901082454817.4 0.2900000000D-02 0.9600000000D-03 0.1044910000D+02 0.7840000000D-02 0.4310000000D-03 0.6100000000D-02 0.3221262000D+01 0.1192900000D+01 0.1485200000D+01 0.1122700000D+01 0.0000000000D+00-0.4020000000D-02 0.3837810000D+02 0.2476000000D-01 0.7690000000D-03 0.2220000000D-01 0.1576370000D+00 0.2518100000D+01 0.4211900000D+01 0.4355400000D+01
511220090108200901302454839.4 0.2720000000D-01-0.1850000000D-02 0.1032510000D+02 0.2208000000D-01 0.1950000000D-03 0.1700000000D-02 0.8898300000D+00 0.5638000000D+01 0.4964400000D+01 0.3063200000D+01-0.1012000000D+00 0.7410000000D-02 0.3769710000D+02 0.1124000000D-01 0.6420000000D-03 0.6700000000D-02 0.4146867000D+01 0.6306000000D+00 0.7671000000D+00 0.7010000000D-01
