 5 4    2   25   48   70  3.5516  1.7693  0.8782  0.3765 16.0 16.0 17.0 18.0   90 2453735.5000 2006                                                                                                                                                                                                                                                                              
1  220051231200601162453735.5-0.5800000000D-01 0.1058000000D-01 0.9313760000D+02 0.3420000000D+00 0.1414000000D-02 0.1872000000D+00 0.3659204000D+01 0.2876200000D+01 0.4454100000D+01 0.1036700000D+01 0.5630000000D-01-0.3400000000D-02 0.3141790000D+02 0.5167000000D-01 0.0000000000D+00 0.6070000000D-01 0.6979500000D+00 0.5461100000D+01 0.0000000000D+00 0.4327400000D+01
1  320060116200602012453751.5 0.1024000000D+00 0.9070000000D-02 0.9735000000D+02 0.3476500000D+00 0.1703000000D-02 0.1805000000D+00 0.3899154000D+01 0.3299400000D+01 0.4920900000D+01 0.1716000000D+01 0.6300000000D-02-0.2820000000D-02 0.3147400000D+02 0.4385000000D-01 0.0000000000D+00 0.5480000000D-01 0.9483860000D+00 0.5390000000D-01 0.0000000000D+00 0.5067700000D+01
1  420060201200602172453767.5 0.2546000000D+00 0.8380000000D-02 0.1022029000D+03 0.3538600000D+00 0.2158000000D-02 0.1857000000D+00 0.4149142000D+01 0.3749600000D+01 0.5491600000D+01 0.2592100000D+01-0.3960000000D-01-0.2560000000D-02 0.3191410000D+02 0.5925000000D-01 0.0000000000D+00 0.5870000000D-01 0.1207896000D+01 0.9456000000D+00 0.0000000000D+00 0.5964100000D+01
1  520060217200603052453783.5 0.3977000000D+00 0.7460000000D-02 0.1075432000D+03 0.3523700000D+00 0.2813000000D-02 0.2103000000D+00 0.4410775000D+01 0.4229700000D+01 0.6015700000D+01 0.3324100000D+01-0.8410000000D-01-0.2230000000D-02 0.3281970000D+02 0.8928000000D-01 0.0000000000D+00 0.6500000000D-01 0.1477037000D+01 0.1530900000D+01 0.0000000000D+00 0.3725000000D+00
1  620060305200603212453799.5 0.5374000000D+00 0.4640000000D-02 0.1130456000D+03 0.3402100000D+00 0.3127000000D-02 0.2031000000D+00 0.4685100000D+01 0.4775500000D+01 0.3259000000D+00 0.4115800000D+01-0.1299000000D+00-0.1510000000D-02 0.3423790000D+02 0.1200900000D+00 0.0000000000D+00 0.6140000000D-01 0.1756058000D+01 0.1970900000D+01 0.0000000000D+00 0.1176700000D+01
1  720060321200604062453815.5 0.6596000000D+00 0.1090000000D-02 0.1181807000D+03 0.3250400000D+00 0.3609000000D-02 0.2257000000D+00 0.4972484000D+01 0.5388200000D+01 0.1065800000D+01 0.5011200000D+01-0.1728000000D+00-0.9000000000D-03 0.3612640000D+02 0.1411000000D+00 0.0000000000D+00 0.6950000000D-01 0.2044464000D+01 0.2374400000D+01 0.0000000000D+00 0.2067300000D+01
1  820060406200604222453831.5 0.7407000000D+00-0.1050000000D-02 0.1222970000D+03 0.3069100000D+00 0.4371000000D-02 0.2381000000D+00 0.5271844000D+01 0.6063800000D+01 0.1787300000D+01 0.5748000000D+01-0.2060000000D+00-0.9800000000D-03 0.3830540000D+02 0.1427400000D+00 0.0000000000D+00 0.7530000000D-01 0.2340937000D+01 0.2789800000D+01 0.0000000000D+00 0.2828900000D+01
1  920060422200605082453847.5 0.7789000000D+00-0.2430000000D-02 0.1247470000D+03 0.2858000000D+00 0.4871000000D-02 0.2279000000D+00 0.5579925000D+01 0.5218000000D+00 0.2419400000D+01 0.3419000000D+00-0.2302000000D+00-0.1160000000D-02 0.4042050000D+02 0.1208200000D+00 0.0000000000D+00 0.7970000000D-01 0.2642801000D+01 0.3255600000D+01 0.0000000000D+00 0.3680100000D+01
1 1020060508200605242453863.5 0.7914000000D+00-0.5170000000D-02 0.1251123000D+03 0.2729100000D+00 0.4641000000D-02 0.2641000000D+00 0.5891432000D+01 0.1331100000D+01 0.3063700000D+01 0.1163900000D+01-0.2511000000D+00-0.3500000000D-03 0.4203640000D+02 0.7973000000D-01 0.0000000000D+00 0.9150000000D-01 0.2946186000D+01 0.3863900000D+01 0.0000000000D+00 0.4413200000D+01
1 1120060524200606092453879.5 0.7755000000D+00-0.8440000000D-02 0.1233673000D+03 0.2778100000D+00 0.4173000000D-02 0.2593000000D+00 0.6200333000D+01 0.2138900000D+01 0.3743800000D+01 0.1846300000D+01-0.2645000000D+00 0.1180000000D-02 0.4280570000D+02 0.4449000000D-01 0.0000000000D+00 0.8560000000D-01 0.3246623000D+01 0.5069600000D+01 0.0000000000D+00 0.5130100000D+01
1 1220060609200606252453895.5 0.7131000000D+00-0.9690000000D-02 0.1198888000D+03 0.2944900000D+00 0.3554000000D-02 0.2482000000D+00 0.2178750000D+00 0.2883800000D+01 0.4436100000D+01 0.2673700000D+01-0.2607000000D+00 0.2370000000D-02 0.4259610000D+02 0.6774000000D-01 0.0000000000D+00 0.8740000000D-01 0.3539655000D+01 0.1899000000D+00 0.0000000000D+00 0.6014800000D+01
1 1320060625200607112453911.5 0.6101000000D+00-0.9300000000D-02 0.1153011000D+03 0.3116400000D+00 0.3094000000D-02 0.2664000000D+00 0.5065790000D+00 0.3537300000D+01 0.5076100000D+01 0.3390400000D+01-0.2381000000D+00 0.2980000000D-02 0.4150720000D+02 0.1094900000D+00 0.0000000000D+00 0.9700000000D-01 0.3822121000D+01 0.8311000000D+00 0.0000000000D+00 0.4105000000D+00
1 1420060711200607272453927.5 0.4891000000D+00-0.9460000000D-02 0.1102539000D+03 0.3221100000D+00 0.2556000000D-02 0.2477000000D+00 0.7815450000D+00 0.4119600000D+01 0.5612300000D+01 0.4054200000D+01-0.2032000000D+00 0.3530000000D-02 0.3976190000D+02 0.1407400000D+00 0.0000000000D+00 0.8880000000D-01 0.4092659000D+01 0.1255400000D+01 0.0000000000D+00 0.1068200000D+01
1 1520060727200608122453943.5 0.3587000000D+00-0.1024000000D-01 0.1052901000D+03 0.3301300000D+00 0.1942000000D-02 0.2350000000D+00 0.1042924000D+01 0.4649100000D+01 0.6140500000D+01 0.4826400000D+01-0.1595000000D+00 0.3920000000D-02 0.3761020000D+02 0.1597000000D+00 0.0000000000D+00 0.8340000000D-01 0.4351699000D+01 0.1604300000D+01 0.0000000000D+00 0.1838600000D+01
1 1620060812200608282453959.5 0.2108000000D+00-0.9790000000D-02 0.1007914000D+03 0.3372100000D+00 0.1571000000D-02 0.2386000000D+00 0.1291887000D+01 0.5118200000D+01 0.4090000000D+00 0.5481500000D+01-0.1067000000D+00 0.3610000000D-02 0.3525910000D+02 0.1691000000D+00 0.0000000000D+00 0.8100000000D-01 0.4600662000D+01 0.1907900000D+01 0.0000000000D+00 0.2490500000D+01
1 1720060828200609132453975.5 0.4870000000D-01-0.7870000000D-02 0.9693510000D+02 0.3406900000D+00 0.1420000000D-02 0.2135000000D+00 0.1530345000D+01 0.5542700000D+01 0.8454000000D+00 0.6139600000D+01-0.4940000000D-01 0.2750000000D-02 0.3283780000D+02 0.1719200000D+00 0.0000000000D+00 0.6970000000D-01 0.4841602000D+01 0.2180000000D+01 0.0000000000D+00 0.3180500000D+01
1 1820060913200609292453991.5-0.1075000000D+00-0.6160000000D-02 0.9381310000D+02 0.3416600000D+00 0.1251000000D-02 0.2060000000D+00 0.1760389000D+01 0.5941500000D+01 0.1187700000D+01 0.6096000000D+00 0.3100000000D-02 0.1980000000D-02 0.3042430000D+02 0.1700100000D+00 0.0000000000D+00 0.6590000000D-01 0.5076659000D+01 0.2425800000D+01 0.0000000000D+00 0.3928100000D+01
1 1920060929200610152454007.5-0.2441000000D+00-0.5330000000D-02 0.9144790000D+02 0.3412900000D+00 0.1042000000D-02 0.2114000000D+00 0.1984020000D+01 0.4310000000D-01 0.1496600000D+01 0.1232600000D+01 0.4610000000D-01 0.1470000000D-02 0.2805500000D+02 0.1644700000D+00 0.0000000000D+00 0.6170000000D-01 0.5307971000D+01 0.2648600000D+01 0.0000000000D+00 0.4536700000D+01
1 2020061015200610312454023.5-0.3639000000D+00-0.4130000000D-02 0.8985430000D+02 0.3413500000D+00 0.8860000000D-03 0.1909000000D+00 0.2203072000D+01 0.4129000000D+00 0.1837700000D+01 0.1870600000D+01 0.8010000000D-01 0.8400000000D-03 0.2575060000D+02 0.1568800000D+00 0.0000000000D+00 0.5050000000D-01 0.5537719000D+01 0.2848700000D+01 0.0000000000D+00 0.5227300000D+01
1 2120061031200611162454039.5-0.4699000000D+00-0.1640000000D-02 0.8902750000D+02 0.3405300000D+00 0.6910000000D-03 0.1868000000D+00 0.2419235000D+01 0.7767000000D+00 0.2117100000D+01 0.2644100000D+01 0.1056000000D+00-0.2000000000D-04 0.2351710000D+02 0.1479800000D+00 0.0000000000D+00 0.4740000000D-01 0.5768125000D+01 0.3027600000D+01 0.0000000000D+00 0.6035400000D+01
1 2220061116200612022454055.5-0.5481000000D+00 0.9700000000D-03 0.8896080000D+02 0.3436500000D+00 0.5740000000D-03 0.1961000000D+00 0.2634465000D+01 0.1132000000D+01 0.2655700000D+01 0.3287300000D+01 0.1192000000D+00-0.7200000000D-03 0.2135690000D+02 0.1388100000D+00 0.0000000000D+00 0.4480000000D-01 0.6001858000D+01 0.3190000000D+01 0.0000000000D+00 0.3971000000D+00
1 2320061202200612182454071.5-0.5840000000D+00 0.2360000000D-02 0.8965350000D+02 0.3480000000D+00 0.7150000000D-03 0.1820000000D+00 0.2850207000D+01 0.1479500000D+01 0.3184400000D+01 0.3962600000D+01 0.1201000000D+00-0.9800000000D-03 0.1927270000D+02 0.1291400000D+00 0.0000000000D+00 0.3750000000D-01 0.6241534000D+01 0.3340200000D+01 0.0000000000D+00 0.1120400000D+01
1 2420061218200701032454087.5-0.5789000000D+00 0.3080000000D-02 0.9109950000D+02 0.3519400000D+00 0.9790000000D-03 0.1846000000D+00 0.3067976000D+01 0.1829900000D+01 0.3513300000D+01 0.4756500000D+01 0.1119000000D+00-0.1040000000D-02 0.1727670000D+02 0.1187900000D+00 0.0000000000D+00 0.3480000000D-01 0.2069840000D+00 0.3480400000D+01 0.0000000000D+00 0.1905500000D+01
2 2520051231200601162453735.5 0.1240000000D-01-0.3118000000D-01 0.1480322000D+03 0.5563700000D+00 0.3046000000D-02 0.7527000000D+00 0.5004785000D+01 0.4179000000D+01 0.5831400000D+01 0.6484000000D+00-0.1087000000D+00 0.9560000000D-02 0.5024620000D+02 0.9124000000D-01 0.0000000000D+00 0.2464000000D+00 0.2014921000D+01 0.5577000000D+00 0.0000000000D+00 0.3943400000D+01
2 2620060116200602012453751.5-0.5158000000D+00-0.3225000000D-01 0.1546869000D+03 0.5600700000D+00 0.2495000000D-02 0.7968000000D+00 0.1858753000D+01 0.1245600000D+01 0.2902800000D+01 0.8784000000D+00 0.6300000000D-01 0.9710000000D-02 0.5040960000D+02 0.7851000000D-01 0.0000000000D+00 0.2587000000D+00 0.5162113000D+01 0.4261700000D+01 0.0000000000D+00 0.4182100000D+01
2 2720060201200602172453767.5-0.1043200000D+01-0.3267000000D-01 0.1624378000D+03 0.5597500000D+00 0.3904000000D-02 0.8378000000D+00 0.5006585000D+01 0.4562500000D+01 0.6172200000D+01 0.1115100000D+01 0.2162000000D+00 0.9550000000D-02 0.5117790000D+02 0.1009400000D+00 0.0000000000D+00 0.2569000000D+00 0.2035683000D+01 0.1709800000D+01 0.0000000000D+00 0.4442800000D+01
2 2820060217200603052453783.5-0.1552300000D+01-0.3079000000D-01 0.1708949000D+03 0.5616900000D+00 0.3837000000D-02 0.8895000000D+00 0.1882188000D+01 0.1692300000D+01 0.3586700000D+01 0.1360800000D+01 0.3771000000D+00 0.9880000000D-02 0.5269230000D+02 0.1434700000D+00 0.0000000000D+00 0.2763000000D+00 0.5201911000D+01 0.5215800000D+01 0.0000000000D+00 0.4672800000D+01
2 2920060305200603212453799.5-0.2021100000D+01-0.2640000000D-01 0.1795842000D+03 0.5444400000D+00 0.6036000000D-02 0.9234000000D+00 0.5054677000D+01 0.5087800000D+01 0.6739000000D+00 0.1623500000D+01 0.5197000000D+00 0.9330000000D-02 0.5498400000D+02 0.1927500000D+00 0.0000000000D+00 0.2807000000D+00 0.2095471000D+01 0.2289100000D+01 0.0000000000D+00 0.4958600000D+01
2 3020060321200604062453815.5-0.2405400000D+01-0.2126000000D-01 0.1877594000D+03 0.5197700000D+00 0.6453000000D-02 0.9559000000D+00 0.1956603000D+01 0.2345200000D+01 0.4369800000D+01 0.1899100000D+01 0.6698000000D+00 0.8890000000D-02 0.5803510000D+02 0.2247600000D+00 0.0000000000D+00 0.3015000000D+00 0.5281867000D+01 0.5615500000D+01 0.0000000000D+00 0.5225900000D+01
2 3120060406200604222453831.5-0.2684700000D+01-0.1518000000D-01 0.1943042000D+03 0.4739600000D+00 0.6804000000D-02 0.9822000000D+00 0.5154596000D+01 0.5931700000D+01 0.1481800000D+01 0.2184600000D+01 0.7911000000D+00 0.8430000000D-02 0.6149060000D+02 0.2304800000D+00 0.0000000000D+00 0.3121000000D+00 0.2194151000D+01 0.2654900000D+01 0.0000000000D+00 0.5497600000D+01
2 3220060422200605082453847.5-0.2861000000D+01-0.6300000000D-02 0.1982660000D+03 0.4616400000D+00 0.7256000000D-02 0.9766000000D+00 0.2078441000D+01 0.3333800000D+01 0.5214300000D+01 0.2481100000D+01 0.9046000000D+00 0.5460000000D-02 0.6486760000D+02 0.1934800000D+00 0.0000000000D+00 0.3297000000D+00 0.5395943000D+01 0.6041600000D+01 0.0000000000D+00 0.5813100000D+01
2 3320060508200605242453863.5-0.2891000000D+01 0.7700000000D-03 0.1987921000D+03 0.4522100000D+00 0.7451000000D-02 0.9641000000D+00 0.5289848000D+01 0.7184000000D+00 0.2426000000D+01 0.2774000000D+01 0.9817000000D+00 0.3730000000D-02 0.6741080000D+02 0.1319700000D+00 0.0000000000D+00 0.3254000000D+00 0.2316859000D+01 0.3298900000D+01 0.0000000000D+00 0.6059400000D+01
2 3420060524200606092453879.5-0.2797100000D+01 0.8290000000D-02 0.1960911000D+03 0.4737900000D+00 0.6585000000D-02 0.9292000000D+00 0.2216383000D+01 0.4421200000D+01 0.6142300000D+01 0.3073300000D+01 0.9954000000D+00-0.1600000000D-03 0.6863050000D+02 0.8236000000D-01 0.0000000000D+00 0.3332000000D+00 0.5518766000D+01 0.1110200000D+01 0.0000000000D+00 0.1062000000D+00
2 3520060609200606252453895.5-0.2592200000D+01 0.1667000000D-01 0.1905160000D+03 0.4898400000D+00 0.5413000000D-02 0.8759000000D+00 0.5418363000D+01 0.1744700000D+01 0.3412100000D+01 0.3360400000D+01 0.9848000000D+00-0.3790000000D-02 0.6825490000D+02 0.1152100000D+00 0.0000000000D+00 0.3119000000D+00 0.2430023000D+01 0.5243100000D+01 0.0000000000D+00 0.3529000000D+00
2 3620060625200607112453911.5-0.2274600000D+01 0.2284000000D-01 0.1832222000D+03 0.5076000000D+00 0.4442000000D-02 0.8270000000D+00 0.2326125000D+01 0.5306400000D+01 0.7553000000D+00 0.3640300000D+01 0.8890000000D+00-0.7020000000D-02 0.6649430000D+02 0.1733600000D+00 0.0000000000D+00 0.3022000000D+00 0.5614731000D+01 0.2542800000D+01 0.0000000000D+00 0.6544000000D+00
2 3720060711200607272453927.5-0.1864000000D+01 0.2712000000D-01 0.1751685000D+03 0.5017300000D+00 0.4370000000D-02 0.7732000000D+00 0.5502918000D+01 0.2471900000D+01 0.4008900000D+01 0.3916800000D+01 0.7694000000D+00-0.9390000000D-02 0.6370910000D+02 0.2190300000D+00 0.0000000000D+00 0.2775000000D+00 0.2504117000D+01 0.5885100000D+01 0.0000000000D+00 0.9046000000D+00
2 3820060727200608122453943.5-0.1394200000D+01 0.3089000000D-01 0.1673235000D+03 0.5198800000D+00 0.3492000000D-02 0.7222000000D+00 0.2383960000D+01 0.5922900000D+01 0.1347200000D+01 0.4182500000D+01 0.5965000000D+00-0.1083000000D-01 0.6029730000D+02 0.2487000000D+00 0.0000000000D+00 0.2586000000D+00 0.5665970000D+01 0.2881800000D+01 0.0000000000D+00 0.1188200000D+01
2 3920060812200608282453959.5-0.8916000000D+00 0.3407000000D-01 0.1601428000D+03 0.5131700000D+00 0.2799000000D-02 0.6878000000D+00 0.5535198000D+01 0.3018400000D+01 0.4514700000D+01 0.4443200000D+01 0.4202000000D+00-0.1204000000D-01 0.5658310000D+02 0.2639300000D+00 0.0000000000D+00 0.2385000000D+00 0.2534008000D+01 0.6095000000D+01 0.0000000000D+00 0.1438900000D+01
2 4020060828200609132453975.5-0.3563000000D+00 0.3398000000D-01 0.1539892000D+03 0.5311700000D+00 0.2307000000D-02 0.6502000000D+00 0.2393243000D+01 0.9480000000D-01 0.2039100000D+01 0.4695200000D+01 0.2284000000D+00-0.1157000000D-01 0.5275250000D+02 0.2673700000D+00 0.0000000000D+00 0.2179000000D+00 0.5677250000D+01 0.3000900000D+01 0.0000000000D+00 0.1696600000D+01
2 4120060913200609292453991.5 0.1698000000D+00 0.3255000000D-01 0.1490039000D+03 0.5139000000D+00 0.1952000000D-02 0.6270000000D+00 0.5524993000D+01 0.3399800000D+01 0.4760800000D+01 0.4944200000D+01 0.4600000000D-01-0.1030000000D-01 0.4896370000D+02 0.2653400000D+00 0.0000000000D+00 0.2015000000D+00 0.2530703000D+01 0.6151400000D+01 0.0000000000D+00 0.1956100000D+01
2 4220060929200610152454007.5 0.6577000000D+00 0.3024000000D-01 0.1452499000D+03 0.5244900000D+00 0.2020000000D-02 0.6141000000D+00 0.2367401000D+01 0.4067000000D+00 0.2037500000D+01 0.5189600000D+01-0.1088000000D+00-0.8740000000D-02 0.4523880000D+02 0.2565200000D+00 0.0000000000D+00 0.1842000000D+00 0.5663351000D+01 0.3002200000D+01 0.0000000000D+00 0.2203400000D+01
2 4320061015200610312454023.5 0.1094800000D+01 0.2560000000D-01 0.1427328000D+03 0.5229000000D+00 0.1373000000D-02 0.6038000000D+00 0.5487840000D+01 0.3691400000D+01 0.4964100000D+01 0.5424100000D+01-0.2386000000D+00-0.6310000000D-02 0.4163810000D+02 0.2469500000D+00 0.0000000000D+00 0.1719000000D+00 0.2510674000D+01 0.6109700000D+01 0.0000000000D+00 0.2455900000D+01
2 4420061031200611162454039.5 0.1456600000D+01 0.1941000000D-01 0.1414102000D+03 0.5346600000D+00 0.1169000000D-02 0.6065000000D+00 0.2321994000D+01 0.6789000000D+00 0.2333000000D+01 0.5660300000D+01-0.3236000000D+00-0.3950000000D-02 0.3813310000D+02 0.2327300000D+00 0.0000000000D+00 0.1540000000D+00 0.5641083000D+01 0.2914400000D+01 0.0000000000D+00 0.2704100000D+01
2 4520061116200612022454055.5 0.1716100000D+01 0.1275000000D-01 0.1413589000D+03 0.5373100000D+00 0.1270000000D-02 0.6152000000D+00 0.5437579000D+01 0.3922600000D+01 0.5307600000D+01 0.5896000000D+01-0.3776000000D+00-0.1450000000D-02 0.3475490000D+02 0.2194300000D+00 0.0000000000D+00 0.1463000000D+00 0.2490871000D+01 0.5986700000D+01 0.0000000000D+00 0.2949600000D+01
2 4620061202200612182454071.5 0.1868500000D+01 0.4360000000D-02 0.1424463000D+03 0.5433500000D+00 0.1595000000D-02 0.6305000000D+00 0.2269880000D+01 0.8921000000D+00 0.2310900000D+01 0.6116600000D+01-0.3841000000D+00 0.4200000000D-03 0.3148420000D+02 0.2029400000D+00 0.0000000000D+00 0.1296000000D+00 0.5628466000D+01 0.2757700000D+01 0.0000000000D+00 0.3219100000D+01
2 4720061218200701032454087.5 0.1902000000D+01-0.4520000000D-02 0.1447727000D+03 0.5544100000D+00 0.1856000000D-02 0.6565000000D+00 0.5387111000D+01 0.4140000000D+01 0.5640200000D+01 0.6520000000D-01-0.3733000000D+00 0.2190000000D-02 0.2835900000D+02 0.1863900000D+00 0.0000000000D+00 0.1213000000D+00 0.2491022000D+01 0.5807200000D+01 0.0000000000D+00 0.3445800000D+01
3 4820051231200601172453735.5-0.5695000000D+00-0.2330000000D-02 0.2361829000D+03 0.8804400000D+00 0.4143000000D-02 0.1981000000D+00 0.9595010000D+00 0.1367000000D+00 0.1479300000D+01 0.2382000000D+00 0.2210000000D+00 0.4000000000D-04 0.8032230000D+02 0.1447100000D+00 0.0000000000D+00 0.8280000000D-01 0.4275788000D+01 0.2778000000D+01 0.0000000000D+00 0.3603400000D+01
3 4920060117200602032453752.5-0.6149000000D+00 0.1108000000D-01 0.2475144000D+03 0.9187500000D+00 0.4580000000D-02 0.1768000000D+00 0.3280718000D+01 0.2647900000D+01 0.4388100000D+01 0.5001000000D+01 0.2459000000D+00-0.3100000000D-02 0.8054000000D+02 0.1295600000D+00 0.0000000000D+00 0.5270000000D-01 0.3252820000D+00 0.5696900000D+01 0.0000000000D+00 0.1810800000D+01
3 5020060203200602202453769.5-0.4296000000D+00 0.5600000000D-03 0.2608263000D+03 0.9127800000D+00 0.5304000000D-02 0.1509000000D+00 0.5612855000D+01 0.5188400000D+01 0.6986000000D+00 0.3175100000D+01 0.1555000000D+00-0.4900000000D-03 0.8187830000D+02 0.1694400000D+00 0.0000000000D+00 0.4940000000D-01 0.2667518000D+01 0.2362000000D+01 0.0000000000D+00 0.5087000000D+00
3 5120060220200603092453786.5-0.4774000000D+00-0.3430000000D-02 0.2753485000D+03 0.8856000000D+00 0.6632000000D-02 0.1807000000D+00 0.1675016000D+01 0.1494600000D+01 0.3274900000D+01 0.1497300000D+01 0.1964000000D+00 0.5800000000D-03 0.8459160000D+02 0.2456600000D+00 0.0000000000D+00 0.7440000000D-01 0.5020083000D+01 0.5062000000D+01 0.0000000000D+00 0.4654700000D+01
3 5220060309200603262453803.5-0.5391000000D+00 0.1140000000D-01 0.2899722000D+03 0.8642900000D+00 0.9576000000D-02 0.1659000000D+00 0.4035518000D+01 0.4131800000D+01 0.6114800000D+01 0.6184300000D+01 0.2018000000D+00-0.2610000000D-02 0.8879120000D+02 0.3205700000D+00 0.0000000000D+00 0.3790000000D-01 0.1101297000D+01 0.1320500000D+01 0.0000000000D+00 0.2906600000D+01
3 5320060326200604122453820.5-0.3530000000D+00-0.2850000000D-02 0.3032272000D+03 0.7997500000D+00 0.1103800000D-01 0.1804000000D+00 0.1279500000D+00 0.5930000000D+00 0.2591700000D+01 0.4302300000D+01 0.1556000000D+00 0.1100000000D-03 0.9422240000D+02 0.3637200000D+00 0.0000000000D+00 0.4500000000D-01 0.3476838000D+01 0.3826300000D+01 0.0000000000D+00 0.1538800000D+01
3 5420060412200604292453837.5-0.4800000000D+00-0.2560000000D-02 0.3129714000D+03 0.7505100000D+00 0.1172400000D-01 0.2339000000D+00 0.2516719000D+01 0.3452700000D+01 0.5399300000D+01 0.2788700000D+01 0.1724000000D+00 0.1920000000D-02 0.1001897000D+03 0.3466700000D+00 0.0000000000D+00 0.8680000000D-01 0.5861434000D+01 0.8190000000D-01 0.0000000000D+00 0.6220000000D-01
3 5520060429200605162453854.5-0.5217000000D+00 0.8200000000D-02 0.3173994000D+03 0.7258200000D+00 0.1252500000D-01 0.2194000000D+00 0.4914687000D+01 0.7190000000D-01 0.1881500000D+01 0.1277900000D+01 0.2232000000D+00-0.4090000000D-02 0.1054961000D+03 0.2613800000D+00 0.0000000000D+00 0.1064000000D+00 0.1969231000D+01 0.2700600000D+01 0.0000000000D+00 0.4384100000D+01
3 5620060516200606022453871.5-0.3900000000D+00-0.1350000000D-02 0.3157025000D+03 0.7347300000D+00 0.1084300000D-01 0.2520000000D+00 0.1031904000D+01 0.3004100000D+01 0.4669300000D+01 0.5887800000D+01 0.1682000000D+00 0.1400000000D-02 0.1088255000D+03 0.1547900000D+00 0.0000000000D+00 0.6390000000D-01 0.4360604000D+01 0.5645500000D+01 0.0000000000D+00 0.2517200000D+01
3 5720060602200606192453888.5-0.4937000000D+00-0.3980000000D-02 0.3082792000D+03 0.7705300000D+00 0.9631000000D-02 0.2791000000D+00 0.3427319000D+01 0.5851500000D+01 0.1235100000D+01 0.4458900000D+01 0.1665000000D+00 0.1010000000D-02 0.1094874000D+03 0.1484400000D+00 0.0000000000D+00 0.1006000000D+00 0.4636240000D+00 0.2937500000D+01 0.0000000000D+00 0.1768500000D+01
3 5820060619200607062453905.5-0.5584000000D+00 0.9390000000D-02 0.2968892000D+03 0.7952000000D+00 0.8378000000D-02 0.2519000000D+00 0.5811746000D+01 0.2338100000D+01 0.3979700000D+01 0.2952800000D+01 0.2486000000D+00-0.3670000000D-02 0.1074685000D+03 0.2495100000D+00 0.0000000000D+00 0.1036000000D+00 0.2840555000D+01 0.5920500000D+01 0.0000000000D+00 0.6131900000D+01
3 5920060706200607232453922.5-0.4085000000D+00-0.4380000000D-02 0.2835886000D+03 0.8195500000D+00 0.6008000000D-02 0.2605000000D+00 0.1899100000D+01 0.5071800000D+01 0.5459000000D+00 0.1301700000D+01 0.1445000000D+00 0.1400000000D-02 0.1032446000D+03 0.3351700000D+00 0.0000000000D+00 0.8080000000D-01 0.5205763000D+01 0.2250900000D+01 0.0000000000D+00 0.4626500000D+01
3 6020060723200608092453939.5-0.5485000000D+00-0.2830000000D-02 0.2700193000D+03 0.8128800000D+00 0.5121000000D-02 0.2779000000D+00 0.4254325000D+01 0.1436100000D+01 0.3094400000D+01 0.6139500000D+01 0.2040000000D+00 0.7600000000D-03 0.9762730000D+02 0.3884000000D+00 0.0000000000D+00 0.1075000000D+00 0.1274851000D+01 0.4734200000D+01 0.0000000000D+00 0.3239800000D+01
3 6120060809200608262453956.5-0.5950000000D+00 0.7050000000D-02 0.2575661000D+03 0.8060000000D+00 0.4563000000D-02 0.2462000000D+00 0.3118170000D+00 0.4021100000D+01 0.5552500000D+01 0.4602300000D+01 0.2202000000D+00-0.2660000000D-02 0.9134350000D+02 0.4172100000D+00 0.0000000000D+00 0.8850000000D-01 0.3615123000D+01 0.8616000000D+00 0.0000000000D+00 0.1560000000D+01
3 6220060826200609122453973.5-0.4858000000D+00-0.5780000000D-02 0.2469226000D+03 0.8299100000D+00 0.4135000000D-02 0.2520000000D+00 0.2640539000D+01 0.2906000000D+00 0.2126800000D+01 0.2947400000D+01 0.1731000000D+00 0.1300000000D-02 0.8481390000D+02 0.4271500000D+00 0.0000000000D+00 0.8540000000D-01 0.5946128000D+01 0.3240300000D+01 0.0000000000D+00 0.6243000000D+01
3 6320060912200609292453990.5-0.6376000000D+00-0.2220000000D-02 0.2382303000D+03 0.8220300000D+00 0.2729000000D-02 0.2646000000D+00 0.4959014000D+01 0.2829600000D+01 0.4478400000D+01 0.1462700000D+01 0.2056000000D+00 0.4700000000D-03 0.7827710000D+02 0.4220700000D+00 0.0000000000D+00 0.8280000000D-01 0.1986634000D+01 0.5587300000D+01 0.0000000000D+00 0.4752500000D+01
3 6420060929200610162454007.5-0.6606000000D+00 0.5790000000D-02 0.2318401000D+03 0.8232000000D+00 0.2319000000D-02 0.2351000000D+00 0.9861250000D+00 0.5317300000D+01 0.5201000000D+00 0.6195500000D+01 0.2190000000D+00-0.2540000000D-02 0.7190390000D+02 0.4101000000D+00 0.0000000000D+00 0.7310000000D-01 0.4305138000D+01 0.1615000000D+01 0.0000000000D+00 0.3310300000D+01
3 6520061016200611022454024.5-0.5780000000D+00-0.5710000000D-02 0.2277027000D+03 0.8380800000D+00 0.2949000000D-02 0.2383000000D+00 0.3290714000D+01 0.1487500000D+01 0.3102900000D+01 0.4530800000D+01 0.1754000000D+00 0.1080000000D-02 0.6571940000D+02 0.3930700000D+00 0.0000000000D+00 0.7170000000D-01 0.3383680000D+00 0.3908300000D+01 0.0000000000D+00 0.1475400000D+01
3 6620061102200611192454041.5-0.7179000000D+00 0.7000000000D-04 0.2256356000D+03 0.8528900000D+00 0.1745000000D-02 0.2509000000D+00 0.5591601000D+01 0.3966400000D+01 0.5557300000D+01 0.3039800000D+01 0.1928000000D+00-0.7400000000D-03 0.5970820000D+02 0.3694900000D+00 0.0000000000D+00 0.5480000000D-01 0.2655108000D+01 0.6182300000D+01 0.0000000000D+00 0.1130000000D+00
3 6720061119200612062454058.5-0.6890000000D+00 0.6030000000D-02 0.2258338000D+03 0.8685100000D+00 0.2152000000D-02 0.2192000000D+00 0.1607220000D+01 0.1183000000D+00 0.1713900000D+01 0.1484200000D+01 0.1944000000D+00-0.2380000000D-02 0.5391000000D+02 0.3434500000D+00 0.0000000000D+00 0.5730000000D-01 0.4974388000D+01 0.2142200000D+01 0.0000000000D+00 0.4868300000D+01
3 6820061206200612232454075.5-0.6086000000D+00-0.4630000000D-02 0.2281781000D+03 0.8776100000D+00 0.2760000000D-02 0.2236000000D+00 0.3905856000D+01 0.2552700000D+01 0.3949100000D+01 0.6100900000D+01 0.1414000000D+00 0.5600000000D-03 0.4837120000D+02 0.3194600000D+00 0.0000000000D+00 0.3670000000D-01 0.1016936000D+01 0.4370800000D+01 0.0000000000D+00 0.2984700000D+01
3 6920061223200701092454092.5-0.7239000000D+00 0.4010000000D-02 0.2326131000D+03 0.9027000000D+00 0.2330000000D-02 0.2354000000D+00 0.6206410000D+01 0.5011600000D+01 0.2480000000D+00 0.4614600000D+01 0.1525000000D+00-0.1460000000D-02 0.4308910000D+02 0.2909600000D+00 0.0000000000D+00 0.4030000000D-01 0.3353470000D+01 0.3170000000D+00 0.0000000000D+00 0.2051300000D+01
4 7020051231200601182453735.5-0.3790300000D+01 0.3610000000D-01 0.4156381000D+03 0.1640080000D+01 0.0000000000D+00 0.1865300000D+01 0.5339553000D+01 0.4578200000D+01 0.0000000000D+00 0.1839700000D+01 0.1279800000D+01-0.3691000000D-01 0.1390940000D+03 0.2979200000D+00 0.0000000000D+00 0.6114000000D+00 0.2368455000D+01 0.9377000000D+00 0.0000000000D+00 0.5169900000D+01
4 7120060118200602052453753.5-0.4293800000D+01 0.7045000000D-01 0.4370774000D+03 0.1686050000D+01 0.0000000000D+00 0.2006600000D+01 0.5788879000D+01 0.5208500000D+01 0.0000000000D+00 0.2767100000D+01 0.1383000000D+01-0.4763000000D-01 0.1396344000D+03 0.2805700000D+00 0.0000000000D+00 0.6250000000D+00 0.2829117000D+01 0.1861100000D+01 0.0000000000D+00 0.6107900000D+01
4 7220060205200602232453771.5-0.3749200000D+01-0.8490000000D-02 0.4617735000D+03 0.1636030000D+01 0.0000000000D+00 0.2094900000D+01 0.6248251000D+01 0.5938900000D+01 0.0000000000D+00 0.3727500000D+01 0.1220900000D+01-0.2980000000D-01 0.1422611000D+03 0.3272100000D+00 0.0000000000D+00 0.6328000000D+00 0.3299040000D+01 0.2910100000D+01 0.0000000000D+00 0.8023000000D+00
4 7320060223200603132453789.5-0.2875500000D+01-0.1341000000D+00 0.4883257000D+03 0.1621250000D+01 0.0000000000D+00 0.2232200000D+01 0.4401090000D+00 0.4646000000D+00 0.0000000000D+00 0.4700100000D+01 0.9621000000D+00 0.1200000000D-03 0.1474354000D+03 0.4658600000D+00 0.0000000000D+00 0.6687000000D+00 0.3781877000D+01 0.3773300000D+01 0.0000000000D+00 0.1783100000D+01
4 7420060313200603312453807.5-0.2664200000D+01-0.2190500000D+00 0.5150623000D+03 0.1593800000D+01 0.0000000000D+00 0.2421700000D+01 0.9334540000D+00 0.1301700000D+01 0.0000000000D+00 0.5686700000D+01 0.7149000000D+00 0.4150000000D-01 0.1553508000D+03 0.6217500000D+00 0.0000000000D+00 0.7422000000D+00 0.4278295000D+01 0.4475500000D+01 0.0000000000D+00 0.2771100000D+01
4 7520060331200604182453825.5-0.4343100000D+01-0.8880000000D-01 0.5397493000D+03 0.1396880000D+01 0.0000000000D+00 0.2479000000D+01 0.1443225000D+01 0.2271400000D+01 0.0000000000D+00 0.4153000000D+00 0.9989000000D+00 0.3241000000D-01 0.1658485000D+03 0.6710300000D+00 0.0000000000D+00 0.7883000000D+00 0.4786153000D+01 0.5155900000D+01 0.0000000000D+00 0.3760500000D+01
4 7620060418200605062453843.5-0.6141200000D+01 0.1177300000D+00 0.5561891000D+03 0.1364760000D+01 0.0000000000D+00 0.2548200000D+01 0.1966069000D+01 0.3407700000D+01 0.0000000000D+00 0.1454300000D+01 0.1620400000D+01-0.2624000000D-01 0.1768801000D+03 0.5932000000D+00 0.0000000000D+00 0.8291000000D+00 0.5302302000D+01 0.5932800000D+01 0.0000000000D+00 0.4778300000D+01
4 7720060506200605242453861.5-0.6669400000D+01 0.2448000000D+00 0.5602787000D+03 0.1490750000D+01 0.0000000000D+00 0.2627500000D+01 0.2497831000D+01 0.4455200000D+01 0.0000000000D+00 0.2498800000D+01 0.2150200000D+01-0.9743000000D-01 0.1855642000D+03 0.4503300000D+00 0.0000000000D+00 0.8831000000D+00 0.5823776000D+01 0.6252000000D+00 0.0000000000D+00 0.5818600000D+01
4 7820060524200606112453879.5-0.4910300000D+01 0.1320800000D+00 0.5520894000D+03 0.1466790000D+01 0.0000000000D+00 0.2511800000D+01 0.3032091000D+01 0.5438500000D+01 0.0000000000D+00 0.3524300000D+01 0.1799600000D+01-0.8409000000D-01 0.1897113000D+03 0.3122600000D+00 0.0000000000D+00 0.8675000000D+00 0.6459800000D-01 0.1899500000D+01 0.0000000000D+00 0.5557000000D+00
4 7920060611200606292453897.5-0.3108600000D+01-0.3459000000D-01 0.5344166000D+03 0.1486970000D+01 0.0000000000D+00 0.2393800000D+01 0.3556831000D+01 0.1208000000D+00 0.0000000000D+00 0.4553500000D+01 0.1106300000D+01-0.2017000000D-01 0.1886266000D+03 0.3758400000D+00 0.0000000000D+00 0.8433000000D+00 0.5810830000D+00 0.3382000000D+01 0.0000000000D+00 0.1591100000D+01
4 8020060629200607172453915.5-0.2312300000D+01-0.1384000000D+00 0.5108916000D+03 0.1558990000D+01 0.0000000000D+00 0.2311700000D+01 0.4065690000D+01 0.9846000000D+00 0.0000000000D+00 0.5571000000D+01 0.6812000000D+00 0.3301000000D-01 0.1827324000D+03 0.5619500000D+00 0.0000000000D+00 0.8304000000D+00 0.1083614000D+01 0.4306000000D+01 0.0000000000D+00 0.2609200000D+01
4 8120060717200608042453933.5-0.2725100000D+01-0.1008800000D+00 0.4848149000D+03 0.1529060000D+01 0.0000000000D+00 0.2138400000D+01 0.4557188000D+01 0.1742400000D+01 0.0000000000D+00 0.2548000000D+00 0.7571000000D+00 0.2841000000D-01 0.1731288000D+03 0.6714300000D+00 0.0000000000D+00 0.7681000000D+00 0.1571264000D+01 0.4962400000D+01 0.0000000000D+00 0.3571500000D+01
4 8220060804200608222453951.5-0.3387400000D+01-0.2789000000D-01 0.4601024000D+03 0.1472470000D+01 0.0000000000D+00 0.2000600000D+01 0.5033070000D+01 0.2485700000D+01 0.0000000000D+00 0.1226000000D+01 0.9463000000D+00 0.6670000000D-02 0.1616854000D+03 0.7188300000D+00 0.0000000000D+00 0.7076000000D+00 0.2045956000D+01 0.5553700000D+01 0.0000000000D+00 0.4535400000D+01
4 8320060822200609092453969.5-0.3996700000D+01 0.4541000000D-01 0.4388954000D+03 0.1461480000D+01 0.0000000000D+00 0.1916400000D+01 0.5494702000D+01 0.3204100000D+01 0.0000000000D+00 0.2193100000D+01 0.1042000000D+01-0.8670000000D-02 0.1496239000D+03 0.7348700000D+00 0.0000000000D+00 0.6485000000D+00 0.2508607000D+01 0.6089300000D+01 0.0000000000D+00 0.5492000000D+01
4 8420060909200609272453987.5-0.3781500000D+01 0.3018000000D-01 0.4220603000D+03 0.1464880000D+01 0.0000000000D+00 0.1802900000D+01 0.5942850000D+01 0.3835500000D+01 0.0000000000D+00 0.3111500000D+01 0.8278000000D+00 0.8400000000D-02 0.1375044000D+03 0.7259900000D+00 0.0000000000D+00 0.5688000000D+00 0.2960462000D+01 0.2673000000D+00 0.0000000000D+00 0.1381000000D+00
4 8520060927200610152454005.5-0.3642400000D+01 0.1091000000D-01 0.4094182000D+03 0.1469220000D+01 0.0000000000D+00 0.1741900000D+01 0.9874000000D-01 0.4452600000D+01 0.0000000000D+00 0.4038800000D+01 0.6521000000D+00 0.2433000000D-01 0.1255520000D+03 0.6940200000D+00 0.0000000000D+00 0.5127000000D+00 0.3406743000D+01 0.7107000000D+00 0.0000000000D+00 0.1092200000D+01
4 8620061015200611022454023.5-0.3858700000D+01 0.2606000000D-01 0.4013658000D+03 0.1499830000D+01 0.0000000000D+00 0.1690500000D+01 0.5312050000D+00 0.5043800000D+01 0.0000000000D+00 0.4954800000D+01 0.6514000000D+00 0.2218000000D-01 0.1140879000D+03 0.6637600000D+00 0.0000000000D+00 0.4594000000D+00 0.3850389000D+01 0.1137700000D+01 0.0000000000D+00 0.2028200000D+01
4 8720061102200611202454041.5-0.4248400000D+01 0.6556000000D-01 0.3978780000D+03 0.1550820000D+01 0.0000000000D+00 0.1624000000D+01 0.9590840000D+00 0.5603000000D+01 0.0000000000D+00 0.5847400000D+01 0.7248000000D+00 0.8770000000D-02 0.1031201000D+03 0.6393500000D+00 0.0000000000D+00 0.3976000000D+00 0.4293667000D+01 0.1542100000D+01 0.0000000000D+00 0.2948100000D+01
4 8820061120200612082454059.5-0.4114500000D+01 0.3581000000D-01 0.3979681000D+03 0.1571490000D+01 0.0000000000D+00 0.1640500000D+01 0.1384507000D+01 0.6192200000D+01 0.0000000000D+00 0.4820000000D+00 0.6877000000D+00 0.8410000000D-02 0.9242040000D+02 0.5975100000D+00 0.0000000000D+00 0.3568000000D+00 0.4739758000D+01 0.1924400000D+01 0.0000000000D+00 0.3906800000D+01
4 8920061208200612262454077.5-0.3569800000D+01-0.4185000000D-01 0.4020355000D+03 0.1639630000D+01 0.0000000000D+00 0.1653800000D+01 0.1810888000D+01 0.5196000000D+00 0.0000000000D+00 0.1365100000D+01 0.5538000000D+00 0.1720000000D-01 0.8211200000D+02 0.5454900000D+00 0.0000000000D+00 0.3152000000D+00 0.5193668000D+01 0.2303600000D+01 0.0000000000D+00 0.4840100000D+01
4 9020061226200701132454095.5-0.3098400000D+01-0.1276200000D+00 0.4106703000D+03 0.1739620000D+01 0.0000000000D+00 0.1646300000D+01 0.2239439000D+01 0.1115000000D+01 0.0000000000D+00 0.2245500000D+01 0.4181000000D+00 0.2644000000D-01 0.7239200000D+02 0.4896700000D+00 0.0000000000D+00 0.2752000000D+00 0.5658838000D+01 0.2675100000D+01 0.0000000000D+00 0.5776700000D+01
