 5 4    2   25   48   70  3.5516  1.7693  0.8782  0.3765 16.0 16.0 17.0 18.0   90 2452274.5000 2002                                                                                                                                                                                                                                                                              
1  220011231200201162452274.5-0.6576000000D+00-0.8240000000D-02 0.1381300000D+03 0.3235500000D+00 0.6005000000D-02 0.3108000000D+00 0.6596470000D+00 0.2168800000D+01 0.4041100000D+01 0.5417900000D+01 0.8190000000D-01-0.1400000000D-03 0.1472600000D+02 0.1464000000D+00 0.0000000000D+00 0.2960000000D-01 0.3496579000D+01 0.4708000000D+00 0.0000000000D+00 0.1913300000D+01
1  320020116200202012452290.5-0.7254000000D+00-0.6370000000D-02 0.1370556000D+03 0.3141400000D+00 0.5230000000D-02 0.3004000000D+00 0.9714750000D+00 0.3061100000D+01 0.4727200000D+01 0.6146000000D+01 0.6900000000D-01-0.3000000000D-04 0.1237190000D+02 0.1322100000D+00 0.0000000000D+00 0.2330000000D-01 0.3751058000D+01 0.7894000000D+00 0.0000000000D+00 0.2629300000D+01
1  420020201200202172452306.5-0.7687000000D+00-0.3260000000D-02 0.1335547000D+03 0.3410700000D+00 0.4355000000D-02 0.2704000000D+00 0.1275197000D+01 0.3891100000D+01 0.5456500000D+01 0.6936000000D+00 0.5790000000D-01-0.2200000000D-03 0.1029590000D+02 0.9198000000D-01 0.0000000000D+00 0.1910000000D-01 0.3989780000D+01 0.1054600000D+01 0.0000000000D+00 0.3420200000D+01
1  520020217200203052452322.5-0.7674000000D+00-0.1310000000D-02 0.1283159000D+03 0.3759300000D+00 0.3602000000D-02 0.2765000000D+00 0.1566027000D+01 0.4583700000D+01 0.6129000000D+01 0.1452300000D+01 0.4870000000D-01-0.3500000000D-03 0.8870200000D+01 0.4186000000D-01 0.0000000000D+00 0.1930000000D-01 0.4230837000D+01 0.1186300000D+01 0.0000000000D+00 0.4147800000D+01
1  620020305200203212452338.5-0.7228000000D+00-0.3400000000D-03 0.1222291000D+03 0.4013200000D+00 0.2737000000D-02 0.2464000000D+00 0.1841764000D+01 0.5169700000D+01 0.4345000000D+00 0.2111300000D+01 0.4150000000D-01-0.2700000000D-03 0.8210600000D+01 0.1266000000D-01 0.0000000000D+00 0.1830000000D-01 0.4498607000D+01 0.5813300000D+01 0.0000000000D+00 0.4732200000D+01
1  720020321200204062452354.5-0.6563000000D+00 0.1860000000D-02 0.1160524000D+03 0.4160900000D+00 0.2001000000D-02 0.2194000000D+00 0.2102556000D+01 0.5673600000D+01 0.1019800000D+01 0.2927300000D+01 0.3650000000D-01-0.1600000000D-03 0.8266500000D+01 0.4652000000D-01 0.0000000000D+00 0.1550000000D-01 0.4799001000D+01 0.5274000000D+01 0.0000000000D+00 0.5527000000D+01
1  820020406200204222452370.5-0.5728000000D+00 0.5260000000D-02 0.1102781000D+03 0.4216900000D+00 0.1482000000D-02 0.2235000000D+00 0.2350174000D+01 0.6116400000D+01 0.1566400000D+01 0.3626200000D+01 0.3360000000D-01-0.2700000000D-03 0.8934600000D+01 0.7456000000D-01 0.0000000000D+00 0.1770000000D-01 0.5114200000D+01 0.5381800000D+01 0.0000000000D+00 0.1725000000D+00
1  920020422200205082452386.5-0.4613000000D+00 0.7710000000D-02 0.1051617000D+03 0.4210600000D+00 0.1126000000D-02 0.1979000000D+00 0.2586895000D+01 0.2343000000D+00 0.2146500000D+01 0.4275500000D+01 0.2990000000D-01-0.5500000000D-03 0.1009140000D+02 0.9509000000D-01 0.0000000000D+00 0.2050000000D-01 0.5422615000D+01 0.5526000000D+01 0.0000000000D+00 0.9120000000D+00
1 1020020508200205242452402.5-0.3216000000D+00 0.8570000000D-02 0.1008075000D+03 0.4161100000D+00 0.9980000000D-03 0.1801000000D+00 0.2815152000D+01 0.6017000000D+00 0.2661000000D+01 0.5089100000D+01 0.2210000000D-01-0.8700000000D-03 0.1160630000D+02 0.1105200000D+00 0.0000000000D+00 0.2240000000D-01 0.5713326000D+01 0.5672600000D+01 0.0000000000D+00 0.1763100000D+01
1 1120020524200206092452418.5-0.1723000000D+00 0.9270000000D-02 0.9722630000D+02 0.4047700000D+00 0.8790000000D-03 0.1844000000D+00 0.3036905000D+01 0.9479000000D+00 0.3001300000D+01 0.5787100000D+01 0.9000000000D-02-0.1310000000D-02 0.1337230000D+02 0.1225200000D+00 0.0000000000D+00 0.2810000000D-01 0.5985175000D+01 0.5820500000D+01 0.0000000000D+00 0.2518000000D+01
1 1220020609200206252452434.5-0.2920000000D-01 0.1064000000D-01 0.9440520000D+02 0.3904000000D+00 0.6470000000D-03 0.1634000000D+00 0.3254213000D+01 0.1287700000D+01 0.3360000000D+01 0.1893000000D+00-0.8700000000D-02-0.1960000000D-02 0.1530680000D+02 0.1324700000D+00 0.0000000000D+00 0.2990000000D-01 0.6241435000D+01 0.5974500000D+01 0.0000000000D+00 0.3200400000D+01
1 1320020625200207112452450.5 0.1093000000D+00 0.1131000000D-01 0.9233670000D+02 0.3767400000D+00 0.5250000000D-03 0.1600000000D+00 0.3468897000D+01 0.1619500000D+01 0.3826000000D+01 0.1024500000D+01-0.3190000000D-01-0.2590000000D-02 0.1735750000D+02 0.1408000000D+00 0.0000000000D+00 0.3280000000D-01 0.2032070000D+00 0.6137200000D+01 0.0000000000D+00 0.4036200000D+01
1 1420020711200207272452466.5 0.2464000000D+00 0.1015000000D-01 0.9099610000D+02 0.3654500000D+00 0.5930000000D-03 0.1701000000D+00 0.3682517000D+01 0.1949300000D+01 0.4275400000D+01 0.1693800000D+01-0.6150000000D-01-0.2810000000D-02 0.1949110000D+02 0.1483400000D+00 0.0000000000D+00 0.3920000000D-01 0.4406790000D+00 0.2790000000D-01 0.0000000000D+00 0.4731000000D+01
1 1520020727200208122452482.5 0.3692000000D+00 0.8030000000D-02 0.9037630000D+02 0.3546500000D+00 0.7550000000D-03 0.1567000000D+00 0.3896459000D+01 0.2280600000D+01 0.4479800000D+01 0.2383700000D+01-0.9460000000D-01-0.2670000000D-02 0.2169080000D+02 0.1553100000D+00 0.0000000000D+00 0.3960000000D-01 0.6738170000D+00 0.2168000000D+00 0.0000000000D+00 0.5419600000D+01
1 1620020812200208282452498.5 0.4597000000D+00 0.6460000000D-02 0.9046620000D+02 0.3452500000D+00 0.9790000000D-03 0.1654000000D+00 0.4111960000D+01 0.2627300000D+01 0.4729400000D+01 0.3227500000D+01-0.1252000000D+00-0.2470000000D-02 0.2395070000D+02 0.1618100000D+00 0.0000000000D+00 0.4440000000D-01 0.9050390000D+00 0.4256000000D+00 0.0000000000D+00 0.1880000000D-01
1 1720020828200209132452514.5 0.5156000000D+00 0.5160000000D-02 0.9130870000D+02 0.3367900000D+00 0.1349000000D-02 0.1876000000D+00 0.4330357000D+01 0.2985800000D+01 0.4964600000D+01 0.3886700000D+01-0.1499000000D+00-0.2170000000D-02 0.2627670000D+02 0.1672300000D+00 0.0000000000D+00 0.5550000000D-01 0.1136532000D+01 0.6582000000D+00 0.0000000000D+00 0.7102000000D+00
1 1820020913200209292452530.5 0.5470000000D+00 0.2620000000D-02 0.9293360000D+02 0.3264100000D+00 0.1660000000D-02 0.1858000000D+00 0.4553014000D+01 0.3367900000D+01 0.5155900000D+01 0.4585700000D+01-0.1689000000D+00-0.1350000000D-02 0.2867740000D+02 0.1705300000D+00 0.0000000000D+00 0.5930000000D-01 0.1370355000D+01 0.9159000000D+00 0.0000000000D+00 0.1407200000D+01
1 1920020929200210152452546.5 0.5543000000D+00-0.1020000000D-02 0.9536360000D+02 0.3188100000D+00 0.1910000000D-02 0.2066000000D+00 0.4781661000D+01 0.3784300000D+01 0.5438600000D+01 0.5380800000D+01-0.1806000000D+00 0.0000000000D+00 0.3115220000D+02 0.1710300000D+00 0.0000000000D+00 0.6850000000D-01 0.1608551000D+01 0.1202400000D+01 0.0000000000D+00 0.2206200000D+01
1 2020021015200210312452562.5 0.5256000000D+00-0.4010000000D-02 0.9861050000D+02 0.3174000000D+00 0.2083000000D-02 0.2312000000D+00 0.5018169000D+01 0.4243200000D+01 0.5856500000D+01 0.6041500000D+01-0.1790000000D+00 0.1240000000D-02 0.3368820000D+02 0.1673400000D+00 0.0000000000D+00 0.7930000000D-01 0.1853201000D+01 0.1525000000D+01 0.0000000000D+00 0.2884500000D+01
1 2120021031200211162452578.5 0.4562000000D+00-0.5570000000D-02 0.1026507000D+03 0.3247000000D+00 0.2545000000D-02 0.2301000000D+00 0.5264529000D+01 0.4729900000D+01 0.1123000000D+00 0.4849000000D+00-0.1606000000D+00 0.1980000000D-02 0.3624260000D+02 0.1579000000D+00 0.0000000000D+00 0.8170000000D-01 0.2106326000D+01 0.1895600000D+01 0.0000000000D+00 0.3628600000D+01
1 2220021116200212022452594.5 0.3636000000D+00-0.7350000000D-02 0.1074112000D+03 0.3341500000D+00 0.3078000000D-02 0.2629000000D+00 0.5522460000D+01 0.5251300000D+01 0.6461000000D+00 0.1271700000D+01-0.1296000000D+00 0.2580000000D-02 0.3873430000D+02 0.1401100000D+00 0.0000000000D+00 0.9630000000D-01 0.2369724000D+01 0.2338700000D+01 0.0000000000D+00 0.4407900000D+01
1 2320021202200212182452610.5 0.2634000000D+00-0.1033000000D-01 0.1126629000D+03 0.3452200000D+00 0.3551000000D-02 0.2853000000D+00 0.5793643000D+01 0.5812200000D+01 0.1275400000D+01 0.1919100000D+01-0.9110000000D-01 0.3280000000D-02 0.4100580000D+02 0.1134700000D+00 0.0000000000D+00 0.1034000000D+00 0.2644985000D+01 0.2912200000D+01 0.0000000000D+00 0.5027800000D+01
1 2420021218200301032452626.5 0.1485000000D+00-0.1258000000D-01 0.1179910000D+03 0.3497000000D+00 0.4017000000D-02 0.2761000000D+00 0.6078947000D+01 0.1258000000D+00 0.1957800000D+01 0.2680400000D+01-0.4490000000D-01 0.3520000000D-02 0.4279780000D+02 0.8741000000D-01 0.0000000000D+00 0.9380000000D-01 0.2932891000D+01 0.3743900000D+01 0.0000000000D+00 0.5795300000D+01
2 2520011231200201162452274.5 0.2450000000D+01 0.1293000000D-01 0.2199314000D+03 0.5340100000D+00 0.9036000000D-02 0.9277000000D+00 0.4581994000D+01 0.6118900000D+01 0.1672300000D+01 0.4064900000D+01-0.2872000000D+00 0.2420000000D-02 0.2220430000D+02 0.2334400000D+00 0.0000000000D+00 0.8460000000D-01 0.1181475000D+01 0.4390000000D+01 0.0000000000D+00 0.6300000000D+00
2 2620020116200202012452290.5 0.2721200000D+01 0.4340000000D-02 0.2180988000D+03 0.5239200000D+00 0.8787000000D-02 0.9315000000D+00 0.1511474000D+01 0.3557300000D+01 0.5259300000D+01 0.4380200000D+01-0.2594000000D+00 0.3320000000D-02 0.1842860000D+02 0.2076000000D+00 0.0000000000D+00 0.7080000000D-01 0.4342905000D+01 0.1328200000D+01 0.0000000000D+00 0.9651000000D+00
2 2720020201200202172452306.5 0.2857800000D+01-0.3720000000D-02 0.2125462000D+03 0.5618300000D+00 0.7318000000D-02 0.9288000000D+00 0.4716602000D+01 0.9800000000D+00 0.2566400000D+01 0.4683000000D+01-0.2076000000D+00 0.2240000000D-02 0.1512000000D+02 0.1429100000D+00 0.0000000000D+00 0.6560000000D-01 0.1206125000D+01 0.4500600000D+01 0.0000000000D+00 0.1021300000D+01
2 2820020217200203052452322.5 0.2860900000D+01-0.1157000000D-01 0.2041486000D+03 0.5949300000D+00 0.5850000000D-02 0.9238000000D+00 0.1626466000D+01 0.4570200000D+01 0.6131700000D+01 0.4965200000D+01-0.1768000000D+00 0.2400000000D-02 0.1287210000D+02 0.6280000000D-01 0.0000000000D+00 0.5680000000D-01 0.4353396000D+01 0.1254500000D+01 0.0000000000D+00 0.1558900000D+01
2 2920020305200203212452338.5 0.2738900000D+01-0.1908000000D-01 0.1945479000D+03 0.6385700000D+00 0.5206000000D-02 0.8990000000D+00 0.4804547000D+01 0.1761900000D+01 0.3467600000D+01 0.5218300000D+01-0.1426000000D+00 0.8000000000D-03 0.1188600000D+02 0.2124000000D-01 0.0000000000D+00 0.5620000000D-01 0.1241757000D+01 0.2375600000D+01 0.0000000000D+00 0.1530800000D+01
2 3020020321200204062452354.5 0.2489700000D+01-0.2511000000D-01 0.1846472000D+03 0.6334800000D+00 0.3246000000D-02 0.8819000000D+00 0.1685092000D+01 0.5202300000D+01 0.3879000000D+00 0.5456900000D+01-0.1340000000D+00 0.1060000000D-02 0.1205360000D+02 0.7658000000D-01 0.0000000000D+00 0.6460000000D-01 0.4443216000D+01 0.4852100000D+01 0.0000000000D+00 0.2042800000D+01
2 3120020406200204222452370.5 0.2127800000D+01-0.2959000000D-01 0.1755281000D+03 0.6438000000D+00 0.3478000000D-02 0.8589000000D+00 0.4835208000D+01 0.2249300000D+01 0.3832200000D+01 0.5682400000D+01-0.1187000000D+00 0.7800000000D-03 0.1320630000D+02 0.1202300000D+00 0.0000000000D+00 0.6710000000D-01 0.1373130000D+01 0.1590700000D+01 0.0000000000D+00 0.2217400000D+01
2 3220020422200205082452386.5 0.1684400000D+01-0.3403000000D-01 0.1673717000D+03 0.6489800000D+00 0.1748000000D-02 0.8357000000D+00 0.1691627000D+01 0.5595100000D+01 0.1322400000D+01 0.5882300000D+01-0.1121000000D+00 0.1940000000D-02 0.1510930000D+02 0.1530900000D+00 0.0000000000D+00 0.8640000000D-01 0.4576974000D+01 0.4640900000D+01 0.0000000000D+00 0.2523000000D+01
2 3320020508200205242452402.5 0.1161900000D+01-0.3532000000D-01 0.1604604000D+03 0.6338500000D+00 0.2016000000D-02 0.8159000000D+00 0.4821797000D+01 0.2573600000D+01 0.4401600000D+01 0.6087300000D+01-0.7900000000D-01 0.2850000000D-02 0.1757140000D+02 0.1761400000D+00 0.0000000000D+00 0.9570000000D-01 0.1478890000D+01 0.1409500000D+01 0.0000000000D+00 0.2781000000D+01
2 3420020524200206092452418.5 0.5919000000D+00-0.3430000000D-01 0.1547633000D+03 0.6211700000D+00 0.1142000000D-02 0.7951000000D+00 0.1662357000D+01 0.5849500000D+01 0.1832900000D+01 0.6278300000D+01-0.3630000000D-01 0.4250000000D-02 0.2039930000D+02 0.1949100000D+00 0.0000000000D+00 0.1157000000D+00 0.4645355000D+01 0.4463700000D+01 0.0000000000D+00 0.2984300000D+01
2 3520020609200206252452434.5 0.2080000000D-01-0.3296000000D-01 0.1503215000D+03 0.5955100000D+00 0.1446000000D-02 0.7770000000D+00 0.4781084000D+01 0.2795200000D+01 0.4325200000D+01 0.1818000000D+00 0.4110000000D-01 0.5550000000D-02 0.2348770000D+02 0.2096100000D+00 0.0000000000D+00 0.1311000000D+00 0.1514116000D+01 0.1230400000D+01 0.0000000000D+00 0.3231100000D+01
2 3620020625200207112452450.5-0.5318000000D+00-0.2979000000D-01 0.1470736000D+03 0.5904100000D+00 0.1220000000D-02 0.7583000000D+00 0.1613875000D+01 0.6037400000D+01 0.1925000000D+01 0.3754000000D+00 0.1302000000D+00 0.6540000000D-02 0.2673620000D+02 0.2231400000D+00 0.0000000000D+00 0.1474000000D+00 0.4655085000D+01 0.4293900000D+01 0.0000000000D+00 0.3415800000D+01
2 3720020711200207272452466.5-0.1049000000D+01-0.2388000000D-01 0.1449455000D+03 0.5765900000D+00 0.1136000000D-02 0.7436000000D+00 0.4728159000D+01 0.2996300000D+01 0.5208800000D+01 0.5560000000D+00 0.2497000000D+00 0.6640000000D-02 0.3011180000D+02 0.2354600000D+00 0.0000000000D+00 0.1652000000D+00 0.1506058000D+01 0.1078600000D+01 0.0000000000D+00 0.3634500000D+01
2 3820020727200208122452482.5-0.1484900000D+01-0.1769000000D-01 0.1440093000D+03 0.5563500000D+00 0.1242000000D-02 0.7309000000D+00 0.1558653000D+01 0.6226300000D+01 0.1996000000D+01 0.7510000000D+00 0.3658000000D+00 0.6250000000D-02 0.3358570000D+02 0.2459100000D+00 0.0000000000D+00 0.1785000000D+00 0.4635506000D+01 0.4168900000D+01 0.0000000000D+00 0.3829200000D+01
2 3920020812200208282452498.5-0.1820000000D+01-0.1134000000D-01 0.1441873000D+03 0.5459500000D+00 0.1691000000D-02 0.7166000000D+00 0.4673873000D+01 0.3188300000D+01 0.5094100000D+01 0.9478000000D+00 0.4843000000D+00 0.5230000000D-02 0.3715040000D+02 0.2568100000D+00 0.0000000000D+00 0.1940000000D+00 0.1480541000D+01 0.9869000000D+00 0.0000000000D+00 0.4046700000D+01
2 4020020828200209132452514.5-0.2049700000D+01-0.3820000000D-02 0.1455882000D+03 0.5229900000D+00 0.2028000000D-02 0.7145000000D+00 0.1507963000D+01 0.1606000000D+00 0.1705500000D+01 0.1148700000D+01 0.5796000000D+00 0.3380000000D-02 0.4082070000D+02 0.2643000000D+00 0.0000000000D+00 0.2072000000D+00 0.4608691000D+01 0.4114800000D+01 0.0000000000D+00 0.4250200000D+01
2 4120020913200209292452530.5-0.2157100000D+01 0.3410000000D-02 0.1481340000D+03 0.5321000000D+00 0.2221000000D-02 0.7053000000D+00 0.4629889000D+01 0.3460500000D+01 0.5392700000D+01 0.1363100000D+01 0.6503000000D+00 0.1000000000D-02 0.4458740000D+02 0.2711200000D+00 0.0000000000D+00 0.2188000000D+00 0.1456429000D+01 0.9817000000D+00 0.0000000000D+00 0.4476200000D+01
2 4220020929200210152452546.5-0.2134200000D+01 0.9590000000D-02 0.1520657000D+03 0.5087700000D+00 0.2281000000D-02 0.7049000000D+00 0.1473523000D+01 0.4901000000D+00 0.1942700000D+01 0.1591200000D+01 0.6772000000D+00-0.1350000000D-02 0.4848830000D+02 0.2705000000D+00 0.0000000000D+00 0.2302000000D+00 0.4591364000D+01 0.4161900000D+01 0.0000000000D+00 0.4712600000D+01
2 4320021015200210312452562.5-0.1999100000D+01 0.1624000000D-01 0.1572448000D+03 0.5268400000D+00 0.3884000000D-02 0.7140000000D+00 0.4608692000D+01 0.3807600000D+01 0.5579800000D+01 0.1833200000D+01 0.6595000000D+00-0.4210000000D-02 0.5245710000D+02 0.2661300000D+00 0.0000000000D+00 0.2405000000D+00 0.1449708000D+01 0.1099400000D+01 0.0000000000D+00 0.4963600000D+01
2 4420021031200211162452578.5-0.1748200000D+01 0.2099000000D-01 0.1637743000D+03 0.5131300000D+00 0.3835000000D-02 0.7170000000D+00 0.1469364000D+01 0.9195000000D+00 0.2422900000D+01 0.2094200000D+01 0.6011000000D+00-0.6510000000D-02 0.5648050000D+02 0.2488100000D+00 0.0000000000D+00 0.2524000000D+00 0.4599600000D+01 0.4365400000D+01 0.0000000000D+00 0.5226400000D+01
2 4520021116200212022452594.5-0.1396300000D+01 0.2384000000D-01 0.1713365000D+03 0.5389200000D+00 0.5058000000D-02 0.7331000000D+00 0.4625250000D+01 0.4332700000D+01 0.6057500000D+01 0.2376300000D+01 0.4816000000D+00-0.7850000000D-02 0.6036510000D+02 0.2211800000D+00 0.0000000000D+00 0.2541000000D+00 0.1476919000D+01 0.1426500000D+01 0.0000000000D+00 0.5516600000D+01
2 4620021202200212182452610.5-0.9755000000D+00 0.2621000000D-01 0.1797744000D+03 0.5401600000D+00 0.4493000000D-02 0.7509000000D+00 0.1511077000D+01 0.1537500000D+01 0.3222700000D+01 0.2678600000D+01 0.3526000000D+00-0.9550000000D-02 0.6391350000D+02 0.1764200000D+00 0.0000000000D+00 0.2738000000D+00 0.4650157000D+01 0.4883900000D+01 0.0000000000D+00 0.5818600000D+01
2 4720021218200301032452626.5-0.5112000000D+00 0.2788000000D-01 0.1882248000D+03 0.5522200000D+00 0.6734000000D-02 0.7648000000D+00 0.4694797000D+01 0.5006400000D+01 0.5157000000D+00 0.2996400000D+01 0.1715000000D+00-0.9170000000D-02 0.6668320000D+02 0.1347300000D+00 0.0000000000D+00 0.2576000000D+00 0.1553300000D+01 0.2343800000D+01 0.0000000000D+00 0.6149700000D+01
3 4820011231200201172452274.5-0.1703000000D+00 0.5970000000D-02 0.3506765000D+03 0.8354900000D+00 0.1489900000D-01 0.6168000000D+00 0.1830652000D+01 0.3347100000D+01 0.5160400000D+01 0.6254000000D+00 0.3340000000D-01-0.3700000000D-03 0.3692740000D+02 0.3714800000D+00 0.0000000000D+00 0.5870000000D-01 0.4637602000D+01 0.1633800000D+01 0.0000000000D+00 0.3344100000D+01
3 4920020117200202032452291.5-0.8070000000D-01-0.1156000000D-01 0.3475246000D+03 0.8538400000D+00 0.1397800000D-01 0.6157000000D+00 0.4231910000D+01 0.3030000000D-01 0.1739200000D+01 0.5442600000D+01 0.4260000000D-01 0.1230000000D-02 0.3060610000D+02 0.3267700000D+00 0.0000000000D+00 0.4710000000D-01 0.6885370000D+00 0.4036200000D+01 0.0000000000D+00 0.1587400000D+01
3 5020020203200202202452308.5-0.2903000000D+00 0.5580000000D-02 0.3375781000D+03 0.9339900000D+00 0.1081000000D-01 0.5339000000D+00 0.3419080000D+00 0.2936000000D+01 0.4663300000D+01 0.3980100000D+01 0.1250000000D-01-0.7500000000D-03 0.2514920000D+02 0.2074800000D+00 0.0000000000D+00 0.3980000000D-01 0.3007335000D+01 0.9900000000D-01 0.0000000000D+00 0.8067000000D+00
3 5120020220200203092452325.5-0.1393000000D+00 0.4440000000D-02 0.3228349000D+03 0.9609100000D+00 0.8677000000D-02 0.4699000000D+00 0.2721631000D+01 0.5715300000D+01 0.9779000000D+00 0.2372300000D+01 0.4700000000D-01-0.1140000000D-02 0.2167200000D+02 0.7451000000D-01 0.0000000000D+00 0.5550000000D-01 0.5333023000D+01 0.2117300000D+01 0.0000000000D+00 0.4676900000D+01
3 5220020309200203262452342.5-0.9050000000D-01-0.6670000000D-02 0.3062859000D+03 0.1010040000D+01 0.6895000000D-02 0.4469000000D+00 0.5084551000D+01 0.2104000000D+01 0.3764200000D+01 0.8462000000D+00 0.1760000000D-01 0.1370000000D-02 0.2042040000D+02 0.6221000000D-01 0.0000000000D+00 0.1070000000D-01 0.1415740000D+01 0.2435200000D+01 0.0000000000D+00 0.2526500000D+01
3 5320020326200204122452359.5-0.2296000000D+00 0.5310000000D-02 0.2899239000D+03 0.1035220000D+01 0.6430000000D-02 0.3646000000D+00 0.1148124000D+01 0.4685300000D+01 0.2034000000D+00 0.5562400000D+01 0.1370000000D-01-0.7600000000D-03 0.2106550000D+02 0.1457500000D+00 0.0000000000D+00 0.3690000000D-01 0.3822779000D+01 0.4309400000D+01 0.0000000000D+00 0.2302800000D+01
3 5420020412200204292452376.5-0.9300000000D-01 0.4410000000D-02 0.2748251000D+03 0.1017900000D+01 0.3883000000D-02 0.3222000000D+00 0.3481176000D+01 0.9688000000D+00 0.2683400000D+01 0.3844100000D+01 0.2910000000D-01-0.7100000000D-03 0.2330650000D+02 0.2163300000D+00 0.0000000000D+00 0.2620000000D-01 0.6238006000D+01 0.2256000000D+00 0.0000000000D+00 0.6263700000D+01
3 5520020429200205162452393.5-0.5750000000D-01-0.4430000000D-02 0.2618836000D+03 0.1011580000D+01 0.3641000000D-02 0.3132000000D+00 0.5802287000D+01 0.3456000000D+01 0.5349300000D+01 0.2225900000D+01 0.1240000000D-01 0.1100000000D-02 0.2686510000D+02 0.2621600000D+00 0.0000000000D+00 0.3410000000D-01 0.2354778000D+01 0.2462900000D+01 0.0000000000D+00 0.5471800000D+01
3 5620020516200206022452410.5-0.1491000000D+00 0.7190000000D-02 0.2511082000D+03 0.9820600000D+00 0.3222000000D-02 0.2589000000D+00 0.1831200000D+01 0.5917800000D+01 0.1386200000D+01 0.5875000000D+00 0.1580000000D-01-0.1120000000D-02 0.3133330000D+02 0.2947600000D+00 0.0000000000D+00 0.4120000000D-01 0.4732959000D+01 0.4679800000D+01 0.0000000000D+00 0.3383700000D+01
3 5720020602200206192452427.5 0.1110000000D-01 0.2510000000D-02 0.2425291000D+03 0.9563200000D+00 0.1885000000D-02 0.2526000000D+00 0.4136834000D+01 0.2097000000D+01 0.3860800000D+01 0.5030600000D+01 0.1270000000D-01-0.6500000000D-03 0.3636240000D+02 0.3252000000D+00 0.0000000000D+00 0.3270000000D-01 0.8061540000D+00 0.6208000000D+00 0.0000000000D+00 0.1861400000D+01
3 5820020619200207062452444.5 0.1070000000D-01-0.3630000000D-02 0.2362098000D+03 0.9405400000D+00 0.2577000000D-02 0.2619000000D+00 0.1546150000D+00 0.4514600000D+01 0.1755000000D+00 0.3401400000D+01 0.2100000000D-02 0.1080000000D-02 0.4179830000D+02 0.3491000000D+00 0.0000000000D+00 0.6040000000D-01 0.3144996000D+01 0.2861700000D+01 0.0000000000D+00 0.2323000000D+00
3 5920020706200207232452461.5-0.6180000000D-01 0.7660000000D-02 0.2318565000D+03 0.9106500000D+00 0.1778000000D-02 0.2399000000D+00 0.2452828000D+01 0.6734000000D+00 0.2469600000D+01 0.1685500000D+01 0.1070000000D-01-0.1870000000D-02 0.4752480000D+02 0.3689500000D+00 0.0000000000D+00 0.5270000000D-01 0.5472586000D+01 0.5104500000D+01 0.0000000000D+00 0.4568300000D+01
3 6020020723200208092452478.5 0.9540000000D-01-0.6700000000D-03 0.2296456000D+03 0.8858200000D+00 0.1572000000D-02 0.2662000000D+00 0.4749879000D+01 0.3103500000D+01 0.4769300000D+01 0.6184300000D+01-0.7300000000D-02 0.0000000000D+00 0.5345080000D+02 0.3896100000D+00 0.0000000000D+00 0.6450000000D-01 0.1510106000D+01 0.1073400000D+01 0.0000000000D+00 0.3060000000D+01
3 6120020809200208262452495.5 0.3660000000D-01-0.4190000000D-02 0.2295221000D+03 0.8672700000D+00 0.3004000000D-02 0.2882000000D+00 0.7642950000D+00 0.5519200000D+01 0.8984000000D+00 0.4596800000D+01-0.9000000000D-02 0.1340000000D-02 0.5952520000D+02 0.4104800000D+00 0.0000000000D+00 0.8630000000D-01 0.3826280000D+01 0.3355800000D+01 0.0000000000D+00 0.1355000000D+01
3 6220020826200209122452512.5-0.3990000000D-01 0.6300000000D-02 0.2313842000D+03 0.8605200000D+00 0.2455000000D-02 0.2858000000D+00 0.3064183000D+01 0.1708900000D+01 0.3521400000D+01 0.2912600000D+01 0.1580000000D-01-0.2050000000D-02 0.6579940000D+02 0.4258400000D+00 0.0000000000D+00 0.8100000000D-01 0.6141030000D+01 0.5661500000D+01 0.0000000000D+00 0.5949600000D+01
3 6320020912200209292452529.5 0.7720000000D-01-0.4180000000D-02 0.2355777000D+03 0.8403800000D+00 0.2927000000D-02 0.3334000000D+00 0.5367784000D+01 0.4175800000D+01 0.5767500000D+01 0.1220200000D+01-0.1480000000D-01 0.1350000000D-02 0.7230500000D+02 0.4352200000D+00 0.0000000000D+00 0.1054000000D+00 0.2174318000D+01 0.1703200000D+01 0.0000000000D+00 0.4335300000D+01
3 6420020929200210162452546.5-0.5040000000D-01-0.5480000000D-02 0.2420454000D+03 0.8246000000D+00 0.4545000000D-02 0.3652000000D+00 0.1394153000D+01 0.3802000000D+00 0.1842200000D+01 0.5968000000D+01 0.2240000000D-01 0.1820000000D-02 0.7898060000D+02 0.4397000000D+00 0.0000000000D+00 0.1238000000D+00 0.4494519000D+01 0.4069500000D+01 0.0000000000D+00 0.2805700000D+01
3 6520021016200211022452563.5-0.1412000000D+00 0.5110000000D-02 0.2507976000D+03 0.8476900000D+00 0.5035000000D-02 0.3777000000D+00 0.3712156000D+01 0.2924200000D+01 0.4673000000D+01 0.4333500000D+01 0.4780000000D-01-0.1550000000D-02 0.8585310000D+02 0.4282800000D+00 0.0000000000D+00 0.1399000000D+00 0.5379480000D+00 0.1924000000D+00 0.0000000000D+00 0.1157500000D+01
3 6620021102200211192452580.5-0.5770000000D-01-0.7210000000D-02 0.2619578000D+03 0.8463600000D+00 0.5878000000D-02 0.4454000000D+00 0.6040702000D+01 0.5497400000D+01 0.8785000000D+00 0.2727700000D+01 0.2720000000D-01 0.2160000000D-02 0.9278450000D+02 0.3982400000D+00 0.0000000000D+00 0.1538000000D+00 0.2874105000D+01 0.2641700000D+01 0.0000000000D+00 0.5757400000D+01
3 6720021119200212062452597.5-0.2486000000D+00-0.5360000000D-02 0.2750810000D+03 0.8471800000D+00 0.6832000000D-02 0.4897000000D+00 0.2099130000D+01 0.1847100000D+01 0.3446300000D+01 0.1252800000D+01 0.1026000000D+00 0.2470000000D-02 0.9942150000D+02 0.3461500000D+00 0.0000000000D+00 0.1667000000D+00 0.5221637000D+01 0.5188600000D+01 0.0000000000D+00 0.4469800000D+01
3 6820021206200212232452614.5-0.3393000000D+00 0.6180000000D-02 0.2893781000D+03 0.8756900000D+00 0.9197000000D-02 0.5089000000D+00 0.4456611000D+01 0.4503600000D+01 0.4100000000D-01 0.5971800000D+01 0.9810000000D-01-0.2650000000D-02 0.1052954000D+03 0.2677100000D+00 0.0000000000D+00 0.2067000000D+00 0.1299592000D+01 0.1628900000D+01 0.0000000000D+00 0.2819700000D+01
3 6920021223200301092452631.5-0.2348000000D+00-0.8610000000D-02 0.3034643000D+03 0.8700600000D+00 0.1080200000D-01 0.5768000000D+00 0.5471760000D+00 0.9406000000D+00 0.2797000000D+01 0.4447200000D+01 0.1305000000D+00 0.2390000000D-02 0.1096356000D+03 0.2034200000D+00 0.0000000000D+00 0.1835000000D+00 0.3675519000D+01 0.4734600000D+01 0.0000000000D+00 0.1214700000D+01
4 7020011231200201182452274.5 0.6930600000D+01 0.2873000000D-01 0.6181999000D+03 0.1579180000D+01 0.0000000000D+00 0.2494100000D+01 0.4084398000D+01 0.5921500000D+01 0.0000000000D+00 0.4124500000D+01-0.9163000000D+00 0.3775000000D-01 0.6492920000D+02 0.6814500000D+00 0.0000000000D+00 0.2430000000D+00 0.6586460000D+00 0.3912800000D+01 0.0000000000D+00 0.6999000000D+00
4 7120020118200202052452292.5 0.8673500000D+01-0.2033800000D+00 0.6129077000D+03 0.1720050000D+01 0.0000000000D+00 0.2445200000D+01 0.4618847000D+01 0.7631000000D+00 0.0000000000D+00 0.5152800000D+01-0.4703000000D+00 0.1854000000D-01 0.5284520000D+02 0.5689100000D+00 0.0000000000D+00 0.2207000000D+00 0.1134670000D+01 0.4485200000D+01 0.0000000000D+00 0.1583300000D+01
4 7220020205200202232452310.5 0.8231000000D+01-0.2410600000D+00 0.5926188000D+03 0.1855230000D+01 0.0000000000D+00 0.2347800000D+01 0.5143926000D+01 0.1686500000D+01 0.0000000000D+00 0.6145300000D+01 0.1827000000D+00-0.4169000000D-01 0.4257900000D+02 0.3118400000D+00 0.0000000000D+00 0.1762000000D+00 0.1599023000D+01 0.5057500000D+01 0.0000000000D+00 0.2407200000D+01
4 7320020223200203132452328.5 0.6237800000D+01-0.8621000000D-01 0.5634462000D+03 0.1817530000D+01 0.0000000000D+00 0.2147800000D+01 0.5654602000D+01 0.2550100000D+01 0.0000000000D+00 0.8480000000D+00 0.3727000000D+00-0.6785000000D-01 0.3673100000D+02 0.6307000000D-01 0.0000000000D+00 0.1456000000D+00 0.2072509000D+01 0.5809500000D+01 0.0000000000D+00 0.3396200000D+01
4 7420020313200203312452346.5 0.4885100000D+01 0.4102000000D-01 0.5322306000D+03 0.1844950000D+01 0.0000000000D+00 0.2043000000D+01 0.6146318000D+01 0.3355100000D+01 0.0000000000D+00 0.1808700000D+01 0.1947000000D+00-0.5767000000D-01 0.3538230000D+02 0.1366000000D+00 0.0000000000D+00 0.1474000000D+00 0.2575906000D+01 0.2808600000D+01 0.0000000000D+00 0.4406400000D+01
4 7520020331200204182452364.5 0.4374400000D+01 0.8347000000D-01 0.5022622000D+03 0.1874790000D+01 0.0000000000D+00 0.1967800000D+01 0.3359960000D+00 0.4056300000D+01 0.0000000000D+00 0.2754500000D+01 0.3050000000D-01-0.4739000000D-01 0.3776750000D+02 0.2817600000D+00 0.0000000000D+00 0.1617000000D+00 0.3107696000D+01 0.3289800000D+01 0.0000000000D+00 0.5454300000D+01
4 7620020418200205062452382.5 0.4608100000D+01 0.3298000000D-01 0.4749856000D+03 0.1802210000D+01 0.0000000000D+00 0.1841800000D+01 0.7928480000D+00 0.4685400000D+01 0.0000000000D+00 0.3676400000D+01-0.8850000000D-01-0.4212000000D-01 0.4308260000D+02 0.3838600000D+00 0.0000000000D+00 0.1857000000D+00 0.3638628000D+01 0.3703000000D+01 0.0000000000D+00 0.1937000000D+00
4 7720020506200205242452400.5 0.4814200000D+01-0.1237000000D-01 0.4520326000D+03 0.1738510000D+01 0.0000000000D+00 0.1787300000D+01 0.1238471000D+01 0.5301700000D+01 0.0000000000D+00 0.4595000000D+01-0.2146000000D+00-0.3869000000D-01 0.5048650000D+02 0.4577400000D+00 0.0000000000D+00 0.2205000000D+00 0.4150123000D+01 0.4084500000D+01 0.0000000000D+00 0.1186800000D+01
4 7820020524200206112452418.5 0.4558100000D+01-0.1764000000D-01 0.4339284000D+03 0.1701080000D+01 0.0000000000D+00 0.1733200000D+01 0.1674934000D+01 0.5881500000D+01 0.0000000000D+00 0.5511700000D+01-0.3784000000D+00-0.3103000000D-01 0.5926000000D+02 0.5189400000D+00 0.0000000000D+00 0.2635000000D+00 0.4639160000D+01 0.4453100000D+01 0.0000000000D+00 0.2177800000D+01
4 7920020611200206292452436.5 0.4023400000D+01 0.1598000000D-01 0.4203106000D+03 0.1660570000D+01 0.0000000000D+00 0.1676700000D+01 0.2104629000D+01 0.1456000000D+00 0.0000000000D+00 0.1310000000D+00-0.5289000000D+00-0.2545000000D-01 0.6897290000D+02 0.5696300000D+00 0.0000000000D+00 0.3109000000D+00 0.5109527000D+01 0.4814700000D+01 0.0000000000D+00 0.3111500000D+01
4 8020020629200207172452454.5 0.4144900000D+01-0.2081000000D-01 0.4105581000D+03 0.1634770000D+01 0.0000000000D+00 0.1696100000D+01 0.2531309000D+01 0.7217000000D+00 0.0000000000D+00 0.1025900000D+01-0.7783000000D+00-0.7330000000D-02 0.7926780000D+02 0.6247300000D+00 0.0000000000D+00 0.3660000000D+00 0.5567192000D+01 0.5174200000D+01 0.0000000000D+00 0.4014300000D+01
4 8120020717200208042452472.5 0.4396500000D+01-0.8064000000D-01 0.4051574000D+03 0.1652850000D+01 0.0000000000D+00 0.1672100000D+01 0.2956324000D+01 0.1288300000D+01 0.0000000000D+00 0.1921100000D+01-0.9928000000D+00 0.1133000000D-01 0.9007600000D+02 0.6730600000D+00 0.0000000000D+00 0.4049000000D+00 0.6015452000D+01 0.5540200000D+01 0.0000000000D+00 0.4924700000D+01
4 8220020804200208222452490.5 0.4331800000D+01-0.1029200000D+00 0.4037562000D+03 0.1651370000D+01 0.0000000000D+00 0.1683900000D+01 0.3380343000D+01 0.1848000000D+01 0.0000000000D+00 0.2823700000D+01-0.1106900000D+01 0.2040000000D-01 0.1012359000D+03 0.7132500000D+00 0.0000000000D+00 0.4474000000D+00 0.1743990000D+00 0.5932600000D+01 0.0000000000D+00 0.5850000000D+01
4 8320020822200209092452508.5 0.3479800000D+01-0.3260000000D-01 0.4057730000D+03 0.1576230000D+01 0.0000000000D+00 0.1786000000D+01 0.3804650000D+01 0.2454400000D+01 0.0000000000D+00 0.3725700000D+01-0.9827000000D+00 0.3950000000D-02 0.1125617000D+03 0.7458700000D+00 0.0000000000D+00 0.5141000000D+00 0.6133460000D+00 0.1003000000D+00 0.0000000000D+00 0.4971000000D+00
4 8420020909200209272452526.5 0.2417000000D+01 0.6760000000D-01 0.4118419000D+03 0.1561600000D+01 0.0000000000D+00 0.1834800000D+01 0.4233639000D+01 0.3114100000D+01 0.0000000000D+00 0.4618900000D+01-0.7943000000D+00-0.1993000000D-01 0.1242184000D+03 0.7818400000D+00 0.0000000000D+00 0.5660000000D+00 0.1054558000D+01 0.5774000000D+00 0.0000000000D+00 0.1422900000D+01
4 8520020927200210152452544.5 0.2091200000D+01 0.1095500000D+00 0.4231226000D+03 0.1590410000D+01 0.0000000000D+00 0.1926500000D+01 0.4669079000D+01 0.3760100000D+01 0.0000000000D+00 0.5537700000D+01-0.8325000000D+00-0.2450000000D-01 0.1364926000D+03 0.7939500000D+00 0.0000000000D+00 0.6353000000D+00 0.1500105000D+01 0.1067300000D+01 0.0000000000D+00 0.2369900000D+01
4 8620021015200211022452562.5 0.2553300000D+01 0.6690000000D-01 0.4396780000D+03 0.1559750000D+01 0.0000000000D+00 0.2093100000D+01 0.5112135000D+01 0.4413400000D+01 0.0000000000D+00 0.1969000000D+00-0.1138300000D+01 0.1630000000D-02 0.1492928000D+03 0.7542600000D+00 0.0000000000D+00 0.7301000000D+00 0.1951457000D+01 0.1602700000D+01 0.0000000000D+00 0.3324600000D+01
4 8720021102200211202452580.5 0.2924900000D+01 0.4678000000D-01 0.4604658000D+03 0.1546310000D+01 0.0000000000D+00 0.2229500000D+01 0.5566966000D+01 0.5145500000D+01 0.0000000000D+00 0.1143700000D+01-0.1390000000D+01 0.1992000000D-01 0.1620079000D+03 0.6948200000D+00 0.0000000000D+00 0.8021000000D+00 0.2413294000D+01 0.2224900000D+01 0.0000000000D+00 0.4278500000D+01
4 8820021120200212082452598.5 0.3341500000D+01 0.3238000000D-01 0.4852215000D+03 0.1552870000D+01 0.0000000000D+00 0.2432000000D+01 0.6037428000D+01 0.5920700000D+01 0.0000000000D+00 0.2113200000D+01-0.1609400000D+01 0.3530000000D-01 0.1741910000D+03 0.6038600000D+00 0.0000000000D+00 0.8863000000D+00 0.2889616000D+01 0.2935700000D+01 0.0000000000D+00 0.5257700000D+01
4 8920021208200212262452616.5 0.4318300000D+01-0.6074000000D-01 0.5118105000D+03 0.1575200000D+01 0.0000000000D+00 0.2590000000D+01 0.2415720000D+00 0.5058000000D+00 0.0000000000D+00 0.3116300000D+01-0.1900100000D+01 0.6952000000D-01 0.1846215000D+03 0.4931500000D+00 0.0000000000D+00 0.9474000000D+00 0.3381689000D+01 0.3849200000D+01 0.0000000000D+00 0.6271800000D+01
4 9020021226200301132452634.5 0.5412700000D+01-0.1962000000D+00 0.5370432000D+03 0.1650810000D+01 0.0000000000D+00 0.2719100000D+01 0.7477850000D+00 0.1419500000D+01 0.0000000000D+00 0.4157600000D+01-0.2013400000D+01 0.9500000000D-01 0.1917256000D+03 0.4366800000D+00 0.0000000000D+00 0.9855000000D+00 0.3891124000D+01 0.5034900000D+01 0.0000000000D+00 0.1027900000D+01
