 5 4    2   25   48   70  3.5516  1.7693  0.8782  0.3765 16.0 16.0 17.0 18.0   90 2452639.5000 2003                                                                                                                                                                                                                                                                              
1  220021231200301162452639.5 0.3440000000D-01-0.1236000000D-01 0.1219530000D+03 0.3382800000D+00 0.3975000000D-02 0.3018000000D+00 0.2001084000D+01 0.2618200000D+01 0.4447600000D+01 0.9781000000D+00-0.1320000000D-01 0.4640000000D-02 0.4368070000D+02 0.8075000000D-01 0.0000000000D+00 0.1040000000D+00 0.5139925000D+01 0.3294000000D+00 0.0000000000D+00 0.4127100000D+01
1  320030116200302012452655.5-0.1028000000D+00-0.1193000000D-01 0.1256410000D+03 0.3252100000D+00 0.4318000000D-02 0.2921000000D+00 0.2308111000D+01 0.3320800000D+01 0.5287700000D+01 0.1724400000D+01 0.3040000000D-01 0.4810000000D-02 0.4385250000D+02 0.1095200000D+00 0.0000000000D+00 0.1009000000D+00 0.5446987000D+01 0.1313800000D+01 0.0000000000D+00 0.4910300000D+01
1  420030201200302172452671.5-0.2501000000D+00-0.9240000000D-02 0.1273780000D+03 0.3047600000D+00 0.5021000000D-02 0.3049000000D+00 0.2620906000D+01 0.4077000000D+01 0.6049700000D+01 0.2571800000D+01 0.7880000000D-01 0.3670000000D-02 0.4291190000D+02 0.1415300000D+00 0.0000000000D+00 0.1050000000D+00 0.5758196000D+01 0.1982400000D+01 0.0000000000D+00 0.5721200000D+01
1  520030217200303052452687.5-0.3830000000D+00-0.6750000000D-02 0.1267872000D+03 0.2815600000D+00 0.4907000000D-02 0.3108000000D+00 0.2933025000D+01 0.4917700000D+01 0.3763000000D+00 0.3269000000D+01 0.1234000000D+00 0.2140000000D-02 0.4107040000D+02 0.1527700000D+00 0.0000000000D+00 0.1002000000D+00 0.6067546000D+01 0.2528000000D+01 0.0000000000D+00 0.1052000000D+00
1  620030305200303212452703.5-0.4864000000D+00-0.5520000000D-02 0.1240048000D+03 0.2919600000D+00 0.4079000000D-02 0.2816000000D+00 0.3237505000D+01 0.5783000000D+01 0.1039900000D+01 0.4043300000D+01 0.1572000000D+00 0.1080000000D-02 0.3878750000D+02 0.1417000000D+00 0.0000000000D+00 0.8550000000D-01 0.8569000000D-01 0.3037100000D+01 0.0000000000D+00 0.9057000000D+00
1  720030321200304062452719.5-0.5710000000D+00-0.3470000000D-02 0.1195615000D+03 0.3247000000D+00 0.3403000000D-02 0.2810000000D+00 0.3529343000D+01 0.2269000000D+00 0.1670100000D+01 0.4812500000D+01 0.1819000000D+00 0.2700000000D-03 0.3654840000D+02 0.1174600000D+00 0.0000000000D+00 0.8660000000D-01 0.3747090000D+00 0.3554300000D+01 0.0000000000D+00 0.1699300000D+01
1  820030406200304222452735.5-0.6413000000D+00 0.2600000000D-03 0.1141885000D+03 0.3552700000D+00 0.2698000000D-02 0.2554000000D+00 0.3806394000D+01 0.8231000000D+00 0.2216700000D+01 0.5455400000D+01 0.2017000000D+00-0.6500000000D-03 0.3467680000D+02 0.9146000000D-01 0.0000000000D+00 0.8140000000D-01 0.6499470000D+00 0.4136400000D+01 0.0000000000D+00 0.2321900000D+01
1  920030422200305082452751.5-0.6803000000D+00 0.3740000000D-02 0.1085699000D+03 0.3754700000D+00 0.1878000000D-02 0.2192000000D+00 0.4068822000D+01 0.1332100000D+01 0.2695000000D+01 0.6222400000D+01 0.2137000000D+00-0.1380000000D-02 0.3332040000D+02 0.7562000000D-01 0.0000000000D+00 0.7070000000D-01 0.9120690000D+00 0.4820600000D+01 0.0000000000D+00 0.3049400000D+01
1 1020030508200305242452767.5-0.6725000000D+00 0.5440000000D-02 0.1031918000D+03 0.3877500000D+00 0.1276000000D-02 0.2200000000D+00 0.4318182000D+01 0.1774500000D+01 0.3302000000D+01 0.6720000000D+00 0.2147000000D+00-0.1650000000D-02 0.3248100000D+02 0.7532000000D-01 0.0000000000D+00 0.7100000000D-01 0.1162867000D+01 0.5510800000D+01 0.0000000000D+00 0.3777600000D+01
1 1120030524200306092452783.5-0.6281000000D+00 0.6620000000D-02 0.9832210000D+02 0.3909300000D+00 0.9610000000D-03 0.1963000000D+00 0.4556652000D+01 0.2173800000D+01 0.3957500000D+01 0.1287300000D+01 0.2066000000D+00-0.1910000000D-02 0.3208900000D+02 0.8572000000D-01 0.0000000000D+00 0.6510000000D-01 0.1404342000D+01 0.6064700000D+01 0.0000000000D+00 0.4404800000D+01
1 1220030609200306252452799.5-0.5616000000D+00 0.8630000000D-02 0.9410880000D+02 0.3877600000D+00 0.8670000000D-03 0.1697000000D+00 0.4786405000D+01 0.2545700000D+01 0.4682900000D+01 0.2068500000D+01 0.1922000000D+00-0.2600000000D-02 0.3206150000D+02 0.9909000000D-01 0.0000000000D+00 0.5850000000D-01 0.1638305000D+01 0.2043000000D+00 0.0000000000D+00 0.5202000000D+01
1 1320030625200307112452815.5-0.4718000000D+00 0.1054000000D-01 0.9061590000D+02 0.3794000000D+00 0.9590000000D-03 0.1731000000D+00 0.5009506000D+01 0.2894000000D+01 0.5147900000D+01 0.2821200000D+01 0.1692000000D+00-0.3440000000D-02 0.3232150000D+02 0.1118200000D+00 0.0000000000D+00 0.6280000000D-01 0.1866551000D+01 0.5487000000D+00 0.0000000000D+00 0.5968000000D+01
1 1420030711200307272452831.5-0.3511000000D+00 0.1080000000D-01 0.8786620000D+02 0.3658600000D+00 0.1002000000D-02 0.1576000000D+00 0.5227726000D+01 0.3228400000D+01 0.5396900000D+01 0.3480000000D+01 0.1327000000D+00-0.3780000000D-02 0.3281610000D+02 0.1222500000D+00 0.0000000000D+00 0.6010000000D-01 0.2090583000D+01 0.8503000000D+00 0.0000000000D+00 0.3524000000D+00
1 1520030727200308122452847.5-0.2078000000D+00 0.9740000000D-02 0.8584890000D+02 0.3501500000D+00 0.9130000000D-03 0.1458000000D+00 0.5442994000D+01 0.3564300000D+01 0.5564700000D+01 0.4304500000D+01 0.8400000000D-01-0.3670000000D-02 0.3350290000D+02 0.1306700000D+00 0.0000000000D+00 0.5840000000D-01 0.2312106000D+01 0.1132300000D+01 0.0000000000D+00 0.1182400000D+01
1 1620030812200308282452863.5-0.6110000000D-01 0.8890000000D-02 0.8456020000D+02 0.3373400000D+00 0.8580000000D-03 0.1580000000D+00 0.5657030000D+01 0.3907000000D+01 0.5836100000D+01 0.5026100000D+01 0.2920000000D-01-0.3610000000D-02 0.3435780000D+02 0.1374600000D+00 0.0000000000D+00 0.6570000000D-01 0.2532617000D+01 0.1409200000D+01 0.0000000000D+00 0.1901700000D+01
1 1720030828200309132452879.5 0.7910000000D-01 0.8430000000D-02 0.8399620000D+02 0.3274800000D+00 0.8980000000D-03 0.1469000000D+00 0.5871187000D+01 0.4260800000D+01 0.6178100000D+01 0.5694300000D+01-0.2760000000D-01-0.3640000000D-02 0.3537000000D+02 0.1430800000D+00 0.0000000000D+00 0.6260000000D-01 0.2753401000D+01 0.1694600000D+01 0.0000000000D+00 0.2577900000D+01
1 1820030913200309292452895.5 0.2159000000D+00 0.7070000000D-02 0.8417150000D+02 0.3197700000D+00 0.1009000000D-02 0.1463000000D+00 0.6086859000D+01 0.4625900000D+01 0.2352000000D+00 0.2433000000D+00-0.8720000000D-01-0.3220000000D-02 0.3654600000D+02 0.1472500000D+00 0.0000000000D+00 0.6420000000D-01 0.2975791000D+01 0.1993700000D+01 0.0000000000D+00 0.3425600000D+01
1 1920030929200310152452911.5 0.3482000000D+00 0.4350000000D-02 0.8510330000D+02 0.3141800000D+00 0.1150000000D-02 0.1702000000D+00 0.2218100000D-01 0.5009100000D+01 0.6060000000D+00 0.9432000000D+00-0.1481000000D+00-0.2150000000D-02 0.3790080000D+02 0.1499000000D+00 0.0000000000D+00 0.7690000000D-01 0.3201013000D+01 0.2314300000D+01 0.0000000000D+00 0.4128200000D+01
1 2020031015200310312452927.5 0.4600000000D+00 0.1640000000D-02 0.8682840000D+02 0.3117600000D+00 0.1422000000D-02 0.1689000000D+00 0.2453030000D+00 0.5403600000D+01 0.9807000000D+00 0.1607100000D+01-0.2023000000D+00-0.1050000000D-02 0.3945740000D+02 0.1514100000D+00 0.0000000000D+00 0.7770000000D-01 0.3430728000D+01 0.2658700000D+01 0.0000000000D+00 0.4796600000D+01
1 2120031031200311162452943.5 0.5372000000D+00 0.8000000000D-04 0.8935800000D+02 0.3093600000D+00 0.1740000000D-02 0.1788000000D+00 0.4745950000D+00 0.5817100000D+01 0.1281600000D+01 0.2417900000D+01-0.2422000000D+00-0.4500000000D-03 0.4123240000D+02 0.1522000000D+00 0.0000000000D+00 0.8350000000D-01 0.3666448000D+01 0.3035100000D+01 0.0000000000D+00 0.5604300000D+01
1 2220031116200312022452959.5 0.5838000000D+00-0.1260000000D-02 0.9266820000D+02 0.3104300000D+00 0.2013000000D-02 0.2065000000D+00 0.7119040000D+00 0.6264700000D+01 0.1682800000D+01 0.3108900000D+01-0.2683000000D+00 0.2000000000D-04 0.4323220000D+02 0.1531300000D+00 0.0000000000D+00 0.9520000000D-01 0.3909829000D+01 0.3452400000D+01 0.0000000000D+00 0.1600000000D-01
1 2320031202200312182452975.5 0.6081000000D+00-0.3540000000D-02 0.9670930000D+02 0.3147900000D+00 0.2315000000D-02 0.2078000000D+00 0.9591410000D+00 0.4671000000D+00 0.2195300000D+01 0.3820600000D+01-0.2838000000D+00 0.8900000000D-03 0.4545040000D+02 0.1541100000D+00 0.0000000000D+00 0.9550000000D-01 0.4162648000D+01 0.3915800000D+01 0.0000000000D+00 0.7656000000D+00
1 2420031218200401032452991.5 0.6047000000D+00-0.5880000000D-02 0.1013499000D+03 0.3222900000D+00 0.2908000000D-02 0.2262000000D+00 0.1218259000D+01 0.9812000000D+00 0.2783700000D+01 0.4637000000D+01-0.2859000000D+00 0.1780000000D-02 0.4784220000D+02 0.1542700000D+00 0.0000000000D+00 0.1083000000D+00 0.4426664000D+01 0.4422700000D+01 0.0000000000D+00 0.1600300000D+01
2 2520021231200301162452639.5-0.1121000000D+00 0.2825000000D-01 0.1944892000D+03 0.5447200000D+00 0.6896000000D-02 0.7766000000D+00 0.2579346000D+01 0.3180700000D+01 0.5031700000D+01 0.5236500000D+01 0.3750000000D-01-0.1012000000D-01 0.6806880000D+02 0.1306500000D+00 0.0000000000D+00 0.2676000000D+00 0.5722485000D+01 0.9270000000D+00 0.0000000000D+00 0.2056200000D+01
2 2620030116200302012452655.5 0.3815000000D+00 0.2751000000D-01 0.2003630000D+03 0.5369100000D+00 0.7922000000D-02 0.7878000000D+00 0.5785435000D+01 0.5050000000D+00 0.2502000000D+01 0.5578200000D+01-0.1203000000D+00-0.8640000000D-02 0.6829650000D+02 0.1789200000D+00 0.0000000000D+00 0.2633000000D+00 0.2646327000D+01 0.4785400000D+01 0.0000000000D+00 0.2470800000D+01
2 2720030201200302172452671.5 0.8565000000D+00 0.2566000000D-01 0.2031492000D+03 0.4792700000D+00 0.7662000000D-02 0.7990000000D+00 0.2715585000D+01 0.4171300000D+01 0.5949900000D+01 0.5921900000D+01-0.2881000000D+00-0.7460000000D-02 0.6678140000D+02 0.2280200000D+00 0.0000000000D+00 0.2582000000D+00 0.5858859000D+01 0.2060200000D+01 0.0000000000D+00 0.2759600000D+01
2 2820030217200303052452687.5 0.1288600000D+01 0.2333000000D-01 0.2021998000D+03 0.4861600000D+00 0.8553000000D-02 0.7980000000D+00 0.5927888000D+01 0.1594000000D+01 0.3438600000D+01 0.6263200000D+01-0.4007000000D+00-0.6740000000D-02 0.6387800000D+02 0.2458500000D+00 0.0000000000D+00 0.2424000000D+00 0.2786667000D+01 0.5495200000D+01 0.0000000000D+00 0.3130700000D+01
2 2920030305200303212452703.5 0.1661900000D+01 0.1927000000D-01 0.1977590000D+03 0.4965700000D+00 0.6325000000D-02 0.7855000000D+00 0.2850729000D+01 0.5336800000D+01 0.7467000000D+00 0.2967000000D+00-0.5105000000D+00-0.4690000000D-02 0.6027410000D+02 0.2244600000D+00 0.0000000000D+00 0.2431000000D+00 0.5990017000D+01 0.2598500000D+01 0.0000000000D+00 0.3428500000D+01
2 3020030321200304062452719.5 0.1958900000D+01 0.1379000000D-01 0.1905977000D+03 0.5135200000D+00 0.6218000000D-02 0.7745000000D+00 0.6044805000D+01 0.2645300000D+01 0.4073000000D+01 0.6016000000D+00-0.5861000000D+00-0.4130000000D-02 0.5675250000D+02 0.1817400000D+00 0.0000000000D+00 0.2235000000D+00 0.2898458000D+01 0.6008600000D+01 0.0000000000D+00 0.3746300000D+01
2 3120030406200304222452735.5 0.2161200000D+01 0.7550000000D-02 0.1820928000D+03 0.5651200000D+00 0.4081000000D-02 0.7567000000D+00 0.2941367000D+01 0.6168300000D+01 0.1437500000D+01 0.8856000000D+00-0.6387000000D+00-0.2400000000D-02 0.5382620000D+02 0.1359400000D+00 0.0000000000D+00 0.2306000000D+00 0.6076207000D+01 0.3203900000D+01 0.0000000000D+00 0.4010700000D+01
2 3220030422200305082452751.5 0.2242800000D+01 0.1970000000D-02 0.1731407000D+03 0.5826100000D+00 0.3414000000D-02 0.7394000000D+00 0.6106866000D+01 0.3302400000D+01 0.4698600000D+01 0.1147700000D+01-0.6732000000D+00-0.1800000000D-02 0.5172700000D+02 0.1101900000D+00 0.0000000000D+00 0.2199000000D+00 0.2957912000D+01 0.5479000000D+00 0.0000000000D+00 0.4295100000D+01
2 3320030508200305242452767.5 0.2224000000D+01-0.5610000000D-02 0.1646085000D+03 0.6072500000D+00 0.3107000000D-02 0.7312000000D+00 0.2975847000D+01 0.3594000000D+00 0.2202400000D+01 0.1394600000D+01-0.6791000000D+00 0.3700000000D-03 0.5043570000D+02 0.1089200000D+00 0.0000000000D+00 0.2316000000D+00 0.6110702000D+01 0.4188400000D+01 0.0000000000D+00 0.4515700000D+01
2 3420030524200306092452783.5 0.2089100000D+01-0.1276000000D-01 0.1568075000D+03 0.5994900000D+00 0.1749000000D-02 0.7140000000D+00 0.6117403000D+01 0.3697100000D+01 0.5486300000D+01 0.1620300000D+01-0.6648000000D+00 0.2250000000D-02 0.4985990000D+02 0.1280800000D+00 0.0000000000D+00 0.2309000000D+00 0.2970831000D+01 0.1377700000D+01 0.0000000000D+00 0.4769400000D+01
2 3520030609200306252452799.5 0.1835800000D+01-0.1804000000D-01 0.1501059000D+03 0.5818100000D+00 0.1718000000D-02 0.7080000000D+00 0.2966148000D+01 0.6827000000D+00 0.2350900000D+01 0.1834900000D+01-0.6092000000D+00 0.4460000000D-02 0.4985790000D+02 0.1491200000D+00 0.0000000000D+00 0.2408000000D+00 0.6105782000D+01 0.4703500000D+01 0.0000000000D+00 0.4963500000D+01
2 3620030625200307112452815.5 0.1493500000D+01-0.2316000000D-01 0.1445648000D+03 0.5771200000D+00 0.1393000000D-02 0.7017000000D+00 0.6091836000D+01 0.3953300000D+01 0.5924400000D+01 0.2043300000D+01-0.5210000000D+00 0.6590000000D-02 0.5031520000D+02 0.1714700000D+00 0.0000000000D+00 0.2505000000D+00 0.2951897000D+01 0.1653300000D+01 0.0000000000D+00 0.5196700000D+01
2 3720030711200307272452831.5 0.1082600000D+01-0.2781000000D-01 0.1401822000D+03 0.5566200000D+00 0.1242000000D-02 0.6966000000D+00 0.2928758000D+01 0.9200000000D+00 0.2837700000D+01 0.2234800000D+01-0.3993000000D+00 0.9280000000D-02 0.5112720000D+02 0.1885200000D+00 0.0000000000D+00 0.2587000000D+00 0.6076287000D+01 0.4854000000D+01 0.0000000000D+00 0.5378600000D+01
2 3820030727200308122452847.5 0.6103000000D+00-0.3005000000D-01 0.1369873000D+03 0.5516300000D+00 0.1755000000D-02 0.6955000000D+00 0.6045872000D+01 0.4162800000D+01 0.1085000000D+00 0.2429700000D+01-0.2412000000D+00 0.1096000000D-01 0.5223590000D+02 0.2046100000D+00 0.0000000000D+00 0.2712000000D+00 0.2914838000D+01 0.1750100000D+01 0.0000000000D+00 0.5588700000D+01
2 3920030812200308282452863.5 0.1091000000D+00-0.3090000000D-01 0.1349203000D+03 0.5188200000D+00 0.9900000000D-03 0.6930000000D+00 0.2877246000D+01 0.1138500000D+01 0.2668800000D+01 0.2622700000D+01-0.5700000000D-01 0.1241000000D-01 0.5361120000D+02 0.2159500000D+00 0.0000000000D+00 0.2789000000D+00 0.6034668000D+01 0.4924800000D+01 0.0000000000D+00 0.5781100000D+01
2 4020030828200309132452879.5-0.3880000000D+00-0.3089000000D-01 0.1340672000D+03 0.5147300000D+00 0.1814000000D-02 0.6964000000D+00 0.5991940000D+01 0.4375200000D+01 0.6168000000D+01 0.2806300000D+01 0.1426000000D+00 0.1315000000D-01 0.5523160000D+02 0.2271600000D+00 0.0000000000D+00 0.2924000000D+00 0.2871406000D+01 0.1821500000D+01 0.0000000000D+00 0.5975300000D+01
2 4120030913200309292452895.5-0.8670000000D+00-0.2872000000D-01 0.1343447000D+03 0.5032600000D+00 0.1035000000D-02 0.6979000000D+00 0.2824165000D+01 0.1379100000D+01 0.3097200000D+01 0.3003600000D+01 0.3484000000D+00 0.1305000000D-01 0.5711930000D+02 0.2340700000D+00 0.0000000000D+00 0.3003000000D+00 0.5992257000D+01 0.5008100000D+01 0.0000000000D+00 0.6174900000D+01
2 4220030929200310152452911.5-0.1302400000D+01-0.2504000000D-01 0.1358729000D+03 0.5036300000D+00 0.2134000000D-02 0.7039000000D+00 0.5942157000D+01 0.4635300000D+01 0.2051000000D+00 0.3193200000D+01 0.5457000000D+00 0.1200000000D-01 0.5927170000D+02 0.2401000000D+00 0.0000000000D+00 0.3101000000D+00 0.2832454000D+01 0.1938100000D+01 0.0000000000D+00 0.9060000000D-01
2 4320031015200310312452927.5-0.1664100000D+01-0.2102000000D-01 0.1386316000D+03 0.4934200000D+00 0.1792000000D-02 0.7135000000D+00 0.2780715000D+01 0.1655600000D+01 0.3246500000D+01 0.3399200000D+01 0.7233000000D+00 0.1054000000D-01 0.6174620000D+02 0.2430300000D+00 0.0000000000D+00 0.3207000000D+00 0.5959892000D+01 0.5166400000D+01 0.0000000000D+00 0.2951000000D+00
2 4420031031200311162452943.5-0.1947900000D+01-0.1507000000D-01 0.1426561000D+03 0.4919200000D+00 0.2967000000D-02 0.7207000000D+00 0.5908356000D+01 0.4954200000D+01 0.2135000000D+00 0.3610800000D+01 0.8640000000D+00 0.8160000000D-02 0.6453350000D+02 0.2460200000D+00 0.0000000000D+00 0.3282000000D+00 0.2809719000D+01 0.2158000000D+01 0.0000000000D+00 0.5235000000D+00
2 4520031116200312022452959.5-0.2139100000D+01-0.8140000000D-02 0.1479212000D+03 0.5014900000D+00 0.3051000000D-02 0.7361000000D+00 0.2760681000D+01 0.2017100000D+01 0.3674100000D+01 0.3830000000D+01 0.9775000000D+00 0.4840000000D-02 0.6769830000D+02 0.2462200000D+00 0.0000000000D+00 0.3392000000D+00 0.5950433000D+01 0.5457300000D+01 0.0000000000D+00 0.7296000000D+00
2 4620031202200312182452975.5-0.2217000000D+01-0.2160000000D-02 0.1543516000D+03 0.5097900000D+00 0.3531000000D-02 0.7499000000D+00 0.5905552000D+01 0.5402200000D+01 0.8694000000D+00 0.4072400000D+01 0.1025300000D+01 0.2490000000D-02 0.7119940000D+02 0.2448200000D+00 0.0000000000D+00 0.3454000000D+00 0.2816981000D+01 0.2535200000D+01 0.0000000000D+00 0.1001400000D+01
2 4720031218200401032452991.5-0.2192700000D+01 0.4390000000D-02 0.1618270000D+03 0.5066200000D+00 0.4321000000D-02 0.7606000000D+00 0.2779448000D+01 0.2513500000D+01 0.4221600000D+01 0.4328500000D+01 0.1041100000D+01-0.1200000000D-02 0.7499820000D+02 0.2389500000D+00 0.0000000000D+00 0.3536000000D+00 0.5978429000D+01 0.5929600000D+01 0.0000000000D+00 0.1229200000D+01
3 4820021231200301172452639.5-0.2923000000D+00-0.1209000000D-01 0.3093993000D+03 0.8758600000D+00 0.1144600000D-01 0.6075000000D+00 0.1299783000D+01 0.1884300000D+01 0.3823900000D+01 0.5997100000D+01 0.1344000000D+00 0.4840000000D-02 0.1107722000D+03 0.2051300000D+00 0.0000000000D+00 0.1825000000D+00 0.4429481000D+01 0.5884600000D+01 0.0000000000D+00 0.2758300000D+01
3 4920030117200302032452656.5-0.4842000000D+00 0.2120000000D-02 0.3192703000D+03 0.8248300000D+00 0.1244000000D-01 0.5993000000D+00 0.3694442000D+01 0.4706800000D+01 0.3583000000D+00 0.4552100000D+01 0.1332000000D+00-0.8500000000D-03 0.1111399000D+03 0.2897300000D+00 0.0000000000D+00 0.2132000000D+00 0.5406140000D+00 0.2717000000D+01 0.0000000000D+00 0.1505500000D+01
3 5020030203200302202452673.5-0.3613000000D+00-0.3200000000D-03 0.3233895000D+03 0.7850200000D+00 0.1319000000D-01 0.5995000000D+00 0.6096239000D+01 0.1315800000D+01 0.3239700000D+01 0.3025600000D+01 0.1550000000D+00-0.6900000000D-03 0.1083373000D+03 0.3751800000D+00 0.0000000000D+00 0.2082000000D+00 0.2940989000D+01 0.5477700000D+01 0.0000000000D+00 0.6093100000D+01
3 5120030220200303092452690.5-0.3801000000D+00-0.9550000000D-02 0.3208660000D+03 0.7580300000D+00 0.1293200000D-01 0.6114000000D+00 0.2214098000D+01 0.4255700000D+01 0.5982500000D+01 0.1577900000D+01 0.1061000000D+00 0.3010000000D-02 0.1030987000D+03 0.3981700000D+00 0.0000000000D+00 0.1835000000D+00 0.5339170000D+01 0.1814500000D+01 0.0000000000D+00 0.4660000000D+01
3 5220030309200303262452707.5-0.5286000000D+00 0.2980000000D-02 0.3122412000D+03 0.7864200000D+00 0.9813000000D-02 0.5413000000D+00 0.4606925000D+01 0.9109000000D+00 0.2448400000D+01 0.1273000000D+00 0.1869000000D+00-0.1110000000D-02 0.9682830000D+02 0.3515600000D+00 0.0000000000D+00 0.1575000000D+00 0.1445182000D+01 0.4394100000D+01 0.0000000000D+00 0.3300100000D+01
3 5320030326200304122452724.5-0.4012000000D+00 0.3500000000D-03 0.2993354000D+03 0.8448200000D+00 0.8278000000D-02 0.4992000000D+00 0.7023900000D+00 0.3694900000D+01 0.5136900000D+01 0.4828300000D+01 0.1021000000D+00 0.4100000000D-03 0.9094740000D+02 0.2692400000D+00 0.0000000000D+00 0.1680000000D+00 0.3821209000D+01 0.7242000000D+00 0.0000000000D+00 0.1657800000D+01
3 5420030412200304292452741.5-0.4036000000D+00-0.9670000000D-02 0.2845102000D+03 0.9039100000D+00 0.6636000000D-02 0.4756000000D+00 0.3064824000D+01 0.8380000000D-01 0.1540100000D+01 0.3320600000D+01 0.1440000000D+00 0.2070000000D-02 0.8633630000D+02 0.1939400000D+00 0.0000000000D+00 0.1318000000D+00 0.6182086000D+01 0.3435100000D+01 0.0000000000D+00 0.2050000000D-01
3 5520030429200305162452758.5-0.5477000000D+00 0.5180000000D-02 0.2695655000D+03 0.9550900000D+00 0.4586000000D-02 0.4046000000D+00 0.5411919000D+01 0.2686400000D+01 0.4467500000D+01 0.1795200000D+01 0.1695000000D+00-0.5300000000D-03 0.8329460000D+02 0.1614600000D+00 0.0000000000D+00 0.1189000000D+00 0.2246230000D+01 0.8700000000D-02 0.0000000000D+00 0.5071900000D+01
3 5620030516200306022452775.5-0.3973000000D+00-0.4300000000D-03 0.2555610000D+03 0.9496000000D+00 0.3136000000D-02 0.3562000000D+00 0.1462003000D+01 0.5229300000D+01 0.6768000000D+00 0.1334000000D+00 0.1197000000D+00 0.2400000000D-03 0.8166880000D+02 0.1807100000D+00 0.0000000000D+00 0.1258000000D+00 0.4582510000D+01 0.2819700000D+01 0.0000000000D+00 0.3240900000D+01
3 5720030602200306192452792.5-0.4178000000D+00-0.6280000000D-02 0.2433189000D+03 0.9322600000D+00 0.2541000000D-02 0.3404000000D+00 0.3783525000D+01 0.1433500000D+01 0.3134700000D+01 0.4846400000D+01 0.1522000000D+00 0.2180000000D-02 0.8117580000D+02 0.2174000000D+00 0.0000000000D+00 0.1082000000D+00 0.6254170000D+00 0.5431700000D+01 0.0000000000D+00 0.1710800000D+01
3 5820030619200307062452809.5-0.5029000000D+00 0.6390000000D-02 0.2331550000D+03 0.9247400000D+00 0.2937000000D-02 0.2816000000D+00 0.6096309000D+01 0.3887200000D+01 0.5933500000D+01 0.3266200000D+01 0.1718000000D+00-0.1460000000D-02 0.8161650000D+02 0.2530800000D+00 0.0000000000D+00 0.1083000000D+00 0.2943395000D+01 0.1620400000D+01 0.0000000000D+00 0.1800000000D+00
3 5920030706200307232452826.5-0.3462000000D+00 0.2500000000D-03 0.2249380000D+03 0.8964000000D+00 0.1785000000D-02 0.2554000000D+00 0.2119429000D+01 0.7690000000D-01 0.2239000000D+01 0.1509200000D+01 0.1248000000D+00 0.1200000000D-03 0.8278200000D+02 0.2883100000D+00 0.0000000000D+00 0.9710000000D-01 0.5255821000D+01 0.4017900000D+01 0.0000000000D+00 0.4604400000D+01
3 6020030723200308092452843.5-0.3649000000D+00-0.3300000000D-02 0.2189425000D+03 0.8718500000D+00 0.1926000000D-02 0.2475000000D+00 0.4420691000D+01 0.2511500000D+01 0.4668300000D+01 0.6192000000D+01 0.1457000000D+00 0.1580000000D-02 0.8452530000D+02 0.3172400000D+00 0.0000000000D+00 0.9680000000D-01 0.1280778000D+01 0.1046000000D+00 0.0000000000D+00 0.3081300000D+01
3 6120030809200308262452860.5-0.3951000000D+00 0.7000000000D-02 0.2150674000D+03 0.8463300000D+00 0.2498000000D-02 0.2095000000D+00 0.4359780000D+00 0.4937000000D+01 0.5629000000D+00 0.4512400000D+01 0.1552000000D+00-0.2420000000D-02 0.8675470000D+02 0.3416100000D+00 0.0000000000D+00 0.9080000000D-01 0.3586416000D+01 0.2469300000D+01 0.0000000000D+00 0.1374400000D+01
3 6220030826200309122452877.5-0.2416000000D+00-0.1180000000D-02 0.2131793000D+03 0.8322000000D+00 0.2028000000D-02 0.2076000000D+00 0.2733494000D+01 0.1115400000D+01 0.3126200000D+01 0.2682600000D+01 0.1014000000D+00 0.5800000000D-03 0.8944010000D+02 0.3611000000D+00 0.0000000000D+00 0.8770000000D-01 0.5891028000D+01 0.4836500000D+01 0.0000000000D+00 0.5817100000D+01
3 6320030912200309292452894.5-0.2922000000D+00-0.1950000000D-02 0.2135336000D+03 0.8207200000D+00 0.2988000000D-02 0.2211000000D+00 0.5031395000D+01 0.3549000000D+01 0.5464700000D+01 0.1068700000D+01 0.1243000000D+00 0.1200000000D-02 0.9261590000D+02 0.3745600000D+00 0.0000000000D+00 0.9260000000D-01 0.1913011000D+01 0.9279000000D+00 0.0000000000D+00 0.4249600000D+01
3 6420030929200310162452911.5-0.2927000000D+00 0.5910000000D-02 0.2159964000D+03 0.8042600000D+00 0.3091000000D-02 0.2007000000D+00 0.1048393000D+01 0.6016500000D+01 0.1381000000D+01 0.5603600000D+01 0.1289000000D+00-0.2730000000D-02 0.9629340000D+02 0.3868100000D+00 0.0000000000D+00 0.9340000000D-01 0.4220722000D+01 0.3320400000D+01 0.0000000000D+00 0.2541300000D+01
3 6520031016200311022452928.5-0.1625000000D+00-0.4940000000D-02 0.2206616000D+03 0.8023900000D+00 0.3202000000D-02 0.2378000000D+00 0.3352801000D+01 0.2226200000D+01 0.3865200000D+01 0.3822100000D+01 0.7680000000D-01 0.2300000000D-02 0.1005149000D+03 0.3951400000D+00 0.0000000000D+00 0.1128000000D+00 0.2492480000D+00 0.5746300000D+01 0.0000000000D+00 0.6940000000D+00
3 6620031102200311192452945.5-0.2825000000D+00-0.2210000000D-02 0.2277103000D+03 0.8016200000D+00 0.5092000000D-02 0.2653000000D+00 0.5663799000D+01 0.4703700000D+01 0.4190000000D-01 0.2248900000D+01 0.1139000000D+00 0.1220000000D-02 0.1053537000D+03 0.4002600000D+00 0.0000000000D+00 0.1155000000D+00 0.2567069000D+01 0.1926200000D+01 0.0000000000D+00 0.5459900000D+01
3 6720031119200312062452962.5-0.2829000000D+00 0.3560000000D-02 0.2368780000D+03 0.8119100000D+00 0.5131000000D-02 0.2702000000D+00 0.1700250000D+01 0.9734000000D+00 0.2624300000D+01 0.5626000000D+00 0.1449000000D+00-0.2190000000D-02 0.1108509000D+03 0.4014000000D+00 0.0000000000D+00 0.1366000000D+00 0.4893047000D+01 0.4435700000D+01 0.0000000000D+00 0.3821700000D+01
3 6820031206200312232452979.5-0.1993000000D+00-0.8500000000D-02 0.2481838000D+03 0.8157300000D+00 0.5755000000D-02 0.3336000000D+00 0.4031112000D+01 0.3555100000D+01 0.5278100000D+01 0.5193100000D+01 0.7640000000D-01 0.4370000000D-02 0.1170240000D+03 0.3938000000D+00 0.0000000000D+00 0.1671000000D+00 0.9465660000D+00 0.7090000000D+00 0.0000000000D+00 0.2012300000D+01
3 6920031223200401092452996.5-0.3803000000D+00-0.3620000000D-02 0.2611494000D+03 0.7957100000D+00 0.7879000000D-02 0.3739000000D+00 0.9277200000D-01 0.6158200000D+01 0.1503000000D+01 0.3693400000D+01 0.1727000000D+00 0.8900000000D-03 0.1236333000D+03 0.3812400000D+00 0.0000000000D+00 0.1496000000D+00 0.3296498000D+01 0.3321500000D+01 0.0000000000D+00 0.6116000000D+00
4 7020021231200301182452639.5 0.1985900000D+01 0.1505600000D+00 0.5444998000D+03 0.1582490000D+01 0.0000000000D+00 0.2605900000D+01 0.2635382000D+01 0.3482000000D+01 0.0000000000D+00 0.1679500000D+01-0.1909000000D+00-0.1097000000D+00 0.1933434000D+03 0.4648500000D+00 0.0000000000D+00 0.9099000000D+00 0.5777571000D+01 0.1012300000D+01 0.0000000000D+00 0.4823100000D+01
4 7120030118200302052452657.5 0.1666600000D+01 0.2772600000D+00 0.5624621000D+03 0.1615070000D+01 0.0000000000D+00 0.2725900000D+01 0.3161574000D+01 0.4484400000D+01 0.0000000000D+00 0.2710900000D+01-0.5366000000D+00-0.1034300000D+00 0.1937845000D+03 0.5986200000D+00 0.0000000000D+00 0.9163000000D+00 0.2269300000D-01 0.2131000000D+01 0.0000000000D+00 0.5848400000D+01
4 7220030205200302232452675.5 0.3809300000D+01 0.1145300000D+00 0.5702582000D+03 0.1458010000D+01 0.0000000000D+00 0.2621500000D+01 0.3698775000D+01 0.5554000000D+01 0.0000000000D+00 0.3753900000D+01-0.1570100000D+01 0.2530000000D-02 0.1887616000D+03 0.7036000000D+00 0.0000000000D+00 0.8496000000D+00 0.5594460000D+00 0.3119400000D+01 0.0000000000D+00 0.6198000000D+00
4 7320030223200303132452693.5 0.5874900000D+01-0.1115300000D+00 0.5647910000D+03 0.1493590000D+01 0.0000000000D+00 0.2539300000D+01 0.4233138000D+01 0.4099000000D+00 0.0000000000D+00 0.4794500000D+01-0.1914100000D+01 0.5986000000D-01 0.1789388000D+03 0.7331600000D+00 0.0000000000D+00 0.8085000000D+00 0.1090945000D+01 0.3919000000D+01 0.0000000000D+00 0.1638300000D+01
4 7420030313200303312452711.5 0.6292700000D+01-0.2203100000D+00 0.5466502000D+03 0.1666470000D+01 0.0000000000D+00 0.2469500000D+01 0.4755488000D+01 0.1362200000D+01 0.0000000000D+00 0.5802500000D+01-0.1545600000D+01 0.4443000000D-01 0.1671897000D+03 0.6211100000D+00 0.0000000000D+00 0.7529000000D+00 0.1611007000D+01 0.4641400000D+01 0.0000000000D+00 0.2620500000D+01
4 7520030331200304182452729.5 0.4876500000D+01-0.1228200000D+00 0.5201402000D+03 0.1676320000D+01 0.0000000000D+00 0.2263800000D+01 0.5262553000D+01 0.2190800000D+01 0.0000000000D+00 0.4976000000D+00-0.9746000000D+00-0.7140000000D-02 0.1566478000D+03 0.4468300000D+00 0.0000000000D+00 0.6767000000D+00 0.2116363000D+01 0.5444700000D+01 0.0000000000D+00 0.3605600000D+01
4 7620030418200305062452747.5 0.3623500000D+01-0.9900000000D-02 0.4915506000D+03 0.1683530000D+01 0.0000000000D+00 0.2128500000D+01 0.5751955000D+01 0.2975800000D+01 0.0000000000D+00 0.1465100000D+01-0.7563000000D+00-0.3233000000D-01 0.1490646000D+03 0.3443200000D+00 0.0000000000D+00 0.6476000000D+00 0.2604370000D+01 0.1177000000D+00 0.0000000000D+00 0.4579000000D+01
4 7720030506200305242452765.5 0.2812500000D+01 0.6035000000D-01 0.4641746000D+03 0.1716320000D+01 0.0000000000D+00 0.2035300000D+01 0.6223910000D+01 0.3685100000D+01 0.0000000000D+00 0.2419000000D+01-0.6691000000D+00-0.4221000000D-01 0.1444958000D+03 0.3400200000D+00 0.0000000000D+00 0.6422000000D+00 0.3076743000D+01 0.1087300000D+01 0.0000000000D+00 0.5539100000D+01
4 7820030524200306112452783.5 0.2863800000D+01 0.3139000000D-01 0.4393267000D+03 0.1674760000D+01 0.0000000000D+00 0.1893800000D+01 0.3965570000D+00 0.4299300000D+01 0.0000000000D+00 0.3341300000D+01-0.7547000000D+00-0.3055000000D-01 0.1424138000D+03 0.3719700000D+00 0.0000000000D+00 0.6291000000D+00 0.3535147000D+01 0.1876400000D+01 0.0000000000D+00 0.1834000000D+00
4 7920030611200306292452801.5 0.3025700000D+01-0.1154000000D-01 0.4181204000D+03 0.1607180000D+01 0.0000000000D+00 0.1820300000D+01 0.8413620000D+00 0.4903200000D+01 0.0000000000D+00 0.4261300000D+01-0.8467000000D+00-0.1793000000D-01 0.1423311000D+03 0.4259100000D+00 0.0000000000D+00 0.6381000000D+00 0.3983958000D+01 0.2539500000D+01 0.0000000000D+00 0.1104300000D+01
4 8020030629200307172452819.5 0.2769600000D+01-0.1952000000D-01 0.4013110000D+03 0.1564580000D+01 0.0000000000D+00 0.1752100000D+01 0.1277800000D+01 0.5490900000D+01 0.0000000000D+00 0.5176900000D+01-0.8310000000D+00-0.1357000000D-01 0.1438523000D+03 0.4848800000D+00 0.0000000000D+00 0.6471000000D+00 0.4425420000D+01 0.3105900000D+01 0.0000000000D+00 0.2026000000D+01
4 8120030717200308042452837.5 0.2136900000D+01 0.2311000000D-01 0.3890259000D+03 0.1537490000D+01 0.0000000000D+00 0.1678500000D+01 0.1707622000D+01 0.6040600000D+01 0.0000000000D+00 0.6076700000D+01-0.6940000000D+00-0.2550000000D-01 0.1467024000D+03 0.5323900000D+00 0.0000000000D+00 0.6529000000D+00 0.4861147000D+01 0.3601700000D+01 0.0000000000D+00 0.2932400000D+01
4 8220030804200308222452855.5 0.2135600000D+01-0.5960000000D-02 0.3803825000D+03 0.1499560000D+01 0.0000000000D+00 0.1690600000D+01 0.2134191000D+01 0.3437000000D+00 0.0000000000D+00 0.6945000000D+00-0.7872000000D+00-0.9900000000D-02 0.1503897000D+03 0.5843700000D+00 0.0000000000D+00 0.6876000000D+00 0.5294231000D+01 0.4117100000D+01 0.0000000000D+00 0.3837100000D+01
4 8320030822200309092452873.5 0.2371300000D+01-0.6903000000D-01 0.3759750000D+03 0.1517420000D+01 0.0000000000D+00 0.1675900000D+01 0.2559818000D+01 0.9418000000D+00 0.0000000000D+00 0.1581500000D+01-0.9427000000D+00 0.1720000000D-01 0.1550580000D+03 0.6447900000D+00 0.0000000000D+00 0.7058000000D+00 0.5726536000D+01 0.4616900000D+01 0.0000000000D+00 0.4732800000D+01
4 8420030909200309272452891.5 0.2535300000D+01-0.1240400000D+00 0.3759167000D+03 0.1556400000D+01 0.0000000000D+00 0.1667000000D+01 0.2985200000D+01 0.1524800000D+01 0.0000000000D+00 0.2472300000D+01-0.1049600000D+01 0.4008000000D-01 0.1607151000D+03 0.6949100000D+00 0.0000000000D+00 0.7243000000D+00 0.6158711000D+01 0.5109000000D+01 0.0000000000D+00 0.5634800000D+01
4 8520030927200310152452909.5 0.1788700000D+01-0.8140000000D-01 0.3797262000D+03 0.1507760000D+01 0.0000000000D+00 0.1758900000D+01 0.3410213000D+01 0.2125900000D+01 0.0000000000D+00 0.3387500000D+01-0.7614000000D+00 0.2153000000D-01 0.1671699000D+03 0.7030200000D+00 0.0000000000D+00 0.7833000000D+00 0.3075870000D+00 0.5650500000D+01 0.0000000000D+00 0.2759000000D+00
4 8620031015200311022452927.5 0.5825000000D+00 0.2005000000D-01 0.3873819000D+03 0.1477990000D+01 0.0000000000D+00 0.1833600000D+01 0.3839725000D+01 0.2794400000D+01 0.0000000000D+00 0.4275500000D+01-0.2946000000D+00-0.1921000000D-01 0.1745088000D+03 0.7183400000D+00 0.0000000000D+00 0.8295000000D+00 0.7444070000D+00 0.6249500000D+01 0.0000000000D+00 0.1177700000D+01
4 8720031102200311202452945.5-0.1924000000D+00 0.9598000000D-01 0.3997840000D+03 0.1518060000D+01 0.0000000000D+00 0.1912700000D+01 0.4277162000D+01 0.3476800000D+01 0.0000000000D+00 0.5182200000D+01-0.4390000000D-01-0.4519000000D-01 0.1832153000D+03 0.7438500000D+00 0.0000000000D+00 0.8805000000D+00 0.1188885000D+01 0.5758000000D+00 0.0000000000D+00 0.2099800000D+01
4 8820031120200312082452963.5-0.8140000000D-01 0.7743000000D-01 0.4175590000D+03 0.1520590000D+01 0.0000000000D+00 0.2076400000D+01 0.4723941000D+01 0.4135400000D+01 0.0000000000D+00 0.6132900000D+01-0.1829000000D+00-0.2869000000D-01 0.1935945000D+03 0.7330800000D+00 0.0000000000D+00 0.9705000000D+00 0.1642102000D+01 0.1192700000D+01 0.0000000000D+00 0.3056600000D+01
4 8920031208200312262452981.5 0.2480000000D+00 0.5188000000D-01 0.4393489000D+03 0.1485610000D+01 0.0000000000D+00 0.2227500000D+01 0.5182890000D+01 0.4862400000D+01 0.0000000000D+00 0.7932000000D+00-0.3749000000D+00-0.1328000000D-01 0.2050896000D+03 0.7086100000D+00 0.0000000000D+00 0.1045400000D+01 0.2107002000D+01 0.1896700000D+01 0.0000000000D+00 0.4004600000D+01
4 9020031226200401132452999.5 0.6525000000D+00 0.2688000000D-01 0.4639963000D+03 0.1455210000D+01 0.0000000000D+00 0.2426400000D+01 0.5658189000D+01 0.5655000000D+01 0.0000000000D+00 0.1767800000D+01-0.5841000000D+00 0.8500000000D-03 0.2172999000D+03 0.6827100000D+00 0.0000000000D+00 0.1140500000D+01 0.2587426000D+01 0.2671700000D+01 0.0000000000D+00 0.4984300000D+01
