 5 4    2   25   48   70  3.5516  1.7693  0.8782  0.3765 16.0 16.0 17.0 18.0   90 2450813.5000 1998                                                                                                                                                                                                                                                                              
1  219971231199801162450813.5 0.6242000000D+00-0.6730000000D-02 0.9518410000D+02 0.4285100000D+00 0.1131000000D-02 0.1999000000D+00 0.4138779000D+01 0.2050800000D+01 0.3957300000D+01 0.3839900000D+01 0.2392000000D+00-0.1710000000D-02 0.3675730000D+02 0.1389300000D+00 0.0000000000D+00 0.7810000000D-01 0.4152874000D+01 0.2731700000D+01 0.0000000000D+00 0.3873700000D+01
1  319980116199802012450829.5 0.5657000000D+00-0.7410000000D-02 0.9226690000D+02 0.4159700000D+00 0.1010000000D-02 0.2073000000D+00 0.4350631000D+01 0.2394200000D+01 0.4358700000D+01 0.4438100000D+01 0.2279000000D+00-0.2230000000D-02 0.3716030000D+02 0.1498100000D+00 0.0000000000D+00 0.8520000000D-01 0.4370658000D+01 0.3030500000D+01 0.0000000000D+00 0.4473900000D+01
1  419980201199802172450845.5 0.4757000000D+00-0.8020000000D-02 0.9021910000D+02 0.4018800000D+00 0.9390000000D-03 0.1906000000D+00 0.4559226000D+01 0.2732900000D+01 0.4694300000D+01 0.5086400000D+01 0.2019000000D+00-0.2780000000D-02 0.3778170000D+02 0.1578300000D+00 0.0000000000D+00 0.8170000000D-01 0.4585737000D+01 0.3312400000D+01 0.0000000000D+00 0.5124800000D+01
1  519980217199803052450861.5 0.3657000000D+00-0.9190000000D-02 0.8903650000D+02 0.3888300000D+00 0.8910000000D-03 0.1965000000D+00 0.4766495000D+01 0.3071500000D+01 0.4972000000D+01 0.5828000000D+01 0.1643000000D+00-0.3600000000D-02 0.3859690000D+02 0.1634400000D+00 0.0000000000D+00 0.8710000000D-01 0.4799874000D+01 0.3587900000D+01 0.0000000000D+00 0.5864200000D+01
1  619980305199803212450877.5 0.2339000000D+00-0.9750000000D-02 0.8870340000D+02 0.3782600000D+00 0.8480000000D-03 0.2076000000D+00 0.4974162000D+01 0.3418800000D+01 0.5269600000D+01 0.1683000000D+00 0.1135000000D+00-0.4150000000D-02 0.3959390000D+02 0.1671100000D+00 0.0000000000D+00 0.9350000000D-01 0.5014675000D+01 0.3869000000D+01 0.0000000000D+00 0.2091000000D+00
1  719980321199804062450893.5 0.7820000000D-01-0.8680000000D-02 0.8921210000D+02 0.3736100000D+00 0.1014000000D-02 0.1949000000D+00 0.5183926000D+01 0.3771600000D+01 0.5656100000D+01 0.8338000000D+00 0.4840000000D-01-0.3980000000D-02 0.4076880000D+02 0.1697700000D+00 0.0000000000D+00 0.8940000000D-01 0.5231673000D+01 0.4164600000D+01 0.0000000000D+00 0.8959000000D+00
1  819980406199804222450909.5-0.8660000000D-01-0.6940000000D-02 0.9057660000D+02 0.3698500000D+00 0.1288000000D-02 0.2051000000D+00 0.5396981000D+01 0.4133400000D+01 0.5927800000D+01 0.1585900000D+01-0.2430000000D-01-0.3470000000D-02 0.4214070000D+02 0.1711200000D+00 0.0000000000D+00 0.9690000000D-01 0.5452074000D+01 0.4481400000D+01 0.0000000000D+00 0.1657600000D+01
1  919980422199805082450925.5-0.2405000000D+00-0.6030000000D-02 0.9280210000D+02 0.3670700000D+00 0.1547000000D-02 0.2161000000D+00 0.5614874000D+01 0.4510400000D+01 0.6184400000D+01 0.2211200000D+01-0.9520000000D-01-0.3280000000D-02 0.4373180000D+02 0.1713700000D+00 0.0000000000D+00 0.1034000000D+00 0.5677314000D+01 0.4823500000D+01 0.0000000000D+00 0.2282900000D+01
1 1019980508199805242450941.5-0.3786000000D+00-0.5460000000D-02 0.9589970000D+02 0.3650800000D+00 0.1783000000D-02 0.2024000000D+00 0.5839169000D+01 0.4905600000D+01 0.1851000000D+00 0.2903700000D+01-0.1614000000D+00-0.3150000000D-02 0.4557010000D+02 0.1708800000D+00 0.0000000000D+00 0.9810000000D-01 0.5908821000D+01 0.5196000000D+01 0.0000000000D+00 0.2982200000D+01
1 1119980524199806092450957.5-0.5069000000D+00-0.3650000000D-02 0.9984880000D+02 0.3661400000D+00 0.2011000000D-02 0.2186000000D+00 0.6071613000D+01 0.5324700000D+01 0.5747000000D+00 0.3693100000D+01-0.2259000000D+00-0.2290000000D-02 0.4767710000D+02 0.1708900000D+00 0.0000000000D+00 0.1063000000D+00 0.6148134000D+01 0.5607000000D+01 0.0000000000D+00 0.3759000000D+01
1 1219980609199806252450973.5-0.6204000000D+00-0.7000000000D-03 0.1045945000D+03 0.3671000000D+00 0.2287000000D-02 0.2385000000D+00 0.3071400000D-01 0.5771400000D+01 0.9961000000D+00 0.4334800000D+01-0.2855000000D+00-0.8000000000D-03 0.5005950000D+02 0.1725000000D+00 0.0000000000D+00 0.1133000000D+00 0.1136010000D+00 0.6060300000D+01 0.0000000000D+00 0.4406700000D+01
1 1319980625199807112450989.5-0.6984000000D+00 0.1260000000D-02 0.1099924000D+03 0.3724700000D+00 0.2556000000D-02 0.2266000000D+00 0.2844500000D+00 0.6260300000D+01 0.1615100000D+01 0.5064100000D+01-0.3310000000D+00 0.4000000000D-03 0.5269750000D+02 0.1761300000D+00 0.0000000000D+00 0.1086000000D+00 0.3729360000D+00 0.2746000000D+00 0.0000000000D+00 0.5176900000D+01
1 1419980711199807272451005.5-0.7319000000D+00 0.1680000000D-02 0.1158174000D+03 0.3756700000D+00 0.3285000000D-02 0.2494000000D+00 0.5513820000D+00 0.4962000000D+00 0.2277200000D+01 0.5875100000D+01-0.3577000000D+00 0.1050000000D-02 0.5551970000D+02 0.1793500000D+00 0.0000000000D+00 0.1244000000D+00 0.6444390000D+00 0.8076000000D+00 0.0000000000D+00 0.5973200000D+01
1 1519980727199808122451021.5-0.7345000000D+00 0.2560000000D-02 0.1216655000D+03 0.3676100000D+00 0.4023000000D-02 0.2611000000D+00 0.8323710000D+00 0.1067500000D+01 0.2897600000D+01 0.2817000000D+00-0.3700000000D+00 0.1870000000D-02 0.5835750000D+02 0.1758100000D+00 0.0000000000D+00 0.1290000000D+00 0.9289660000D+00 0.1377000000D+01 0.0000000000D+00 0.3444000000D+00
1 1619980812199808282451037.5-0.7159000000D+00 0.4780000000D-02 0.1269067000D+03 0.3496200000D+00 0.4442000000D-02 0.2448000000D+00 0.1127068000D+01 0.1716200000D+01 0.3570700000D+01 0.1099100000D+01-0.3682000000D+00 0.2870000000D-02 0.6090910000D+02 0.1605200000D+00 0.0000000000D+00 0.1166000000D+00 0.1226026000D+01 0.2019800000D+01 0.0000000000D+00 0.1161600000D+01
1 1719980828199809132451053.5-0.6621000000D+00 0.6270000000D-02 0.1307391000D+03 0.3327200000D+00 0.4799000000D-02 0.2621000000D+00 0.1433188000D+01 0.2447100000D+01 0.4372200000D+01 0.1905400000D+01-0.3426000000D+00 0.2870000000D-02 0.6275280000D+02 0.1400400000D+00 0.0000000000D+00 0.1235000000D+00 0.1533014000D+01 0.2807500000D+01 0.0000000000D+00 0.2005800000D+01
1 1819980913199809292451069.5-0.5625000000D+00 0.5760000000D-02 0.1324337000D+03 0.3161100000D+00 0.5340000000D-02 0.2388000000D+00 0.1746070000D+01 0.3225000000D+01 0.5096400000D+01 0.2618800000D+01-0.2920000000D+00 0.1850000000D-02 0.6346990000D+02 0.1345000000D+00 0.0000000000D+00 0.1169000000D+00 0.1844749000D+01 0.3722700000D+01 0.0000000000D+00 0.2741600000D+01
1 1919980929199810152451085.5-0.4383000000D+00 0.5490000000D-02 0.1316483000D+03 0.3067600000D+00 0.5181000000D-02 0.2177000000D+00 0.2059027000D+01 0.4060000000D+01 0.5766300000D+01 0.3550100000D+01-0.2317000000D+00 0.1500000000D-02 0.6286130000D+02 0.1473600000D+00 0.0000000000D+00 0.1098000000D+00 0.2154721000D+01 0.4579200000D+01 0.0000000000D+00 0.3609700000D+01
1 2019981015199810312451101.5-0.3085000000D+00 0.6790000000D-02 0.1285297000D+03 0.3213100000D+00 0.4614000000D-02 0.2275000000D+00 0.2364947000D+01 0.4884000000D+01 0.1499000000D+00 0.4313500000D+01-0.1724000000D+00 0.2490000000D-02 0.6107580000D+02 0.1640700000D+00 0.0000000000D+00 0.1069000000D+00 0.2456695000D+01 0.5304100000D+01 0.0000000000D+00 0.4345000000D+01
1 2119981031199811162451117.5-0.1650000000D+00 0.7510000000D-02 0.1236656000D+03 0.3547400000D+00 0.3789000000D-02 0.1946000000D+00 0.2658260000D+01 0.5616300000D+01 0.8147000000D+00 0.5063700000D+01-0.1080000000D+00 0.3450000000D-02 0.5852310000D+02 0.1763200000D+00 0.0000000000D+00 0.8870000000D-01 0.2746014000D+01 0.5930500000D+01 0.0000000000D+00 0.5159300000D+01
1 2219981116199812022451133.5-0.2900000000D-02 0.6150000000D-02 0.1178435000D+03 0.3907300000D+00 0.3160000000D-02 0.1910000000D+00 0.2935963000D+01 0.6226300000D+01 0.1467200000D+01 0.5986800000D+01-0.3350000000D-01 0.3320000000D-02 0.5567150000D+02 0.1844800000D+00 0.0000000000D+00 0.9280000000D-01 0.3020444000D+01 0.1990000000D+00 0.0000000000D+00 0.6090200000D+01
1 2319981202199812182451149.5 0.1575000000D+00 0.4300000000D-02 0.1117764000D+03 0.4133300000D+00 0.2674000000D-02 0.1996000000D+00 0.3197422000D+01 0.4588000000D+00 0.2038200000D+01 0.4088000000D+00 0.4280000000D-01 0.2740000000D-02 0.5286610000D+02 0.1887400000D+00 0.0000000000D+00 0.9730000000D-01 0.3279795000D+01 0.6843000000D+00 0.0000000000D+00 0.4743000000D+00
1 2419981218199901032451165.5 0.2926000000D+00 0.3720000000D-02 0.1060133000D+03 0.4206700000D+00 0.2117000000D-02 0.1795000000D+00 0.3444020000D+01 0.9181000000D+00 0.2499700000D+01 0.1164100000D+01 0.1102000000D+00 0.2510000000D-02 0.5030950000D+02 0.1901000000D+00 0.0000000000D+00 0.8620000000D-01 0.3525603000D+01 0.1114100000D+01 0.0000000000D+00 0.1224200000D+01
2 2519971231199801162450813.5-0.2033300000D+01 0.7640000000D-02 0.1516897000D+03 0.6616600000D+00 0.1872000000D-02 0.6600000000D+00 0.4389722000D+01 0.2289100000D+01 0.4367400000D+01 0.9981000000D+00-0.7810000000D+00 0.5400000000D-03 0.5785760000D+02 0.2129700000D+00 0.0000000000D+00 0.2578000000D+00 0.4424879000D+01 0.2999400000D+01 0.0000000000D+00 0.1041800000D+01
2 2619980116199802012450829.5-0.1864700000D+01 0.1567000000D-01 0.1470990000D+03 0.6456900000D+00 0.1595000000D-02 0.6346000000D+00 0.1220351000D+01 0.5538800000D+01 0.1294600000D+01 0.1214800000D+01-0.7512000000D+00 0.3990000000D-02 0.5846100000D+02 0.2321700000D+00 0.0000000000D+00 0.2562000000D+00 0.1259980000D+01 0.6192400000D+01 0.0000000000D+00 0.1254100000D+01
2 2719980201199802172450845.5-0.1575700000D+01 0.2217000000D-01 0.1438493000D+03 0.6197400000D+00 0.1488000000D-02 0.6119000000D+00 0.4330090000D+01 0.2501600000D+01 0.4283600000D+01 0.1443300000D+01-0.6747000000D+00 0.7350000000D-02 0.5938830000D+02 0.2462600000D+00 0.0000000000D+00 0.2582000000D+00 0.4374860000D+01 0.3095400000D+01 0.0000000000D+00 0.1490500000D+01
2 2819980217199803052450861.5-0.1190200000D+01 0.2781000000D-01 0.1420058000D+03 0.6115300000D+00 0.1154000000D-02 0.6007000000D+00 0.1155352000D+01 0.5751200000D+01 0.1362800000D+01 0.1674100000D+01-0.5417000000D+00 0.1053000000D-01 0.6063920000D+02 0.2580000000D+00 0.0000000000D+00 0.2598000000D+00 0.1205436000D+01 0.6262100000D+01 0.0000000000D+00 0.1729000000D+01
2 2919980305199803212450877.5-0.7332000000D+00 0.3269000000D-01 0.1415068000D+03 0.5934700000D+00 0.1526000000D-02 0.6041000000D+00 0.4263074000D+01 0.2710100000D+01 0.4267900000D+01 0.1904100000D+01-0.3691000000D+00 0.1352000000D-01 0.6215750000D+02 0.2653200000D+00 0.0000000000D+00 0.2692000000D+00 0.4318953000D+01 0.3162200000D+01 0.0000000000D+00 0.1962000000D+01
2 3019980321199804062450893.5-0.2162000000D+00 0.3479000000D-01 0.1423738000D+03 0.6033500000D+00 0.1871000000D-02 0.6072000000D+00 0.1089654000D+01 0.5959000000D+01 0.1740000000D+01 0.2143500000D+01-0.1536000000D+00 0.1516000000D-01 0.6398110000D+02 0.2698700000D+00 0.0000000000D+00 0.2751000000D+00 0.1151070000D+01 0.6400000000D-01 0.0000000000D+00 0.2204600000D+01
2 3119980406199804222450909.5 0.3289000000D+00 0.3494000000D-01 0.1445671000D+03 0.5809800000D+00 0.1635000000D-02 0.6275000000D+00 0.4201322000D+01 0.2949900000D+01 0.4356300000D+01 0.2383000000D+01 0.8530000000D-01 0.1602000000D-01 0.6609800000D+02 0.2715500000D+00 0.0000000000D+00 0.2899000000D+00 0.4269062000D+01 0.3277900000D+01 0.0000000000D+00 0.2455000000D+01
2 3219980422199805082450925.5 0.8609000000D+00 0.3465000000D-01 0.1481720000D+03 0.5887600000D+00 0.2290000000D-02 0.6558000000D+00 0.1035110000D+01 0.6208800000D+01 0.1516200000D+01 0.2627900000D+01 0.3309000000D+00 0.1623000000D-01 0.6857100000D+02 0.2723000000D+00 0.0000000000D+00 0.3030000000D+00 0.1108678000D+01 0.2242000000D+00 0.0000000000D+00 0.2700200000D+01
2 3319980508199805242450941.5 0.1368100000D+01 0.3183000000D-01 0.1530981000D+03 0.5867200000D+00 0.2220000000D-02 0.6900000000D+00 0.4157638000D+01 0.3232200000D+01 0.4593800000D+01 0.2869900000D+01 0.5702000000D+00 0.1565000000D-01 0.7140700000D+02 0.2729500000D+00 0.0000000000D+00 0.3255000000D+00 0.4237299000D+01 0.3494300000D+01 0.0000000000D+00 0.2955400000D+01
2 3419980524199806092450957.5 0.1831800000D+01 0.2615000000D-01 0.1594170000D+03 0.6045300000D+00 0.3462000000D-02 0.7402000000D+00 0.1005364000D+01 0.2347000000D+00 0.1928700000D+01 0.3118600000D+01 0.7975000000D+00 0.1296000000D-01 0.7467220000D+02 0.2732700000D+00 0.0000000000D+00 0.3428000000D+00 0.1090409000D+01 0.5160000000D+00 0.0000000000D+00 0.3202700000D+01
2 3519980609199806252450973.5 0.2205600000D+01 0.2052000000D-01 0.1669626000D+03 0.6125100000D+00 0.3260000000D-02 0.7946000000D+00 0.4145165000D+01 0.3596900000D+01 0.5435000000D+01 0.3373900000D+01 0.9905000000D+00 0.1105000000D-01 0.7837600000D+02 0.2744300000D+00 0.0000000000D+00 0.3775000000D+00 0.4235789000D+01 0.3866900000D+01 0.0000000000D+00 0.3470900000D+01
2 3619980625199807112450989.5 0.2483400000D+01 0.1367000000D-01 0.1756757000D+03 0.5980600000D+00 0.4790000000D-02 0.8528000000D+00 0.1013606000D+01 0.6618000000D+00 0.2293300000D+01 0.3629900000D+01 0.1135100000D+01 0.7750000000D-02 0.8249660000D+02 0.2781000000D+00 0.0000000000D+00 0.3940000000D+00 0.1109047000D+01 0.9759000000D+00 0.0000000000D+00 0.3729900000D+01
2 3719980711199807272451005.5 0.2656800000D+01 0.5560000000D-02 0.1849851000D+03 0.6009700000D+00 0.5619000000D-02 0.9234000000D+00 0.4178219000D+01 0.4086800000D+01 0.5922200000D+01 0.3902600000D+01 0.1249000000D+01 0.4560000000D-02 0.8692360000D+02 0.2785700000D+00 0.0000000000D+00 0.4393000000D+00 0.4277978000D+01 0.4408100000D+01 0.0000000000D+00 0.4008900000D+01
2 3819980727199808122451021.5 0.2715200000D+01-0.2890000000D-02 0.1943035000D+03 0.5824200000D+00 0.6242000000D-02 0.9780000000D+00 0.1073795000D+01 0.1291800000D+01 0.3111100000D+01 0.4176900000D+01 0.1288200000D+01 0.6100000000D-03 0.9135940000D+02 0.2738100000D+00 0.0000000000D+00 0.4543000000D+00 0.1177041000D+01 0.1604900000D+01 0.0000000000D+00 0.4275300000D+01
2 3919980812199808282451037.5 0.2644600000D+01-0.1036000000D-01 0.2026317000D+03 0.5671700000D+00 0.8174000000D-02 0.1032400000D+01 0.4266902000D+01 0.4828400000D+01 0.5118000000D+00 0.4467700000D+01 0.1303800000D+01-0.3630000000D-02 0.9538460000D+02 0.2504800000D+00 0.0000000000D+00 0.4904000000D+00 0.4372485000D+01 0.5168400000D+01 0.0000000000D+00 0.4595400000D+01
2 4019980828199809132451053.5 0.2464600000D+01-0.1832000000D-01 0.2087254000D+03 0.5384400000D+00 0.7910000000D-02 0.1073300000D+01 0.1188557000D+01 0.2193000000D+01 0.4100500000D+01 0.4766900000D+01 0.1220500000D+01-0.6520000000D-02 0.9824950000D+02 0.2278200000D+00 0.0000000000D+00 0.4987000000D+00 0.1295186000D+01 0.2558000000D+01 0.0000000000D+00 0.4849200000D+01
2 4119980913199809292451069.5 0.2180200000D+01-0.2605000000D-01 0.2115136000D+03 0.5030400000D+00 0.8180000000D-02 0.1081600000D+01 0.4401318000D+01 0.5893700000D+01 0.1345400000D+01 0.5060700000D+01 0.1121600000D+01-0.1211000000D-01 0.9940700000D+02 0.2192600000D+00 0.0000000000D+00 0.5139000000D+00 0.4507146000D+01 0.7820000000D-01 0.0000000000D+00 0.5190400000D+01
2 4219980929199810152451085.5 0.1775100000D+01-0.3005000000D-01 0.2101861000D+03 0.5257700000D+00 0.9023000000D-02 0.1077600000D+01 0.1330939000D+01 0.3290200000D+01 0.5093800000D+01 0.5352400000D+01 0.9366000000D+00-0.1301000000D-01 0.9845160000D+02 0.2377100000D+00 0.0000000000D+00 0.4977000000D+00 0.1434908000D+01 0.3815000000D+01 0.0000000000D+00 0.5427200000D+01
2 4319981015199810312451101.5 0.1309500000D+01-0.3504000000D-01 0.2052656000D+03 0.5422200000D+00 0.7338000000D-02 0.1045400000D+01 0.4538452000D+01 0.7351000000D+00 0.2383900000D+01 0.5634500000D+01 0.7156000000D+00-0.1653000000D-01 0.9569580000D+02 0.2636400000D+00 0.0000000000D+00 0.4889000000D+00 0.4638852000D+01 0.1162300000D+01 0.0000000000D+00 0.5747600000D+01
2 4419981031199811162451117.5 0.7888000000D+00-0.3814000000D-01 0.1974174000D+03 0.5690300000D+00 0.6780000000D-02 0.9950000000D+00 0.1450359000D+01 0.4324300000D+01 0.5834000000D+01 0.5889600000D+01 0.4854000000D+00-0.1782000000D-01 0.9170210000D+02 0.2795400000D+00 0.0000000000D+00 0.4611000000D+00 0.1546956000D+01 0.4674600000D+01 0.0000000000D+00 0.5968700000D+01
2 4519981116199812022451133.5 0.2286000000D+00-0.3707000000D-01 0.1881296000D+03 0.6197000000D+00 0.4412000000D-02 0.9395000000D+00 0.4630843000D+01 0.1588300000D+01 0.3210600000D+01 0.6142100000D+01 0.2070000000D+00-0.1756000000D-01 0.8722040000D+02 0.2854600000D+00 0.0000000000D+00 0.4334000000D+00 0.4723591000D+01 0.1840000000D+01 0.0000000000D+00 0.6240700000D+01
2 4619981202199812182451149.5-0.3209000000D+00-0.3417000000D-01 0.1784163000D+03 0.6292500000D+00 0.3931000000D-02 0.8777000000D+00 0.1511736000D+01 0.5002800000D+01 0.1507000000D+00 0.9100000000D-01-0.4390000000D-01-0.1676000000D-01 0.8281810000D+02 0.2879100000D+00 0.0000000000D+00 0.4095000000D+00 0.1601986000D+01 0.5230700000D+01 0.0000000000D+00 0.1699000000D+00
2 4719981218199901032451165.5-0.8198000000D+00-0.3035000000D-01 0.1692736000D+03 0.6514200000D+00 0.3548000000D-02 0.8172000000D+00 0.4661533000D+01 0.2084600000D+01 0.3809800000D+01 0.3117000000D+00-0.2983000000D+00-0.1499000000D-01 0.7878930000D+02 0.2873600000D+00 0.0000000000D+00 0.3786000000D+00 0.4750242000D+01 0.2297200000D+01 0.0000000000D+00 0.4095000000D+00
3 4819971231199801172450813.5 0.5937000000D+00-0.5880000000D-02 0.2417409000D+03 0.1036160000D+01 0.2222000000D-02 0.1859000000D+00 0.2948807000D+01 0.8458000000D+00 0.2584100000D+01 0.1403300000D+01 0.2261000000D+00-0.1410000000D-02 0.9275840000D+02 0.3332400000D+00 0.0000000000D+00 0.8010000000D-01 0.2953111000D+01 0.1559700000D+01 0.0000000000D+00 0.1328100000D+01
3 4919980117199802032450830.5 0.5329000000D+00 0.5070000000D-02 0.2339696000D+03 0.1017430000D+01 0.2535000000D-02 0.1954000000D+00 0.5246049000D+01 0.3282800000D+01 0.5190000000D+01 0.5978400000D+01 0.2074000000D+00 0.2490000000D-02 0.9394770000D+02 0.3668300000D+00 0.0000000000D+00 0.7520000000D-01 0.5256554000D+01 0.3941000000D+01 0.0000000000D+00 0.5962800000D+01
3 5019980203199802202450847.5 0.6526000000D+00-0.7580000000D-02 0.2285898000D+03 0.9936400000D+00 0.1794000000D-02 0.2143000000D+00 0.1255886000D+01 0.5734200000D+01 0.1507100000D+01 0.4481700000D+01 0.2754000000D+00-0.2790000000D-02 0.9572110000D+02 0.3955000000D+00 0.0000000000D+00 0.9480000000D-01 0.1273310000D+01 0.2530000000D-01 0.0000000000D+00 0.4502300000D+01
3 5119980220199803092450864.5 0.5181000000D+00-0.5650000000D-02 0.2257652000D+03 0.9696000000D+00 0.1766000000D-02 0.1937000000D+00 0.3546598000D+01 0.1880500000D+01 0.3655600000D+01 0.2936900000D+01 0.2220000000D+00-0.2020000000D-02 0.9805880000D+02 0.4154900000D+00 0.0000000000D+00 0.8310000000D-01 0.3571302000D+01 0.2382100000D+01 0.0000000000D+00 0.2921300000D+01
3 5219980309199803262450881.5 0.4714000000D+00 0.3120000000D-02 0.2253541000D+03 0.9519800000D+00 0.2292000000D-02 0.1987000000D+00 0.5837050000D+01 0.4313500000D+01 0.5951000000D+01 0.1216800000D+01 0.2073000000D+00 0.1710000000D-02 0.1009082000D+03 0.4290400000D+00 0.0000000000D+00 0.8720000000D-01 0.5869264000D+01 0.4749100000D+01 0.0000000000D+00 0.1273100000D+01
3 5319980326199804122450898.5 0.5441000000D+00-0.8940000000D-02 0.2273058000D+03 0.9519600000D+00 0.2105000000D-02 0.2183000000D+00 0.1846142000D+01 0.4864000000D+00 0.2267800000D+01 0.5999000000D+01 0.2465000000D+00-0.3820000000D-02 0.1042775000D+03 0.4387800000D+00 0.0000000000D+00 0.1015000000D+00 0.1885968000D+01 0.8478000000D+00 0.0000000000D+00 0.6055200000D+01
3 5419980412199804292450915.5 0.3841000000D+00-0.3440000000D-02 0.2317921000D+03 0.9541300000D+00 0.2788000000D-02 0.1951000000D+00 0.4141967000D+01 0.2931800000D+01 0.4664600000D+01 0.4427600000D+01 0.1789000000D+00-0.1840000000D-02 0.1082519000D+03 0.4431100000D+00 0.0000000000D+00 0.9630000000D-01 0.4189430000D+01 0.3245500000D+01 0.0000000000D+00 0.4444300000D+01
3 5519980429199805162450932.5 0.3833000000D+00 0.2840000000D-02 0.2387030000D+03 0.9548700000D+00 0.3303000000D-02 0.2020000000D+00 0.1598760000D+00 0.5402100000D+01 0.7134000000D+00 0.2715500000D+01 0.1799000000D+00 0.1720000000D-02 0.1128479000D+03 0.4475000000D+00 0.0000000000D+00 0.9030000000D-01 0.2151500000D+00 0.5678300000D+01 0.0000000000D+00 0.2741200000D+01
3 5619980516199806022450949.5 0.4449000000D+00-0.9160000000D-02 0.2480644000D+03 0.9682000000D+00 0.3935000000D-02 0.2249000000D+00 0.2468496000D+01 0.1609300000D+01 0.3302300000D+01 0.1196800000D+01 0.1972000000D+00-0.4360000000D-02 0.1181447000D+03 0.4499700000D+00 0.0000000000D+00 0.1106000000D+00 0.2531103000D+01 0.1871900000D+01 0.0000000000D+00 0.1320900000D+01
3 5719980602199806192450966.5 0.2800000000D+00 0.1240000000D-02 0.2598815000D+03 0.9765600000D+00 0.6116000000D-02 0.1990000000D+00 0.4786987000D+01 0.4100400000D+01 0.5823200000D+01 0.5914600000D+01 0.1477000000D+00-0.3200000000D-03 0.1242444000D+03 0.4502600000D+00 0.0000000000D+00 0.9780000000D-01 0.4856084000D+01 0.4395000000D+01 0.0000000000D+00 0.5808200000D+01
3 5819980619199807062450983.5 0.3691000000D+00 0.3650000000D-02 0.2737396000D+03 0.9828300000D+00 0.7046000000D-02 0.2209000000D+00 0.8340220000D+00 0.3721000000D+00 0.2171100000D+01 0.4167600000D+01 0.1491000000D+00 0.2740000000D-02 0.1311619000D+03 0.4503600000D+00 0.0000000000D+00 0.8050000000D-01 0.9093900000D+00 0.6728000000D+00 0.0000000000D+00 0.4297300000D+01
3 5919980706199807232451000.5 0.4405000000D+00-0.7840000000D-02 0.2891689000D+03 0.9721100000D+00 0.8293000000D-02 0.2452000000D+00 0.3178178000D+01 0.2982500000D+01 0.4876600000D+01 0.2692900000D+01 0.2045000000D+00-0.4910000000D-02 0.1387111000D+03 0.4475100000D+00 0.0000000000D+00 0.1345000000D+00 0.3259232000D+01 0.3284300000D+01 0.0000000000D+00 0.2974600000D+01
3 6019980723199808092451017.5 0.3017000000D+00 0.4370000000D-02 0.3051357000D+03 0.9210700000D+00 0.1066800000D-01 0.2201000000D+00 0.5538592000D+01 0.5633000000D+01 0.1157200000D+01 0.1128900000D+01 0.1399000000D+00 0.2470000000D-02 0.1464349000D+03 0.4367900000D+00 0.0000000000D+00 0.1298000000D+00 0.5623872000D+01 0.5951700000D+01 0.0000000000D+00 0.1026000000D+01
3 6119980809199808262451034.5 0.4457000000D+00 0.6630000000D-02 0.3196517000D+03 0.8955700000D+00 0.1234900000D-01 0.2400000000D+00 0.1632056000D+01 0.2100800000D+01 0.4022100000D+01 0.5716200000D+01 0.1631000000D+00 0.2360000000D-02 0.1535198000D+03 0.4067900000D+00 0.0000000000D+00 0.9030000000D-01 0.1719967000D+01 0.2423200000D+01 0.0000000000D+00 0.5549400000D+01
3 6219980826199809122451051.5 0.5540000000D+00-0.8730000000D-02 0.3307190000D+03 0.8559800000D+00 0.1328500000D-01 0.2548000000D+00 0.4023069000D+01 0.4955900000D+01 0.6054000000D+00 0.4293000000D+01 0.2760000000D+00-0.3510000000D-02 0.1588243000D+03 0.3685700000D+00 0.0000000000D+00 0.1193000000D+00 0.4111665000D+01 0.5330500000D+01 0.0000000000D+00 0.4667200000D+01
3 6319980912199809292451068.5 0.4014000000D+00 0.5180000000D-02 0.3360624000D+03 0.8159000000D+00 0.1190600000D-01 0.2129000000D+00 0.1406470000D+00 0.1619600000D+01 0.3412800000D+01 0.2683100000D+01 0.1201000000D+00 0.2180000000D-02 0.1610697000D+03 0.3624000000D+00 0.0000000000D+00 0.1270000000D+00 0.2279810000D+00 0.2069100000D+01 0.0000000000D+00 0.2699400000D+01
3 6419980929199810162451085.5 0.5426000000D+00 0.7420000000D-02 0.3341010000D+03 0.8101000000D+00 0.1297100000D-01 0.2288000000D+00 0.2543486000D+01 0.4525500000D+01 0.6204400000D+01 0.9546000000D+00 0.2678000000D+00 0.3100000000D-02 0.1595262000D+03 0.3942700000D+00 0.0000000000D+00 0.8830000000D-01 0.2628203000D+01 0.5038100000D+01 0.0000000000D+00 0.8119000000D+00
3 6519981016199811022451102.5 0.6430000000D+00-0.8000000000D-02 0.3255686000D+03 0.8626000000D+00 0.1153000000D-01 0.2190000000D+00 0.4939454000D+01 0.1149000000D+01 0.2758900000D+01 0.5776000000D+01 0.2402000000D+00-0.2660000000D-02 0.1545954000D+03 0.4332100000D+00 0.0000000000D+00 0.9930000000D-01 0.5020579000D+01 0.1573100000D+01 0.0000000000D+00 0.6137700000D+01
3 6619981102199811192451119.5 0.4871000000D+00 0.5960000000D-02 0.3121559000D+03 0.9473000000D+00 0.9957000000D-02 0.1921000000D+00 0.1038721000D+01 0.3952600000D+01 0.5642900000D+01 0.4017200000D+01 0.2316000000D+00 0.1830000000D-02 0.1475429000D+03 0.4512700000D+00 0.0000000000D+00 0.1179000000D+00 0.1115810000D+01 0.4279900000D+01 0.0000000000D+00 0.4165900000D+01
3 6719981119199812062451136.5 0.6341000000D+00 0.5520000000D-02 0.2961162000D+03 0.9784300000D+00 0.7600000000D-02 0.2268000000D+00 0.3404473000D+01 0.3868000000D+00 0.1915600000D+01 0.2323000000D+01 0.2570000000D+00 0.4120000000D-02 0.1397828000D+03 0.4529400000D+00 0.0000000000D+00 0.1122000000D+00 0.3477687000D+01 0.6335000000D+00 0.0000000000D+00 0.2156200000D+01
3 6819981206199812232451153.5 0.6898000000D+00-0.4770000000D-02 0.2798809000D+03 0.1024730000D+01 0.6238000000D-02 0.2260000000D+00 0.5752449000D+01 0.3004000000D+01 0.4689900000D+01 0.8218000000D+00 0.3079000000D+00-0.2820000000D-02 0.1323794000D+03 0.4530000000D+00 0.0000000000D+00 0.8560000000D-01 0.5823275000D+01 0.3211800000D+01 0.0000000000D+00 0.9522000000D+00
3 6919981223199901092451170.5 0.5869000000D+00 0.5660000000D-02 0.2648008000D+03 0.1030990000D+01 0.5545000000D-02 0.2127000000D+00 0.1801061000D+01 0.5554700000D+01 0.9833000000D+00 0.5357000000D+01 0.2684000000D+00 0.3210000000D-02 0.1258086000D+03 0.4556300000D+00 0.0000000000D+00 0.1093000000D+00 0.1871546000D+01 0.5743200000D+01 0.0000000000D+00 0.5541700000D+01
4 7019971231199801182450813.5-0.1816200000D+01-0.3499000000D-01 0.4254251000D+03 0.1854850000D+01 0.0000000000D+00 0.1156000000D+01 0.3092152000D+01 0.1043100000D+01 0.0000000000D+00 0.5469400000D+01-0.7254000000D+00-0.1007000000D-01 0.1626558000D+03 0.6021900000D+00 0.0000000000D+00 0.4520000000D+00 0.3108465000D+01 0.1683900000D+01 0.0000000000D+00 0.5491200000D+01
4 7119980118199802052450831.5-0.1678700000D+01-0.1895000000D-01 0.4110973000D+03 0.1798300000D+01 0.0000000000D+00 0.1095000000D+01 0.3515622000D+01 0.1607300000D+01 0.0000000000D+00 0.1099000000D+00-0.6353000000D+00-0.1242000000D-01 0.1648225000D+03 0.6590500000D+00 0.0000000000D+00 0.4556000000D+00 0.3538083000D+01 0.2192500000D+01 0.0000000000D+00 0.1371000000D+00
4 7219980205199802232450849.5-0.1658700000D+01 0.1281000000D-01 0.4015160000D+03 0.1744050000D+01 0.0000000000D+00 0.1077400000D+01 0.3934543000D+01 0.2179400000D+01 0.0000000000D+00 0.1069400000D+01-0.6155000000D+00-0.6000000000D-02 0.1681141000D+03 0.7034400000D+00 0.0000000000D+00 0.4692000000D+00 0.3963581000D+01 0.2690600000D+01 0.0000000000D+00 0.1089300000D+01
4 7319980223199803132450867.5-0.1409600000D+01 0.2543000000D-01 0.3968619000D+03 0.1710260000D+01 0.0000000000D+00 0.1055700000D+01 0.4351304000D+01 0.2753000000D+01 0.0000000000D+00 0.2016300000D+01-0.5436000000D+00-0.1970000000D-02 0.1724444000D+03 0.7361600000D+00 0.0000000000D+00 0.4720000000D+00 0.4387257000D+01 0.3188100000D+01 0.0000000000D+00 0.2036500000D+01
4 7419980313199803312450885.5-0.1103100000D+01 0.2113000000D-01 0.3971471000D+03 0.1704670000D+01 0.0000000000D+00 0.1046500000D+01 0.4768230000D+01 0.3321600000D+01 0.0000000000D+00 0.2938600000D+01-0.4620000000D+00-0.2700000000D-02 0.1778329000D+03 0.7621700000D+00 0.0000000000D+00 0.4767000000D+00 0.4811480000D+01 0.3683400000D+01 0.0000000000D+00 0.2967600000D+01
4 7519980331199804182450903.5-0.9638000000D+00 0.4453000000D-01 0.4020908000D+03 0.1716170000D+01 0.0000000000D+00 0.1074600000D+01 0.5187468000D+01 0.3908300000D+01 0.0000000000D+00 0.3890000000D+01-0.4439000000D+00 0.8810000000D-02 0.1842322000D+03 0.7839000000D+00 0.0000000000D+00 0.4967000000D+00 0.5238250000D+01 0.4204100000D+01 0.0000000000D+00 0.3930800000D+01
4 7619980418199805062450921.5-0.9637000000D+00 0.8496000000D-01 0.4119321000D+03 0.1765810000D+01 0.0000000000D+00 0.1072700000D+01 0.5611716000D+01 0.4502100000D+01 0.0000000000D+00 0.4814600000D+01-0.4722000000D+00 0.2692000000D-01 0.1918433000D+03 0.8093000000D+00 0.0000000000D+00 0.5007000000D+00 0.5670095000D+01 0.4742200000D+01 0.0000000000D+00 0.4871000000D+01
4 7719980506199805242450939.5-0.7821000000D+00 0.1078600000D+00 0.4266597000D+03 0.1800050000D+01 0.0000000000D+00 0.1090700000D+01 0.6042009000D+01 0.5109200000D+01 0.0000000000D+00 0.5757500000D+01-0.4131000000D+00 0.3640000000D-01 0.2007673000D+03 0.8214100000D+00 0.0000000000D+00 0.5154000000D+00 0.6107994000D+01 0.5315100000D+01 0.0000000000D+00 0.5826700000D+01
4 7819980524199806112450957.5 0.1995000000D+00 0.4548000000D-01 0.4458988000D+03 0.1779550000D+01 0.0000000000D+00 0.1175800000D+01 0.1968380000D+00 0.5769100000D+01 0.0000000000D+00 0.4523000000D+00-0.1240000000D-01 0.9450000000D-02 0.2110137000D+03 0.8150000000D+00 0.0000000000D+00 0.5580000000D+00 0.2704510000D+00 0.5959700000D+01 0.0000000000D+00 0.5261000000D+00
4 7919980611199806292450975.5 0.1544600000D+01-0.7916000000D-01 0.4691273000D+03 0.1805490000D+01 0.0000000000D+00 0.1207500000D+01 0.6472230000D+00 0.2122000000D+00 0.0000000000D+00 0.1371200000D+01 0.5354000000D+00-0.4381000000D-01 0.2225931000D+03 0.8391000000D+00 0.0000000000D+00 0.5706000000D+00 0.7281050000D+00 0.3887000000D+00 0.0000000000D+00 0.1455400000D+01
4 8019980629199807172450993.5 0.2135100000D+01-0.1544600000D+00 0.4965948000D+03 0.1829760000D+01 0.0000000000D+00 0.1239300000D+01 0.1113166000D+01 0.9542000000D+00 0.0000000000D+00 0.2351300000D+01 0.7030000000D+00-0.7106000000D-01 0.2358806000D+03 0.8613800000D+00 0.0000000000D+00 0.5886000000D+00 0.1200298000D+01 0.1115800000D+01 0.0000000000D+00 0.2445600000D+01
4 8119980717199808042451011.5 0.1818700000D+01-0.1490600000D+00 0.5267158000D+03 0.1758570000D+01 0.0000000000D+00 0.1322200000D+01 0.1596025000D+01 0.1745300000D+01 0.0000000000D+00 0.3378400000D+01 0.4543000000D+00-0.6012000000D-01 0.2502966000D+03 0.8372900000D+00 0.0000000000D+00 0.6298000000D+00 0.1687928000D+01 0.1893600000D+01 0.0000000000D+00 0.3473000000D+01
4 8219980804199808222451029.5 0.1835000000D+00-0.1281000000D-01 0.5561056000D+03 0.1609460000D+01 0.0000000000D+00 0.1367900000D+01 0.2096022000D+01 0.2687500000D+01 0.0000000000D+00 0.4331300000D+01-0.3983000000D+00 0.1315000000D-01 0.2643149000D+03 0.7685300000D+00 0.0000000000D+00 0.6478000000D+00 0.2190848000D+01 0.2822800000D+01 0.0000000000D+00 0.4427600000D+01
4 8319980822199809092451047.5-0.1550000000D+01 0.1792300000D+00 0.5793158000D+03 0.1592350000D+01 0.0000000000D+00 0.1376900000D+01 0.2613588000D+01 0.3748900000D+01 0.0000000000D+00 0.5324400000D+01-0.1189200000D+01 0.1030600000D+00 0.2752346000D+03 0.7412200000D+00 0.0000000000D+00 0.6518000000D+00 0.2709597000D+01 0.3878100000D+01 0.0000000000D+00 0.5430100000D+01
4 8419980909199809272451065.5-0.1742200000D+01 0.2408500000D+00 0.5914200000D+03 0.1632280000D+01 0.0000000000D+00 0.1368900000D+01 0.3145661000D+01 0.4770800000D+01 0.0000000000D+00 0.9490000000D-01-0.1115100000D+01 0.1155000000D+00 0.2805338000D+03 0.7315500000D+00 0.0000000000D+00 0.6535000000D+00 0.3240964000D+01 0.4943000000D+01 0.0000000000D+00 0.1999000000D+00
4 8519980927199810152451083.5 0.1220000000D-01 0.5774000000D-01 0.5908471000D+03 0.1563950000D+01 0.0000000000D+00 0.1396000000D+01 0.3683748000D+01 0.5862200000D+01 0.0000000000D+00 0.1072100000D+01-0.1674000000D+00 0.1250000000D-01 0.2792993000D+03 0.7292000000D+00 0.0000000000D+00 0.6583000000D+00 0.3775994000D+01 0.6097700000D+01 0.0000000000D+00 0.1162800000D+01
4 8619981015199811022451101.5 0.1407300000D+01-0.1359500000D+00 0.5767350000D+03 0.1698040000D+01 0.0000000000D+00 0.1368500000D+01 0.4214214000D+01 0.6426000000D+00 0.0000000000D+00 0.2059600000D+01 0.3818000000D+00-0.6990000000D-01 0.2712374000D+03 0.8244000000D+00 0.0000000000D+00 0.6362000000D+00 0.4302037000D+01 0.8325000000D+00 0.0000000000D+00 0.2155100000D+01
4 8719981102199811202451119.5 0.1705200000D+01-0.2233300000D+00 0.5517770000D+03 0.1877090000D+01 0.0000000000D+00 0.1263100000D+01 0.4728714000D+01 0.1515700000D+01 0.0000000000D+00 0.3087600000D+01 0.3780000000D+00-0.9177000000D-01 0.2584249000D+03 0.8782600000D+00 0.0000000000D+00 0.5919000000D+00 0.4812416000D+01 0.1658400000D+01 0.0000000000D+00 0.3184100000D+01
4 8819981120199812082451137.5 0.4384000000D+00-0.1167200000D+00 0.5208524000D+03 0.1863200000D+01 0.0000000000D+00 0.1253700000D+01 0.5225759000D+01 0.2313400000D+01 0.0000000000D+00 0.4068900000D+01-0.2219000000D+00-0.3461000000D-01 0.2437782000D+03 0.8408400000D+00 0.0000000000D+00 0.5880000000D+00 0.5306275000D+01 0.2448400000D+01 0.0000000000D+00 0.4149100000D+01
4 8919981208199812262451155.5-0.7074000000D+00 0.2882000000D-01 0.4901382000D+03 0.1856220000D+01 0.0000000000D+00 0.1208900000D+01 0.5704089000D+01 0.3084200000D+01 0.0000000000D+00 0.5023600000D+01-0.6289000000D+00 0.2396000000D-01 0.2300438000D+03 0.8285200000D+00 0.0000000000D+00 0.5659000000D+00 0.5782296000D+01 0.3209200000D+01 0.0000000000D+00 0.5103500000D+01
4 9019981226199901132451173.5-0.1195300000D+01 0.1240400000D+00 0.4627062000D+03 0.1899090000D+01 0.0000000000D+00 0.1096600000D+01 0.6164326000D+01 0.3783300000D+01 0.0000000000D+00 0.5990500000D+01-0.7160000000D+00 0.5434000000D-01 0.2181476000D+03 0.8447600000D+00 0.0000000000D+00 0.5177000000D+00 0.6241699000D+01 0.3887000000D+01 0.0000000000D+00 0.6075400000D+01
