 5 4    2   25   48   70  3.5516  1.7693  0.8782  0.3765 16.0 16.0 17.0 18.0   90 2458848.5000 2020                                                                                                                                                                                                                                                                              
1  220191231202001162458848.5-0.4736000000D+00-0.2300000000D-02 0.9342430000D+02 0.3758100000D+00 0.7560000000D-03 0.2186000000D+00 0.3427868000D+01 0.1877400000D+01 0.3965600000D+01 0.4592000000D+01-0.4440000000D-01-0.6500000000D-03 0.6965200000D+01 0.1649800000D+00 0.0000000000D+00 0.1790000000D-01 0.2919758000D+01 0.3263300000D+01 0.0000000000D+00 0.4266800000D+01
1  320200116202002012458864.5-0.5681000000D+00 0.6000000000D-03 0.9388840000D+02 0.3701300000D+00 0.8890000000D-03 0.2021000000D+00 0.3641885000D+01 0.2220700000D+01 0.4287800000D+01 0.5240400000D+01-0.6270000000D-01-0.4500000000D-03 0.9488200000D+01 0.1685100000D+00 0.0000000000D+00 0.2360000000D-01 0.3290857000D+01 0.3418400000D+01 0.0000000000D+00 0.4986100000D+01
1  420200201202002172458880.5-0.6171000000D+00 0.2150000000D-02 0.9513190000D+02 0.3630700000D+00 0.1094000000D-02 0.2059000000D+00 0.3858644000D+01 0.2572200000D+01 0.4461200000D+01 0.6002400000D+01-0.8000000000D-01-0.2100000000D-03 0.1216750000D+02 0.1710700000D+00 0.0000000000D+00 0.2910000000D-01 0.3596223000D+01 0.3591500000D+01 0.0000000000D+00 0.5785900000D+01
1  520200217202003042458896.5-0.6249000000D+00 0.3170000000D-02 0.9715800000D+02 0.3584700000D+00 0.1300000000D-02 0.2188000000D+00 0.4079776000D+01 0.2948000000D+01 0.4721800000D+01 0.3522000000D+00-0.9220000000D-01 0.2000000000D-04 0.1490970000D+02 0.1721100000D+00 0.0000000000D+00 0.3670000000D-01 0.3872385000D+01 0.3787000000D+01 0.0000000000D+00 0.1906000000D+00
1  620200304202003202458912.5-0.6031000000D+00 0.5020000000D-02 0.1000005000D+03 0.3570200000D+00 0.1555000000D-02 0.2047000000D+00 0.4306875000D+01 0.3352300000D+01 0.5069400000D+01 0.1042800000D+01-0.9780000000D-01 0.4600000000D-03 0.1766170000D+02 0.1702000000D+00 0.0000000000D+00 0.3900000000D-01 0.4136005000D+01 0.4009900000D+01 0.0000000000D+00 0.8897000000D+00
1  720200320202004052458928.5-0.5500000000D+00 0.7080000000D-02 0.1036793000D+03 0.3605500000D+00 0.2005000000D-02 0.2102000000D+00 0.4541633000D+01 0.3781200000D+01 0.5485600000D+01 0.1841000000D+01-0.9490000000D-01 0.1020000000D-02 0.2037080000D+02 0.1635100000D+00 0.0000000000D+00 0.4330000000D-01 0.4395975000D+01 0.4263900000D+01 0.0000000000D+00 0.1715500000D+01
1  820200405202004212458944.5-0.4551000000D+00 0.7550000000D-02 0.1082132000D+03 0.3634400000D+00 0.2487000000D-02 0.2178000000D+00 0.4785704000D+01 0.4237300000D+01 0.5859500000D+01 0.2506600000D+01-0.8010000000D-01 0.1350000000D-02 0.2297040000D+02 0.1488500000D+00 0.0000000000D+00 0.4910000000D-01 0.4657779000D+01 0.4555100000D+01 0.0000000000D+00 0.2392100000D+01
1  920200421202005072458960.5-0.3243000000D+00 0.6680000000D-02 0.1134995000D+03 0.3687500000D+00 0.2744000000D-02 0.1977000000D+00 0.5040814000D+01 0.4733900000D+01 0.4270000000D-01 0.3299000000D+01-0.5420000000D-01 0.1420000000D-02 0.2535140000D+02 0.1228800000D+00 0.0000000000D+00 0.4510000000D-01 0.4925157000D+01 0.4897100000D+01 0.0000000000D+00 0.3150700000D+01
1 1020200507202005232458976.5-0.1805000000D+00 0.6560000000D-02 0.1193329000D+03 0.3757700000D+00 0.3058000000D-02 0.2169000000D+00 0.5308519000D+01 0.5259400000D+01 0.6244000000D+00 0.4162400000D+01-0.2340000000D-01 0.1710000000D-02 0.2734260000D+02 0.8450000000D-01 0.0000000000D+00 0.4740000000D-01 0.5200448000D+01 0.5348800000D+01 0.0000000000D+00 0.4072700000D+01
1 1120200523202006082458992.5-0.3490000000D-01 0.7300000000D-02 0.1253231000D+03 0.3832500000D+00 0.3468000000D-02 0.2206000000D+00 0.5589494000D+01 0.5822600000D+01 0.1364400000D+01 0.4859100000D+01 0.7400000000D-02 0.2240000000D-02 0.2871940000D+02 0.4184000000D-01 0.0000000000D+00 0.5050000000D-01 0.5484810000D+01 0.6265500000D+01 0.0000000000D+00 0.4837300000D+01
1 1220200608202006242459008.5 0.1212000000D+00 0.6670000000D-02 0.1308767000D+03 0.3804900000D+00 0.4340000000D-02 0.2064000000D+00 0.5883408000D+01 0.1313000000D+00 0.2108400000D+01 0.5764200000D+01 0.3930000000D-01 0.2300000000D-02 0.2922900000D+02 0.5336000000D-01 0.0000000000D+00 0.4990000000D-01 0.5778000000D+01 0.1729500000D+01 0.0000000000D+00 0.5695500000D+01
1 1320200624202007102459024.5 0.2873000000D+00 0.4100000000D-02 0.1352508000D+03 0.3575500000D+00 0.5270000000D-02 0.2431000000D+00 0.6188001000D+01 0.7751000000D+00 0.2798700000D+01 0.3546000000D+00 0.7250000000D-01 0.1450000000D-02 0.2870510000D+02 0.1024700000D+00 0.0000000000D+00 0.5400000000D-01 0.6078035000D+01 0.2483600000D+01 0.0000000000D+00 0.1974000000D+00
1 1420200710202007262459040.5 0.4351000000D+00 0.2200000000D-02 0.1376973000D+03 0.3146400000D+00 0.5574000000D-02 0.2405000000D+00 0.2158530000D+00 0.1518100000D+01 0.3433000000D+01 0.1103300000D+01 0.1004000000D+00 0.2900000000D-03 0.2720070000D+02 0.1376900000D+00 0.0000000000D+00 0.4640000000D-01 0.9789100000D-01 0.2968800000D+01 0.0000000000D+00 0.9203000000D+00
1 1520200726202008112459056.5 0.5480000000D+00 0.2010000000D-02 0.1377103000D+03 0.2886800000D+00 0.5143000000D-02 0.2463000000D+00 0.5271200000D+00 0.2397700000D+01 0.4143600000D+01 0.2003900000D+01 0.1175000000D+00-0.4900000000D-03 0.2504010000D+02 0.1449400000D+00 0.0000000000D+00 0.4270000000D-01 0.3985090000D+00 0.3379800000D+01 0.0000000000D+00 0.1887700000D+01
1 1620200811202008272459072.5 0.6396000000D+00 0.1080000000D-02 0.1352538000D+03 0.2994100000D+00 0.4810000000D-02 0.2667000000D+00 0.8322410000D+00 0.3262400000D+01 0.4806600000D+01 0.2735700000D+01 0.1247000000D+00-0.8600000000D-03 0.2273460000D+02 0.1240900000D+00 0.0000000000D+00 0.4640000000D-01 0.6920700000D+00 0.3750900000D+01 0.0000000000D+00 0.2615600000D+01
1 1720200827202009122459088.5 0.7140000000D+00-0.1420000000D-02 0.1308352000D+03 0.3317900000D+00 0.4041000000D-02 0.2421000000D+00 0.1126269000D+01 0.4020600000D+01 0.5382600000D+01 0.3491500000D+01 0.1264000000D+00-0.9800000000D-03 0.2076140000D+02 0.8416000000D-01 0.0000000000D+00 0.4010000000D-01 0.9768780000D+00 0.4110700000D+01 0.0000000000D+00 0.3282100000D+01
1 1820200912202009282459104.5 0.7515000000D+00-0.3280000000D-02 0.1252398000D+03 0.3711000000D+00 0.3059000000D-02 0.2472000000D+00 0.1406261000D+01 0.4653800000D+01 0.5941500000D+01 0.4303200000D+01 0.1244000000D+00-0.8200000000D-03 0.1942610000D+02 0.3912000000D-01 0.0000000000D+00 0.3720000000D-01 0.1253772000D+01 0.4579300000D+01 0.0000000000D+00 0.4115300000D+01
1 1920200928202010142459120.5 0.7390000000D+00-0.3400000000D-02 0.1192155000D+03 0.4047200000D+00 0.2286000000D-02 0.2484000000D+00 0.1671398000D+01 0.5179900000D+01 0.2548000000D+00 0.4935200000D+01 0.1195000000D+00-0.4400000000D-03 0.1882230000D+02 0.1604000000D-01 0.0000000000D+00 0.3950000000D-01 0.1523882000D+01 0.1911000000D+00 0.0000000000D+00 0.4816300000D+01
1 2020201014202010302459136.5 0.6911000000D+00-0.3610000000D-02 0.1133062000D+03 0.4259300000D+00 0.1794000000D-02 0.2174000000D+00 0.1922675000D+01 0.5635500000D+01 0.8055000000D+00 0.5657500000D+01 0.1137000000D+00-0.2000000000D-03 0.1889170000D+02 0.4650000000D-01 0.0000000000D+00 0.3780000000D-01 0.1787091000D+01 0.1187100000D+01 0.0000000000D+00 0.5544000000D+01
1 2120201030202011152459152.5 0.6219000000D+00-0.5250000000D-02 0.1078703000D+03 0.4358300000D+00 0.1386000000D-02 0.2240000000D+00 0.2161734000D+01 0.6045500000D+01 0.1360400000D+01 0.1392000000D+00 0.1077000000D+00-0.4100000000D-03 0.1951670000D+02 0.7557000000D-01 0.0000000000D+00 0.4250000000D-01 0.2042311000D+01 0.1499200000D+01 0.0000000000D+00 0.4610000000D-01
1 2220201115202012012459168.5 0.5259000000D+00-0.6870000000D-02 0.1031053000D+03 0.4353000000D+00 0.1136000000D-02 0.2255000000D+00 0.2390664000D+01 0.1379000000D+00 0.1837400000D+01 0.7479000000D+00 0.9810000000D-01-0.8500000000D-03 0.2056470000D+02 0.9945000000D-01 0.0000000000D+00 0.4830000000D-01 0.2288909000D+01 0.1726400000D+01 0.0000000000D+00 0.6734000000D+00
1 2320201201202012172459184.5 0.3947000000D+00-0.6890000000D-02 0.9911200000D+02 0.4269800000D+00 0.8860000000D-03 0.2038000000D+00 0.2611615000D+01 0.4916000000D+00 0.2216300000D+01 0.1449100000D+01 0.7940000000D-01-0.1110000000D-02 0.2192670000D+02 0.1185800000D+00 0.0000000000D+00 0.4860000000D-01 0.2527174000D+01 0.1927500000D+01 0.0000000000D+00 0.1367700000D+01
1 2420201217202101022459200.5 0.2403000000D+00-0.6080000000D-02 0.9592650000D+02 0.4163900000D+00 0.5950000000D-03 0.2100000000D+00 0.2826873000D+01 0.8370000000D+00 0.2704700000D+01 0.2189700000D+01 0.5090000000D-01-0.1250000000D-02 0.2351620000D+02 0.1342900000D+00 0.0000000000D+00 0.5460000000D-01 0.2758463000D+01 0.2120600000D+01 0.0000000000D+00 0.2118700000D+01
2 2520191231202001162458848.5 0.1524200000D+01 0.2258000000D-01 0.1485850000D+03 0.5871200000D+00 0.1332000000D-02 0.6564000000D+00 0.2849983000D+01 0.1293000000D+01 0.3276800000D+01 0.3822000000D+00 0.1678000000D+00 0.3730000000D-02 0.1220440000D+02 0.2631700000D+00 0.0000000000D+00 0.6620000000D-01 0.2345109000D+01 0.2692600000D+01 0.0000000000D+00 0.6243400000D+01
2 2620200116202002012458864.5 0.1829900000D+01 0.1602000000D-01 0.1493150000D+03 0.5770600000D+00 0.1311000000D-02 0.6698000000D+00 0.5963884000D+01 0.4532200000D+01 0.6173900000D+01 0.6085000000D+00 0.2204000000D+00 0.4260000000D-02 0.1622890000D+02 0.2682100000D+00 0.0000000000D+00 0.7930000000D-01 0.5609174000D+01 0.5746800000D+01 0.0000000000D+00 0.3302000000D+00
2 2720200201202002172458880.5 0.2027100000D+01 0.7360000000D-02 0.1512299000D+03 0.5710800000D+00 0.2046000000D-02 0.6894000000D+00 0.2796763000D+01 0.1500000000D+01 0.3142900000D+01 0.8402000000D+00 0.2836000000D+00 0.3150000000D-02 0.2049090000D+02 0.2739700000D+00 0.0000000000D+00 0.1043000000D+00 0.2530251000D+01 0.2534900000D+01 0.0000000000D+00 0.5849000000D+00
2 2820200217202003042458896.5 0.2099800000D+01-0.1710000000D-02 0.1544216000D+03 0.5721200000D+00 0.2378000000D-02 0.7161000000D+00 0.5917003000D+01 0.4769700000D+01 0.1472000000D+00 0.1061100000D+01 0.3266000000D+00 0.1820000000D-02 0.2487660000D+02 0.2758800000D+00 0.0000000000D+00 0.1237000000D+00 0.5706656000D+01 0.5626000000D+01 0.0000000000D+00 0.8859000000D+00
2 2920200304202003202458912.5 0.2033600000D+01-0.9450000000D-02 0.1588770000D+03 0.5708500000D+00 0.2096000000D-02 0.7533000000D+00 0.2759125000D+01 0.1807900000D+01 0.3497800000D+01 0.1295200000D+01 0.3511000000D+00-0.2200000000D-03 0.2928290000D+02 0.2736400000D+00 0.0000000000D+00 0.1460000000D+00 0.2586834000D+01 0.2464100000D+01 0.0000000000D+00 0.1130900000D+01
2 3020200320202004052458928.5 0.1846000000D+01-0.1730000000D-01 0.1647681000D+03 0.5698800000D+00 0.3269000000D-02 0.7925000000D+00 0.5892297000D+01 0.5104800000D+01 0.3512000000D+00 0.1534600000D+01 0.3387000000D+00-0.2710000000D-02 0.3364470000D+02 0.2625500000D+00 0.0000000000D+00 0.1692000000D+00 0.5746540000D+01 0.5608500000D+01 0.0000000000D+00 0.1394900000D+01
2 3120200405202004212458944.5 0.1557100000D+01-0.2551000000D-01 0.1719122000D+03 0.5812700000D+00 0.3766000000D-02 0.8470000000D+00 0.2751030000D+01 0.2185400000D+01 0.3849700000D+01 0.1774300000D+01 0.2960000000D+00-0.5120000000D-02 0.3783290000D+02 0.2389700000D+00 0.0000000000D+00 0.1902000000D+00 0.2623795000D+01 0.2516800000D+01 0.0000000000D+00 0.1671100000D+01
2 3220200421202005072458960.5 0.1160000000D+01-0.3117000000D-01 0.1802834000D+03 0.5865300000D+00 0.5147000000D-02 0.8984000000D+00 0.5904355000D+01 0.5551800000D+01 0.8329000000D+00 0.2031800000D+01 0.2128000000D+00-0.7550000000D-02 0.4166850000D+02 0.1993600000D+00 0.0000000000D+00 0.2100000000D+00 0.5789725000D+01 0.5753900000D+01 0.0000000000D+00 0.1897800000D+01
2 3320200507202005232458976.5 0.6819000000D+00-0.3474000000D-01 0.1895027000D+03 0.6062300000D+00 0.4911000000D-02 0.9548000000D+00 0.2786410000D+01 0.2727000000D+01 0.4495500000D+01 0.2297200000D+01 0.1041000000D+00-0.8030000000D-02 0.4489800000D+02 0.1386600000D+00 0.0000000000D+00 0.2265000000D+00 0.2679722000D+01 0.2829400000D+01 0.0000000000D+00 0.2226000000D+01
2 3420200523202006082458992.5 0.1676000000D+00-0.3837000000D-01 0.1990197000D+03 0.6061800000D+00 0.5934000000D-02 0.1014500000D+01 0.5965903000D+01 0.6173000000D+01 0.1638300000D+01 0.2570600000D+01-0.2730000000D-01-0.9330000000D-02 0.4713610000D+02 0.7116000000D-01 0.0000000000D+00 0.2350000000D+00 0.5862584000D+01 0.3040000000D+00 0.0000000000D+00 0.2433900000D+01
2 3520200608202006242459008.5-0.3822000000D+00-0.3827000000D-01 0.2079046000D+03 0.6030100000D+00 0.7311000000D-02 0.1056700000D+01 0.2875151000D+01 0.3398500000D+01 0.5357800000D+01 0.2860100000D+01-0.1447000000D+00-0.7840000000D-02 0.4802510000D+02 0.8379000000D-01 0.0000000000D+00 0.2404000000D+00 0.2771223000D+01 0.4976100000D+01 0.0000000000D+00 0.2788100000D+01
2 3620200624202007102459024.5-0.9238000000D+00-0.3652000000D-01 0.2148720000D+03 0.5600500000D+00 0.8059000000D-02 0.1088600000D+01 0.6079060000D+01 0.6697000000D+00 0.2563900000D+01 0.3148300000D+01-0.2738000000D+00-0.6390000000D-02 0.4724290000D+02 0.1628800000D+00 0.0000000000D+00 0.2288000000D+00 0.5970181000D+01 0.2360500000D+01 0.0000000000D+00 0.3007700000D+01
2 3720200710202007262459040.5-0.1431400000D+01-0.3314000000D-01 0.2188272000D+03 0.5272600000D+00 0.8517000000D-02 0.1096800000D+01 0.3006377000D+01 0.4346000000D+01 0.4770000000D-01 0.3450800000D+01-0.3463000000D+00-0.4650000000D-02 0.4489300000D+02 0.2219800000D+00 0.0000000000D+00 0.2154000000D+00 0.2889227000D+01 0.5746100000D+01 0.0000000000D+00 0.3343600000D+01
2 3820200726202008112459056.5-0.1874900000D+01-0.2773000000D-01 0.2187798000D+03 0.4965600000D+00 0.8204000000D-02 0.1073500000D+01 0.6218054000D+01 0.1777300000D+01 0.3615300000D+01 0.3747100000D+01-0.4094000000D+00-0.2270000000D-02 0.4143660000D+02 0.2325900000D+00 0.0000000000D+00 0.1985000000D+00 0.6089256000D+01 0.2759000000D+01 0.0000000000D+00 0.3603500000D+01
2 3920200811202008272459072.5-0.2243300000D+01-0.2003000000D-01 0.2149298000D+03 0.4980800000D+00 0.7552000000D-02 0.1038100000D+01 0.3141565000D+01 0.5521700000D+01 0.8364000000D+00 0.4034900000D+01-0.4385000000D+00-0.1350000000D-02 0.3773040000D+02 0.1993600000D+00 0.0000000000D+00 0.1729000000D+00 0.3000650000D+01 0.6032800000D+01 0.0000000000D+00 0.3886100000D+01
2 4020200827202009122459088.5-0.2507800000D+01-0.1152000000D-01 0.2079050000D+03 0.5345600000D+00 0.6596000000D-02 0.9857000000D+00 0.5396400000D-01 0.2865400000D+01 0.4284400000D+01 0.4320000000D+01-0.4401000000D+00-0.2400000000D-03 0.3453290000D+02 0.1362200000D+00 0.0000000000D+00 0.1669000000D+00 0.6187045000D+01 0.2995600000D+01 0.0000000000D+00 0.4168200000D+01
2 4120200912202009282459104.5-0.2639700000D+01-0.4050000000D-02 0.1991102000D+03 0.6033200000D+00 0.5169000000D-02 0.9251000000D+00 0.3236411000D+01 0.1275000000D+00 0.1660700000D+01 0.4589600000D+01-0.4500000000D+00-0.1900000000D-03 0.3235130000D+02 0.6549000000D-01 0.0000000000D+00 0.1462000000D+00 0.3083746000D+01 0.5690000000D-01 0.0000000000D+00 0.4439600000D+01
2 4220200928202010142459120.5-0.2665700000D+01 0.5980000000D-02 0.1894732000D+03 0.6314600000D+00 0.4238000000D-02 0.8754000000D+00 0.1206410000D+00 0.3555200000D+01 0.5022300000D+01 0.4844100000D+01-0.4356000000D+00 0.5000000000D-03 0.3131970000D+02 0.1999000000D-01 0.0000000000D+00 0.1526000000D+00 0.6256662000D+01 0.4784000000D+01 0.0000000000D+00 0.4689700000D+01
2 4320201014202010302459136.5-0.2560900000D+01 0.1546000000D-01 0.1800613000D+03 0.6655700000D+00 0.3110000000D-02 0.8162000000D+00 0.3274738000D+01 0.6571000000D+00 0.2350800000D+01 0.5093100000D+01-0.4378000000D+00 0.1270000000D-02 0.3136090000D+02 0.6837000000D-01 0.0000000000D+00 0.1448000000D+00 0.3140057000D+01 0.2565300000D+01 0.0000000000D+00 0.4983900000D+01
2 4420201030202011152459152.5-0.2321100000D+01 0.2278000000D-01 0.1713625000D+03 0.6556800000D+00 0.2249000000D-02 0.7709000000D+00 0.1327130000D+00 0.3979600000D+01 0.5238600000D+01 0.5329300000D+01-0.4123000000D+00 0.2580000000D-02 0.3229210000D+02 0.1140100000D+00 0.0000000000D+00 0.1525000000D+00 0.1502300000D-01 0.5784800000D+01 0.0000000000D+00 0.5197500000D+01
2 4520201115202012012459168.5-0.1971600000D+01 0.2950000000D-01 0.1638069000D+03 0.6712200000D+00 0.2067000000D-02 0.7330000000D+00 0.3264105000D+01 0.9802000000D+00 0.2752600000D+01 0.5561100000D+01-0.3802000000D+00 0.4160000000D-02 0.3390010000D+02 0.1528800000D+00 0.0000000000D+00 0.1602000000D+00 0.3165041000D+01 0.2619700000D+01 0.0000000000D+00 0.5493600000D+01
2 4620201201202012172459184.5-0.1535000000D+01 0.3525000000D-01 0.1574563000D+03 0.6631400000D+00 0.1336000000D-02 0.6978000000D+00 0.1038540000D+00 0.4247900000D+01 0.6140800000D+01 0.5787600000D+01-0.3185000000D+00 0.6700000000D-02 0.3602020000D+02 0.1829700000D+00 0.0000000000D+00 0.1656000000D+00 0.2297700000D-01 0.5719400000D+01 0.0000000000D+00 0.5702300000D+01
2 4720201217202101022459200.5-0.1019200000D+01 0.3798000000D-01 0.1523657000D+03 0.6541300000D+00 0.1615000000D-02 0.6761000000D+00 0.3220654000D+01 0.1210800000D+01 0.3309000000D+01 0.6010600000D+01-0.2259000000D+00 0.8510000000D-02 0.3849420000D+02 0.2102500000D+00 0.0000000000D+00 0.1817000000D+00 0.3157009000D+01 0.2527000000D+01 0.0000000000D+00 0.5966100000D+01
3 4820191231202001172458848.5-0.7227000000D+00-0.1470000000D-02 0.2371314000D+03 0.9459700000D+00 0.1725000000D-02 0.2466000000D+00 0.4134242000D+01 0.2584400000D+01 0.4500400000D+01 0.2874000000D+00-0.4220000000D-01-0.5900000000D-03 0.1761240000D+02 0.4185900000D+00 0.0000000000D+00 0.2820000000D-01 0.3603773000D+01 0.3962100000D+01 0.0000000000D+00 0.2827000000D+00
3 4920200117202002032458865.5-0.7442000000D+00 0.8700000000D-02 0.2384646000D+03 0.9305400000D+00 0.1810000000D-02 0.2285000000D+00 0.1472790000D+00 0.5016800000D+01 0.3159000000D+00 0.5087200000D+01-0.4920000000D-01-0.6000000000D-03 0.2438980000D+02 0.4281900000D+00 0.0000000000D+00 0.3460000000D-01 0.6069159000D+01 0.6200700000D+01 0.0000000000D+00 0.4456400000D+01
3 5020200203202002202458882.5-0.6076000000D+00-0.3050000000D-02 0.2420443000D+03 0.9352700000D+00 0.3467000000D-02 0.2174000000D+00 0.2446211000D+01 0.1157700000D+01 0.2886500000D+01 0.3416700000D+01-0.4590000000D-01-0.1390000000D-02 0.3163760000D+02 0.4329800000D+00 0.0000000000D+00 0.2520000000D-01 0.2178210000D+01 0.2165500000D+01 0.0000000000D+00 0.3212100000D+01
3 5120200220202003082458899.5-0.7201000000D+00 0.2050000000D-02 0.2477775000D+03 0.9432600000D+00 0.3450000000D-02 0.2444000000D+00 0.4749386000D+01 0.3635300000D+01 0.5447300000D+01 0.1868100000D+01-0.9520000000D-01 0.2000000000D-04 0.3902430000D+02 0.4373300000D+00 0.0000000000D+00 0.4690000000D-01 0.4538655000D+01 0.4433800000D+01 0.0000000000D+00 0.1625800000D+01
3 5220200308202003252458916.5-0.6714000000D+00 0.1042000000D-01 0.2559836000D+03 0.9345400000D+00 0.3878000000D-02 0.2255000000D+00 0.7754440000D+00 0.6125000000D+01 0.1518000000D+01 0.4123000000D+00-0.9150000000D-01 0.9800000000D-03 0.4643190000D+02 0.4298800000D+00 0.0000000000D+00 0.3810000000D-01 0.6014890000D+00 0.4584000000D+00 0.0000000000D+00 0.2311000000D+00
3 5320200325202004112458933.5-0.5153000000D+00-0.3250000000D-02 0.2666381000D+03 0.9311400000D+00 0.5936000000D-02 0.2086000000D+00 0.3093457000D+01 0.2343400000D+01 0.3915800000D+01 0.5033400000D+01-0.6740000000D-01-0.1290000000D-02 0.5370920000D+02 0.4034600000D+00 0.0000000000D+00 0.4920000000D-01 0.2944447000D+01 0.2796700000D+01 0.0000000000D+00 0.4835000000D+01
3 5420200411202004282458950.5-0.6280000000D+00 0.3920000000D-02 0.2794766000D+03 0.9617100000D+00 0.6817000000D-02 0.2351000000D+00 0.5422471000D+01 0.4904600000D+01 0.3592000000D+00 0.3507700000D+01-0.1075000000D+00 0.1480000000D-02 0.6054370000D+02 0.3557800000D+00 0.0000000000D+00 0.3700000000D-01 0.5290694000D+01 0.5173500000D+01 0.0000000000D+00 0.3194900000D+01
3 5520200428202005152458967.5-0.5256000000D+00 0.9250000000D-02 0.2944302000D+03 0.9611000000D+00 0.8372000000D-02 0.2066000000D+00 0.1481209000D+01 0.1212400000D+01 0.2922800000D+01 0.2100600000D+01-0.9690000000D-01 0.1390000000D-02 0.6656010000D+02 0.2740600000D+00 0.0000000000D+00 0.5650000000D-01 0.1359964000D+01 0.1356900000D+01 0.0000000000D+00 0.2297400000D+01
3 5620200515202006012458984.5-0.3961000000D+00-0.4370000000D-02 0.3105365000D+03 0.9537200000D+00 0.9301000000D-02 0.1843000000D+00 0.3837920000D+01 0.3862500000D+01 0.5546500000D+01 0.4143000000D+00-0.2600000000D-01-0.1010000000D-02 0.7123680000D+02 0.1550800000D+00 0.0000000000D+00 0.4960000000D-01 0.3721952000D+01 0.4053900000D+01 0.0000000000D+00 0.6191000000D+01
3 5720200601202006182459001.5-0.5220000000D+00 0.1700000000D-02 0.3262485000D+03 0.9624200000D+00 0.1144100000D-01 0.2073000000D+00 0.6210340000D+01 0.2663000000D+00 0.2168800000D+01 0.5170800000D+01-0.1187000000D+00 0.2090000000D-02 0.7381680000D+02 0.8986000000D-01 0.0000000000D+00 0.2740000000D-01 0.6095982000D+01 0.1622200000D+01 0.0000000000D+00 0.5923900000D+01
3 5820200618202007052459018.5-0.4439000000D+00 0.9180000000D-02 0.3397102000D+03 0.8998900000D+00 0.1205900000D-01 0.1703000000D+00 0.2313721000D+01 0.3040200000D+01 0.4933100000D+01 0.3818900000D+01-0.3810000000D-01 0.6800000000D-03 0.7353180000D+02 0.2142600000D+00 0.0000000000D+00 0.7210000000D-01 0.2196983000D+01 0.4845300000D+01 0.0000000000D+00 0.3869000000D+01
3 5920200705202007222459035.5-0.3045000000D+00-0.9010000000D-02 0.3482943000D+03 0.8508200000D+00 0.1290600000D-01 0.1417000000D+00 0.4710458000D+01 0.5902500000D+01 0.1605900000D+01 0.2001200000D+01-0.2660000000D-01-0.8000000000D-03 0.7026780000D+02 0.3297100000D+00 0.0000000000D+00 0.4250000000D-01 0.4585963000D+01 0.1148700000D+01 0.0000000000D+00 0.1326500000D+01
3 6020200722202008082459052.5-0.5050000000D+00 0.4870000000D-02 0.3501581000D+03 0.8020100000D+00 0.1401000000D-01 0.1731000000D+00 0.8280910000D+00 0.2536800000D+01 0.4417000000D+01 0.5352000000D+00-0.5630000000D-01 0.1480000000D-02 0.6478470000D+02 0.3713000000D+00 0.0000000000D+00 0.2190000000D-01 0.6916070000D+00 0.3643500000D+01 0.0000000000D+00 0.1391000000D+00
3 6120200808202008252459069.5-0.3663000000D+00 0.6810000000D-02 0.3449865000D+03 0.8202100000D+00 0.1138700000D-01 0.1329000000D+00 0.3225164000D+01 0.5517400000D+01 0.9649000000D+00 0.5402100000D+01-0.3910000000D-01 0.1250000000D-02 0.5847420000D+02 0.3233400000D+00 0.0000000000D+00 0.1750000000D-01 0.3075110000D+01 0.6096400000D+01 0.0000000000D+00 0.6203400000D+01
3 6220200825202009112459086.5-0.2479000000D+00-0.6820000000D-02 0.3337299000D+03 0.8681600000D+00 0.1057500000D-01 0.1117000000D+00 0.5611816000D+01 0.2079000000D+01 0.3625900000D+01 0.3542300000D+01 0.2800000000D-02-0.2170000000D-02 0.5292570000D+02 0.2201300000D+00 0.0000000000D+00 0.4420000000D-01 0.5449823000D+01 0.2229000000D+01 0.0000000000D+00 0.3767200000D+01
3 6320200911202009282459103.5-0.3933000000D+00 0.4010000000D-02 0.3188903000D+03 0.9404200000D+00 0.8799000000D-02 0.1297000000D+00 0.1700570000D+01 0.4824400000D+01 0.6279200000D+01 0.2072200000D+01-0.2630000000D-01 0.1450000000D-02 0.4920870000D+02 0.1034400000D+00 0.0000000000D+00 0.3400000000D-01 0.1534492000D+01 0.4716800000D+01 0.0000000000D+00 0.1062800000D+01
3 6420200928202010152459120.5-0.2578000000D+00 0.6050000000D-02 0.3026740000D+03 0.1016100000D+01 0.7135000000D-02 0.8650000000D-01 0.4056249000D+01 0.1180200000D+01 0.2823500000D+01 0.6161000000D+00-0.3580000000D-01 0.4900000000D-03 0.4752890000D+02 0.3222000000D-01 0.0000000000D+00 0.1360000000D-01 0.3896411000D+01 0.2709200000D+01 0.0000000000D+00 0.1577900000D+01
3 6520201015202011012459137.5-0.1535000000D+00-0.7910000000D-02 0.2866525000D+03 0.1031870000D+01 0.4568000000D-02 0.8250000000D-01 0.1136010000D+00 0.3776300000D+01 0.5254300000D+01 0.4833200000D+01 0.1270000000D-01-0.2500000000D-02 0.4774670000D+02 0.1218600000D+00 0.0000000000D+00 0.3000000000D-01 0.6249883000D+01 0.5781700000D+01 0.0000000000D+00 0.4532800000D+01
3 6620201101202011182459154.5-0.2945000000D+00 0.2490000000D-02 0.2721826000D+03 0.1046140000D+01 0.3962000000D-02 0.9600000000D-01 0.2440125000D+01 0.4700000000D-02 0.1525400000D+01 0.3405600000D+01-0.3790000000D-01 0.8900000000D-03 0.4960370000D+02 0.1939700000D+00 0.0000000000D+00 0.8200000000D-02 0.2310832000D+01 0.1854000000D+01 0.0000000000D+00 0.2206000000D+01
3 6720201118202012052459171.5-0.1865000000D+00 0.2450000000D-02 0.2596915000D+03 0.1045830000D+01 0.3974000000D-02 0.6150000000D-01 0.4755228000D+01 0.2473700000D+01 0.4146600000D+01 0.1712000000D+01-0.3270000000D-01-0.1400000000D-03 0.5263160000D+02 0.2545500000D+00 0.0000000000D+00 0.1870000000D-01 0.4646056000D+01 0.4127800000D+01 0.0000000000D+00 0.2057000000D+01
3 6820201205202012222459188.5-0.1499000000D+00-0.8790000000D-02 0.2493479000D+03 0.1035380000D+01 0.1981000000D-02 0.8040000000D-01 0.7785840000D+00 0.4956000000D+01 0.5148000000D+00 0.5994900000D+01-0.1140000000D-01-0.2940000000D-02 0.5645620000D+02 0.3077300000D+00 0.0000000000D+00 0.2180000000D-01 0.6883720000D+00 0.1168000000D+00 0.0000000000D+00 0.5404300000D+01
3 6920201222202101082459205.5-0.2950000000D+00 0.2440000000D-02 0.2414204000D+03 0.1014240000D+01 0.1962000000D-02 0.9420000000D-01 0.3078175000D+01 0.1106800000D+01 0.2833000000D+01 0.4624300000D+01-0.6410000000D-01 0.7000000000D-03 0.6091530000D+02 0.3476300000D+00 0.0000000000D+00 0.1890000000D-01 0.3004982000D+01 0.2387200000D+01 0.0000000000D+00 0.5054600000D+01
4 7020191231202001182458848.5-0.4986900000D+01 0.5841000000D-01 0.4175093000D+03 0.1705280000D+01 0.0000000000D+00 0.1491900000D+01 0.4666150000D+00 0.5203200000D+01 0.0000000000D+00 0.5340400000D+01-0.5849000000D+00 0.2028000000D-01 0.2972800000D+02 0.7113900000D+00 0.0000000000D+00 0.1462000000D+00 0.1433900000D-01 0.2659000000D+00 0.0000000000D+00 0.4832300000D+01
4 7120200118202002052458866.5-0.4817400000D+01 0.4316000000D-01 0.4199589000D+03 0.1702530000D+01 0.0000000000D+00 0.1507300000D+01 0.8892520000D+00 0.5775500000D+01 0.0000000000D+00 0.6254400000D+01-0.6778000000D+00 0.1805000000D-01 0.4258950000D+02 0.7301400000D+00 0.0000000000D+00 0.1848000000D+00 0.5915840000D+00 0.6293000000D+00 0.0000000000D+00 0.5872000000D+01
4 7220200205202002232458884.5-0.4397500000D+01-0.5340000000D-02 0.4264876000D+03 0.1700710000D+01 0.0000000000D+00 0.1540300000D+01 0.1314565000D+01 0.9870000000D-01 0.0000000000D+00 0.8769000000D+00-0.7226000000D+00 0.1031000000D-01 0.5602240000D+02 0.7489300000D+00 0.0000000000D+00 0.2266000000D+00 0.1097404000D+01 0.1017600000D+01 0.0000000000D+00 0.5909000000D+00
4 7320200223202003122458902.5-0.3604700000D+01-0.1053600000D+00 0.4373532000D+03 0.1762360000D+01 0.0000000000D+00 0.1533400000D+01 0.1745698000D+01 0.7385000000D+00 0.0000000000D+00 0.1755400000D+01-0.7325000000D+00-0.2780000000D-02 0.6963080000D+02 0.7622600000D+00 0.0000000000D+00 0.2604000000D+00 0.1576192000D+01 0.1430900000D+01 0.0000000000D+00 0.1546200000D+01
4 7420200312202003302458920.5-0.3680400000D+01-0.1337800000D+00 0.4536127000D+03 0.1795690000D+01 0.0000000000D+00 0.1594200000D+01 0.2183338000D+01 0.1366100000D+01 0.0000000000D+00 0.2686400000D+01-0.9104000000D+00-0.4000000000D-03 0.8325810000D+02 0.7428700000D+00 0.0000000000D+00 0.3058000000D+00 0.2044144000D+01 0.1880200000D+01 0.0000000000D+00 0.2539900000D+01
4 7520200330202004172458938.5-0.4356000000D+01-0.9712000000D-01 0.4747188000D+03 0.1777820000D+01 0.0000000000D+00 0.1683300000D+01 0.2630035000D+01 0.2035200000D+01 0.0000000000D+00 0.3619800000D+01-0.1219200000D+01 0.1927000000D-01 0.9642790000D+02 0.6819500000D+00 0.0000000000D+00 0.3546000000D+00 0.2510976000D+01 0.2388200000D+01 0.0000000000D+00 0.3510300000D+01
4 7620200417202005052458956.5-0.5699000000D+01 0.1222000000D-01 0.4998317000D+03 0.1752990000D+01 0.0000000000D+00 0.1776900000D+01 0.3088592000D+01 0.2801600000D+01 0.0000000000D+00 0.4517800000D+01-0.1626800000D+01 0.5471000000D-01 0.1084376000D+03 0.5791400000D+00 0.0000000000D+00 0.3928000000D+00 0.2983376000D+01 0.2993700000D+01 0.0000000000D+00 0.4439500000D+01
4 7720200505202005232458974.5-0.6785400000D+01 0.1042400000D+00 0.5284410000D+03 0.1791950000D+01 0.0000000000D+00 0.1891300000D+01 0.3564078000D+01 0.3596300000D+01 0.0000000000D+00 0.5477100000D+01-0.1814600000D+01 0.7527000000D-01 0.1185237000D+03 0.4276800000D+00 0.0000000000D+00 0.4313000000D+00 0.3468383000D+01 0.3705500000D+01 0.0000000000D+00 0.5438600000D+01
4 7820200523202006102458992.5-0.7293800000D+01 0.1684400000D+00 0.5585879000D+03 0.1812270000D+01 0.0000000000D+00 0.2000200000D+01 0.4057653000D+01 0.4417900000D+01 0.0000000000D+00 0.1836000000D+00-0.1634900000D+01 0.6598000000D-01 0.1255288000D+03 0.2407300000D+00 0.0000000000D+00 0.4672000000D+00 0.3967077000D+01 0.4821600000D+01 0.0000000000D+00 0.1597000000D+00
4 7920200610202006282459010.5-0.6382500000D+01 0.7960000000D-01 0.5874417000D+03 0.1664840000D+01 0.0000000000D+00 0.2175400000D+01 0.4568448000D+01 0.5317600000D+01 0.0000000000D+00 0.1167800000D+01-0.1060000000D+01 0.8980000000D-02 0.1280558000D+03 0.2982900000D+00 0.0000000000D+00 0.4891000000D+00 0.4477753000D+01 0.4516000000D+00 0.0000000000D+00 0.1114000000D+01
4 8020200628202007162459028.5-0.5057400000D+01-0.8644000000D-01 0.6088960000D+03 0.1534660000D+01 0.0000000000D+00 0.2290300000D+01 0.5092585000D+01 0.8660000000D-01 0.0000000000D+00 0.2186100000D+01-0.7212000000D+00-0.3511000000D-01 0.1246153000D+03 0.5511100000D+00 0.0000000000D+00 0.4604000000D+00 0.4997673000D+01 0.1406900000D+01 0.0000000000D+00 0.2124000000D+01
4 8120200716202008032459046.5-0.3896000000D+01-0.2681300000D+00 0.6175451000D+03 0.1602850000D+01 0.0000000000D+00 0.2258500000D+01 0.5624059000D+01 0.1179300000D+01 0.0000000000D+00 0.3237100000D+01-0.8415000000D+00-0.2904000000D-01 0.1158122000D+03 0.6705400000D+00 0.0000000000D+00 0.4082000000D+00 0.5523403000D+01 0.2100300000D+01 0.0000000000D+00 0.3199100000D+01
4 8220200803202008212459064.5-0.4985200000D+01-0.2028700000D+00 0.6114666000D+03 0.1579940000D+01 0.0000000000D+00 0.2304400000D+01 0.6157619000D+01 0.2199400000D+01 0.0000000000D+00 0.4284500000D+01-0.1319300000D+01 0.3017000000D-01 0.1044613000D+03 0.6091400000D+00 0.0000000000D+00 0.3786000000D+00 0.6049181000D+01 0.2784500000D+01 0.0000000000D+00 0.4238100000D+01
4 8320200821202009082459082.5-0.6951900000D+01 0.2162000000D-01 0.5938306000D+03 0.1650840000D+01 0.0000000000D+00 0.2205300000D+01 0.3988630000D+00 0.3243100000D+01 0.0000000000D+00 0.5300800000D+01-0.1471200000D+01 0.6678000000D-01 0.9388340000D+02 0.4514000000D+00 0.0000000000D+00 0.3404000000D+00 0.2805870000D+00 0.3450300000D+01 0.0000000000D+00 0.5271500000D+01
4 8420200908202009262459100.5-0.7964100000D+01 0.2056000000D+00 0.5680625000D+03 0.1881470000D+01 0.0000000000D+00 0.1977900000D+01 0.9061370000D+00 0.4133700000D+01 0.0000000000D+00 0.4110000000D-01-0.1222400000D+01 0.5663000000D-01 0.8621940000D+02 0.2428800000D+00 0.0000000000D+00 0.3196000000D+00 0.7819970000D+00 0.4151000000D+01 0.0000000000D+00 0.6282700000D+01
4 8520200926202010142459118.5-0.7054300000D+01 0.1764200000D+00 0.5372069000D+03 0.1938080000D+01 0.0000000000D+00 0.1895600000D+01 0.1394782000D+01 0.4872100000D+01 0.0000000000D+00 0.1049300000D+01-0.8378000000D+00 0.1739000000D-01 0.8238140000D+02 0.8421000000D-01 0.0000000000D+00 0.3235000000D+00 0.1273857000D+01 0.5914000000D+01 0.0000000000D+00 0.9268000000D+00
4 8620201014202011012459136.5-0.5585800000D+01 0.7108000000D-01 0.5064823000D+03 0.1909640000D+01 0.0000000000D+00 0.1754100000D+01 0.1866946000D+01 0.5582300000D+01 0.0000000000D+00 0.2011700000D+01-0.6539000000D+00-0.7160000000D-02 0.8253230000D+02 0.2213200000D+00 0.0000000000D+00 0.3124000000D+00 0.1756704000D+01 0.1108900000D+01 0.0000000000D+00 0.1852900000D+01
4 8720201101202011192459154.5-0.4374300000D+01-0.3149000000D-01 0.4789322000D+03 0.1894690000D+01 0.0000000000D+00 0.1578900000D+01 0.2323774000D+01 0.6257300000D+01 0.0000000000D+00 0.2962700000D+01-0.6459000000D+00-0.1595000000D-01 0.8590410000D+02 0.3583700000D+00 0.0000000000D+00 0.3022000000D+00 0.2227723000D+01 0.1657900000D+01 0.0000000000D+00 0.2808400000D+01
4 8820201119202012072459172.5-0.4122100000D+01-0.4533000000D-01 0.4557775000D+03 0.1885910000D+01 0.0000000000D+00 0.1508500000D+01 0.2766561000D+01 0.5796000000D+00 0.0000000000D+00 0.3920200000D+01-0.7828000000D+00-0.9650000000D-02 0.9158500000D+02 0.4580300000D+00 0.0000000000D+00 0.3162000000D+00 0.2686190000D+01 0.2103300000D+01 0.0000000000D+00 0.3788900000D+01
4 8920201207202012252459190.5-0.4048600000D+01-0.3304000000D-01 0.4370056000D+03 0.1851490000D+01 0.0000000000D+00 0.1417500000D+01 0.3199183000D+01 0.1158700000D+01 0.0000000000D+00 0.4857100000D+01-0.8110000000D+00-0.1327000000D-01 0.9885840000D+02 0.5455200000D+00 0.0000000000D+00 0.3298000000D+00 0.3135313000D+01 0.2503400000D+01 0.0000000000D+00 0.4775800000D+01
4 9020201225202101122459208.5-0.4038700000D+01-0.1081000000D-01 0.4228165000D+03 0.1792280000D+01 0.0000000000D+00 0.1338200000D+01 0.3624314000D+01 0.1720200000D+01 0.0000000000D+00 0.5768700000D+01-0.7868000000D+00-0.2331000000D-01 0.1073114000D+03 0.6143100000D+00 0.0000000000D+00 0.3561000000D+00 0.3575696000D+01 0.2889600000D+01 0.0000000000D+00 0.5727300000D+01
