 5 4    2   25   48   70  3.5516  1.7693  0.8782  0.3765 16.0 16.0 17.0 18.0   90 2451909.5000 2001                                                                                                                                                                                                                                                                              
1  220001231200101162451909.5-0.8200000000D+00 0.7280000000D-02 0.1347796000D+03 0.3825500000D+00 0.4593000000D-02 0.2413000000D+00 0.5620292000D+01 0.2040100000D+01 0.3685400000D+01 0.3641600000D+01-0.1916000000D+00 0.2060000000D-02 0.2847360000D+02 0.2676000000D-01 0.0000000000D+00 0.5020000000D-01 0.5880729000D+01 0.2782100000D+01 0.0000000000D+00 0.4032700000D+01
1  320010116200102012451925.5-0.7315000000D+00 0.9190000000D-02 0.1288709000D+03 0.4048900000D+00 0.3938000000D-02 0.2466000000D+00 0.5908871000D+01 0.2686800000D+01 0.4335200000D+01 0.4390200000D+01-0.1837000000D+00 0.2670000000D-02 0.2803590000D+02 0.8613000000D-01 0.0000000000D+00 0.5550000000D-01 0.6156043000D+01 0.3197400000D+01 0.0000000000D+00 0.4700200000D+01
1  420010201200102172451941.5-0.6146000000D+00 0.1054000000D-01 0.1224418000D+03 0.4147800000D+00 0.3142000000D-02 0.2097000000D+00 0.6181923000D+01 0.3262400000D+01 0.4905700000D+01 0.5102500000D+01-0.1616000000D+00 0.2850000000D-02 0.2665890000D+02 0.1290900000D+00 0.0000000000D+00 0.4720000000D-01 0.1395600000D+00 0.3499500000D+01 0.0000000000D+00 0.5398800000D+01
1  520010217200103052451957.5-0.4616000000D+00 0.9730000000D-02 0.1162253000D+03 0.4183000000D+00 0.2340000000D-02 0.2006000000D+00 0.1566560000D+00 0.3777000000D+01 0.5434100000D+01 0.5969600000D+01-0.1280000000D+00 0.2520000000D-02 0.2462400000D+02 0.1557700000D+00 0.0000000000D+00 0.4490000000D-01 0.3977940000D+00 0.3760200000D+01 0.0000000000D+00 0.6205900000D+01
1  620010305200103212451973.5-0.2884000000D+00 0.8140000000D-02 0.1106510000D+03 0.4186100000D+00 0.1641000000D-02 0.2088000000D+00 0.4012280000D+00 0.4240200000D+01 0.5987300000D+01 0.3815000000D+00-0.9030000000D-01 0.2070000000D-02 0.2218080000D+02 0.1695000000D+00 0.0000000000D+00 0.4150000000D-01 0.6495810000D+00 0.3989900000D+01 0.0000000000D+00 0.5760000000D+00
1  720010321200104062451989.5-0.1193000000D+00 0.7600000000D-02 0.1059375000D+03 0.4185700000D+00 0.1299000000D-02 0.1846000000D+00 0.6350010000D+00 0.4652900000D+01 0.2935000000D+00 0.1094000000D+01-0.5590000000D-01 0.1800000000D-02 0.1951860000D+02 0.1748200000D+00 0.0000000000D+00 0.3220000000D-01 0.8984920000D+00 0.4193300000D+01 0.0000000000D+00 0.1325900000D+01
1  820010406200104222452005.5 0.4140000000D-01 0.7490000000D-02 0.1021116000D+03 0.4133600000D+00 0.1085000000D-02 0.1874000000D+00 0.8603760000D+00 0.5030600000D+01 0.6954000000D+00 0.1907600000D+01-0.2690000000D-01 0.1500000000D-02 0.1675210000D+02 0.1746100000D+00 0.0000000000D+00 0.2800000000D-01 0.1149366000D+01 0.4374500000D+01 0.0000000000D+00 0.2144300000D+01
1  920010422200105082452021.5 0.2007000000D+00 0.6050000000D-02 0.9914700000D+02 0.4069700000D+00 0.8100000000D-03 0.1937000000D+00 0.1079771000D+01 0.5393200000D+01 0.1153900000D+01 0.2552300000D+01-0.3700000000D-02 0.9600000000D-03 0.1396070000D+02 0.1716600000D+00 0.0000000000D+00 0.2190000000D-01 0.1409203000D+01 0.4536600000D+01 0.0000000000D+00 0.2867300000D+01
1 1020010508200105242452037.5 0.3498000000D+00 0.3540000000D-02 0.9701410000D+02 0.3993700000D+00 0.6470000000D-03 0.1752000000D+00 0.1295129000D+01 0.5738700000D+01 0.1636500000D+01 0.3270300000D+01 0.1080000000D-01 0.3700000000D-03 0.1120310000D+02 0.1678500000D+00 0.0000000000D+00 0.1640000000D-01 0.1689549000D+01 0.4683200000D+01 0.0000000000D+00 0.3852000000D+01
1 1120010524200106092452053.5 0.4680000000D+00 0.1730000000D-02 0.9566550000D+02 0.3927700000D+00 0.6510000000D-03 0.1857000000D+00 0.1508238000D+01 0.6071600000D+01 0.2115800000D+01 0.4048300000D+01 0.1520000000D-01 0.0000000000D+00 0.8543200000D+01 0.1645900000D+00 0.0000000000D+00 0.1510000000D-01 0.2013283000D+01 0.4820300000D+01 0.0000000000D+00 0.4730000000D+01
1 1220010609200106252452069.5 0.5442000000D+00 0.1090000000D-02 0.9507050000D+02 0.3843900000D+00 0.6610000000D-03 0.1977000000D+00 0.1720610000D+01 0.1120000000D+00 0.2286400000D+01 0.4659600000D+01 0.1130000000D-01-0.2200000000D-03 0.6110100000D+01 0.1623800000D+00 0.0000000000D+00 0.1100000000D-01 0.2433628000D+01 0.4953800000D+01 0.0000000000D+00 0.5613200000D+01
1 1320010625200107112452085.5 0.5862000000D+00 0.9000000000D-04 0.9518140000D+02 0.3778900000D+00 0.6940000000D-03 0.1834000000D+00 0.1933777000D+01 0.4408000000D+00 0.2509000000D+01 0.5359200000D+01 0.2900000000D-02-0.3900000000D-03 0.4277100000D+01 0.1609600000D+00 0.0000000000D+00 0.9100000000D-02 0.3075045000D+01 0.5089200000D+01 0.0000000000D+00 0.5144000000D+00
1 1420010711200107272452101.5 0.6001000000D+00-0.2110000000D-02 0.9600130000D+02 0.3728400000D+00 0.9320000000D-03 0.1996000000D+00 0.2148945000D+01 0.7730000000D+00 0.2688000000D+01 0.6134300000D+01-0.7400000000D-02-0.4200000000D-03 0.3945500000D+01 0.1601800000D+00 0.0000000000D+00 0.8300000000D-02 0.3985642000D+01 0.5231600000D+01 0.0000000000D+00 0.1811100000D+01
1 1520010727200108122452117.5 0.5764000000D+00-0.4170000000D-02 0.9753780000D+02 0.3655700000D+00 0.1112000000D-02 0.2170000000D+00 0.2367231000D+01 0.1124600000D+01 0.2838900000D+01 0.4860000000D+00-0.1710000000D-01-0.2200000000D-03 0.5356700000D+01 0.1590300000D+00 0.0000000000D+00 0.1320000000D-01 0.4733259000D+01 0.5386300000D+01 0.0000000000D+00 0.3090700000D+01
1 1620010812200108282452133.5 0.5054000000D+00-0.4710000000D-02 0.9982080000D+02 0.3586500000D+00 0.1320000000D-02 0.2112000000D+00 0.2590039000D+01 0.1499900000D+01 0.3078800000D+01 0.1208300000D+01-0.2230000000D-01 0.6000000000D-04 0.7544500000D+01 0.1563600000D+00 0.0000000000D+00 0.1870000000D-01 0.5215871000D+01 0.5560000000D+01 0.0000000000D+00 0.3938200000D+01
1 1720010828200109132452149.5 0.3970000000D+00-0.4600000000D-02 0.1028858000D+03 0.3559100000D+00 0.1446000000D-02 0.2343000000D+00 0.2819026000D+01 0.1909000000D+01 0.3506400000D+01 0.1977000000D+01-0.2030000000D-01 0.3500000000D-03 0.9942500000D+01 0.1500200000D+00 0.0000000000D+00 0.2510000000D-01 0.5577039000D+01 0.5757600000D+01 0.0000000000D+00 0.4801000000D+01
1 1820010913200109292452165.5 0.2712000000D+00-0.5550000000D-02 0.1067638000D+03 0.3592400000D+00 0.1969000000D-02 0.2518000000D+00 0.3056098000D+01 0.2336600000D+01 0.4030700000D+01 0.2616800000D+01-0.1190000000D-01 0.8000000000D-03 0.1232360000D+02 0.1377500000D+00 0.0000000000D+00 0.3310000000D-01 0.5888194000D+01 0.5982900000D+01 0.0000000000D+00 0.5498700000D+01
1 1920010929200110152452181.5 0.1321000000D+00-0.7020000000D-02 0.1114403000D+03 0.3645300000D+00 0.2667000000D-02 0.2479000000D+00 0.3302893000D+01 0.2794700000D+01 0.4484300000D+01 0.3381600000D+01 0.1900000000D-02 0.1370000000D-02 0.1453430000D+02 0.1167500000D+00 0.0000000000D+00 0.3610000000D-01 0.6178558000D+01 0.6241500000D+01 0.0000000000D+00 0.6212400000D+01
1 2020011015200110312452197.5-0.2820000000D-01-0.6920000000D-02 0.1168188000D+03 0.3724400000D+00 0.3412000000D-02 0.2838000000D+00 0.3561201000D+01 0.3293900000D+01 0.5001800000D+01 0.4152300000D+01 0.2120000000D-01 0.1700000000D-02 0.1641180000D+02 0.8360000000D-01 0.0000000000D+00 0.4080000000D-01 0.1785460000D+00 0.2646000000D+00 0.0000000000D+00 0.6885000000D+00
1 2120011031200111162452213.5-0.2032000000D+00-0.5320000000D-02 0.1226616000D+03 0.3771300000D+00 0.4051000000D-02 0.3033000000D+00 0.3832581000D+01 0.3838900000D+01 0.5566000000D+01 0.4800300000D+01 0.4470000000D-01 0.1530000000D-02 0.1774430000D+02 0.3687000000D-01 0.0000000000D+00 0.4230000000D-01 0.4612680000D+00 0.7128000000D+00 0.0000000000D+00 0.1338600000D+01
1 2220011116200112022452229.5-0.3663000000D+00-0.4470000000D-02 0.1285082000D+03 0.3761400000D+00 0.4569000000D-02 0.3002000000D+00 0.4117826000D+01 0.4440500000D+01 0.6255700000D+01 0.5586300000D+01 0.6700000000D-01 0.1000000000D-02 0.1829970000D+02 0.2637000000D-01 0.0000000000D+00 0.3700000000D-01 0.7463180000D+00 0.3542000000D+01 0.0000000000D+00 0.2163100000D+01
1 2320011202200112182452245.5-0.5017000000D+00-0.4870000000D-02 0.1336105000D+03 0.3658700000D+00 0.5110000000D-02 0.3344000000D+00 0.4416270000D+01 0.5105200000D+01 0.7513000000D+00 0.8060000000D-01 0.8290000000D-01 0.2900000000D-03 0.1787720000D+02 0.8734000000D-01 0.0000000000D+00 0.4040000000D-01 0.1032366000D+01 0.4136500000D+01 0.0000000000D+00 0.3036600000D+01
1 2420011218200201032452261.5-0.6195000000D+00-0.4220000000D-02 0.1370662000D+03 0.3428900000D+00 0.5822000000D-02 0.3282000000D+00 0.4724991000D+01 0.5832800000D+01 0.1503000000D+01 0.7747000000D+00 0.8930000000D-01-0.4100000000D-03 0.1645080000D+02 0.1332200000D+00 0.0000000000D+00 0.3900000000D-01 0.1313721000D+01 0.4511400000D+01 0.0000000000D+00 0.3646100000D+01
2 2520001231200101162451909.5 0.2941100000D+01-0.1776000000D-01 0.2144803000D+03 0.6182400000D+00 0.6589000000D-02 0.1043500000D+01 0.3246650000D+00 0.2990300000D+01 0.4656100000D+01 0.2718800000D+01 0.6205000000D+00-0.5400000000D-03 0.4457100000D+02 0.3777000000D-01 0.0000000000D+00 0.2289000000D+00 0.5524980000D+00 0.3527600000D+01 0.0000000000D+00 0.2923300000D+01
2 2620010116200102012451925.5 0.2625400000D+01-0.2504000000D-01 0.2050322000D+03 0.6272400000D+00 0.6701000000D-02 0.1013100000D+01 0.3515013000D+01 0.2181000000D+00 0.1749600000D+01 0.2979100000D+01 0.6145000000D+00-0.4330000000D-02 0.4392500000D+02 0.1316400000D+00 0.0000000000D+00 0.2097000000D+00 0.3730730000D+01 0.7271000000D+00 0.0000000000D+00 0.3212000000D+01
2 2720010201200102172451941.5 0.2204300000D+01-0.3111000000D-01 0.1948719000D+03 0.6542700000D+00 0.4926000000D-02 0.9761000000D+00 0.4074100000D+00 0.3714000000D+01 0.5472800000D+01 0.3213200000D+01 0.5298000000D+00-0.5850000000D-02 0.4179530000D+02 0.2002900000D+00 0.0000000000D+00 0.2099000000D+00 0.6163530000D+00 0.3952300000D+01 0.0000000000D+00 0.3404300000D+01
2 2820010217200103052451957.5 0.1708600000D+01-0.3622000000D-01 0.1849807000D+03 0.6484700000D+00 0.3431000000D-02 0.9396000000D+00 0.3567971000D+01 0.8595000000D+00 0.2509600000D+01 0.3442600000D+01 0.4369000000D+00-0.7700000000D-02 0.3862410000D+02 0.2443000000D+00 0.0000000000D+00 0.1900000000D+00 0.3776033000D+01 0.8453000000D+00 0.0000000000D+00 0.3665300000D+01
2 2920010305200103212451973.5 0.1146600000D+01-0.3856000000D-01 0.1761153000D+03 0.6476600000D+00 0.3407000000D-02 0.8987000000D+00 0.4316930000D+00 0.4211300000D+01 0.6050600000D+01 0.3648300000D+01 0.3102000000D+00-0.7700000000D-02 0.3479070000D+02 0.2659300000D+00 0.0000000000D+00 0.1694000000D+00 0.6448270000D+00 0.3984100000D+01 0.0000000000D+00 0.3861400000D+01
2 3020010321200104062451989.5 0.5550000000D+00-0.3934000000D-01 0.1685582000D+03 0.6326400000D+00 0.2186000000D-02 0.8650000000D+00 0.3567899000D+01 0.1266400000D+01 0.2859700000D+01 0.3853000000D+01 0.1911000000D+00-0.6890000000D-02 0.3061350000D+02 0.2759300000D+00 0.0000000000D+00 0.1498000000D+00 0.3793102000D+01 0.8166000000D+00 0.0000000000D+00 0.4086200000D+01
2 3120010406200104222452005.5-0.3080000000D-01-0.3886000000D-01 0.1624413000D+03 0.6240400000D+00 0.2192000000D-02 0.8310000000D+00 0.4121100000D+00 0.4552300000D+01 0.6220500000D+01 0.4051600000D+01 0.8180000000D-01-0.5640000000D-02 0.2626220000D+02 0.2759800000D+00 0.0000000000D+00 0.1231000000D+00 0.6578390000D+00 0.3903300000D+01 0.0000000000D+00 0.4327700000D+01
2 3220010422200105082452021.5-0.6011000000D+00-0.3491000000D-01 0.1577322000D+03 0.6276500000D+00 0.1234000000D-02 0.8015000000D+00 0.3533625000D+01 0.1554300000D+01 0.3672000000D+01 0.4238400000D+01-0.3000000000D-03-0.3320000000D-02 0.2186790000D+02 0.2730300000D+00 0.0000000000D+00 0.1025000000D+00 0.3812519000D+01 0.6907000000D+00 0.0000000000D+00 0.4515100000D+01
2 3320010508200105242452037.5-0.1113600000D+01-0.2951000000D-01 0.1543374000D+03 0.6101700000D+00 0.1130000000D-02 0.7741000000D+00 0.3669030000D+00 0.4799000000D+01 0.3128000000D+00 0.4433500000D+01-0.5270000000D-01-0.1480000000D-02 0.1750000000D+02 0.2680000000D+00 0.0000000000D+00 0.7710000000D-01 0.6997930000D+00 0.3741200000D+01 0.0000000000D+00 0.4857400000D+01
2 3420010524200106092452053.5-0.1536000000D+01-0.2336000000D-01 0.1522351000D+03 0.6063000000D+00 0.1287000000D-02 0.7481000000D+00 0.3481119000D+01 0.1742600000D+01 0.3532700000D+01 0.4626400000D+01-0.7050000000D-01 0.7100000000D-03 0.1323760000D+02 0.2631000000D+00 0.0000000000D+00 0.5480000000D-01 0.3907584000D+01 0.5020000000D+00 0.0000000000D+00 0.5067000000D+01
2 3520010609200106252452069.5-0.1861400000D+01-0.1484000000D-01 0.1512509000D+03 0.5939500000D+00 0.1188000000D-02 0.7332000000D+00 0.3107490000D+00 0.4980500000D+01 0.2847000000D+00 0.4821400000D+01-0.5860000000D-01 0.1710000000D-02 0.9239200000D+01 0.2596700000D+00 0.0000000000D+00 0.3900000000D-01 0.9188730000D+00 0.3538700000D+01 0.0000000000D+00 0.5669500000D+01
2 3620010625200107112452085.5-0.2069500000D+01-0.4930000000D-02 0.1514403000D+03 0.5959700000D+00 0.1418000000D-02 0.7110000000D+00 0.3424155000D+01 0.1925300000D+01 0.3757200000D+01 0.5026500000D+01-0.2750000000D-01 0.2760000000D-02 0.6003300000D+01 0.2565400000D+00 0.0000000000D+00 0.2070000000D-01 0.4446331000D+01 0.2933000000D+00 0.0000000000D+00 0.1247000000D+00
2 3720010711200107272452101.5-0.2134600000D+01 0.3970000000D-02 0.1527141000D+03 0.5847900000D+00 0.6950000000D-03 0.7009000000D+00 0.2554040000D+00 0.5185800000D+01 0.6571000000D+00 0.5237600000D+01 0.1620000000D-01 0.2270000000D-02 0.5169700000D+01 0.2550400000D+00 0.0000000000D+00 0.2940000000D-01 0.2076736000D+01 0.3339100000D+01 0.0000000000D+00 0.1017600000D+01
2 3820010727200108122452117.5-0.2063100000D+01 0.1289000000D-01 0.1552175000D+03 0.5813100000D+00 0.1856000000D-02 0.6941000000D+00 0.3373078000D+01 0.2126400000D+01 0.3731800000D+01 0.5462700000D+01 0.5440000000D-01 0.1640000000D-02 0.7495000000D+01 0.2519900000D+00 0.0000000000D+00 0.4110000000D-01 0.5797676000D+01 0.1102000000D+00 0.0000000000D+00 0.1835800000D+01
2 3920010812200108282452133.5-0.1871300000D+01 0.2230000000D-01 0.1588602000D+03 0.5802100000D+00 0.2091000000D-02 0.6898000000D+00 0.2115660000D+00 0.5399800000D+01 0.8594000000D+00 0.5696900000D+01 0.8360000000D-01-0.1700000000D-03 0.1107040000D+02 0.2470200000D+00 0.0000000000D+00 0.5350000000D-01 0.2896000000D+01 0.3186500000D+01 0.0000000000D+00 0.2138100000D+01
2 4020010828200109132452149.5-0.1550400000D+01 0.2946000000D-01 0.1637551000D+03 0.5778500000D+00 0.3062000000D-02 0.6973000000D+00 0.3339192000D+01 0.2400600000D+01 0.4001600000D+01 0.5947800000D+01 0.8370000000D-01-0.1800000000D-02 0.1490490000D+02 0.2367200000D+00 0.0000000000D+00 0.7180000000D-01 0.6147406000D+01 0.6279100000D+01 0.0000000000D+00 0.2521700000D+01
2 4120010913200109292452165.5-0.1122500000D+01 0.3486000000D-01 0.1699422000D+03 0.5771800000D+00 0.2836000000D-02 0.7084000000D+00 0.1908560000D+00 0.5746200000D+01 0.1091000000D+01 0.6218200000D+01 0.6370000000D-01-0.3640000000D-02 0.1867920000D+02 0.2163300000D+00 0.0000000000D+00 0.8170000000D-01 0.3066140000D+01 0.3120800000D+01 0.0000000000D+00 0.2857700000D+01
2 4220010929200110152452181.5-0.6239000000D+00 0.3945000000D-01 0.1773820000D+03 0.5863800000D+00 0.4139000000D-02 0.7267000000D+00 0.3335633000D+01 0.2812100000D+01 0.4438700000D+01 0.2161000000D+00 0.7200000000D-02-0.5130000000D-02 0.2215130000D+02 0.1827700000D+00 0.0000000000D+00 0.9460000000D-01 0.6249849000D+01 0.6274500000D+01 0.0000000000D+00 0.3115800000D+01
2 4320011015200110312452197.5-0.6290000000D-01 0.4081000000D-01 0.1860066000D+03 0.5916700000D+00 0.5199000000D-02 0.7573000000D+00 0.2085570000D+00 0.6208200000D+01 0.1644400000D+01 0.5174000000D+00-0.5570000000D-01-0.5490000000D-02 0.2509920000D+02 0.1277200000D+00 0.0000000000D+00 0.1060000000D+00 0.3144787000D+01 0.3200300000D+01 0.0000000000D+00 0.3503100000D+01
2 4420011031200111162452213.5 0.5220000000D+00 0.4016000000D-01 0.1952640000D+03 0.6034600000D+00 0.6532000000D-02 0.7892000000D+00 0.3377886000D+01 0.3370700000D+01 0.5128600000D+01 0.8303000000D+00-0.1501000000D+00-0.5200000000D-02 0.2716450000D+02 0.5362000000D-01 0.0000000000D+00 0.1048000000D+00 0.4095800000D-01 0.3135000000D+00 0.0000000000D+00 0.3734400000D+01
2 4520011116200112022452229.5 0.1099200000D+01 0.3753000000D-01 0.2046321000D+03 0.5898500000D+00 0.6444000000D-02 0.8281000000D+00 0.2782290000D+00 0.6157000000D+00 0.2416700000D+01 0.1160800000D+01-0.2070000000D+00-0.3850000000D-02 0.2800310000D+02 0.4843000000D-01 0.0000000000D+00 0.1149000000D+00 0.3224585000D+01 0.5975400000D+01 0.0000000000D+00 0.4142200000D+01
2 4620011202200112182452245.5 0.1631300000D+01 0.3306000000D-01 0.2126497000D+03 0.5898400000D+00 0.8058000000D-02 0.8708000000D+00 0.3475470000D+01 0.4167600000D+01 0.6094000000D+01 0.1499200000D+01-0.2802000000D+00-0.1400000000D-02 0.2727150000D+02 0.1418500000D+00 0.0000000000D+00 0.1003000000D+00 0.1278410000D+00 0.3166100000D+01 0.0000000000D+00 0.4380700000D+01
2 4720011218200201032452261.5 0.2110400000D+01 0.2449000000D-01 0.2182252000D+03 0.5444000000D+00 0.8502000000D-02 0.9005000000D+00 0.4006870000D+00 0.1533600000D+01 0.3413600000D+01 0.1835600000D+01-0.2864000000D+00 0.3800000000D-03 0.2495660000D+02 0.2118700000D+00 0.0000000000D+00 0.9850000000D-01 0.3312974000D+01 0.1758000000D+00 0.0000000000D+00 0.4754400000D+01
3 4820001231200101172451909.5 0.1040000000D+00 0.4330000000D-02 0.3417203000D+03 0.1005170000D+01 0.1210200000D-01 0.4337000000D+00 0.2385454000D+01 0.5009500000D+01 0.4544000000D+00 0.1545800000D+01 0.7380000000D-01-0.5700000000D-03 0.7367070000D+02 0.8174000000D-01 0.0000000000D+00 0.6620000000D-01 0.2642736000D+01 0.5659500000D+01 0.0000000000D+00 0.1983900000D+01
3 4920010117200102032451926.5 0.2122000000D+00 0.8500000000D-02 0.3256765000D+03 0.1013650000D+01 0.9654000000D-02 0.3697000000D+00 0.4764512000D+01 0.1479800000D+01 0.3102300000D+01 0.6150300000D+01 0.3400000000D-01 0.3220000000D-02 0.7230140000D+02 0.2328600000D+00 0.0000000000D+00 0.1094000000D+00 0.5008753000D+01 0.2001600000D+01 0.0000000000D+00 0.3241000000D+00
3 5020010203200102202451943.5 0.3209000000D+00-0.5030000000D-02 0.3084392000D+03 0.1029610000D+01 0.7481000000D-02 0.3600000000D+00 0.8434060000D+00 0.4161900000D+01 0.5879600000D+01 0.4570900000D+01 0.7020000000D-01-0.1630000000D-02 0.6829630000D+02 0.3391400000D+00 0.0000000000D+00 0.8550000000D-01 0.1081138000D+01 0.4390300000D+01 0.0000000000D+00 0.4607900000D+01
3 5120010220200103092451960.5 0.1718000000D+00 0.6300000000D-02 0.2918832000D+03 0.1008550000D+01 0.5975000000D-02 0.2945000000D+00 0.3188944000D+01 0.4970000000D+00 0.2123400000D+01 0.2948100000D+01 0.5470000000D-01 0.4400000000D-03 0.6254690000D+02 0.4064300000D+00 0.0000000000D+00 0.5830000000D-01 0.3428164000D+01 0.4617000000D+00 0.0000000000D+00 0.3293000000D+01
3 5220010309200103262451977.5 0.2977000000D+00 0.7950000000D-02 0.2774177000D+03 0.9958500000D+00 0.4583000000D-02 0.2764000000D+00 0.5519732000D+01 0.3056900000D+01 0.4634700000D+01 0.1139500000D+01 0.5380000000D-01 0.1830000000D-02 0.5573960000D+02 0.4381300000D+00 0.0000000000D+00 0.5960000000D-01 0.5769087000D+01 0.2786900000D+01 0.0000000000D+00 0.1328800000D+01
3 5320010326200104122451994.5 0.3944000000D+00-0.4850000000D-02 0.2653997000D+03 0.9969800000D+00 0.3797000000D-02 0.2872000000D+00 0.1555817000D+01 0.5576200000D+01 0.1075800000D+01 0.5794300000D+01 0.6770000000D-01-0.1250000000D-02 0.4837850000D+02 0.4448400000D+00 0.0000000000D+00 0.4540000000D-01 0.1824297000D+01 0.5075900000D+01 0.0000000000D+00 0.6150100000D+01
3 5420010412200104292452011.5 0.2618000000D+00 0.7580000000D-02 0.2558355000D+03 0.9794800000D+00 0.2193000000D-02 0.2582000000D+00 0.3866009000D+01 0.1794800000D+01 0.3540300000D+01 0.4100300000D+01 0.5550000000D-01-0.6000000000D-04 0.4084670000D+02 0.4429100000D+00 0.0000000000D+00 0.4870000000D-01 0.4166354000D+01 0.1054600000D+01 0.0000000000D+00 0.4395000000D+01
3 5520010429200105162452028.5 0.4006000000D+00 0.5310000000D-02 0.2488791000D+03 0.9623200000D+00 0.1766000000D-02 0.2795000000D+00 0.6169382000D+01 0.4243600000D+01 0.5684600000D+01 0.2316700000D+01 0.5310000000D-01 0.7900000000D-03 0.3333040000D+02 0.4358500000D+00 0.0000000000D+00 0.2870000000D-01 0.2390600000D+00 0.3302600000D+01 0.0000000000D+00 0.2332300000D+01
3 5620010516200106022452045.5 0.4418000000D+00-0.5370000000D-02 0.2442077000D+03 0.9607900000D+00 0.2039000000D-02 0.3058000000D+00 0.2185510000D+01 0.3906000000D+00 0.2046900000D+01 0.7322000000D+00 0.4340000000D-01-0.1270000000D-02 0.2595010000D+02 0.4233900000D+00 0.0000000000D+00 0.2960000000D-01 0.2625250000D+01 0.5529400000D+01 0.0000000000D+00 0.1540400000D+01
3 5720010602200106192452062.5 0.3167000000D+00 0.6320000000D-02 0.2416240000D+03 0.9579100000D+00 0.1191000000D-02 0.2950000000D+00 0.4482382000D+01 0.2833000000D+01 0.4778700000D+01 0.5338700000D+01 0.4610000000D-01-0.7600000000D-03 0.1899390000D+02 0.4152700000D+00 0.0000000000D+00 0.2310000000D-01 0.5077823000D+01 0.1454700000D+01 0.0000000000D+00 0.5592400000D+01
3 5820010619200107062452079.5 0.4356000000D+00 0.1060000000D-02 0.2412130000D+03 0.9510700000D+00 0.1153000000D-02 0.3349000000D+00 0.4952360000D+00 0.5248500000D+01 0.6932000000D+00 0.3635700000D+01 0.1970000000D-01 0.2400000000D-03 0.1313160000D+02 0.4128200000D+00 0.0000000000D+00 0.1310000000D-01 0.1407585000D+01 0.3669800000D+01 0.0000000000D+00 0.5907900000D+01
3 5920010706200107232452096.5 0.3935000000D+00-0.7060000000D-02 0.2427916000D+03 0.9408600000D+00 0.1916000000D-02 0.3663000000D+00 0.2792027000D+01 0.1382700000D+01 0.2926400000D+01 0.2081400000D+01 0.1430000000D-01-0.8600000000D-03 0.1022760000D+02 0.4072700000D+00 0.0000000000D+00 0.2600000000D-01 0.4327618000D+01 0.5892800000D+01 0.0000000000D+00 0.3735500000D+01
3 6020010723200108092452113.5 0.2514000000D+00 0.4570000000D-02 0.2463716000D+03 0.9460000000D+00 0.1946000000D-02 0.3650000000D+00 0.5091345000D+01 0.3824800000D+01 0.5681900000D+01 0.4382000000D+00 0.2390000000D-01-0.8500000000D-03 0.1242060000D+02 0.4014400000D+00 0.0000000000D+00 0.1870000000D-01 0.1001656000D+01 0.1829800000D+01 0.0000000000D+00 0.3122900000D+01
3 6120010809200108262452130.5 0.3440000000D+00-0.3790000000D-02 0.2521337000D+03 0.9499200000D+00 0.3157000000D-02 0.4180000000D+00 0.1111620000D+01 0.6262000000D+01 0.1828000000D+01 0.5076300000D+01-0.7100000000D-02 0.6700000000D-03 0.1777700000D+02 0.3978300000D+00 0.0000000000D+00 0.4330000000D-01 0.3652774000D+01 0.4071400000D+01 0.0000000000D+00 0.1317900000D+01
3 6220010826200109122452147.5 0.2141000000D+00-0.7920000000D-02 0.2600709000D+03 0.9404300000D+00 0.3757000000D-02 0.4530000000D+00 0.3420698000D+01 0.2461000000D+01 0.4131900000D+01 0.3543100000D+01 0.4600000000D-02 0.1100000000D-03 0.2411900000D+02 0.3821500000D+00 0.0000000000D+00 0.4020000000D-01 0.6129412000D+01 0.6300000000D-01 0.0000000000D+00 0.6276000000D+01
3 6320010912200109292452164.5 0.6040000000D-01 0.4660000000D-02 0.2703371000D+03 0.9463000000D+00 0.4897000000D-02 0.4599000000D+00 0.5737957000D+01 0.4969400000D+01 0.4281000000D+00 0.1946000000D+01 0.2740000000D-01-0.9100000000D-03 0.3054110000D+02 0.3484100000D+00 0.0000000000D+00 0.6450000000D-01 0.2254290000D+01 0.2351600000D+01 0.0000000000D+00 0.4718900000D+01
3 6420010929200110162452181.5 0.1550000000D+00-0.7540000000D-02 0.2829346000D+03 0.9488200000D+00 0.7661000000D-02 0.5243000000D+00 0.1782616000D+01 0.1210700000D+01 0.2909600000D+01 0.3421000000D+00 0.5900000000D-02 0.1910000000D-02 0.3647750000D+02 0.2953400000D+00 0.0000000000D+00 0.5660000000D-01 0.4633286000D+01 0.4676200000D+01 0.0000000000D+00 0.3079100000D+01
3 6520011016200111022452198.5-0.4470000000D-01-0.5890000000D-02 0.2974671000D+03 0.9596700000D+00 0.8508000000D-02 0.5661000000D+00 0.4123097000D+01 0.3823400000D+01 0.5583900000D+01 0.5154800000D+01 0.1850000000D-01 0.6000000000D-04 0.4149560000D+02 0.2021900000D+00 0.0000000000D+00 0.8860000000D-01 0.7177620000D+00 0.7889000000D+00 0.0000000000D+00 0.1922000000D+01
3 6620011102200111192452215.5-0.1571000000D+00 0.6730000000D-02 0.3132763000D+03 0.9624700000D+00 0.9903000000D-02 0.5735000000D+00 0.1954130000D+00 0.2040000000D+00 0.2042300000D+01 0.3604200000D+01 0.7970000000D-01-0.1450000000D-02 0.4498690000D+02 0.6224000000D-01 0.0000000000D+00 0.8010000000D-01 0.3084789000D+01 0.3390200000D+01 0.0000000000D+00 0.6185900000D+01
3 6720011119200112062452232.5-0.3480000000D-01-0.5170000000D-02 0.3289137000D+03 0.9252700000D+00 0.1185400000D-01 0.6316000000D+00 0.2567298000D+01 0.2921700000D+01 0.4713900000D+01 0.2073200000D+01 0.7200000000D-02 0.2200000000D-02 0.4609990000D+02 0.1072100000D+00 0.0000000000D+00 0.6480000000D-01 0.5455173000D+01 0.2223800000D+01 0.0000000000D+00 0.5397700000D+01
3 6820011206200112232452249.5-0.1900000000D+00-0.5680000000D-02 0.3417849000D+03 0.9119600000D+00 0.1391800000D-01 0.6514000000D+00 0.4954463000D+01 0.5718100000D+01 0.1383300000D+01 0.6414000000D+00 0.5660000000D-01-0.1020000000D-02 0.4425120000D+02 0.2581100000D+00 0.0000000000D+00 0.1114000000D+00 0.1540939000D+01 0.4713800000D+01 0.0000000000D+00 0.3585800000D+01
3 6920011223200201092452266.5-0.2870000000D+00 0.1247000000D-01 0.3495288000D+03 0.8679300000D+00 0.1474200000D-01 0.6156000000D+00 0.1069502000D+01 0.2339200000D+01 0.4261800000D+01 0.5430000000D+01 0.6260000000D-01-0.1720000000D-02 0.3971390000D+02 0.3569400000D+00 0.0000000000D+00 0.6630000000D-01 0.3901125000D+01 0.8577000000D+00 0.0000000000D+00 0.1760400000D+01
4 7020001231200101182451909.5 0.7266200000D+01-0.1804300000D+00 0.6027927000D+03 0.1918120000D+01 0.0000000000D+00 0.1890500000D+01 0.5557927000D+01 0.2084900000D+01 0.0000000000D+00 0.1693000000D+00 0.2050100000D+01-0.1059100000D+00 0.1266858000D+03 0.1969900000D+00 0.0000000000D+00 0.4075000000D+00 0.5797598000D+01 0.2007300000D+01 0.0000000000D+00 0.4590000000D+00
4 7120010118200102052451927.5 0.5199600000D+01-0.2070000000D-02 0.5723542000D+03 0.1871510000D+01 0.0000000000D+00 0.1743100000D+01 0.6070376000D+01 0.2975300000D+01 0.0000000000D+00 0.1158100000D+01 0.1575200000D+01-0.6990000000D-01 0.1240772000D+03 0.4152300000D+00 0.0000000000D+00 0.3810000000D+00 0.1415200000D-01 0.3119000000D+01 0.0000000000D+00 0.1434300000D+01
4 7220010205200102232451945.5 0.4263900000D+01 0.9512000000D-01 0.5402009000D+03 0.1891800000D+01 0.0000000000D+00 0.1692700000D+01 0.2790630000D+00 0.3773200000D+01 0.0000000000D+00 0.2104500000D+01 0.1139800000D+01-0.2920000000D-01 0.1165692000D+03 0.6033800000D+00 0.0000000000D+00 0.3674000000D+00 0.5024550000D+00 0.3770800000D+01 0.0000000000D+00 0.2384100000D+01
4 7320010223200103132451963.5 0.4228400000D+01 0.1021600000D+00 0.5098103000D+03 0.1878230000D+01 0.0000000000D+00 0.1649800000D+01 0.7516350000D+00 0.4481000000D+01 0.0000000000D+00 0.3043300000D+01 0.9976000000D+00-0.1816000000D-01 0.1056240000D+03 0.7097400000D+00 0.0000000000D+00 0.3422000000D+00 0.9790160000D+00 0.4286000000D+01 0.0000000000D+00 0.3320900000D+01
4 7420010313200103312451981.5 0.4613100000D+01 0.4651000000D-01 0.4831199000D+03 0.1795300000D+01 0.0000000000D+00 0.1567900000D+01 0.1208358000D+01 0.5143300000D+01 0.0000000000D+00 0.3966900000D+01 0.9865000000D+00-0.2812000000D-01 0.9270150000D+02 0.7441200000D+00 0.0000000000D+00 0.2981000000D+00 0.1448404000D+01 0.4742600000D+01 0.0000000000D+00 0.4250100000D+01
4 7520010331200104182451999.5 0.4977800000D+01-0.1580000000D-02 0.4615562000D+03 0.1747320000D+01 0.0000000000D+00 0.1553100000D+01 0.1653313000D+01 0.5788200000D+01 0.0000000000D+00 0.4888800000D+01 0.9164000000D+00-0.3411000000D-01 0.7898840000D+02 0.7492600000D+00 0.0000000000D+00 0.2572000000D+00 0.1916320000D+01 0.5166200000D+01 0.0000000000D+00 0.5180600000D+01
4 7620010418200105062452017.5 0.5001400000D+01-0.1909000000D-01 0.4453793000D+03 0.1727440000D+01 0.0000000000D+00 0.1541100000D+01 0.2088635000D+01 0.1039000000D+00 0.0000000000D+00 0.5815000000D+01 0.6709000000D+00-0.2382000000D-01 0.6507000000D+02 0.7469500000D+00 0.0000000000D+00 0.2021000000D+00 0.2388170000D+01 0.5542200000D+01 0.0000000000D+00 0.6152300000D+01
4 7720010506200105242452035.5 0.4739100000D+01-0.4000000000D-03 0.4340993000D+03 0.1707710000D+01 0.0000000000D+00 0.1525100000D+01 0.2517118000D+01 0.6672000000D+00 0.0000000000D+00 0.4315000000D+00 0.3563000000D+00-0.5570000000D-02 0.5117170000D+02 0.7362600000D+00 0.0000000000D+00 0.1490000000D+00 0.2877994000D+01 0.5886500000D+01 0.0000000000D+00 0.9383000000D+00
4 7820010524200106112452053.5 0.4927700000D+01-0.2554000000D-01 0.4271213000D+03 0.1716750000D+01 0.0000000000D+00 0.1554000000D+01 0.2942318000D+01 0.1236100000D+01 0.0000000000D+00 0.1329900000D+01 0.1100000000D+00 0.6940000000D-02 0.3765480000D+02 0.7192600000D+00 0.0000000000D+00 0.1190000000D+00 0.3416078000D+01 0.6221700000D+01 0.0000000000D+00 0.2133900000D+01
4 7920010611200106292452071.5 0.5225700000D+01-0.6875000000D-01 0.4246005000D+03 0.1747240000D+01 0.0000000000D+00 0.1553400000D+01 0.3365588000D+01 0.1779500000D+01 0.0000000000D+00 0.2242000000D+01-0.4850000000D-01 0.1069000000D-01 0.2538390000D+02 0.7073100000D+00 0.0000000000D+00 0.9670000000D-01 0.4077036000D+01 0.2773000000D+00 0.0000000000D+00 0.3413400000D+01
4 8020010629200107172452089.5 0.5099100000D+01-0.6249000000D-01 0.4258122000D+03 0.1742720000D+01 0.0000000000D+00 0.1595900000D+01 0.3788126000D+01 0.2329500000D+01 0.0000000000D+00 0.3147100000D+01-0.1877000000D+00 0.1272000000D-01 0.1692300000D+02 0.6991200000D+00 0.0000000000D+00 0.8890000000D-01 0.5056864000D+01 0.6189000000D+00 0.0000000000D+00 0.4807700000D+01
4 8120010717200108042452107.5 0.4406900000D+01 0.1770000000D-01 0.4302927000D+03 0.1715280000D+01 0.0000000000D+00 0.1699300000D+01 0.4212220000D+01 0.2933800000D+01 0.0000000000D+00 0.4048100000D+01-0.2805000000D+00 0.9810000000D-02 0.1824430000D+02 0.6964900000D+00 0.0000000000D+00 0.1055000000D+00 0.1415700000D-01 0.9740000000D+00 0.0000000000D+00 0.6208100000D+01
4 8220010804200108222452125.5 0.3717200000D+01 0.1004300000D+00 0.4390295000D+03 0.1753610000D+01 0.0000000000D+00 0.1745800000D+01 0.4640958000D+01 0.3552000000D+01 0.0000000000D+00 0.4955900000D+01-0.3802000000D+00 0.7500000000D-02 0.2767970000D+02 0.6893600000D+00 0.0000000000D+00 0.1362000000D+00 0.8939530000D+00 0.1345500000D+01 0.0000000000D+00 0.1188100000D+01
4 8320010822200109092452143.5 0.3887200000D+01 0.1095000000D+00 0.4528612000D+03 0.1764870000D+01 0.0000000000D+00 0.1862300000D+01 0.5074672000D+01 0.4153900000D+01 0.0000000000D+00 0.5884800000D+01-0.5583000000D+00 0.1258000000D-01 0.3951870000D+02 0.6632700000D+00 0.0000000000D+00 0.1841000000D+00 0.1521913000D+01 0.1744900000D+01 0.0000000000D+00 0.2333700000D+01
4 8420010909200109272452161.5 0.4670100000D+01 0.5285000000D-01 0.4713721000D+03 0.1717350000D+01 0.0000000000D+00 0.2034500000D+01 0.5515581000D+01 0.4795200000D+01 0.0000000000D+00 0.5420000000D+00-0.8434000000D+00 0.3135000000D-01 0.5158570000D+02 0.6049000000D+00 0.0000000000D+00 0.2459000000D+00 0.2058127000D+01 0.2193100000D+01 0.0000000000D+00 0.3384600000D+01
4 8520010927200110152452179.5 0.5214200000D+01 0.2644000000D-01 0.4940872000D+03 0.1711910000D+01 0.0000000000D+00 0.2162400000D+01 0.5968192000D+01 0.5506700000D+01 0.0000000000D+00 0.1494500000D+01-0.1074900000D+01 0.4771000000D-01 0.6273930000D+02 0.5135800000D+00 0.0000000000D+00 0.2938000000D+00 0.2562994000D+01 0.2695200000D+01 0.0000000000D+00 0.4398300000D+01
4 8620011015200111022452197.5 0.5783000000D+01 0.4630000000D-02 0.5210422000D+03 0.1714740000D+01 0.0000000000D+00 0.2359200000D+01 0.1522710000D+00 0.6260900000D+01 0.0000000000D+00 0.2462900000D+01-0.1225700000D+01 0.6107000000D-01 0.7209800000D+02 0.3642000000D+00 0.0000000000D+00 0.3431000000D+00 0.3059461000D+01 0.3277000000D+01 0.0000000000D+00 0.5424100000D+01
4 8720011102200111202452215.5 0.6981100000D+01-0.1106000000D+00 0.5499808000D+03 0.1753930000D+01 0.0000000000D+00 0.2500200000D+01 0.6360890000D+00 0.8223000000D+00 0.0000000000D+00 0.3475500000D+01-0.1227900000D+01 0.6850000000D-01 0.7841330000D+02 0.1576200000D+00 0.0000000000D+00 0.3822000000D+00 0.3556776000D+01 0.4221900000D+01 0.0000000000D+00 0.1729000000D+00
4 8820011120200112082452233.5 0.7642800000D+01-0.2050500000D+00 0.5785484000D+03 0.1779840000D+01 0.0000000000D+00 0.2658300000D+01 0.1139007000D+01 0.1705900000D+01 0.0000000000D+00 0.4513400000D+01-0.9114000000D+00 0.4485000000D-01 0.8037990000D+02 0.2055800000D+00 0.0000000000D+00 0.3919000000D+00 0.4058235000D+01 0.4560000000D+00 0.0000000000D+00 0.1170600000D+01
4 8920011208200112262452251.5 0.6313400000D+01-0.6926000000D-01 0.6033102000D+03 0.1616560000D+01 0.0000000000D+00 0.2777100000D+01 0.1658518000D+01 0.2712900000D+01 0.0000000000D+00 0.5523900000D+01-0.3902000000D+00-0.1177000000D-01 0.7691430000D+02 0.5054700000D+00 0.0000000000D+00 0.3484000000D+00 0.4559778000D+01 0.1327000000D+01 0.0000000000D+00 0.2146100000D+01
4 9020011226200201132452269.5 0.3587200000D+01 0.2673400000D+00 0.6172030000D+03 0.1698170000D+01 0.0000000000D+00 0.2656800000D+01 0.2187443000D+01 0.3902300000D+01 0.0000000000D+00 0.3147000000D+00-0.2857000000D+00-0.3022000000D-01 0.6791420000D+02 0.6670800000D+00 0.0000000000D+00 0.2740000000D+00 0.5055332000D+01 0.1945200000D+01 0.0000000000D+00 0.3245100000D+01
