 4 2    2   13 19.7027  4.9788 36.0 36.0   23 2458483.5000 2019                                                                                                                                                                                                                                                                                                                  
1  220181231201902052458483.4 0.1307000000D+00-0.9400000000D-03 0.9436300000D+01 0.1384900000D+00 0.6470000000D-03 0.6210000000D-01-0.2234187000D+01-0.4483600000D+01-0.4893000000D+00-0.2403200000D+01-0.3600000000D-01 0.4000000000D-03 0.6294200000D+01 0.4596000000D-01 0.3800000000D-03 0.4450000000D-01-0.3193033000D+01-0.4997600000D+01-0.1059000000D+00-0.3255700000D+01
1  320190205201903132458519.4 0.9340000000D-01-0.1570000000D-02 0.6907800000D+01 0.1133700000D+00 0.5180000000D-03 0.4440000000D-01-0.3397185000D+01-0.5498900000D+01-0.1483200000D+01-0.4742800000D+01-0.1780000000D-01-0.9000000000D-04 0.5659500000D+01 0.5666000000D-01 0.3880000000D-03 0.4060000000D-01-0.4175319000D+01-0.6217500000D+01-0.1965100000D+01-0.5352100000D+01
1  420190313201904182458555.4 0.4610000000D-01-0.9200000000D-03 0.5447800000D+01 0.9426000000D-01 0.4960000000D-03 0.3410000000D-01-0.4660536000D+01-0.2300000000D+00-0.2403900000D+01-0.6919000000D+00-0.1850000000D-01 0.4300000000D-03 0.4663400000D+01 0.5069000000D-01 0.4150000000D-03 0.2910000000D-01-0.5187905000D+01-0.1173500000D+01-0.3341000000D+01-0.1098600000D+01
1  520190418201905242458591.4 0.5100000000D-02-0.3100000000D-03 0.4952800000D+01 0.7969000000D-01 0.4680000000D-03 0.3680000000D-01-0.5956838000D+01-0.1310000000D+01-0.3530600000D+01-0.2969400000D+01-0.7300000000D-02 0.4300000000D-03 0.3471500000D+01 0.4108000000D-01 0.3880000000D-03 0.2140000000D-01-0.6148998000D+01-0.2539700000D+01-0.4774400000D+01-0.2928400000D+01
1  620190524201906292458627.4-0.6000000000D-02-0.6100000000D-03 0.4959100000D+01 0.6441000000D-01 0.4140000000D-03 0.3820000000D-01-0.8975070000D+00-0.2450400000D+01-0.4609200000D+01-0.5251000000D+01 0.9400000000D-02 0.4100000000D-03 0.2261200000D+01 0.3218000000D-01 0.3240000000D-03 0.1420000000D-01-0.6488710000D+00-0.4004700000D+01-0.6233000000D+01-0.4591300000D+01
1  720190629201908042458663.4-0.2200000000D-01-0.8000000000D-04 0.4980500000D+01 0.5361000000D-01 0.3260000000D-03 0.3480000000D-01-0.2018108000D+01-0.3629900000D+01-0.5713200000D+01-0.1070100000D+01 0.2510000000D-01 0.4600000000D-03 0.1536600000D+01 0.2484000000D-01 0.2650000000D-03 0.1250000000D-01-0.1017065000D+01-0.5538000000D+01-0.1463800000D+01-0.5905200000D+01
1  820190804201909092458699.4-0.3140000000D-01 0.1200000000D-03 0.4853600000D+01 0.4632000000D-01 0.2370000000D-03 0.3530000000D-01-0.3080547000D+01-0.4782500000D+01-0.2942000000D+00-0.3049700000D+01 0.4280000000D-01 0.3400000000D-03 0.1822400000D+01 0.2010000000D-01 0.2480000000D-03 0.1580000000D-01-0.1312020000D+01-0.8288000000D+00-0.2801700000D+01-0.1103500000D+01
1  920190909201910152458735.4-0.2540000000D-01-0.3800000000D-03 0.4621900000D+01 0.4536000000D-01 0.1980000000D-03 0.3420000000D-01-0.4123398000D+01-0.5853000000D+01-0.1138000000D+01-0.5179500000D+01 0.5300000000D-01 0.4000000000D-03 0.2482500000D+01 0.2078000000D-01 0.2080000000D-03 0.2150000000D-01-0.2006140000D+01-0.2447300000D+01-0.4134700000D+01-0.2919400000D+01
1 1020191015201911202458771.4-0.3410000000D-01-0.3100000000D-03 0.4403000000D+01 0.4744000000D-01 0.2370000000D-03 0.3010000000D-01-0.5193648000D+01-0.5726000000D+00-0.1752900000D+01-0.9528000000D+00 0.6670000000D-01 0.1100000000D-03 0.3065500000D+01 0.2446000000D-01 0.1970000000D-03 0.2380000000D-01-0.2888356000D+01-0.3832700000D+01-0.5486600000D+01-0.4884600000D+01
1 1120191120201912262458807.4-0.5200000000D-01-0.3800000000D-03 0.4340800000D+01 0.5667000000D-01 0.3050000000D-03 0.3310000000D-01-0.3927500000D-01-0.1550800000D+01-0.2642600000D+01-0.3036100000D+01 0.7460000000D-01 0.0000000000D+00 0.3466000000D+01 0.2742000000D-01 0.2100000000D-03 0.2550000000D-01-0.3836424000D+01-0.5086800000D+01-0.8066000000D+00-0.4693000000D+00
1 1220191226202001312458843.4-0.6550000000D-01-0.1270000000D-02 0.4680800000D+01 0.7003000000D-01 0.4240000000D-03 0.3950000000D-01-0.1243626000D+01-0.2534100000D+01-0.3653700000D+01-0.5353700000D+01 0.7290000000D-01-0.6000000000D-04 0.3621900000D+01 0.2587000000D-01 0.3100000000D-03 0.2690000000D-01-0.4790525000D+01-0.1265000000D+00-0.2469800000D+01-0.2379300000D+01
2 1320181231201902052458483.4-0.5400000000D-02 0.0000000000D+00 0.2332840000D+02 0.3574000000D+00 0.1741000000D-02 0.1600000000D-02 0.6045535000D+01 0.3825900000D+01 0.1494000000D+01-0.4261700000D+01-0.4300000000D-02 0.1000000000D-03 0.1543330000D+02 0.1333000000D+00 0.9860000000D-03 0.1300000000D-02 0.5170506000D+01 0.3353200000D+01 0.1757100000D+01-0.5402500000D+01
2 1420190205201903132458519.4-0.5300000000D-02 0.8000000000D-04 0.1719710000D+02 0.2864000000D+00 0.1410000000D-02 0.1900000000D-02 0.2581979000D+01 0.5266000000D+00 0.4592800000D+01-0.3022500000D+01-0.1100000000D-02-0.1000000000D-04 0.1374290000D+02 0.1485800000D+00 0.1038000000D-02 0.2100000000D-02 0.1877144000D+01 0.6128300000D+01 0.4078800000D+01-0.2989400000D+01
2 1520190313201904182458555.4-0.3200000000D-02 0.6000000000D-04 0.1382560000D+02 0.2402800000D+00 0.1297000000D-02 0.3000000000D-03 0.5317085000D+01 0.3484300000D+01 0.1329300000D+01-0.6156700000D+01-0.9000000000D-03 0.3000000000D-04 0.1122070000D+02 0.1323000000D+00 0.1119000000D-02 0.1700000000D-02 0.4848419000D+01 0.2598300000D+01 0.3638000000D+00-0.5055100000D+01
2 1620190418201905242458591.4-0.1200000000D-02 0.1000000000D-04 0.1266040000D+02 0.2044700000D+00 0.1255000000D-02 0.1600000000D-02 0.1745995000D+01 0.1054000000D+00 0.4228000000D+01-0.3501700000D+01-0.1200000000D-02 0.4000000000D-04 0.8249900000D+01 0.1036600000D+00 0.1032000000D-02 0.1200000000D-02 0.1588965000D+01 0.5231900000D+01 0.2970200000D+01-0.1782600000D+01
2 1720190524201906292458627.4-0.1000000000D-03 0.6000000000D-04 0.1258640000D+02 0.1711100000D+00 0.1127000000D-02 0.6000000000D-03 0.4524795000D+01 0.2946300000D+01 0.8142000000D+00-0.4146600000D+01 0.7000000000D-03-0.5000000000D-04 0.5268500000D+01 0.7761000000D-01 0.8400000000D-03 0.1300000000D-02 0.4798276000D+01 0.1445700000D+01 0.5477300000D+01-0.3932800000D+01
2 1820190629201908042458663.4 0.1300000000D-02 0.0000000000D+00 0.1252880000D+02 0.1446700000D+00 0.9060000000D-03 0.5000000000D-03 0.1104762000D+01 0.5757700000D+01 0.3741300000D+01-0.2769800000D+01-0.1300000000D-02 0.3000000000D-04 0.3602000000D+01 0.5856000000D-01 0.7140000000D-03 0.8000000000D-03 0.2171005000D+01 0.3841200000D+01 0.1663900000D+01-0.6141000000D+00
2 1920190804201909092458699.4 0.1200000000D-02 0.5000000000D-04 0.1212070000D+02 0.1300200000D+00 0.7210000000D-03 0.1400000000D-02 0.4018720000D+01 0.2320100000D+01 0.4958000000D+00-0.3943000000D+01-0.2000000000D-03-0.5000000000D-04 0.4488800000D+01 0.5087000000D-01 0.6540000000D-03 0.7000000000D-03 0.5848724000D+01 0.6132600000D+01 0.4236600000D+01-0.2366000000D+01
2 2020190909201910152458735.4 0.3400000000D-02-0.3000000000D-04 0.1149220000D+02 0.1269900000D+00 0.6660000000D-03 0.8000000000D-03 0.6586990000D+00 0.5228600000D+01 0.3659700000D+01-0.3242700000D+01-0.2300000000D-02 0.5000000000D-04 0.6200900000D+01 0.5809000000D-01 0.6200000000D-03 0.3000000000D-03 0.2817996000D+01 0.2240200000D+01 0.5983000000D+00-0.6070000000D+01
2 2120191015201911202458771.4 0.1800000000D-02 0.4000000000D-04 0.1090970000D+02 0.1362400000D+00 0.7740000000D-03 0.1200000000D-02 0.3549765000D+01 0.1897700000D+01 0.5533000000D+00-0.4578700000D+01-0.1000000000D-02-0.2000000000D-04 0.7661700000D+01 0.7175000000D-01 0.6080000000D-03 0.2000000000D-02 0.5890585000D+01 0.4860500000D+01 0.3197400000D+01-0.1680200000D+01
2 2220191120201912262458807.4 0.3300000000D-02-0.2000000000D-04 0.1075040000D+02 0.1601600000D+00 0.1025000000D-02 0.1200000000D-02 0.8644700000D-01 0.4860300000D+01 0.3607600000D+01-0.3594300000D+01-0.1200000000D-02 0.0000000000D+00 0.8660800000D+01 0.8124000000D-01 0.6540000000D-03 0.1000000000D-02 0.2615872000D+01 0.1305900000D+01 0.5626700000D+01-0.4415400000D+01
2 2320191226202001312458843.4 0.2300000000D-02-0.1000000000D-04 0.1165250000D+02 0.1996600000D+00 0.1347000000D-02 0.3400000000D-02 0.2828405000D+01 0.1524400000D+01 0.2006000000D+00-0.5042200000D+01-0.2800000000D-02 0.1100000000D-03 0.9004300000D+01 0.7654000000D-01 0.8720000000D-03 0.2600000000D-02 0.5618455000D+01 0.3975300000D+01 0.1665600000D+01-0.1368200000D+01
