 4 2    2   13 19.7027  4.9788 36.0 36.0   23 2454100.5000 2007                                                                                                                                                                                                                                                                                                                  
1  220061231200702052454100.4 0.4130000000D-01-0.3600000000D-03 0.4607400000D+01 0.7531000000D-01 0.4450000000D-03 0.3570000000D-01-0.5087843000D+01-0.8710000000D-01-0.1798800000D+01-0.1658200000D+01-0.1570000000D-01-0.3400000000D-03 0.2872800000D+01 0.2325000000D-01 0.4170000000D-03 0.1870000000D-01-0.2089166000D+01-0.4679800000D+01-0.3786000000D+00-0.4600200000D+01
1  320070205200703132454136.4 0.1940000000D-01-0.2800000000D-03 0.5497300000D+01 0.7799000000D-01 0.5340000000D-03 0.4180000000D-01-0.1580500000D-01-0.1219400000D+01-0.3158100000D+01-0.3708700000D+01-0.2830000000D-01-0.4400000000D-03 0.2103800000D+01 0.3117000000D-01 0.4230000000D-03 0.1520000000D-01-0.2749386000D+01-0.3550000000D+00-0.2072800000D+01-0.5957200000D+01
1  420070313200704182454172.4 0.1370000000D-01-0.8000000000D-03 0.6368900000D+01 0.7275000000D-01 0.5490000000D-03 0.5140000000D-01-0.1142989000D+01-0.2442400000D+01-0.4233700000D+01-0.5785600000D+01-0.4340000000D-01-0.7800000000D-03 0.2034300000D+01 0.4049000000D-01 0.4540000000D-03 0.2020000000D-01-0.2884327000D+01-0.1938800000D+01-0.3720700000D+01-0.8466000000D+00
1  520070418200705242454208.4-0.1120000000D-01-0.2800000000D-03 0.6842900000D+01 0.7479000000D-01 0.5610000000D-03 0.5110000000D-01-0.2225942000D+01-0.3689300000D+01-0.5288000000D+01-0.1634900000D+01-0.7280000000D-01-0.5400000000D-03 0.3337600000D+01 0.4665000000D-01 0.4950000000D-03 0.3250000000D-01-0.3366236000D+01-0.3448300000D+01-0.5341100000D+01-0.2614800000D+01
1  620070524200706292454244.4-0.3180000000D-01-0.7200000000D-03 0.6966800000D+01 0.8413000000D-01 0.5830000000D-03 0.4880000000D-01-0.3332028000D+01-0.4896100000D+01-0.6176700000D+01-0.3663000000D+01-0.9750000000D-01-0.5800000000D-03 0.4810300000D+01 0.4884000000D-01 0.4250000000D-03 0.3870000000D-01-0.4218409000D+01-0.4953800000D+01-0.4885000000D+00-0.4504800000D+01
1  720070629200708042454280.4-0.4860000000D-01-0.1800000000D-02 0.7058700000D+01 0.1043700000D+00 0.5470000000D-03 0.5670000000D-01-0.4510388000D+01-0.6000100000D+01-0.9497000000D+00-0.5892400000D+01-0.1125000000D+00-0.3400000000D-03 0.5839100000D+01 0.5055000000D-01 0.3920000000D-03 0.4620000000D-01-0.5174302000D+01-0.3910000000D-01-0.2325200000D+01-0.8670000000D-01
1  820070804200709092454316.4-0.1106000000D+00-0.1350000000D-02 0.7851800000D+01 0.1231700000D+00 0.4220000000D-03 0.6400000000D-01-0.5755283000D+01-0.7379000000D+00-0.1840300000D+01-0.1910000000D+01-0.1260000000D+00 0.5500000000D-03 0.6305400000D+01 0.3719000000D-01 0.3770000000D-03 0.4790000000D-01-0.6119696000D+01-0.1360600000D+01-0.4117700000D+01-0.2053900000D+01
1  920070909200710152454352.4-0.1770000000D+00-0.1610000000D-02 0.9943400000D+01 0.1383600000D+00 0.1320000000D-03 0.8140000000D-01-0.6571550000D+00-0.1655100000D+01-0.1010600000D+01-0.3902500000D+01-0.1107000000D+00 0.7900000000D-03 0.6244200000D+01 0.1396000000D-01 0.3860000000D-03 0.4630000000D-01-0.6834010000D+00-0.2926000000D+01-0.5958600000D+01-0.3739100000D+01
1 1020071015200711202454388.4-0.2349000000D+00-0.1670000000D-02 0.1349190000D+02 0.1546400000D+00 0.1219000000D-02 0.1239000000D+00-0.1677995000D+01-0.2360800000D+01-0.3252000000D+00-0.5838100000D+01-0.7900000000D-01 0.6000000000D-03 0.6207400000D+01 0.1779000000D-01 0.6870000000D-03 0.5050000000D-01-0.1388223000D+01-0.2554000000D+00-0.1993500000D+01-0.5436400000D+01
1 1120071120200712262454424.4-0.2965000000D+00 0.4380000000D-02 0.1817140000D+02 0.1544600000D+00 0.3619000000D-02 0.1444000000D+00-0.2491080000D+01-0.2263100000D+01-0.6111200000D+01-0.1120100000D+01-0.4500000000D-01 0.2100000000D-03 0.7181700000D+01 0.7337000000D-01 0.1240000000D-03 0.6400000000D-01-0.2075710000D+01-0.2600400000D+01-0.3756500000D+01-0.8995000000D+00
1 1220071226200801312454460.4-0.1235000000D+00 0.5200000000D-02 0.1973450000D+02 0.1961300000D+00 0.2847000000D-02 0.1289000000D+00-0.3026948000D+01-0.7320000000D+00-0.4780700000D+01-0.2692200000D+01-0.5060000000D-01 0.1890000000D-02 0.9524400000D+01 0.3289000000D-01 0.1820000000D-02 0.6970000000D-01-0.2935005000D+01-0.3394100000D+01-0.6182500000D+01-0.2719100000D+01
2 1320061231200702052454100.4-0.2200000000D-02-0.5000000000D-04 0.1139410000D+02 0.2053900000D+00 0.1434000000D-02 0.4100000000D-02 0.2281691000D+01 0.1010600000D+01 0.5551700000D+01-0.4479200000D+01 0.5000000000D-03 0.9000000000D-04 0.7347800000D+01 0.6616000000D-01 0.1117000000D-02 0.1800000000D-02 0.5358972000D+01 0.2803500000D+01 0.6494000000D+00-0.5925000000D+01
2 1420070205200703132454136.4-0.5300000000D-02 0.1400000000D-03 0.1380640000D+02 0.2115400000D+00 0.1626000000D-02 0.8000000000D-03 0.5033929000D+01 0.3802600000D+01 0.1917500000D+01-0.1734500000D+01 0.1600000000D-02 0.0000000000D+00 0.5400700000D+01 0.7445000000D-01 0.1203000000D-02 0.3100000000D-02 0.2404572000D+01 0.4802100000D+01 0.2947400000D+01-0.1520600000D+01
2 1520070313200704182454172.4-0.6000000000D-03-0.6000000000D-04 0.1595820000D+02 0.2055000000D+00 0.1664000000D-02 0.1500000000D-02 0.1589096000D+01 0.2412000000D+00 0.4720400000D+01-0.4169800000D+01 0.3200000000D-02-0.7000000000D-04 0.5409100000D+01 0.9635000000D-01 0.1284000000D-02 0.2600000000D-02 0.6206654000D+01 0.7467000000D+00 0.5218100000D+01-0.4522700000D+01
2 1620070418200705242454208.4-0.3200000000D-02 0.1600000000D-03 0.1702280000D+02 0.2123600000D+00 0.1669000000D-02 0.1600000000D-02 0.4460891000D+01 0.2957000000D+01 0.1353000000D+01-0.4786500000D+01-0.4000000000D-03 0.1900000000D-03 0.8695000000D+01 0.1168200000D+00 0.1360000000D-02 0.1600000000D-02 0.3361862000D+01 0.3105000000D+01 0.1327700000D+01-0.5950200000D+01
2 1720070524200706292454244.4 0.2600000000D-02-0.2000000000D-04 0.1717910000D+02 0.2419200000D+00 0.1738000000D-02 0.1700000000D-02 0.1020930000D+01 0.5734000000D+01 0.4301700000D+01-0.2984500000D+01 0.5400000000D-02-0.8000000000D-04 0.1221250000D+02 0.1390900000D+00 0.1291000000D-02 0.2000000000D-02 0.1694490000D+00 0.5584300000D+01 0.3756300000D+01-0.2105800000D+01
2 1820070629200708042454280.4 0.1700000000D-02 0.1300000000D-03 0.1744300000D+02 0.2899800000D+00 0.1775000000D-02 0.2900000000D-02 0.3785714000D+01 0.2304400000D+01 0.9365000000D+00-0.4992300000D+01 0.4400000000D-02 0.1000000000D-04 0.1464650000D+02 0.1467400000D+00 0.1142000000D-02 0.4600000000D-02 0.3162761000D+01 0.1922500000D+01 0.6062600000D+01-0.4747000000D+01
2 1920070804200709092454316.4 0.4500000000D-02 0.1300000000D-03 0.1958030000D+02 0.3407000000D+00 0.1546000000D-02 0.1000000000D-02 0.2095410000D+00 0.5224200000D+01 0.3869100000D+01-0.3231600000D+01 0.2300000000D-02 0.1300000000D-03 0.1566810000D+02 0.1177900000D+00 0.1016000000D-02 0.1000000000D-02 0.6169012000D+01 0.4606400000D+01 0.1967200000D+01-0.3456000000D+00
2 2020070909200710152454352.4 0.1180000000D-01-0.1400000000D-03 0.2499390000D+02 0.3780400000D+00 0.6040000000D-03 0.6700000000D-02 0.2982662000D+01 0.1943600000D+01 0.8804000000D+00-0.4505500000D+01 0.7700000000D-02-0.2000000000D-03 0.1544710000D+02 0.5559000000D-01 0.9100000000D-03 0.2100000000D-02 0.2989288000D+01 0.9436000000D+00 0.3873600000D+01-0.3065400000D+01
2 2120071015200711202454388.4 0.8400000000D-02 0.1400000000D-03 0.3383070000D+02 0.4256600000D+00 0.2404000000D-02 0.7400000000D-02 0.5916891000D+01 0.5155600000D+01 0.1156500000D+01-0.1886000000D+01 0.1700000000D-02 0.1200000000D-03 0.1537270000D+02 0.2045000000D-01 0.1967000000D-02 0.9200000000D-02 0.6234029000D+01 0.7570000000D+00 0.5593900000D+01-0.4791900000D+01
2 2220071120200712262454424.4 0.5100000000D-02 0.5300000000D-03 0.4542760000D+02 0.3903600000D+00 0.9513000000D-02 0.1890000000D-01 0.2776479000D+01 0.2768200000D+01 0.5378800000D+01-0.7652000000D+00-0.1070000000D-01 0.8800000000D-03 0.1773430000D+02 0.2155900000D+00 0.6700000000D-03 0.1780000000D-01 0.3207197000D+01 0.2594900000D+01 0.6862000000D+00-0.5341400000D+01
2 2320071226200801312454460.4 0.5100000000D-02 0.4300000000D-03 0.4937910000D+02 0.4513100000D+00 0.6450000000D-02 0.1640000000D-01 0.6201210000D+01 0.2278200000D+01 0.4401200000D+01-0.6241500000D+01-0.8000000000D-03 0.3700000000D-03 0.2385490000D+02 0.1048600000D+00 0.4726000000D-02 0.1050000000D-01 0.1973600000D-01 0.5613100000D+01 0.2980700000D+01-0.5548600000D+01
