 4 2    2   13 19.7027  4.9788 36.0 36.0   23 2452639.5000 2003                                                                                                                                                                                                                                                                                                                  
1  220021231200302052452639.4 0.6790000000D-01 0.7900000000D-03 0.4951700000D+01 0.7236000000D-01 0.4330000000D-03 0.4080000000D-01-0.5858601000D+01-0.8740000000D+00-0.1804900000D+01-0.5256600000D+01-0.8870000000D-01 0.1900000000D-03 0.4150700000D+01 0.2749000000D-01 0.2550000000D-03 0.3300000000D-01-0.3220279000D+01-0.4463300000D+01-0.6551000000D+00-0.2421600000D+01
1  320030205200303132452675.4 0.1067000000D+00 0.1570000000D-02 0.6071000000D+01 0.9502000000D-01 0.5360000000D-03 0.4820000000D-01-0.7863060000D+00-0.1845700000D+01-0.2792900000D+01-0.1088600000D+01-0.8570000000D-01 0.5200000000D-03 0.4270200000D+01 0.1744000000D-01 0.4260000000D-03 0.3120000000D-01-0.4098046000D+01-0.5957300000D+01-0.2212800000D+01-0.4197700000D+01
1  420030313200304182452711.4 0.1515000000D+00 0.2700000000D-02 0.8267600000D+01 0.1212400000D+00 0.5830000000D-03 0.7490000000D-01-0.1939231000D+01-0.2809800000D+01-0.3882800000D+01-0.3133700000D+01-0.6630000000D-01 0.1360000000D-02 0.3930500000D+01 0.2046000000D-01 0.6040000000D-03 0.2910000000D-01-0.4818868000D+01-0.2361400000D+01-0.3468200000D+01-0.5685200000D+01
1  520030418200305242452747.4 0.2440000000D+00 0.2210000000D-02 0.1155960000D+02 0.1447700000D+00 0.6900000000D-03 0.1019000000D+00-0.3001078000D+01-0.3777400000D+01-0.4619300000D+01-0.5205400000D+01-0.1660000000D-01 0.2060000000D-02 0.3749000000D+01 0.5654000000D-01 0.7240000000D-03 0.3440000000D-01-0.5189150000D+01-0.3857800000D+01-0.4693200000D+01-0.6190000000D+00
1  620030524200306292452783.4 0.3444000000D+00 0.2760000000D-02 0.1591750000D+02 0.1811800000D+00 0.6840000000D-03 0.1329000000D+00-0.3993805000D+01-0.4711400000D+01-0.4824700000D+01-0.7623000000D+00 0.6260000000D-01 0.3130000000D-02 0.5609200000D+01 0.1009500000D+00 0.6180000000D-03 0.5600000000D-01-0.5446774000D+01-0.4990900000D+01-0.5646700000D+01-0.2097900000D+01
1  720030629200308042452819.4 0.4421000000D+00 0.3970000000D-02 0.2199510000D+02 0.2461100000D+00 0.1544000000D-02 0.2025000000D+00-0.4921617000D+01-0.5489800000D+01-0.3743000000D+01-0.2661900000D+01 0.1692000000D+00 0.3990000000D-02 0.9703600000D+01 0.1522700000D+00 0.8550000000D-03 0.9320000000D-01-0.6000154000D+01-0.5925800000D+01-0.3108300000D+01-0.3610900000D+01
1  820030804200309092452855.4 0.5895000000D+00-0.4610000000D-02 0.3022760000D+02 0.2664900000D+00 0.5280000000D-02 0.2356000000D+00-0.5723451000D+01-0.5532300000D+01-0.2783300000D+01-0.4252400000D+01 0.3299000000D+00-0.5300000000D-03 0.1409620000D+02 0.6555000000D-01 0.2600000000D-02 0.1033000000D+00-0.3744200000D+00-0.6229300000D+01-0.3203600000D+01-0.5299100000D+01
1  920030909200310152452891.4 0.4172000000D+00-0.7650000000D-02 0.3308540000D+02 0.2094800000D+00 0.3208000000D-02 0.2152000000D+00-0.5155900000D-01-0.3593700000D+01-0.2136900000D+01-0.5934800000D+01 0.2981000000D+00-0.1830000000D-02 0.1311520000D+02 0.1111500000D+00 0.7490000000D-03 0.8350000000D-01-0.1081122000D+01-0.3875200000D+01-0.7124000000D+00-0.7882000000D+00
1 1020031015200311202452927.4 0.1248000000D+00-0.1170000000D-02 0.2425900000D+02 0.2918300000D+00 0.9230000000D-03 0.1475000000D+00-0.7763640000D+00-0.3537500000D+01-0.6115000000D+00-0.1548200000D+01 0.2213000000D+00-0.8200000000D-03 0.1029880000D+02 0.5328000000D-01 0.2730000000D-03 0.7070000000D-01-0.1883849000D+01-0.4597900000D+01-0.2725900000D+01-0.2574800000D+01
1 1120031120200312262452963.4 0.6110000000D-01-0.4900000000D-03 0.1610150000D+02 0.2233000000D+00 0.9240000000D-03 0.9160000000D-01-0.1711321000D+01-0.4220500000D+01-0.6724000000D+00-0.3509400000D+01 0.1900000000D+00-0.1280000000D-02 0.8842600000D+01 0.5554000000D-01 0.2070000000D-03 0.5860000000D-01-0.2707103000D+01-0.4932100000D+01-0.5492600000D+01-0.4514800000D+01
1 1220031226200401312452999.4 0.6060000000D-01-0.4100000000D-03 0.1089050000D+02 0.1648500000D+00 0.7540000000D-03 0.7070000000D-01-0.2764784000D+01-0.5090200000D+01-0.1374300000D+01-0.5631500000D+01 0.1537000000D+00-0.9500000000D-03 0.7561100000D+01 0.6884000000D-01 0.3150000000D-03 0.4850000000D-01-0.3633220000D+01-0.5766300000D+01-0.1260000000D+01-0.1510000000D+00
2 1320021231200302052452639.4-0.1600000000D-02-0.9000000000D-04 0.1238050000D+02 0.2021000000D+00 0.1401000000D-02 0.1100000000D-02 0.1159731000D+01 0.6123600000D+01 0.5017600000D+01-0.6137700000D+01 0.1200000000D-02 0.9000000000D-04 0.1038470000D+02 0.8966000000D-01 0.7330000000D-03 0.2400000000D-02 0.3814698000D+01 0.2464400000D+01 0.9590000000D-01-0.4633100000D+01
2 1420030205200303132452675.4-0.6100000000D-02 0.9000000000D-04 0.1520900000D+02 0.2649600000D+00 0.1718000000D-02 0.2500000000D-02 0.3895132000D+01 0.2791000000D+01 0.1620400000D+01-0.4318000000D+00 0.3000000000D-02 0.0000000000D+00 0.1063150000D+02 0.6515000000D-01 0.1130000000D-02 0.2500000000D-02 0.5900750000D+00 0.5119200000D+01 0.2500800000D+01-0.1957900000D+01
2 1520030313200304182452711.4-0.3100000000D-02-0.3000000000D-04 0.2070770000D+02 0.3343700000D+00 0.1997000000D-02 0.1900000000D-02 0.4032900000D+00 0.5739400000D+01 0.4527000000D+01-0.1826700000D+01 0.4500000000D-02-0.8000000000D-04 0.9799800000D+01 0.4247000000D-01 0.1569000000D-02 0.3000000000D-02 0.3801861000D+01 0.3736000000D+00 0.5035700000D+01-0.4284200000D+01
2 1620030418200305242452747.4-0.1900000000D-02-0.7000000000D-04 0.2885600000D+02 0.4064600000D+00 0.2229000000D-02 0.2000000000D-02 0.3283253000D+01 0.2417300000D+01 0.1352900000D+01-0.8808000000D+00 0.7000000000D-03 0.1800000000D-03 0.9351300000D+01 0.1228000000D+00 0.1998000000D-02 0.9000000000D-03 0.1075501000D+01 0.2389100000D+01 0.1404000000D+01-0.5460000000D+00
2 1720030524200306292452783.4-0.8000000000D-02 0.3400000000D-03 0.3983380000D+02 0.5034700000D+00 0.2002000000D-02 0.2400000000D-02 0.6233898000D+01 0.5424800000D+01 0.4879700000D+01-0.1353000000D+01 0.5500000000D-02 0.9000000000D-04 0.1388770000D+02 0.2420000000D+00 0.1870000000D-02 0.3300000000D-02 0.4754591000D+01 0.5127900000D+01 0.4271900000D+01-0.1876100000D+01
2 1820030629200308042452819.4-0.3800000000D-02 0.2500000000D-03 0.5507360000D+02 0.6827700000D+00 0.2934000000D-02 0.2270000000D-01 0.2972315000D+01 0.2318200000D+01 0.4327300000D+01-0.4882500000D+01 0.6100000000D-02 0.3000000000D-03 0.2406240000D+02 0.3815400000D+00 0.2156000000D-02 0.1930000000D-01 0.1860547000D+01 0.1865900000D+01 0.5171000000D+01-0.5015400000D+01
2 1920030804200309092452855.4 0.1710000000D-01-0.1160000000D-02 0.7586460000D+02 0.6723800000D+00 0.1362800000D-01 0.5430000000D-01 0.6129841000D+01 0.6126500000D+01 0.2737000000D+01-0.4255300000D+01 0.3500000000D-02 0.5100000000D-03 0.3504170000D+02 0.1553600000D+00 0.6372000000D-02 0.2110000000D-01 0.5157151000D+01 0.5116000000D+01 0.2245400000D+01-0.4919000000D+01
2 2020030909200310152452891.4 0.9400000000D-02-0.7800000000D-03 0.8301850000D+02 0.4792000000D+00 0.7411000000D-02 0.3510000000D-01 0.3199769000D+01 0.6089100000D+01 0.9593000000D+00-0.3852800000D+01 0.1190000000D-01-0.4000000000D-04 0.3284490000D+02 0.2824600000D+00 0.1967000000D-02 0.3100000000D-02 0.2116268000D+01 0.5746600000D+01 0.2745500000D+01-0.2765400000D+01
2 2120031015200311202452927.4-0.1300000000D-02 0.0000000000D+00 0.6086260000D+02 0.7355200000D+00 0.2104000000D-02 0.1010000000D-01 0.1733200000D+00 0.3742500000D+01 0.6012000000D+00-0.1890000000D+01 0.1350000000D-01-0.3000000000D-03 0.2609680000D+02 0.1313900000D+00 0.5150000000D-03 0.1900000000D-02 0.5294357000D+01 0.2674000000D+01 0.4437100000D+01-0.2999100000D+01
2 2220031120200312262452963.4-0.1100000000D-02 0.7000000000D-04 0.4046540000D+02 0.5720000000D+00 0.2525000000D-02 0.1900000000D-02 0.3234457000D+01 0.7431000000D+00 0.4336000000D+01-0.5498300000D+01 0.7000000000D-02-0.3000000000D-04 0.2257820000D+02 0.1394500000D+00 0.5720000000D-03 0.2900000000D-02 0.2189499000D+01 0.6280400000D+01 0.5698500000D+01-0.4793300000D+01
2 2320031226200401312452999.4 0.4000000000D-03 0.1200000000D-03 0.2727860000D+02 0.4181600000D+00 0.1922000000D-02 0.1900000000D-02 0.6181931000D+01 0.3853200000D+01 0.1345000000D+01-0.5460900000D+01 0.4600000000D-02 0.5000000000D-04 0.1945680000D+02 0.1758500000D+00 0.7870000000D-03 0.2900000000D-02 0.5272028000D+01 0.3147700000D+01 0.1403100000D+01-0.8244000000D+00
