 4 2    2   13 19.7027  4.9788 36.0 36.0   23 2455196.5000 2010                                                                                                                                                                                                                                                                                                                  
1  220091231201002052455196.4-0.4036000000D+00-0.9500000000D-03 0.1726520000D+02 0.1668300000D+00 0.3055000000D-02 0.1367000000D+00-0.4662256000D+01-0.4305900000D+01-0.1739700000D+01-0.4488700000D+01 0.3000000000D-03 0.1200000000D-03 0.5821600000D+01 0.1466000000D-01 0.1288000000D-02 0.4550000000D-01-0.2952377000D+01-0.3494800000D+01-0.5394400000D+01-0.2942100000D+01
1  320100205201003132455232.4-0.4127000000D+00 0.4370000000D-02 0.1926160000D+02 0.1286000000D+00 0.2155000000D-02 0.1370000000D+00-0.5212912000D+01-0.2888800000D+01-0.1005100000D+01-0.6080800000D+01 0.1300000000D-02 0.1100000000D-03 0.5215200000D+01 0.7304000000D-01 0.1123000000D-02 0.3730000000D-01-0.3905822000D+01-0.5923500000D+01-0.2342000000D+01-0.5037100000D+01
1  420100313201004182455268.4-0.2699000000D+00 0.3380000000D-02 0.1490270000D+02 0.1353000000D+00 0.6370000000D-03 0.9550000000D-01-0.5851447000D+01-0.2431700000D+01-0.1683000000D+00-0.1616500000D+01 0.1290000000D-01 0.9600000000D-03 0.4201200000D+01 0.3475000000D-01 0.3040000000D-03 0.2800000000D-01-0.4837625000D+01-0.1966900000D+01-0.4050200000D+01-0.4757000000D+00
1  520100418201005242455304.4-0.1668000000D+00 0.1320000000D-02 0.1102460000D+02 0.1075300000D+00 0.2900000000D-03 0.6770000000D-01-0.4340750000D+00-0.2843200000D+01-0.5670200000D+01-0.3540100000D+01 0.4560000000D-01 0.7000000000D-03 0.3338000000D+01 0.2725000000D-01 0.3450000000D-03 0.2570000000D-01-0.5361095000D+01-0.3386200000D+01-0.6049500000D+01-0.2000600000D+01
1  620100524201006292455340.4-0.1114000000D+00 0.2700000000D-03 0.8628300000D+01 0.8792000000D-01 0.2700000000D-03 0.6000000000D-01-0.1403911000D+01-0.3634400000D+01-0.5982900000D+01-0.5569900000D+01 0.6850000000D-01 0.4600000000D-03 0.3344700000D+01 0.1179000000D-01 0.2790000000D-03 0.2580000000D-01-0.5879021000D+01-0.5299800000D+01-0.1135300000D+01-0.3632700000D+01
1  720100629201008042455376.4-0.9840000000D-01 0.6200000000D-03 0.6968200000D+01 0.7554000000D-01 0.2750000000D-03 0.4620000000D-01-0.2419255000D+01-0.4524700000D+01-0.2692000000D+00-0.1422300000D+01 0.8660000000D-01 0.2000000000D-04 0.3699400000D+01 0.1752000000D-01 0.2550000000D-03 0.3000000000D-01-0.3340770000D+00-0.1236200000D+01-0.2607800000D+01-0.5510300000D+01
1  820100804201009092455412.4-0.8580000000D-01 0.1600000000D-03 0.5764600000D+01 0.6952000000D-01 0.2580000000D-03 0.3690000000D-01-0.3484796000D+01-0.5485300000D+01-0.8767000000D+00-0.3453500000D+01 0.9030000000D-01 0.6000000000D-04 0.3947500000D+01 0.2795000000D-01 0.2230000000D-03 0.2840000000D-01-0.1224401000D+01-0.2665300000D+01-0.4124600000D+01-0.1185100000D+01
1  920100909201010152455448.4-0.7400000000D-01-0.5300000000D-03 0.4907000000D+01 0.7044000000D-01 0.3320000000D-03 0.3550000000D-01-0.4628631000D+01-0.1695000000D+00-0.1764800000D+01-0.5700000000D+01 0.8740000000D-01-0.9000000000D-04 0.3938900000D+01 0.3446000000D-01 0.2980000000D-03 0.2830000000D-01-0.2198332000D+01-0.3882200000D+01-0.5753900000D+01-0.3108700000D+01
1 1020101015201011202455484.4-0.9240000000D-01-0.1200000000D-03 0.4517400000D+01 0.7513000000D-01 0.4170000000D-03 0.3220000000D-01-0.5876366000D+01-0.1201600000D+01-0.2866100000D+01-0.1798200000D+01 0.8540000000D-01-0.6400000000D-03 0.3622000000D+01 0.3517000000D-01 0.3770000000D-03 0.2480000000D-01-0.3202276000D+01-0.5240500000D+01-0.1041700000D+01-0.5181200000D+01
1 1120101120201012262455520.4-0.1053000000D+00-0.3200000000D-03 0.4682600000D+01 0.7851000000D-01 0.5330000000D-03 0.3260000000D-01-0.8911800000D+00-0.2307500000D+01-0.4246500000D+01-0.4027400000D+01 0.6330000000D-01-0.6200000000D-03 0.2883100000D+01 0.3306000000D-01 0.4490000000D-03 0.1720000000D-01-0.4157926000D+01-0.5590000000D+00-0.2624900000D+01-0.6969000000D+00
1 1220101226201101312455556.4-0.1114000000D+00-0.4200000000D-03 0.5169200000D+01 0.7398000000D-01 0.5720000000D-03 0.3870000000D-01-0.2129989000D+01-0.3541800000D+01-0.5585900000D+01-0.6165000000D+01 0.3890000000D-01-0.8300000000D-03 0.1848400000D+01 0.3330000000D-01 0.4010000000D-03 0.1220000000D-01-0.4837719000D+01-0.2352200000D+01-0.4396900000D+01-0.2068200000D+01
2 1320091231201002052455196.4 0.1930000000D-01-0.4800000000D-03 0.4306520000D+02 0.4031400000D+00 0.7863000000D-02 0.2070000000D-01 0.5446315000D+01 0.5551100000D+01 0.1935400000D+01-0.3724000000D+01 0.4800000000D-02-0.2700000000D-03 0.1469800000D+02 0.6259000000D-01 0.3108000000D-02 0.1030000000D-01 0.9339030000D+00 0.6165900000D+01 0.4573600000D+01-0.1888800000D+01
2 1420100205201003132455232.4 0.2160000000D-01-0.6200000000D-03 0.4843360000D+02 0.3107800000D+00 0.4802000000D-02 0.1850000000D-01 0.2571539000D+01 0.5035700000D+01 0.5764000000D+00-0.2984500000D+01 0.4000000000D-02-0.1200000000D-03 0.1296340000D+02 0.1999300000D+00 0.2896000000D-02 0.2700000000D-02 0.3939541000D+01 0.1909200000D+01 0.5448400000D+01-0.3272400000D+01
2 1520100313201004182455268.4 0.1010000000D-01-0.1700000000D-03 0.3733630000D+02 0.3424200000D+00 0.1482000000D-02 0.2300000000D-02 0.5916955000D+01 0.3088500000D+01 0.5339900000D+01-0.2185000000D+01-0.4000000000D-03 0.1100000000D-03 0.1041470000D+02 0.8221000000D-01 0.8350000000D-03 0.2100000000D-02 0.6907110000D+00 0.3640700000D+01 0.1457100000D+01-0.5703200000D+01
2 1620100418201005242455304.4 0.3800000000D-02 0.5000000000D-04 0.2761540000D+02 0.2774500000D+00 0.7630000000D-03 0.4400000000D-02 0.2765424000D+01 0.3727000000D+00 0.3853800000D+01-0.4882100000D+01 0.8000000000D-03-0.1000000000D-04 0.8405300000D+01 0.6100000000D-01 0.8500000000D-03 0.1600000000D-02 0.4148085000D+01 0.6099800000D+01 0.3434100000D+01-0.2593700000D+01
2 1720100524201006292455340.4 0.4600000000D-02-0.7000000000D-04 0.2157360000D+02 0.2267900000D+00 0.7750000000D-03 0.1600000000D-02 0.5793215000D+01 0.3587100000D+01 0.1299100000D+01-0.5193100000D+01 0.6000000000D-03 0.1000000000D-04 0.8506700000D+01 0.2795000000D-01 0.7420000000D-03 0.1700000000D-02 0.1325539000D+01 0.1740500000D+01 0.6043000000D+01-0.3786900000D+01
2 1820100629201008042455376.4 0.2400000000D-02-0.6000000000D-04 0.1742980000D+02 0.1951800000D+00 0.7330000000D-03 0.2700000000D-02 0.2489250000D+01 0.3920000000D+00 0.4704600000D+01-0.5105700000D+01 0.6000000000D-03 0.3000000000D-04 0.9431800000D+01 0.4887000000D-01 0.6410000000D-03 0.1600000000D-02 0.4573997000D+01 0.3577700000D+01 0.2306200000D+01-0.1947500000D+01
2 1920100804201009092455412.4 0.0000000000D+00 0.0000000000D+00 0.1434720000D+02 0.1815300000D+00 0.7830000000D-03 0.7000000000D-03 0.5415797000D+01 0.3430100000D+01 0.1736700000D+01-0.5826800000D+01 0.2100000000D-02-0.3000000000D-04 0.1006530000D+02 0.7692000000D-01 0.6290000000D-03 0.2000000000D-02 0.1387686000D+01 0.6238500000D+01 0.4749900000D+01-0.3687000000D+01
2 2020100909201010152455448.4 0.2000000000D-03-0.8000000000D-04 0.1213460000D+02 0.1843600000D+00 0.9550000000D-03 0.1800000000D-02 0.1972430000D+01 0.1451000000D+00 0.4863100000D+01-0.5569000000D+01 0.3000000000D-03 0.9000000000D-04 0.1007520000D+02 0.9472000000D-01 0.7640000000D-03 0.6000000000D-03 0.4403020000D+01 0.2719300000D+01 0.8179000000D+00-0.4134200000D+01
2 2120101015201011202455484.4-0.3900000000D-02 0.7000000000D-04 0.1108110000D+02 0.1997800000D+00 0.1195000000D-02 0.1900000000D-02 0.4696817000D+01 0.3086900000D+01 0.1394400000D+01-0.1787000000D+00 0.3300000000D-02-0.7000000000D-04 0.9283500000D+01 0.9609000000D-01 0.1065000000D-02 0.2200000000D-02 0.1104979000D+01 0.5395600000D+01 0.3228100000D+01-0.2324800000D+01
2 2220101120201012262455520.4-0.4000000000D-03-0.1400000000D-03 0.1155980000D+02 0.2112400000D+00 0.1507000000D-02 0.2100000000D-02 0.1081349000D+01 0.5946100000D+01 0.3981900000D+01-0.1882200000D+01 0.2700000000D-02-0.6000000000D-04 0.7438400000D+01 0.8342000000D-01 0.1192000000D-02 0.3000000000D-02 0.4142012000D+01 0.1490100000D+01 0.5660600000D+01-0.4356900000D+01
2 2320101226201101312455556.4-0.4500000000D-02 0.6000000000D-04 0.1289260000D+02 0.1980100000D+00 0.1668000000D-02 0.2400000000D-02 0.3812893000D+01 0.2409700000D+01 0.3619000000D+00-0.5532900000D+01-0.1300000000D-02 0.1200000000D-03 0.4907500000D+01 0.8195000000D-01 0.1066000000D-02 0.1500000000D-02 0.1181028000D+01 0.3615700000D+01 0.1528000000D+01-0.3669000000D+00
