 4 2    2   13 19.7027  4.9788 36.0 36.0   23 2457022.5000 2015                                                                                                                                                                                                                                                                                                                  
1  220141231201502052457022.4 0.6350000000D-01-0.3000000000D-04 0.6567100000D+01 0.8153000000D-01 0.5720000000D-03 0.4420000000D-01-0.3216440000D+01-0.5054200000D+01-0.7248000000D+00-0.3050000000D-01 0.5640000000D-01 0.5100000000D-03 0.2453500000D+01 0.3160000000D-01 0.5110000000D-03 0.2130000000D-01-0.4609654000D+01-0.4104200000D+01-0.9460000000D-01-0.1331000000D+01
1  320150205201503132457058.4 0.5770000000D-01 0.5000000000D-03 0.5725200000D+01 0.7592000000D-01 0.4280000000D-03 0.4020000000D-01-0.4350078000D+01-0.3100000000D-02-0.1835000000D+01-0.2269000000D+01 0.7220000000D-01 0.3800000000D-03 0.3308100000D+01 0.2861000000D-01 0.3850000000D-03 0.2570000000D-01-0.5338450000D+01-0.6193100000D+01-0.1739100000D+01-0.3141800000D+01
1  420150313201504182457094.4 0.7100000000D-01 0.5000000000D-04 0.4834900000D+01 0.7419000000D-01 0.3990000000D-03 0.3190000000D-01-0.5528454000D+01-0.1111900000D+01-0.2949700000D+01-0.4579900000D+01 0.8640000000D-01-0.2600000000D-03 0.3663900000D+01 0.3418000000D-01 0.3420000000D-03 0.2800000000D-01-0.3082800000D-01-0.1537500000D+01-0.3401700000D+01-0.5234600000D+01
1  520150418201505242457130.4 0.8100000000D-01 0.2400000000D-03 0.4282900000D+01 0.7226000000D-01 0.3660000000D-03 0.2860000000D-01-0.5088110000D+00-0.2213200000D+01-0.4063600000D+01-0.4911000000D+00 0.8020000000D-01-0.3300000000D-03 0.3508300000D+01 0.3553000000D-01 0.3410000000D-03 0.2320000000D-01-0.1056220000D+01-0.3000700000D+01-0.5168700000D+01-0.9651000000D+00
1  620150524201506292457166.4 0.8470000000D-01 0.6300000000D-03 0.4235400000D+01 0.6965000000D-01 0.4050000000D-03 0.3360000000D-01-0.1805694000D+01-0.3299100000D+01-0.5358300000D+01-0.2782300000D+01 0.6430000000D-01-0.5300000000D-03 0.2918500000D+01 0.2942000000D-01 0.3400000000D-03 0.1900000000D-01-0.2045819000D+01-0.4499200000D+01-0.3327000000D+00-0.2801900000D+01
1  720150629201508042457202.4 0.1060000000D+00 0.4000000000D-04 0.4579700000D+01 0.6120000000D-01 0.3500000000D-03 0.3490000000D-01-0.3033880000D+01-0.4441800000D+01-0.2299000000D+00-0.5054800000D+01 0.4510000000D-01-0.7000000000D-03 0.2068400000D+01 0.2621000000D-01 0.3030000000D-03 0.1340000000D-01-0.2867235000D+01-0.6151900000D+01-0.1944700000D+01-0.4535000000D+01
1  820150804201509092457238.4 0.1137000000D+00 0.1300000000D-03 0.4943600000D+01 0.5295000000D-01 0.2890000000D-03 0.3510000000D-01-0.4158668000D+01-0.5572000000D+01-0.1320900000D+01-0.7731000000D+00 0.1940000000D-01-0.6200000000D-03 0.1442200000D+01 0.2437000000D-01 0.2700000000D-03 0.1190000000D-01-0.3259713000D+01-0.1472200000D+01-0.3385700000D+01-0.5751900000D+01
1  920150909201510152457274.4 0.1131000000D+00 0.3800000000D-03 0.5202000000D+01 0.4732000000D-01 0.1960000000D-03 0.4020000000D-01-0.5211086000D+01-0.3900000000D+00-0.2108600000D+01-0.2776300000D+01-0.2000000000D-02-0.6600000000D-03 0.1789400000D+01 0.2511000000D-01 0.2430000000D-03 0.1640000000D-01-0.3495018000D+01-0.3000500000D+01-0.4692100000D+01-0.8810000000D+00
1 1020151015201511202457310.4 0.1241000000D+00-0.1000000000D-04 0.5392400000D+01 0.4697000000D-01 0.1840000000D-03 0.4070000000D-01-0.6231372000D+01-0.1384400000D+01-0.2690200000D+01-0.4842700000D+01-0.2660000000D-01-0.3900000000D-03 0.2697300000D+01 0.2872000000D-01 0.2310000000D-03 0.2480000000D-01-0.4149926000D+01-0.4356400000D+01-0.5813600000D+01-0.2646300000D+01
1 1120151120201512262457346.4 0.1312000000D+00 0.1500000000D-03 0.5681700000D+01 0.5194000000D-01 0.2470000000D-03 0.4230000000D-01-0.9685560000D+00-0.2332300000D+01-0.3080000000D+01-0.4855000000D+00-0.4460000000D-01-0.5100000000D-03 0.3713700000D+01 0.3455000000D-01 0.1820000000D-03 0.3060000000D-01-0.4989301000D+01-0.5565800000D+01-0.4266000000D+00-0.4487000000D+01
1 1220151226201601312457382.4 0.1306000000D+00 0.1010000000D-02 0.6260100000D+01 0.6569000000D-01 0.3640000000D-03 0.5230000000D-01-0.2013503000D+01-0.3218400000D+01-0.3698700000D+01-0.2560300000D+01-0.5750000000D-01-0.8800000000D-03 0.4802700000D+01 0.4136000000D-01 0.1230000000D-03 0.4170000000D-01-0.5882389000D+01-0.2855000000D+00-0.1074400000D+01-0.1590000000D-01
2 1320141231201502052457022.4-0.4600000000D-02 0.5000000000D-04 0.1641540000D+02 0.2174500000D+00 0.1582000000D-02 0.2300000000D-02 0.4810172000D+01 0.2974700000D+01 0.1000300000D+01-0.5409700000D+01-0.2000000000D-02 0.9000000000D-04 0.6181400000D+01 0.7819000000D-01 0.1271000000D-02 0.2400000000D-02 0.3459118000D+01 0.3798300000D+01 0.1612700000D+01-0.1485000000D+00
2 1420150205201503132457058.4-0.3300000000D-02 0.1000000000D-04 0.1424020000D+02 0.2014300000D+00 0.1237000000D-02 0.4000000000D-03 0.1376407000D+01 0.5736400000D+01 0.3855600000D+01-0.6254500000D+01 0.0000000000D+00-0.2000000000D-04 0.8369000000D+01 0.7953000000D-01 0.1045000000D-02 0.1500000000D-02 0.4086230000D+00 0.5774900000D+01 0.3940600000D+01-0.2017300000D+01
2 1520150313201504182457094.4-0.3000000000D-02 0.9000000000D-04 0.1199010000D+02 0.1944500000D+00 0.1102000000D-02 0.1200000000D-02 0.4176413000D+01 0.2309300000D+01 0.4750000000D+00-0.5208100000D+01 0.0000000000D+00 0.3000000000D-04 0.9277300000D+01 0.9488000000D-01 0.9240000000D-03 0.1800000000D-02 0.3412973000D+01 0.1890400000D+01 0.6241500000D+01-0.5083100000D+01
2 1620150418201505242457130.4 0.2000000000D-03-0.1000000000D-04 0.1056220000D+02 0.1913700000D+00 0.1107000000D-02 0.1100000000D-02 0.6041420000D+00 0.5201300000D+01 0.3311600000D+01-0.1483700000D+01 0.0000000000D+00 0.3000000000D-04 0.8859600000D+01 0.9279000000D-01 0.9270000000D-03 0.1600000000D-02 0.8703400000D-01 0.4456200000D+01 0.2313600000D+01-0.9408000000D+00
2 1720150524201506292457166.4 0.0000000000D+00 0.7000000000D-04 0.1051710000D+02 0.1831900000D+00 0.1148000000D-02 0.1900000000D-02 0.3276950000D+01 0.1795200000D+01 0.6076400000D+01-0.4977000000D+01 0.1600000000D-02-0.5000000000D-04 0.7376400000D+01 0.7719000000D-01 0.8870000000D-03 0.1000000000D-02 0.3090958000D+01 0.6409000000D+00 0.4730700000D+01-0.3533900000D+01
2 1820150629201508042457202.4 0.1800000000D-02 0.3000000000D-04 0.1145060000D+02 0.1646600000D+00 0.1076000000D-02 0.1600000000D-02 0.6025452000D+01 0.4628600000D+01 0.2598100000D+01-0.7834000000D+00-0.1000000000D-03 0.3000000000D-04 0.5232300000D+01 0.6512000000D-01 0.7990000000D-03 0.1400000000D-02 0.6274692000D+01 0.2963400000D+01 0.8294000000D+00-0.5541400000D+01
2 1920150804201509092457238.4 0.3400000000D-02-0.3000000000D-04 0.1241120000D+02 0.1452200000D+00 0.8820000000D-03 0.1100000000D-02 0.2594824000D+01 0.1159200000D+01 0.5520000000D+01-0.5161900000D+01 0.2000000000D-03-0.3000000000D-04 0.3805200000D+01 0.5968000000D-01 0.7620000000D-03 0.1000000000D-02 0.3603134000D+01 0.5285300000D+01 0.3297200000D+01-0.1850600000D+01
2 2020150909201510152457274.4 0.2400000000D-02 0.5000000000D-04 0.1298270000D+02 0.1353500000D+00 0.7130000000D-03 0.1000000000D-02 0.5511403000D+01 0.4017700000D+01 0.2330100000D+01-0.5679000000D+00-0.6000000000D-03 0.0000000000D+00 0.4853500000D+01 0.6180000000D-01 0.7380000000D-03 0.1700000000D-02 0.1011260000D+01 0.1369900000D+01 0.5960800000D+01-0.4594600000D+01
2 2120151015201511202457310.4 0.3800000000D-02-0.3000000000D-04 0.1333650000D+02 0.1382000000D+00 0.6910000000D-03 0.1600000000D-02 0.2164389000D+01 0.6709000000D+00 0.5602700000D+01-0.6268700000D+01-0.1300000000D-02 0.3000000000D-04 0.7148900000D+01 0.7541000000D-01 0.6970000000D-03 0.5000000000D-03 0.4296923000D+01 0.3904300000D+01 0.2490400000D+01-0.2472000000D+01
2 2220151120201512262457346.4 0.2800000000D-02 0.0000000000D+00 0.1387730000D+02 0.1562200000D+00 0.8600000000D-03 0.8000000000D-03 0.5084184000D+01 0.3668700000D+01 0.2637500000D+01-0.5016000000D+00-0.1000000000D-03-0.4000000000D-04 0.9628200000D+01 0.9609000000D-01 0.6130000000D-03 0.1300000000D-02 0.1120249000D+01 0.3759000000D+00 0.5404900000D+01-0.4389500000D+01
2 2320151226201601312457382.4 0.2800000000D-02 0.0000000000D+00 0.1523660000D+02 0.1950600000D+00 0.1163000000D-02 0.3000000000D-02 0.1682012000D+01 0.4193000000D+00 0.5935900000D+01-0.8355000000D+00-0.2000000000D-02 0.8000000000D-04 0.1222880000D+02 0.1169400000D+00 0.4160000000D-03 0.2600000000D-02 0.4173831000D+01 0.3300300000D+01 0.2224500000D+01-0.4575800000D+01
