 4 2    2   13 19.7027  4.9788 36.0 36.0   23 2453004.5000 2004                                                                                                                                                                                                                                                                                                                  
1  220031231200402052453004.4 0.4570000000D-01 0.2300000000D-03 0.1033610000D+02 0.1578400000D+00 0.7140000000D-03 0.5920000000D-01-0.4838327000D+01-0.8515000000D+00-0.3372500000D+01-0.3502800000D+01 0.1479000000D+00-0.9900000000D-03 0.7368600000D+01 0.6969000000D-01 0.3510000000D-03 0.4800000000D-01-0.5687826000D+01-0.1528500000D+01-0.3374400000D+01-0.4385400000D+01
1  320040205200403122453040.4 0.6570000000D-01-0.6000000000D-04 0.7440500000D+01 0.1202500000D+00 0.5600000000D-03 0.4920000000D-01-0.6005301000D+01-0.1809700000D+01-0.4103300000D+01-0.5750700000D+01 0.1212000000D+00-0.8900000000D-03 0.6030900000D+01 0.6724000000D-01 0.4070000000D-03 0.3800000000D-01-0.4100140000D+00-0.2621000000D+01-0.4786900000D+01-0.5280000000D-01
1  420040312200404172453076.4 0.6520000000D-01 0.7700000000D-03 0.5944400000D+01 0.9891000000D-01 0.5250000000D-03 0.4140000000D-01-0.9679590000D+00-0.2828100000D+01-0.5097600000D+01-0.1882300000D+01 0.8520000000D-01-0.6100000000D-03 0.4650400000D+01 0.5614000000D-01 0.4650000000D-03 0.3100000000D-01-0.1426040000D+01-0.3792400000D+01-0.6055200000D+01-0.2129700000D+01
1  520040417200405232453112.4 0.8500000000D-01 0.2400000000D-03 0.5379200000D+01 0.8011000000D-01 0.4830000000D-03 0.3540000000D-01-0.2230314000D+01-0.3906700000D+01-0.6083900000D+01-0.4085700000D+01 0.6050000000D-01-0.9600000000D-03 0.3277700000D+01 0.4251000000D-01 0.3860000000D-03 0.1920000000D-01-0.2385027000D+01-0.5155300000D+01-0.1165900000D+01-0.4061600000D+01
1  620040523200406282453148.4 0.1010000000D+00-0.1100000000D-03 0.5230600000D+01 0.6591000000D-01 0.4040000000D-03 0.3820000000D-01-0.3423202000D+01-0.5053800000D+01-0.9673000000D+00-0.6203700000D+01 0.2750000000D-01-0.8000000000D-03 0.2032400000D+01 0.3143000000D-01 0.3320000000D-03 0.1310000000D-01-0.3133825000D+01-0.3181000000D+00-0.2597800000D+01-0.5567000000D+01
1  720040628200408032453184.4 0.9550000000D-01 0.2400000000D-03 0.5109000000D+01 0.5391000000D-01 0.3040000000D-03 0.3810000000D-01-0.4538573000D+01-0.6212400000D+01-0.1968600000D+01-0.2110200000D+01-0.1800000000D-02-0.7400000000D-03 0.1445900000D+01 0.2317000000D-01 0.2660000000D-03 0.1230000000D-01-0.3429535000D+01-0.1885600000D+01-0.4033400000D+01-0.5711000000D+00
1  820040803200409082453220.4 0.9830000000D-01-0.1300000000D-03 0.4886600000D+01 0.4784000000D-01 0.2390000000D-03 0.3330000000D-01-0.5599586000D+01-0.1039400000D+01-0.2937000000D+01-0.4167500000D+01-0.2850000000D-01-0.5000000000D-03 0.1855400000D+01 0.2038000000D-01 0.2380000000D-03 0.1700000000D-01-0.3786246000D+01-0.3518800000D+01-0.5447200000D+01-0.2214200000D+01
1  920040908200410142453256.4 0.9920000000D-01-0.2500000000D-03 0.4618800000D+01 0.4524000000D-01 0.2130000000D-03 0.3320000000D-01-0.3641160000D+00-0.2105300000D+01-0.3604800000D+01-0.6148300000D+01-0.4970000000D-01-0.3400000000D-03 0.2534200000D+01 0.2139000000D-01 0.2090000000D-03 0.2050000000D-01-0.4532878000D+01-0.5076500000D+01-0.4224000000D+00-0.3985100000D+01
1 1020041014200411192453292.4 0.8850000000D-01 0.2900000000D-03 0.4362700000D+01 0.4872000000D-01 0.2470000000D-03 0.3200000000D-01-0.1435080000D+01-0.3120800000D+01-0.4379500000D+01-0.2041100000D+01-0.5950000000D-01-0.3600000000D-03 0.3094200000D+01 0.2565000000D-01 0.2010000000D-03 0.2540000000D-01-0.5434755000D+01-0.1499000000D+00-0.1938500000D+01-0.5901300000D+01
1 1120041119200412252453328.4 0.9360000000D-01 0.1800000000D-03 0.4251000000D+01 0.5712000000D-01 0.3360000000D-03 0.2930000000D-01-0.2577681000D+01-0.4124500000D+01-0.5230500000D+01-0.4182400000D+01-0.7170000000D-01 0.5000000000D-04 0.3463300000D+01 0.2709000000D-01 0.2260000000D-03 0.2530000000D-01-0.1062460000D+00-0.1425900000D+01-0.3511700000D+01-0.1595700000D+01
1 1220041225200501302453364.4 0.1079000000D+00 0.1200000000D-03 0.4519000000D+01 0.7222000000D-01 0.4020000000D-03 0.3560000000D-01-0.3803429000D+01-0.5129300000D+01-0.1172000000D+00-0.5860000000D-01-0.7310000000D-01 0.1600000000D-03 0.3534700000D+01 0.2391000000D-01 0.3510000000D-03 0.2460000000D-01-0.1054442000D+01-0.2819100000D+01-0.5166800000D+01-0.3407700000D+01
2 1320031231200402052453004.4 0.3000000000D-02 0.0000000000D+00 0.2588990000D+02 0.4012300000D+00 0.1848000000D-02 0.1900000000D-02 0.5885637000D+01 0.3581800000D+01 0.1100500000D+01-0.6110500000D+01 0.5300000000D-02 0.0000000000D+00 0.1900270000D+02 0.1782900000D+00 0.8290000000D-03 0.2600000000D-02 0.4995350000D+01 0.2867400000D+01 0.1023000000D+01-0.4906000000D+00
2 1420040205200403122453040.4 0.3300000000D-02-0.1000000000D-04 0.1841160000D+02 0.3092800000D+00 0.1472000000D-02 0.1000000000D-02 0.2436933000D+01 0.3372000000D+00 0.4307800000D+01-0.3083000000D+00 0.4900000000D-02-0.5000000000D-04 0.1560820000D+02 0.1727400000D+00 0.1093000000D-02 0.1300000000D-02 0.1717133000D+01 0.5809500000D+01 0.3628400000D+01-0.1813700000D+01
2 1520040312200404172453076.4 0.2900000000D-02 0.5000000000D-04 0.1451260000D+02 0.2517200000D+00 0.1348000000D-02 0.2000000000D-02 0.5176233000D+01 0.3322600000D+01 0.1099800000D+01-0.9055000000D+00 0.3700000000D-02-0.2000000000D-04 0.1212730000D+02 0.1435700000D+00 0.1172000000D-02 0.6000000000D-03 0.4711517000D+01 0.2347200000D+01 0.6600000000D-01-0.1386000000D+00
2 1620040417200405232453112.4 0.4500000000D-02-0.7000000000D-04 0.1316550000D+02 0.2083100000D+00 0.1281000000D-02 0.1900000000D-02 0.1612547000D+01 0.6239400000D+01 0.4033500000D+01-0.1444500000D+01 0.1700000000D-02 0.0000000000D+00 0.8625500000D+01 0.1080100000D+00 0.1038000000D-02 0.2300000000D-02 0.1485571000D+01 0.5015800000D+01 0.2727400000D+01-0.1194500000D+01
2 1720040523200406282453148.4 0.2000000000D-02 0.2000000000D-04 0.1296420000D+02 0.1703600000D+00 0.1113000000D-02 0.3000000000D-03 0.4405054000D+01 0.2804500000D+01 0.6563000000D+00-0.1708700000D+01 0.2300000000D-02-0.5000000000D-04 0.5479200000D+01 0.7825000000D-01 0.8290000000D-03 0.7000000000D-03 0.4748871000D+01 0.1259100000D+01 0.5252100000D+01-0.3988900000D+01
2 1820040628200408032453184.4 0.2600000000D-02-0.5000000000D-04 0.1276610000D+02 0.1428600000D+00 0.8790000000D-03 0.2900000000D-02 0.9993200000D+00 0.5625600000D+01 0.3608300000D+01-0.1693200000D+01 0.0000000000D+00 0.7000000000D-04 0.4036700000D+01 0.5690000000D-01 0.7070000000D-03 0.1200000000D-02 0.2137654000D+01 0.3666300000D+01 0.1462800000D+01-0.1849000000D+00
2 1920040803200409082453220.4 0.4000000000D-03 0.0000000000D+00 0.1222820000D+02 0.1284100000D+00 0.7050000000D-03 0.6000000000D-03 0.3924450000D+01 0.2198300000D+01 0.3877000000D+00-0.2481500000D+01 0.2100000000D-02-0.4000000000D-04 0.5034100000D+01 0.4901000000D-01 0.6510000000D-03 0.7000000000D-03 0.5737565000D+01 0.5935200000D+01 0.4054200000D+01-0.1205700000D+01
2 2020040908200410142453256.4-0.2000000000D-03 0.0000000000D+00 0.1147290000D+02 0.1261900000D+00 0.6750000000D-03 0.1900000000D-02 0.5712320000D+00 0.5111700000D+01 0.3556800000D+01-0.2297500000D+01 0.1200000000D-02 0.3000000000D-04 0.6669100000D+01 0.5751000000D-01 0.6210000000D-03 0.1700000000D-02 0.2687049000D+01 0.2035000000D+01 0.4145000000D+00-0.5590200000D+01
2 2120041014200411192453292.4-0.9000000000D-03-0.3000000000D-04 0.1074050000D+02 0.1365300000D+00 0.8020000000D-03 0.7000000000D-03 0.3461776000D+01 0.1776600000D+01 0.4309000000D+00-0.2398900000D+01 0.1800000000D-02 0.3000000000D-04 0.8005600000D+01 0.7190000000D-01 0.6080000000D-03 0.1900000000D-02 0.5758736000D+01 0.4659900000D+01 0.2987700000D+01-0.1169800000D+01
2 2220041119200412252453328.4-0.2300000000D-02 0.0000000000D+00 0.1040630000D+02 0.1617100000D+00 0.1054000000D-02 0.2100000000D-02 0.6268144000D+01 0.4729500000D+01 0.3438200000D+01-0.2752100000D+01 0.3800000000D-02-0.6000000000D-04 0.8834400000D+01 0.8070000000D-01 0.6740000000D-03 0.1500000000D-02 0.2486256000D+01 0.1096800000D+01 0.5358500000D+01-0.5213100000D+01
2 2320041225200501302453364.4-0.2900000000D-02 0.0000000000D+00 0.1116480000D+02 0.2002100000D+00 0.1345000000D-02 0.1800000000D-02 0.2700334000D+01 0.1378200000D+01 0.6248300000D+01-0.4577500000D+01 0.4000000000D-03 0.1000000000D-03 0.8928500000D+01 0.7362000000D-01 0.9320000000D-03 0.1900000000D-02 0.5497075000D+01 0.3716000000D+01 0.1381400000D+01-0.4708000000D+00
