 6 8    2   33   41   48   56   63   84  115  6.6670  4.5860  3.3280  2.2960  1.3910  0.3940  0.3940  0.0790 12.0 50.0 55.0 50.0 53.0 18.0 12.0 36.0  125 2455926.5000 2012                                                                                                                                                                                                      
1  220111231201201122455926.5-0.5547000000D+00 0.8000000000D-02 0.2561790000D+02 0.4512000000D-01 0.6270000000D-03 0.2499000000D+00 0.1985693000D+01 0.1551400000D+01 0.3493200000D+01 0.1581700000D+01 0.8720000000D-01 0.3050000000D-02 0.6267100000D+01 0.2937000000D-01 0.6800000000D-04 0.6120000000D-01 0.3362254000D+01 0.3232600000D+01 0.5049600000D+01 0.2944600000D+01
1  320120112201201242455938.5-0.4632000000D+00 0.1058000000D-01 0.2613390000D+02 0.4195000000D-01 0.7360000000D-03 0.2530000000D+00 0.3029510000D+00 0.4980000000D-01 0.1349600000D+01 0.4303100000D+01 0.1247000000D+00 0.2910000000D-02 0.6614700000D+01 0.2894000000D-01 0.1080000000D-03 0.6470000000D-01 0.1679247000D+01 0.1664800000D+01 0.4233300000D+01 0.5673600000D+01
1  420120124201202052455950.5-0.3365000000D+00 0.1223000000D-01 0.2667020000D+02 0.4408000000D-01 0.4540000000D-03 0.2585000000D+00 0.4906927000D+01 0.4951700000D+01 0.5880800000D+01 0.7564000000D+00 0.1579000000D+00 0.2400000000D-02 0.6945700000D+01 0.2801000000D-01 0.2370000000D-03 0.6810000000D-01 0.2582000000D-02 0.8820000000D-01 0.2653800000D+01 0.2113800000D+01
1  520120205201202172455962.5-0.1995000000D+00 0.1363000000D-01 0.2722290000D+02 0.4788000000D-01 0.1580000000D-03 0.2605000000D+00 0.3232093000D+01 0.3506800000D+01 0.5265200000D+01 0.3477800000D+01 0.1885000000D+00 0.1740000000D-02 0.7251300000D+01 0.2451000000D-01 0.3010000000D-03 0.7170000000D-01 0.4615139000D+01 0.4801500000D+01 0.8086000000D+00 0.4859000000D+01
1  620120217201202292455974.5-0.2760000000D-01 0.1416000000D-01 0.2775930000D+02 0.5180000000D-01 0.4160000000D-03 0.2668000000D+00 0.1561030000D+01 0.1994200000D+01 0.4401100000D+01 0.6204000000D+01 0.2110000000D+00 0.7600000000D-03 0.7511500000D+01 0.1992000000D-01 0.2820000000D-03 0.7300000000D-01 0.2948847000D+01 0.3321900000D+01 0.5235800000D+01 0.1317600000D+01
1  720120229201203122455986.5 0.1398000000D+00 0.1398000000D-01 0.2826230000D+02 0.5168000000D-01 0.6460000000D-03 0.2705000000D+00 0.6176707000D+01 0.4650000000D+00 0.2778200000D+01 0.2658100000D+01 0.2204000000D+00-0.1600000000D-03 0.7708900000D+01 0.1669000000D-01 0.2270000000D-03 0.7470000000D-01 0.1286246000D+01 0.1993200000D+01 0.3876700000D+01 0.4064700000D+01
1  820120312201203242455998.5 0.3193000000D+00 0.1344000000D-01 0.2870230000D+02 0.4461000000D-01 0.6450000000D-03 0.2777000000D+00 0.4512262000D+01 0.5223100000D+01 0.8002000000D+00 0.5385900000D+01 0.2199000000D+00-0.1250000000D-02 0.7831200000D+01 0.1518000000D-01 0.2660000000D-03 0.7470000000D-01 0.5910448000D+01 0.7202000000D+00 0.2705100000D+01 0.5260000000D+00
1  920120324201204052456010.5 0.4810000000D+00 0.1171000000D-01 0.2905150000D+02 0.3806000000D-01 0.3770000000D-03 0.2803000000D+00 0.2848781000D+01 0.3881600000D+01 0.5131400000D+01 0.1850200000D+01 0.2015000000D+00-0.2250000000D-02 0.7876200000D+01 0.1541000000D-01 0.3250000000D-03 0.7450000000D-01 0.4253717000D+01 0.5764100000D+01 0.1261800000D+01 0.3254500000D+01
1 1020120405201204172456022.5 0.6203000000D+00 0.9670000000D-02 0.2926080000D+02 0.3691000000D-01 0.1740000000D-03 0.2801000000D+00 0.1185667000D+01 0.2583200000D+01 0.5218500000D+01 0.4586000000D+01 0.1747000000D+00-0.3140000000D-02 0.7842600000D+01 0.1643000000D-01 0.3220000000D-03 0.7390000000D-01 0.2598913000D+01 0.4492800000D+01 0.5946100000D+01 0.6002000000D+01
1 1120120417201204292456034.5 0.7354000000D+00 0.6170000000D-02 0.2930550000D+02 0.3561000000D-01 0.6430000000D-03 0.2805000000D+00 0.5805360000D+01 0.1119800000D+01 0.3456500000D+01 0.1043800000D+01 0.1343000000D+00-0.3870000000D-02 0.7736500000D+01 0.1785000000D-01 0.2620000000D-03 0.7280000000D-01 0.9449140000D+00 0.3163300000D+01 0.4121300000D+01 0.2448800000D+01
1 1220120429201205112456046.5 0.7984000000D+00 0.2490000000D-02 0.2921780000D+02 0.3184000000D-01 0.8940000000D-03 0.2739000000D+00 0.4140425000D+01 0.6050100000D+01 0.1637400000D+01 0.3764800000D+01 0.8870000000D-01-0.4150000000D-02 0.7576100000D+01 0.2114000000D-01 0.1130000000D-03 0.7170000000D-01 0.5573355000D+01 0.1757900000D+01 0.2445800000D+01 0.5193900000D+01
1 1320120511201205232456058.5 0.8346000000D+00-0.1620000000D-02 0.2899080000D+02 0.2823000000D-01 0.7510000000D-03 0.2719000000D+00 0.2473048000D+01 0.4876100000D+01 0.6129500000D+01 0.1978000000D+00 0.3970000000D-01-0.4210000000D-02 0.7367700000D+01 0.2379000000D-01 0.7800000000D-04 0.6890000000D-01 0.3917058000D+01 0.2273000000D+00 0.2805100000D+01 0.1650500000D+01
1 1420120523201206042456070.5 0.8091000000D+00-0.5340000000D-02 0.2864660000D+02 0.3101000000D-01 0.5440000000D-03 0.2663000000D+00 0.8019690000D+00 0.3707700000D+01 0.4315100000D+01 0.2911000000D+01-0.1060000000D-01-0.3760000000D-02 0.7127300000D+01 0.2388000000D-01 0.1580000000D-03 0.6690000000D-01 0.2258635000D+01 0.4899000000D+01 0.9011000000D+00 0.4385600000D+01
1 1520120604201206162456082.5 0.7562000000D+00-0.8010000000D-02 0.2822700000D+02 0.4234000000D-01 0.2160000000D-03 0.2655000000D+00 0.5409884000D+01 0.2347700000D+01 0.3529100000D+01 0.5610400000D+01-0.5420000000D-01-0.3190000000D-02 0.6878400000D+01 0.2244000000D-01 0.1720000000D-03 0.6350000000D-01 0.5980700000D+00 0.3315000000D+01 0.5336500000D+01 0.8323000000D+00
1 1620120616201206282456094.5 0.6594000000D+00-0.1023000000D-01 0.2772900000D+02 0.5051000000D-01 0.5370000000D-03 0.2606000000D+00 0.3729564000D+01 0.7952000000D+00 0.2851900000D+01 0.2042900000D+01-0.9510000000D-01-0.2450000000D-02 0.6633500000D+01 0.1993000000D-01 0.1180000000D-03 0.6110000000D-01 0.5217205000D+01 0.1764100000D+01 0.3714800000D+01 0.3539700000D+01
1 1720120628201207102456106.5 0.5373000000D+00-0.1101000000D-01 0.2717650000D+02 0.5119000000D-01 0.7060000000D-03 0.2559000000D+00 0.2044784000D+01 0.5513400000D+01 0.7911000000D+00 0.4744500000D+01-0.1238000000D+00-0.1730000000D-02 0.6406900000D+01 0.1748000000D-01 0.9300000000D-04 0.5890000000D-01 0.3548717000D+01 0.2362000000D+00 0.2320900000D+01 0.6257900000D+01
1 1820120710201207222456118.5 0.4051000000D+00-0.1180000000D-01 0.2660870000D+02 0.5172000000D-01 0.5200000000D-03 0.2505000000D+00 0.3566160000D+00 0.4056700000D+01 0.4878900000D+01 0.1170300000D+01-0.1472000000D+00-0.1120000000D-02 0.6207500000D+01 0.1588000000D-01 0.1430000000D-03 0.5760000000D-01 0.1875161000D+01 0.5041900000D+01 0.1303600000D+01 0.2668600000D+01
1 1920120722201208032456130.5 0.2519000000D+00-0.1172000000D-01 0.2606580000D+02 0.5491000000D-01 0.2540000000D-03 0.2416000000D+00 0.4947562000D+01 0.2559200000D+01 0.2324200000D+01 0.3853700000D+01-0.1598000000D+00-0.5100000000D-03 0.6038500000D+01 0.1427000000D-01 0.2370000000D-03 0.5670000000D-01 0.1948480000D+00 0.3537300000D+01 0.5952300000D+01 0.5377500000D+01
1 2020120803201208152456142.5 0.1151000000D+00-0.1170000000D-01 0.2556340000D+02 0.5908000000D-01 0.8800000000D-04 0.2374000000D+00 0.3251905000D+01 0.9769000000D+00 0.5717100000D+01 0.2595000000D+00-0.1659000000D+00-0.1000000000D-03 0.5900300000D+01 0.1194000000D-01 0.2810000000D-03 0.5540000000D-01 0.4791248000D+01 0.2100300000D+01 0.4035400000D+01 0.1795400000D+01
1 2120120815201208272456154.5-0.3450000000D-01-0.1138000000D-01 0.2510740000D+02 0.6230000000D-01 0.2360000000D-03 0.2324000000D+00 0.1553351000D+01 0.5643800000D+01 0.2233500000D+01 0.2935400000D+01-0.1664000000D+00 0.3900000000D-03 0.5796600000D+01 0.1053000000D-01 0.2110000000D-03 0.5520000000D-01 0.3098386000D+01 0.9085000000D+00 0.2092500000D+01 0.4495600000D+01
1 2220120827201209082456166.5-0.1618000000D+00-0.1049000000D-01 0.2471910000D+02 0.6183000000D-01 0.4580000000D-03 0.2329000000D+00 0.6135160000D+01 0.3961100000D+01 0.6138600000D+01 0.5614200000D+01-0.1597000000D+00 0.7300000000D-03 0.5738600000D+01 0.1230000000D-01 0.1200000000D-03 0.5390000000D-01 0.1399195000D+01 0.5936000000D+01 0.3625000000D+00 0.9007000000D+00
1 2320120908201209202456178.5-0.2877000000D+00-0.9630000000D-02 0.2437720000D+02 0.5760000000D-01 0.5950000000D-03 0.2299000000D+00 0.4432060000D+01 0.2325500000D+01 0.3975700000D+01 0.2026500000D+01-0.1524000000D+00 0.1140000000D-02 0.5725900000D+01 0.1537000000D-01 0.1060000000D-03 0.5400000000D-01 0.5977330000D+01 0.4489400000D+01 0.5643300000D+01 0.3575400000D+01
1 2420120920201210022456190.5-0.3993000000D+00-0.7840000000D-02 0.2408970000D+02 0.5284000000D-01 0.3280000000D-03 0.2302000000D+00 0.2728255000D+01 0.8113000000D+00 0.1643000000D+01 0.4715800000D+01-0.1373000000D+00 0.1460000000D-02 0.5759800000D+01 0.1810000000D-01 0.1400000000D-03 0.5420000000D-01 0.4267108000D+01 0.2971000000D+01 0.4206600000D+01 0.6251800000D+01
1 2520121002201210142456202.5-0.4904000000D+00-0.6410000000D-02 0.2389340000D+02 0.5378000000D-01 0.7600000000D-04 0.2269000000D+00 0.1024752000D+01 0.5552200000D+01 0.4305500000D+01 0.1134000000D+01-0.1229000000D+00 0.1710000000D-02 0.5845200000D+01 0.2008000000D-01 0.2010000000D-03 0.5590000000D-01 0.2553485000D+01 0.1395200000D+01 0.2400100000D+01 0.2628400000D+01
1 2620121014201210262456214.5-0.5758000000D+00-0.4440000000D-02 0.2377880000D+02 0.5525000000D-01 0.3480000000D-03 0.2243000000D+00 0.5604375000D+01 0.3961200000D+01 0.8037000000D+00 0.3814400000D+01-0.1017000000D+00 0.2000000000D-02 0.5976900000D+01 0.2184000000D-01 0.2370000000D-03 0.5770000000D-01 0.8378760000D+00 0.6134900000D+01 0.5252000000D+00 0.5315400000D+01
1 2720121026201211072456226.5-0.6264000000D+00-0.2900000000D-02 0.2374840000D+02 0.5259000000D-01 0.4190000000D-03 0.2240000000D+00 0.3901108000D+01 0.2349000000D+01 0.5017300000D+01 0.2278000000D+00-0.7880000000D-01 0.2160000000D-02 0.6154800000D+01 0.2452000000D-01 0.1740000000D-03 0.6010000000D-01 0.5406003000D+01 0.4607400000D+01 0.4844600000D+01 0.1714200000D+01
1 2820121107201211192456238.5-0.6723000000D+00-0.1410000000D-02 0.2380090000D+02 0.4886000000D-01 0.4780000000D-03 0.2248000000D+00 0.2199222000D+01 0.7251000000D+00 0.2766800000D+01 0.2906000000D+01-0.5220000000D-01 0.2520000000D-02 0.6380400000D+01 0.2827000000D-01 0.5200000000D-04 0.6280000000D-01 0.3694069000D+01 0.3011200000D+01 0.3800100000D+01 0.4414400000D+01
1 2920121119201212012456250.5-0.6829000000D+00 0.2200000000D-03 0.2392940000D+02 0.4222000000D-01 0.5020000000D-03 0.2294000000D+00 0.4985380000D+00 0.5458900000D+01 0.5706000000D+00 0.5604800000D+01-0.1970000000D-01 0.2780000000D-02 0.6654500000D+01 0.3070000000D-01 0.1400000000D-03 0.6460000000D-01 0.1985374000D+01 0.1392200000D+01 0.3358200000D+01 0.8199000000D+00
1 3020121201201212132456262.5-0.6816000000D+00 0.1640000000D-02 0.2412540000D+02 0.3881000000D-01 0.3820000000D-03 0.2317000000D+00 0.5083683000D+01 0.4020500000D+01 0.4697900000D+01 0.2028900000D+01 0.1280000000D-01 0.3200000000D-02 0.6969900000D+01 0.3128000000D-01 0.1930000000D-03 0.6780000000D-01 0.2811930000D+00 0.6067700000D+01 0.1421500000D+01 0.3519900000D+01
1 3120121213201212252456274.5-0.6559000000D+00 0.3860000000D-02 0.2438900000D+02 0.4345000000D-01 0.1120000000D-03 0.2381000000D+00 0.3389163000D+01 0.2575200000D+01 0.4880000000D+01 0.4741200000D+01 0.5360000000D-01 0.3520000000D-02 0.7314600000D+01 0.3159000000D-01 0.1980000000D-03 0.7060000000D-01 0.4865713000D+01 0.4486900000D+01 0.5877700000D+01 0.6217000000D+01
1 3220121225201301062456286.5-0.6051000000D+00 0.5800000000D-02 0.2474920000D+02 0.4528000000D-01 0.4870000000D-03 0.2391000000D+00 0.1697822000D+01 0.1020800000D+01 0.3395000000D+01 0.1180300000D+01 0.9260000000D-01 0.3690000000D-02 0.7683800000D+01 0.3120000000D-01 0.1390000000D-03 0.7510000000D-01 0.3172842000D+01 0.2944200000D+01 0.4091100000D+01 0.2634600000D+01
2 3320111231201202192455926.5-0.1695000000D+00 0.8200000000D-03 0.3291280000D+02 0.6695000000D-01 0.4470000000D-03 0.8660000000D-01 0.5772899000D+01 0.5170500000D+01 0.9331000000D+00-0.3543800000D+01 0.3980000000D-01 0.3300000000D-03 0.8471800000D+01 0.2634000000D-01 0.1730000000D-03 0.2190000000D-01 0.9608790000D+00 0.7844000000D+00 0.3811500000D+01-0.2134000000D+01
2 3420120219201204092455976.5-0.1305000000D+00 0.1730000000D-02 0.3578500000D+02 0.6298000000D-01 0.5620000000D-03 0.8960000000D-01 0.2572812000D+01 0.2776100000D+01 0.5247900000D+01-0.3932500000D+01 0.5740000000D-01 0.1300000000D-03 0.9348100000D+01 0.7750000000D-02 0.2500000000D-03 0.2390000000D-01 0.4054313000D+01 0.4224900000D+01 0.9237000000D+00-0.2476400000D+01
2 3520120409201205292456026.5-0.4240000000D-01 0.1890000000D-02 0.3763970000D+02 0.3809000000D-01 0.6800000000D-03 0.9520000000D-01 0.5710455000D+01 0.8477000000D+00 0.3127200000D+01-0.4270300000D+01 0.6300000000D-01-0.6000000000D-04 0.9119700000D+01 0.1929000000D-01 0.5500000000D-04 0.2140000000D-01 0.8830210000D+00 0.4009300000D+01 0.5115900000D+01-0.2769500000D+01
2 3620120529201207182456076.5 0.5480000000D-01 0.1240000000D-02 0.3653610000D+02 0.5234000000D-01 0.4770000000D-03 0.8580000000D-01 0.2559078000D+01 0.5755900000D+01 0.7699000000D+00-0.4636900000D+01 0.5810000000D-01-0.1300000000D-03 0.8110000000D+01 0.2022000000D-01 0.1670000000D-03 0.1950000000D-01 0.3975762000D+01 0.1071400000D+01 0.3827900000D+01-0.3249400000D+01
2 3720120718201209062456126.5 0.1164000000D+00 0.7400000000D-03 0.3369950000D+02 0.7817000000D-01 0.2640000000D-03 0.7890000000D-01 0.5625942000D+01 0.3206300000D+01 0.4736200000D+01-0.5162200000D+01 0.5120000000D-01-0.1000000000D-03 0.7544600000D+01 0.7270000000D-02 0.1490000000D-03 0.1900000000D-01 0.7580320000D+00 0.5191100000D+01 0.4826000000D+00-0.3703100000D+01
2 3820120906201210262456176.5 0.1522000000D+00 0.5000000000D-03 0.3134160000D+02 0.8276000000D-01 0.2530000000D-03 0.7520000000D-01 0.2349665000D+01 0.3524000000D+00 0.2325400000D+01-0.5663400000D+01 0.4590000000D-01-0.1000000000D-03 0.7812100000D+01 0.1674000000D-01 0.9600000000D-04 0.1980000000D-01 0.3805378000D+01 0.3112400000D+01 0.3327500000D+01-0.4166900000D+01
2 3920121026201212152456226.5 0.1768000000D+00 0.5800000000D-03 0.3049530000D+02 0.7619000000D-01 0.3250000000D-03 0.7610000000D-01 0.5331005000D+01 0.3766200000D+01 0.5829400000D+01-0.6169800000D+01 0.4090000000D-01-0.1700000000D-03 0.8688800000D+01 0.2638000000D-01 0.3700000000D-04 0.2210000000D-01 0.5535400000D+00 0.2400000000D-02 0.4363000000D+00-0.4621600000D+01
2 4020121215201302032456276.5 0.2070000000D+00 0.6700000000D-03 0.3141150000D+02 0.6851000000D-01 0.4170000000D-03 0.7850000000D-01 0.2044398000D+01 0.1039000000D+01 0.3044600000D+01-0.3243000000D+00 0.3200000000D-01-0.2900000000D-03 0.9925300000D+01 0.3025000000D-01 0.8400000000D-04 0.2560000000D-01 0.3588652000D+01 0.3156800000D+01 0.5728000000D+01-0.5095700000D+01
3 4120111231201202242455926.5 0.1600000000D-02-0.7000000000D-04 0.4072510000D+02 0.7354000000D-01 0.6050000000D-03 0.4600000000D-02 0.1478497000D+01 0.1190200000D+01 0.3007200000D+01-0.3890000000D-01-0.1400000000D-02 0.0000000000D+00 0.1009300000D+02 0.3482000000D-01 0.2230000000D-03 0.1700000000D-02 0.2884916000D+01 0.2906100000D+01 0.5758600000D+01-0.5095200000D+01
3 4220120224201204192455981.5-0.3300000000D-02 0.7000000000D-04 0.4462390000D+02 0.9145000000D-01 0.7680000000D-03 0.7100000000D-02 0.2320693000D+01 0.2957600000D+01 0.5133900000D+01-0.4832800000D+01-0.9000000000D-03 0.0000000000D+00 0.1135350000D+02 0.1116000000D-01 0.2860000000D-03 0.1900000000D-02 0.3731164000D+01 0.4551000000D+01 0.6537000000D+00-0.3026900000D+01
3 4320120419201206132456036.5-0.3000000000D-03 0.1000000000D-04 0.4662120000D+02 0.7980000000D-01 0.8130000000D-03 0.7600000000D-02 0.3226977000D+01 0.4964900000D+01 0.8396000000D+00-0.2579900000D+01-0.3000000000D-03-0.2000000000D-04 0.1094470000D+02 0.2547000000D-01 0.6800000000D-04 0.7000000000D-03 0.4594731000D+01 0.1260100000D+01 0.4011200000D+01-0.8914000000D+00
3 4420120613201208072456091.5 0.9000000000D-03-0.6000000000D-04 0.4424170000D+02 0.7605000000D-01 0.5330000000D-03 0.4100000000D-02 0.4114451000D+01 0.7900000000D+00 0.2667600000D+01-0.7988000000D+00-0.1000000000D-02 0.0000000000D+00 0.9756600000D+01 0.1573000000D-01 0.2130000000D-03 0.8000000000D-03 0.5438453000D+01 0.2194000000D+01 0.5383800000D+01-0.5726500000D+01
3 4520120807201210012456146.5-0.1300000000D-02 0.1000000000D-04 0.4036250000D+02 0.7783000000D-01 0.3780000000D-03 0.4400000000D-02 0.4921979000D+01 0.2399100000D+01 0.4412300000D+01-0.5631500000D+01-0.7000000000D-03 0.0000000000D+00 0.9533900000D+01 0.8210000000D-02 0.1590000000D-03 0.9000000000D-03 0.6271564000D+01 0.2260000000D-01 0.6025900000D+01-0.4117800000D+01
3 4620121001201211252456201.5-0.1500000000D-02 0.3000000000D-04 0.3800140000D+02 0.6995000000D-01 0.4010000000D-03 0.3100000000D-02 0.5670145000D+01 0.3788200000D+01 0.5850400000D+01-0.4314900000D+01-0.7000000000D-03 0.0000000000D+00 0.1044640000D+02 0.2550000000D-01 0.8900000000D-04 0.1200000000D-02 0.8065060000D+00 0.6360000000D+00 0.5830000000D+00-0.2784900000D+01
3 4720121125201301192456256.5-0.1100000000D-02 0.2000000000D-04 0.3816880000D+02 0.6416000000D-01 0.5100000000D-03 0.4400000000D-02 0.1249140000D+00 0.5301500000D+01 0.9096000000D+00-0.2706000000D+01-0.5000000000D-03-0.2000000000D-04 0.1208440000D+02 0.3590000000D-01 0.7000000000D-04 0.1100000000D-02 0.1610156000D+01 0.1440800000D+01 0.3254000000D+01-0.1351200000D+01
4 4820111231201202192455926.5-0.8050000000D-01 0.6000000000D-04 0.5217800000D+02 0.1080400000D+00 0.7110000000D-03 0.6610000000D-01 0.9287130000D+00 0.3081000000D+00 0.2383000000D+01 0.5377500000D+01 0.3320000000D-01 0.1200000000D-03 0.1342670000D+02 0.4236000000D-01 0.2770000000D-03 0.1860000000D-01 0.2398557000D+01 0.2202600000D+01 0.5245200000D+01 0.5182000000D+00
4 4920120219201204092455976.5-0.8050000000D-01 0.2900000000D-03 0.5673460000D+02 0.9883000000D-01 0.9250000000D-03 0.6880000000D-01 0.2606854000D+01 0.2791400000D+01 0.5182000000D+01 0.2400800000D+01 0.4070000000D-01 0.2000000000D-04 0.1483270000D+02 0.1241000000D-01 0.3990000000D-03 0.1850000000D-01 0.4086650000D+01 0.4207400000D+01 0.8884000000D+00 0.3900900000D+01
4 5020120409201205292456026.5-0.5900000000D-01 0.5200000000D-03 0.5965840000D+02 0.6866000000D-01 0.1039000000D-02 0.6940000000D-01 0.4344336000D+01 0.5771600000D+01 0.1673600000D+01 0.5789300000D+01 0.3890000000D-01-0.6000000000D-04 0.1448140000D+02 0.3075000000D-01 0.7000000000D-04 0.1870000000D-01 0.5797746000D+01 0.2561500000D+01 0.3666300000D+01 0.8183000000D+00
4 5120120529201207182456076.5-0.3760000000D-01 0.3600000000D-03 0.5793240000D+02 0.8486000000D-01 0.7520000000D-03 0.6480000000D-01 0.6084756000D+01 0.2760400000D+01 0.4313200000D+01 0.2855700000D+01 0.3790000000D-01-0.3000000000D-04 0.1288440000D+02 0.3119000000D-01 0.2650000000D-03 0.1490000000D-01 0.1216913000D+01 0.4459900000D+01 0.1086200000D+01 0.4282800000D+01
4 5220120718201209062456126.5-0.1600000000D-01 0.5000000000D-04 0.5343610000D+02 0.1119000000D+00 0.4940000000D-03 0.5870000000D-01 0.1484644000D+01 0.5204600000D+01 0.5865000000D+00 0.6136100000D+01 0.3520000000D-01 0.5000000000D-04 0.1199140000D+02 0.7250000000D-02 0.2400000000D-03 0.1480000000D-01 0.2899069000D+01 0.8769000000D+00 0.2627900000D+01 0.1261800000D+01
4 5320120906201210262456176.5-0.1610000000D-01-0.3000000000D-04 0.4969210000D+02 0.1166400000D+00 0.4280000000D-03 0.5760000000D-01 0.3106669000D+01 0.1055400000D+01 0.2914800000D+01 0.3072800000D+01 0.3850000000D-01 0.7000000000D-04 0.1241390000D+02 0.2411000000D-01 0.1610000000D-03 0.1550000000D-01 0.4562272000D+01 0.4015200000D+01 0.4009900000D+01 0.4524300000D+01
4 5420121026201212152456226.5-0.1920000000D-01-0.5000000000D-04 0.4835390000D+02 0.1127000000D+00 0.4950000000D-03 0.5980000000D-01 0.4698269000D+01 0.3130900000D+01 0.5052900000D+01 0.6272300000D+01 0.4250000000D-01 0.1400000000D-03 0.1380490000D+02 0.4050000000D-01 0.6700000000D-04 0.1780000000D-01 0.6204516000D+01 0.5704200000D+01 0.5791200000D+01 0.1572400000D+01
4 5520121215201302032456276.5-0.1930000000D-01-0.2000000000D-04 0.4979510000D+02 0.1089600000D+00 0.6370000000D-03 0.6510000000D-01 0.1365800000D-01 0.5297400000D+01 0.1014300000D+01 0.3214800000D+01 0.4870000000D-01 0.1200000000D-03 0.1575710000D+02 0.4785000000D-01 0.1250000000D-03 0.2060000000D-01 0.1558684000D+01 0.1136500000D+01 0.3755900000D+01 0.4801700000D+01
5 5620111231201202222455926.5-0.5120000000D-01-0.2100000000D-03 0.7287030000D+02 0.1501300000D+00 0.1019000000D-02 0.4170000000D-01 0.5115814000D+01 0.4515400000D+01 0.3140000000D+00 0.1288100000D+01 0.1340000000D-01-0.1000000000D-04 0.1850270000D+02 0.5844000000D-01 0.3960000000D-03 0.1040000000D-01 0.3240310000D+00 0.1282000000D+00 0.3143400000D+01 0.2740800000D+01
5 5720120222201204152455979.5-0.6070000000D-01-0.4000000000D-04 0.7960370000D+02 0.1392900000D+00 0.1367000000D-02 0.4530000000D-01 0.3419617000D+01 0.3703600000D+01 0.6066600000D+01 0.4183700000D+01 0.1300000000D-01 0.0000000000D+00 0.2047910000D+02 0.1329000000D-01 0.5340000000D-03 0.1140000000D-01 0.4919465000D+01 0.5274900000D+01 0.1719900000D+01 0.5719500000D+01
5 5820120415201206072456032.5-0.6010000000D-01 0.1000000000D-03 0.8339710000D+02 0.1061200000D+00 0.1402000000D-02 0.4470000000D-01 0.1789594000D+01 0.3429300000D+01 0.5517400000D+01 0.9548000000D+00 0.1420000000D-01-0.7000000000D-04 0.1969430000D+02 0.4789000000D-01 0.9600000000D-04 0.1040000000D-01 0.3260565000D+01 0.6259800000D+01 0.2227900000D+01 0.2335900000D+01
5 5920120607201207302456085.5-0.5380000000D-01 0.9000000000D-04 0.7990810000D+02 0.1295100000D+00 0.9680000000D-03 0.4170000000D-01 0.1570540000D+00 0.3165400000D+01 0.4862300000D+01 0.3883000000D+01 0.1090000000D-01 0.0000000000D+00 0.1734430000D+02 0.3701000000D-01 0.3880000000D-03 0.9100000000D-02 0.1592698000D+01 0.4770600000D+01 0.1430600000D+01 0.5327200000D+01
5 6020120730201209212456138.5-0.5120000000D-01 0.3000000000D-04 0.7314610000D+02 0.1501500000D+00 0.6880000000D-03 0.3600000000D-01 0.4740889000D+01 0.2230100000D+01 0.4017400000D+01 0.4592000000D+00 0.1110000000D-01 0.0000000000D+00 0.1645360000D+02 0.9220000000D-02 0.3080000000D-03 0.8900000000D-02 0.6185466000D+01 0.5191700000D+01 0.5818600000D+01 0.1916000000D+01
5 6120120921201211132456191.5-0.5000000000D-01-0.8000000000D-04 0.6844150000D+02 0.1505700000D+00 0.6350000000D-03 0.3370000000D-01 0.2978682000D+01 0.1043800000D+01 0.2898400000D+01 0.3275100000D+01 0.1080000000D-01 0.1000000000D-04 0.1753130000D+02 0.4060000000D-01 0.1880000000D-03 0.9500000000D-02 0.4469233000D+01 0.3988100000D+01 0.3868000000D+01 0.4767900000D+01
5 6220121113201301052456244.5-0.5490000000D-01-0.1900000000D-03 0.6780190000D+02 0.1482500000D+00 0.7480000000D-03 0.3410000000D-01 0.1191669000D+01 0.6108600000D+01 0.1727500000D+01 0.6077300000D+01 0.1110000000D-01 0.3000000000D-04 0.1990350000D+02 0.6134000000D-01 0.3600000000D-04 0.1050000000D-01 0.2729347000D+01 0.2258500000D+01 0.3427700000D+01 0.1314800000D+01
6 6320111231201201182455926.5-0.5763400000D+01 0.4373000000D-01 0.1682784000D+03 0.3378000000D+00 0.0000000000D+00 0.2495600000D+01 0.3677999000D+01 0.3416500000D+01 0.0000000000D+00 0.4968000000D+01 0.1491000000D+01-0.3093000000D-01 0.4320760000D+02 0.9786000000D-01 0.0000000000D+00 0.6627000000D+00 0.5165912000D+01 0.5336000000D+01 0.0000000000D+00 0.1660000000D+00
6 6420120118201202052455944.5-0.4783800000D+01-0.9053000000D-01 0.1746643000D+03 0.2224600000D+00 0.0000000000D+00 0.2653100000D+01 0.4471969000D+01 0.4305700000D+01 0.0000000000D+00 0.2813000000D+00 0.1199700000D+01 0.2580000000D-02 0.4527540000D+02 0.8362000000D-01 0.0000000000D+00 0.6918000000D+00 0.5976511000D+01 0.5913600000D+01 0.0000000000D+00 0.1815100000D+01
6 6520120205201202232455962.5-0.6662800000D+01 0.1033100000D+00 0.1792162000D+03 0.3645900000D+00 0.0000000000D+00 0.2779400000D+01 0.5284175000D+01 0.5140500000D+01 0.0000000000D+00 0.1939000000D+01 0.1245700000D+01 0.1030000000D-02 0.4683510000D+02 0.5169000000D-01 0.0000000000D+00 0.7109000000D+00 0.5001640000D+00 0.6164000000D+00 0.0000000000D+00 0.3432000000D+01
6 6620120223201203122455980.5-0.5064800000D+01-0.8176000000D-01 0.1841952000D+03 0.3535100000D+00 0.0000000000D+00 0.2754000000D+01 0.6088337000D+01 0.4239000000D+00 0.0000000000D+00 0.3579900000D+01 0.1467300000D+01-0.2488000000D-01 0.4752240000D+02 0.4072000000D-01 0.0000000000D+00 0.7276000000D+00 0.1312456000D+01 0.1892900000D+01 0.0000000000D+00 0.5074800000D+01
6 6720120312201203302455998.5-0.5582800000D+01-0.4494000000D-01 0.1889701000D+03 0.3150500000D+00 0.0000000000D+00 0.2814000000D+01 0.6285600000D+00 0.1540000000D+01 0.0000000000D+00 0.5204400000D+01 0.8979000000D+00 0.4031000000D-01 0.4793260000D+02 0.8618000000D-01 0.0000000000D+00 0.6892000000D+00 0.2118049000D+01 0.4469100000D+01 0.0000000000D+00 0.4467000000D+00
6 6820120330201204172456016.5-0.6652300000D+01 0.8098000000D-01 0.1928720000D+03 0.2792400000D+00 0.0000000000D+00 0.2794300000D+01 0.1455559000D+01 0.3105500000D+01 0.0000000000D+00 0.5770000000D+00 0.1362500000D+01-0.8340000000D-02 0.4723180000D+02 0.9045000000D-01 0.0000000000D+00 0.6648000000D+00 0.2945674000D+01 0.5872300000D+01 0.0000000000D+00 0.2041200000D+01
6 6920120417201205052456034.5-0.5275000000D+01-0.5144000000D-01 0.1931938000D+03 0.1916200000D+00 0.0000000000D+00 0.2739000000D+01 0.2293610000D+01 0.4069800000D+01 0.0000000000D+00 0.2193800000D+01 0.1290400000D+01-0.5690000000D-02 0.4569690000D+02 0.1089300000D+00 0.0000000000D+00 0.6496000000D+00 0.3763978000D+01 0.4567000000D+00 0.0000000000D+00 0.3671200000D+01
6 7020120505201205232456052.5-0.6561100000D+01 0.1223600000D+00 0.1913180000D+03 0.3377900000D+00 0.0000000000D+00 0.2791900000D+01 0.3117819000D+01 0.5142800000D+01 0.0000000000D+00 0.3808800000D+01 0.1111800000D+01 0.8720000000D-02 0.4367830000D+02 0.9660000000D-01 0.0000000000D+00 0.6182000000D+00 0.4582863000D+01 0.1323600000D+01 0.0000000000D+00 0.5285000000D+01
6 7120120523201206102456070.5-0.4721200000D+01-0.5652000000D-01 0.1894805000D+03 0.3477900000D+00 0.0000000000D+00 0.2794100000D+01 0.3948795000D+01 0.4671000000D+00 0.0000000000D+00 0.5471600000D+01 0.1279300000D+01-0.1571000000D-01 0.4186250000D+02 0.1025000000D+00 0.0000000000D+00 0.6062000000D+00 0.5393591000D+01 0.2065100000D+01 0.0000000000D+00 0.6044000000D+00
6 7220120610201206282456088.5-0.4861400000D+01-0.3524000000D-01 0.1845187000D+03 0.3430000000D+00 0.0000000000D+00 0.2699500000D+01 0.4769661000D+01 0.1519600000D+01 0.0000000000D+00 0.8136000000D+00 0.8635000000D+00 0.2861000000D-01 0.4035660000D+02 0.7781000000D-01 0.0000000000D+00 0.6019000000D+00 0.6215226000D+01 0.3403100000D+01 0.0000000000D+00 0.2255500000D+01
6 7320120628201207162456106.5-0.5793900000D+01 0.8916000000D-01 0.1788429000D+03 0.3003200000D+00 0.0000000000D+00 0.2679600000D+01 0.5587431000D+01 0.2879300000D+01 0.0000000000D+00 0.2445900000D+01 0.1175200000D+01-0.5870000000D-02 0.3893440000D+02 0.2474000000D-01 0.0000000000D+00 0.5713000000D+00 0.7386370000D+00 0.4086700000D+01 0.0000000000D+00 0.3893200000D+01
6 7420120716201208032456124.5-0.4050400000D+01-0.9515000000D-01 0.1726130000D+03 0.2407400000D+00 0.0000000000D+00 0.2534000000D+01 0.9941800000D-01 0.3354700000D+01 0.0000000000D+00 0.4090500000D+01 0.1179900000D+01-0.8990000000D-02 0.3836830000D+02 0.1325000000D-01 0.0000000000D+00 0.5712000000D+00 0.1547332000D+01 0.5582000000D+00 0.0000000000D+00 0.5506200000D+01
6 7520120803201208212456142.5-0.5677100000D+01 0.9143000000D-01 0.1691761000D+03 0.3963400000D+00 0.0000000000D+00 0.2371200000D+01 0.8975300000D+00 0.4558100000D+01 0.0000000000D+00 0.5663800000D+01 0.9893000000D+00 0.1289000000D-01 0.3845830000D+02 0.1945000000D-01 0.0000000000D+00 0.5672000000D+00 0.2348283000D+01 0.2145900000D+01 0.0000000000D+00 0.8508000000D+00
6 7620120821201209082456160.5-0.4935800000D+01 0.2281000000D-01 0.1641433000D+03 0.3466600000D+00 0.0000000000D+00 0.2344300000D+01 0.1687332000D+01 0.5642600000D+01 0.0000000000D+00 0.9651000000D+00 0.1379700000D+01-0.3152000000D-01 0.3915920000D+02 0.6772000000D-01 0.0000000000D+00 0.5542000000D+00 0.3159566000D+01 0.2238200000D+01 0.0000000000D+00 0.2426300000D+01
6 7720120908201209262456178.5-0.3888100000D+01-0.1094600000D+00 0.1603712000D+03 0.3961100000D+00 0.0000000000D+00 0.2229300000D+01 0.2475880000D+01 0.6205000000D+00 0.0000000000D+00 0.2539600000D+01 0.9550000000D+00 0.1553000000D-01 0.3974810000D+02 0.9819000000D-01 0.0000000000D+00 0.5872000000D+00 0.3953642000D+01 0.3621600000D+01 0.0000000000D+00 0.3993300000D+01
6 7820120926201210142456196.5-0.5650000000D+01 0.7138000000D-01 0.1571194000D+03 0.2323600000D+00 0.0000000000D+00 0.2262300000D+01 0.3244022000D+01 0.1556900000D+01 0.0000000000D+00 0.4083800000D+01 0.1096900000D+01 0.4490000000D-02 0.4124380000D+02 0.1060900000D+00 0.0000000000D+00 0.6096000000D+00 0.4746969000D+01 0.4377200000D+01 0.0000000000D+00 0.5606800000D+01
6 7920121014201211012456214.5-0.4563300000D+01-0.6169000000D-01 0.1570281000D+03 0.3221900000D+00 0.0000000000D+00 0.2315800000D+01 0.4020841000D+01 0.2251200000D+01 0.0000000000D+00 0.5689500000D+01 0.1339000000D+01-0.2179000000D-01 0.4301510000D+02 0.9985000000D-01 0.0000000000D+00 0.6400000000D+00 0.5533392000D+01 0.5279500000D+01 0.0000000000D+00 0.9015000000D+00
6 8020121101201211192456232.5-0.5286700000D+01-0.4700000000D-02 0.1564263000D+03 0.3196700000D+00 0.0000000000D+00 0.2292200000D+01 0.4795857000D+01 0.3382800000D+01 0.0000000000D+00 0.1000800000D+01 0.9003000000D+00 0.3002000000D-01 0.4519600000D+02 0.1300900000D+00 0.0000000000D+00 0.6944000000D+00 0.4900400000D-01 0.5683000000D+01 0.0000000000D+00 0.2527300000D+01
6 8120121119201212072456250.5-0.5937300000D+01 0.5322000000D-01 0.1574273000D+03 0.3730700000D+00 0.0000000000D+00 0.2350700000D+01 0.5573099000D+01 0.4394400000D+01 0.0000000000D+00 0.2589500000D+01 0.1307500000D+01-0.1069000000D-01 0.4702100000D+02 0.1503400000D+00 0.0000000000D+00 0.7106000000D+00 0.8342760000D+00 0.4646000000D+00 0.0000000000D+00 0.4153600000D+01
6 8220121207201212252456268.5-0.4914400000D+01-0.8437000000D-01 0.1591113000D+03 0.2854200000D+00 0.0000000000D+00 0.2352400000D+01 0.5976700000D-01 0.5627000000D+01 0.0000000000D+00 0.4210400000D+01 0.1189800000D+01 0.3600000000D-02 0.4948410000D+02 0.1405900000D+00 0.0000000000D+00 0.7353000000D+00 0.1621686000D+01 0.1258600000D+01 0.0000000000D+00 0.5743000000D+01
6 8320121225201301122456286.5-0.6462900000D+01 0.6267000000D-01 0.1637629000D+03 0.2856800000D+00 0.0000000000D+00 0.2323500000D+01 0.8436020000D+00 0.6164900000D+01 0.0000000000D+00 0.5785300000D+01 0.1139100000D+01 0.1273000000D-01 0.5190170000D+02 0.1310900000D+00 0.0000000000D+00 0.7673000000D+00 0.2411038000D+01 0.2150600000D+01 0.0000000000D+00 0.1071100000D+01
7 8420111231201201122455926.5-0.3168550000D+02 0.4176670000D+01 0.1894088000D+03 0.1036161000D+02 0.0000000000D+00 0.3207700000D+01 0.3062407000D+01 0.1085000000D+01 0.0000000000D+00 0.4763000000D+00-0.1164120000D+02 0.2273540000D+01 0.4066170000D+02 0.2012060000D+01 0.0000000000D+00 0.6915000000D+00 0.4661657000D+01 0.2898800000D+01 0.0000000000D+00 0.2231400000D+01
7 8520120112201201242455938.5 0.6913050000D+02-0.4293130000D+01 0.1817134000D+03 0.1377630000D+02 0.0000000000D+00 0.4712000000D+00 0.4607460000D+00 0.4796400000D+01 0.0000000000D+00 0.3818900000D+01 0.1992900000D+01-0.1402030000D+01 0.4402570000D+02 0.3445210000D+01 0.0000000000D+00 0.1305000000D+00 0.2097907000D+01 0.2140000000D+00 0.0000000000D+00 0.1061000000D+00
7 8620120124201202052455950.5-0.5425410000D+02 0.1178321000D+02 0.1769345000D+03 0.7649900000D+01 0.0000000000D+00 0.1511400000D+01 0.3787583000D+01 0.1628200000D+01 0.0000000000D+00 0.2655600000D+01 0.2806700000D+01 0.7197100000D+00 0.5033970000D+02 0.2806960000D+01 0.0000000000D+00 0.6331000000D+00 0.5521077000D+01 0.3528500000D+01 0.0000000000D+00 0.3822700000D+01
7 8720120205201202172455962.5 0.8542030000D+02-0.9811700000D+01 0.1562660000D+03 0.1017890000D+02 0.0000000000D+00 0.9012000000D+00 0.1221039000D+01 0.5845600000D+01 0.0000000000D+00 0.2415100000D+01-0.5814400000D+01-0.6504000000D+00 0.4627710000D+02 0.3534260000D+01 0.0000000000D+00 0.9210000000D-01 0.2884956000D+01 0.1124300000D+01 0.0000000000D+00 0.5476100000D+01
7 8820120217201202292455974.5 0.5760500000D+01 0.6733850000D+01 0.2019038000D+03 0.1215193000D+02 0.0000000000D+00 0.8138000000D+00 0.4815454000D+01 0.2712100000D+01 0.0000000000D+00 0.3770600000D+01 0.1632250000D+02-0.1824530000D+01 0.5531110000D+02 0.3403290000D+01 0.0000000000D+00 0.4270000000D-01 0.6234884000D+01 0.3991300000D+01 0.0000000000D+00 0.1312600000D+01
7 8920120229201203122455986.5 0.4866300000D+02-0.8294510000D+01 0.1730454000D+03 0.1061123000D+02 0.0000000000D+00 0.1849100000D+01 0.2095680000D+01 0.4892000000D+00 0.0000000000D+00 0.4693000000D+01-0.2148590000D+02 0.2304200000D+01 0.4645760000D+02 0.2273600000D+01 0.0000000000D+00 0.7184000000D+00 0.3418167000D+01 0.1542500000D+01 0.0000000000D+00 0.5909900000D+01
7 9020120312201203242455998.5 0.5379130000D+02 0.4949500000D+00 0.2223120000D+03 0.1619823000D+02 0.0000000000D+00 0.7635000000D+00 0.5683751000D+01 0.3580000000D+01 0.0000000000D+00 0.2738400000D+01 0.1131310000D+02-0.1819540000D+01 0.5032140000D+02 0.3454130000D+01 0.0000000000D+00 0.8700000000D-01 0.8959030000D+00 0.5065700000D+01 0.0000000000D+00 0.3689800000D+01
7 9120120324201204052456010.5-0.2019270000D+02 0.1955840000D+01 0.2154851000D+03 0.1200323000D+02 0.0000000000D+00 0.3980900000D+01 0.2817372000D+01 0.8788000000D+00 0.0000000000D+00 0.3280000000D-01-0.1611060000D+02 0.2619350000D+01 0.4395950000D+02 0.2035010000D+01 0.0000000000D+00 0.7540000000D+00 0.4336039000D+01 0.2509900000D+01 0.0000000000D+00 0.1632400000D+01
7 9220120405201204172456022.5 0.7297970000D+02-0.3119380000D+01 0.2102165000D+03 0.1610833000D+02 0.0000000000D+00 0.7349000000D+00 0.2186030000D+00 0.4506100000D+01 0.0000000000D+00 0.3628700000D+01 0.5924400000D+01-0.1673100000D+01 0.4544030000D+02 0.3449790000D+01 0.0000000000D+00 0.1142000000D+00 0.1810140000D+01 0.6145800000D+01 0.0000000000D+00 0.5799400000D+01
7 9320120417201204292456034.5-0.5674300000D+02 0.1085371000D+02 0.2041522000D+03 0.9355350000D+01 0.0000000000D+00 0.2106500000D+01 0.3529900000D+01 0.1373200000D+01 0.0000000000D+00 0.1867100000D+01-0.4998300000D+01 0.1815930000D+01 0.4528110000D+02 0.2347580000D+01 0.0000000000D+00 0.7563000000D+00 0.5269704000D+01 0.3392500000D+01 0.0000000000D+00 0.3542800000D+01
7 9420120429201205112456046.5 0.8992330000D+02-0.8363580000D+01 0.1790051000D+03 0.1245596000D+02 0.0000000000D+00 0.5653000000D+00 0.9801580000D+00 0.5474000000D+01 0.0000000000D+00 0.2365100000D+01-0.8330000000D-01-0.1309500000D+01 0.4211290000D+02 0.3354680000D+01 0.0000000000D+00 0.6490000000D-01 0.2653332000D+01 0.8670000000D+00 0.0000000000D+00 0.8090000000D+00
7 9520120511201205232456058.5-0.1968830000D+02 0.1001353000D+02 0.1968686000D+03 0.1027553000D+02 0.0000000000D+00 0.1383200000D+01 0.4499739000D+01 0.2372600000D+01 0.0000000000D+00 0.3827800000D+01 0.1285260000D+02-0.1053280000D+01 0.5099890000D+02 0.3096100000D+01 0.0000000000D+00 0.7400000000D-01 0.5950082000D+01 0.3698600000D+01 0.0000000000D+00 0.4624100000D+01
7 9620120523201206042456070.5 0.8085980000D+02-0.1179910000D+02 0.1544356000D+03 0.9593350000D+01 0.0000000000D+00 0.1207400000D+01 0.1825061000D+01 0.3391000000D+00 0.0000000000D+00 0.3603700000D+01-0.1420410000D+02 0.9791500000D+00 0.4138970000D+02 0.2463320000D+01 0.0000000000D+00 0.5066000000D+00 0.3199921000D+01 0.1372500000D+01 0.0000000000D+00 0.5532000000D+01
7 9720120604201206162456082.5 0.4060650000D+02 0.2417680000D+01 0.2169367000D+03 0.1526465000D+02 0.0000000000D+00 0.5421000000D+00 0.5398749000D+01 0.3253800000D+01 0.0000000000D+00 0.2445800000D+01 0.1183320000D+02-0.1542250000D+01 0.4423620000D+02 0.2967040000D+01 0.0000000000D+00 0.9670000000D-01 0.5188470000D+00 0.4612000000D+01 0.0000000000D+00 0.2762700000D+01
7 9820120616201206282456094.5 0.3979000000D+00-0.1408840000D+01 0.1980876000D+03 0.1138547000D+02 0.0000000000D+00 0.3696600000D+01 0.2538102000D+01 0.6498000000D+00 0.0000000000D+00 0.5704100000D+01-0.1695080000D+02 0.2346420000D+01 0.3668740000D+02 0.1622390000D+01 0.0000000000D+00 0.6291000000D+00 0.3899590000D+01 0.2016500000D+01 0.0000000000D+00 0.7207000000D+00
7 9920120628201207102456106.5 0.6250800000D+02-0.1188770000D+01 0.2002008000D+03 0.1546599000D+02 0.0000000000D+00 0.9009000000D+00 0.6185179000D+01 0.4120200000D+01 0.0000000000D+00 0.3233200000D+01 0.7520700000D+01-0.1488140000D+01 0.3883990000D+02 0.2894300000D+01 0.0000000000D+00 0.9860000000D-01 0.1397948000D+01 0.5657000000D+01 0.0000000000D+00 0.4941700000D+01
710020120710201207222456118.5-0.3564040000D+02 0.5490380000D+01 0.1935407000D+03 0.1019600000D+02 0.0000000000D+00 0.3129000000D+01 0.3229861000D+01 0.1180700000D+01 0.0000000000D+00 0.1002100000D+01-0.9704800000D+01 0.2153970000D+01 0.3551370000D+02 0.1708250000D+01 0.0000000000D+00 0.6621000000D+00 0.4824957000D+01 0.3047800000D+01 0.0000000000D+00 0.2812400000D+01
710120120722201208032456130.5 0.7591220000D+02-0.4885960000D+01 0.1725568000D+03 0.1319092000D+02 0.0000000000D+00 0.3573000000D+00 0.6158170000D+00 0.4980900000D+01 0.0000000000D+00 0.3728200000D+01 0.3089300000D+01-0.1361460000D+01 0.3626600000D+02 0.2938110000D+01 0.0000000000D+00 0.1090000000D+00 0.2228652000D+01 0.3869000000D+00 0.0000000000D+00 0.5095000000D+00
710220120803201208152456142.5-0.4899890000D+02 0.1170461000D+02 0.1653018000D+03 0.7313950000D+01 0.0000000000D+00 0.1454100000D+01 0.3927315000D+01 0.1689100000D+01 0.0000000000D+00 0.3336500000D+01 0.5721000000D+01 0.2334100000D+00 0.4389630000D+02 0.2530840000D+01 0.0000000000D+00 0.3908000000D+00 0.5576106000D+01 0.3468500000D+01 0.0000000000D+00 0.4059500000D+01
710320120815201208272456154.5 0.8984100000D+02-0.1060265000D+02 0.1333660000D+03 0.8263970000D+01 0.0000000000D+00 0.1139100000D+01 0.1287352000D+01 0.5987400000D+01 0.0000000000D+00 0.2546300000D+01-0.4966400000D+01-0.4710400000D+00 0.3780820000D+02 0.2861640000D+01 0.0000000000D+00 0.1414000000D+00 0.2909443000D+01 0.1172200000D+01 0.0000000000D+00 0.5141800000D+01
710420120827201209082456166.5 0.9520300000D+01 0.5594060000D+01 0.1803942000D+03 0.1164509000D+02 0.0000000000D+00 0.2974000000D+00 0.4877231000D+01 0.2725400000D+01 0.0000000000D+00 0.3644700000D+01 0.1433980000D+02-0.1485340000D+01 0.4580160000D+02 0.2987270000D+01 0.0000000000D+00 0.8490000000D-01 0.6265771000D+01 0.4024300000D+01 0.0000000000D+00 0.1976500000D+01
710520120908201209202456178.5 0.4477250000D+02-0.7364110000D+01 0.1486900000D+03 0.8888140000D+01 0.0000000000D+00 0.2058800000D+01 0.2073606000D+01 0.4178000000D+00 0.0000000000D+00 0.4815600000D+01-0.1832350000D+02 0.2118250000D+01 0.3932700000D+02 0.1893370000D+01 0.0000000000D+00 0.6939000000D+00 0.3359892000D+01 0.1451400000D+01 0.0000000000D+00 0.5980700000D+01
710620120920201210022456190.5 0.4131300000D+02 0.1545590000D+01 0.1807445000D+03 0.1374128000D+02 0.0000000000D+00 0.7686000000D+00 0.5655084000D+01 0.3552800000D+01 0.0000000000D+00 0.2731100000D+01 0.1157860000D+02-0.1631470000D+01 0.4286540000D+02 0.3089000000D+01 0.0000000000D+00 0.1075000000D+00 0.8316600000D+00 0.5015000000D+01 0.0000000000D+00 0.3845100000D+01
710720121002201210142456202.5-0.7761000000D+01 0.6904000000D-01 0.1746577000D+03 0.1006766000D+02 0.0000000000D+00 0.3453300000D+01 0.2734164000D+01 0.8026000000D+00 0.0000000000D+00 0.8390000000D-01-0.1407210000D+02 0.2456480000D+01 0.3940430000D+02 0.1847310000D+01 0.0000000000D+00 0.7319000000D+00 0.4211347000D+01 0.2371100000D+01 0.0000000000D+00 0.1642100000D+01
710820121014201210262456214.5 0.5936310000D+02-0.1550950000D+01 0.1689111000D+03 0.1351540000D+02 0.0000000000D+00 0.7153000000D+00 0.7423500000D-01 0.4366300000D+01 0.0000000000D+00 0.3601800000D+01 0.7901200000D+01-0.1668410000D+01 0.4152380000D+02 0.3275440000D+01 0.0000000000D+00 0.1224000000D+00 0.1659387000D+01 0.6022500000D+01 0.0000000000D+00 0.5849400000D+01
710920121026201211072456226.5-0.4662630000D+02 0.8081510000D+01 0.1714884000D+03 0.8552920000D+01 0.0000000000D+00 0.1639400000D+01 0.3315102000D+01 0.1123600000D+01 0.0000000000D+00 0.1690600000D+01-0.5464800000D+01 0.2165800000D+01 0.4304500000D+02 0.2180970000D+01 0.0000000000D+00 0.7476000000D+00 0.5082413000D+01 0.3241000000D+01 0.0000000000D+00 0.3520900000D+01
711020121107201211192456238.5 0.7761530000D+02-0.6082350000D+01 0.1487395000D+03 0.1068366000D+02 0.0000000000D+00 0.5055000000D+00 0.7046950000D+00 0.5183500000D+01 0.0000000000D+00 0.2383700000D+01 0.3694700000D+01-0.1663460000D+01 0.4204710000D+02 0.3464250000D+01 0.0000000000D+00 0.9290000000D-01 0.2449781000D+01 0.7275000000D+00 0.0000000000D+00 0.1515100000D+01
711120121119201212012456250.5-0.2990450000D+02 0.9447710000D+01 0.1619341000D+03 0.8624220000D+01 0.0000000000D+00 0.9363000000D+00 0.4149724000D+01 0.1958600000D+01 0.0000000000D+00 0.3854400000D+01 0.1503350000D+02-0.8192000000D+00 0.5728800000D+02 0.3619950000D+01 0.0000000000D+00 0.1087000000D+00 0.5750376000D+01 0.3538200000D+01 0.0000000000D+00 0.4070300000D+01
711220121201201212132456262.5 0.8561350000D+02-0.1133829000D+02 0.1255207000D+03 0.6730530000D+01 0.0000000000D+00 0.1454900000D+01 0.1388485000D+01 0.6228400000D+01 0.0000000000D+00 0.3226000000D+01-0.1246350000D+02 0.7011700000D+00 0.4960520000D+02 0.3078920000D+01 0.0000000000D+00 0.6277000000D+00 0.2975197000D+01 0.1191800000D+01 0.0000000000D+00 0.5387500000D+01
711320121213201212252456274.5 0.1846550000D+02 0.4265340000D+01 0.1811304000D+03 0.1292972000D+02 0.0000000000D+00 0.4346000000D+00 0.5056149000D+01 0.2944100000D+01 0.0000000000D+00 0.2352900000D+01 0.1789990000D+02-0.1790520000D+01 0.5659070000D+02 0.3941980000D+01 0.0000000000D+00 0.1498000000D+00 0.2577390000D+00 0.4374400000D+01 0.0000000000D+00 0.2879400000D+01
711420121225201301062456286.5 0.2231600000D+02-0.4377610000D+01 0.1707773000D+03 0.9860250000D+01 0.0000000000D+00 0.3305200000D+01 0.2198699000D+01 0.3875000000D+00 0.0000000000D+00 0.5493900000D+01-0.2008800000D+02 0.2882840000D+01 0.5128970000D+02 0.2390130000D+01 0.0000000000D+00 0.9377000000D+00 0.3618538000D+01 0.1689500000D+01 0.0000000000D+00 0.5678000000D+00
811520111231201202052455926.5-0.5151300000D+01-0.7391300000D+00 0.4788343000D+03 0.0000000000D+00 0.0000000000D+00 0.8817700000D+01 0.1644250000D+01 0.0000000000D+00 0.0000000000D+00 0.6900000000D-02 0.2596000000D+00 0.4596600000D+00 0.1674473000D+03 0.0000000000D+00 0.0000000000D+00 0.3244500000D+01 0.3971437000D+01 0.0000000000D+00 0.0000000000D+00 0.2435000000D+01
811620120205201203122455962.5 0.1422000000D+00 0.3689900000D+00 0.5180690000D+03 0.0000000000D+00 0.0000000000D+00 0.5364200000D+01 0.4492533000D+01 0.0000000000D+00 0.0000000000D+00 0.4024000000D+00 0.6179500000D+01-0.1424400000D+00 0.1823041000D+03 0.0000000000D+00 0.0000000000D+00 0.1902200000D+01 0.5672350000D+00 0.0000000000D+00 0.0000000000D+00 0.2719100000D+01
811720120312201204172455998.5-0.2748830000D+02 0.7755800000D+00 0.5555084000D+03 0.0000000000D+00 0.0000000000D+00 0.1358200000D+02 0.1120397000D+01 0.0000000000D+00 0.0000000000D+00 0.5453300000D+01 0.1283360000D+02-0.1338100000D+00 0.1883868000D+03 0.0000000000D+00 0.0000000000D+00 0.4736100000D+01 0.3484778000D+01 0.0000000000D+00 0.0000000000D+00 0.1682800000D+01
811820120417201205232456034.5 0.2956370000D+02-0.1611260000D+01 0.5650364000D+03 0.0000000000D+00 0.0000000000D+00 0.6703000000D+01 0.4043742000D+01 0.0000000000D+00 0.0000000000D+00 0.5008200000D+01-0.2856800000D+01 0.2708700000D+00 0.1847842000D+03 0.0000000000D+00 0.0000000000D+00 0.2582000000D+01 0.1188950000D+00 0.0000000000D+00 0.0000000000D+00 0.7033000000D+00
811920120523201206282456070.5-0.2808520000D+02 0.1392410000D+01 0.5326026000D+03 0.0000000000D+00 0.0000000000D+00 0.7364000000D+01 0.6485760000D+00 0.0000000000D+00 0.0000000000D+00 0.4695400000D+01 0.1630200000D+02-0.4299900000D+00 0.1722297000D+03 0.0000000000D+00 0.0000000000D+00 0.2634800000D+01 0.3015106000D+01 0.0000000000D+00 0.0000000000D+00 0.8637000000D+00
812020120628201208032456106.5 0.1248980000D+02-0.1096460000D+01 0.4930662000D+03 0.0000000000D+00 0.0000000000D+00 0.1038760000D+02 0.3497242000D+01 0.0000000000D+00 0.0000000000D+00 0.4003600000D+01-0.2656300000D+01 0.3945500000D+00 0.1607588000D+03 0.0000000000D+00 0.0000000000D+00 0.2991200000D+01 0.5853057000D+01 0.0000000000D+00 0.0000000000D+00 0.1064000000D+00
812120120803201209082456142.5-0.1582970000D+02 0.1047660000D+01 0.4561734000D+03 0.0000000000D+00 0.0000000000D+00 0.6100800000D+01 0.2959100000D-01 0.0000000000D+00 0.0000000000D+00 0.2934200000D+01 0.1057770000D+02-0.3220400000D+00 0.1532742000D+03 0.0000000000D+00 0.0000000000D+00 0.2301200000D+01 0.2355341000D+01 0.0000000000D+00 0.0000000000D+00 0.5280000000D+01
812220120908201210142456178.5 0.8665100000D+01-0.1164460000D+01 0.4321404000D+03 0.0000000000D+00 0.0000000000D+00 0.6322900000D+01 0.2816869000D+01 0.0000000000D+00 0.0000000000D+00 0.3064700000D+01 0.1344100000D+01 0.3399800000D+00 0.1508049000D+03 0.0000000000D+00 0.0000000000D+00 0.2307000000D+01 0.5121761000D+01 0.0000000000D+00 0.0000000000D+00 0.5409300000D+01
812320121014201211192456214.5-0.7322400000D+01 0.6109700000D+00 0.4275029000D+03 0.0000000000D+00 0.0000000000D+00 0.8554400000D+01 0.5561843000D+01 0.0000000000D+00 0.0000000000D+00 0.1682400000D+01 0.1133740000D+02-0.4010500000D+00 0.1522257000D+03 0.0000000000D+00 0.0000000000D+00 0.2963700000D+01 0.1590934000D+01 0.0000000000D+00 0.0000000000D+00 0.4088000000D+01
812420121119201212252456250.5-0.9127000000D+01-0.5087900000D+00 0.4395297000D+03 0.0000000000D+00 0.0000000000D+00 0.4008200000D+01 0.2043753000D+01 0.0000000000D+00 0.0000000000D+00 0.1567100000D+01-0.2045700000D+01 0.5576000000D+00 0.1575528000D+03 0.0000000000D+00 0.0000000000D+00 0.2104400000D+01 0.4352370000D+01 0.0000000000D+00 0.0000000000D+00 0.3633100000D+01
812520121225201301302456286.5-0.1115060000D+02 0.8485600000D+00 0.4552860000D+03 0.0000000000D+00 0.0000000000D+00 0.8201500000D+01 0.4829319000D+01 0.0000000000D+00 0.0000000000D+00 0.9243000000D+00 0.1658240000D+02-0.6161000000D+00 0.1682662000D+03 0.0000000000D+00 0.0000000000D+00 0.2463700000D+01 0.8493200000D+00 0.0000000000D+00 0.0000000000D+00 0.3146300000D+01
