 6 8    2   33   41   48   56   63   84  115  6.6670  4.5860  3.3280  2.2960  1.3910  0.3940  0.3940  0.0790 12.0 50.0 55.0 50.0 53.0 18.0 12.0 36.0  125 2452639.5000 2003                                                                                                                                                                                                      
1  220021231200301122452639.5 0.3740000000D+00 0.1401000000D-01 0.3159710000D+02 0.4564000000D-01 0.1118000000D-02 0.3027000000D+00 0.5940654000D+01 0.1528400000D+01 0.3623200000D+01 0.1931000000D+01-0.3440000000D+00 0.4480000000D-02 0.1399510000D+02 0.7290000000D-02 0.1320000000D-03 0.1333000000D+00 0.4478697000D+01 0.5345200000D+01 0.1158000000D+01 0.4824000000D+00
1  320030112200301242452651.5 0.5455000000D+00 0.1105000000D-01 0.3132220000D+02 0.3787000000D-01 0.9470000000D-03 0.3008000000D+00 0.4276801000D+01 0.3404000000D+00 0.1749800000D+01 0.4670100000D+01-0.2960000000D+00 0.5650000000D-02 0.1403250000D+02 0.5140000000D-02 0.1890000000D-03 0.1322000000D+00 0.2805859000D+01 0.4567500000D+01 0.6853000000D+00 0.3185500000D+01
1  420030124200302052452663.5 0.6879000000D+00 0.7190000000D-02 0.3090870000D+02 0.4119000000D-01 0.4200000000D-03 0.2914000000D+00 0.2607926000D+01 0.5511200000D+01 0.6213300000D+01 0.1104700000D+01-0.2242000000D+00 0.6400000000D-02 0.1400600000D+02 0.6070000000D-02 0.3130000000D-03 0.1328000000D+00 0.1130749000D+01 0.3572900000D+01 0.5447600000D+01 0.5896200000D+01
1  520030205200302172452675.5 0.7715000000D+00 0.4030000000D-02 0.3038270000D+02 0.5042000000D-01 0.2820000000D-03 0.2855000000D+00 0.9332090000D+00 0.4138700000D+01 0.5559400000D+01 0.3820500000D+01-0.1485000000D+00 0.6640000000D-02 0.1392730000D+02 0.6850000000D-02 0.3740000000D-03 0.1317000000D+00 0.5736726000D+01 0.2471500000D+01 0.3559300000D+01 0.2324700000D+01
1  620030217200303012452687.5 0.8294000000D+00 0.8900000000D-03 0.2977480000D+02 0.5749000000D-01 0.5370000000D-03 0.2761000000D+00 0.5535936000D+01 0.2657200000D+01 0.4239000000D+01 0.2356000000D+00-0.6440000000D-01 0.6860000000D-02 0.1381210000D+02 0.1045000000D-01 0.2480000000D-03 0.1324000000D+00 0.4057569000D+01 0.1452500000D+01 0.1302600000D+01 0.5032200000D+01
1  720030301200303132452699.5 0.8272000000D+00-0.1930000000D-02 0.2913020000D+02 0.6119000000D-01 0.7620000000D-03 0.2716000000D+00 0.3849393000D+01 0.1104200000D+01 0.2477800000D+01 0.2918800000D+01 0.2020000000D-01 0.6520000000D-02 0.1367820000D+02 0.1596000000D-01 0.1220000000D-03 0.1296000000D+00 0.2375147000D+01 0.6174800000D+01 0.4634100000D+01 0.1464500000D+01
1  820030313200303252452711.5 0.8058000000D+00-0.4230000000D-02 0.2847000000D+02 0.6280000000D-01 0.7850000000D-03 0.2659000000D+00 0.2157931000D+01 0.5876800000D+01 0.5997000000D+00 0.5617600000D+01 0.9660000000D-01 0.6240000000D-02 0.1352340000D+02 0.1947000000D-01 0.1120000000D-03 0.1274000000D+00 0.6897900000D+00 0.4469100000D+01 0.1200600000D+01 0.4164200000D+01
1  920030325200304062452723.5 0.7463000000D+00-0.6780000000D-02 0.2782990000D+02 0.6680000000D-01 0.4150000000D-03 0.2631000000D+00 0.4622660000D+00 0.4419900000D+01 0.4609700000D+01 0.2017800000D+01 0.1733000000D+00 0.5420000000D-02 0.1334760000D+02 0.1993000000D-01 0.1080000000D-03 0.1248000000D+00 0.5285251000D+01 0.2796900000D+01 0.4579000000D+01 0.5858000000D+00
1 1020030406200304182452735.5 0.6643000000D+00-0.8300000000D-02 0.2726350000D+02 0.7492000000D-01 0.1310000000D-03 0.2580000000D+00 0.5045564000D+01 0.2841600000D+01 0.7044000000D+00 0.4718800000D+01 0.2319000000D+00 0.4420000000D-02 0.1316690000D+02 0.2000000000D-01 0.1770000000D-03 0.1221000000D+00 0.3595710000D+01 0.1107100000D+01 0.2032600000D+01 0.3263900000D+01
1 1120030418200304302452747.5 0.5710000000D+00-0.9980000000D-02 0.2675520000D+02 0.7937000000D-01 0.4620000000D-03 0.2505000000D+00 0.3341767000D+01 0.1196700000D+01 0.3923700000D+01 0.1116800000D+01 0.2875000000D+00 0.3210000000D-02 0.1297520000D+02 0.2006000000D-01 0.1940000000D-03 0.1212000000D+00 0.1904979000D+01 0.5777300000D+01 0.6203000000D+01 0.5960800000D+01
1 1220030430200305122452759.5 0.4488000000D+00-0.1054000000D-01 0.2630440000D+02 0.7657000000D-01 0.4580000000D-03 0.2460000000D+00 0.1634819000D+01 0.5843900000D+01 0.1730600000D+01 0.3805300000D+01 0.3230000000D+00 0.1750000000D-02 0.1278000000D+02 0.2076000000D-01 0.1950000000D-03 0.1196000000D+00 0.2133020000D+00 0.4208200000D+01 0.3655300000D+01 0.2367200000D+01
1 1320030512200305242452771.5 0.3341000000D+00-0.1089000000D-01 0.2593320000D+02 0.7286000000D-01 0.4120000000D-03 0.2399000000D+00 0.6209404000D+01 0.4215100000D+01 0.5701200000D+01 0.1873000000D+00 0.3474000000D+00 0.5900000000D-03 0.1259450000D+02 0.2402000000D-01 0.1360000000D-03 0.1198000000D+00 0.4804171000D+01 0.2538000000D+01 0.8375000000D+00 0.5069500000D+01
1 1420030524200306052452783.5 0.1949000000D+00-0.1084000000D-01 0.2563380000D+02 0.6847000000D-01 0.3370000000D-03 0.2400000000D+00 0.4499532000D+01 0.2630000000D+01 0.3499700000D+01 0.2860700000D+01 0.3567000000D+00-0.7000000000D-03 0.1240890000D+02 0.2599000000D-01 0.1950000000D-03 0.1166000000D+00 0.3110268000D+01 0.8036000000D+00 0.4017300000D+01 0.1490700000D+01
1 1520030605200306172452795.5 0.6840000000D-01-0.1039000000D-01 0.2541990000D+02 0.6652000000D-01 0.2120000000D-03 0.2386000000D+00 0.2789579000D+01 0.1069700000D+01 0.9259000000D+00 0.5542300000D+01 0.3478000000D+00-0.1520000000D-02 0.1221980000D+02 0.2500000000D-01 0.1690000000D-03 0.1151000000D+00 0.1415145000D+01 0.5355700000D+01 0.1518400000D+01 0.4191700000D+01
1 1620030617200306292452807.5-0.6510000000D-01-0.1042000000D-01 0.2530380000D+02 0.7034000000D-01 0.2280000000D-03 0.2423000000D+00 0.1080597000D+01 0.5751600000D+01 0.2828800000D+01 0.1942700000D+01 0.3320000000D+00-0.2410000000D-02 0.1203070000D+02 0.2344000000D-01 0.1200000000D-03 0.1121000000D+00 0.6002934000D+01 0.3699800000D+01 0.5180900000D+01 0.6092000000D+00
1 1720030629200307112452819.5-0.1934000000D+00-0.9870000000D-02 0.2529220000D+02 0.7002000000D-01 0.6000000000D-03 0.2408000000D+00 0.5654873000D+01 0.4095700000D+01 0.4705000000D+00 0.4642100000D+01 0.2975000000D+00-0.3080000000D-02 0.1185190000D+02 0.2166000000D-01 0.1130000000D-03 0.1102000000D+00 0.4306755000D+01 0.2072200000D+01 0.2506900000D+01 0.3289900000D+01
1 1820030711200307232452831.5-0.3092000000D+00-0.9830000000D-02 0.2536660000D+02 0.6430000000D-01 0.6780000000D-03 0.2413000000D+00 0.3946923000D+01 0.2457200000D+01 0.4527000000D+01 0.1048400000D+01 0.2617000000D+00-0.3710000000D-02 0.1168830000D+02 0.2118000000D-01 0.9600000000D-04 0.1092000000D+00 0.2610469000D+01 0.4774000000D+00 0.4012000000D+00 0.5992200000D+01
1 1920030723200308042452843.5-0.4304000000D+00-0.9010000000D-02 0.2551280000D+02 0.5851000000D-01 0.4870000000D-03 0.2417000000D+00 0.2240957000D+01 0.9255000000D+00 0.2514200000D+01 0.3748700000D+01 0.2129000000D+00-0.4370000000D-02 0.1154640000D+02 0.2218000000D-01 0.7500000000D-04 0.1088000000D+00 0.9140250000D+00 0.5196100000D+01 0.2708000000D+01 0.2397900000D+01
1 2020030804200308162452855.5-0.5263000000D+00-0.8050000000D-02 0.2575580000D+02 0.5394000000D-01 0.2240000000D-03 0.2428000000D+00 0.5376780000D+00 0.5712200000D+01 0.4461000000D+00 0.1444000000D+00 0.1624000000D+00-0.4710000000D-02 0.1144260000D+02 0.2254000000D-01 0.2110000000D-03 0.1094000000D+00 0.5499952000D+01 0.3529100000D+01 0.6242300000D+01 0.5108000000D+01
1 2120030816200308282452867.5-0.6281000000D+00-0.6510000000D-02 0.2607890000D+02 0.5387000000D-01 0.9000000000D-04 0.2482000000D+00 0.5121110000D+01 0.4219700000D+01 0.5801600000D+01 0.2846600000D+01 0.1073000000D+00-0.5110000000D-02 0.1136980000D+02 0.2084000000D-01 0.3450000000D-03 0.1080000000D+00 0.3802063000D+01 0.1893700000D+01 0.4013600000D+01 0.1532100000D+01
1 2220030828200309092452879.5-0.6999000000D+00-0.4370000000D-02 0.2648650000D+02 0.5630000000D-01 0.3540000000D-03 0.2531000000D+00 0.3425184000D+01 0.2705200000D+01 0.5263500000D+01 0.5546300000D+01 0.4660000000D-01-0.5050000000D-02 0.1133310000D+02 0.1759000000D-01 0.2820000000D-03 0.1087000000D+00 0.2104199000D+01 0.4502000000D+00 0.1963700000D+01 0.4243600000D+01
1 2320030909200309212452891.5-0.7614000000D+00-0.2400000000D-02 0.2699360000D+02 0.5464000000D-01 0.6540000000D-03 0.2628000000D+00 0.1733630000D+01 0.1109300000D+01 0.3122900000D+01 0.1978300000D+01-0.1080000000D-01-0.5060000000D-02 0.1135060000D+02 0.1712000000D-01 0.1630000000D-03 0.1076000000D+00 0.4077780000D+00 0.5390300000D+01 0.1455000000D+00 0.6669000000D+00
1 2420030921200310032452903.5-0.7940000000D+00 0.2200000000D-03 0.2756560000D+02 0.5005000000D-01 0.8670000000D-03 0.2665000000D+00 0.4575500000D-01 0.5882800000D+01 0.1020000000D+01 0.4703500000D+01-0.7570000000D-01-0.4840000000D-02 0.1142750000D+02 0.1909000000D-01 0.1170000000D-03 0.1087000000D+00 0.4996024000D+01 0.4034800000D+01 0.5686200000D+01 0.3363100000D+01
1 2520031003200310152452915.5-0.7928000000D+00 0.2360000000D-02 0.2817760000D+02 0.4944000000D-01 0.6000000000D-03 0.2738000000D+00 0.4645404000D+01 0.4518500000D+01 0.5420200000D+01 0.1146500000D+01-0.1325000000D+00-0.4670000000D-02 0.1157310000D+02 0.2132000000D-01 0.1870000000D-03 0.1103000000D+00 0.3303414000D+01 0.2598000000D+01 0.4348700000D+01 0.6077300000D+01
1 2620031015200310272452927.5-0.7680000000D+00 0.5280000000D-02 0.2880840000D+02 0.5556000000D-01 0.2800000000D-03 0.2781000000D+00 0.2967279000D+01 0.3080900000D+01 0.4579800000D+01 0.3880900000D+01-0.1939000000D+00-0.4550000000D-02 0.1178660000D+02 0.2324000000D-01 0.3230000000D-03 0.1137000000D+00 0.1614175000D+01 0.1080500000D+01 0.2529000000D+01 0.2494900000D+01
1 2720031027200311082452939.5-0.6928000000D+00 0.8120000000D-02 0.2945700000D+02 0.6077000000D-01 0.5650000000D-03 0.2823000000D+00 0.1293946000D+01 0.1600800000D+01 0.3792700000D+01 0.3160000000D+00-0.2469000000D+00-0.4160000000D-02 0.1206280000D+02 0.2403000000D-01 0.3700000000D-03 0.1176000000D+00 0.6211162000D+01 0.5922200000D+01 0.6062000000D+00 0.5222400000D+01
1 2820031108200311202452951.5-0.5981000000D+00 0.1136000000D-01 0.3009060000D+02 0.6069000000D-01 0.7140000000D-03 0.2892000000D+00 0.5908759000D+01 0.9590000000D-01 0.2105500000D+01 0.3055500000D+01-0.2971000000D+00-0.3720000000D-02 0.1238220000D+02 0.2650000000D-01 0.2610000000D-03 0.1206000000D+00 0.4529225000D+01 0.4502600000D+01 0.4916000000D+01 0.1665300000D+01
1 2920031120200312022452963.5-0.4517000000D+00 0.1450000000D-01 0.3066460000D+02 0.5789000000D-01 0.8090000000D-03 0.2942000000D+00 0.4244461000D+01 0.4879300000D+01 0.3076000000D+00 0.5783100000D+01-0.3402000000D+00-0.2590000000D-02 0.1272470000D+02 0.3138000000D-01 0.8200000000D-04 0.1252000000D+00 0.2852187000D+01 0.2980600000D+01 0.4942300000D+01 0.4401000000D+01
1 3020031202200312142452975.5-0.2860000000D+00 0.1656000000D-01 0.3116140000D+02 0.5343000000D-01 0.5150000000D-03 0.3026000000D+00 0.2582952000D+01 0.3521100000D+01 0.4931100000D+01 0.2240700000D+01-0.3681000000D+00-0.1250000000D-02 0.1308620000D+02 0.3263000000D-01 0.2990000000D-03 0.1266000000D+00 0.1179668000D+01 0.1408100000D+01 0.3848300000D+01 0.8499000000D+00
1 3120031214200312262452987.5-0.8870000000D-01 0.1777000000D-01 0.3150680000D+02 0.5321000000D-01 0.2220000000D-03 0.3032000000D+00 0.9231810000D+00 0.2172500000D+01 0.4557600000D+01 0.4988000000D+01-0.3863000000D+00 0.6300000000D-03 0.1343340000D+02 0.3007000000D-01 0.3580000000D-03 0.1297000000D+00 0.5793858000D+01 0.6109700000D+01 0.2010400000D+01 0.3574300000D+01
1 3220031226200401072452999.5 0.1211000000D+00 0.1677000000D-01 0.3166820000D+02 0.5353000000D-01 0.7770000000D-03 0.3064000000D+00 0.5547238000D+01 0.7018000000D+00 0.3146900000D+01 0.1445700000D+01-0.3769000000D+00 0.2510000000D-02 0.1373710000D+02 0.2602000000D-01 0.3370000000D-03 0.1312000000D+00 0.4126811000D+01 0.4589000000D+01 0.4611000000D+00 0.2410000000D-01
2 3320021231200302192452639.5 0.2253000000D+00 0.6600000000D-03 0.4055990000D+02 0.4861000000D-01 0.8240000000D-03 0.9410000000D-01 0.2386328000D+01 0.4573100000D+01 0.2207000000D+00-0.5636500000D+01-0.7270000000D-01 0.8800000000D-03 0.1851490000D+02 0.1580000000D-01 0.3480000000D-03 0.4560000000D-01 0.9685290000D+00 0.3212200000D+01 0.4973000000D+01-0.7391000000D+00
2 3420030219200304102452689.5 0.2559000000D+00-0.5000000000D-04 0.3803580000D+02 0.7839000000D-01 0.4860000000D-03 0.9080000000D-01 0.5498964000D+01 0.2791800000D+01 0.4061800000D+01-0.6066500000D+01-0.2850000000D-01 0.6600000000D-03 0.1747820000D+02 0.3447000000D-01 0.1820000000D-03 0.3890000000D-01 0.4071969000D+01 0.1404700000D+01 0.2625600000D+01-0.1177500000D+01
2 3520030410200305302452739.5 0.2511000000D+00-0.2800000000D-03 0.3476750000D+02 0.1016900000D+00 0.2550000000D-03 0.8010000000D-01 0.2239605000D+01 0.8100000000D-01 0.1750200000D+01-0.2870000000D+00 0.3800000000D-02 0.4500000000D-03 0.1605740000D+02 0.4352000000D-01 0.8000000000D-04 0.3690000000D-01 0.8175800000D+00 0.4913900000D+01 0.4618000000D+00-0.1731900000D+01
2 3620030530200307192452789.5 0.2370000000D+00-0.1200000000D-03 0.3282370000D+02 0.1013200000D+00 0.2650000000D-03 0.7750000000D-01 0.5207029000D+01 0.3434100000D+01 0.5537100000D+01-0.8299000000D+00 0.2590000000D-01 0.3900000000D-03 0.1510290000D+02 0.4174000000D-01 0.1110000000D-03 0.3510000000D-01 0.3800961000D+01 0.1915300000D+01 0.4385700000D+01-0.2266200000D+01
2 3720030719200309072452839.5 0.2317000000D+00-0.7000000000D-04 0.3278310000D+02 0.9109000000D-01 0.3950000000D-03 0.7800000000D-01 0.1884009000D+01 0.5034000000D+00 0.2613300000D+01-0.1373000000D+01 0.4450000000D-01 0.4400000000D-03 0.1480720000D+02 0.3369000000D-01 0.1800000000D-03 0.3570000000D-01 0.4993820000D+00 0.5215300000D+01 0.1218100000D+01-0.2741400000D+01
2 3820030907200310272452889.5 0.2294000000D+00-0.2800000000D-03 0.3457840000D+02 0.8086000000D-01 0.5460000000D-03 0.8530000000D-01 0.4879369000D+01 0.4080000000D+01 0.6157800000D+01-0.1810100000D+01 0.6580000000D-01 0.5800000000D-03 0.1521660000D+02 0.2643000000D-01 0.2370000000D-03 0.3720000000D-01 0.3513871000D+01 0.2626400000D+01 0.4435700000D+01-0.3184200000D+01
2 3920031027200312162452939.5 0.2156000000D+00-0.1110000000D-02 0.3776580000D+02 0.7556000000D-01 0.6710000000D-03 0.8720000000D-01 0.1659330000D+01 0.1695800000D+01 0.3971600000D+01-0.2215900000D+01 0.9640000000D-01 0.5500000000D-03 0.1640280000D+02 0.3352000000D-01 0.1910000000D-03 0.4230000000D-01 0.3019480000D+00 0.3343000000D+00 0.2420000000D+01-0.3568200000D+01
2 4020031216200402042452989.5 0.1570000000D+00-0.2140000000D-02 0.4040780000D+02 0.5951000000D-01 0.8490000000D-03 0.9690000000D-01 0.4797522000D+01 0.5959600000D+01 0.2088100000D+01-0.2592000000D+01 0.1260000000D+00 0.1700000000D-03 0.1781980000D+02 0.2779000000D-01 0.3940000000D-03 0.4120000000D-01 0.3431571000D+01 0.4152100000D+01 0.6425000000D+00-0.3877000000D+01
3 4120021231200302242452639.5-0.2200000000D-02 0.7000000000D-04 0.5024900000D+02 0.9853000000D-01 0.1026000000D-02 0.5800000000D-02 0.2518117000D+01 0.4479100000D+01 0.3911000000D+00-0.3621800000D+01 0.4000000000D-03 0.5000000000D-04 0.2379330000D+02 0.4084000000D-01 0.4390000000D-03 0.3000000000D-02 0.1092203000D+01 0.3008300000D+01 0.5145900000D+01-0.5469600000D+01
3 4220030224200304202452694.5 0.1400000000D-02-0.7000000000D-04 0.4667580000D+02 0.9084000000D-01 0.6270000000D-03 0.4200000000D-02 0.3397155000D+01 0.3460000000D+00 0.2147500000D+01-0.2535100000D+01 0.2300000000D-02 0.0000000000D+00 0.2227850000D+02 0.4039000000D-01 0.2400000000D-03 0.2100000000D-02 0.1967757000D+01 0.5136300000D+01 0.7059000000D+00-0.3558100000D+01
3 4320030420200306142452749.5-0.7000000000D-03 0.0000000000D+00 0.4237720000D+02 0.9718000000D-01 0.3900000000D-03 0.3300000000D-02 0.4172564000D+01 0.1911900000D+01 0.3831200000D+01-0.8316000000D+00 0.2000000000D-02-0.1000000000D-04 0.2030000000D+02 0.4010000000D-01 0.1370000000D-03 0.1800000000D-02 0.2759250000D+01 0.3438000000D+00 0.2507800000D+01-0.2531000000D+01
3 4420030614200308082452804.5-0.1100000000D-02 0.1000000000D-04 0.4034230000D+02 0.9114000000D-01 0.4290000000D-03 0.4400000000D-02 0.4888618000D+01 0.3186900000D+01 0.5244400000D+01-0.5905000000D+01 0.1700000000D-02 0.0000000000D+00 0.1911910000D+02 0.3377000000D-01 0.1790000000D-03 0.1600000000D-02 0.3505353000D+01 0.1531300000D+01 0.4013100000D+01-0.9905000000D+00
3 4520030808200310022452859.5-0.2100000000D-02 0.6000000000D-04 0.4114640000D+02 0.8256000000D-01 0.6140000000D-03 0.4200000000D-02 0.5606926000D+01 0.4565100000D+01 0.2477000000D+00-0.4447300000D+01 0.1400000000D-02 0.0000000000D+00 0.1892390000D+02 0.2205000000D-01 0.2760000000D-03 0.2200000000D-02 0.4257056000D+01 0.2952500000D+01 0.5012100000D+01-0.5769600000D+01
3 4620031002200311262452914.5 0.1600000000D-02-0.5000000000D-04 0.4457520000D+02 0.9106000000D-01 0.8210000000D-03 0.7700000000D-02 0.9729400000D-01 0.6275500000D+01 0.1893400000D+01-0.2729900000D+01 0.1000000000D-02 0.4000000000D-04 0.1984170000D+02 0.3143000000D-01 0.2750000000D-03 0.2700000000D-02 0.5054751000D+01 0.5099900000D+01 0.1493000000D+00-0.3828200000D+01
3 4720031126200401202452969.5-0.2000000000D-03-0.5000000000D-04 0.4896750000D+02 0.1121400000D+00 0.1000000000D-02 0.7000000000D-02 0.9619150000D+00 0.1902700000D+01 0.4090600000D+01-0.3102000000D+00 0.4300000000D-02-0.6000000000D-04 0.2171210000D+02 0.5138000000D-01 0.4230000000D-03 0.3500000000D-02 0.5922463000D+01 0.3740000000D+00 0.2780100000D+01-0.2203800000D+01
4 4820021231200302192452639.5 0.9400000000D-02-0.4500000000D-03 0.6429540000D+02 0.9210000000D-01 0.1271000000D-02 0.5140000000D-01 0.3184590000D+01 0.5252600000D+01 0.9814000000D+00 0.9200000000D-01 0.1016000000D+00-0.1800000000D-03 0.2937700000D+02 0.3236000000D-01 0.5250000000D-03 0.2570000000D-01 0.1767148000D+01 0.3860500000D+01 0.5749600000D+01 0.4851100000D+01
4 4920030219200304102452689.5-0.2210000000D-01-0.9000000000D-04 0.6031980000D+02 0.1174900000D+00 0.8310000000D-03 0.4970000000D-01 0.4911884000D+01 0.2005900000D+01 0.3524000000D+01 0.3389600000D+01 0.8920000000D-01-0.1200000000D-03 0.2772830000D+02 0.5067000000D-01 0.3050000000D-03 0.2460000000D-01 0.3485436000D+01 0.6197000000D+00 0.2075600000D+01 0.1907800000D+01
4 5020030410200305302452739.5-0.2170000000D-01 0.1200000000D-03 0.5511410000D+02 0.1435100000D+00 0.4800000000D-03 0.4960000000D-01 0.2701620000D+00 0.4315500000D+01 0.5952800000D+01 0.3150000000D+00 0.8290000000D-01-0.1300000000D-03 0.2545930000D+02 0.6056000000D-01 0.1590000000D-03 0.2390000000D-01 0.5131946000D+01 0.2849400000D+01 0.4543500000D+01 0.5183200000D+01
4 5120030530200307192452789.5-0.1570000000D-01 0.1300000000D-03 0.5205080000D+02 0.1471900000D+00 0.4320000000D-03 0.5120000000D-01 0.1851660000D+01 0.5560000000D-01 0.1975700000D+01 0.3471100000D+01 0.7690000000D-01 0.0000000000D+00 0.2394880000D+02 0.5995000000D-01 0.1630000000D-03 0.2330000000D-01 0.4466420000D+00 0.4808000000D+01 0.7738000000D+00 0.2099900000D+01
4 5220030719200309072452839.5-0.1090000000D-01 0.1500000000D-03 0.5195780000D+02 0.1398900000D+00 0.5850000000D-03 0.5290000000D-01 0.3418875000D+01 0.2052600000D+01 0.4084600000D+01 0.3696000000D+00 0.7720000000D-01 0.3000000000D-04 0.2346450000D+02 0.5103000000D-01 0.2730000000D-03 0.2240000000D-01 0.2035051000D+01 0.4638000000D+00 0.2672300000D+01 0.5274200000D+01
4 5320030907200310272452889.5-0.4000000000D-03-0.2000000000D-03 0.5482880000D+02 0.1293000000D+00 0.8540000000D-03 0.5600000000D-01 0.5013425000D+01 0.4206300000D+01 0.2070000000D-01 0.3603600000D+01 0.7800000000D-01 0.1200000000D-03 0.2410720000D+02 0.4211000000D-01 0.3680000000D-03 0.2330000000D-01 0.3648946000D+01 0.2748200000D+01 0.4552900000D+01 0.2254700000D+01
4 5420031027200312162452939.5-0.1350000000D-01-0.4000000000D-03 0.5988500000D+02 0.1191200000D+00 0.1112000000D-02 0.5870000000D-01 0.3890290000D+00 0.4133000000D+00 0.2655000000D+01 0.6233000000D+00 0.8770000000D-01 0.1000000000D-03 0.2596550000D+02 0.5332000000D-01 0.3390000000D-03 0.2190000000D-01 0.5315880000D+01 0.5315500000D+01 0.1084000000D+01 0.5471200000D+01
4 5520031216200402042452989.5-0.3400000000D-01-0.6400000000D-03 0.6407200000D+02 0.1012900000D+00 0.1300000000D-02 0.5910000000D-01 0.2125896000D+01 0.3324100000D+01 0.5615400000D+01 0.3986600000D+01 0.8720000000D-01-0.8000000000D-04 0.2821410000D+02 0.4633000000D-01 0.6170000000D-03 0.2360000000D-01 0.7605120000D+00 0.1528600000D+01 0.4160200000D+01 0.2597200000D+01
5 5620021231200302222452639.5 0.1539000000D+00-0.3700000000D-03 0.8976110000D+02 0.1433200000D+00 0.1738000000D-02 0.5240000000D-01 0.3419270000D+01 0.5450400000D+01 0.1238500000D+01 0.2514500000D+01 0.1510000000D-01-0.3000000000D-04 0.4112920000D+02 0.5159000000D-01 0.7240000000D-03 0.2390000000D-01 0.2013174000D+01 0.4040800000D+01 0.5998600000D+01 0.1177000000D+01
5 5720030222200304162452692.5 0.1401000000D+00-0.3500000000D-03 0.8373580000D+02 0.1638800000D+00 0.1137000000D-02 0.4560000000D-01 0.1777762000D+01 0.5105100000D+01 0.4711000000D+00 0.5444700000D+01 0.1540000000D-01-0.8000000000D-04 0.3863510000D+02 0.7083000000D-01 0.4280000000D-03 0.2130000000D-01 0.3621570000D+00 0.3705400000D+01 0.5315600000D+01 0.4004000000D+01
5 5820030416200306082452745.5 0.1245000000D+00-0.2100000000D-03 0.7620730000D+02 0.1897300000D+00 0.6850000000D-03 0.4390000000D-01 0.4168100000D-01 0.4100200000D+01 0.5791800000D+01 0.1934600000D+01 0.1000000000D-01-0.8000000000D-04 0.3530470000D+02 0.8055000000D-01 0.2320000000D-03 0.1950000000D-01 0.4916560000D+01 0.2620100000D+01 0.4438800000D+01 0.5391000000D+00
5 5920030608200307312452798.5 0.1131000000D+00 0.0000000000D+00 0.7230220000D+02 0.1934900000D+00 0.6330000000D-03 0.4390000000D-01 0.4525955000D+01 0.2797800000D+01 0.4694400000D+01 0.4704200000D+01 0.5300000000D-02-0.9000000000D-04 0.3323780000D+02 0.7774000000D-01 0.2530000000D-03 0.1930000000D-01 0.3136434000D+01 0.1241800000D+01 0.3504400000D+01 0.3331800000D+01
5 6020030731200309222452851.5 0.1122000000D+00 0.8000000000D-04 0.7311750000D+02 0.1857800000D+00 0.8990000000D-03 0.4680000000D-01 0.2716344000D+01 0.1475900000D+01 0.3489800000D+01 0.1210500000D+01 0.0000000000D+00-0.8000000000D-04 0.3280060000D+02 0.6415000000D-01 0.4220000000D-03 0.2030000000D-01 0.1350087000D+01 0.6170800000D+01 0.2008400000D+01 0.6162700000D+01
5 6120030922200311142452904.5 0.1172000000D+00 0.1700000000D-03 0.7842670000D+02 0.1755800000D+00 0.1356000000D-02 0.5130000000D-01 0.9455450000D+00 0.3652000000D+00 0.2502500000D+01 0.4110300000D+01-0.2800000000D-02-0.4000000000D-04 0.3419780000D+02 0.5913000000D-01 0.5130000000D-03 0.2260000000D-01 0.5880717000D+01 0.5289400000D+01 0.7062000000D+00 0.2743900000D+01
5 6220031114200401062452957.5 0.1330000000D+00 0.3000000000D-04 0.8614350000D+02 0.1650500000D+00 0.1725000000D-02 0.5840000000D-01 0.5537652000D+01 0.5977500000D+01 0.1966000000D+01 0.8030000000D+00-0.2100000000D-02-0.2000000000D-04 0.3739170000D+02 0.8052000000D-01 0.6120000000D-03 0.2360000000D-01 0.4192796000D+01 0.4486700000D+01 0.6049000000D+00 0.5760200000D+01
6 6320021231200301182452639.5 0.8601500000D+01-0.4660000000D-02 0.2078854000D+03 0.3375900000D+00 0.0000000000D+00 0.2947200000D+01 0.4952218000D+01 0.7610000000D+00 0.0000000000D+00 0.5544200000D+01-0.9916000000D+00 0.5647000000D-01 0.9347110000D+02 0.1506000000D+00 0.0000000000D+00 0.1333700000D+01 0.3538622000D+01 0.5341400000D+01 0.0000000000D+00 0.4104300000D+01
6 6420030118200302052452657.5 0.9445300000D+01-0.1303000000D+00 0.2046919000D+03 0.4360100000D+00 0.0000000000D+00 0.2924300000D+01 0.5780643000D+01 0.1893600000D+01 0.0000000000D+00 0.8755000000D+00-0.6050000000D-01-0.3959000000D-01 0.9307320000D+02 0.1765800000D+00 0.0000000000D+00 0.1353000000D+01 0.4367793000D+01 0.7725000000D+00 0.0000000000D+00 0.5761800000D+01
6 6520030205200302232452675.5 0.7089500000D+01 0.1112400000D+00 0.2008771000D+03 0.4351800000D+00 0.0000000000D+00 0.2952200000D+01 0.3303190000D+00 0.3533900000D+01 0.0000000000D+00 0.2531400000D+01-0.3224000000D+00-0.1352000000D-01 0.9073400000D+02 0.1616600000D+00 0.0000000000D+00 0.1303800000D+01 0.5191775000D+01 0.1902400000D+01 0.0000000000D+00 0.1111200000D+01
6 6620030223200303132452693.5 0.8405800000D+01-0.5211000000D-01 0.1931646000D+03 0.3181400000D+00 0.0000000000D+00 0.2797300000D+01 0.1143481000D+01 0.4511500000D+01 0.0000000000D+00 0.4174400000D+01-0.7398000000D+00 0.3665000000D-01 0.8818130000D+02 0.1660400000D+00 0.0000000000D+00 0.1293500000D+01 0.6009130000D+01 0.3252700000D+01 0.0000000000D+00 0.2732800000D+01
6 6720030313200303312452711.5 0.7749900000D+01-0.1316000000D-01 0.1871056000D+03 0.3643400000D+00 0.0000000000D+00 0.2689200000D+01 0.1944351000D+01 0.5529600000D+01 0.0000000000D+00 0.5771300000D+01-0.1670000000D-01-0.4671000000D-01 0.8486410000D+02 0.1144400000D+00 0.0000000000D+00 0.1238600000D+01 0.5237570000D+00 0.3964100000D+01 0.0000000000D+00 0.4377400000D+01
6 6820030331200304182452729.5 0.6798300000D+01 0.7153000000D-01 0.1810882000D+03 0.3605300000D+00 0.0000000000D+00 0.2594100000D+01 0.2732030000D+01 0.6300000000D-01 0.0000000000D+00 0.1104800000D+01-0.8832000000D+00 0.4502000000D-01 0.8310780000D+02 0.1997700000D+00 0.0000000000D+00 0.1149600000D+01 0.1316405000D+01 0.4907400000D+01 0.0000000000D+00 0.5960900000D+01
6 6920030418200305062452747.5 0.8556900000D+01-0.1619100000D+00 0.1773638000D+03 0.5530100000D+00 0.0000000000D+00 0.2397300000D+01 0.3522632000D+01 0.1263000000D+01 0.0000000000D+00 0.2669900000D+01-0.4660000000D+00-0.3850000000D-02 0.8049830000D+02 0.1809900000D+00 0.0000000000D+00 0.1134100000D+01 0.2107157000D+01 0.6067000000D+01 0.0000000000D+00 0.1248300000D+01
6 7020030506200305242452765.5 0.6389000000D+01 0.4098000000D-01 0.1713421000D+03 0.4138200000D+00 0.0000000000D+00 0.2411400000D+01 0.4297323000D+01 0.2445300000D+01 0.0000000000D+00 0.4208500000D+01-0.1710000000D+00-0.5264000000D-01 0.7862340000D+02 0.2113600000D+00 0.0000000000D+00 0.1081100000D+01 0.2892246000D+01 0.8728000000D+00 0.0000000000D+00 0.2833600000D+01
6 7120030524200306112452783.5 0.6385700000D+01 0.3008000000D-01 0.1686159000D+03 0.4206400000D+00 0.0000000000D+00 0.2384700000D+01 0.5066106000D+01 0.3352500000D+01 0.0000000000D+00 0.5793200000D+01-0.1086600000D+01 0.3700000000D-01 0.7644020000D+02 0.1291500000D+00 0.0000000000D+00 0.1079400000D+01 0.3661752000D+01 0.1899200000D+01 0.0000000000D+00 0.4369400000D+01
6 7220030611200306292452801.5 0.7132300000D+01-0.7302000000D-01 0.1670194000D+03 0.3353700000D+00 0.0000000000D+00 0.2394200000D+01 0.5826831000D+01 0.4164100000D+01 0.0000000000D+00 0.1060700000D+01-0.5620000000D+00-0.3095000000D-01 0.7597980000D+02 0.1582400000D+00 0.0000000000D+00 0.1108200000D+01 0.4433998000D+01 0.2446900000D+01 0.0000000000D+00 0.5966400000D+01
6 7320030629200307172452819.5 0.5638400000D+01 0.8071000000D-01 0.1676267000D+03 0.4640700000D+00 0.0000000000D+00 0.2486300000D+01 0.3149560000D+00 0.4993200000D+01 0.0000000000D+00 0.2653200000D+01-0.9869000000D+00 0.2790000000D-02 0.7510780000D+02 0.1563700000D+00 0.0000000000D+00 0.1093300000D+01 0.5209809000D+01 0.3548700000D+01 0.0000000000D+00 0.1283200000D+01
6 7420030717200308042452837.5 0.6871500000D+01-0.6317000000D-01 0.1672353000D+03 0.4216100000D+00 0.0000000000D+00 0.2467000000D+01 0.1080273000D+01 0.6210400000D+01 0.0000000000D+00 0.4263300000D+01-0.1207300000D+01 0.1906000000D-01 0.7492160000D+02 0.1628100000D+00 0.0000000000D+00 0.1105000000D+01 0.5984925000D+01 0.4490000000D+01 0.0000000000D+00 0.2865600000D+01
6 7520030804200308222452855.5 0.6237100000D+01-0.4270000000D-02 0.1699081000D+03 0.3872300000D+00 0.0000000000D+00 0.2480000000D+01 0.1846989000D+01 0.7716000000D+00 0.0000000000D+00 0.5834700000D+01-0.7662000000D+00-0.4207000000D-01 0.7472720000D+02 0.1193900000D+00 0.0000000000D+00 0.1107800000D+01 0.4732250000D+00 0.5779300000D+01 0.0000000000D+00 0.4488400000D+01
6 7620030822200309092452873.5 0.5914700000D+01 0.3312000000D-01 0.1733138000D+03 0.3506300000D+00 0.0000000000D+00 0.2538800000D+01 0.2618457000D+01 0.1778400000D+01 0.0000000000D+00 0.1149100000D+01-0.1505300000D+01 0.2963000000D-01 0.7610810000D+02 0.1059000000D+00 0.0000000000D+00 0.1079700000D+01 0.1252547000D+01 0.6261600000D+01 0.0000000000D+00 0.6073600000D+01
6 7720030909200309272452891.5 0.7110200000D+01-0.1038200000D+00 0.1786453000D+03 0.4081200000D+00 0.0000000000D+00 0.2528400000D+01 0.3403433000D+01 0.2501700000D+01 0.0000000000D+00 0.2733700000D+01-0.9721000000D+00-0.3983000000D-01 0.7695280000D+02 0.1583100000D+00 0.0000000000D+00 0.1114000000D+01 0.2044206000D+01 0.1306900000D+01 0.0000000000D+00 0.1352500000D+01
6 7820030927200310152452909.5 0.4953300000D+01 0.1546000000D+00 0.1819519000D+03 0.5085400000D+00 0.0000000000D+00 0.2673200000D+01 0.4189727000D+01 0.3972300000D+01 0.0000000000D+00 0.4284600000D+01-0.1243200000D+01-0.2572000000D-01 0.7876630000D+02 0.1544200000D+00 0.0000000000D+00 0.1151200000D+01 0.2834216000D+01 0.2422300000D+01 0.0000000000D+00 0.2965200000D+01
6 7920031015200311022452927.5 0.6712600000D+01-0.1800000000D-02 0.1894256000D+03 0.3643500000D+00 0.0000000000D+00 0.2853000000D+01 0.4982853000D+01 0.5108700000D+01 0.0000000000D+00 0.5917300000D+01-0.1994600000D+01 0.5572000000D-01 0.8056450000D+02 0.2000200000D+00 0.0000000000D+00 0.1190800000D+01 0.3629328000D+01 0.3843000000D+01 0.0000000000D+00 0.4540100000D+01
6 8020031102200311202452945.5 0.7421400000D+01-0.6508000000D-01 0.1958059000D+03 0.3679400000D+00 0.0000000000D+00 0.2942700000D+01 0.5790104000D+01 0.1169000000D+00 0.0000000000D+00 0.1247900000D+01-0.1083900000D+01-0.4628000000D-01 0.8422150000D+02 0.1211500000D+00 0.0000000000D+00 0.1293500000D+01 0.4437600000D+01 0.4931900000D+01 0.0000000000D+00 0.6171100000D+01
6 8120031120200312082452963.5 0.6163400000D+01 0.1014100000D+00 0.2025482000D+03 0.2401400000D+00 0.0000000000D+00 0.3123000000D+01 0.3333530000D+00 0.1075200000D+01 0.0000000000D+00 0.2891100000D+01-0.1768600000D+01 0.2820000000D-01 0.8661660000D+02 0.1621900000D+00 0.0000000000D+00 0.1329300000D+01 0.5262535000D+01 0.5624400000D+01 0.0000000000D+00 0.1556200000D+01
6 8220031208200312262452981.5 0.8388300000D+01-0.1288400000D+00 0.2047684000D+03 0.4125600000D+00 0.0000000000D+00 0.3155200000D+01 0.1163320000D+01 0.2044300000D+01 0.0000000000D+00 0.4579000000D+01-0.1449900000D+01-0.1470000000D-02 0.8909060000D+02 0.1546800000D+00 0.0000000000D+00 0.1346500000D+01 0.6085301000D+01 0.5939000000D+00 0.0000000000D+00 0.3191700000D+01
6 8320031226200401132452999.5 0.6450700000D+01 0.9939000000D-01 0.2083052000D+03 0.4279700000D+00 0.0000000000D+00 0.3040800000D+01 0.1992394000D+01 0.3715700000D+01 0.0000000000D+00 0.6221400000D+01-0.1032800000D+01-0.5001000000D-01 0.9050150000D+02 0.1753300000D+00 0.0000000000D+00 0.1375500000D+01 0.6308730000D+00 0.1738000000D+01 0.0000000000D+00 0.4854400000D+01
7 8420021231200301122452639.5 0.4085100000D+02-0.6227560000D+01 0.2186024000D+03 0.1156902000D+02 0.0000000000D+00 0.6761700000D+01 0.2138654000D+01 0.3270000000D+00 0.0000000000D+00 0.5893700000D+01 0.1773850000D+02-0.3395820000D+01 0.9797750000D+02 0.4924870000D+01 0.0000000000D+00 0.2994400000D+01 0.6474900000D+00 0.5010500000D+01 0.0000000000D+00 0.4429800000D+01
7 8520030112200301242452651.5 0.4165520000D+02 0.3186520000D+01 0.2161552000D+03 0.1837279000D+02 0.0000000000D+00 0.9564000000D+00 0.5889233000D+01 0.3945300000D+01 0.0000000000D+00 0.3754200000D+01-0.2765660000D+02 0.2693240000D+01 0.9171120000D+02 0.7537260000D+01 0.0000000000D+00 0.2735000000D+00 0.4432563000D+01 0.2490000000D+01 0.0000000000D+00 0.2277200000D+01
7 8620030124200302052452663.5-0.3834020000D+02 0.5449970000D+01 0.2373993000D+03 0.1154260000D+02 0.0000000000D+00 0.3592800000D+01 0.2865456000D+01 0.6503000000D+00 0.0000000000D+00 0.1655900000D+01 0.2100200000D+02-0.6550090000D+01 0.7895720000D+02 0.2404950000D+01 0.0000000000D+00 0.2216700000D+01 0.1539827000D+01 0.6031700000D+01 0.0000000000D+00 0.5971000000D+00
7 8720030205200302172452675.5 0.7261180000D+02-0.1282390000D+01 0.1937892000D+03 0.1546831000D+02 0.0000000000D+00 0.7387000000D+00 0.3741510000D+00 0.4932800000D+01 0.0000000000D+00 0.1303100000D+01-0.3159290000D+02 0.5187350000D+01 0.7050310000D+02 0.6109180000D+01 0.0000000000D+00 0.7526000000D+00 0.5366458000D+01 0.3842000000D+01 0.0000000000D+00 0.5363200000D+01
7 8820030217200303012452687.5-0.3844960000D+02 0.1045169000D+02 0.2188705000D+03 0.1263745000D+02 0.0000000000D+00 0.1606100000D+01 0.3756451000D+01 0.1402600000D+01 0.0000000000D+00 0.4346600000D+01-0.3302030000D+02 0.1464910000D+01 0.1130446000D+03 0.7405070000D+01 0.0000000000D+00 0.3159000000D+00 0.2405348000D+01 0.8460000000D-01 0.0000000000D+00 0.3562400000D+01
7 8920030301200303132452699.5 0.1302858000D+03-0.1585524000D+02 0.1465920000D+03 0.3999440000D+01 0.0000000000D+00 0.4127000000D+01 0.8614790000D+00 0.5786300000D+01 0.0000000000D+00 0.2974800000D+01 0.1328900000D+02-0.8347300000D+00 0.8849350000D+02 0.4679080000D+01 0.0000000000D+00 0.2055000000D+01 0.5890415000D+01 0.4091300000D+01 0.0000000000D+00 0.1987400000D+01
7 9020030313200303252452711.5 0.1217670000D+02 0.4850580000D+01 0.2104214000D+03 0.1584535000D+02 0.0000000000D+00 0.7193000000D+00 0.4799224000D+01 0.2639600000D+01 0.0000000000D+00 0.1403600000D+01-0.2961930000D+02 0.1747880000D+01 0.9723200000D+02 0.7350860000D+01 0.0000000000D+00 0.4181000000D+00 0.3340806000D+01 0.1154800000D+01 0.0000000000D+00 0.6064800000D+01
7 9120030325200304062452723.5 0.3982120000D+02-0.5821890000D+01 0.1928558000D+03 0.1037710000D+02 0.0000000000D+00 0.5931300000D+01 0.1926417000D+01 0.5900000000D-01 0.0000000000D+00 0.5448500000D+01 0.1777240000D+02-0.3016630000D+01 0.8731370000D+02 0.4441660000D+01 0.0000000000D+00 0.2612700000D+01 0.4279800000D+00 0.4756500000D+01 0.0000000000D+00 0.4001100000D+01
7 9220030406200304182452735.5 0.2972230000D+02 0.3418440000D+01 0.1880380000D+03 0.1598722000D+02 0.0000000000D+00 0.9398000000D+00 0.5660897000D+01 0.3668500000D+01 0.0000000000D+00 0.3275300000D+01-0.2798260000D+02 0.2368390000D+01 0.8161640000D+02 0.6706760000D+01 0.0000000000D+00 0.2983000000D+00 0.4190800000D+01 0.2191400000D+01 0.0000000000D+00 0.1647900000D+01
7 9320030418200304302452747.5-0.4406500000D+01-0.1131390000D+01 0.1947966000D+03 0.9909830000D+01 0.0000000000D+00 0.4446400000D+01 0.2713160000D+01 0.7289000000D+00 0.0000000000D+00 0.1161900000D+01 0.2592570000D+02-0.6492770000D+01 0.6614680000D+02 0.1670710000D+01 0.0000000000D+00 0.1839700000D+01 0.1186644000D+01 0.5594000000D+01 0.0000000000D+00 0.1578000000D+00
7 9420030430200305122452759.5 0.4443930000D+02 0.1845500000D+01 0.1701864000D+03 0.1502270000D+02 0.0000000000D+00 0.4977000000D+00 0.1471190000D+00 0.4653600000D+01 0.0000000000D+00 0.5453700000D+01-0.3076670000D+02 0.4107820000D+01 0.6341330000D+02 0.5333860000D+01 0.0000000000D+00 0.5096000000D+00 0.5012925000D+01 0.3375500000D+01 0.0000000000D+00 0.4918300000D+01
7 9520030512200305242452771.5-0.5915260000D+02 0.1073914000D+02 0.1976250000D+03 0.1142104000D+02 0.0000000000D+00 0.1643500000D+01 0.3308696000D+01 0.8702000000D+00 0.0000000000D+00 0.3998300000D+01-0.2080280000D+02-0.5237500000D+00 0.9469600000D+02 0.5862340000D+01 0.0000000000D+00 0.3559000000D+00 0.2099543000D+01 0.6105200000D+01 0.0000000000D+00 0.1837700000D+01
7 9620030524200306052452783.5 0.1149808000D+03-0.1227687000D+02 0.1419303000D+03 0.5108470000D+01 0.0000000000D+00 0.3784000000D+01 0.4453210000D+00 0.5088700000D+01 0.0000000000D+00 0.2395900000D+01-0.1097310000D+02 0.2568190000D+01 0.6802050000D+02 0.4610240000D+01 0.0000000000D+00 0.1027500000D+01 0.5694648000D+01 0.4164000000D+01 0.0000000000D+00 0.1305500000D+01
7 9720030605200306172452795.5-0.1070120000D+02 0.5742700000D+01 0.1883631000D+03 0.1375978000D+02 0.0000000000D+00 0.5684000000D+00 0.4333130000D+01 0.2133800000D+01 0.0000000000D+00 0.5354000000D+00-0.2940910000D+02 0.1162700000D+01 0.8999290000D+02 0.6738490000D+01 0.0000000000D+00 0.3979000000D+00 0.2924090000D+01 0.7012000000D+00 0.0000000000D+00 0.5488800000D+01
7 9820030617200306292452807.5 0.5571760000D+02-0.7847340000D+01 0.1663741000D+03 0.8450530000D+01 0.0000000000D+00 0.5121800000D+01 0.1420746000D+01 0.5879600000D+01 0.0000000000D+00 0.4647900000D+01 0.1809760000D+02-0.2820390000D+01 0.8170460000D+02 0.4093630000D+01 0.0000000000D+00 0.2380600000D+01 0.6208836000D+01 0.4177300000D+01 0.0000000000D+00 0.3144100000D+01
7 9920030629200307112452819.5 0.7001200000D+01 0.4648900000D+01 0.1745834000D+03 0.1462367000D+02 0.0000000000D+00 0.8883000000D+00 0.5166180000D+01 0.3131200000D+01 0.0000000000D+00 0.2613800000D+01-0.3047270000D+02 0.1858500000D+01 0.7854220000D+02 0.6441120000D+01 0.0000000000D+00 0.3708000000D+00 0.3715456000D+01 0.1650100000D+01 0.0000000000D+00 0.8333000000D+00
710020030711200307232452831.5 0.3709870000D+02-0.8402080000D+01 0.1605297000D+03 0.8480370000D+01 0.0000000000D+00 0.5303500000D+01 0.2303896000D+01 0.6454000000D+00 0.0000000000D+00 0.4859000000D+00 0.2093470000D+02-0.4718390000D+01 0.7125890000D+02 0.2758970000D+01 0.0000000000D+00 0.1762900000D+01 0.6786350000D+00 0.4931300000D+01 0.0000000000D+00 0.5302400000D+01
710120030723200308042452843.5 0.1890830000D+02 0.4175430000D+01 0.1645799000D+03 0.1503322000D+02 0.0000000000D+00 0.9243000000D+00 0.5940245000D+01 0.4113100000D+01 0.0000000000D+00 0.4493900000D+01-0.3106800000D+02 0.2777900000D+01 0.6752690000D+02 0.5719670000D+01 0.0000000000D+00 0.2028000000D+00 0.4472878000D+01 0.2655700000D+01 0.0000000000D+00 0.3590700000D+01
710220030804200308162452855.5-0.6512760000D+02 0.7905190000D+01 0.2142307000D+03 0.1237438000D+02 0.0000000000D+00 0.1218000000D+01 0.2768944000D+01 0.3796000000D+00 0.0000000000D+00 0.2693100000D+01 0.2384400000D+01-0.4098560000D+01 0.7514270000D+02 0.3448040000D+01 0.0000000000D+00 0.1159300000D+01 0.1563701000D+01 0.5681400000D+01 0.0000000000D+00 0.1018500000D+01
710320030816200308282452867.5 0.6629250000D+02-0.2981750000D+01 0.1633295000D+03 0.1134968000D+02 0.0000000000D+00 0.1992500000D+01 0.1524090000D+00 0.4796600000D+01 0.0000000000D+00 0.1723300000D+01-0.3656720000D+02 0.5393770000D+01 0.5233470000D+02 0.4478840000D+01 0.0000000000D+00 0.8593000000D+00 0.5260565000D+01 0.3971700000D+01 0.0000000000D+00 0.5849000000D+01
710420030828200309092452879.5-0.4318660000D+02 0.7699710000D+01 0.2025490000D+03 0.1377937000D+02 0.0000000000D+00 0.7672000000D+00 0.3670978000D+01 0.1397400000D+01 0.0000000000D+00 0.5220300000D+01-0.2905660000D+02 0.4303300000D+00 0.9443920000D+02 0.6796880000D+01 0.0000000000D+00 0.3294000000D+00 0.2374770000D+01 0.1151000000D+00 0.0000000000D+00 0.4635400000D+01
710520030909200309212452891.5 0.1039082000D+03-0.1379997000D+02 0.1583580000D+03 0.5042220000D+01 0.0000000000D+00 0.4670600000D+01 0.6354300000D+00 0.5092800000D+01 0.0000000000D+00 0.3321800000D+01 0.9314200000D+01-0.1249750000D+01 0.8486000000D+02 0.4465040000D+01 0.0000000000D+00 0.2420900000D+01 0.5701243000D+01 0.3753100000D+01 0.0000000000D+00 0.2184900000D+01
710620030921200310032452903.5-0.1861110000D+02 0.6237130000D+01 0.1944696000D+03 0.1542400000D+02 0.0000000000D+00 0.7825000000D+00 0.4556443000D+01 0.2458000000D+01 0.0000000000D+00 0.1595100000D+01-0.3257070000D+02 0.1190940000D+01 0.8783220000D+02 0.7081090000D+01 0.0000000000D+00 0.4706000000D+00 0.3179521000D+01 0.1051100000D+01 0.0000000000D+00 0.6180000000D-01
710720031003200310152452915.5 0.4951190000D+02-0.9258900000D+01 0.1828524000D+03 0.9160680000D+01 0.0000000000D+00 0.5897600000D+01 0.1651431000D+01 0.6175700000D+01 0.0000000000D+00 0.5586900000D+01 0.8514500000D+01-0.2035550000D+01 0.8593550000D+02 0.4688270000D+01 0.0000000000D+00 0.2672800000D+01 0.2603190000D+00 0.4631000000D+01 0.0000000000D+00 0.4170100000D+01
710820031015200310272452927.5 0.1658100000D+01 0.5241750000D+01 0.1912156000D+03 0.1681877000D+02 0.0000000000D+00 0.9983000000D+00 0.5370429000D+01 0.3451000000D+01 0.0000000000D+00 0.3411800000D+01-0.3435130000D+02 0.2041330000D+01 0.8093920000D+02 0.6923220000D+01 0.0000000000D+00 0.3266000000D+00 0.3950651000D+01 0.2009300000D+01 0.0000000000D+00 0.1783700000D+01
710920031027200311082452939.5-0.1114150000D+02-0.3164920000D+01 0.2170571000D+03 0.1075533000D+02 0.0000000000D+00 0.4379700000D+01 0.2417309000D+01 0.4013000000D+00 0.0000000000D+00 0.1154500000D+01 0.2672600000D+02-0.7255270000D+01 0.7224830000D+02 0.1898950000D+01 0.0000000000D+00 0.1714900000D+01 0.8446490000D+00 0.4772500000D+01 0.0000000000D+00 0.2905000000D+00
711020031108200311202452951.5 0.1531010000D+02 0.5592370000D+01 0.1869019000D+03 0.1712661000D+02 0.0000000000D+00 0.9970000000D+00 0.6170643000D+01 0.4496600000D+01 0.0000000000D+00 0.5708600000D+01-0.4372370000D+02 0.4817230000D+01 0.6530040000D+02 0.5224670000D+01 0.0000000000D+00 0.7716000000D+00 0.4687180000D+01 0.3169500000D+01 0.0000000000D+00 0.5042800000D+01
711120031120200312022452963.5-0.8003230000D+02 0.1083869000D+02 0.2505362000D+03 0.1567422000D+02 0.0000000000D+00 0.1574100000D+01 0.3065475000D+01 0.6756000000D+00 0.0000000000D+00 0.4114600000D+01-0.2225830000D+02-0.1291430000D+01 0.1051834000D+03 0.6700970000D+01 0.0000000000D+00 0.2894000000D+00 0.1884940000D+01 0.5912200000D+01 0.0000000000D+00 0.1871000000D+01
711220031202200312142452975.5 0.1217144000D+03-0.1311829000D+02 0.1927342000D+03 0.7187680000D+01 0.0000000000D+00 0.5359400000D+01 0.1619750000D+00 0.4621600000D+01 0.0000000000D+00 0.2343700000D+01-0.2359170000D+02 0.3806190000D+01 0.7628700000D+02 0.4844940000D+01 0.0000000000D+00 0.1412300000D+01 0.5439625000D+01 0.3994800000D+01 0.0000000000D+00 0.1162800000D+01
711320031214200312262452987.5-0.3295380000D+02 0.6994390000D+01 0.2347439000D+03 0.1729223000D+02 0.0000000000D+00 0.7812000000D+00 0.4085068000D+01 0.1900300000D+01 0.0000000000D+00 0.3869000000D+00-0.3499200000D+02 0.7531200000D+00 0.1067904000D+03 0.8118830000D+01 0.0000000000D+00 0.4700000000D+00 0.2737827000D+01 0.5461000000D+00 0.0000000000D+00 0.5518500000D+01
711420031226200401072452999.5 0.6531880000D+02-0.9523800000D+01 0.2117248000D+03 0.1042746000D+02 0.0000000000D+00 0.6708100000D+01 0.1194132000D+01 0.5628100000D+01 0.0000000000D+00 0.4546600000D+01 0.1287620000D+02-0.2343460000D+01 0.1011419000D+03 0.5227050000D+01 0.0000000000D+00 0.3013600000D+01 0.6061537000D+01 0.4067400000D+01 0.0000000000D+00 0.3105100000D+01
811520021231200302052452639.5-0.6616100000D+01 0.1704250000D+01 0.6091078000D+03 0.0000000000D+00 0.0000000000D+00 0.5239900000D+01 0.1125211000D+01 0.0000000000D+00 0.0000000000D+00 0.3424900000D+01 0.4586400000D+01-0.4505000000D-01 0.1875223000D+03 0.0000000000D+00 0.0000000000D+00 0.8868000000D+00 0.2492470000D+00 0.0000000000D+00 0.0000000000D+00 0.2891300000D+01
811620030205200303132452675.5 0.3275390000D+02-0.1014470000D+01 0.5591854000D+03 0.0000000000D+00 0.0000000000D+00 0.1063220000D+02 0.3996669000D+01 0.0000000000D+00 0.0000000000D+00 0.3422600000D+01 0.1186950000D+02-0.2747900000D+00 0.1777535000D+03 0.0000000000D+00 0.0000000000D+00 0.3903700000D+01 0.3150331000D+01 0.0000000000D+00 0.0000000000D+00 0.2471700000D+01
811720030313200304182452711.5 0.2340620000D+02 0.6276700000D+00 0.5112708000D+03 0.0000000000D+00 0.0000000000D+00 0.8776800000D+01 0.5426000000D+00 0.0000000000D+00 0.0000000000D+00 0.1972200000D+01-0.7513200000D+01 0.7673200000D+00 0.1588908000D+03 0.0000000000D+00 0.0000000000D+00 0.1877900000D+01 0.6033665000D+01 0.0000000000D+00 0.0000000000D+00 0.1347600000D+01
811820030418200305242452747.5 0.2102920000D+02-0.9004500000D+00 0.4807697000D+03 0.0000000000D+00 0.0000000000D+00 0.3541300000D+01 0.3338464000D+01 0.0000000000D+00 0.0000000000D+00 0.1815800000D+01 0.2188240000D+02-0.8138500000D+00 0.1415206000D+03 0.0000000000D+00 0.0000000000D+00 0.1978200000D+01 0.2537224000D+01 0.0000000000D+00 0.0000000000D+00 0.1087900000D+01
811920030524200306292452783.5 0.1562380000D+02 0.1146120000D+01 0.4609971000D+03 0.0000000000D+00 0.0000000000D+00 0.8708300000D+01 0.6107741000D+01 0.0000000000D+00 0.0000000000D+00 0.1407700000D+01-0.7924200000D+01 0.4758800000D+00 0.1303789000D+03 0.0000000000D+00 0.0000000000D+00 0.2722700000D+01 0.5277347000D+01 0.0000000000D+00 0.0000000000D+00 0.1764000000D+00
812020030629200308042452819.5 0.1488120000D+02-0.5507500000D+00 0.4683440000D+03 0.0000000000D+00 0.0000000000D+00 0.6255500000D+01 0.2553777000D+01 0.0000000000D+00 0.0000000000D+00 0.6039400000D+01 0.1364870000D+02-0.3029800000D+00 0.1221137000D+03 0.0000000000D+00 0.0000000000D+00 0.6274000000D+00 0.1730223000D+01 0.0000000000D+00 0.0000000000D+00 0.5676800000D+01
812120030804200309092452855.5 0.2773930000D+02 0.5121600000D+00 0.4878806000D+03 0.0000000000D+00 0.0000000000D+00 0.7250100000D+01 0.5314241000D+01 0.0000000000D+00 0.0000000000D+00 0.3296000000D+00-0.6258400000D+01 0.3553400000D+00 0.1137768000D+03 0.0000000000D+00 0.0000000000D+00 0.2140000000D+01 0.4477594000D+01 0.0000000000D+00 0.0000000000D+00 0.5210000000D+01
812220030909200310152452891.5 0.1350490000D+02-0.3741500000D+00 0.5233058000D+03 0.0000000000D+00 0.0000000000D+00 0.1165380000D+02 0.1824449000D+01 0.0000000000D+00 0.0000000000D+00 0.5170900000D+01 0.9141400000D+01-0.3072000000D+00 0.1155771000D+03 0.0000000000D+00 0.0000000000D+00 0.1769000000D+01 0.9648350000D+00 0.0000000000D+00 0.0000000000D+00 0.4361400000D+01
812320031015200311202452927.5 0.3884370000D+02 0.1485000000D-01 0.5699009000D+03 0.0000000000D+00 0.0000000000D+00 0.3898000000D+01 0.4664001000D+01 0.0000000000D+00 0.0000000000D+00 0.4433700000D+01 0.2924900000D+01 0.2024900000D+00 0.1260544000D+03 0.0000000000D+00 0.0000000000D+00 0.6560000000D+00 0.3796572000D+01 0.0000000000D+00 0.0000000000D+00 0.4357100000D+01
812420031120200312262452963.5-0.1250750000D+02 0.1415760000D+01 0.6222848000D+03 0.0000000000D+00 0.0000000000D+00 0.1208990000D+02 0.1285327000D+01 0.0000000000D+00 0.0000000000D+00 0.4490200000D+01 0.2954300000D+01-0.2391800000D+00 0.1400432000D+03 0.0000000000D+00 0.0000000000D+00 0.3318300000D+01 0.3842990000D+00 0.0000000000D+00 0.0000000000D+00 0.3642300000D+01
812520031226200401312452999.5 0.6016750000D+02-0.1580710000D+01 0.6235950000D+03 0.0000000000D+00 0.0000000000D+00 0.1141060000D+02 0.4203528000D+01 0.0000000000D+00 0.0000000000D+00 0.3567600000D+01 0.2492000000D+00 0.4096800000D+00 0.1499567000D+03 0.0000000000D+00 0.0000000000D+00 0.3334800000D+01 0.3271804000D+01 0.0000000000D+00 0.0000000000D+00 0.2568200000D+01
