 6 8    2   33   41   48   56   63   84  115  6.6670  4.5860  3.3280  2.2960  1.3910  0.3940  0.3940  0.0790 12.0 50.0 55.0 50.0 53.0 18.0 12.0 36.0  125 2450813.5000 1998                                                                                                                                                                                                      
1  219971231199801122450813.5 0.7228000000D+00 0.2960000000D-02 0.2766380000D+02 0.5648000000D-01 0.6210000000D-03 0.2569000000D+00 0.3858847000D+01 0.1193400000D+01 0.2364400000D+01 0.3293000000D+01-0.6670000000D-01 0.1280000000D-02 0.3780200000D+01 0.1481000000D-01 0.2430000000D-03 0.3610000000D-01 0.2016335000D+01 0.2238000000D+00 0.2304700000D+01 0.1448600000D+01
1  319980112199801242450825.5 0.7626000000D+00 0.2400000000D-03 0.2706630000D+02 0.5731000000D-01 0.5330000000D-03 0.2528000000D+00 0.2166597000D+01 0.5965000000D+01 0.4725000000D+00 0.5988300000D+01-0.5220000000D-01 0.1460000000D-02 0.3781300000D+01 0.1421000000D-01 0.2880000000D-03 0.3620000000D-01 0.2955970000D+00 0.5215600000D+01 0.6048000000D+00 0.4114500000D+01
1  419980124199802052450837.5 0.7578000000D+00-0.2600000000D-02 0.2650710000D+02 0.5995000000D-01 0.2470000000D-03 0.2484000000D+00 0.4709370000D+00 0.4474300000D+01 0.4314200000D+01 0.2387000000D+01-0.3430000000D-01 0.1630000000D-02 0.3858800000D+01 0.1526000000D-01 0.2640000000D-03 0.3700000000D-01 0.4860810000D+01 0.3941000000D+01 0.5075800000D+01 0.5119000000D+00
1  519980205199802172450849.5 0.7326000000D+00-0.4540000000D-02 0.2602940000D+02 0.6619000000D-01 0.2060000000D-03 0.2477000000D+00 0.5055470000D+01 0.2868900000D+01 0.6146900000D+01 0.5082700000D+01-0.1680000000D-01 0.1870000000D-02 0.4007800000D+01 0.1796000000D-01 0.2040000000D-03 0.3840000000D-01 0.3148652000D+01 0.2561000000D+01 0.3232200000D+01 0.3172400000D+01
1  619980217199803012450861.5 0.6825000000D+00-0.6590000000D-02 0.2561430000D+02 0.6772000000D-01 0.5950000000D-03 0.2411000000D+00 0.3353745000D+01 0.1212500000D+01 0.3755600000D+01 0.1493400000D+01 0.6600000000D-02 0.2100000000D-02 0.4217100000D+01 0.2160000000D-01 0.1450000000D-03 0.4090000000D-01 0.1443309000D+01 0.1071100000D+01 0.1493000000D+01 0.5857600000D+01
1  719980301199803132450873.5 0.6029000000D+00-0.7530000000D-02 0.2526090000D+02 0.6218000000D-01 0.5530000000D-03 0.2386000000D+00 0.1649924000D+01 0.5871600000D+01 0.1575500000D+01 0.4185400000D+01 0.3080000000D-01 0.2250000000D-02 0.4478500000D+01 0.2529000000D-01 0.8500000000D-04 0.4360000000D-01 0.6028371000D+01 0.5783500000D+01 0.1377000000D+00 0.2265200000D+01
1  819980313199803252450885.5 0.5193000000D+00-0.8580000000D-02 0.2498340000D+02 0.5751000000D-01 0.3590000000D-03 0.2329000000D+00 0.6228875000D+01 0.4309800000D+01 0.5659700000D+01 0.5899000000D+00 0.5970000000D-01 0.2430000000D-02 0.4784800000D+01 0.2796000000D-01 0.1250000000D-03 0.4740000000D-01 0.4337318000D+01 0.4147900000D+01 0.5374600000D+01 0.4969900000D+01
1  919980325199804062450897.5 0.4052000000D+00-0.9200000000D-02 0.2479130000D+02 0.5383000000D-01 0.1400000000D-03 0.2313000000D+00 0.4524238000D+01 0.2780800000D+01 0.3288900000D+01 0.3261300000D+01 0.8940000000D-01 0.2420000000D-02 0.5126900000D+01 0.2936000000D-01 0.1820000000D-03 0.5030000000D-01 0.2651060000D+01 0.2526700000D+01 0.3641300000D+01 0.1405300000D+01
1 1019980406199804182450909.5 0.2979000000D+00-0.9800000000D-02 0.2469160000D+02 0.5277000000D-01 0.5500000000D-04 0.2311000000D+00 0.2820325000D+01 0.1232800000D+01 0.6133000000D+01 0.5953800000D+01 0.1187000000D+00 0.2410000000D-02 0.5492900000D+01 0.3034000000D-01 0.1530000000D-03 0.5390000000D-01 0.9691230000D+00 0.9364000000D+00 0.1658400000D+01 0.4122200000D+01
1 1119980418199804302450921.5 0.1702000000D+00-0.1063000000D-01 0.2468390000D+02 0.5489000000D-01 0.3240000000D-03 0.2338000000D+00 0.1117762000D+01 0.5926100000D+01 0.2503300000D+01 0.2352300000D+01 0.1483000000D+00 0.2090000000D-02 0.5871000000D+01 0.3202000000D-01 0.6200000000D-04 0.5700000000D-01 0.5574772000D+01 0.5619200000D+01 0.6230100000D+01 0.5652000000D+00
1 1219980430199805122450933.5 0.4560000000D-01-0.1094000000D-01 0.2478010000D+02 0.5235000000D-01 0.5980000000D-03 0.2373000000D+00 0.5699207000D+01 0.4277800000D+01 0.2755000000D+00 0.5057900000D+01 0.1708000000D+00 0.1620000000D-02 0.6259200000D+01 0.3326000000D-01 0.5700000000D-04 0.6040000000D-01 0.3900908000D+01 0.4009600000D+01 0.4076000000D+00 0.3273700000D+01
1 1319980512199805242450945.5-0.8320000000D-01-0.1148000000D-01 0.2495020000D+02 0.4632000000D-01 0.7020000000D-03 0.2377000000D+00 0.3999007000D+01 0.2692000000D+01 0.4339800000D+01 0.1477200000D+01 0.1913000000D+00 0.8600000000D-03 0.6648300000D+01 0.3339000000D-01 0.1090000000D-03 0.6430000000D-01 0.2230582000D+01 0.2377400000D+01 0.4859700000D+01 0.6004800000D+01
1 1419980524199806052450957.5-0.2196000000D+00-0.1096000000D-01 0.2518160000D+02 0.4324000000D-01 0.4070000000D-03 0.2417000000D+00 0.2301154000D+01 0.1283500000D+01 0.2347900000D+01 0.4189800000D+01 0.1997000000D+00-0.1000000000D-03 0.7030400000D+01 0.3294000000D-01 0.1790000000D-03 0.6790000000D-01 0.5629500000D+00 0.7409000000D+00 0.2948200000D+01 0.2443900000D+01
1 1519980605199806172450969.5-0.3428000000D+00-0.1040000000D-01 0.2550070000D+02 0.4450000000D-01 0.7100000000D-04 0.2413000000D+00 0.6066320000D+00 0.6119100000D+01 0.1028900000D+01 0.6105000000D+00 0.2007000000D+00-0.1090000000D-02 0.7404200000D+01 0.3053000000D-01 0.1700000000D-03 0.7250000000D-01 0.5180822000D+01 0.5418000000D+01 0.9954000000D+00 0.5182500000D+01
1 1619980617199806292450981.5-0.4756000000D+00-0.9070000000D-02 0.2589290000D+02 0.4789000000D-01 0.2880000000D-03 0.2461000000D+00 0.5198537000D+01 0.4604000000D+01 0.7188000000D+00 0.3312500000D+01 0.1881000000D+00-0.2170000000D-02 0.7753800000D+01 0.2807000000D-01 0.1100000000D-03 0.7520000000D-01 0.3517065000D+01 0.3855200000D+01 0.5205900000D+01 0.1644100000D+01
1 1719980629199807112450993.5-0.5810000000D+00-0.7540000000D-02 0.2636080000D+02 0.4931000000D-01 0.4590000000D-03 0.2500000000D+00 0.3510566000D+01 0.3075100000D+01 0.5250800000D+01 0.6028900000D+01 0.1628000000D+00-0.2970000000D-02 0.8068500000D+01 0.2704000000D-01 0.8700000000D-04 0.7860000000D-01 0.1854961000D+01 0.2314300000D+01 0.4734300000D+01 0.4389900000D+01
1 1819980711199807232451005.5-0.6838000000D+00-0.5970000000D-02 0.2689810000D+02 0.4724000000D-01 0.5860000000D-03 0.2586000000D+00 0.1826474000D+01 0.1510300000D+01 0.3086200000D+01 0.2452500000D+01 0.1277000000D+00-0.3750000000D-02 0.8342700000D+01 0.2556000000D-01 0.2250000000D-03 0.8060000000D-01 0.1952230000D+00 0.7386000000D+00 0.3302800000D+01 0.8583000000D+00
1 1919980723199808042451017.5-0.7535000000D+00-0.3800000000D-02 0.2747970000D+02 0.4483000000D-01 0.6120000000D-03 0.2658000000D+00 0.1454170000D+00 0.6800000000D-01 0.9550000000D+00 0.5186200000D+01 0.7940000000D-01-0.4230000000D-02 0.8571900000D+01 0.2302000000D-01 0.3280000000D-03 0.8190000000D-01 0.4819961000D+01 0.5473900000D+01 0.1506000000D+01 0.3591900000D+01
1 2019980804199808162451029.5-0.8002000000D+00-0.1750000000D-02 0.2807540000D+02 0.4793000000D-01 0.3330000000D-03 0.2716000000D+00 0.4751429000D+01 0.4942900000D+01 0.5237300000D+01 0.1633900000D+01 0.2890000000D-01-0.4580000000D-02 0.8747500000D+01 0.1935000000D-01 0.3370000000D-03 0.8340000000D-01 0.3162701000D+01 0.4015700000D+01 0.6114900000D+01 0.5930000000D-01
1 2119980816199808282451041.5-0.8175000000D+00 0.1530000000D-02 0.2866070000D+02 0.5537000000D-01 0.2860000000D-03 0.2797000000D+00 0.3078663000D+01 0.3396800000D+01 0.5606600000D+01 0.4375400000D+01-0.2920000000D-01-0.4640000000D-02 0.8857000000D+01 0.1584000000D-01 0.2930000000D-03 0.8410000000D-01 0.1506177000D+01 0.2678900000D+01 0.4435300000D+01 0.2794000000D+01
1 2219980828199809092451053.5-0.7904000000D+00 0.4800000000D-02 0.2924840000D+02 0.5691000000D-01 0.7020000000D-03 0.2808000000D+00 0.1409626000D+01 0.1845000000D+01 0.3997900000D+01 0.8271000000D+00-0.8280000000D-01-0.4280000000D-02 0.8895500000D+01 0.1547000000D-01 0.2210000000D-03 0.8530000000D-01 0.6132474000D+01 0.1526900000D+01 0.3110000000D+01 0.5538100000D+01
1 2319980909199809212451065.5-0.7377000000D+00 0.8760000000D-02 0.2979360000D+02 0.5255000000D-01 0.7280000000D-03 0.2865000000D+00 0.6027077000D+01 0.3258000000D+00 0.2103000000D+01 0.3560600000D+01-0.1340000000D+00-0.3640000000D-02 0.8847600000D+01 0.1771000000D-01 0.2450000000D-03 0.8420000000D-01 0.4475029000D+01 0.2723000000D+00 0.1991800000D+01 0.2007400000D+01
1 2419980921199810032451077.5-0.6273000000D+00 0.1219000000D-01 0.3025280000D+02 0.4904000000D-01 0.6290000000D-03 0.2883000000D+00 0.4363510000D+01 0.5158300000D+01 0.4951000000D+00 0.1620000000D-01-0.1764000000D+00-0.2480000000D-02 0.8711700000D+01 0.1969000000D-01 0.3570000000D-03 0.8340000000D-01 0.2816313000D+01 0.5169800000D+01 0.2936000000D+00 0.4749600000D+01
1 2519981003199810152451089.5-0.4938000000D+00 0.1474000000D-01 0.3060880000D+02 0.4564000000D-01 0.3540000000D-03 0.2935000000D+00 0.2701484000D+01 0.3826200000D+01 0.5776400000D+01 0.2739200000D+01-0.2052000000D+00-0.1310000000D-02 0.8501700000D+01 0.2244000000D-01 0.3460000000D-03 0.8050000000D-01 0.1155554000D+01 0.3813400000D+01 0.4830400000D+01 0.1216100000D+01
1 2619981015199810272451101.5-0.3140000000D+00 0.1632000000D-01 0.3080460000D+02 0.4549000000D-01 0.5340000000D-03 0.2958000000D+00 0.1039768000D+01 0.2460700000D+01 0.5097900000D+01 0.5483600000D+01-0.2238000000D+00-0.6000000000D-04 0.8223700000D+01 0.2594000000D-01 0.2060000000D-03 0.7690000000D-01 0.5773952000D+01 0.2405600000D+01 0.3152400000D+01 0.3937900000D+01
1 2719981027199811082451113.5-0.1209000000D+00 0.1614000000D-01 0.3082780000D+02 0.4302000000D-01 0.9420000000D-03 0.2962000000D+00 0.5660804000D+01 0.1015000000D+01 0.3337500000D+01 0.1932800000D+01-0.2236000000D+00 0.8800000000D-03 0.7896100000D+01 0.2900000000D-01 0.1170000000D-03 0.7340000000D-01 0.4103476000D+01 0.9048000000D+00 0.2110600000D+01 0.3834000000D+00
1 2819981108199811202451125.5 0.7790000000D-01 0.1553000000D-01 0.3069250000D+02 0.3382000000D-01 0.9250000000D-03 0.2966000000D+00 0.3997536000D+01 0.6003100000D+01 0.1374000000D+01 0.4673500000D+01-0.2161000000D+00 0.1520000000D-02 0.7544100000D+01 0.3094000000D-01 0.1860000000D-03 0.6970000000D-01 0.2426407000D+01 0.5648900000D+01 0.1456900000D+01 0.3082500000D+01
1 2919981120199812022451137.5 0.2741000000D+00 0.1355000000D-01 0.3041630000D+02 0.3280000000D-01 0.5700000000D-03 0.2884000000D+00 0.2330720000D+01 0.4924600000D+01 0.5665600000D+01 0.1115800000D+01-0.1956000000D+00 0.1970000000D-02 0.7191500000D+01 0.3017000000D-01 0.2980000000D-03 0.6720000000D-01 0.7412540000D+00 0.4079000000D+01 0.6232400000D+01 0.5783600000D+01
1 3019981202199812142451149.5 0.4339000000D+00 0.1158000000D-01 0.3001120000D+02 0.4130000000D-01 0.2550000000D-03 0.2836000000D+00 0.6594420000D+00 0.3650200000D+01 0.4558400000D+01 0.3835200000D+01-0.1721000000D+00 0.2120000000D-02 0.6864900000D+01 0.2693000000D-01 0.3150000000D-03 0.6420000000D-01 0.5331810000D+01 0.2548700000D+01 0.4490400000D+01 0.2200300000D+01
1 3119981214199812262451161.5 0.5808000000D+00 0.8910000000D-02 0.2949550000D+02 0.4877000000D-01 0.4130000000D-03 0.2752000000D+00 0.5266516000D+01 0.2201900000D+01 0.3777200000D+01 0.2612000000D+00-0.1450000000D+00 0.2350000000D-02 0.6590100000D+01 0.2354000000D-01 0.2080000000D-03 0.6280000000D-01 0.3632680000D+01 0.1128000000D+01 0.3039700000D+01 0.4890900000D+01
1 3219981226199901072451173.5 0.6744000000D+00 0.5940000000D-02 0.2891860000D+02 0.5429000000D-01 0.7000000000D-03 0.2705000000D+00 0.3585065000D+01 0.6528000000D+00 0.2184100000D+01 0.2949200000D+01-0.1155000000D+00 0.2390000000D-02 0.6391500000D+01 0.2160000000D-01 0.2000000000D-03 0.6040000000D-01 0.1927249000D+01 0.6002200000D+01 0.2065700000D+01 0.1300600000D+01
2 3319971231199802192450813.5-0.1737000000D+00-0.4500000000D-03 0.3550330000D+02 0.8238000000D-01 0.3270000000D-03 0.8030000000D-01 0.5879533000D+01 0.3385600000D+01 0.4877100000D+01-0.1758100000D+01 0.3890000000D-01-0.9000000000D-04 0.5777700000D+01 0.2720000000D-02 0.1760000000D-03 0.1390000000D-01 0.3993373000D+01 0.1972400000D+01 0.3967500000D+01-0.3585400000D+01
2 3419980219199804102450863.5-0.1962000000D+00-0.3100000000D-03 0.3280900000D+02 0.8893000000D-01 0.2680000000D-03 0.7630000000D-01 0.2605475000D+01 0.5712000000D+00 0.2555000000D+01-0.2315000000D+01 0.3450000000D-01-0.1000000000D-03 0.6151800000D+01 0.1668000000D-01 0.1080000000D-03 0.1620000000D-01 0.7929420000D+00 0.6153000000D+00 0.2932000000D+00-0.4055200000D+01
2 3519980410199805302450913.5-0.2127000000D+00-0.3500000000D-03 0.3174830000D+02 0.8190000000D-01 0.3170000000D-03 0.7740000000D-01 0.5584418000D+01 0.3979000000D+01 0.5992200000D+01-0.2814900000D+01 0.2870000000D-01-0.1600000000D-03 0.7211500000D+01 0.2717000000D-01 0.4600000000D-04 0.1880000000D-01 0.3859887000D+01 0.3572800000D+01 0.3076700000D+01-0.4510700000D+01
2 3619980530199807192450963.5-0.2318000000D+00-0.4600000000D-03 0.3254770000D+02 0.7477000000D-01 0.3970000000D-03 0.8300000000D-01 0.2290689000D+01 0.1208000000D+01 0.3172000000D+01-0.3293500000D+01 0.2050000000D-01-0.3100000000D-03 0.8602300000D+01 0.3172000000D-01 0.5400000000D-04 0.2220000000D-01 0.6283530000D+00 0.3232000000D+00 0.3193100000D+01-0.4910000000D+01
2 3719980719199809072451013.5-0.2575000000D+00-0.2200000000D-03 0.3499680000D+02 0.7238000000D-01 0.4770000000D-03 0.8970000000D-01 0.5323928000D+01 0.4890600000D+01 0.7055000000D+00-0.3663300000D+01 0.4200000000D-02-0.4200000000D-03 0.1000210000D+02 0.2695000000D-01 0.2080000000D-03 0.2560000000D-01 0.3693401000D+01 0.3502100000D+01 0.2062000000D+00-0.5364800000D+01
2 3819980907199810272451063.5-0.2735000000D+00 0.8400000000D-03 0.3812460000D+02 0.6548000000D-01 0.6630000000D-03 0.9440000000D-01 0.2136951000D+01 0.2507600000D+01 0.5042200000D+01-0.4067500000D+01-0.1900000000D-01-0.4100000000D-03 0.1083000000D+02 0.5480000000D-02 0.2630000000D-03 0.2740000000D-01 0.5075800000D+00 0.1083100000D+01 0.3689000000D+01-0.5703000000D+01
2 3919981027199812162451113.5-0.2311000000D+00 0.1610000000D-02 0.3961550000D+02 0.3881000000D-01 0.7540000000D-03 0.9910000000D-01 0.5280889000D+01 0.8362000000D+00 0.2869000000D+01-0.4396700000D+01-0.3930000000D-01-0.2700000000D-03 0.1042060000D+02 0.2328000000D-01 0.7400000000D-04 0.2390000000D-01 0.3624525000D+01 0.4356000000D+00 0.2338800000D+01-0.6028900000D+01
2 4019981216199902042451163.5-0.1466000000D+00 0.1470000000D-02 0.3775260000D+02 0.6763000000D-01 0.4780000000D-03 0.8780000000D-01 0.2119167000D+01 0.5530600000D+01 0.5555000000D+00-0.4793300000D+01-0.5150000000D-01-0.1400000000D-03 0.9325000000D+01 0.1946000000D-01 0.2000000000D-03 0.2270000000D-01 0.4339030000D+00 0.3895100000D+01 0.1699000000D+00-0.2040000000D+00
3 4119971231199802242450813.5 0.9000000000D-03-0.1000000000D-04 0.4392880000D+02 0.8529000000D-01 0.4780000000D-03 0.2800000000D-02 0.2058069000D+01 0.5472400000D+01 0.1128200000D+01-0.5120800000D+01 0.1100000000D-02 0.0000000000D+00 0.7670000000D+01 0.6370000000D-02 0.2100000000D-03 0.7000000000D-03 0.8122700000D-01 0.1711400000D+01 0.1619000000D+00-0.9922000000D+00
3 4219980224199804202450868.5 0.3000000000D-03-0.1000000000D-04 0.4036090000D+02 0.7974000000D-01 0.4050000000D-03 0.3800000000D-02 0.2826472000D+01 0.6626000000D+00 0.2740900000D+01-0.3692700000D+01 0.1000000000D-02 0.0000000000D+00 0.8282500000D+01 0.2380000000D-01 0.1220000000D-03 0.8000000000D-03 0.9567820000D+00 0.1234200000D+01 0.6066000000D+00-0.5345600000D+01
3 4319980420199806142450923.5 0.0000000000D+00-0.1000000000D-04 0.3931030000D+02 0.6994000000D-01 0.4550000000D-03 0.3300000000D-02 0.3559291000D+01 0.2084700000D+01 0.4021500000D+01-0.2184900000D+01 0.1300000000D-02 0.0000000000D+00 0.9883700000D+01 0.3565000000D-01 0.3000000000D-04 0.1100000000D-02 0.1808176000D+01 0.1822300000D+01 0.1677200000D+01-0.3909100000D+01
3 4419980614199808082450978.5-0.1500000000D-02 0.4000000000D-04 0.4102240000D+02 0.7261000000D-01 0.5660000000D-03 0.4800000000D-02 0.4309081000D+01 0.3656200000D+01 0.5423600000D+01-0.4721000000D+00 0.1300000000D-02 0.0000000000D+00 0.1191880000D+02 0.4004000000D-01 0.1390000000D-03 0.7000000000D-03 0.2637803000D+01 0.2639900000D+01 0.5140700000D+01-0.2126100000D+01
3 4519980808199810022451033.5-0.7000000000D-03 0.5000000000D-04 0.4488930000D+02 0.9253000000D-01 0.7240000000D-03 0.2800000000D-02 0.5116928000D+01 0.5335200000D+01 0.1031300000D+01-0.4760300000D+01 0.6000000000D-03 0.3000000000D-04 0.1376850000D+02 0.2959000000D-01 0.3510000000D-03 0.1300000000D-02 0.3483621000D+01 0.3851000000D+01 0.1431000000D+00-0.5520000000D+00
3 4619981002199811262451088.5 0.3300000000D-02-0.1300000000D-03 0.4862950000D+02 0.9633000000D-01 0.9630000000D-03 0.4100000000D-02 0.6002103000D+01 0.8960000000D+00 0.3157800000D+01-0.3664500000D+01 0.3300000000D-02-0.5000000000D-04 0.1428070000D+02 0.2373000000D-01 0.2050000000D-03 0.1300000000D-02 0.4366354000D+01 0.3314000000D+00 0.1662200000D+01-0.5044600000D+01
3 4719981126199901202451143.5-0.3700000000D-02 0.1100000000D-03 0.4809530000D+02 0.8292000000D-01 0.7690000000D-03 0.3800000000D-02 0.6298760000D+00 0.3106600000D+01 0.5082100000D+01-0.1676000000D+01 0.1600000000D-02 0.0000000000D+00 0.1295570000D+02 0.3361000000D-01 0.2230000000D-03 0.1600000000D-02 0.5251936000D+01 0.1835200000D+01 0.4847300000D+01-0.3863600000D+01
4 4819971231199802192450813.5 0.1771000000D+00-0.1700000000D-03 0.5628600000D+02 0.1181100000D+00 0.5710000000D-03 0.5580000000D-01 0.3297113000D+01 0.6487000000D+00 0.2293600000D+01 0.1827700000D+01-0.6800000000D-02 0.6000000000D-04 0.9167400000D+01 0.1620000000D-02 0.2770000000D-03 0.1120000000D-01 0.1407182000D+01 0.4554700000D+01 0.1388800000D+01 0.6258900000D+01
4 4919980219199804102450863.5 0.1680000000D+00-0.1800000000D-03 0.5201430000D+02 0.1246300000D+00 0.4620000000D-03 0.5430000000D-01 0.4923208000D+01 0.2826900000D+01 0.4666500000D+01 0.5075100000D+01-0.3200000000D-02 0.2000000000D-04 0.9769600000D+01 0.2600000000D-01 0.1790000000D-03 0.1070000000D-01 0.3107700000D+01 0.3065400000D+01 0.2594800000D+01 0.3279400000D+01
4 5019980410199805302450913.5 0.1604000000D+00 0.1500000000D-03 0.5033220000D+02 0.1196600000D+00 0.4880000000D-03 0.5470000000D-01 0.2298590000D+00 0.4908100000D+01 0.4928000000D+00 0.1986500000D+01-0.1900000000D-02 0.5000000000D-04 0.1145350000D+02 0.4256000000D-01 0.8400000000D-04 0.1310000000D-01 0.4786600000D+01 0.4559000000D+01 0.3922800000D+01 0.3001000000D+00
4 5119980530199807192450963.5 0.1665000000D+00 0.2300000000D-03 0.5160990000D+02 0.1162400000D+00 0.6000000000D-03 0.5750000000D-01 0.1823041000D+01 0.7458000000D+00 0.2649600000D+01 0.5201100000D+01 0.9000000000D-03 0.2000000000D-04 0.1366520000D+02 0.5027000000D-01 0.8100000000D-04 0.1710000000D-01 0.1599540000D+00 0.6148700000D+01 0.2830800000D+01 0.3523100000D+01
4 5219980719199809072451013.5 0.1773000000D+00 0.2800000000D-03 0.5548700000D+02 0.1157400000D+00 0.7830000000D-03 0.6030000000D-01 0.3453713000D+01 0.3005000000D+01 0.5119000000D+01 0.2169400000D+01 0.0000000000D+00 0.1000000000D-03 0.1588120000D+02 0.4322000000D-01 0.3380000000D-03 0.1900000000D-01 0.1822817000D+01 0.1624500000D+01 0.4601400000D+01 0.5192000000D+00
4 5319980907199810272451063.5 0.1991000000D+00 0.8000000000D-04 0.6044340000D+02 0.1037300000D+00 0.1079000000D-02 0.5980000000D-01 0.5146595000D+01 0.5526000000D+01 0.1653300000D+01 0.5486400000D+01 0.7100000000D-02 0.1100000000D-03 0.1720580000D+02 0.8970000000D-02 0.4200000000D-03 0.1900000000D-01 0.3517489000D+01 0.4150900000D+01 0.3451000000D+00 0.3869900000D+01
4 5419981027199812162451113.5 0.1934000000D+00-0.3200000000D-03 0.6278710000D+02 0.7512000000D-01 0.1156000000D-02 0.5850000000D-01 0.6100450000D+00 0.2386800000D+01 0.4428000000D+01 0.2587900000D+01 0.8900000000D-02 0.7000000000D-04 0.1655740000D+02 0.3791000000D-01 0.1040000000D-03 0.1810000000D-01 0.5237556000D+01 0.1949500000D+01 0.4047300000D+01 0.7737000000D+00
4 5519981216199902042451163.5 0.1834000000D+00-0.4100000000D-03 0.5986850000D+02 0.1043300000D+00 0.7870000000D-03 0.5370000000D-01 0.2343582000D+01 0.5533000000D+01 0.8137000000D+00 0.5904900000D+01 0.1470000000D-01 0.3000000000D-04 0.1480470000D+02 0.2977000000D-01 0.3220000000D-03 0.1450000000D-01 0.6595430000D+00 0.3933300000D+01 0.3968000000D+00 0.4272700000D+01
5 5619971231199802222450813.5 0.8260000000D-01 0.0000000000D+00 0.7859420000D+02 0.1581600000D+00 0.8600000000D-03 0.3590000000D-01 0.3341582000D+01 0.5892000000D+00 0.2358400000D+01 0.1157200000D+01 0.1600000000D-01 0.6000000000D-04 0.1322570000D+02 0.4360000000D-02 0.3860000000D-03 0.6600000000D-02 0.1443751000D+01 0.3765400000D+01 0.1427900000D+01 0.5565300000D+01
5 5719980222199804162450866.5 0.8290000000D-01 0.1100000000D-03 0.7237480000D+02 0.1624600000D+00 0.6870000000D-03 0.3450000000D-01 0.1595255000D+01 0.5770200000D+01 0.1344800000D+01 0.3995600000D+01 0.1920000000D-01 0.5000000000D-04 0.1413380000D+02 0.3784000000D-01 0.2410000000D-03 0.7600000000D-02 0.6061749000D+01 0.6087200000D+01 0.5529900000D+01 0.2191400000D+01
5 5819980416199806082450919.5 0.8910000000D-01 0.2000000000D-03 0.7027770000D+02 0.1577800000D+00 0.6950000000D-03 0.3580000000D-01 0.6091272000D+01 0.4550700000D+01 0.1029000000D+00 0.5443000000D+00 0.2140000000D-01 0.7000000000D-04 0.1671310000D+02 0.6113000000D-01 0.1000000000D-03 0.9300000000D-02 0.4369322000D+01 0.4169100000D+01 0.3435900000D+01 0.5097400000D+01
5 5919980608199807312450972.5 0.9920000000D-01 0.3200000000D-03 0.7279920000D+02 0.1589400000D+00 0.8750000000D-03 0.3930000000D-01 0.4309446000D+01 0.3353900000D+01 0.5273200000D+01 0.3416000000D+01 0.2450000000D-01 0.1100000000D-03 0.2005340000D+02 0.7073000000D-01 0.1720000000D-03 0.1070000000D-01 0.2651266000D+01 0.2386800000D+01 0.5302700000D+01 0.1742700000D+01
5 6019980731199809222451025.5 0.1114000000D+00 0.3000000000D-03 0.7912950000D+02 0.1616900000D+00 0.1226000000D-02 0.4200000000D-01 0.2573020000D+01 0.2324100000D+01 0.4524400000D+01 0.1350000000D-01 0.2910000000D-01 0.5000000000D-04 0.2322830000D+02 0.5329000000D-01 0.5620000000D-03 0.1240000000D-01 0.9441240000D+00 0.8260000000D+00 0.3782200000D+01 0.4720600000D+01
5 6119980922199811142451078.5 0.1181000000D+00 0.9000000000D-04 0.8608860000D+02 0.1380900000D+00 0.1633000000D-02 0.4270000000D-01 0.9094050000D+00 0.1674800000D+01 0.4025500000D+01 0.3082700000D+01 0.2970000000D-01 0.6000000000D-04 0.2453970000D+02 0.1777000000D-01 0.4510000000D-03 0.1100000000D-01 0.5557187000D+01 0.1596300000D+01 0.2523300000D+01 0.1348700000D+01
5 6219981114199901062451131.5 0.1111000000D+00-0.4000000000D-04 0.8698900000D+02 0.1234300000D+00 0.1421000000D-02 0.4180000000D-01 0.5575925000D+01 0.1615200000D+01 0.3470400000D+01 0.5919400000D+01 0.3090000000D-01-0.5000000000D-04 0.2270130000D+02 0.5844000000D-01 0.3100000000D-03 0.1020000000D-01 0.3905597000D+01 0.6467000000D+00 0.3494200000D+01 0.4326800000D+01
6 6319971231199801182450813.5 0.4636400000D+01 0.4328000000D-01 0.1817083000D+03 0.3063000000D+00 0.0000000000D+00 0.2522200000D+01 0.2932457000D+01 0.6276300000D+01 0.0000000000D+00 0.3329000000D+00 0.8830000000D+00-0.1519000000D-01 0.2903420000D+02 0.2843000000D-01 0.0000000000D+00 0.4196000000D+00 0.1086147000D+01 0.1332600000D+01 0.0000000000D+00 0.4773200000D+01
6 6419980118199802052450831.5 0.4993400000D+01 0.1120000000D-02 0.1764043000D+03 0.3333400000D+00 0.0000000000D+00 0.2451600000D+01 0.3730861000D+01 0.1113300000D+01 0.0000000000D+00 0.1923700000D+01 0.6856000000D+00 0.7830000000D-02 0.2942690000D+02 0.4044000000D-01 0.0000000000D+00 0.4149000000D+00 0.1897242000D+01 0.2236200000D+01 0.0000000000D+00 0.1097000000D+00
6 6519980205199802232450849.5 0.5865900000D+01-0.1101600000D+00 0.1723787000D+03 0.4216100000D+00 0.0000000000D+00 0.2329900000D+01 0.4518190000D+01 0.1993800000D+01 0.0000000000D+00 0.3534800000D+01 0.9018000000D+00-0.1350000000D-01 0.3026440000D+02 0.7306000000D-01 0.0000000000D+00 0.4280000000D+00 0.2719242000D+01 0.2586500000D+01 0.0000000000D+00 0.1693100000D+01
6 6619980223199803132450867.5 0.3843000000D+01 0.1214400000D+00 0.1672923000D+03 0.4176800000D+00 0.0000000000D+00 0.2231400000D+01 0.5310264000D+01 0.3470200000D+01 0.0000000000D+00 0.5068800000D+01 0.8543000000D+00-0.6360000000D-02 0.3157510000D+02 0.9644000000D-01 0.0000000000D+00 0.4514000000D+00 0.3529580000D+01 0.3419100000D+01 0.0000000000D+00 0.3311200000D+01
6 6719980313199803312450885.5 0.5317200000D+01-0.1944000000D-01 0.1642600000D+03 0.3016400000D+00 0.0000000000D+00 0.2288700000D+01 0.6078927000D+01 0.4284700000D+01 0.0000000000D+00 0.3603000000D+00 0.6642000000D+00 0.2119000000D-01 0.3311620000D+02 0.1365500000D+00 0.0000000000D+00 0.4698000000D+00 0.4337608000D+01 0.4268500000D+01 0.0000000000D+00 0.4890900000D+01
6 6819980331199804182450903.5 0.5323900000D+01-0.8710000000D-02 0.1628519000D+03 0.3110400000D+00 0.0000000000D+00 0.2271100000D+01 0.5700200000D+00 0.5263400000D+01 0.0000000000D+00 0.1949100000D+01 0.1105300000D+01-0.2306000000D-01 0.3548570000D+02 0.1117200000D+00 0.0000000000D+00 0.5236000000D+00 0.5132125000D+01 0.5145000000D+01 0.0000000000D+00 0.2076000000D+00
6 6919980418199805062450921.5 0.4801400000D+01 0.7346000000D-01 0.1633089000D+03 0.3227500000D+00 0.0000000000D+00 0.2319300000D+01 0.1341525000D+01 0.6000100000D+01 0.0000000000D+00 0.3520500000D+01 0.8149000000D+00 0.1233000000D-01 0.3784500000D+02 0.1371400000D+00 0.0000000000D+00 0.5596000000D+00 0.5940173000D+01 0.5658600000D+01 0.0000000000D+00 0.1857300000D+01
6 7019980506199805242450939.5 0.6347500000D+01-0.7804000000D-01 0.1635455000D+03 0.4198900000D+00 0.0000000000D+00 0.2384700000D+01 0.2121436000D+01 0.9464000000D+00 0.0000000000D+00 0.5141600000D+01 0.8586000000D+00 0.1458000000D-01 0.4038340000D+02 0.1433200000D+00 0.0000000000D+00 0.5947000000D+00 0.4523110000D+00 0.1326000000D+00 0.0000000000D+00 0.3457600000D+01
6 7119980524199806112450957.5 0.5300300000D+01 0.5870000000D-01 0.1655748000D+03 0.3074700000D+00 0.0000000000D+00 0.2345500000D+01 0.2888893000D+01 0.2006000000D+01 0.0000000000D+00 0.4608000000D+00 0.1133200000D+01-0.1186000000D-01 0.4278840000D+02 0.1666400000D+00 0.0000000000D+00 0.6373000000D+00 0.1246612000D+01 0.1007600000D+01 0.0000000000D+00 0.5084600000D+01
6 7219980611199806292450975.5 0.6114800000D+01-0.1760000000D-02 0.1693908000D+03 0.3356200000D+00 0.0000000000D+00 0.2388500000D+01 0.3670020000D+01 0.2828700000D+01 0.0000000000D+00 0.2037500000D+01 0.8617000000D+00 0.2231000000D-01 0.4565640000D+02 0.1337800000D+00 0.0000000000D+00 0.6528000000D+00 0.2035043000D+01 0.1885500000D+01 0.0000000000D+00 0.4232000000D+00
6 7319980629199807172450993.5 0.6470600000D+01-0.1672000000D-01 0.1739132000D+03 0.3233700000D+00 0.0000000000D+00 0.2448300000D+01 0.4453818000D+01 0.3800900000D+01 0.0000000000D+00 0.3642700000D+01 0.1256400000D+01-0.1808000000D-01 0.4831460000D+02 0.1441700000D+00 0.0000000000D+00 0.6741000000D+00 0.2838558000D+01 0.2488400000D+01 0.0000000000D+00 0.1998800000D+01
6 7419980717199808042451011.5 0.5379400000D+01 0.1481800000D+00 0.1783951000D+03 0.4677200000D+00 0.0000000000D+00 0.2466100000D+01 0.5251238000D+01 0.4804200000D+01 0.0000000000D+00 0.5216200000D+01 0.9513000000D+00 0.1963000000D-01 0.5050510000D+02 0.1350900000D+00 0.0000000000D+00 0.7235000000D+00 0.3633125000D+01 0.3587600000D+01 0.0000000000D+00 0.3604300000D+01
6 7519980804199808222451029.5 0.7936600000D+01-0.1059300000D+00 0.1839616000D+03 0.3934700000D+00 0.0000000000D+00 0.2677300000D+01 0.6038205000D+01 0.6090000000D-01 0.0000000000D+00 0.5202000000D+00 0.1001900000D+01 0.2314000000D-01 0.5261100000D+02 0.1107500000D+00 0.0000000000D+00 0.7434000000D+00 0.4437279000D+01 0.4525900000D+01 0.0000000000D+00 0.5226800000D+01
6 7619980822199809092451047.5 0.6927500000D+01 0.1243000000D-01 0.1909672000D+03 0.3065300000D+00 0.0000000000D+00 0.2789700000D+01 0.5678000000D+00 0.9457000000D+00 0.0000000000D+00 0.2171300000D+01 0.1582100000D+01-0.3993000000D-01 0.5448050000D+02 0.5846000000D-01 0.0000000000D+00 0.7907000000D+00 0.5238673000D+01 0.1424000000D+00 0.0000000000D+00 0.5426000000D+00
6 7719980909199809272451065.5 0.6789900000D+01 0.4399000000D-01 0.1966957000D+03 0.2696600000D+00 0.0000000000D+00 0.2868100000D+01 0.1385520000D+01 0.2178600000D+01 0.0000000000D+00 0.3796700000D+01 0.1078400000D+01 0.1532000000D-01 0.5531880000D+02 0.1812000000D-01 0.0000000000D+00 0.8143000000D+00 0.6063009000D+01 0.1967200000D+01 0.0000000000D+00 0.2207800000D+01
6 7819980927199810152451083.5 0.7989700000D+01-0.9265000000D-01 0.2003107000D+03 0.2619200000D+00 0.0000000000D+00 0.2977900000D+01 0.2216778000D+01 0.2953400000D+01 0.0000000000D+00 0.5455300000D+01 0.1426800000D+01-0.2336000000D-01 0.5487420000D+02 0.6175000000D-01 0.0000000000D+00 0.7870000000D+00 0.5954920000D+00 0.2780700000D+01 0.0000000000D+00 0.3857900000D+01
6 7919981015199811022451101.5 0.5841300000D+01 0.1480700000D+00 0.2019482000D+03 0.4270600000D+00 0.0000000000D+00 0.2901300000D+01 0.3038097000D+01 0.4500000000D+01 0.0000000000D+00 0.8512000000D+00 0.1258300000D+01-0.8190000000D-02 0.5397210000D+02 0.9755000000D-01 0.0000000000D+00 0.7644000000D+00 0.1416838000D+01 0.4061700000D+01 0.0000000000D+00 0.5481100000D+01
6 8019981102199811202451119.5 0.7728300000D+01-0.6398000000D-01 0.2035343000D+03 0.3295800000D+00 0.0000000000D+00 0.2796100000D+01 0.3875816000D+01 0.6107500000D+01 0.0000000000D+00 0.2464500000D+01 0.8988000000D+00 0.3425000000D-01 0.5237920000D+02 0.1508400000D+00 0.0000000000D+00 0.7232000000D+00 0.2232709000D+01 0.4948200000D+01 0.0000000000D+00 0.8613000000D+00
6 8119981120199812082451137.5 0.7444000000D+01-0.7299000000D-01 0.2009141000D+03 0.3624300000D+00 0.0000000000D+00 0.2762700000D+01 0.4706898000D+01 0.1004000000D+01 0.0000000000D+00 0.4103900000D+01 0.1496900000D+01-0.3521000000D-01 0.5043750000D+02 0.1290800000D+00 0.0000000000D+00 0.6670000000D+00 0.3064079000D+01 0.6280200000D+01 0.0000000000D+00 0.2454200000D+01
6 8219981208199812262451155.5 0.6155900000D+01 0.3890000000D-01 0.1960887000D+03 0.3023900000D+00 0.0000000000D+00 0.2636700000D+01 0.5536515000D+01 0.2310400000D+01 0.0000000000D+00 0.5722900000D+01 0.1069600000D+01 0.4320000000D-02 0.4805090000D+02 0.8266000000D-01 0.0000000000D+00 0.6610000000D+00 0.3877228000D+01 0.6591000000D+00 0.0000000000D+00 0.4045700000D+01
6 8319981226199901132451173.5 0.7044600000D+01-0.8513000000D-01 0.1898398000D+03 0.3147600000D+00 0.0000000000D+00 0.2597100000D+01 0.6400300000D-01 0.3055800000D+01 0.0000000000D+00 0.1030700000D+01 0.1082300000D+01 0.1800000000D-03 0.4649170000D+02 0.5609000000D-01 0.0000000000D+00 0.6448000000D+00 0.4689287000D+01 0.1618200000D+01 0.0000000000D+00 0.5665600000D+01
7 8419971231199801122450813.5-0.5235360000D+02 0.8514380000D+01 0.1810554000D+03 0.8988670000D+01 0.0000000000D+00 0.5013300000D+01 0.4549961000D+01 0.2705400000D+01 0.0000000000D+00 0.1887300000D+01-0.3343000000D+00 0.1341700000D+00 0.3317670000D+02 0.1829630000D+01 0.0000000000D+00 0.8884000000D+00 0.2770575000D+01 0.8528000000D+00 0.0000000000D+00 0.7490000000D-01
7 8519980112199801242450825.5 0.9100700000D+01-0.5481200000D+01 0.1792579000D+03 0.1479037000D+02 0.0000000000D+00 0.7096000000D+00 0.2024507000D+01 0.6080000000D-01 0.0000000000D+00 0.6077600000D+01 0.1176180000D+02-0.3064900000D+00 0.3207180000D+02 0.2654550000D+01 0.0000000000D+00 0.1357000000D+00 0.2021990000D+00 0.4497000000D+01 0.0000000000D+00 0.3964600000D+01
7 8619980124199802052450837.5-0.1655670000D+02 0.6756170000D+01 0.1777546000D+03 0.8762120000D+01 0.0000000000D+00 0.4232600000D+01 0.5439878000D+01 0.3587700000D+01 0.0000000000D+00 0.3950400000D+01-0.8653000000D+01 0.1903540000D+01 0.3187670000D+02 0.1333950000D+01 0.0000000000D+00 0.4762000000D+00 0.3413252000D+01 0.1159200000D+01 0.0000000000D+00 0.2212600000D+01
7 8719980205199802172450849.5-0.4227300000D+01-0.5437840000D+01 0.1611781000D+03 0.1423413000D+02 0.0000000000D+00 0.6733000000D+00 0.2858352000D+01 0.1126600000D+01 0.0000000000D+00 0.2029700000D+01 0.1532850000D+02-0.1128060000D+01 0.2819480000D+02 0.2178990000D+01 0.0000000000D+00 0.1285000000D+00 0.9404140000D+00 0.5505600000D+01 0.0000000000D+00 0.1578600000D+01
7 8819980217199803012450861.5 0.6581390000D+02-0.7402570000D+01 0.2099254000D+03 0.1301416000D+02 0.0000000000D+00 0.8868000000D+00 0.6033461000D+01 0.3661600000D+01 0.0000000000D+00 0.6240000000D+00-0.6484000000D+00 0.1620520000D+01 0.3407380000D+02 0.1836770000D+01 0.0000000000D+00 0.2754000000D+00 0.4419840000D+01 0.2203100000D+01 0.0000000000D+00 0.4200700000D+01
7 8919980301199803132450873.5-0.7820250000D+02 0.7088680000D+01 0.1614830000D+03 0.8047350000D+01 0.0000000000D+00 0.3392700000D+01 0.3220063000D+01 0.1430900000D+01 0.0000000000D+00 0.5357200000D+01 0.1808950000D+02-0.2428910000D+01 0.2378990000D+02 0.1453300000D+01 0.0000000000D+00 0.4439000000D+00 0.1697322000D+01 0.5312000000D+00 0.0000000000D+00 0.3241100000D+01
7 9019980313199803252450885.5 0.4059930000D+02-0.5904140000D+01 0.1853838000D+03 0.1337893000D+02 0.0000000000D+00 0.6177000000D+00 0.6882680000D+00 0.4766000000D+01 0.0000000000D+00 0.3090900000D+01 0.1036310000D+02 0.3028100000D+00 0.4075850000D+02 0.3049770000D+01 0.0000000000D+00 0.1417000000D+00 0.5339736000D+01 0.3170400000D+01 0.0000000000D+00 0.2041300000D+01
7 9119980325199804062450897.5-0.6277140000D+02 0.9183920000D+01 0.1591746000D+03 0.7323020000D+01 0.0000000000D+00 0.4405600000D+01 0.4030755000D+01 0.2158400000D+01 0.0000000000D+00 0.1015400000D+01 0.2720000000D-01 0.8561000000D-01 0.4023760000D+02 0.2238710000D+01 0.0000000000D+00 0.1122900000D+01 0.2418174000D+01 0.4917000000D+00 0.0000000000D+00 0.5631800000D+01
7 9219980406199804182450909.5 0.2679170000D+02-0.5737870000D+01 0.1657144000D+03 0.1345520000D+02 0.0000000000D+00 0.6702000000D+00 0.1530909000D+01 0.5786100000D+01 0.0000000000D+00 0.5233800000D+01 0.1483240000D+02-0.2407600000D+00 0.4109600000D+02 0.3413400000D+01 0.0000000000D+00 0.2160000000D+00 0.6137349000D+01 0.4093000000D+01 0.0000000000D+00 0.3418300000D+01
7 9319980418199804302450921.5-0.4750320000D+02 0.1095298000D+02 0.1438053000D+03 0.6292350000D+01 0.0000000000D+00 0.4313400000D+01 0.4917273000D+01 0.3304100000D+01 0.0000000000D+00 0.3222300000D+01-0.4940500000D+01 0.1084110000D+01 0.4272150000D+02 0.2190000000D+01 0.0000000000D+00 0.1023200000D+01 0.3177696000D+01 0.1198000000D+01 0.0000000000D+00 0.1278900000D+01
7 9419980430199805122450933.5 0.1631430000D+02-0.6091890000D+01 0.1520446000D+03 0.1347900000D+02 0.0000000000D+00 0.7842000000D+00 0.2330494000D+01 0.5295000000D+00 0.0000000000D+00 0.1116500000D+01 0.1788170000D+02-0.7607700000D+00 0.4014140000D+02 0.3440510000D+01 0.0000000000D+00 0.1092000000D+00 0.6038440000D+00 0.5041900000D+01 0.0000000000D+00 0.5313100000D+01
7 9519980512199805242450945.5 0.4529780000D+02-0.1562860000D+01 0.2038413000D+03 0.1180088000D+02 0.0000000000D+00 0.1368900000D+01 0.5570982000D+01 0.3311200000D+01 0.0000000000D+00 0.4750200000D+01-0.1157380000D+02 0.3375540000D+01 0.4173500000D+02 0.1771370000D+01 0.0000000000D+00 0.5940000000D+00 0.3810845000D+01 0.1402600000D+01 0.0000000000D+00 0.3766000000D+01
7 9619980524199806052450957.5-0.1584330000D+02-0.2896240000D+01 0.1564801000D+03 0.1230414000D+02 0.0000000000D+00 0.1140000000D+01 0.2964846000D+01 0.1346600000D+01 0.0000000000D+00 0.4360700000D+01 0.2898930000D+02-0.3229020000D+01 0.3150670000D+02 0.1872410000D+01 0.0000000000D+00 0.6468000000D+00 0.1162801000D+01 0.6183400000D+01 0.0000000000D+00 0.2301200000D+01
7 9719980605199806172450969.5 0.6340600000D+02-0.6382790000D+01 0.2032383000D+03 0.1405527000D+02 0.0000000000D+00 0.8228000000D+00 0.5055300000D-01 0.4051400000D+01 0.0000000000D+00 0.1885300000D+01 0.8550300000D+01 0.1128490000D+01 0.5377660000D+02 0.3745410000D+01 0.0000000000D+00 0.5860000000D-01 0.4851270000D+01 0.2645700000D+01 0.0000000000D+00 0.8795000000D+00
7 9819980617199806292450981.5-0.8801890000D+02 0.1150378000D+02 0.1714958000D+03 0.6835470000D+01 0.0000000000D+00 0.4794600000D+01 0.3293696000D+01 0.1255200000D+01 0.0000000000D+00 0.6000100000D+01 0.1240530000D+02-0.1688470000D+01 0.4618800000D+02 0.2510130000D+01 0.0000000000D+00 0.1168400000D+01 0.1981082000D+01 0.3009000000D+00 0.0000000000D+00 0.4705300000D+01
7 9919980629199807112450993.5 0.4891700000D+02-0.6183490000D+01 0.1874058000D+03 0.1460520000D+02 0.0000000000D+00 0.7489000000D+00 0.9079130000D+00 0.5077700000D+01 0.0000000000D+00 0.4030200000D+01 0.1608940000D+02 0.3387400000D+00 0.5598280000D+02 0.4524240000D+01 0.0000000000D+00 0.2932000000D+00 0.5665889000D+01 0.3561100000D+01 0.0000000000D+00 0.2742700000D+01
710019980711199807232451005.5-0.4822460000D+02 0.9329780000D+01 0.1770307000D+03 0.8564060000D+01 0.0000000000D+00 0.5263000000D+01 0.4265464000D+01 0.2415300000D+01 0.0000000000D+00 0.1889900000D+01 0.2474000000D+01-0.2630300000D+00 0.5554350000D+02 0.3181710000D+01 0.0000000000D+00 0.1663100000D+01 0.2771609000D+01 0.9242000000D+00 0.0000000000D+00 0.3498000000D+00
710119980723199808042451017.5 0.3513160000D+02-0.6287750000D+01 0.1778989000D+03 0.1521710000D+02 0.0000000000D+00 0.7758000000D+00 0.1725117000D+01 0.6090400000D+01 0.0000000000D+00 0.6063000000D+01 0.2114450000D+02-0.3560000000D+00 0.5503380000D+02 0.4741360000D+01 0.0000000000D+00 0.2617000000D+00 0.1340290000D+00 0.4464100000D+01 0.0000000000D+00 0.4138100000D+01
710219980804199808162451029.5-0.2168690000D+02 0.1016632000D+02 0.1792121000D+03 0.7805130000D+01 0.0000000000D+00 0.4503000000D+01 0.5115395000D+01 0.3299700000D+01 0.0000000000D+00 0.3939400000D+01-0.1738930000D+02 0.3625880000D+01 0.5813580000D+02 0.2562650000D+01 0.0000000000D+00 0.7511000000D+00 0.3267860000D+01 0.8921000000D+00 0.0000000000D+00 0.2463200000D+01
710319980816199808282451041.5 0.3230500000D+02-0.8949100000D+01 0.1640675000D+03 0.1510051000D+02 0.0000000000D+00 0.1320700000D+01 0.2564512000D+01 0.9487000000D+00 0.0000000000D+00 0.2157700000D+01 0.2885160000D+02-0.1897600000D+01 0.4945560000D+02 0.3801000000D+01 0.0000000000D+00 0.2936000000D+00 0.7913940000D+00 0.5382400000D+01 0.0000000000D+00 0.1611000000D+01
710419980828199809092451053.5 0.8173810000D+02-0.6358330000D+01 0.2515871000D+03 0.1633734000D+02 0.0000000000D+00 0.8342000000D+00 0.5773502000D+01 0.3437800000D+01 0.0000000000D+00 0.6661000000D+00-0.2455300000D+01 0.2812340000D+01 0.6030870000D+02 0.3417420000D+01 0.0000000000D+00 0.4113000000D+00 0.4268153000D+01 0.1997800000D+01 0.0000000000D+00 0.4394400000D+01
710519980909199809212451065.5-0.6279770000D+02 0.5165940000D+01 0.2007989000D+03 0.1049473000D+02 0.0000000000D+00 0.4441100000D+01 0.2958329000D+01 0.1194100000D+01 0.0000000000D+00 0.5181700000D+01 0.3549730000D+02-0.4534070000D+01 0.3909720000D+02 0.1938670000D+01 0.0000000000D+00 0.9209000000D+00 0.1455584000D+01 0.3892000000D+00 0.0000000000D+00 0.3185500000D+01
710619980921199810032451077.5 0.6411080000D+02-0.6278300000D+01 0.2315643000D+03 0.1703504000D+02 0.0000000000D+00 0.8777000000D+00 0.4106070000D+00 0.4497800000D+01 0.0000000000D+00 0.2958600000D+01 0.1300120000D+02 0.9274500000D+00 0.6493660000D+02 0.4870420000D+01 0.0000000000D+00 0.2345000000D+00 0.5201780000D+01 0.3027400000D+01 0.0000000000D+00 0.1805200000D+01
710719981003199810152451089.5-0.6596820000D+02 0.1010106000D+02 0.2069370000D+03 0.9611020000D+01 0.0000000000D+00 0.6065800000D+01 0.3761419000D+01 0.1841900000D+01 0.0000000000D+00 0.8208000000D+00 0.5374700000D+01-0.5690700000D+00 0.6156640000D+02 0.3387210000D+01 0.0000000000D+00 0.1814100000D+01 0.2286973000D+01 0.3581000000D+00 0.0000000000D+00 0.5570800000D+01
710819981015199810272451101.5 0.4926820000D+02-0.6731300000D+01 0.2092981000D+03 0.1690547000D+02 0.0000000000D+00 0.7917000000D+00 0.1293634000D+01 0.5556100000D+01 0.0000000000D+00 0.4974500000D+01 0.1818090000D+02 0.2238100000D+00 0.5961060000D+02 0.4951180000D+01 0.0000000000D+00 0.3143000000D+00 0.6026407000D+01 0.3980900000D+01 0.0000000000D+00 0.3317300000D+01
710919981027199811082451113.5-0.6324200000D+02 0.1458188000D+02 0.1755022000D+03 0.6329370000D+01 0.0000000000D+00 0.5356400000D+01 0.4673587000D+01 0.3076100000D+01 0.0000000000D+00 0.3135200000D+01-0.3086800000D+01 0.7028700000D+00 0.5903070000D+02 0.3017550000D+01 0.0000000000D+00 0.1459600000D+01 0.3078704000D+01 0.1095300000D+01 0.0000000000D+00 0.1250100000D+01
711019981108199811202451125.5 0.3939170000D+02-0.8389760000D+01 0.1835934000D+03 0.1588164000D+02 0.0000000000D+00 0.9510000000D+00 0.2171053000D+01 0.4065000000D+00 0.0000000000D+00 0.1301100000D+01 0.2157400000D+02-0.5440000000D+00 0.5205410000D+02 0.4411210000D+01 0.0000000000D+00 0.1167000000D+00 0.5101800000D+00 0.4935800000D+01 0.0000000000D+00 0.5061900000D+01
711119981120199812022451137.5 0.5160690000D+02-0.8293200000D+00 0.2482832000D+03 0.1415846000D+02 0.0000000000D+00 0.1723100000D+01 0.5473455000D+01 0.3204500000D+01 0.0000000000D+00 0.4784800000D+01-0.1401150000D+02 0.3742290000D+01 0.5184520000D+02 0.2357140000D+01 0.0000000000D+00 0.7014000000D+00 0.3711002000D+01 0.1230200000D+01 0.0000000000D+00 0.3834000000D+01
711219981202199812142451149.5-0.4669000000D+01-0.4697640000D+01 0.1838164000D+03 0.1392093000D+02 0.0000000000D+00 0.1608400000D+01 0.2895761000D+01 0.1303500000D+01 0.0000000000D+00 0.4376000000D+01 0.3402200000D+02-0.3646940000D+01 0.3572030000D+02 0.1812970000D+01 0.0000000000D+00 0.7815000000D+00 0.1050613000D+01 0.6041100000D+01 0.0000000000D+00 0.2375100000D+01
711319981214199812262451161.5 0.6883370000D+02-0.6179870000D+01 0.2346232000D+03 0.1622316000D+02 0.0000000000D+00 0.9698000000D+00 0.3509700000D-01 0.4037200000D+01 0.0000000000D+00 0.1887600000D+01 0.7415700000D+01 0.1135990000D+01 0.5644600000D+02 0.3926120000D+01 0.0000000000D+00 0.1087000000D+00 0.4803412000D+01 0.2576500000D+01 0.0000000000D+00 0.5888000000D+00
711419981226199901072451173.5-0.8697200000D+02 0.1148080000D+02 0.1926275000D+03 0.7846700000D+01 0.0000000000D+00 0.5370400000D+01 0.3316535000D+01 0.1250000000D+01 0.0000000000D+00 0.6137500000D+01 0.1298520000D+02-0.1668570000D+01 0.4663420000D+02 0.2456540000D+01 0.0000000000D+00 0.1238500000D+01 0.1947161000D+01 0.1920000000D+00 0.0000000000D+00 0.4788000000D+01
811519971231199802052450813.5 0.3565210000D+02-0.1428650000D+01 0.4827399000D+03 0.0000000000D+00 0.0000000000D+00 0.4704100000D+01 0.2250234000D+01 0.0000000000D+00 0.0000000000D+00 0.4093400000D+01 0.1074460000D+02-0.1833800000D+00 0.1477812000D+03 0.0000000000D+00 0.0000000000D+00 0.2189800000D+01 0.1438773000D+01 0.0000000000D+00 0.0000000000D+00 0.3278400000D+01
811619980205199803132450849.5-0.2991080000D+02 0.1353080000D+01 0.4536386000D+03 0.0000000000D+00 0.0000000000D+00 0.6297500000D+01 0.5036069000D+01 0.0000000000D+00 0.0000000000D+00 0.4192800000D+01-0.3018300000D+01 0.3283100000D+00 0.1438226000D+03 0.0000000000D+00 0.0000000000D+00 0.1441700000D+01 0.4207482000D+01 0.0000000000D+00 0.0000000000D+00 0.3422800000D+01
811719980313199804182450885.5 0.2835990000D+02-0.1065150000D+01 0.4417761000D+03 0.0000000000D+00 0.0000000000D+00 0.7997300000D+01 0.1516702000D+01 0.0000000000D+00 0.0000000000D+00 0.3129200000D+01 0.1717070000D+02-0.4634100000D+00 0.1454151000D+03 0.0000000000D+00 0.0000000000D+00 0.2645600000D+01 0.6680660000D+00 0.0000000000D+00 0.0000000000D+00 0.2308200000D+01
811819980418199805242450921.5-0.2216020000D+02 0.1234730000D+01 0.4437408000D+03 0.0000000000D+00 0.0000000000D+00 0.4240000000D+01 0.4270424000D+01 0.0000000000D+00 0.0000000000D+00 0.2335500000D+01-0.6514300000D+01 0.4417500000D+00 0.1541691000D+03 0.0000000000D+00 0.0000000000D+00 0.1529200000D+01 0.3434817000D+01 0.0000000000D+00 0.0000000000D+00 0.1348000000D+01
811919980524199806292450957.5 0.3820560000D+02-0.1586260000D+01 0.4586316000D+03 0.0000000000D+00 0.0000000000D+00 0.6807900000D+01 0.7423280000D+00 0.0000000000D+00 0.0000000000D+00 0.2036200000D+01 0.1695680000D+02-0.2894500000D+00 0.1658222000D+03 0.0000000000D+00 0.0000000000D+00 0.2521200000D+01 0.6224991000D+01 0.0000000000D+00 0.0000000000D+00 0.1571700000D+01
812019980629199808042450993.5-0.1666800000D+02 0.1279290000D+01 0.4986921000D+03 0.0000000000D+00 0.0000000000D+00 0.8534000000D+01 0.3553800000D+01 0.0000000000D+00 0.0000000000D+00 0.9560000000D+00-0.1457100000D+01 0.2882300000D+00 0.1810835000D+03 0.0000000000D+00 0.0000000000D+00 0.3527900000D+01 0.2758354000D+01 0.0000000000D+00 0.0000000000D+00 0.3700000000D-01
812119980804199809092451029.5 0.2120330000D+02-0.9239000000D+00 0.5413778000D+03 0.0000000000D+00 0.0000000000D+00 0.3172600000D+01 0.1214350000D+00 0.0000000000D+00 0.0000000000D+00 0.9809000000D+00 0.1792240000D+02-0.4654200000D+00 0.1976033000D+03 0.0000000000D+00 0.0000000000D+00 0.1656800000D+01 0.5597668000D+01 0.0000000000D+00 0.0000000000D+00 0.1426000000D+00
812219980909199810152451065.5 0.5979000000D+00 0.9348500000D+00 0.5776871000D+03 0.0000000000D+00 0.0000000000D+00 0.1010390000D+02 0.3002877000D+01 0.0000000000D+00 0.0000000000D+00 0.3719000000D+00-0.2094500000D+01 0.6145400000D+00 0.2094645000D+03 0.0000000000D+00 0.0000000000D+00 0.2861000000D+01 0.2208182000D+01 0.0000000000D+00 0.0000000000D+00 0.5779500000D+01
812319981015199811202451101.5 0.1268450000D+02-0.1025950000D+01 0.5895912000D+03 0.0000000000D+00 0.0000000000D+00 0.1149570000D+02 0.5903375000D+01 0.0000000000D+00 0.0000000000D+00 0.5689200000D+01 0.1288890000D+02-0.4779400000D+00 0.2069855000D+03 0.0000000000D+00 0.0000000000D+00 0.3875300000D+01 0.5130265000D+01 0.0000000000D+00 0.0000000000D+00 0.4962000000D+01
812419981120199812262451137.5 0.2103660000D+02-0.1267500000D+00 0.5596129000D+03 0.0000000000D+00 0.0000000000D+00 0.2352500000D+01 0.2542226000D+01 0.0000000000D+00 0.0000000000D+00 0.5332700000D+01 0.9779800000D+01 0.1011000000D+00 0.1916944000D+03 0.0000000000D+00 0.0000000000D+00 0.8419000000D+00 0.1751285000D+01 0.0000000000D+00 0.0000000000D+00 0.4305900000D+01
812519981226199901312451173.5-0.2342120000D+02 0.9860400000D+00 0.5106061000D+03 0.0000000000D+00 0.0000000000D+00 0.1057270000D+02 0.5415048000D+01 0.0000000000D+00 0.0000000000D+00 0.4979700000D+01 0.2873700000D+01 0.6240000000D-02 0.1783244000D+03 0.0000000000D+00 0.0000000000D+00 0.3318400000D+01 0.4598731000D+01 0.0000000000D+00 0.0000000000D+00 0.4384600000D+01
