 6 8    2   33   41   48   56   63   84  115  6.6670  4.5860  3.3280  2.2960  1.3910  0.3940  0.3940  0.0790 12.0 50.0 55.0 50.0 53.0 18.0 12.0 36.0  125 2451178.5000 1999                                                                                                                                                                                                      
1  219981231199901122451178.5 0.7171000000D+00 0.4540000000D-02 0.2865960000D+02 0.5690000000D-01 0.4830000000D-03 0.2670000000D+00 0.5501578000D+01 0.2710800000D+01 0.4361500000D+01 0.4306000000D+00-0.1039000000D+00 0.2450000000D-02 0.6328900000D+01 0.1983000000D-01 0.1840000000D-03 0.6060000000D-01 0.3832837000D+01 0.1755000000D+01 0.3645100000D+01 0.5017200000D+01
1  319990112199901242451190.5 0.7579000000D+00 0.1780000000D-02 0.2804440000D+02 0.5855000000D-01 0.6530000000D-03 0.2609000000D+00 0.3813185000D+01 0.1134100000D+01 0.2433000000D+01 0.3109100000D+01-0.7380000000D-01 0.2510000000D-02 0.6245400000D+01 0.1935000000D-01 0.2330000000D-03 0.5960000000D-01 0.2122147000D+01 0.3723000000D+00 0.2525600000D+01 0.1424400000D+01
1  419990124199902052451202.5 0.7822000000D+00-0.7900000000D-03 0.2743080000D+02 0.5904000000D-01 0.6240000000D-03 0.2563000000D+00 0.2120772000D+01 0.5896600000D+01 0.5542000000D+00 0.5807000000D+01-0.4490000000D-01 0.2780000000D-02 0.6243100000D+01 0.1891000000D-01 0.3030000000D-03 0.5950000000D-01 0.4100730000D+00 0.5239300000D+01 0.7666000000D+00 0.4098100000D+01
1  519990205199902172451214.5 0.7645000000D+00-0.3610000000D-02 0.2685240000D+02 0.6135000000D-01 0.3040000000D-03 0.2528000000D+00 0.4248950000D+00 0.4421200000D+01 0.4459400000D+01 0.2205600000D+01-0.1080000000D-01 0.2920000000D-02 0.6313400000D+01 0.1900000000D-01 0.2690000000D-03 0.6000000000D-01 0.4982013000D+01 0.3867200000D+01 0.5182000000D+01 0.4998000000D+00
1  619990217199903012451226.5 0.7244000000D+00-0.5490000000D-02 0.2635740000D+02 0.6791000000D-01 0.1750000000D-03 0.2506000000D+00 0.5009030000D+01 0.2830800000D+01 0.8630000000D-01 0.4906000000D+01 0.2080000000D-01 0.3080000000D-02 0.6452700000D+01 0.2021000000D-01 0.1930000000D-03 0.6110000000D-01 0.3273682000D+01 0.2455200000D+01 0.3236800000D+01 0.3161600000D+01
1  719990301199903132451238.5 0.6641000000D+00-0.7520000000D-02 0.2592770000D+02 0.7027000000D-01 0.5580000000D-03 0.2435000000D+00 0.3306817000D+01 0.1182400000D+01 0.3832000000D+01 0.1311400000D+01 0.5930000000D-01 0.3130000000D-02 0.6647300000D+01 0.2272000000D-01 0.1170000000D-03 0.6360000000D-01 0.1569281000D+01 0.9779000000D+00 0.1372700000D+01 0.5847800000D+01
1  819990313199903252451250.5 0.5727000000D+00-0.8440000000D-02 0.2556220000D+02 0.6544000000D-01 0.5270000000D-03 0.2406000000D+00 0.1602317000D+01 0.5837500000D+01 0.1662100000D+01 0.4003600000D+01 0.9530000000D-01 0.3000000000D-02 0.6888700000D+01 0.2571000000D-01 0.3000000000D-04 0.6630000000D-01 0.6152653000D+01 0.5705200000D+01 0.6075000000D+00 0.2251400000D+01
1  919990325199904062451262.5 0.4805000000D+00-0.9330000000D-02 0.2527640000D+02 0.6066000000D-01 0.3890000000D-03 0.2346000000D+00 0.6180336000D+01 0.4249200000D+01 0.5720100000D+01 0.3993000000D+00 0.1336000000D+00 0.2880000000D-02 0.7171600000D+01 0.2747000000D-01 0.1270000000D-03 0.7020000000D-01 0.4457781000D+01 0.4061900000D+01 0.5907300000D+01 0.4954100000D+01
1 1019990406199904182451274.5 0.3583000000D+00-0.9800000000D-02 0.2507220000D+02 0.5611000000D-01 0.2270000000D-03 0.2344000000D+00 0.4474669000D+01 0.2704200000D+01 0.3449900000D+01 0.3072300000D+01 0.1694000000D+00 0.2500000000D-02 0.7484000000D+01 0.2755000000D-01 0.2100000000D-03 0.7240000000D-01 0.2766236000D+01 0.2435000000D+01 0.3878500000D+01 0.1381600000D+01
1 1119990418199904302451286.5 0.2438000000D+00-0.1010000000D-01 0.2495770000D+02 0.5452000000D-01 0.1090000000D-03 0.2339000000D+00 0.2769683000D+01 0.1163300000D+01 0.7373000000D+00 0.5762800000D+01 0.1995000000D+00 0.2160000000D-02 0.7812600000D+01 0.2727000000D-01 0.1620000000D-03 0.7570000000D-01 0.1077959000D+01 0.8630000000D+00 0.1811300000D+01 0.4092300000D+01
1 1219990430199905122451298.5 0.1126000000D+00-0.1076000000D-01 0.2493650000D+02 0.5751000000D-01 0.2840000000D-03 0.2377000000D+00 0.1066165000D+01 0.5859200000D+01 0.2598700000D+01 0.2162700000D+01 0.2269000000D+00 0.1510000000D-02 0.8146000000D+01 0.2814000000D-01 0.4700000000D-04 0.7810000000D-01 0.5676622000D+01 0.5568900000D+01 0.6219000000D+01 0.5254000000D+00
1 1319990512199905242451310.5-0.1600000000D-01-0.1083000000D-01 0.2501840000D+02 0.5586000000D-01 0.6020000000D-03 0.2393000000D+00 0.5646525000D+01 0.4208200000D+01 0.3508000000D+00 0.4871000000D+01 0.2413000000D+00 0.7500000000D-03 0.8484200000D+01 0.2875000000D-01 0.7000000000D-04 0.8100000000D-01 0.3995232000D+01 0.3979300000D+01 0.9680000000D+00 0.3224900000D+01
1 1419990524199906052451322.5-0.1433000000D+00-0.1125000000D-01 0.2517640000D+02 0.4999000000D-01 0.6960000000D-03 0.2398000000D+00 0.3945125000D+01 0.2601200000D+01 0.4408000000D+01 0.1286400000D+01 0.2515000000D+00-0.2400000000D-03 0.8818700000D+01 0.2856000000D-01 0.1180000000D-03 0.8450000000D-01 0.2317132000D+01 0.2349700000D+01 0.5273000000D+01 0.5948800000D+01
1 1519990605199906172451334.5-0.2786000000D+00-0.1068000000D-01 0.2539540000D+02 0.4588000000D-01 0.4400000000D-03 0.2426000000D+00 0.2245956000D+01 0.1151800000D+01 0.2406800000D+01 0.3998000000D+01 0.2456000000D+00-0.1430000000D-02 0.9143100000D+01 0.2794000000D-01 0.1900000000D-03 0.8780000000D-01 0.6417110000D+00 0.6949000000D+00 0.3086100000D+01 0.2379000000D+01
1 1619990617199906292451346.5-0.3963000000D+00-0.9980000000D-02 0.2570090000D+02 0.4519000000D-01 0.1210000000D-03 0.2424000000D+00 0.5498410000D+00 0.5987400000D+01 0.5162000000D+00 0.4095000000D+00 0.2307000000D+00-0.2510000000D-02 0.9461100000D+01 0.2503000000D-01 0.1810000000D-03 0.9210000000D-01 0.5251569000D+01 0.5360900000D+01 0.9443000000D+00 0.5112800000D+01
1 1719990629199907112451358.5-0.5232000000D+00-0.8560000000D-02 0.2607740000D+02 0.4790000000D-01 0.1700000000D-03 0.2480000000D+00 0.5140217000D+01 0.4489700000D+01 0.6154000000D+00 0.3113400000D+01 0.2015000000D+00-0.3630000000D-02 0.9756300000D+01 0.2221000000D-01 0.1270000000D-03 0.9400000000D-01 0.3579769000D+01 0.3807200000D+01 0.4783000000D+01 0.1564900000D+01
1 1819990711199907232451370.5-0.6213000000D+00-0.6760000000D-02 0.2652860000D+02 0.5031000000D-01 0.4050000000D-03 0.2520000000D+00 0.3450791000D+01 0.2961200000D+01 0.5293900000D+01 0.5824700000D+01 0.1586000000D+00-0.4320000000D-02 0.1001990000D+02 0.2174000000D-01 0.3000000000D-04 0.9710000000D-01 0.1909539000D+01 0.2287000000D+01 0.4705700000D+01 0.4303900000D+01
1 1919990723199908042451382.5-0.7141000000D+00-0.5020000000D-02 0.2705800000D+02 0.4846000000D-01 0.5990000000D-03 0.2617000000D+00 0.1765304000D+01 0.1375400000D+01 0.3100900000D+01 0.2252500000D+01 0.1082000000D+00-0.4940000000D-02 0.1025210000D+02 0.2099000000D-01 0.1770000000D-03 0.9820000000D-01 0.2416480000D+00 0.7070000000D+00 0.3482400000D+01 0.7610000000D+00
1 2019990804199908162451394.5-0.7750000000D+00-0.2650000000D-02 0.2763580000D+02 0.4525000000D-01 0.7160000000D-03 0.2673000000D+00 0.8288900000D-01 0.6187600000D+01 0.9684000000D+00 0.4986200000D+01 0.4490000000D-01-0.5180000000D-02 0.1044960000D+02 0.1937000000D-01 0.2820000000D-03 0.9960000000D-01 0.4858302000D+01 0.5410700000D+01 0.1552000000D+01 0.3485500000D+01
1 2119990816199908282451406.5-0.8081000000D+00-0.5500000000D-03 0.2823470000D+02 0.4744000000D-01 0.4320000000D-03 0.2737000000D+00 0.4687488000D+01 0.4804400000D+01 0.5275400000D+01 0.1431800000D+01-0.1670000000D-01-0.5280000000D-02 0.1060890000D+02 0.1638000000D-01 0.2950000000D-03 0.1010000000D+00 0.3193045000D+01 0.3912000000D+01 0.6095800000D+01 0.6228300000D+01
1 2219990828199909092451418.5-0.8140000000D+00 0.2590000000D-02 0.2883000000D+02 0.5492000000D-01 0.2390000000D-03 0.2802000000D+00 0.3013524000D+01 0.3290600000D+01 0.5257800000D+01 0.4173900000D+01-0.8450000000D-01-0.5160000000D-02 0.1071960000D+02 0.1271000000D-01 0.2370000000D-03 0.1021000000D+00 0.1528808000D+01 0.2524300000D+01 0.4277300000D+01 0.2670500000D+01
1 2319990909199909212451430.5-0.7723000000D+00 0.5740000000D-02 0.2943050000D+02 0.5824000000D-01 0.6600000000D-03 0.2819000000D+00 0.1343482000D+01 0.1758200000D+01 0.3961400000D+01 0.6179000000D+00-0.1444000000D+00-0.4620000000D-02 0.1077780000D+02 0.1183000000D-01 0.1290000000D-03 0.1037000000D+00 0.6147551000D+01 0.1404200000D+01 0.2925500000D+01 0.5411800000D+01
1 2419990921199910032451442.5-0.7074000000D+00 0.9520000000D-02 0.2999650000D+02 0.5526000000D-01 0.7300000000D-03 0.2883000000D+00 0.5960409000D+01 0.2376000000D+00 0.2142300000D+01 0.3354200000D+01-0.1995000000D+00-0.3870000000D-02 0.1076670000D+02 0.1361000000D-01 0.1700000000D-03 0.1029000000D+00 0.4482951000D+01 0.1690000000D+00 0.2268400000D+01 0.1872400000D+01
1 2519991003199910152451454.5-0.5859000000D+00 0.1295000000D-01 0.3048300000D+02 0.5150000000D-01 0.7070000000D-03 0.2907000000D+00 0.4296806000D+01 0.5045200000D+01 0.4415000000D+00 0.6088000000D+01-0.2445000000D+00-0.2560000000D-02 0.1068170000D+02 0.1446000000D-01 0.3180000000D-03 0.1029000000D+00 0.2817690000D+01 0.5040100000D+01 0.3460000000D+00 0.4611500000D+01
1 2619991015199910272451466.5-0.4421000000D+00 0.1541000000D-01 0.3087450000D+02 0.4722000000D-01 0.3800000000D-03 0.2977000000D+00 0.2634990000D+01 0.3713900000D+01 0.5434800000D+01 0.2533400000D+01-0.2732000000D+00-0.1250000000D-02 0.1053730000D+02 0.1604000000D-01 0.3440000000D-03 0.1000000000D+00 0.1151094000D+01 0.3743400000D+01 0.4781400000D+01 0.1069600000D+01
1 2719991027199911082451478.5-0.2564000000D+00 0.1694000000D-01 0.3110490000D+02 0.4685000000D-01 0.4150000000D-03 0.2990000000D+00 0.9737620000D+00 0.2366400000D+01 0.5049500000D+01 0.5280200000D+01-0.2915000000D+00 0.2000000000D-03 0.1033270000D+02 0.1902000000D-01 0.2170000000D-03 0.9730000000D-01 0.5764770000D+01 0.2418200000D+01 0.2970800000D+01 0.3786800000D+01
1 2819991108199911202451490.5-0.5630000000D-01 0.1650000000D-01 0.3115670000D+02 0.4540000000D-01 0.8930000000D-03 0.3004000000D+00 0.5595433000D+01 0.9116000000D+00 0.3298000000D+01 0.1731000000D+01-0.2878000000D+00 0.1350000000D-02 0.1008130000D+02 0.2243000000D-01 0.1130000000D-03 0.9440000000D-01 0.4090887000D+01 0.9515000000D+00 0.1689600000D+01 0.2291000000D+00
1 2919991120199912022451502.5 0.1436000000D+00 0.1551000000D-01 0.3104480000D+02 0.3651000000D-01 0.9690000000D-03 0.2990000000D+00 0.3932952000D+01 0.5859300000D+01 0.1359000000D+01 0.4475000000D+01-0.2758000000D+00 0.2180000000D-02 0.9803700000D+01 0.2556000000D-01 0.1620000000D-03 0.9160000000D-01 0.2412066000D+01 0.5709000000D+01 0.1396100000D+01 0.2925300000D+01
1 3019991202199912142451514.5 0.3411000000D+00 0.1315000000D-01 0.3078170000D+02 0.3296000000D-01 0.6870000000D-03 0.2910000000D+00 0.2267079000D+01 0.4740000000D+01 0.5678900000D+01 0.9119000000D+00-0.2475000000D+00 0.2810000000D-02 0.9516600000D+01 0.2593000000D-01 0.3020000000D-03 0.8990000000D-01 0.7270960000D+00 0.4137200000D+01 0.6170100000D+01 0.5632900000D+01
1 3119991214199912262451526.5 0.4963000000D+00 0.1078000000D-01 0.3038490000D+02 0.3986000000D-01 0.3870000000D-03 0.2863000000D+00 0.5967690000D+00 0.3522800000D+01 0.4287300000D+01 0.3633800000D+01-0.2140000000D+00 0.3080000000D-02 0.9243000000D+01 0.2368000000D-01 0.3290000000D-03 0.8730000000D-01 0.5319939000D+01 0.2619000000D+01 0.4334500000D+01 0.2051200000D+01
1 3219991226200001072451538.5 0.6357000000D+00 0.7970000000D-02 0.2987570000D+02 0.4867000000D-01 0.3820000000D-03 0.2784000000D+00 0.5204723000D+01 0.2122200000D+01 0.3589600000D+01 0.5410000000D-01-0.1752000000D+00 0.3460000000D-02 0.9007800000D+01 0.2179000000D-01 0.1730000000D-03 0.8630000000D-01 0.3625274000D+01 0.1240200000D+01 0.2711500000D+01 0.4751000000D+01
2 3319981231199902192451178.5-0.1211000000D+00 0.1320000000D-02 0.3680070000D+02 0.7804000000D-01 0.3920000000D-03 0.8620000000D-01 0.1784432000D+01 0.5414700000D+01 0.5142000000D+00-0.5588100000D+01-0.5350000000D-01-0.1400000000D-03 0.9091500000D+01 0.1461000000D-01 0.1950000000D-03 0.2190000000D-01 0.9762800000D-01 0.3798200000D+01 0.6101100000D+01-0.9706000000D+00
2 3419990219199904102451228.5-0.5410000000D-01 0.1010000000D-02 0.3376670000D+02 0.9149000000D-01 0.2630000000D-03 0.8320000000D-01 0.4808172000D+01 0.2663900000D+01 0.4512100000D+01-0.6091500000D+01-0.6130000000D-01-0.1400000000D-03 0.8951200000D+01 0.1475000000D-01 0.1300000000D-03 0.2260000000D-01 0.3144476000D+01 0.2092300000D+01 0.2681200000D+01-0.1435000000D+01
2 3519990410199905302451278.5-0.4100000000D-02 0.8600000000D-03 0.3217200000D+02 0.8763000000D-01 0.3010000000D-03 0.8010000000D-01 0.1504886000D+01 0.6056700000D+01 0.1814500000D+01-0.3224000000D+00-0.6920000000D-01-0.1500000000D-03 0.9635700000D+01 0.2670000000D-01 0.6500000000D-04 0.2520000000D-01 0.6168508000D+01 0.5450700000D+01 0.5739800000D+01-0.1939000000D+01
2 3619990530199907192451328.5 0.3820000000D-01 0.1080000000D-02 0.3244720000D+02 0.7909000000D-01 0.3790000000D-03 0.8280000000D-01 0.4484046000D+01 0.3231100000D+01 0.5226700000D+01-0.7958000000D+00-0.7740000000D-01-0.7000000000D-04 0.1082420000D+02 0.3317000000D-01 0.4700000000D-04 0.2810000000D-01 0.2903879000D+01 0.2326600000D+01 0.4186300000D+01-0.2406000000D+01
2 3719990719199909072451378.5 0.9280000000D-01 0.1410000000D-02 0.3451000000D+02 0.7422000000D-01 0.4860000000D-03 0.8690000000D-01 0.1216015000D+01 0.5684000000D+00 0.2593400000D+01-0.1243500000D+01-0.8210000000D-01 0.1000000000D-03 0.1226590000D+02 0.3293000000D-01 0.1620000000D-03 0.3300000000D-01 0.5945313000D+01 0.5582800000D+01 0.1934000000D+01-0.2787500000D+01
2 3819990907199910272451428.5 0.1671000000D+00 0.1520000000D-02 0.3766250000D+02 0.7173000000D-01 0.6090000000D-03 0.9900000000D-01 0.4293171000D+01 0.4444100000D+01 0.5469000000D+00-0.1602000000D+01-0.7790000000D-01 0.4900000000D-03 0.1353510000D+02 0.2006000000D-01 0.3010000000D-03 0.3350000000D-01 0.2746975000D+01 0.2894600000D+01 0.5660400000D+01-0.3126800000D+01
2 3919991027199912162451478.5 0.2449000000D+00 0.7700000000D-03 0.3995120000D+02 0.4805000000D-01 0.8110000000D-03 0.9450000000D-01 0.1149273000D+01 0.2425100000D+01 0.4788800000D+01-0.1909300000D+01-0.5350000000D-01 0.6900000000D-03 0.1381100000D+02 0.1609000000D-01 0.1870000000D-03 0.3210000000D-01 0.5873986000D+01 0.2087800000D+01 0.3391900000D+01-0.3539700000D+01
2 4019991216200002042451528.5 0.2787000000D+00-0.3300000000D-03 0.3894030000D+02 0.5823000000D-01 0.5950000000D-03 0.8780000000D-01 0.4288635000D+01 0.1121400000D+01 0.2494600000D+01-0.2374200000D+01-0.1900000000D-01 0.5300000000D-03 0.1281980000D+02 0.2607000000D-01 0.1860000000D-03 0.2970000000D-01 0.2711159000D+01 0.5960700000D+01 0.1933900000D+01-0.3886000000D+01
3 4119981231199902242451178.5 0.1100000000D-02-0.6000000000D-04 0.4558110000D+02 0.8592000000D-01 0.5500000000D-03 0.3800000000D-02 0.4032352000D+01 0.9506000000D+00 0.2834900000D+01-0.9737000000D+00 0.1400000000D-02 0.0000000000D+00 0.1207030000D+02 0.1812000000D-01 0.2500000000D-03 0.1000000000D-02 0.2369086000D+01 0.5338500000D+01 0.2049000000D+01-0.2761200000D+01
3 4219990224199904202451233.5-0.1000000000D-02 0.1000000000D-04 0.4152980000D+02 0.8503000000D-01 0.4090000000D-03 0.4300000000D-02 0.4816645000D+01 0.2498600000D+01 0.4536100000D+01-0.5854300000D+01 0.1000000000D-02 0.0000000000D+00 0.1179760000D+02 0.1026000000D-01 0.1590000000D-03 0.1000000000D-02 0.3191216000D+01 0.2605900000D+01 0.2773000000D+01-0.1050200000D+01
3 4319990420199906142451288.5-0.1100000000D-02 0.3000000000D-04 0.3972310000D+02 0.7553000000D-01 0.4330000000D-03 0.3600000000D-02 0.5549713000D+01 0.3882000000D+01 0.5873800000D+01-0.4609000000D+01 0.1000000000D-02 0.1000000000D-04 0.1270950000D+02 0.2757000000D-01 0.7400000000D-04 0.1500000000D-02 0.3979468000D+01 0.3518200000D+01 0.3954000000D+01-0.6013800000D+01
3 4419990614199908082451343.5-0.9000000000D-03 0.3000000000D-04 0.4072370000D+02 0.7295000000D-01 0.5540000000D-03 0.5000000000D-02 0.3427000000D-02 0.5378800000D+01 0.9197000000D+00-0.2968800000D+01 0.8000000000D-03 0.3000000000D-04 0.1429910000D+02 0.3588000000D-01 0.1140000000D-03 0.1500000000D-02 0.4760193000D+01 0.4442000000D+01 0.1553000000D+00-0.4657200000D+01
3 4519990808199910022451398.5 0.2400000000D-02-0.1000000000D-03 0.4420420000D+02 0.8834000000D-01 0.7170000000D-03 0.5600000000D-02 0.7898850000D+00 0.7629000000D+00 0.2650900000D+01-0.1499100000D+01 0.2000000000D-02 0.1000000000D-04 0.1611590000D+02 0.3454000000D-01 0.3030000000D-03 0.2700000000D-02 0.5571162000D+01 0.5677000000D+01 0.1820800000D+01-0.2742500000D+01
3 4619991002199911262451453.5-0.3200000000D-02 0.5000000000D-04 0.4841420000D+02 0.1040400000D+00 0.9460000000D-03 0.9200000000D-02 0.1656494000D+01 0.2577800000D+01 0.4816100000D+01-0.5698100000D+01 0.2300000000D-02-0.1000000000D-04 0.1726520000D+02 0.2507000000D-01 0.3460000000D-03 0.2500000000D-02 0.1561970000D+00 0.1617000000D+01 0.3444400000D+01-0.5220000000D+00
3 4719991126200001202451508.5-0.1100000000D-02 0.4000000000D-04 0.4926230000D+02 0.8723000000D-01 0.8940000000D-03 0.5700000000D-02 0.2574131000D+01 0.4709500000D+01 0.5092000000D+00-0.3474800000D+01 0.6000000000D-03 0.4000000000D-04 0.1646020000D+02 0.3901000000D-01 0.2140000000D-03 0.1600000000D-02 0.1057225000D+01 0.3713600000D+01 0.6121600000D+01-0.5548500000D+01
4 4819981231199902192451178.5 0.1728000000D+00-0.4100000000D-03 0.5834660000D+02 0.1137900000D+00 0.6790000000D-03 0.6010000000D-01 0.5363790000D+01 0.2523300000D+01 0.4086000000D+01 0.5697300000D+01 0.1540000000D-01 0.3000000000D-04 0.1443110000D+02 0.2085000000D-01 0.3180000000D-03 0.1450000000D-01 0.3678077000D+01 0.8366000000D+00 0.3383800000D+01 0.3957800000D+01
4 4919990219199904102451228.5 0.1558000000D+00-0.7000000000D-04 0.5353310000D+02 0.1288600000D+00 0.4900000000D-03 0.5510000000D-01 0.7219510000D+00 0.4775300000D+01 0.2717000000D+00 0.2596400000D+01 0.1730000000D-01 0.7000000000D-04 0.1419850000D+02 0.1894000000D-01 0.2190000000D-03 0.1450000000D-01 0.5342689000D+01 0.4417000000D+01 0.4851000000D+01 0.9995000000D+00
4 5019990410199905302451278.5 0.1503000000D+00 0.5000000000D-04 0.5100080000D+02 0.1266100000D+00 0.4680000000D-03 0.5240000000D-01 0.2314518000D+01 0.5743000000D+00 0.2452700000D+01 0.5771500000D+01 0.2060000000D-01 0.3000000000D-04 0.1527520000D+02 0.3995000000D-01 0.1140000000D-03 0.1690000000D-01 0.6958910000D+00 0.4370000000D-01 0.1510000000D+00 0.4149700000D+01
4 5119990530199907192451328.5 0.1519000000D+00 0.2000000000D-03 0.5145010000D+02 0.1219800000D+00 0.5690000000D-03 0.5210000000D-01 0.3899134000D+01 0.2651400000D+01 0.4558300000D+01 0.2697700000D+01 0.2130000000D-01 0.1100000000D-03 0.1715220000D+02 0.5207000000D-01 0.5500000000D-04 0.1880000000D-01 0.2319609000D+01 0.1761200000D+01 0.3544700000D+01 0.1101200000D+01
4 5219990719199909072451378.5 0.1669000000D+00 0.2500000000D-03 0.5470190000D+02 0.1196900000D+00 0.7730000000D-03 0.5390000000D-01 0.5512439000D+01 0.4851400000D+01 0.6162000000D+00 0.5981500000D+01 0.2670000000D-01 0.1000000000D-03 0.1943290000D+02 0.5248000000D-01 0.2540000000D-03 0.2050000000D-01 0.3958390000D+01 0.3584700000D+01 0.6244800000D+01 0.4465000000D+01
4 5319990907199910272451428.5 0.1726000000D+00 0.0000000000D+00 0.5973200000D+02 0.1128400000D+00 0.1034000000D-02 0.5600000000D-01 0.9018340000D+00 0.1030900000D+01 0.3361800000D+01 0.3070400000D+01 0.3320000000D-01 0.1700000000D-03 0.2144520000D+02 0.3145000000D-01 0.4790000000D-03 0.2170000000D-01 0.5638663000D+01 0.5757400000D+01 0.2202500000D+01 0.1526100000D+01
4 5419991027199912162451478.5 0.1816000000D+00-0.4400000000D-03 0.6335270000D+02 0.8514000000D-01 0.1234000000D-02 0.5630000000D-01 0.2640171000D+01 0.3962500000D+01 0.6215400000D+01 0.1729000000D+00 0.4170000000D-01 0.3000000000D-04 0.2188060000D+02 0.2672000000D-01 0.2740000000D-03 0.2010000000D-01 0.1081767000D+01 0.3509500000D+01 0.4762400000D+01 0.4839600000D+01
4 5519991216200002042451528.5 0.1501000000D+00-0.4000000000D-03 0.6174170000D+02 0.9550000000D-01 0.9360000000D-03 0.5430000000D-01 0.4388234000D+01 0.1003500000D+01 0.2612700000D+01 0.3484000000D+01 0.4390000000D-01 0.3000000000D-04 0.2031980000D+02 0.4108000000D-01 0.2920000000D-03 0.1960000000D-01 0.2809807000D+01 0.5899100000D+01 0.2050700000D+01 0.1922300000D+01
5 5619981231199902222451178.5 0.1073000000D+00-0.2100000000D-03 0.8148000000D+02 0.1563700000D+00 0.9770000000D-03 0.3700000000D-01 0.1857061000D+01 0.5191800000D+01 0.6342000000D+00 0.4721200000D+01 0.2760000000D-01-0.1000000000D-04 0.2059520000D+02 0.2886000000D-01 0.4450000000D-03 0.9800000000D-02 0.1699320000D+00 0.3458900000D+01 0.6162300000D+01 0.3022200000D+01
5 5719990222199904162451231.5 0.9870000000D-01 0.2000000000D-04 0.7443120000D+02 0.1683200000D+00 0.7130000000D-03 0.3690000000D-01 0.1263240000D+00 0.4159300000D+01 0.5978000000D+01 0.1257700000D+01 0.2660000000D-01 0.0000000000D+00 0.2027810000D+02 0.2501000000D-01 0.3000000000D-03 0.1040000000D-01 0.4748976000D+01 0.3966100000D+01 0.4231500000D+01 0.5892100000D+01
5 5819990416199906082451284.5 0.1003000000D+00 0.2200000000D-03 0.7107180000D+02 0.1657500000D+00 0.6690000000D-03 0.3740000000D-01 0.4625099000D+01 0.2936700000D+01 0.4774000000D+01 0.4062800000D+01 0.2670000000D-01 0.4000000000D-04 0.2197840000D+02 0.5648000000D-01 0.1510000000D-03 0.1190000000D-01 0.3012394000D+01 0.2418700000D+01 0.2479900000D+01 0.2460800000D+01
5 5919990608199907312451337.5 0.1106000000D+00 0.2900000000D-03 0.7238960000D+02 0.1647500000D+00 0.8350000000D-03 0.4010000000D-01 0.2833365000D+01 0.1697800000D+01 0.3602500000D+01 0.6052000000D+00 0.2860000000D-01 0.2000000000D-04 0.2488580000D+02 0.7339000000D-01 0.1120000000D-03 0.1400000000D-01 0.1261925000D+01 0.7483000000D+00 0.2809800000D+01 0.5348800000D+01
5 6019990731199909222451390.5 0.1265000000D+00 0.2300000000D-03 0.7795160000D+02 0.1658000000D+00 0.1190000000D-02 0.4300000000D-01 0.1078135000D+01 0.6036000000D+00 0.2721700000D+01 0.3532200000D+01 0.3180000000D-01 0.0000000000D+00 0.2829430000D+02 0.7077000000D-01 0.4670000000D-03 0.1640000000D-01 0.5813818000D+01 0.5534800000D+01 0.1950700000D+01 0.1961100000D+01
5 6119990922199911142451443.5 0.1424000000D+00-0.9000000000D-04 0.8540710000D+02 0.1533400000D+00 0.1613000000D-02 0.4750000000D-01 0.5677311000D+01 0.6139900000D+01 0.2203300000D+01 0.2362000000D+00 0.3530000000D-01 0.0000000000D+00 0.3089670000D+02 0.3158000000D-01 0.6720000000D-03 0.1560000000D-01 0.4132622000D+01 0.4749600000D+01 0.8685000000D+00 0.4968800000D+01
5 6219991114200001062451496.5 0.1407000000D+00-0.3400000000D-03 0.8858180000D+02 0.1258700000D+00 0.1616000000D-02 0.4290000000D-01 0.4058226000D+01 0.5950200000D+01 0.1706800000D+01 0.3155000000D+01 0.3810000000D-01-0.1300000000D-03 0.3045800000D+02 0.5605000000D-01 0.2740000000D-03 0.1580000000D-01 0.2496074000D+01 0.5167400000D+01 0.7804000000D+00 0.1628900000D+01
6 6319981231199901182451178.5 0.7220400000D+01-0.9845000000D-01 0.1884255000D+03 0.3065400000D+00 0.0000000000D+00 0.2705700000D+01 0.2041746000D+01 0.5602700000D+01 0.0000000000D+00 0.5024000000D+01 0.9847000000D+00 0.1517000000D-01 0.4624880000D+02 0.5648000000D-01 0.0000000000D+00 0.6504000000D+00 0.3781650000D+00 0.3881100000D+01 0.0000000000D+00 0.3338000000D+01
6 6419990118199902052451196.5 0.5660200000D+01 0.5495000000D-01 0.1822775000D+03 0.3138600000D+00 0.0000000000D+00 0.2533000000D+01 0.2837513000D+01 0.6216400000D+01 0.0000000000D+00 0.3585000000D+00 0.1274400000D+01-0.1937000000D-01 0.4514440000D+02 0.2033000000D-01 0.0000000000D+00 0.6519000000D+00 0.1185336000D+01 0.1056000000D+00 0.0000000000D+00 0.4980100000D+01
6 6519990205199902232451214.5 0.6236300000D+01-0.1561000000D-01 0.1771635000D+03 0.3599200000D+00 0.0000000000D+00 0.2456000000D+01 0.3634232000D+01 0.1090700000D+01 0.0000000000D+00 0.1940200000D+01 0.9103000000D+00 0.2013000000D-01 0.4525180000D+02 0.1526000000D-01 0.0000000000D+00 0.6322000000D+00 0.1982341000D+01 0.8252000000D+00 0.0000000000D+00 0.3142000000D+00
6 6619990223199903132451232.5 0.6879600000D+01-0.1065500000D+00 0.1730884000D+03 0.4329700000D+00 0.0000000000D+00 0.2348800000D+01 0.4419578000D+01 0.1989100000D+01 0.0000000000D+00 0.3547300000D+01 0.1321600000D+01-0.2690000000D-01 0.4573250000D+02 0.8182000000D-01 0.0000000000D+00 0.6325000000D+00 0.2789772000D+01 0.1836000000D+01 0.0000000000D+00 0.1871500000D+01
6 6719990313199903312451250.5 0.4850900000D+01 0.1225800000D+00 0.1680529000D+03 0.4282100000D+00 0.0000000000D+00 0.2250900000D+01 0.5208377000D+01 0.3440700000D+01 0.0000000000D+00 0.5080600000D+01 0.1107400000D+01-0.7340000000D-02 0.4657660000D+02 0.9865000000D-01 0.0000000000D+00 0.6589000000D+00 0.3580103000D+01 0.2918200000D+01 0.0000000000D+00 0.3469600000D+01
6 6819990331199904182451268.5 0.6407000000D+01-0.3228000000D-01 0.1653841000D+03 0.3043400000D+00 0.0000000000D+00 0.2319000000D+01 0.5974130000D+01 0.4220700000D+01 0.0000000000D+00 0.3680000000D+00 0.8486000000D+00 0.2334000000D-01 0.4774370000D+02 0.1368800000D+00 0.0000000000D+00 0.6694000000D+00 0.4369999000D+01 0.3918500000D+01 0.0000000000D+00 0.5043500000D+01
6 6919990418199905062451286.5 0.6182600000D+01 0.5000000000D-03 0.1643735000D+03 0.3325700000D+00 0.0000000000D+00 0.2310600000D+01 0.4642800000D+00 0.5168100000D+01 0.0000000000D+00 0.1960500000D+01 0.1346400000D+01-0.3275000000D-01 0.4985830000D+02 0.1006700000D+00 0.0000000000D+00 0.7259000000D+00 0.5148753000D+01 0.4725300000D+01 0.0000000000D+00 0.3388000000D+00
6 7019990506199905242451304.5 0.5776800000D+01 0.6722000000D-01 0.1649591000D+03 0.3449900000D+00 0.0000000000D+00 0.2353200000D+01 0.1234838000D+01 0.5952100000D+01 0.0000000000D+00 0.3532000000D+01 0.8672000000D+00 0.1857000000D-01 0.5195930000D+02 0.1502700000D+00 0.0000000000D+00 0.7659000000D+00 0.5942983000D+01 0.5286300000D+01 0.0000000000D+00 0.1975500000D+01
6 7119990524199906112451322.5 0.7253600000D+01-0.7969000000D-01 0.1653775000D+03 0.4343500000D+00 0.0000000000D+00 0.2423700000D+01 0.2012815000D+01 0.8829000000D+00 0.0000000000D+00 0.5150000000D+01 0.1003500000D+01 0.5790000000D-02 0.5418270000D+02 0.1566200000D+00 0.0000000000D+00 0.7901000000D+00 0.4420420000D+00 0.6179500000D+01 0.0000000000D+00 0.3571400000D+01
6 7219990611199906292451340.5 0.6120200000D+01 0.6523000000D-01 0.1678031000D+03 0.3117300000D+00 0.0000000000D+00 0.2385100000D+01 0.2779128000D+01 0.1921400000D+01 0.0000000000D+00 0.4702000000D+00 0.1188200000D+01-0.1614000000D-01 0.5649810000D+02 0.1759200000D+00 0.0000000000D+00 0.8331000000D+00 0.1227391000D+01 0.8095000000D+00 0.0000000000D+00 0.5180800000D+01
6 7319990629199907172451358.5 0.7100000000D+01-0.1568000000D-01 0.1719810000D+03 0.3500300000D+00 0.0000000000D+00 0.2425500000D+01 0.3560918000D+01 0.2706700000D+01 0.0000000000D+00 0.2042600000D+01 0.8198000000D+00 0.2501000000D-01 0.5936530000D+02 0.1376100000D+00 0.0000000000D+00 0.8471000000D+00 0.2009878000D+01 0.1692800000D+01 0.0000000000D+00 0.5162000000D+00
6 7419990717199908042451376.5 0.7222300000D+01-0.5370000000D-02 0.1765473000D+03 0.3459300000D+00 0.0000000000D+00 0.2502900000D+01 0.4345041000D+01 0.3738600000D+01 0.0000000000D+00 0.3645600000D+01 0.1325500000D+01-0.3206000000D-01 0.6208340000D+02 0.1658700000D+00 0.0000000000D+00 0.8629000000D+00 0.2809675000D+01 0.2313800000D+01 0.0000000000D+00 0.2087200000D+01
6 7519990804199908222451394.5 0.6237400000D+01 0.1501400000D+00 0.1812245000D+03 0.4789600000D+00 0.0000000000D+00 0.2526600000D+01 0.5142275000D+01 0.4766800000D+01 0.0000000000D+00 0.5223700000D+01 0.7796000000D+00 0.3003000000D-01 0.6428860000D+02 0.1604100000D+00 0.0000000000D+00 0.9280000000D+00 0.3600533000D+01 0.3567500000D+01 0.0000000000D+00 0.3683000000D+01
6 7619990822199909092451412.5 0.8890000000D+01-0.1136000000D+00 0.1872145000D+03 0.3965600000D+00 0.0000000000D+00 0.2744700000D+01 0.5930445000D+01 0.4700000000D-01 0.0000000000D+00 0.5284000000D+00 0.9211000000D+00 0.2438000000D-01 0.6677450000D+02 0.1321900000D+00 0.0000000000D+00 0.9556000000D+00 0.4404267000D+01 0.4546500000D+01 0.0000000000D+00 0.5311100000D+01
6 7719990909199909272451430.5 0.7705300000D+01 0.2717000000D-01 0.1943593000D+03 0.2975700000D+00 0.0000000000D+00 0.2867600000D+01 0.4633140000D+00 0.9119000000D+00 0.0000000000D+00 0.2184900000D+01 0.1549600000D+01-0.4341000000D-01 0.6904680000D+02 0.8401000000D-01 0.0000000000D+00 0.1008400000D+01 0.5208638000D+01 0.1160000000D-01 0.0000000000D+00 0.6290000000D+00
6 7819990927199910152451448.5 0.7853300000D+01 0.2929000000D-01 0.1997374000D+03 0.2857300000D+00 0.0000000000D+00 0.2930100000D+01 0.1283763000D+01 0.2129400000D+01 0.0000000000D+00 0.3816700000D+01 0.9299000000D+00 0.2765000000D-01 0.7029870000D+02 0.3144000000D-01 0.0000000000D+00 0.1047100000D+01 0.6036243000D+01 0.9768000000D+00 0.0000000000D+00 0.2294600000D+01
6 7919991015199911022451466.5 0.8880900000D+01-0.8723000000D-01 0.2030823000D+03 0.2767100000D+00 0.0000000000D+00 0.3029400000D+01 0.2116300000D+01 0.2998600000D+01 0.0000000000D+00 0.5473700000D+01 0.1509400000D+01-0.3385000000D-01 0.7007880000D+02 0.8952000000D-01 0.0000000000D+00 0.1016600000D+01 0.5723330000D+00 0.2235400000D+01 0.0000000000D+00 0.3956600000D+01
6 8019991102199911202451484.5 0.6729300000D+01 0.1575700000D+00 0.2044473000D+03 0.4520000000D+00 0.0000000000D+00 0.2947300000D+01 0.2939279000D+01 0.4513700000D+01 0.0000000000D+00 0.8722000000D+00 0.1203400000D+01-0.6000000000D-03 0.6964480000D+02 0.1159600000D+00 0.0000000000D+00 0.9896000000D+00 0.1398761000D+01 0.3747800000D+01 0.0000000000D+00 0.5580000000D+01
6 8119991120199912082451502.5 0.8830800000D+01-0.7807000000D-01 0.2055240000D+03 0.3493300000D+00 0.0000000000D+00 0.2820600000D+01 0.3779173000D+01 0.6141100000D+01 0.0000000000D+00 0.2484600000D+01 0.8826000000D+00 0.4297000000D-01 0.6822190000D+02 0.1705700000D+00 0.0000000000D+00 0.9530000000D+00 0.2221473000D+01 0.4781700000D+01 0.0000000000D+00 0.9592000000D+00
6 8219991208199912262451520.5 0.8301400000D+01-0.6075000000D-01 0.2020808000D+03 0.3631700000D+00 0.0000000000D+00 0.2788200000D+01 0.4610281000D+01 0.9885000000D+00 0.0000000000D+00 0.4118100000D+01 0.1649300000D+01-0.4220000000D-01 0.6632390000D+02 0.1408400000D+00 0.0000000000D+00 0.8848000000D+00 0.3056478000D+01 0.6209900000D+01 0.0000000000D+00 0.2562500000D+01
6 8319991226200001132451538.5 0.7205500000D+01 0.2868000000D-01 0.1967823000D+03 0.3158800000D+00 0.0000000000D+00 0.2666700000D+01 0.5437346000D+01 0.2258100000D+01 0.0000000000D+00 0.5738400000D+01 0.1098400000D+01 0.1220000000D-01 0.6364710000D+02 0.9320000000D-01 0.0000000000D+00 0.8776000000D+00 0.3871852000D+01 0.5870000000D+00 0.0000000000D+00 0.4151300000D+01
7 8419981231199901122451178.5-0.2913440000D+02 0.1087224000D+02 0.1777033000D+03 0.7377200000D+01 0.0000000000D+00 0.4605900000D+01 0.5089599000D+01 0.3282400000D+01 0.0000000000D+00 0.3915700000D+01-0.1347890000D+02 0.2711770000D+01 0.5131370000D+02 0.2316780000D+01 0.0000000000D+00 0.6726000000D+00 0.3221146000D+01 0.8732000000D+00 0.0000000000D+00 0.2277400000D+01
7 8519990112199901242451190.5 0.3583330000D+02-0.9103870000D+01 0.1580171000D+03 0.1417027000D+02 0.0000000000D+00 0.1165100000D+01 0.2557114000D+01 0.9313000000D+00 0.0000000000D+00 0.2199800000D+01 0.2347800000D+02-0.1433400000D+01 0.4226470000D+02 0.3219880000D+01 0.0000000000D+00 0.2323000000D+00 0.7383140000D+00 0.5305700000D+01 0.0000000000D+00 0.1672200000D+01
7 8619990124199902052451202.5 0.7146740000D+02-0.5199260000D+01 0.2319693000D+03 0.1505906000D+02 0.0000000000D+00 0.8114000000D+00 0.5777073000D+01 0.3432500000D+01 0.0000000000D+00 0.6718000000D+00-0.2933200000D+01 0.2317310000D+01 0.4973330000D+02 0.2814070000D+01 0.0000000000D+00 0.3421000000D+00 0.4210988000D+01 0.1932100000D+01 0.0000000000D+00 0.4382400000D+01
7 8719990205199902172451214.5-0.5434070000D+02 0.4535060000D+01 0.1804774000D+03 0.9330370000D+01 0.0000000000D+00 0.4049800000D+01 0.2952683000D+01 0.1131800000D+01 0.0000000000D+00 0.5252000000D+01 0.2861860000D+02-0.3654230000D+01 0.3277930000D+02 0.1522400000D+01 0.0000000000D+00 0.7652000000D+00 0.1397994000D+01 0.2834000000D+00 0.0000000000D+00 0.3240500000D+01
7 8819990217199903012451226.5 0.5573780000D+02-0.4841700000D+01 0.1990699000D+03 0.1480317000D+02 0.0000000000D+00 0.8074000000D+00 0.4109870000D+00 0.4498600000D+01 0.0000000000D+00 0.3021200000D+01 0.9973600000D+01 0.7939300000D+00 0.5322250000D+02 0.4027520000D+01 0.0000000000D+00 0.1906000000D+00 0.5165442000D+01 0.3008000000D+01 0.0000000000D+00 0.1891200000D+01
7 8919990301199903132451238.5-0.5039520000D+02 0.7909170000D+01 0.1756239000D+03 0.8570380000D+01 0.0000000000D+00 0.5066900000D+01 0.3763768000D+01 0.1824900000D+01 0.0000000000D+00 0.9438000000D+00 0.4812400000D+01-0.5989100000D+00 0.5129300000D+02 0.2857100000D+01 0.0000000000D+00 0.1496600000D+01 0.2268160000D+01 0.3708000000D+00 0.0000000000D+00 0.5665800000D+01
7 9019990313199903252451250.5 0.4758190000D+02-0.5557000000D+01 0.1701110000D+03 0.1384803000D+02 0.0000000000D+00 0.6159000000D+00 0.1257548000D+01 0.5535400000D+01 0.0000000000D+00 0.4998700000D+01 0.1519560000D+02 0.1922200000D+00 0.5124170000D+02 0.4318950000D+01 0.0000000000D+00 0.2615000000D+00 0.5988783000D+01 0.3978900000D+01 0.0000000000D+00 0.3458100000D+01
7 9119990325199904062451262.5-0.5151480000D+02 0.1277946000D+02 0.1406503000D+03 0.4581740000D+01 0.0000000000D+00 0.4059800000D+01 0.4603556000D+01 0.2947500000D+01 0.0000000000D+00 0.3314000000D+01-0.5939200000D+01 0.1060400000D+01 0.5394760000D+02 0.2701010000D+01 0.0000000000D+00 0.1137500000D+01 0.3007425000D+01 0.9687000000D+00 0.0000000000D+00 0.1353700000D+01
7 9219990406199904182451274.5 0.4699680000D+02-0.8002150000D+01 0.1412923000D+03 0.1219179000D+02 0.0000000000D+00 0.9398000000D+00 0.2100627000D+01 0.4168000000D+00 0.0000000000D+00 0.1678100000D+01 0.1970830000D+02-0.5181100000D+00 0.4858810000D+02 0.4118350000D+01 0.0000000000D+00 0.8340000000D-01 0.4619590000D+00 0.4953800000D+01 0.0000000000D+00 0.5986200000D+01
7 9319990418199904302451286.5 0.4938380000D+02-0.6187300000D+00 0.2067787000D+03 0.1266698000D+02 0.0000000000D+00 0.7733000000D+00 0.5413083000D+01 0.3137200000D+01 0.0000000000D+00 0.4980100000D+01-0.1260190000D+02 0.3487940000D+01 0.5334760000D+02 0.2686160000D+01 0.0000000000D+00 0.5594000000D+00 0.3720616000D+01 0.1332100000D+01 0.0000000000D+00 0.3975300000D+01
7 9419990430199905122451298.5-0.1198000000D+01-0.2937460000D+01 0.1564063000D+03 0.1046897000D+02 0.0000000000D+00 0.2218200000D+01 0.2732714000D+01 0.1130300000D+01 0.0000000000D+00 0.4686300000D+01 0.3595160000D+02-0.4194990000D+01 0.3761260000D+02 0.1485540000D+01 0.0000000000D+00 0.9741000000D+00 0.9358650000D+00 0.6044100000D+01 0.0000000000D+00 0.2593900000D+01
7 9519990512199905242451310.5 0.6287640000D+02-0.4031780000D+01 0.1976749000D+03 0.1442609000D+02 0.0000000000D+00 0.7722000000D+00 0.6258803000D+01 0.4037300000D+01 0.0000000000D+00 0.2399200000D+01 0.6901100000D+01 0.1321920000D+01 0.6131890000D+02 0.4466340000D+01 0.0000000000D+00 0.1444000000D+00 0.4792745000D+01 0.2621700000D+01 0.0000000000D+00 0.1337500000D+01
7 9619990524199906052451322.5-0.5194050000D+02 0.7842470000D+01 0.1771718000D+03 0.8389740000D+01 0.0000000000D+00 0.4907000000D+01 0.3292991000D+01 0.1286500000D+01 0.0000000000D+00 0.2184000000D+00 0.1063340000D+02-0.1424710000D+01 0.5810090000D+02 0.3176390000D+01 0.0000000000D+00 0.1688600000D+01 0.1921518000D+01 0.7930000000D-01 0.0000000000D+00 0.5112000000D+01
7 9719990605199906172451334.5 0.5842130000D+02-0.4875720000D+01 0.1767770000D+03 0.1423627000D+02 0.0000000000D+00 0.6850000000D+00 0.8357490000D+00 0.5078100000D+01 0.0000000000D+00 0.4338800000D+01 0.1415320000D+02 0.6427600000D+00 0.6162600000D+02 0.5128610000D+01 0.0000000000D+00 0.3118000000D+00 0.5654786000D+01 0.3626300000D+01 0.0000000000D+00 0.3072300000D+01
7 9819990617199906292451346.5-0.5248740000D+02 0.1211772000D+02 0.1544578000D+03 0.5259370000D+01 0.0000000000D+00 0.3877300000D+01 0.4132087000D+01 0.2242300000D+01 0.0000000000D+00 0.2579600000D+01 0.1812900000D+01-0.5056400000D+00 0.6301750000D+02 0.3419120000D+01 0.0000000000D+00 0.1722500000D+01 0.2780616000D+01 0.9277000000D+00 0.0000000000D+00 0.9002000000D+00
7 9919990629199907112451358.5 0.5935190000D+02-0.7221980000D+01 0.1544807000D+03 0.1291514000D+02 0.0000000000D+00 0.6833000000D+00 0.1669322000D+01 0.6200800000D+01 0.0000000000D+00 0.1193700000D+01 0.1869690000D+02 0.1999900000D+00 0.6041660000D+02 0.5306350000D+01 0.0000000000D+00 0.2194000000D+00 0.1851490000D+00 0.4649000000D+01 0.0000000000D+00 0.5026400000D+01
710019990711199907232451370.5 0.2507780000D+02 0.4553710000D+01 0.2017576000D+03 0.1099283000D+02 0.0000000000D+00 0.1976800000D+01 0.5081779000D+01 0.2905000000D+01 0.0000000000D+00 0.4350900000D+01-0.2156190000D+02 0.4459030000D+01 0.6876200000D+02 0.3521850000D+01 0.0000000000D+00 0.6758000000D+00 0.3331816000D+01 0.8723000000D+00 0.0000000000D+00 0.3625800000D+01
710119990723199908042451382.5 0.4395360000D+02-0.8697460000D+01 0.1507701000D+03 0.1181087000D+02 0.0000000000D+00 0.1589200000D+01 0.2491210000D+01 0.1052600000D+01 0.0000000000D+00 0.3716100000D+01 0.4144960000D+02-0.4191320000D+01 0.5148250000D+02 0.2318060000D+01 0.0000000000D+00 0.1159000000D+01 0.6368920000D+00 0.5460600000D+01 0.0000000000D+00 0.2277800000D+01
710219990804199908162451394.5 0.7459510000D+02-0.3687360000D+01 0.2274588000D+03 0.1631272000D+02 0.0000000000D+00 0.8366000000D+00 0.5916024000D+01 0.3678200000D+01 0.0000000000D+00 0.1921700000D+01 0.2448700000D+01 0.2041200000D+01 0.7451370000D+02 0.5192480000D+01 0.0000000000D+00 0.1096000000D+00 0.4470490000D+01 0.2278300000D+01 0.0000000000D+00 0.2995000000D+00
710319990816199908282451406.5-0.5345450000D+02 0.7941430000D+01 0.2087758000D+03 0.1000860000D+02 0.0000000000D+00 0.5890700000D+01 0.2958861000D+01 0.9188000000D+00 0.0000000000D+00 0.5963800000D+01 0.2115410000D+02-0.2806490000D+01 0.6560280000D+02 0.3295820000D+01 0.0000000000D+00 0.1861300000D+01 0.1622726000D+01 0.6160300000D+01 0.0000000000D+00 0.4641200000D+01
710419990828199909092451418.5 0.7151140000D+02-0.4673360000D+01 0.2094774000D+03 0.1667592000D+02 0.0000000000D+00 0.8563000000D+00 0.5364680000D+00 0.4750500000D+01 0.0000000000D+00 0.3884800000D+01 0.1234880000D+02 0.1181730000D+01 0.7454440000D+02 0.6061770000D+01 0.0000000000D+00 0.3448000000D+00 0.5391111000D+01 0.3340800000D+01 0.0000000000D+00 0.2714800000D+01
710519990909199909212451430.5-0.4693270000D+02 0.1073336000D+02 0.1953318000D+03 0.8218870000D+01 0.0000000000D+00 0.5147700000D+01 0.3876739000D+01 0.1938800000D+01 0.0000000000D+00 0.1954500000D+01 0.1018390000D+02-0.1920020000D+01 0.7171470000D+02 0.3954470000D+01 0.0000000000D+00 0.2228100000D+01 0.2576153000D+01 0.8293000000D+00 0.0000000000D+00 0.5451000000D+00
710619990921199910032451442.5 0.7048360000D+02-0.6792140000D+01 0.1888313000D+03 0.1571135000D+02 0.0000000000D+00 0.5367000000D+00 0.1407435000D+01 0.5866000000D+01 0.0000000000D+00 0.3997000000D+00 0.1778960000D+02 0.7842700000D+00 0.7132870000D+02 0.6256730000D+01 0.0000000000D+00 0.3147000000D+00 0.6256925000D+01 0.4402700000D+01 0.0000000000D+00 0.4610600000D+01
710719991003199910152451454.5-0.3105000000D+01 0.9969070000D+01 0.2080726000D+03 0.9204940000D+01 0.0000000000D+00 0.3543800000D+01 0.4837018000D+01 0.2749200000D+01 0.0000000000D+00 0.4119400000D+01-0.2539550000D+02 0.4610290000D+01 0.8220150000D+02 0.4211520000D+01 0.0000000000D+00 0.7375000000D+00 0.3101556000D+01 0.6346000000D+00 0.0000000000D+00 0.3109300000D+01
710819991015199910272451466.5 0.7801480000D+02-0.1288749000D+02 0.1571564000D+03 0.1339535000D+02 0.0000000000D+00 0.1996400000D+01 0.2325885000D+01 0.9562000000D+00 0.0000000000D+00 0.2854100000D+01 0.3963590000D+02-0.3086760000D+01 0.6205930000D+02 0.3638870000D+01 0.0000000000D+00 0.9839000000D+00 0.5306130000D+00 0.5222100000D+01 0.0000000000D+00 0.2028300000D+01
710919991027199911082451478.5 0.8372120000D+02-0.3714340000D+01 0.2628248000D+03 0.1827090000D+02 0.0000000000D+00 0.9465000000D+00 0.5708551000D+01 0.3432000000D+01 0.0000000000D+00 0.1387600000D+01-0.1804300000D+01 0.2538100000D+01 0.8018980000D+02 0.5270770000D+01 0.0000000000D+00 0.2112000000D+00 0.4235669000D+01 0.1991300000D+01 0.0000000000D+00 0.5318300000D+01
711019991108199911202451490.5-0.5189680000D+02 0.6934020000D+01 0.2305268000D+03 0.1110370000D+02 0.0000000000D+00 0.6546100000D+01 0.2784170000D+01 0.7629000000D+00 0.0000000000D+00 0.5542300000D+01 0.3341240000D+02-0.4288600000D+01 0.6019120000D+02 0.2490870000D+01 0.0000000000D+00 0.1613900000D+01 0.1375959000D+01 0.6085300000D+01 0.0000000000D+00 0.4063700000D+01
711119991120199912022451502.5 0.7627840000D+02-0.4348510000D+01 0.2316277000D+03 0.1809028000D+02 0.0000000000D+00 0.1038300000D+01 0.3616740000D+00 0.4519000000D+01 0.0000000000D+00 0.3429500000D+01 0.9373600000D+01 0.1487710000D+01 0.7505310000D+02 0.5909290000D+01 0.0000000000D+00 0.3127000000D+00 0.5196138000D+01 0.3093500000D+01 0.0000000000D+00 0.2226200000D+01
711219991202199912142451514.5-0.3545270000D+02 0.7572410000D+01 0.2159028000D+03 0.1083219000D+02 0.0000000000D+00 0.6509800000D+01 0.3750837000D+01 0.1815600000D+01 0.0000000000D+00 0.1429100000D+01 0.1366820000D+02-0.2192670000D+01 0.6848250000D+02 0.3725730000D+01 0.0000000000D+00 0.2174200000D+01 0.2361044000D+01 0.5893000000D+00 0.0000000000D+00 0.3210000000D-01
711319991214199912262451526.5 0.7219850000D+02-0.6185100000D+01 0.1976320000D+03 0.1644482000D+02 0.0000000000D+00 0.6058000000D+00 0.1224074000D+01 0.5580700000D+01 0.0000000000D+00 0.5461600000D+01 0.1579280000D+02 0.8649600000D+00 0.6758520000D+02 0.5857480000D+01 0.0000000000D+00 0.3263000000D+00 0.6048654000D+01 0.4113600000D+01 0.0000000000D+00 0.3944800000D+01
711419991226200001072451538.5-0.4468700000D+02 0.1496365000D+02 0.1726772000D+03 0.5042430000D+01 0.0000000000D+00 0.4598200000D+01 0.4568068000D+01 0.2615900000D+01 0.0000000000D+00 0.3808700000D+01-0.1694910000D+02 0.2715580000D+01 0.7489080000D+02 0.3710930000D+01 0.0000000000D+00 0.8833000000D+00 0.2936401000D+01 0.6036000000D+00 0.0000000000D+00 0.2034900000D+01
811519981231199902052451178.5-0.1488750000D+02 0.7572100000D+00 0.5135763000D+03 0.0000000000D+00 0.0000000000D+00 0.1084110000D+02 0.5804439000D+01 0.0000000000D+00 0.0000000000D+00 0.5823400000D+01 0.1919000000D+00 0.1792700000D+00 0.1751731000D+03 0.0000000000D+00 0.0000000000D+00 0.3450600000D+01 0.4992833000D+01 0.0000000000D+00 0.0000000000D+00 0.5031300000D+01
811619990205199903132451214.5 0.3570370000D+02-0.1494030000D+01 0.4650948000D+03 0.0000000000D+00 0.0000000000D+00 0.5395600000D+01 0.2345110000D+01 0.0000000000D+00 0.0000000000D+00 0.4606600000D+01 0.1636860000D+02-0.3929900000D+00 0.1636232000D+03 0.0000000000D+00 0.0000000000D+00 0.2067100000D+01 0.1500043000D+01 0.0000000000D+00 0.0000000000D+00 0.3695800000D+01
811719990313199904182451250.5-0.2467820000D+02 0.1654320000D+01 0.4396646000D+03 0.0000000000D+00 0.0000000000D+00 0.6017300000D+01 0.5112851000D+01 0.0000000000D+00 0.0000000000D+00 0.4504900000D+01-0.3165600000D+01 0.3924500000D+00 0.1620003000D+03 0.0000000000D+00 0.0000000000D+00 0.1866500000D+01 0.4263321000D+01 0.0000000000D+00 0.0000000000D+00 0.3896800000D+01
811819990418199905242451286.5 0.3277580000D+02-0.1324640000D+01 0.4383224000D+03 0.0000000000D+00 0.0000000000D+00 0.7649900000D+01 0.1577392000D+01 0.0000000000D+00 0.0000000000D+00 0.3552300000D+01 0.1870440000D+02-0.4386700000D+00 0.1643608000D+03 0.0000000000D+00 0.0000000000D+00 0.3009900000D+01 0.7293880000D+00 0.0000000000D+00 0.0000000000D+00 0.2670500000D+01
811919990524199906292451322.5-0.1291980000D+02 0.1266120000D+01 0.4542831000D+03 0.0000000000D+00 0.0000000000D+00 0.4303400000D+01 0.4335337000D+01 0.0000000000D+00 0.0000000000D+00 0.2687200000D+01-0.6147800000D+01 0.5306000000D+00 0.1723720000D+03 0.0000000000D+00 0.0000000000D+00 0.1600900000D+01 0.3487586000D+01 0.0000000000D+00 0.0000000000D+00 0.2136000000D+01
812019990629199908042451358.5 0.3942740000D+02-0.1676510000D+01 0.4777481000D+03 0.0000000000D+00 0.0000000000D+00 0.6565000000D+01 0.8156780000D+00 0.0000000000D+00 0.0000000000D+00 0.2519000000D+01 0.1994300000D+02-0.4495400000D+00 0.1849248000D+03 0.0000000000D+00 0.0000000000D+00 0.2876100000D+01 0.9550000000D-03 0.0000000000D+00 0.0000000000D+00 0.1761800000D+01
812119990804199909092451394.5-0.8145400000D+01 0.1411710000D+01 0.5230755000D+03 0.0000000000D+00 0.0000000000D+00 0.9566900000D+01 0.3645842000D+01 0.0000000000D+00 0.0000000000D+00 0.1496900000D+01 0.2417900000D+01 0.2492000000D+00 0.1994091000D+03 0.0000000000D+00 0.0000000000D+00 0.4079700000D+01 0.2856918000D+01 0.0000000000D+00 0.0000000000D+00 0.5117000000D+00
812219990909199910152451430.5 0.1586080000D+02-0.6921200000D+00 0.5663856000D+03 0.0000000000D+00 0.0000000000D+00 0.2684600000D+01 0.2480220000D+00 0.0000000000D+00 0.0000000000D+00 0.1296700000D+01 0.1622030000D+02-0.4447300000D+00 0.2155442000D+03 0.0000000000D+00 0.0000000000D+00 0.1488900000D+01 0.5717271000D+01 0.0000000000D+00 0.0000000000D+00 0.5110000000D+00
812319991015199911202451466.5 0.3002380000D+02-0.2135500000D+00 0.5863676000D+03 0.0000000000D+00 0.0000000000D+00 0.1218060000D+02 0.3173453000D+01 0.0000000000D+00 0.0000000000D+00 0.9007000000D+00 0.1939100000D+01 0.5769800000D+00 0.2243654000D+03 0.0000000000D+00 0.0000000000D+00 0.3046600000D+01 0.2337626000D+01 0.0000000000D+00 0.0000000000D+00 0.1465000000D+00
812419991120199912262451502.5-0.7056900000D+01 0.2240800000D+00 0.5764921000D+03 0.0000000000D+00 0.0000000000D+00 0.1054600000D+02 0.6074966000D+01 0.0000000000D+00 0.0000000000D+00 0.6089900000D+01 0.1048130000D+02-0.3470800000D+00 0.2172478000D+03 0.0000000000D+00 0.0000000000D+00 0.4268200000D+01 0.5255086000D+01 0.0000000000D+00 0.0000000000D+00 0.5424800000D+01
812519991226200001312451538.5 0.3268630000D+02-0.6788600000D+00 0.5370074000D+03 0.0000000000D+00 0.0000000000D+00 0.2566000000D+01 0.2674851000D+01 0.0000000000D+00 0.0000000000D+00 0.5756600000D+01 0.1559700000D+02-0.1396300000D+00 0.1977555000D+03 0.0000000000D+00 0.0000000000D+00 0.1005300000D+01 0.1853163000D+01 0.0000000000D+00 0.0000000000D+00 0.5088200000D+01
