 6 8    2   33   41   48   56   63   84  115  6.6670  4.5860  3.3280  2.2960  1.3910  0.3940  0.3940  0.0790 12.0 50.0 55.0 50.0 53.0 18.0 12.0 36.0  125 2451543.5000 2000                                                                                                                                                                                                      
1  219991231200001122451543.5 0.6719000000D+00 0.6350000000D-02 0.2963780000D+02 0.5132000000D-01 0.1910000000D-03 0.2786000000D+00 0.8400940000D+00 0.4170500000D+01 0.5548300000D+01 0.3810100000D+01-0.1578000000D+00 0.3450000000D-02 0.8931400000D+01 0.2066000000D-01 0.2780000000D-03 0.8430000000D-01 0.5534966000D+01 0.3177500000D+01 0.4661300000D+01 0.2196800000D+01
1  320000112200001242451555.5 0.7573000000D+00 0.3440000000D-02 0.2903350000D+02 0.5792000000D-01 0.4440000000D-03 0.2695000000D+00 0.5440558000D+01 0.2647500000D+01 0.4316300000D+01 0.2242000000D+00-0.1140000000D+00 0.3710000000D-02 0.8779700000D+01 0.2019000000D-01 0.1210000000D-03 0.8430000000D-01 0.3834854000D+01 0.1843000000D+01 0.3423300000D+01 0.4887400000D+01
1  420000124200002052451567.5 0.7858000000D+00 0.6500000000D-03 0.2841010000D+02 0.6059000000D-01 0.6780000000D-03 0.2652000000D+00 0.3752328000D+01 0.1061400000D+01 0.2502400000D+01 0.2906100000D+01-0.6770000000D-01 0.3790000000D-02 0.8702200000D+01 0.2082000000D-01 0.1850000000D-03 0.8270000000D-01 0.2132047000D+01 0.4021000000D+00 0.2810500000D+01 0.1299300000D+01
1  520000205200002172451579.5 0.7954000000D+00-0.1750000000D-02 0.2778330000D+02 0.6091000000D-01 0.7160000000D-03 0.2599000000D+00 0.2059841000D+01 0.5811900000D+01 0.6203000000D+00 0.5605200000D+01-0.2370000000D-01 0.4060000000D-02 0.8692000000D+01 0.2051000000D-01 0.2740000000D-03 0.8250000000D-01 0.4280310000D+00 0.5181100000D+01 0.9289000000D+00 0.3980400000D+01
1  620000217200002292451591.5 0.7663000000D+00-0.4490000000D-02 0.2718640000D+02 0.6276000000D-01 0.3650000000D-03 0.2573000000D+00 0.3637810000D+00 0.4349700000D+01 0.4575100000D+01 0.2006200000D+01 0.2640000000D-01 0.4110000000D-02 0.8739400000D+01 0.1974000000D-01 0.2420000000D-03 0.8240000000D-01 0.5007374000D+01 0.3732400000D+01 0.5280200000D+01 0.3854000000D+00
1  720000229200003122451603.5 0.7122000000D+00-0.6290000000D-02 0.2667330000D+02 0.6925000000D-01 0.1400000000D-03 0.2528000000D+00 0.4947524000D+01 0.2775700000D+01 0.5090000000D+00 0.4708700000D+01 0.7120000000D-01 0.4070000000D-02 0.8843300000D+01 0.1917000000D-01 0.1760000000D-03 0.8340000000D-01 0.3304993000D+01 0.2275500000D+01 0.3154400000D+01 0.3051400000D+01
1  820000312200003242451615.5 0.6431000000D+00-0.8280000000D-02 0.2622700000D+02 0.7259000000D-01 0.4910000000D-03 0.2458000000D+00 0.3244854000D+01 0.1136900000D+01 0.3924900000D+01 0.1108600000D+01 0.1217000000D+00 0.3870000000D-02 0.8987900000D+01 0.2018000000D-01 0.1120000000D-03 0.8550000000D-01 0.1604942000D+01 0.8076000000D+00 0.9909000000D+00 0.5744200000D+01
1  920000324200004052451627.5 0.5415000000D+00-0.9220000000D-02 0.2584700000D+02 0.6881000000D-01 0.4800000000D-03 0.2420000000D+00 0.1539699000D+01 0.5787500000D+01 0.1762800000D+01 0.3799900000D+01 0.1660000000D+00 0.3350000000D-02 0.9166800000D+01 0.2241000000D-01 0.4000000000D-04 0.8770000000D-01 0.6190959000D+01 0.5552800000D+01 0.3346400000D+01 0.2148900000D+01
1 1020000405200004172451639.5 0.4421000000D+00-0.9960000000D-02 0.2554940000D+02 0.6434000000D-01 0.4160000000D-03 0.2367000000D+00 0.6116773000D+01 0.4168800000D+01 0.5783500000D+01 0.1866000000D+00 0.2086000000D+00 0.2880000000D-02 0.9379000000D+01 0.2354000000D-01 0.1330000000D-03 0.9100000000D-01 0.4497052000D+01 0.3883900000D+01 0.1226000000D+00 0.4856000000D+01
1 1120000417200004292451651.5 0.3139000000D+00-0.1033000000D-01 0.2532750000D+02 0.5901000000D-01 0.3240000000D-03 0.2374000000D+00 0.4409985000D+01 0.2600800000D+01 0.3552700000D+01 0.2863700000D+01 0.2453000000D+00 0.2100000000D-02 0.9611500000D+01 0.2273000000D-01 0.2210000000D-03 0.9200000000D-01 0.2805044000D+01 0.2223200000D+01 0.4071900000D+01 0.1278500000D+01
1 1220000429200005112451663.5 0.1932000000D+00-0.1033000000D-01 0.2519030000D+02 0.5669000000D-01 0.1930000000D-03 0.2367000000D+00 0.2703776000D+01 0.1061600000D+01 0.1034500000D+01 0.5551400000D+01 0.2703000000D+00 0.1450000000D-02 0.9852000000D+01 0.2116000000D-01 0.1630000000D-03 0.9440000000D-01 0.1114974000D+01 0.6488000000D+00 0.1931700000D+01 0.3987600000D+01
1 1320000511200005232451675.5 0.6030000000D-01-0.1076000000D-01 0.2514570000D+02 0.6021000000D-01 0.2270000000D-03 0.2409000000D+00 0.9990400000D+00 0.5764800000D+01 0.2736700000D+01 0.1956300000D+01 0.2903000000D+00 0.5500000000D-03 0.1009180000D+02 0.2083000000D-01 0.4600000000D-04 0.9560000000D-01 0.5710683000D+01 0.5376200000D+01 0.5913900000D+01 0.4121000000D+00
1 1420000523200006042451687.5-0.7140000000D-01-0.1060000000D-01 0.2520290000D+02 0.5971000000D-01 0.5810000000D-03 0.2404000000D+00 0.5578058000D+01 0.4116000000D+01 0.4286000000D+00 0.4662100000D+01 0.2925000000D+00-0.3700000000D-03 0.1033160000D+02 0.2068000000D-01 0.7500000000D-04 0.9800000000D-01 0.4025262000D+01 0.3819500000D+01 0.1615100000D+01 0.3107200000D+01
1 1520000604200006162451699.5-0.1958000000D+00-0.1087000000D-01 0.2533890000D+02 0.5440000000D-01 0.6720000000D-03 0.2411000000D+00 0.3875128000D+01 0.2490600000D+01 0.4484000000D+01 0.1074100000D+01 0.2891000000D+00-0.1430000000D-02 0.1056530000D+02 0.2051000000D-01 0.1200000000D-03 0.1005000000D+00 0.2342334000D+01 0.2193400000D+01 0.5789200000D+01 0.5826700000D+01
1 1620000616200006282451711.5-0.3287000000D+00-0.1028000000D-01 0.2553820000D+02 0.4945000000D-01 0.4720000000D-03 0.2424000000D+00 0.2174250000D+01 0.9935000000D+00 0.2457900000D+01 0.3781600000D+01 0.2682000000D+00-0.2670000000D-02 0.1079010000D+02 0.2035000000D-01 0.1770000000D-03 0.1034000000D+00 0.6615750000D+00 0.4967000000D+00 0.3236100000D+01 0.2251300000D+01
1 1720000628200007102451723.5-0.4403000000D+00-0.9500000000D-02 0.2582390000D+02 0.4655000000D-01 0.2100000000D-03 0.2434000000D+00 0.4760980000D+00 0.5811600000D+01 0.3709000000D+00 0.1845000000D+00 0.2378000000D+00-0.3680000000D-02 0.1101430000D+02 0.1759000000D-01 0.1830000000D-03 0.1066000000D+00 0.5265413000D+01 0.5106700000D+01 0.8357000000D+00 0.4983000000D+01
1 1820000710200007222451735.5-0.5599000000D+00-0.8090000000D-02 0.2617970000D+02 0.4809000000D-01 0.6800000000D-04 0.2491000000D+00 0.5064433000D+01 0.4334000000D+01 0.5954500000D+01 0.2891100000D+01 0.1951000000D+00-0.4720000000D-02 0.1122340000D+02 0.1463000000D-01 0.1670000000D-03 0.1076000000D+00 0.3587095000D+01 0.3526800000D+01 0.4480100000D+01 0.1425700000D+01
1 1920000722200008032451747.5-0.6512000000D+00-0.6090000000D-02 0.2661070000D+02 0.5146000000D-01 0.3310000000D-03 0.2538000000D+00 0.3373106000D+01 0.2814400000D+01 0.5290100000D+01 0.5597200000D+01 0.1389000000D+00-0.5240000000D-02 0.1141070000D+02 0.1443000000D-01 0.5100000000D-04 0.1100000000D+00 0.1909863000D+01 0.2050400000D+01 0.2028600000D+01 0.4159100000D+01
1 2020000803200008152451759.5-0.7341000000D+00-0.4230000000D-02 0.2712900000D+02 0.5048000000D-01 0.6100000000D-03 0.2637000000D+00 0.1685801000D+01 0.1216300000D+01 0.3111600000D+01 0.2031100000D+01 0.7890000000D-01-0.5650000000D-02 0.1158250000D+02 0.1462000000D-01 0.1020000000D-03 0.1102000000D+00 0.2345220000D+00 0.4817000000D+00 0.3861100000D+01 0.6030000000D+00
1 2120000815200008272451771.5-0.7880000000D+00-0.1690000000D-02 0.2770350000D+02 0.4684000000D-01 0.8070000000D-03 0.2677000000D+00 0.1730000000D-02 0.5996600000D+01 0.9858000000D+00 0.4761400000D+01 0.6700000000D-02-0.5680000000D-02 0.1173660000D+02 0.1449000000D-01 0.1910000000D-03 0.1117000000D+00 0.4843582000D+01 0.5143900000D+01 0.1650200000D+01 0.3320300000D+01
1 2220000827200009082451783.5-0.8096000000D+00 0.4400000000D-03 0.2830730000D+02 0.4775000000D-01 0.5440000000D-03 0.2747000000D+00 0.4604690000D+01 0.4623800000D+01 0.5362100000D+01 0.1206700000D+01-0.6050000000D-01-0.5540000000D-02 0.1187480000D+02 0.1300000000D-01 0.2260000000D-03 0.1129000000D+00 0.3170680000D+01 0.3550100000D+01 0.6064100000D+01 0.6054400000D+01
1 2320000908200009202451795.5-0.8067000000D+00 0.3470000000D-02 0.2891730000D+02 0.5455000000D-01 0.2320000000D-03 0.2794000000D+00 0.2929319000D+01 0.3156900000D+01 0.4759100000D+01 0.3945200000D+01-0.1322000000D+00-0.5300000000D-02 0.1199210000D+02 0.9660000000D-02 0.1800000000D-03 0.1149000000D+00 0.1499048000D+01 0.1969300000D+01 0.3901500000D+01 0.2489400000D+01
1 2420000920200010022451807.5-0.7532000000D+00 0.6500000000D-02 0.2953410000D+02 0.5931000000D-01 0.5790000000D-03 0.2826000000D+00 0.1258164000D+01 0.1652600000D+01 0.3886900000D+01 0.3829000000D+00-0.1945000000D+00-0.4680000000D-02 0.1208400000D+02 0.7090000000D-02 0.8100000000D-04 0.1167000000D+00 0.6110612000D+01 0.7790000000D+00 0.1549700000D+01 0.5229000000D+01
1 2520001002200010142451819.5-0.6783000000D+00 0.1004000000D-01 0.3012320000D+02 0.5821000000D-01 0.7100000000D-03 0.2893000000D+00 0.5874497000D+01 0.1366000000D+00 0.2174900000D+01 0.3122300000D+01-0.2503000000D+00-0.3960000000D-02 0.1213440000D+02 0.7550000000D-02 0.8000000000D-04 0.1165000000D+00 0.4439316000D+01 0.5941700000D+01 0.3057100000D+01 0.1681100000D+01
1 2620001014200010262451831.5-0.5486000000D+00 0.1346000000D-01 0.3063950000D+02 0.5439000000D-01 0.7730000000D-03 0.2931000000D+00 0.4210929000D+01 0.4918000000D+01 0.3794000000D+00 0.5851500000D+01-0.2965000000D+00-0.2640000000D-02 0.1213420000D+02 0.7640000000D-02 0.2270000000D-03 0.1174000000D+00 0.2768254000D+01 0.4436500000D+01 0.3624000000D+00 0.4419000000D+01
1 2720001026200011072451843.5-0.3964000000D+00 0.1585000000D-01 0.3106830000D+02 0.4926000000D-01 0.4630000000D-03 0.3011000000D+00 0.2549427000D+01 0.3573300000D+01 0.5105100000D+01 0.2305500000D+01-0.3248000000D+00-0.1280000000D-02 0.1209570000D+02 0.7050000000D-02 0.3160000000D-03 0.1150000000D+00 0.1096908000D+01 0.3242000000D+01 0.4651100000D+01 0.8668000000D+00
1 2820001107200011192451855.5-0.2074000000D+00 0.1739000000D-01 0.3133850000D+02 0.4832000000D-01 0.2770000000D-03 0.3014000000D+00 0.8888620000D+00 0.2243700000D+01 0.4858600000D+01 0.5052300000D+01-0.3435000000D+00 0.3100000000D-03 0.1201050000D+02 0.8280000000D-02 0.2360000000D-03 0.1139000000D+00 0.5707444000D+01 0.2258000000D+01 0.2725400000D+01 0.3583000000D+01
1 2920001119200012012451867.5-0.1800000000D-02 0.1681000000D-01 0.3142370000D+02 0.4789000000D-01 0.8090000000D-03 0.3037000000D+00 0.5511340000D+01 0.7861000000D+00 0.3216800000D+01 0.1506800000D+01-0.3380000000D+00 0.1700000000D-02 0.1188320000D+02 0.1162000000D-01 0.1510000000D-03 0.1118000000D+00 0.4032169000D+01 0.9331000000D+00 0.1034000000D+01 0.2210000000D-01
1 3020001201200012132451879.5 0.1980000000D+00 0.1552000000D-01 0.3134110000D+02 0.4011000000D-01 0.1007000000D-02 0.3000000000D+00 0.3849808000D+01 0.5697900000D+01 0.1336500000D+01 0.4250500000D+01-0.3227000000D+00 0.2770000000D-02 0.1172750000D+02 0.1622000000D-01 0.9200000000D-04 0.1109000000D+00 0.2353849000D+01 0.5710700000D+01 0.1138700000D+01 0.2720400000D+01
1 3120001213200012252451891.5 0.3962000000D+00 0.1284000000D-01 0.3109550000D+02 0.3418000000D-01 0.8090000000D-03 0.2935000000D+00 0.2185094000D+01 0.4511800000D+01 0.5700900000D+01 0.6834000000D+00-0.2880000000D+00 0.3670000000D-02 0.1154770000D+02 0.1822000000D-01 0.2620000000D-03 0.1098000000D+00 0.6713010000D+00 0.4114800000D+01 0.6097000000D+01 0.5436700000D+01
1 3220001225200101062451903.5 0.5477000000D+00 0.1005000000D-01 0.3071150000D+02 0.3833000000D-01 0.5600000000D-03 0.2885000000D+00 0.5159980000D+00 0.3339200000D+01 0.4156900000D+01 0.3407500000D+01-0.2444000000D+00 0.4090000000D-02 0.1135990000D+02 0.1736000000D-01 0.3180000000D-03 0.1081000000D+00 0.5268315000D+01 0.2585500000D+01 0.4119800000D+01 0.1858700000D+01
2 3319991231200002192451543.5 0.2758000000D+00-0.4700000000D-03 0.3807140000D+02 0.7015000000D-01 0.4900000000D-03 0.8820000000D-01 0.3961379000D+01 0.1100800000D+01 0.2420200000D+01-0.3129700000D+01-0.1020000000D-01 0.4800000000D-03 0.1246560000D+02 0.2404000000D-01 0.1990000000D-03 0.2830000000D-01 0.2380752000D+01 0.5830800000D+01 0.1749800000D+01-0.4675500000D+01
2 3420000219200004092451593.5 0.2494000000D+00-0.5600000000D-03 0.3482690000D+02 0.9238000000D-01 0.2810000000D-03 0.7970000000D-01 0.7212260000D+00 0.4739600000D+01 0.1318000000D+00-0.3583800000D+01 0.1380000000D-01 0.3900000000D-03 0.1173670000D+02 0.1985000000D-01 0.1480000000D-03 0.2710000000D-01 0.5430142000D+01 0.3602800000D+01 0.4922000000D+01-0.5196800000D+01
2 3520000409200005292451643.5 0.2208000000D+00-0.3900000000D-03 0.3270380000D+02 0.9312000000D-01 0.2760000000D-03 0.7590000000D-01 0.3706243000D+01 0.1863400000D+01 0.3894700000D+01-0.4143800000D+01 0.3340000000D-01 0.3800000000D-03 0.1185880000D+02 0.2772000000D-01 0.8400000000D-04 0.2890000000D-01 0.2156443000D+01 0.9611000000D+00 0.1849900000D+01-0.5695800000D+01
2 3620000529200007182451693.5 0.2007000000D+00-0.3700000000D-03 0.3242240000D+02 0.8443000000D-01 0.3560000000D-03 0.7560000000D-01 0.3940680000D+00 0.5265600000D+01 0.1010700000D+01-0.4663300000D+01 0.5220000000D-01 0.4400000000D-03 0.1263650000D+02 0.3365000000D-01 0.7500000000D-04 0.3170000000D-01 0.5154921000D+01 0.4254500000D+01 0.5860400000D+01-0.6191900000D+01
2 3720000718200009062451743.5 0.1826000000D+00-0.6500000000D-03 0.3401420000D+02 0.7761000000D-01 0.4830000000D-03 0.8350000000D-01 0.3392315000D+01 0.2528000000D+01 0.4552800000D+01-0.5139100000D+01 0.7490000000D-01 0.4800000000D-03 0.1386960000D+02 0.3493000000D-01 0.1440000000D-03 0.3400000000D-01 0.1891163000D+01 0.1304400000D+01 0.3489000000D+01-0.3152000000D+00
2 3820000906200010262451793.5 0.1528000000D+00-0.1550000000D-02 0.3702410000D+02 0.7448000000D-01 0.6000000000D-03 0.8900000000D-01 0.1647510000D+00 0.7080000000D-01 0.2304700000D+01-0.5484900000D+01 0.1008000000D+00 0.3500000000D-03 0.1530500000D+02 0.3011000000D-01 0.2670000000D-03 0.3710000000D-01 0.4957015000D+01 0.4890100000D+01 0.1221500000D+01-0.7445000000D+00
2 3920001026200012152451843.5 0.7350000000D-01-0.2140000000D-02 0.3991080000D+02 0.6043000000D-01 0.7960000000D-03 0.9180000000D-01 0.3291225000D+01 0.4206400000D+01 0.4011000000D+00-0.5913600000D+01 0.1190000000D+00-0.3000000000D-04 0.1625370000D+02 0.1470000000D-01 0.3040000000D-03 0.3860000000D-01 0.1795242000D+01 0.3057100000D+01 0.5207000000D+01-0.1064000000D+01
2 4020001215200102032451893.5-0.3770000000D-01-0.1530000000D-02 0.3989280000D+02 0.4928000000D-01 0.7230000000D-03 0.9380000000D-01 0.1600120000D+00 0.2838900000D+01 0.4439100000D+01-0.6258700000D+01 0.1151000000D+00-0.3800000000D-03 0.1578020000D+02 0.2550000000D-01 0.2040000000D-03 0.3360000000D-01 0.4931498000D+01 0.1630100000D+01 0.3402700000D+01-0.1472000000D+01
3 4119991231200002242451543.5-0.3300000000D-02 0.7000000000D-04 0.4714970000D+02 0.8665000000D-01 0.6580000000D-03 0.4600000000D-02 0.5991678000D+01 0.2655800000D+01 0.4544700000D+01-0.3936800000D+01 0.2000000000D-02 0.0000000000D+00 0.1534360000D+02 0.3126000000D-01 0.2660000000D-03 0.1800000000D-02 0.4465582000D+01 0.1202800000D+01 0.3793200000D+01-0.5102600000D+01
3 4220000224200004192451598.5-0.1600000000D-02 0.3000000000D-04 0.4276760000D+02 0.8952000000D-01 0.4270000000D-03 0.4600000000D-02 0.5123880000D+00 0.4330100000D+01 0.5100000000D-02-0.1994700000D+01 0.1200000000D-02 0.1000000000D-04 0.1426560000D+02 0.1577000000D-01 0.1890000000D-03 0.1300000000D-02 0.5273136000D+01 0.3271600000D+01 0.4777600000D+01-0.3393600000D+01
3 4320000419200006132451653.5-0.5000000000D-03 0.0000000000D+00 0.4022810000D+02 0.8275000000D-01 0.4140000000D-03 0.3400000000D-02 0.1248346000D+01 0.5700000000D+01 0.1432300000D+01-0.7060000000D+00 0.1200000000D-02 0.1000000000D-04 0.1443870000D+02 0.2687000000D-01 0.1060000000D-03 0.1500000000D-02 0.6027758000D+01 0.4963100000D+01 0.5941900000D+01-0.2004100000D+01
3 4420000613200008072451708.5 0.1000000000D-03-0.3000000000D-04 0.4049770000D+02 0.7656000000D-01 0.5300000000D-03 0.3300000000D-02 0.1973454000D+01 0.8232000000D+00 0.2730500000D+01-0.5295900000D+01 0.1500000000D-02 0.1000000000D-04 0.1552640000D+02 0.3523000000D-01 0.1280000000D-03 0.1400000000D-02 0.4878040000D+00 0.6065300000D+01 0.1501100000D+01-0.8454000000D+00
3 4520000807200010012451763.5-0.9000000000D-03-0.2000000000D-04 0.4342940000D+02 0.8458000000D-01 0.7150000000D-03 0.4100000000D-02 0.2738650000D+01 0.2451400000D+01 0.4293300000D+01-0.4298400000D+01 0.2700000000D-02-0.2000000000D-04 0.1721560000D+02 0.3770000000D-01 0.2540000000D-03 0.1700000000D-02 0.1262060000D+01 0.1041700000D+01 0.3250900000D+01-0.5314900000D+01
3 4620001001200011252451818.5-0.5100000000D-02 0.1600000000D-03 0.4786900000D+02 0.1056000000D+00 0.9180000000D-03 0.6400000000D-02 0.3582804000D+01 0.4256300000D+01 0.1116000000D+00-0.2250900000D+01 0.1100000000D-02 0.4000000000D-04 0.1890740000D+02 0.3217000000D-01 0.3870000000D-03 0.2300000000D-02 0.2102214000D+01 0.2826900000D+01 0.5086100000D+01-0.3996100000D+01
3 4720001125200101192451873.5 0.2700000000D-02-0.1300000000D-03 0.4999530000D+02 0.9667000000D-01 0.1010000000D-02 0.5900000000D-02 0.4499534000D+01 0.6279400000D+01 0.2213200000D+01-0.4693000000D+00 0.2700000000D-02 0.0000000000D+00 0.1914240000D+02 0.3451000000D-01 0.2640000000D-03 0.3500000000D-02 0.2999247000D+01 0.5260600000D+01 0.9982000000D+00-0.1937200000D+01
4 4819991231200002192451543.5 0.1493000000D+00-0.3600000000D-03 0.6035860000D+02 0.1072200000D+00 0.8150000000D-03 0.6150000000D-01 0.1131854000D+01 0.4347100000D+01 0.5902600000D+01 0.3126700000D+01 0.4330000000D-01 0.2000000000D-04 0.1976160000D+02 0.3671000000D-01 0.3250000000D-03 0.1880000000D-01 0.5833336000D+01 0.2810100000D+01 0.5212700000D+01 0.1542100000D+01
4 4920000219200004092451593.5 0.1267000000D+00-0.1200000000D-03 0.5521160000D+02 0.1314200000D+00 0.5220000000D-03 0.5350000000D-01 0.2791286000D+01 0.4286000000D+00 0.2123900000D+01 0.7190000000D-01 0.4420000000D-01 0.0000000000D+00 0.1861110000D+02 0.2486000000D-01 0.2540000000D-03 0.1860000000D-01 0.1215966000D+01 0.5604400000D+01 0.6782000000D+00 0.4811000000D+01
4 5020000409200005292451643.5 0.1204000000D+00 0.4000000000D-04 0.5184350000D+02 0.1336100000D+00 0.4480000000D-03 0.4960000000D-01 0.4389547000D+01 0.2521600000D+01 0.4367100000D+01 0.3284000000D+01 0.4380000000D-01 0.7000000000D-04 0.1881300000D+02 0.3956000000D-01 0.1440000000D-03 0.1900000000D-01 0.2838820000D+01 0.1698500000D+01 0.2395000000D+01 0.1703000000D+01
4 5120000529200007182451693.5 0.1239000000D+00 0.2100000000D-03 0.5141100000D+02 0.1290600000D+00 0.5330000000D-03 0.5160000000D-01 0.5967481000D+01 0.4561200000D+01 0.1965000000D+00 0.2144000000D+00 0.4730000000D-01 0.7000000000D-04 0.2005440000D+02 0.5173000000D-01 0.1030000000D-03 0.2110000000D-01 0.4444398000D+01 0.3572700000D+01 0.4930300000D+01 0.5009200000D+01
4 5220000718200009062451743.5 0.1353000000D+00 0.1400000000D-03 0.5392140000D+02 0.1242700000D+00 0.7490000000D-03 0.5740000000D-01 0.1281400000D+01 0.4101000000D+00 0.2435300000D+01 0.3457300000D+01 0.5270000000D-01 0.1600000000D-03 0.2201560000D+02 0.5595000000D-01 0.2220000000D-03 0.2410000000D-01 0.6063225000D+01 0.5469500000D+01 0.1393100000D+01 0.2024300000D+01
4 5320000906200010262451793.5 0.1402000000D+00-0.5000000000D-04 0.5869660000D+02 0.1185600000D+00 0.1004000000D-02 0.6460000000D-01 0.2932484000D+01 0.2801500000D+01 0.5034000000D+01 0.4671000000D+00 0.5800000000D-01 0.1900000000D-03 0.2430220000D+02 0.4767000000D-01 0.4420000000D-03 0.2680000000D-01 0.1441179000D+01 0.1344000000D+01 0.3922700000D+01 0.5347400000D+01
4 5420001026200012152451843.5 0.1437000000D+00-0.4200000000D-03 0.6325880000D+02 0.9897000000D-01 0.1251000000D-02 0.6800000000D-01 0.4655898000D+01 0.5586100000D+01 0.1652500000D+01 0.3781500000D+01 0.7180000000D-01 0.9000000000D-04 0.2580050000D+02 0.2586000000D-01 0.4780000000D-03 0.2790000000D-01 0.3159840000D+01 0.4442300000D+01 0.2014000000D+00 0.2423300000D+01
4 5520001215200102032451893.5 0.1124000000D+00-0.4900000000D-03 0.6326040000D+02 0.8872000000D-01 0.1112000000D-02 0.6270000000D-01 0.1300830000D+00 0.2619100000D+01 0.4396200000D+01 0.8306000000D+00 0.7180000000D-01-0.6000000000D-04 0.2505220000D+02 0.4244000000D-01 0.3100000000D-03 0.2570000000D-01 0.4902504000D+01 0.1430500000D+01 0.3376500000D+01 0.5695500000D+01
5 5619991231200002222451543.5 0.1225000000D+00-0.2000000000D-03 0.8429170000D+02 0.1506900000D+00 0.1146000000D-02 0.4140000000D-01 0.3569870000D+00 0.3452100000D+01 0.5167700000D+01 0.1968700000D+01 0.3330000000D-01-0.3000000000D-04 0.2803630000D+02 0.5170000000D-01 0.4570000000D-03 0.1350000000D-01 0.5062401000D+01 0.1926800000D+01 0.4445300000D+01 0.3602000000D+00
5 5720000222200004152451596.5 0.1115000000D+00 0.3000000000D-04 0.7672350000D+02 0.1732200000D+00 0.7630000000D-03 0.3910000000D-01 0.4928826000D+01 0.2532300000D+01 0.4295200000D+01 0.4764900000D+01 0.3040000000D-01-0.1000000000D-04 0.2634970000D+02 0.3007000000D-01 0.3550000000D-03 0.1360000000D-01 0.3358601000D+01 0.1474700000D+01 0.2801900000D+01 0.3220600000D+01
5 5820000415200006072451649.5 0.1119000000D+00 0.1200000000D-03 0.7209440000D+02 0.1747800000D+00 0.6500000000D-03 0.3850000000D-01 0.3149869000D+01 0.1322200000D+01 0.3146700000D+01 0.1274700000D+01 0.2870000000D-01-0.3000000000D-04 0.2677580000D+02 0.5365000000D-01 0.2010000000D-03 0.1480000000D-01 0.1607320000D+01 0.5343000000D+00 0.1192300000D+01 0.6036200000D+01
5 5920000607200007302451702.5 0.1193000000D+00 0.1700000000D-03 0.7212310000D+02 0.1725800000D+00 0.7830000000D-03 0.4050000000D-01 0.1350545000D+01 0.4270000000D-01 0.1949800000D+01 0.4097600000D+01 0.2740000000D-01-0.2000000000D-04 0.2877250000D+02 0.7233000000D-01 0.1640000000D-03 0.1670000000D-01 0.6120802000D+01 0.5314000000D+01 0.5609000000D+00 0.2586200000D+01
5 6020000730200009212451755.5 0.1328000000D+00 0.1200000000D-03 0.7665670000D+02 0.1706000000D+00 0.1146000000D-02 0.4580000000D-01 0.5859890000D+01 0.5165000000D+01 0.9492000000D+00 0.7269000000D+00 0.2550000000D-01 0.4000000000D-04 0.3184540000D+02 0.7724000000D-01 0.3890000000D-03 0.1860000000D-01 0.4368980000D+01 0.3886900000D+01 0.6209900000D+01 0.5477500000D+01
5 6120000921200011132451808.5 0.1468000000D+00-0.6000000000D-04 0.8417440000D+02 0.1632600000D+00 0.1565000000D-02 0.4920000000D-01 0.4153187000D+01 0.4340100000D+01 0.3350000000D+00 0.3619500000D+01 0.2710000000D-01 0.1100000000D-03 0.3514690000D+02 0.5888000000D-01 0.7120000000D-03 0.2000000000D-01 0.2669353000D+01 0.2855500000D+01 0.5392600000D+01 0.2209200000D+01
5 6220001113200101052451861.5 0.1512000000D+00-0.3200000000D-03 0.8931870000D+02 0.1371100000D+00 0.1754000000D-02 0.4700000000D-01 0.2525204000D+01 0.3996600000D+01 0.6195200000D+01 0.4068000000D+00 0.3160000000D-01 0.5000000000D-04 0.3643080000D+02 0.4657000000D-01 0.5300000000D-03 0.1940000000D-01 0.1030951000D+01 0.3045800000D+01 0.4780100000D+01 0.5118200000D+01
6 6319991231200001182451543.5 0.6613800000D+01 0.9346000000D-01 0.1961265000D+03 0.4418300000D+00 0.0000000000D+00 0.2775700000D+01 0.1122900000D+01 0.4242800000D+01 0.0000000000D+00 0.3384700000D+01 0.9421000000D+00 0.2784000000D-01 0.6336820000D+02 0.1077100000D+00 0.0000000000D+00 0.9012000000D+00 0.5847078000D+01 0.2939500000D+01 0.0000000000D+00 0.1844000000D+01
6 6420000118200002052451561.5 0.8164800000D+01-0.1013300000D+00 0.1887221000D+03 0.3111200000D+00 0.0000000000D+00 0.2724800000D+01 0.1939847000D+01 0.5570300000D+01 0.0000000000D+00 0.5038500000D+01 0.1111900000D+01 0.9790000000D-02 0.6147260000D+02 0.7969000000D-01 0.0000000000D+00 0.8678000000D+00 0.3714660000D+00 0.3901600000D+01 0.0000000000D+00 0.3455600000D+01
6 6520000205200002232451579.5 0.6463300000D+01 0.6549000000D-01 0.1826471000D+03 0.3246200000D+00 0.0000000000D+00 0.2544500000D+01 0.2732176000D+01 0.6152400000D+01 0.0000000000D+00 0.3723000000D+00 0.1341000000D+01-0.2072000000D-01 0.5997080000D+02 0.4381000000D-01 0.0000000000D+00 0.8646000000D+00 0.1174641000D+01 0.5442200000D+01 0.0000000000D+00 0.5081000000D+01
6 6620000223200003122451597.5 0.7239900000D+01-0.3178000000D-01 0.1777020000D+03 0.3883700000D+00 0.0000000000D+00 0.2461500000D+01 0.3527212000D+01 0.1060900000D+01 0.0000000000D+00 0.1945100000D+01 0.8473000000D+00 0.3115000000D-01 0.5964270000D+02 0.5241000000D-01 0.0000000000D+00 0.8311000000D+00 0.1965477000D+01 0.5937600000D+01 0.0000000000D+00 0.4148000000D+00
6 6720000312200003302451615.5 0.7656400000D+01-0.1031200000D+00 0.1735873000D+03 0.4479500000D+00 0.0000000000D+00 0.2367800000D+01 0.4310192000D+01 0.1973800000D+01 0.0000000000D+00 0.3547800000D+01 0.1438600000D+01-0.4034000000D-01 0.5956830000D+02 0.1171800000D+00 0.0000000000D+00 0.8152000000D+00 0.2766754000D+01 0.1319100000D+01 0.0000000000D+00 0.1961300000D+01
6 6820000330200004172451633.5 0.5632200000D+01 0.1213400000D+00 0.1686130000D+03 0.4396600000D+00 0.0000000000D+00 0.2272400000D+01 0.5095238000D+01 0.3392100000D+01 0.0000000000D+00 0.5080300000D+01 0.1038300000D+01-0.6300000000D-02 0.5976180000D+02 0.1122100000D+00 0.0000000000D+00 0.8434000000D+00 0.3548022000D+01 0.2455400000D+01 0.0000000000D+00 0.3548200000D+01
6 6920000417200005052451651.5 0.7229600000D+01-0.4408000000D-01 0.1663358000D+03 0.3128200000D+00 0.0000000000D+00 0.2349400000D+01 0.5858047000D+01 0.4132000000D+01 0.0000000000D+00 0.3643000000D+00 0.7499000000D+00 0.2270000000D-01 0.6041500000D+02 0.1382700000D+00 0.0000000000D+00 0.8461000000D+00 0.4329811000D+01 0.3539800000D+01 0.0000000000D+00 0.5122900000D+01
6 7020000505200005232451669.5 0.6788800000D+01 0.7930000000D-02 0.1656471000D+03 0.3581500000D+00 0.0000000000D+00 0.2349100000D+01 0.3470180000D+00 0.5061700000D+01 0.0000000000D+00 0.1959200000D+01 0.1252700000D+01-0.3988000000D-01 0.6209070000D+02 0.9986000000D-01 0.0000000000D+00 0.8996000000D+00 0.5102407000D+01 0.4205500000D+01 0.0000000000D+00 0.4094000000D+00
6 7120000523200006102451687.5 0.6480400000D+01 0.5971000000D-01 0.1663330000D+03 0.3696300000D+00 0.0000000000D+00 0.2386500000D+01 0.1116164000D+01 0.5884700000D+01 0.0000000000D+00 0.3530600000D+01 0.6127000000D+00 0.2412000000D-01 0.6373030000D+02 0.1680300000D+00 0.0000000000D+00 0.9406000000D+00 0.5890253000D+01 0.4952700000D+01 0.0000000000D+00 0.2038600000D+01
6 7220000610200006282451705.5 0.7859200000D+01-0.8093000000D-01 0.1669218000D+03 0.4474000000D+00 0.0000000000D+00 0.2460100000D+01 0.1891812000D+01 0.8005000000D+00 0.0000000000D+00 0.5145200000D+01 0.8439000000D+00-0.4470000000D-02 0.6548470000D+02 0.1640200000D+00 0.0000000000D+00 0.9521000000D+00 0.3827450000D+00 0.5956100000D+01 0.0000000000D+00 0.3635000000D+01
6 7320000628200007162451723.5 0.6648200000D+01 0.6954000000D-01 0.1697482000D+03 0.3157600000D+00 0.0000000000D+00 0.2422700000D+01 0.2657005000D+01 0.1807900000D+01 0.0000000000D+00 0.4654000000D+00 0.9026000000D+00-0.1802000000D-01 0.6759470000D+02 0.1766600000D+00 0.0000000000D+00 0.9915000000D+00 0.1163894000D+01 0.6022000000D+00 0.0000000000D+00 0.5233400000D+01
6 7420000716200008032451741.5 0.7759900000D+01-0.2990000000D-01 0.1742076000D+03 0.3670900000D+00 0.0000000000D+00 0.2461600000D+01 0.3439414000D+01 0.2574300000D+01 0.0000000000D+00 0.2034000000D+01 0.4828000000D+00 0.2475000000D-01 0.7030690000D+02 0.1379800000D+00 0.0000000000D+00 0.1005000000D+01 0.1944402000D+01 0.1482300000D+01 0.0000000000D+00 0.5662000000D+00
6 7520000803200008212451759.5 0.7640000000D+01 0.5120000000D-02 0.1787988000D+03 0.3665400000D+00 0.0000000000D+00 0.2556000000D+01 0.4223536000D+01 0.3666000000D+01 0.0000000000D+00 0.3634900000D+01 0.1062700000D+01-0.4550000000D-01 0.7293460000D+02 0.1838300000D+00 0.0000000000D+00 0.1015400000D+01 0.2742839000D+01 0.2164500000D+01 0.0000000000D+00 0.2136000000D+01
6 7620000821200009082451777.5 0.6750300000D+01 0.1511400000D+00 0.1836605000D+03 0.4878300000D+00 0.0000000000D+00 0.2586800000D+01 0.5020641000D+01 0.4721300000D+01 0.0000000000D+00 0.5217300000D+01 0.2862000000D+00 0.3935000000D-01 0.7510170000D+02 0.1801800000D+00 0.0000000000D+00 0.1093900000D+01 0.3531847000D+01 0.3545900000D+01 0.0000000000D+00 0.3725400000D+01
6 7720000908200009262451795.5 0.9462800000D+01-0.1188400000D+00 0.1900862000D+03 0.3965700000D+00 0.0000000000D+00 0.2810900000D+01 0.5810427000D+01 0.2120000000D-01 0.0000000000D+00 0.5238000000D+00 0.5279000000D+00 0.2253000000D-01 0.7792060000D+02 0.1493800000D+00 0.0000000000D+00 0.1130100000D+01 0.4336471000D+01 0.4546600000D+01 0.0000000000D+00 0.5358600000D+01
6 7820000926200010142451813.5 0.8135900000D+01 0.4043000000D-01 0.1972462000D+03 0.2911600000D+00 0.0000000000D+00 0.2941500000D+01 0.3467210000D+00 0.8678000000D+00 0.0000000000D+00 0.2185100000D+01 0.1141000000D+01-0.4332000000D-01 0.8054530000D+02 0.1074400000D+00 0.0000000000D+00 0.1185700000D+01 0.5144172000D+01 0.6151900000D+01 0.0000000000D+00 0.6809000000D+00
6 7920001014200011012451831.5 0.8553800000D+01 0.1477000000D-01 0.2022322000D+03 0.3045500000D+00 0.0000000000D+00 0.2988700000D+01 0.1169735000D+01 0.2075000000D+01 0.0000000000D+00 0.3823100000D+01 0.4517000000D+00 0.3819000000D-01 0.8217930000D+02 0.5702000000D-01 0.0000000000D+00 0.1237500000D+01 0.5974303000D+01 0.5761000000D+00 0.0000000000D+00 0.2346200000D+01
6 8020001101200011192451849.5 0.9407800000D+01-0.8094000000D-01 0.2052883000D+03 0.2956500000D+00 0.0000000000D+00 0.3075800000D+01 0.2003675000D+01 0.3027200000D+01 0.0000000000D+00 0.5478900000D+01 0.1237900000D+01-0.4399000000D-01 0.8225740000D+02 0.1268400000D+00 0.0000000000D+00 0.1206600000D+01 0.5125700000D+00 0.1926800000D+01 0.0000000000D+00 0.4016300000D+01
6 8120001119200012072451867.5 0.7282800000D+01 0.1652300000D+00 0.2063882000D+03 0.4763100000D+00 0.0000000000D+00 0.2987500000D+01 0.2828435000D+01 0.4512400000D+01 0.0000000000D+00 0.8791000000D+00 0.7798000000D+00 0.8850000000D-02 0.8235580000D+02 0.1354800000D+00 0.0000000000D+00 0.1174200000D+01 0.1342185000D+01 0.3517800000D+01 0.0000000000D+00 0.5639200000D+01
6 8220001207200012252451885.5 0.9563100000D+01-0.8903000000D-01 0.2068705000D+03 0.3656800000D+00 0.0000000000D+00 0.2842800000D+01 0.3670433000D+01 0.6145700000D+01 0.0000000000D+00 0.2490500000D+01 0.5398000000D+00 0.4862000000D-01 0.8114260000D+02 0.1835400000D+00 0.0000000000D+00 0.1143200000D+01 0.2168756000D+01 0.4651300000D+01 0.0000000000D+00 0.1014700000D+01
6 8320001225200101122451903.5 0.8832600000D+01-0.4906000000D-01 0.2026696000D+03 0.3622900000D+00 0.0000000000D+00 0.2810200000D+01 0.4501081000D+01 0.9546000000D+00 0.0000000000D+00 0.4118700000D+01 0.1413400000D+01-0.4524000000D-01 0.7927470000D+02 0.1480800000D+00 0.0000000000D+00 0.1067300000D+01 0.3004442000D+01 0.6142700000D+01 0.0000000000D+00 0.2623900000D+01
7 8419991231200001122451543.5 0.7456140000D+02-0.3324760000D+01 0.2339114000D+03 0.1746257000D+02 0.0000000000D+00 0.1031500000D+01 0.6189172000D+01 0.3972400000D+01 0.0000000000D+00 0.2475200000D+01 0.4703600000D+01 0.1704860000D+01 0.7204800000D+02 0.5320810000D+01 0.0000000000D+00 0.2351000000D+00 0.4713124000D+01 0.2523900000D+01 0.0000000000D+00 0.1092900000D+01
7 8520000112200001242451555.5-0.4586070000D+02 0.7332010000D+01 0.2083655000D+03 0.1025321000D+02 0.0000000000D+00 0.6168400000D+01 0.3217531000D+01 0.1196500000D+01 0.0000000000D+00 0.2299000000D+00 0.1453580000D+02-0.1877810000D+01 0.6585160000D+02 0.3554370000D+01 0.0000000000D+00 0.2062500000D+01 0.1824154000D+01 0.6224700000D+01 0.0000000000D+00 0.5089500000D+01
7 8620000124200002052451567.5 0.7352120000D+02-0.5037300000D+01 0.1971717000D+03 0.1606947000D+02 0.0000000000D+00 0.8835000000D+00 0.7336740000D+00 0.4957300000D+01 0.0000000000D+00 0.4144900000D+01 0.1163250000D+02 0.1128850000D+01 0.6529300000D+02 0.5487900000D+01 0.0000000000D+00 0.3525000000D+00 0.5566114000D+01 0.3526900000D+01 0.0000000000D+00 0.2962700000D+01
7 8720000205200002172451579.5-0.5688260000D+02 0.1287673000D+02 0.1690304000D+03 0.5731850000D+01 0.0000000000D+00 0.4357500000D+01 0.3984249000D+01 0.1974100000D+01 0.0000000000D+00 0.2465600000D+01 0.6895700000D+01-0.1475570000D+01 0.6327000000D+02 0.3444770000D+01 0.0000000000D+00 0.1940700000D+01 0.2691818000D+01 0.8903000000D+00 0.0000000000D+00 0.8512000000D+00
7 8820000217200002292451591.5 0.7219160000D+02-0.7387850000D+01 0.1612374000D+03 0.1361053000D+02 0.0000000000D+00 0.5651000000D+00 0.1517451000D+01 0.5997000000D+01 0.0000000000D+00 0.7670000000D+00 0.1651160000D+02 0.6335200000D+00 0.5994110000D+02 0.5401540000D+01 0.0000000000D+00 0.2865000000D+00 0.5683200000D-01 0.4493400000D+01 0.0000000000D+00 0.4741400000D+01
7 8920000229200003122451603.5 0.7518000000D+01 0.7672660000D+01 0.1887464000D+03 0.9382730000D+01 0.0000000000D+00 0.2526300000D+01 0.4899381000D+01 0.2710400000D+01 0.0000000000D+00 0.4306200000D+01-0.2304330000D+02 0.4154070000D+01 0.6959510000D+02 0.3785920000D+01 0.0000000000D+00 0.6466000000D+00 0.3128133000D+01 0.6326000000D+00 0.0000000000D+00 0.3475300000D+01
7 9020000312200003242451615.5 0.7338040000D+02-0.1183408000D+02 0.1278064000D+03 0.1115315000D+02 0.0000000000D+00 0.1751900000D+01 0.2326423000D+01 0.9641000000D+00 0.0000000000D+00 0.2878200000D+01 0.3571150000D+02-0.2894780000D+01 0.5158710000D+02 0.2994490000D+01 0.0000000000D+00 0.9098000000D+00 0.4820310000D+00 0.5182300000D+01 0.0000000000D+00 0.2008200000D+01
7 9120000324200004052451627.5 0.6839150000D+02-0.1791220000D+01 0.2146820000D+03 0.1549203000D+02 0.0000000000D+00 0.8877000000D+00 0.5668975000D+01 0.3391500000D+01 0.0000000000D+00 0.1559900000D+01-0.3967600000D+01 0.2390700000D+01 0.6784690000D+02 0.4635700000D+01 0.0000000000D+00 0.1911000000D+00 0.4163661000D+01 0.1912300000D+01 0.0000000000D+00 0.5678800000D+01
7 9220000405200004172451639.5-0.3352190000D+02 0.4439840000D+01 0.1889986000D+03 0.9713450000D+01 0.0000000000D+00 0.5522600000D+01 0.2671542000D+01 0.6634000000D+00 0.0000000000D+00 0.5431700000D+01 0.3229290000D+02-0.4244080000D+01 0.5086480000D+02 0.1969600000D+01 0.0000000000D+00 0.1460600000D+01 0.1199317000D+01 0.5920400000D+01 0.0000000000D+00 0.3866100000D+01
7 9320000417200004292451651.5 0.7106240000D+02-0.3027360000D+01 0.1890958000D+03 0.1527894000D+02 0.0000000000D+00 0.1068700000D+01 0.1702270000D+00 0.4311500000D+01 0.0000000000D+00 0.3275200000D+01 0.4707700000D+01 0.1734550000D+01 0.6551180000D+02 0.5285400000D+01 0.0000000000D+00 0.3066000000D+00 0.5016211000D+01 0.2914600000D+01 0.0000000000D+00 0.2120700000D+01
7 9420000429200005112451663.5-0.2197400000D+02 0.4899350000D+01 0.1808973000D+03 0.9884920000D+01 0.0000000000D+00 0.5730200000D+01 0.3510564000D+01 0.1579900000D+01 0.0000000000D+00 0.1129500000D+01 0.1419790000D+02-0.2454300000D+01 0.6193020000D+02 0.3381100000D+01 0.0000000000D+00 0.2050100000D+01 0.2112649000D+01 0.3547000000D+00 0.0000000000D+00 0.6015700000D+01
7 9520000511200005232451675.5 0.7339800000D+02-0.4831760000D+01 0.1658290000D+03 0.1421408000D+02 0.0000000000D+00 0.6890000000D+00 0.8964100000D+00 0.5223900000D+01 0.0000000000D+00 0.4934300000D+01 0.1195450000D+02 0.1090140000D+01 0.6426080000D+02 0.5722860000D+01 0.0000000000D+00 0.3700000000D+00 0.5768786000D+01 0.3824100000D+01 0.0000000000D+00 0.3639800000D+01
7 9620000523200006042451687.5-0.5630010000D+02 0.1520762000D+02 0.1434129000D+03 0.3597320000D+01 0.0000000000D+00 0.3648100000D+01 0.4057178000D+01 0.1720300000D+01 0.0000000000D+00 0.3495800000D+01-0.1110710000D+02 0.9936300000D+00 0.7427640000D+02 0.3780770000D+01 0.0000000000D+00 0.1213900000D+01 0.2707470000D+01 0.5462000000D+00 0.0000000000D+00 0.1483500000D+01
7 9720000604200006162451699.5 0.8919400000D+02-0.9952880000D+01 0.1296615000D+03 0.1062134000D+02 0.0000000000D+00 0.1489300000D+01 0.1588801000D+01 0.4880000000D-01 0.0000000000D+00 0.1853000000D+01 0.1805010000D+02 0.4939800000D+00 0.6254720000D+02 0.5578910000D+01 0.0000000000D+00 0.2147000000D+00 0.1786240000D+00 0.4742000000D+01 0.0000000000D+00 0.6144900000D+01
7 9820000616200006282451711.5 0.4323310000D+02 0.2959300000D+01 0.2073052000D+03 0.1335238000D+02 0.0000000000D+00 0.5622000000D+00 0.5026209000D+01 0.2760000000D+01 0.0000000000D+00 0.5126300000D+01-0.2174070000D+02 0.4044920000D+01 0.7690920000D+02 0.4661510000D+01 0.0000000000D+00 0.5805000000D+00 0.3379882000D+01 0.9837000000D+00 0.0000000000D+00 0.4254900000D+01
7 9920000628200007102451723.5 0.5297040000D+02-0.8394240000D+01 0.1454446000D+03 0.9542260000D+01 0.0000000000D+00 0.2674600000D+01 0.2273197000D+01 0.8528000000D+00 0.0000000000D+00 0.4195800000D+01 0.4820030000D+02-0.5504540000D+01 0.5656620000D+02 0.1646520000D+01 0.0000000000D+00 0.1727200000D+01 0.4046880000D+00 0.5016200000D+01 0.0000000000D+00 0.2476600000D+01
710020000710200007222451735.5 0.6948740000D+02-0.9187800000D+00 0.2092728000D+03 0.1617591000D+02 0.0000000000D+00 0.9995000000D+00 0.5818842000D+01 0.3624900000D+01 0.0000000000D+00 0.2369900000D+01-0.4495700000D+01 0.2404640000D+01 0.7721770000D+02 0.5787210000D+01 0.0000000000D+00 0.2607000000D+00 0.4358033000D+01 0.2181200000D+01 0.0000000000D+00 0.8043000000D+00
710120000722200008032451747.5-0.2273070000D+02 0.4313740000D+01 0.2018492000D+03 0.1076033000D+02 0.0000000000D+00 0.6171000000D+01 0.2822409000D+01 0.8259000000D+00 0.0000000000D+00 0.6130400000D+01 0.2045370000D+02-0.2947610000D+01 0.7300450000D+02 0.3846720000D+01 0.0000000000D+00 0.2392900000D+01 0.1443917000D+01 0.5885500000D+01 0.0000000000D+00 0.4763900000D+01
710220000803200008152451759.5 0.8069730000D+02-0.3285350000D+01 0.1956051000D+03 0.1639812000D+02 0.0000000000D+00 0.1010700000D+01 0.2918790000D+00 0.4528500000D+01 0.0000000000D+00 0.3827100000D+01 0.3910600000D+01 0.1905280000D+01 0.7594960000D+02 0.6454460000D+01 0.0000000000D+00 0.4080000000D+00 0.5187530000D+01 0.3172400000D+01 0.0000000000D+00 0.2731700000D+01
710320000815200008272451771.5-0.4328590000D+02 0.1021658000D+02 0.1908629000D+03 0.8042240000D+01 0.0000000000D+00 0.4568700000D+01 0.3532261000D+01 0.1461000000D+01 0.0000000000D+00 0.1913400000D+01 0.1525700000D+02-0.3573050000D+01 0.7163230000D+02 0.3750400000D+01 0.0000000000D+00 0.2437600000D+01 0.2338385000D+01 0.6980000000D+00 0.0000000000D+00 0.6055000000D+00
710420000827200009082451783.5 0.8667400000D+02-0.5737280000D+01 0.1785248000D+03 0.1520702000D+02 0.0000000000D+00 0.5012000000D+00 0.1047847000D+01 0.5525500000D+01 0.0000000000D+00 0.2185000000D+00 0.8733300000D+01 0.1891250000D+01 0.7391700000D+02 0.6798060000D+01 0.0000000000D+00 0.4420000000D+00 0.5997842000D+01 0.4202800000D+01 0.0000000000D+00 0.4721300000D+01
710520000908200009202451795.5-0.1662470000D+02 0.1230534000D+02 0.1934477000D+03 0.8391260000D+01 0.0000000000D+00 0.3049700000D+01 0.4404771000D+01 0.2166100000D+01 0.0000000000D+00 0.4103200000D+01-0.3118800000D+02 0.4223720000D+01 0.9796910000D+02 0.5643720000D+01 0.0000000000D+00 0.6194000000D+00 0.2825880000D+01 0.4042000000D+00 0.0000000000D+00 0.3084800000D+01
710620000920200010022451807.5 0.1182642000D+03-0.1557395000D+02 0.1307632000D+03 0.1004854000D+02 0.0000000000D+00 0.2894200000D+01 0.1799748000D+01 0.6886000000D+00 0.0000000000D+00 0.2653500000D+01 0.3557230000D+02-0.2261450000D+01 0.7417890000D+02 0.4551370000D+01 0.0000000000D+00 0.1207000000D+01 0.1976290000D+00 0.4864500000D+01 0.0000000000D+00 0.1867800000D+01
710720001002200010142451819.5 0.7200550000D+02 0.7683000000D-01 0.2520230000D+03 0.1813432000D+02 0.0000000000D+00 0.8077000000D+00 0.5347519000D+01 0.3110100000D+01 0.0000000000D+00 0.1409900000D+01-0.1368030000D+02 0.3150170000D+01 0.9288370000D+02 0.6334570000D+01 0.0000000000D+00 0.2947000000D+00 0.3850550000D+01 0.1603400000D+01 0.0000000000D+00 0.5444900000D+01
710820001014200010262451831.5-0.8224800000D+01 0.1832700000D+01 0.2318107000D+03 0.1217071000D+02 0.0000000000D+00 0.6846200000D+01 0.2433448000D+01 0.4843000000D+00 0.0000000000D+00 0.5311200000D+01 0.4082850000D+02-0.5421410000D+01 0.7347680000D+02 0.2651170000D+01 0.0000000000D+00 0.2166300000D+01 0.9082170000D+00 0.5448800000D+01 0.0000000000D+00 0.3755200000D+01
710920001026200011072451843.5 0.8217600000D+02-0.1935150000D+01 0.2354143000D+03 0.1892970000D+02 0.0000000000D+00 0.1156900000D+01 0.6230104000D+01 0.4130500000D+01 0.0000000000D+00 0.3223600000D+01-0.1513400000D+01 0.2323980000D+01 0.8810090000D+02 0.6999560000D+01 0.0000000000D+00 0.3492000000D+00 0.4805865000D+01 0.2729600000D+01 0.0000000000D+00 0.1954600000D+01
711020001107200011192451855.5-0.1302070000D+02 0.4141250000D+01 0.2292602000D+03 0.1217851000D+02 0.0000000000D+00 0.6997500000D+01 0.3351237000D+01 0.1442800000D+01 0.0000000000D+00 0.1149900000D+01 0.2214310000D+02-0.4092370000D+01 0.7841870000D+02 0.3877750000D+01 0.0000000000D+00 0.2591200000D+01 0.1970837000D+01 0.3003000000D+00 0.0000000000D+00 0.6125800000D+01
711120001119200012012451867.5 0.8676990000D+02-0.4162260000D+01 0.2113364000D+03 0.1782981000D+02 0.0000000000D+00 0.6520000000D+00 0.7975060000D+00 0.5178500000D+01 0.0000000000D+00 0.5122800000D+01 0.5574200000D+01 0.2110320000D+01 0.8111740000D+02 0.7074970000D+01 0.0000000000D+00 0.3828000000D+00 0.5702673000D+01 0.3828600000D+01 0.0000000000D+00 0.4038400000D+01
711220001201200012132451879.5-0.5604630000D+02 0.1698561000D+02 0.1905216000D+03 0.5765000000D+01 0.0000000000D+00 0.4181000000D+01 0.4037142000D+01 0.1622200000D+01 0.0000000000D+00 0.3700500000D+01-0.1956710000D+02 0.1913500000D+01 0.9834340000D+02 0.5119680000D+01 0.0000000000D+00 0.1066700000D+01 0.2655509000D+01 0.3698000000D+00 0.0000000000D+00 0.1776800000D+01
711320001213200012252451891.5 0.1223569000D+03-0.1427866000D+02 0.1471213000D+03 0.1057112000D+02 0.0000000000D+00 0.2624400000D+01 0.1571006000D+01 0.2576000000D+00 0.0000000000D+00 0.2268900000D+01 0.2117960000D+02 0.2458200000D+00 0.7623660000D+02 0.5937800000D+01 0.0000000000D+00 0.4926000000D+00 0.1514790000D+00 0.4773400000D+01 0.0000000000D+00 0.1344600000D+01
711420001225200101062451903.5 0.6137270000D+02 0.1250790000D+01 0.2551620000D+03 0.1723706000D+02 0.0000000000D+00 0.5033000000D+00 0.5138958000D+01 0.2871500000D+01 0.0000000000D+00 0.3581000000D+00-0.1876940000D+02 0.3530320000D+01 0.9093800000D+02 0.5748750000D+01 0.0000000000D+00 0.4894000000D+00 0.3569793000D+01 0.1244900000D+01 0.0000000000D+00 0.4625600000D+01
811519991231200002052451543.5 0.4141200000D+02-0.1464710000D+01 0.5312428000D+03 0.0000000000D+00 0.0000000000D+00 0.4756100000D+01 0.3094508000D+01 0.0000000000D+00 0.0000000000D+00 0.4757000000D+00 0.1518950000D+02-0.1619800000D+00 0.1973081000D+03 0.0000000000D+00 0.0000000000D+00 0.1026800000D+01 0.2248506000D+01 0.0000000000D+00 0.0000000000D+00 0.5969600000D+01
811620000205200003122451579.5-0.9508200000D+01 0.1045250000D+01 0.4916091000D+03 0.0000000000D+00 0.0000000000D+00 0.9782100000D+01 0.5903793000D+01 0.0000000000D+00 0.0000000000D+00 0.9300000000D-02-0.1634400000D+01 0.3524900000D+00 0.1818160000D+03 0.0000000000D+00 0.0000000000D+00 0.3473000000D+01 0.5068584000D+01 0.0000000000D+00 0.0000000000D+00 0.5399500000D+01
811720000312200004172451615.5 0.3107640000D+02-0.1307490000D+01 0.4554472000D+03 0.0000000000D+00 0.0000000000D+00 0.6053400000D+01 0.2406331000D+01 0.0000000000D+00 0.0000000000D+00 0.4943600000D+01 0.2078390000D+02-0.5634100000D+00 0.1699871000D+03 0.0000000000D+00 0.0000000000D+00 0.1836300000D+01 0.1553399000D+01 0.0000000000D+00 0.0000000000D+00 0.4192500000D+01
811820000417200005232451651.5-0.1445650000D+02 0.1667250000D+01 0.4368298000D+03 0.0000000000D+00 0.0000000000D+00 0.5343500000D+01 0.5164015000D+01 0.0000000000D+00 0.0000000000D+00 0.4924900000D+01-0.3397100000D+01 0.4234700000D+00 0.1698826000D+03 0.0000000000D+00 0.0000000000D+00 0.2315700000D+01 0.4311265000D+01 0.0000000000D+00 0.0000000000D+00 0.4325900000D+01
811920000523200006282451687.5 0.3463820000D+02-0.1448460000D+01 0.4440164000D+03 0.0000000000D+00 0.0000000000D+00 0.7870700000D+01 0.1622122000D+01 0.0000000000D+00 0.0000000000D+00 0.3982500000D+01 0.1775340000D+02-0.3492300000D+00 0.1729860000D+03 0.0000000000D+00 0.0000000000D+00 0.3247500000D+01 0.7872970000D+00 0.0000000000D+00 0.0000000000D+00 0.3032200000D+01
812020000628200008032451723.5-0.3149700000D+01 0.1275240000D+01 0.4716720000D+03 0.0000000000D+00 0.0000000000D+00 0.4414800000D+01 0.4388842000D+01 0.0000000000D+00 0.0000000000D+00 0.3062200000D+01-0.3887300000D+01 0.5019000000D+00 0.1800131000D+03 0.0000000000D+00 0.0000000000D+00 0.1801300000D+01 0.3547265000D+01 0.0000000000D+00 0.0000000000D+00 0.2670300000D+01
812120000803200009082451759.5 0.3343630000D+02-0.1407460000D+01 0.5068402000D+03 0.0000000000D+00 0.0000000000D+00 0.7235500000D+01 0.8941600000D+00 0.0000000000D+00 0.0000000000D+00 0.3084700000D+01 0.2136430000D+02-0.6401400000D+00 0.1933619000D+03 0.0000000000D+00 0.0000000000D+00 0.2922000000D+01 0.5767100000D-01 0.0000000000D+00 0.0000000000D+00 0.1980300000D+01
812220000908200010142451795.5 0.6654300000D+01 0.1168790000D+01 0.5512869000D+03 0.0000000000D+00 0.0000000000D+00 0.1138790000D+02 0.3748991000D+01 0.0000000000D+00 0.0000000000D+00 0.1969600000D+01 0.2415200000D+01 0.3810900000D+00 0.2076756000D+03 0.0000000000D+00 0.0000000000D+00 0.4115200000D+01 0.2942022000D+01 0.0000000000D+00 0.0000000000D+00 0.1019800000D+01
812320001014200011192451831.5 0.9066400000D+01-0.2741900000D+00 0.5868183000D+03 0.0000000000D+00 0.0000000000D+00 0.2371900000D+01 0.3778240000D+00 0.0000000000D+00 0.0000000000D+00 0.1447800000D+01 0.1215750000D+02-0.3053000000D+00 0.2202202000D+03 0.0000000000D+00 0.0000000000D+00 0.1012700000D+01 0.5841094000D+01 0.0000000000D+00 0.0000000000D+00 0.1019900000D+01
812420001119200012252451867.5 0.4942130000D+02-0.1119690000D+01 0.5875447000D+03 0.0000000000D+00 0.0000000000D+00 0.1228270000D+02 0.3325397000D+01 0.0000000000D+00 0.0000000000D+00 0.1368100000D+01 0.8709300000D+01 0.2779100000D+00 0.2232144000D+03 0.0000000000D+00 0.0000000000D+00 0.3689700000D+01 0.2469061000D+01 0.0000000000D+00 0.0000000000D+00 0.6888000000D+00
812520001225200101302451903.5-0.2052350000D+02 0.1429040000D+01 0.5571208000D+03 0.0000000000D+00 0.0000000000D+00 0.8363800000D+01 0.6226753000D+01 0.0000000000D+00 0.0000000000D+00 0.3339000000D+00 0.6116000000D+01-0.1057300000D+00 0.2134337000D+03 0.0000000000D+00 0.0000000000D+00 0.4228700000D+01 0.5365744000D+01 0.0000000000D+00 0.0000000000D+00 0.5840400000D+01
