 6 8    2   33   41   48   56   63   84  115  6.6670  4.5860  3.3280  2.2960  1.3910  0.3940  0.3940  0.0790 12.0 50.0 55.0 50.0 53.0 18.0 12.0 36.0  125 2456292.5000 2013                                                                                                                                                                                                      
1  220121231201301122456292.5-0.5724000000D+00 0.7180000000D-02 0.2494940000D+02 0.4540000000D-01 0.4840000000D-03 0.2395000000D+00 0.3994854000D+01 0.3416200000D+01 0.5579400000D+01 0.5659300000D+01 0.1162000000D+00 0.3670000000D-02 0.7868900000D+01 0.3184000000D-01 0.1100000000D-03 0.7750000000D-01 0.5470459000D+01 0.5312100000D+01 0.3330000000D+00 0.8770000000D+00
1  320130112201301242456304.5-0.4936000000D+00 0.9220000000D-02 0.2541910000D+02 0.4195000000D-01 0.6230000000D-03 0.2480000000D+00 0.2308695000D+01 0.1879600000D+01 0.3483900000D+01 0.2098500000D+01 0.1573000000D+00 0.3490000000D-02 0.8247800000D+01 0.3238000000D-01 0.1520000000D-03 0.8000000000D-01 0.3787550000D+01 0.3761400000D+01 0.6157200000D+01 0.3591900000D+01
1  420130124201302052456316.5-0.3852000000D+00 0.1141000000D-01 0.2592810000D+02 0.3926000000D-01 0.6350000000D-03 0.2513000000D+00 0.6260590000D+00 0.4587000000D+00 0.1314300000D+01 0.4828700000D+01 0.2013000000D+00 0.2880000000D-02 0.8620000000D+01 0.3177000000D-01 0.2550000000D-03 0.8380000000D-01 0.2111012000D+01 0.2193200000D+01 0.4489900000D+01 0.3410000000D-01
1  520130205201302172456328.5-0.2511000000D+00 0.1253000000D-01 0.2645200000D+02 0.4436000000D-01 0.2500000000D-03 0.2583000000D+00 0.5230574000D+01 0.5361600000D+01 0.5908700000D+01 0.1278200000D+01 0.2345000000D+00 0.2000000000D-02 0.8973200000D+01 0.3002000000D-01 0.3280000000D-03 0.8660000000D-01 0.4400590000D+00 0.6538000000D+00 0.2818600000D+01 0.2767600000D+01
1  620130217201303012456340.5-0.1043000000D+00 0.1360000000D-01 0.2698960000D+02 0.4948000000D-01 0.3090000000D-03 0.2609000000D+00 0.3556733000D+01 0.3834500000D+01 0.6097300000D+01 0.4017200000D+01 0.2626000000D+00 0.9700000000D-03 0.9295200000D+01 0.2621000000D-01 0.2990000000D-03 0.9070000000D-01 0.5057690000D+01 0.5448500000D+01 0.1069100000D+01 0.5498100000D+01
1  720130301201303132456352.5 0.6900000000D-01 0.1372000000D-01 0.2751920000D+02 0.5129000000D-01 0.6540000000D-03 0.2639000000D+00 0.1886579000D+01 0.2280500000D+01 0.4362700000D+01 0.4569000000D+00 0.2742000000D+00-0.3000000000D-03 0.9564400000D+01 0.2318000000D-01 0.2050000000D-03 0.9290000000D-01 0.3396007000D+01 0.4065800000D+01 0.5719600000D+01 0.1968000000D+01
1  820130313201303252456364.5 0.2322000000D+00 0.1352000000D-01 0.2801850000D+02 0.4876000000D-01 0.6760000000D-03 0.2680000000D+00 0.2196720000D+00 0.7883000000D+00 0.2695700000D+01 0.3197800000D+01 0.2709000000D+00-0.1470000000D-02 0.9763000000D+01 0.2234000000D-01 0.2040000000D-03 0.9440000000D-01 0.1738009000D+01 0.2714900000D+01 0.4810700000D+01 0.4715500000D+01
1  920130325201304062456376.5 0.4058000000D+00 0.1263000000D-01 0.2844610000D+02 0.4341000000D-01 0.5000000000D-03 0.2712000000D+00 0.4838648000D+01 0.5622100000D+01 0.9546000000D+00 0.5921000000D+01 0.2522000000D+00-0.2830000000D-02 0.9879000000D+01 0.2142000000D-01 0.3580000000D-03 0.9550000000D-01 0.8337900000D-01 0.1302000000D+01 0.3282200000D+01 0.1189300000D+01
1 1020130406201304182456388.5 0.5509000000D+00 0.1066000000D-01 0.2877860000D+02 0.4109000000D-01 0.1960000000D-03 0.2766000000D+00 0.3175461000D+01 0.4301200000D+01 0.6283100000D+01 0.2374300000D+01 0.2145000000D+00-0.3940000000D-02 0.9916200000D+01 0.2058000000D-01 0.4270000000D-03 0.9380000000D-01 0.4713561000D+01 0.6248800000D+01 0.1569700000D+01 0.3931600000D+01
1 1120130418201304302456400.5 0.6785000000D+00 0.8110000000D-02 0.2896810000D+02 0.4077000000D-01 0.4650000000D-03 0.2764000000D+00 0.1512944000D+01 0.2917400000D+01 0.5747400000D+01 0.5115100000D+01 0.1682000000D+00-0.4890000000D-02 0.9869300000D+01 0.2088000000D-01 0.3410000000D-03 0.9310000000D-01 0.3061270000D+01 0.4975500000D+01 0.6197100000D+01 0.3907000000D+00
1 1220130430201305122456412.5 0.7704000000D+00 0.4150000000D-02 0.2899970000D+02 0.3659000000D-01 0.8150000000D-03 0.2789000000D+00 0.6133335000D+01 0.1397500000D+01 0.3649300000D+01 0.1565600000D+01 0.1070000000D+00-0.5390000000D-02 0.9740500000D+01 0.2289000000D-01 0.2360000000D-03 0.9070000000D-01 0.1408118000D+01 0.3630300000D+01 0.4674200000D+01 0.3129000000D+01
1 1320130512201305242456424.5 0.8154000000D+00 0.3400000000D-03 0.2891140000D+02 0.2938000000D-01 0.8430000000D-03 0.2740000000D+00 0.4469157000D+01 0.1104000000D+00 0.1721100000D+01 0.4304000000D+01 0.4570000000D-01-0.5340000000D-02 0.9546600000D+01 0.2652000000D-01 0.1660000000D-03 0.8930000000D-01 0.6036067000D+01 0.2204200000D+01 0.3905300000D+01 0.5852000000D+01
1 1420130524201306052456436.5 0.8273000000D+00-0.3790000000D-02 0.2869110000D+02 0.2789000000D-01 0.4770000000D-03 0.2692000000D+00 0.2802044000D+01 0.5336600000D+01 0.6127600000D+01 0.7346000000D+00-0.1880000000D-01-0.4930000000D-02 0.9292300000D+01 0.2821000000D-01 0.2550000000D-03 0.8690000000D-01 0.4377792000D+01 0.6836000000D+00 0.2805300000D+01 0.2309500000D+01
1 1520130605201306172456448.5 0.7784000000D+00-0.6940000000D-02 0.2835330000D+02 0.3387000000D-01 0.2740000000D-03 0.2640000000D+00 0.1130787000D+01 0.4059600000D+01 0.4867200000D+01 0.3456300000D+01-0.7710000000D-01-0.4020000000D-02 0.8999500000D+01 0.2700000000D-01 0.3000000000D-03 0.8430000000D-01 0.2715848000D+01 0.5420900000D+01 0.9469000000D+00 0.5032300000D+01
1 1620130617201306292456460.5 0.7071000000D+00-0.9250000000D-02 0.2792920000D+02 0.4255000000D-01 0.4020000000D-03 0.2590000000D+00 0.5738509000D+01 0.2618500000D+01 0.4264400000D+01 0.6148800000D+01-0.1259000000D+00-0.3140000000D-02 0.8695500000D+01 0.2530000000D-01 0.2060000000D-03 0.8170000000D-01 0.1049943000D+01 0.3959100000D+01 0.5485900000D+01 0.1482000000D+01
1 1720130629201307112456472.5 0.5893000000D+00-0.1089000000D-01 0.2742910000D+02 0.4683000000D-01 0.6750000000D-03 0.2567000000D+00 0.4058120000D+01 0.1071300000D+01 0.2701500000D+01 0.2570700000D+01-0.1666000000D+00-0.2110000000D-02 0.8395600000D+01 0.2432000000D-01 0.8700000000D-04 0.7770000000D-01 0.5661301000D+01 0.2505400000D+01 0.4633800000D+01 0.4191100000D+01
1 1820130711201307232456484.5 0.4602000000D+00-0.1142000000D-01 0.2688320000D+02 0.4728000000D-01 0.7610000000D-03 0.2515000000D+00 0.2373596000D+01 0.5849200000D+01 0.7353000000D+00 0.5272300000D+01-0.1910000000D+00-0.1320000000D-02 0.8112500000D+01 0.2341000000D-01 0.1600000000D-03 0.7510000000D-01 0.3982892000D+01 0.1002500000D+01 0.3455900000D+01 0.6160000000D+00
1 1920130723201308042456496.5 0.3166000000D+00-0.1209000000D-01 0.2632890000D+02 0.5084000000D-01 0.4230000000D-03 0.2500000000D+00 0.6856460000D+00 0.4445800000D+01 0.4814000000D+01 0.1691000000D+01-0.2097000000D+00-0.6000000000D-03 0.7856000000D+01 0.2203000000D-01 0.2390000000D-03 0.7210000000D-01 0.2297907000D+01 0.5781200000D+01 0.1677600000D+01 0.3305800000D+01
1 2020130804201308162456508.5 0.1647000000D+00-0.1182000000D-01 0.2580800000D+02 0.5776000000D-01 0.1340000000D-03 0.2417000000D+00 0.5276535000D+01 0.2913200000D+01 0.1245100000D+01 0.4391900000D+01-0.2136000000D+00 0.2000000000D-04 0.7636200000D+01 0.2008000000D-01 0.2910000000D-03 0.7090000000D-01 0.6058180000D+00 0.4274800000D+01 0.6081200000D+01 0.5983100000D+01
1 2120130816201308282456520.5 0.2710000000D-01-0.1177000000D-01 0.2532070000D+02 0.6213000000D-01 0.2950000000D-03 0.2366000000D+00 0.3580399000D+01 0.1286300000D+01 0.4175400000D+01 0.7955000000D+00-0.2139000000D+00 0.5000000000D-03 0.7456700000D+01 0.1839000000D-01 0.2860000000D-03 0.6960000000D-01 0.5190863000D+01 0.2859800000D+01 0.4194500000D+01 0.2391800000D+01
1 2220130828201309092456532.5-0.1196000000D+00-0.1099000000D-01 0.2486900000D+02 0.6149000000D-01 0.3550000000D-03 0.2307000000D+00 0.1881078000D+01 0.5942700000D+01 0.1904300000D+01 0.3484500000D+01-0.2056000000D+00 0.1080000000D-02 0.7324800000D+01 0.1905000000D-01 0.1540000000D-03 0.6970000000D-01 0.3487436000D+01 0.1530900000D+01 0.2411200000D+01 0.5069300000D+01
1 2320130909201309212456544.5-0.2392000000D+00-0.9880000000D-02 0.2448040000D+02 0.5860000000D-01 0.4230000000D-03 0.2278000000D+00 0.1793040000D+00 0.4294600000D+01 0.5879000000D+01 0.6149900000D+01-0.1924000000D+00 0.1440000000D-02 0.7254100000D+01 0.2167000000D-01 0.9500000000D-04 0.6920000000D-01 0.1778993000D+01 0.6000000000D-01 0.1789200000D+01 0.1479800000D+01
1 2420130921201310032456556.5-0.3616000000D+00-0.8550000000D-02 0.2414100000D+02 0.5482000000D-01 0.4310000000D-03 0.2269000000D+00 0.4759226000D+01 0.2711800000D+01 0.3784700000D+01 0.2557600000D+01-0.1769000000D+00 0.1920000000D-02 0.7239700000D+01 0.2361000000D-01 0.2140000000D-03 0.6860000000D-01 0.6621800000D-01 0.4794500000D+01 0.3473000000D+00 0.4152700000D+01
1 2520131003201310152456568.5-0.4589000000D+00-0.6590000000D-02 0.2386650000D+02 0.5319000000D-01 0.2100000000D-03 0.2263000000D+00 0.3055327000D+01 0.1199300000D+01 0.1186400000D+01 0.5239600000D+01-0.1532000000D+00 0.2190000000D-02 0.7279600000D+01 0.2423000000D-01 0.2300000000D-03 0.6910000000D-01 0.4633718000D+01 0.3272200000D+01 0.4700800000D+01 0.5522000000D+00
1 2620131015201310272456580.5-0.5422000000D+00-0.5130000000D-02 0.2368610000D+02 0.5661000000D-01 0.1920000000D-03 0.2277000000D+00 0.1351652000D+01 0.5889700000D+01 0.3141200000D+01 0.1657100000D+01-0.1306000000D+00 0.2490000000D-02 0.7377100000D+01 0.2499000000D-01 0.2080000000D-03 0.6970000000D-01 0.2917602000D+01 0.1746700000D+01 0.2692800000D+01 0.3211800000D+01
1 2720131027201311082456592.5-0.6101000000D+00-0.3200000000D-02 0.2358740000D+02 0.5718000000D-01 0.5450000000D-03 0.2240000000D+00 0.5930692000D+01 0.4244700000D+01 0.6753000000D+00 0.4350100000D+01-0.9840000000D-01 0.2760000000D-02 0.7527200000D+01 0.2633000000D-01 0.1600000000D-03 0.7220000000D-01 0.1202325000D+01 0.2353000000D+00 0.7791000000D+00 0.5886600000D+01
1 2820131108201311202456604.5-0.6473000000D+00-0.1930000000D-02 0.2356380000D+02 0.5199000000D-01 0.5470000000D-03 0.2245000000D+00 0.4226731000D+01 0.2623600000D+01 0.4822000000D+01 0.7639000000D+00-0.6650000000D-01 0.3000000000D-02 0.7728900000D+01 0.2852000000D-01 0.6800000000D-04 0.7450000000D-01 0.5773159000D+01 0.4979700000D+01 0.5290900000D+01 0.2287900000D+01
1 2920131120201312022456616.5-0.6780000000D+00-0.3700000000D-03 0.2361090000D+02 0.4688000000D-01 0.4200000000D-03 0.2228000000D+00 0.2524324000D+01 0.1072200000D+01 0.2712300000D+01 0.3455400000D+01-0.2770000000D-01 0.3430000000D-02 0.7979700000D+01 0.3121000000D-01 0.1270000000D-03 0.7850000000D-01 0.4065405000D+01 0.3366800000D+01 0.5415600000D+01 0.4979900000D+01
1 3020131202201312142456628.5-0.6722000000D+00 0.1170000000D-02 0.2373800000D+02 0.4194000000D-01 0.2520000000D-03 0.2257000000D+00 0.8235650000D+00 0.5874500000D+01 0.5514000000D+00 0.6139000000D+01 0.1420000000D-01 0.3700000000D-02 0.8277600000D+01 0.3164000000D-01 0.2630000000D-03 0.8090000000D-01 0.2361690000D+01 0.1755400000D+01 0.3598500000D+01 0.1406700000D+01
1 3120131214201312262456640.5-0.6606000000D+00 0.2880000000D-02 0.2393990000D+02 0.4122000000D-01 0.1070000000D-03 0.2287000000D+00 0.5408957000D+01 0.4409000000D+01 0.4828300000D+01 0.2564500000D+01 0.5790000000D-01 0.4120000000D-02 0.8609000000D+01 0.3060000000D-01 0.2740000000D-03 0.8410000000D-01 0.6629160000D+00 0.1917000000D+00 0.1567700000D+01 0.4110900000D+01
1 3220131226201401072456652.5-0.6179000000D+00 0.5180000000D-02 0.2421580000D+02 0.4509000000D-01 0.3030000000D-03 0.2344000000D+00 0.3714581000D+01 0.2889600000D+01 0.5447600000D+01 0.5264500000D+01 0.1083000000D+00 0.4200000000D-02 0.8959200000D+01 0.3100000000D-01 0.1810000000D-03 0.8700000000D-01 0.5253035000D+01 0.4961100000D+01 0.6154600000D+01 0.5472000000D+00
2 3320121231201302192456292.5 0.2180000000D+00 0.6600000000D-03 0.3205670000D+02 0.6699000000D-01 0.4370000000D-03 0.7900000000D-01 0.6279475000D+01 0.5499900000D+01 0.1250400000D+01-0.4472600000D+01 0.2870000000D-01-0.3700000000D-03 0.1034520000D+02 0.2979000000D-01 0.1300000000D-03 0.2680000000D-01 0.1548779000D+01 0.1187800000D+01 0.3917000000D+01-0.2973300000D+01
2 3420130219201304102456342.5 0.2523000000D+00 0.3100000000D-03 0.3478120000D+02 0.6329000000D-01 0.5050000000D-03 0.8470000000D-01 0.3063626000D+01 0.3070700000D+01 0.5422600000D+01-0.4904600000D+01 0.9300000000D-02-0.5400000000D-03 0.1149790000D+02 0.1818000000D-01 0.2530000000D-03 0.2880000000D-01 0.4627824000D+01 0.4638600000D+01 0.1254700000D+01-0.3285900000D+01
2 3520130410201305302456392.5 0.2672000000D+00-0.7700000000D-03 0.3704080000D+02 0.4404000000D-01 0.6660000000D-03 0.9030000000D-01 0.6192118000D+01 0.9433000000D+00 0.3413000000D+01-0.5214900000D+01-0.1940000000D-01-0.4400000000D-03 0.1179930000D+02 0.1102000000D-01 0.1620000000D-03 0.2590000000D-01 0.1462649000D+01 0.4028000000D+01 0.5052500000D+01-0.3635100000D+01
2 3620130530201307192456442.5 0.2262000000D+00-0.1430000000D-02 0.3666140000D+02 0.4289000000D-01 0.5480000000D-03 0.8180000000D-01 0.3048967000D+01 0.5963000000D+01 0.1073600000D+01-0.5616400000D+01-0.4210000000D-01-0.2700000000D-03 0.1099670000D+02 0.2296000000D-01 0.1330000000D-03 0.2490000000D-01 0.4579290000D+01 0.1512800000D+01 0.3862000000D+01-0.4104100000D+01
2 3720130719201309072456492.5 0.1539000000D+00-0.1180000000D-02 0.3406080000D+02 0.7384000000D-01 0.2950000000D-03 0.7790000000D-01 0.6132155000D+01 0.3616500000D+01 0.4987400000D+01-0.6118000000D+01-0.5570000000D-01-0.1900000000D-03 0.1011120000D+02 0.1532000000D-01 0.1570000000D-03 0.2300000000D-01 0.1371510000D+01 0.5282100000D+01 0.9280000000D+00-0.4566100000D+01
2 3820130907201310272456542.5 0.9520000000D-01-0.9400000000D-03 0.3150520000D+02 0.8364000000D-01 0.2360000000D-03 0.7170000000D-01 0.2864723000D+01 0.7849000000D+00 0.2651500000D+01-0.3283000000D+00-0.6540000000D-01-0.1700000000D-03 0.9936700000D+01 0.1780000000D-01 0.1070000000D-03 0.2320000000D-01 0.4406166000D+01 0.3081600000D+01 0.3957700000D+01-0.5094200000D+01
2 3920131027201312162456592.5 0.4920000000D-01-0.8400000000D-03 0.3028270000D+02 0.7984000000D-01 0.2980000000D-03 0.7120000000D-01 0.5845564000D+01 0.4179700000D+01 0.6257400000D+01-0.8581000000D+00-0.7450000000D-01-0.1900000000D-03 0.1043680000D+02 0.2619000000D-01 0.6200000000D-04 0.2520000000D-01 0.1134779000D+01 0.2165000000D+00 0.1168500000D+01-0.5580300000D+01
2 4020131216201402042456642.5 0.8300000000D-02-0.1060000000D-02 0.3080080000D+02 0.7085000000D-01 0.4020000000D-03 0.7210000000D-01 0.2548553000D+01 0.1386700000D+01 0.3437700000D+01-0.1355100000D+01-0.8460000000D-01-0.1100000000D-03 0.1143100000D+02 0.3053000000D-01 0.8500000000D-04 0.2890000000D-01 0.4149819000D+01 0.3488400000D+01 0.5596800000D+01-0.6050500000D+01
3 4120121231201302242456292.5 0.5000000000D-03-0.3000000000D-04 0.3968360000D+02 0.6919000000D-01 0.5840000000D-03 0.5200000000D-02 0.5123130000D+00 0.2180000000D-01 0.1834900000D+01-0.2123200000D+01-0.7000000000D-03-0.2000000000D-04 0.1334260000D+02 0.3783000000D-01 0.1830000000D-03 0.1700000000D-02 0.2028067000D+01 0.1988700000D+01 0.4386500000D+01-0.1574000000D+00
3 4220130224201304202456347.5 0.2000000000D-03-0.6000000000D-04 0.4340730000D+02 0.8778000000D-01 0.7100000000D-03 0.6900000000D-02 0.1337493000D+01 0.1796400000D+01 0.3864100000D+01-0.6219300000D+01-0.2400000000D-02 0.3000000000D-04 0.1501950000D+02 0.2668000000D-01 0.3410000000D-03 0.1900000000D-02 0.2875703000D+01 0.3455400000D+01 0.5852600000D+01-0.4779300000D+01
3 4320130420201306142456402.5-0.4200000000D-02 0.1100000000D-03 0.4610180000D+02 0.8355000000D-01 0.8340000000D-03 0.5300000000D-02 0.2236996000D+01 0.3703700000D+01 0.5933500000D+01-0.4478100000D+01-0.3000000000D-03-0.2000000000D-04 0.1527480000D+02 0.2707000000D-01 0.1580000000D-03 0.2200000000D-02 0.3766148000D+01 0.6049600000D+01 0.1410400000D+01-0.2858800000D+01
3 4420130614201308082456457.5 0.8000000000D-03-0.5000000000D-04 0.4460140000D+02 0.7395000000D-01 0.5960000000D-03 0.5300000000D-02 0.3136898000D+01 0.5853800000D+01 0.1484000000D+01-0.2709000000D+01-0.1100000000D-02 0.0000000000D+00 0.1401310000D+02 0.2804000000D-01 0.1990000000D-03 0.1000000000D-02 0.4649875000D+01 0.1207600000D+01 0.4081300000D+01-0.1268300000D+01
3 4520130808201310022456512.5-0.5000000000D-03-0.2000000000D-04 0.4078590000D+02 0.7728000000D-01 0.3890000000D-03 0.3100000000D-02 0.3962250000D+01 0.1302700000D+01 0.3239100000D+01-0.1134700000D+01-0.1200000000D-02 0.1000000000D-04 0.1304920000D+02 0.7620000000D-02 0.1850000000D-03 0.1100000000D-02 0.5487880000D+01 0.2795800000D+01 0.5066100000D+01-0.6113000000D+01
3 4620131002201311262456567.5-0.1300000000D-02 0.0000000000D+00 0.3800900000D+02 0.7262000000D-01 0.3800000000D-03 0.3900000000D-02 0.4718128000D+01 0.2706600000D+01 0.4769900000D+01-0.6032900000D+01-0.1100000000D-02 0.1000000000D-04 0.1318280000D+02 0.1671000000D-01 0.1150000000D-03 0.1100000000D-02 0.1484000000D-02 0.5514900000D+01 0.6073200000D+01-0.4378800000D+01
3 4720131126201401202456622.5-0.2100000000D-02 0.4000000000D-04 0.3761980000D+02 0.6526000000D-01 0.4840000000D-03 0.3500000000D-02 0.5451822000D+01 0.4153300000D+01 0.6121500000D+01-0.4717800000D+01-0.8000000000D-03 0.0000000000D+00 0.1419550000D+02 0.2877000000D-01 0.9700000000D-04 0.1800000000D-02 0.7796080000D+00 0.2884000000D+00 0.1743800000D+01-0.2921700000D+01
4 4820121231201302192456292.5-0.2280000000D-01 0.1400000000D-03 0.5082190000D+02 0.1072900000D+00 0.6880000000D-03 0.6380000000D-01 0.5307933000D+01 0.4518100000D+01 0.2678000000D+00 0.1309900000D+01 0.5170000000D-01 0.1100000000D-03 0.1642620000D+02 0.4718000000D-01 0.2020000000D-03 0.2190000000D-01 0.5786620000D+00 0.2068000000D+00 0.2955900000D+01 0.2847400000D+01
4 4920130219201304102456342.5-0.2130000000D-01 0.3900000000D-03 0.5513340000D+02 0.1010300000D+00 0.8630000000D-03 0.7100000000D-01 0.6876340000D+00 0.6818000000D+00 0.2995300000D+01 0.4645200000D+01 0.5650000000D-01 0.3000000000D-04 0.1824780000D+02 0.2867000000D-01 0.4090000000D-03 0.2350000000D-01 0.2253526000D+01 0.2244800000D+01 0.5098500000D+01 0.6162400000D+01
4 5020130410201305302456392.5 0.3700000000D-02 0.4900000000D-03 0.5873410000D+02 0.7530000000D-01 0.1026000000D-02 0.7380000000D-01 0.2415813000D+01 0.3501100000D+01 0.5821800000D+01 0.1712900000D+01 0.5840000000D-01-0.5000000000D-04 0.1871520000D+02 0.1891000000D-01 0.2430000000D-03 0.2300000000D-01 0.3970753000D+01 0.1577000000D+00 0.1153800000D+01 0.3248700000D+01
4 5120130530201307192456442.5 0.2700000000D-01 0.2500000000D-03 0.5812270000D+02 0.7483000000D-01 0.8380000000D-03 0.6960000000D-01 0.4163585000D+01 0.5446000000D+00 0.2184500000D+01 0.5042900000D+01 0.5300000000D-01-0.1000000000D-03 0.1743260000D+02 0.3641000000D-01 0.2080000000D-03 0.2190000000D-01 0.5695578000D+01 0.2467600000D+01 0.4997100000D+01 0.2464000000D+00
4 5220130719201309072456492.5 0.3910000000D-01 0.1000000000D-03 0.5401560000D+02 0.1058600000D+00 0.5450000000D-03 0.6210000000D-01 0.5862824000D+01 0.3158800000D+01 0.4745700000D+01 0.2005400000D+01 0.4880000000D-01-0.2000000000D-04 0.1602860000D+02 0.2060000000D-01 0.2590000000D-03 0.1870000000D-01 0.1103991000D+01 0.4774200000D+01 0.6563000000D+00 0.3564000000D+01
4 5320130907201310272456542.5 0.4520000000D-01-0.1500000000D-03 0.4995130000D+02 0.1172400000D+00 0.4280000000D-03 0.5670000000D-01 0.1213374000D+01 0.5341800000D+01 0.8764000000D+00 0.5211800000D+01 0.4670000000D-01 0.7000000000D-04 0.1573660000D+02 0.2274000000D-01 0.1830000000D-03 0.1960000000D-01 0.2755917000D+01 0.1499800000D+01 0.2250900000D+01 0.4914000000D+00
4 5420131027201312162456592.5 0.3570000000D-01 0.0000000000D+00 0.4801500000D+02 0.1151100000D+00 0.4570000000D-03 0.5640000000D-01 0.2806939000D+01 0.1133000000D+01 0.3064600000D+01 0.2150500000D+01 0.5040000000D-01 0.7000000000D-04 0.1653370000D+02 0.3848000000D-01 0.1020000000D-03 0.2000000000D-01 0.4379959000D+01 0.3527000000D+01 0.4141000000D+01 0.3751400000D+01
4 5520131216201402042456642.5 0.3380000000D-01 0.3000000000D-04 0.4882980000D+02 0.1095700000D+00 0.5970000000D-03 0.6080000000D-01 0.4398516000D+01 0.3252800000D+01 0.5246100000D+01 0.5408000000D+01 0.5500000000D-01 0.1400000000D-03 0.1810390000D+02 0.4770000000D-01 0.1170000000D-03 0.2180000000D-01 0.5999798000D+01 0.5356500000D+01 0.1096000000D+01 0.7622000000D+00
5 5620121231201302222456292.5-0.6250000000D-01-0.2000000000D-03 0.7097290000D+02 0.1482000000D+00 0.9670000000D-03 0.3740000000D-01 0.5042221000D+01 0.4273000000D+01 0.3340000000D-01 0.1297700000D+01 0.1300000000D-01-0.2000000000D-04 0.2260700000D+02 0.6529000000D-01 0.2950000000D-03 0.1190000000D-01 0.3261010000D+00 0.6244300000D+01 0.2707000000D+01 0.2824300000D+01
5 5720130222201304162456345.5-0.7400000000D-01-0.3000000000D-04 0.7735940000D+02 0.1416000000D+00 0.1273000000D-02 0.4190000000D-01 0.3329903000D+01 0.3406900000D+01 0.5711900000D+01 0.4179100000D+01 0.1290000000D-01-0.1000000000D-04 0.2522450000D+02 0.3669000000D-01 0.5780000000D-03 0.1300000000D-01 0.4907603000D+01 0.4987100000D+01 0.1479700000D+01 0.5807300000D+01
5 5820130416201306082456398.5-0.7710000000D-01 0.1500000000D-03 0.8227380000D+02 0.1114800000D+00 0.1424000000D-02 0.4130000000D-01 0.1690156000D+01 0.2983700000D+01 0.5205300000D+01 0.9234000000D+00 0.1450000000D-01-0.7000000000D-04 0.2564230000D+02 0.3509000000D-01 0.2620000000D-03 0.1320000000D-01 0.3255407000D+01 0.5779100000D+01 0.6478000000D+00 0.2423000000D+01
5 5920130608201307312456451.5-0.7110000000D-01 0.1700000000D-03 0.8037180000D+02 0.1193600000D+00 0.1070000000D-02 0.4030000000D-01 0.6695800000D-01 0.2827600000D+01 0.4560500000D+01 0.3894100000D+01 0.1240000000D-01-0.2000000000D-04 0.2353920000D+02 0.4885000000D-01 0.3390000000D-03 0.1140000000D-01 0.1609716000D+01 0.4637900000D+01 0.1033700000D+01 0.5440100000D+01
5 6020130731201309222456504.5-0.6530000000D-01 0.1000000000D-03 0.7389910000D+02 0.1459800000D+00 0.7300000000D-03 0.3450000000D-01 0.4667538000D+01 0.2022500000D+01 0.3749200000D+01 0.4820000000D+00 0.1170000000D-01-0.1000000000D-04 0.2177180000D+02 0.2091000000D-01 0.3440000000D-03 0.1090000000D-01 0.6207414000D+01 0.3799900000D+01 0.5726000000D+01 0.2038700000D+01
5 6120130922201311142456557.5-0.6100000000D-01-0.4000000000D-04 0.6856360000D+02 0.1519600000D+00 0.6210000000D-03 0.3170000000D-01 0.2915203000D+01 0.8694000000D+00 0.2694900000D+01 0.3315700000D+01 0.1040000000D-01 0.0000000000D+00 0.2183020000D+02 0.3555000000D-01 0.2250000000D-03 0.1080000000D-01 0.4477841000D+01 0.3451000000D+01 0.3955000000D+01 0.4877600000D+01
5 6220131114201401062456610.5-0.6360000000D-01-0.1600000000D-03 0.6700870000D+02 0.1505600000D+00 0.7040000000D-03 0.3130000000D-01 0.1127692000D+01 0.5916900000D+01 0.1541600000D+01 0.6114800000D+01 0.9700000000D-02 0.0000000000D+00 0.2342370000D+02 0.5830000000D-01 0.1110000000D-03 0.1150000000D-01 0.2720612000D+01 0.1963000000D+01 0.2973500000D+01 0.1410800000D+01
6 6320121231201301182456292.5-0.6967800000D+01 0.9989000000D-01 0.1634104000D+03 0.3260700000D+00 0.0000000000D+00 0.2408300000D+01 0.3194819000D+01 0.2968000000D+01 0.0000000000D+00 0.4156100000D+01 0.1315400000D+01-0.2750000000D-02 0.5268180000D+02 0.1335900000D+00 0.0000000000D+00 0.7887000000D+00 0.4769285000D+01 0.4575300000D+01 0.0000000000D+00 0.5760700000D+01
6 6420130118201302052456310.5-0.5536800000D+01-0.7952000000D-01 0.1696828000D+03 0.2469300000D+00 0.0000000000D+00 0.2576600000D+01 0.3988085000D+01 0.3507000000D+01 0.0000000000D+00 0.5783000000D+01 0.1523300000D+01-0.2549000000D-01 0.5507270000D+02 0.1066700000D+00 0.0000000000D+00 0.8232000000D+00 0.5562701000D+01 0.5622100000D+01 0.0000000000D+00 0.1071400000D+01
6 6520130205201302232456328.5-0.6720500000D+01 0.2523000000D-01 0.1740660000D+03 0.3259900000D+00 0.0000000000D+00 0.2621500000D+01 0.4788979000D+01 0.4663500000D+01 0.0000000000D+00 0.1131900000D+01 0.1089400000D+01 0.2624000000D-01 0.5739810000D+02 0.8496000000D-01 0.0000000000D+00 0.8817000000D+00 0.8925600000D-01 0.6078600000D+01 0.0000000000D+00 0.2701800000D+01
6 6620130223201303132456346.5-0.6970000000D+01 0.4466000000D-01 0.1794778000D+03 0.3165300000D+00 0.0000000000D+00 0.2716300000D+01 0.5597301000D+01 0.5695700000D+01 0.0000000000D+00 0.2749900000D+01 0.1674500000D+01-0.3682000000D-01 0.5852660000D+02 0.1014300000D+00 0.0000000000D+00 0.8900000000D+00 0.8952950000D+00 0.1208700000D+01 0.0000000000D+00 0.4362800000D+01
6 6720130313201303312456364.5-0.5579600000D+01-0.1313500000D+00 0.1836498000D+03 0.3968800000D+00 0.0000000000D+00 0.2763700000D+01 0.1239260000D+00 0.8964000000D+00 0.0000000000D+00 0.4416500000D+01 0.1188400000D+01 0.1715000000D-01 0.5999760000D+02 0.5703000000D-01 0.0000000000D+00 0.8707000000D+00 0.1706115000D+01 0.3149400000D+01 0.0000000000D+00 0.5977200000D+01
6 6820130331201304182456382.5-0.7547100000D+01 0.7281000000D-01 0.1893342000D+03 0.2358200000D+00 0.0000000000D+00 0.2694500000D+01 0.9513250000D+00 0.2327100000D+01 0.0000000000D+00 0.6042400000D+01 0.1170800000D+01 0.2690000000D-01 0.6022200000D+02 0.8539000000D-01 0.0000000000D+00 0.8736000000D+00 0.2525718000D+01 0.4597000000D+01 0.0000000000D+00 0.1334900000D+01
6 6920130418201305062456400.5-0.6506900000D+01-0.3238000000D-01 0.1906265000D+03 0.2368700000D+00 0.0000000000D+00 0.2734100000D+01 0.1785163000D+01 0.3178700000D+01 0.0000000000D+00 0.1374300000D+01 0.1619400000D+01-0.2044000000D-01 0.5983500000D+02 0.9514000000D-01 0.0000000000D+00 0.8361000000D+00 0.3355411000D+01 0.6118700000D+01 0.0000000000D+00 0.2967700000D+01
6 7020130506201305242456418.5-0.7049400000D+01 0.4819000000D-01 0.1908687000D+03 0.2909300000D+00 0.0000000000D+00 0.2765000000D+01 0.2614499000D+01 0.4565800000D+01 0.0000000000D+00 0.3021100000D+01 0.1208300000D+01 0.2397000000D-01 0.5805810000D+02 0.8977000000D-01 0.0000000000D+00 0.8201000000D+00 0.4179487000D+01 0.4594000000D+00 0.0000000000D+00 0.4565400000D+01
6 7120130524201306112456436.5-0.6965500000D+01 0.7325000000D-01 0.1886914000D+03 0.3015400000D+00 0.0000000000D+00 0.2712600000D+01 0.3444942000D+01 0.5679900000D+01 0.0000000000D+00 0.4651100000D+01 0.1622800000D+01-0.2623000000D-01 0.5660070000D+02 0.1347800000D+00 0.0000000000D+00 0.8249000000D+00 0.4997973000D+01 0.1502100000D+01 0.0000000000D+00 0.6198900000D+01
6 7220130611201306292456454.5-0.5161100000D+01-0.1145800000D+00 0.1865389000D+03 0.4032100000D+00 0.0000000000D+00 0.2759300000D+01 0.4270967000D+01 0.9173000000D+00 0.0000000000D+00 0.6280100000D+01 0.1242800000D+01 0.1099000000D-01 0.5463780000D+02 0.1009200000D+00 0.0000000000D+00 0.7945000000D+00 0.5823333000D+01 0.2650500000D+01 0.0000000000D+00 0.1565500000D+01
6 7320130629201307172456472.5-0.6848200000D+01 0.8819000000D-01 0.1803053000D+03 0.2492300000D+00 0.0000000000D+00 0.2685400000D+01 0.5095624000D+01 0.2192500000D+01 0.0000000000D+00 0.1664600000D+01 0.1155500000D+01 0.2133000000D-01 0.5297600000D+02 0.8751000000D-01 0.0000000000D+00 0.7772000000D+00 0.3551760000D+00 0.3717600000D+01 0.0000000000D+00 0.3179300000D+01
6 7420130717201308042456490.5-0.5582500000D+01-0.3003000000D-01 0.1749958000D+03 0.2855300000D+00 0.0000000000D+00 0.2532300000D+01 0.5898443000D+01 0.2875600000D+01 0.0000000000D+00 0.3279500000D+01 0.1563300000D+01-0.2762000000D-01 0.5122740000D+02 0.2434000000D-01 0.0000000000D+00 0.7659000000D+00 0.1164199000D+01 0.4959500000D+01 0.0000000000D+00 0.4832500000D+01
6 7520130804201308222456508.5-0.5585400000D+01-0.2314000000D-01 0.1697941000D+03 0.2857200000D+00 0.0000000000D+00 0.2467800000D+01 0.4163170000D+00 0.3947000000D+01 0.0000000000D+00 0.4883700000D+01 0.1070100000D+01 0.2440000000D-01 0.5074980000D+02 0.4021000000D-01 0.0000000000D+00 0.7262000000D+00 0.1961479000D+01 0.5361600000D+01 0.0000000000D+00 0.1642000000D+00
6 7620130822201309092456526.5-0.6763200000D+01 0.1283700000D+00 0.1663038000D+03 0.4215800000D+00 0.0000000000D+00 0.2311300000D+01 0.1208180000D+01 0.4888900000D+01 0.0000000000D+00 0.2120000000D+00 0.1467400000D+01-0.2170000000D-01 0.5045020000D+02 0.6315000000D-01 0.0000000000D+00 0.7207000000D+00 0.2768433000D+01 0.1213600000D+01 0.0000000000D+00 0.1728400000D+01
6 7720130909201309272456544.5-0.4644500000D+01-0.1018900000D+00 0.1608334000D+03 0.3690400000D+00 0.0000000000D+00 0.2230400000D+01 0.2002730000D+01 0.9220000000D-01 0.0000000000D+00 0.1745500000D+01 0.1388800000D+01-0.1992000000D-01 0.5061120000D+02 0.7740000000D-01 0.0000000000D+00 0.7254000000D+00 0.3561172000D+01 0.2312700000D+01 0.0000000000D+00 0.3332700000D+01
6 7820130927201310152456562.5-0.5762800000D+01 0.7780000000D-02 0.1577274000D+03 0.2959700000D+00 0.0000000000D+00 0.2262800000D+01 0.2775333000D+01 0.8606000000D+00 0.0000000000D+00 0.3330700000D+01 0.9451000000D+00 0.2870000000D-01 0.5081770000D+02 0.1102000000D+00 0.0000000000D+00 0.7257000000D+00 0.4350736000D+01 0.3694100000D+01 0.0000000000D+00 0.4890700000D+01
6 7920131015201311022456580.5-0.5929400000D+01 0.2169000000D-01 0.1556529000D+03 0.2835400000D+00 0.0000000000D+00 0.2228400000D+01 0.3550433000D+01 0.1862200000D+01 0.0000000000D+00 0.4912600000D+01 0.1466800000D+01-0.3072000000D-01 0.5221450000D+02 0.7409000000D-01 0.0000000000D+00 0.7756000000D+00 0.5128763000D+01 0.4396700000D+01 0.0000000000D+00 0.1923000000D+00
6 8020131102201311202456598.5-0.5198200000D+01-0.7608000000D-01 0.1556776000D+03 0.3217300000D+00 0.0000000000D+00 0.2279100000D+01 0.4323303000D+01 0.2569500000D+01 0.0000000000D+00 0.2028000000D+00 0.1038300000D+01 0.1346000000D-01 0.5359760000D+02 0.1257100000D+00 0.0000000000D+00 0.7994000000D+00 0.5920278000D+01 0.5087200000D+01 0.0000000000D+00 0.1820700000D+01
6 8120131120201312082456616.5-0.6699600000D+01 0.7616000000D-01 0.1550651000D+03 0.3889900000D+00 0.0000000000D+00 0.2315000000D+01 0.5102507000D+01 0.3874500000D+01 0.0000000000D+00 0.1825900000D+01 0.1068100000D+01 0.1133000000D-01 0.5525770000D+02 0.1344600000D+00 0.0000000000D+00 0.8209000000D+00 0.4190180000D+00 0.5948900000D+01 0.0000000000D+00 0.3409000000D+01
6 8220131208201312262456634.5-0.5721800000D+01-0.4649000000D-01 0.1566118000D+03 0.2816500000D+00 0.0000000000D+00 0.2267800000D+01 0.5869348000D+01 0.4851500000D+01 0.0000000000D+00 0.3418000000D+01 0.1351100000D+01-0.2250000000D-01 0.5689720000D+02 0.1596600000D+00 0.0000000000D+00 0.8573000000D+00 0.1202507000D+01 0.6903000000D+00 0.0000000000D+00 0.5024700000D+01
6 8320131226201401132456652.5-0.6293900000D+01-0.7740000000D-02 0.1595119000D+03 0.3081500000D+00 0.0000000000D+00 0.2312100000D+01 0.3656830000D+00 0.5754700000D+01 0.0000000000D+00 0.4996100000D+01 0.8965000000D+00 0.2704000000D-01 0.5934050000D+02 0.1165200000D+00 0.0000000000D+00 0.8580000000D+00 0.1982072000D+01 0.1555400000D+01 0.0000000000D+00 0.3526000000D+00
7 8420121231201301122456292.5-0.4544010000D+02 0.1074676000D+02 0.1710174000D+03 0.8592640000D+01 0.0000000000D+00 0.1064800000D+01 0.3815666000D+01 0.1566500000D+01 0.0000000000D+00 0.3612700000D+01 0.1233370000D+02-0.4706000000D-01 0.6256490000D+02 0.3811910000D+01 0.0000000000D+00 0.3002000000D+00 0.5543597000D+01 0.3383200000D+01 0.0000000000D+00 0.4091600000D+01
7 8520130112201301242456304.5 0.9585690000D+02-0.1158620000D+02 0.1359513000D+03 0.6979090000D+01 0.0000000000D+00 0.1711800000D+01 0.1092871000D+01 0.5868300000D+01 0.0000000000D+00 0.2808200000D+01-0.6669300000D+01-0.3122900000D+00 0.5397690000D+02 0.3661690000D+01 0.0000000000D+00 0.4914000000D+00 0.2831805000D+01 0.1109200000D+01 0.0000000000D+00 0.5162300000D+01
7 8620130124201302052456316.5 0.8249400000D+01 0.5516890000D+01 0.1907447000D+03 0.1303804000D+02 0.0000000000D+00 0.2614000000D+00 0.4808569000D+01 0.2693900000D+01 0.0000000000D+00 0.2510900000D+01 0.2023930000D+02-0.1750470000D+01 0.6449090000D+02 0.4415530000D+01 0.0000000000D+00 0.1591000000D+00 0.3766300000D-01 0.4134400000D+01 0.0000000000D+00 0.2566600000D+01
7 8720130205201302172456328.5 0.3861580000D+02-0.6508550000D+01 0.1745853000D+03 0.9813860000D+01 0.0000000000D+00 0.3177200000D+01 0.1992876000D+01 0.2513000000D+00 0.0000000000D+00 0.5162300000D+01-0.2160000000D+02 0.2872440000D+01 0.5792140000D+02 0.2743380000D+01 0.0000000000D+00 0.1063500000D+01 0.3414610000D+01 0.1460300000D+01 0.0000000000D+00 0.2004000000D+00
7 8820130217201303012456340.5 0.3989280000D+02 0.2026730000D+01 0.1986616000D+03 0.1546023000D+02 0.0000000000D+00 0.8193000000D+00 0.5658362000D+01 0.3635900000D+01 0.0000000000D+00 0.3006400000D+01 0.1732760000D+02-0.2046580000D+01 0.6001160000D+02 0.4435530000D+01 0.0000000000D+00 0.1466000000D+00 0.9225560000D+00 0.5177700000D+01 0.0000000000D+00 0.4258100000D+01
7 8920130301201303132456352.5-0.1147860000D+02 0.4155200000D+00 0.2048522000D+03 0.1137685000D+02 0.0000000000D+00 0.3729000000D+01 0.2780024000D+01 0.8398000000D+00 0.0000000000D+00 0.5914000000D+00-0.1717030000D+02 0.3610810000D+01 0.5462570000D+02 0.2301900000D+01 0.0000000000D+00 0.9189000000D+00 0.4329400000D+01 0.2479600000D+01 0.0000000000D+00 0.2392000000D+01
7 9020130313201303252456364.5 0.6257140000D+02-0.1404880000D+01 0.1945777000D+03 0.1528355000D+02 0.0000000000D+00 0.4164000000D+00 0.1666460000D+00 0.4571000000D+01 0.0000000000D+00 0.3769300000D+01 0.1412390000D+02-0.2486510000D+01 0.5463140000D+02 0.4196280000D+01 0.0000000000D+00 0.1000000000D+00 0.1814107000D+01 0.1850000000D-01 0.0000000000D+00 0.1000800000D+01
7 9120130325201304062456376.5-0.5965230000D+02 0.1147218000D+02 0.2049782000D+03 0.1007923000D+02 0.0000000000D+00 0.1124100000D+01 0.3454078000D+01 0.1164300000D+01 0.0000000000D+00 0.2953100000D+01 0.4157800000D+01 0.1432330000D+01 0.6582900000D+02 0.3629310000D+01 0.0000000000D+00 0.6305000000D+00 0.5271227000D+01 0.3205500000D+01 0.0000000000D+00 0.3956500000D+01
7 9220130406201304182456388.5 0.1029152000D+03-0.1065541000D+02 0.1665030000D+03 0.9043730000D+01 0.0000000000D+00 0.1876400000D+01 0.8211390000D+00 0.5457600000D+01 0.0000000000D+00 0.2526500000D+01 0.2942500000D+01-0.1712170000D+01 0.5624160000D+02 0.4077460000D+01 0.0000000000D+00 0.2610000000D+00 0.2646132000D+01 0.9796000000D+00 0.0000000000D+00 0.4726200000D+01
7 9320130418201304302456400.5-0.4926800000D+01 0.7119940000D+01 0.2103899000D+03 0.1332234000D+02 0.0000000000D+00 0.2706000000D+00 0.4539456000D+01 0.2404500000D+01 0.0000000000D+00 0.3877800000D+01 0.2009260000D+02-0.1406670000D+01 0.7023090000D+02 0.4655670000D+01 0.0000000000D+00 0.1353000000D+00 0.6078679000D+01 0.3862900000D+01 0.0000000000D+00 0.2142600000D+01
7 9420130430201305122456412.5 0.6144430000D+02-0.9224410000D+01 0.1790718000D+03 0.9453710000D+01 0.0000000000D+00 0.2881000000D+01 0.1783337000D+01 0.1230000000D+00 0.0000000000D+00 0.4748100000D+01-0.1964190000D+02 0.2291420000D+01 0.6052560000D+02 0.2971820000D+01 0.0000000000D+00 0.1104200000D+01 0.3219238000D+01 0.1250500000D+01 0.0000000000D+00 0.6110200000D+01
7 9520130512201305242456424.5 0.3318770000D+02 0.2987390000D+01 0.2124517000D+03 0.1597181000D+02 0.0000000000D+00 0.7329000000D+00 0.5488474000D+01 0.3441600000D+01 0.0000000000D+00 0.2751500000D+01 0.1730870000D+02-0.1743740000D+01 0.6073410000D+02 0.4389620000D+01 0.0000000000D+00 0.1642000000D+00 0.7270810000D+00 0.4933400000D+01 0.0000000000D+00 0.3742800000D+01
7 9620130524201306052456436.5 0.1217800000D+01-0.1625490000D+01 0.2085308000D+03 0.1155658000D+02 0.0000000000D+00 0.4012600000D+01 0.2656660000D+01 0.7498000000D+00 0.0000000000D+00 0.3369000000D+00-0.1677570000D+02 0.3143990000D+01 0.5316150000D+02 0.2293210000D+01 0.0000000000D+00 0.8919000000D+00 0.4139287000D+01 0.2216300000D+01 0.0000000000D+00 0.1951300000D+01
7 9720130605201306172456448.5 0.5572910000D+02-0.2258600000D+00 0.1977526000D+03 0.1552789000D+02 0.0000000000D+00 0.5426000000D+00 0.5511400000D-01 0.4425500000D+01 0.0000000000D+00 0.3716100000D+01 0.1439330000D+02-0.2202910000D+01 0.5087420000D+02 0.3823980000D+01 0.0000000000D+00 0.5030000000D-01 0.1640745000D+01 0.6072200000D+01 0.0000000000D+00 0.4851000000D+00
7 9820130617201306292456460.5-0.5651050000D+02 0.9986790000D+01 0.2036758000D+03 0.1013205000D+02 0.0000000000D+00 0.1136400000D+01 0.3330824000D+01 0.1040900000D+01 0.0000000000D+00 0.2448500000D+01-0.1441400000D+01 0.1988330000D+01 0.5542890000D+02 0.2855350000D+01 0.0000000000D+00 0.6797000000D+00 0.5122042000D+01 0.3114300000D+01 0.0000000000D+00 0.3834500000D+01
7 9920130629201307112456472.5 0.9363240000D+02-0.8621880000D+01 0.1636437000D+03 0.9618270000D+01 0.0000000000D+00 0.1554400000D+01 0.7183060000D+00 0.5276000000D+01 0.0000000000D+00 0.2438900000D+01 0.6772400000D+01-0.2000640000D+01 0.4754470000D+02 0.3577000000D+01 0.0000000000D+00 0.1200000000D+00 0.2523360000D+01 0.8735000000D+00 0.0000000000D+00 0.4093400000D+01
710020130711201307232456484.5-0.1497810000D+02 0.7507580000D+01 0.1910251000D+03 0.1163933000D+02 0.0000000000D+00 0.4041000000D+00 0.4373837000D+01 0.2206200000D+01 0.0000000000D+00 0.4193000000D+01 0.1709740000D+02-0.9957900000D+00 0.6187470000D+02 0.4084220000D+01 0.0000000000D+00 0.9190000000D-01 0.5916826000D+01 0.3692500000D+01 0.0000000000D+00 0.2112200000D+01
710120130723201308042456496.5 0.7062510000D+02-0.1005775000D+02 0.1522610000D+03 0.7691740000D+01 0.0000000000D+00 0.2248500000D+01 0.1607839000D+01 0.2400000000D-02 0.0000000000D+00 0.4365000000D+01-0.1525050000D+02 0.1603620000D+01 0.5336020000D+02 0.2775960000D+01 0.0000000000D+00 0.9656000000D+00 0.3067516000D+01 0.1129000000D+01 0.0000000000D+00 0.5849500000D+01
710220130804201308162456508.5 0.2170260000D+02 0.3606010000D+01 0.1871896000D+03 0.1398913000D+02 0.0000000000D+00 0.6218000000D+00 0.5315224000D+01 0.3246000000D+01 0.0000000000D+00 0.2531700000D+01 0.1655730000D+02-0.1492650000D+01 0.5445810000D+02 0.3956320000D+01 0.0000000000D+00 0.1638000000D+00 0.5268400000D+00 0.4709300000D+01 0.0000000000D+00 0.3501400000D+01
710320130816201308282456520.5 0.1216300000D+02-0.3302090000D+01 0.1785434000D+03 0.1004113000D+02 0.0000000000D+00 0.3608400000D+01 0.2474809000D+01 0.6022000000D+00 0.0000000000D+00 0.4030000000D-01-0.1518090000D+02 0.2693920000D+01 0.4903150000D+02 0.2239040000D+01 0.0000000000D+00 0.8739000000D+00 0.3914284000D+01 0.1965700000D+01 0.0000000000D+00 0.1523100000D+01
710420130828201309092456532.5 0.4241820000D+02 0.9677600000D+00 0.1733331000D+03 0.1393702000D+02 0.0000000000D+00 0.6176000000D+00 0.6132612000D+01 0.4195800000D+01 0.0000000000D+00 0.3641900000D+01 0.1474610000D+02-0.1933550000D+01 0.4756970000D+02 0.3634860000D+01 0.0000000000D+00 0.6040000000D-01 0.1397919000D+01 0.5790200000D+01 0.0000000000D+00 0.5741600000D+01
710520130909201309212456544.5-0.4536490000D+02 0.6774430000D+01 0.1844961000D+03 0.9678120000D+01 0.0000000000D+00 0.1323400000D+01 0.3104359000D+01 0.8670000000D+00 0.0000000000D+00 0.1705900000D+01-0.6511100000D+01 0.2705680000D+01 0.4823780000D+02 0.2248300000D+01 0.0000000000D+00 0.7349000000D+00 0.4853514000D+01 0.2931700000D+01 0.0000000000D+00 0.3624100000D+01
710620130921201310032456556.5 0.7379340000D+02-0.5171630000D+01 0.1526411000D+03 0.1028657000D+02 0.0000000000D+00 0.9957000000D+00 0.4828790000D+00 0.4985600000D+01 0.0000000000D+00 0.2295900000D+01 0.1179240000D+02-0.2422090000D+01 0.4345600000D+02 0.3405120000D+01 0.0000000000D+00 0.1471000000D+00 0.2265835000D+01 0.6550000000D+00 0.0000000000D+00 0.2631900000D+01
710720131003201310152456568.5-0.3111310000D+02 0.8150140000D+01 0.1679230000D+03 0.9827760000D+01 0.0000000000D+00 0.5617000000D+00 0.3996068000D+01 0.1775400000D+01 0.0000000000D+00 0.4206600000D+01 0.1610720000D+02-0.4746200000D+00 0.6220150000D+02 0.4102140000D+01 0.0000000000D+00 0.6100000000D-01 0.5644108000D+01 0.3434500000D+01 0.0000000000D+00 0.2980600000D+01
710820131015201310272456580.5 0.8342340000D+02-0.1099245000D+02 0.1285728000D+03 0.5641600000D+01 0.0000000000D+00 0.1979700000D+01 0.1173369000D+01 0.5907900000D+01 0.0000000000D+00 0.3550000000D+01-0.9750500000D+01 0.6758000000D+00 0.5454860000D+02 0.3129170000D+01 0.0000000000D+00 0.9275000000D+00 0.2821005000D+01 0.9769000000D+00 0.0000000000D+00 0.5477800000D+01
710920131027201311082456592.5 0.5111100000D+01 0.4726620000D+01 0.1685931000D+03 0.1242684000D+02 0.0000000000D+00 0.4694000000D+00 0.4936437000D+01 0.2848800000D+01 0.0000000000D+00 0.2132800000D+01 0.1965040000D+02-0.1381430000D+01 0.5931280000D+02 0.4358510000D+01 0.0000000000D+00 0.2092000000D+00 0.1846220000D+00 0.4337400000D+01 0.0000000000D+00 0.3143400000D+01
711020131108201311202456604.5 0.2830160000D+02-0.5548020000D+01 0.1585745000D+03 0.8793780000D+01 0.0000000000D+00 0.3390800000D+01 0.2082779000D+01 0.2719000000D+00 0.0000000000D+00 0.5748400000D+01-0.1563590000D+02 0.2523630000D+01 0.5559450000D+02 0.2747990000D+01 0.0000000000D+00 0.1101100000D+01 0.3546280000D+01 0.1576900000D+01 0.0000000000D+00 0.9018000000D+00
711120131120201312022456616.5 0.2681100000D+02 0.2626700000D+01 0.1642527000D+03 0.1345161000D+02 0.0000000000D+00 0.7080000000D+00 0.5741969000D+01 0.3785300000D+01 0.0000000000D+00 0.3366800000D+01 0.1951120000D+02-0.1946330000D+01 0.5439370000D+02 0.4225900000D+01 0.0000000000D+00 0.1236000000D+00 0.1002972000D+01 0.5334800000D+01 0.0000000000D+00 0.4760600000D+01
711220131202201312142456628.5-0.2334810000D+02 0.1653070000D+01 0.1804184000D+03 0.9868930000D+01 0.0000000000D+00 0.2463100000D+01 0.2772113000D+01 0.6980000000D+00 0.0000000000D+00 0.1038900000D+01-0.1502880000D+02 0.3987830000D+01 0.5049030000D+02 0.1911180000D+01 0.0000000000D+00 0.8387000000D+00 0.4361612000D+01 0.2436700000D+01 0.0000000000D+00 0.3164500000D+01
711320131214201312262456640.5 0.5091900000D+02-0.8424800000D+00 0.1595728000D+03 0.1259390000D+02 0.0000000000D+00 0.2207000000D+00 0.1453230000D+00 0.4627400000D+01 0.0000000000D+00 0.2513500000D+01 0.2026430000D+02-0.3012120000D+01 0.4812260000D+02 0.3736280000D+01 0.0000000000D+00 0.2389000000D+00 0.1815421000D+01 0.1777000000D+00 0.0000000000D+00 0.1984200000D+01
711420131226201401072456652.5-0.5292750000D+02 0.9285300000D+01 0.1794937000D+03 0.1026779000D+02 0.0000000000D+00 0.7261000000D+00 0.3441243000D+01 0.1132800000D+01 0.0000000000D+00 0.3895800000D+01 0.1177000000D+02 0.8673300000D+00 0.6906960000D+02 0.4304630000D+01 0.0000000000D+00 0.2577000000D+00 0.5251858000D+01 0.3085700000D+01 0.0000000000D+00 0.4053500000D+01
811520121231201302052456292.5 0.1436280000D+02-0.5111600000D+00 0.4795901000D+03 0.0000000000D+00 0.0000000000D+00 0.1057890000D+02 0.5292685000D+01 0.0000000000D+00 0.0000000000D+00 0.1531100000D+01 0.8059100000D+01-0.2930900000D+00 0.1730522000D+03 0.0000000000D+00 0.0000000000D+00 0.3412600000D+01 0.1343725000D+01 0.0000000000D+00 0.0000000000D+00 0.4049900000D+01
811620130205201303132456328.5-0.3214910000D+02 0.5343200000D+00 0.5133727000D+03 0.0000000000D+00 0.0000000000D+00 0.6951900000D+01 0.1854178000D+01 0.0000000000D+00 0.0000000000D+00 0.6242000000D+00 0.6201700000D+01 0.3071600000D+00 0.1849708000D+03 0.0000000000D+00 0.0000000000D+00 0.3600900000D+01 0.4185740000D+01 0.0000000000D+00 0.0000000000D+00 0.3011400000D+01
811720130313201304182456364.5 0.8755200000D+01-0.5283000000D+00 0.5397540000D+03 0.0000000000D+00 0.0000000000D+00 0.6054700000D+01 0.4737943000D+01 0.0000000000D+00 0.0000000000D+00 0.9610000000D+00 0.3600400000D+01 0.4790000000D-02 0.1974171000D+03 0.0000000000D+00 0.0000000000D+00 0.1914800000D+01 0.8025670000D+00 0.0000000000D+00 0.0000000000D+00 0.3336400000D+01
811820130418201305242456400.5-0.2217860000D+02 0.6424200000D+00 0.5455001000D+03 0.0000000000D+00 0.0000000000D+00 0.1380170000D+02 0.1366772000D+01 0.0000000000D+00 0.0000000000D+00 0.6265300000D+01 0.1698770000D+02-0.3548900000D+00 0.1997647000D+03 0.0000000000D+00 0.0000000000D+00 0.4729400000D+01 0.3733918000D+01 0.0000000000D+00 0.0000000000D+00 0.2289800000D+01
811920130524201306292456436.5 0.1312310000D+02-0.1446740000D+01 0.5415577000D+03 0.0000000000D+00 0.0000000000D+00 0.7792200000D+01 0.4286205000D+01 0.0000000000D+00 0.0000000000D+00 0.5525400000D+01-0.3540800000D+01 0.4970300000D+00 0.1922991000D+03 0.0000000000D+00 0.0000000000D+00 0.2552900000D+01 0.3608460000D+00 0.0000000000D+00 0.0000000000D+00 0.1572600000D+01
812020130629201308042456472.5-0.2232850000D+02 0.1309570000D+01 0.5041781000D+03 0.0000000000D+00 0.0000000000D+00 0.5833300000D+01 0.8740110000D+00 0.0000000000D+00 0.0000000000D+00 0.5255900000D+01 0.1352070000D+02-0.3760300000D+00 0.1784590000D+03 0.0000000000D+00 0.0000000000D+00 0.2428700000D+01 0.3206689000D+01 0.0000000000D+00 0.0000000000D+00 0.1463500000D+01
812120130804201309092456508.5-0.2460700000D+01-0.8560200000D+00 0.4644016000D+03 0.0000000000D+00 0.0000000000D+00 0.9844200000D+01 0.3693818000D+01 0.0000000000D+00 0.0000000000D+00 0.4628500000D+01 0.4700000000D-01 0.4515300000D+00 0.1667160000D+03 0.0000000000D+00 0.0000000000D+00 0.3011000000D+01 0.6033122000D+01 0.0000000000D+00 0.0000000000D+00 0.7045000000D+00
812220130909201310152456544.5-0.4067700000D+01 0.4260800000D+00 0.4366199000D+03 0.0000000000D+00 0.0000000000D+00 0.4882700000D+01 0.1876490000D+00 0.0000000000D+00 0.0000000000D+00 0.3398900000D+01 0.1339710000D+02-0.4957200000D+00 0.1586512000D+03 0.0000000000D+00 0.0000000000D+00 0.2647900000D+01 0.2531038000D+01 0.0000000000D+00 0.0000000000D+00 0.5931600000D+01
812320131015201311202456580.5-0.7732200000D+01-0.7560400000D+00 0.4235207000D+03 0.0000000000D+00 0.0000000000D+00 0.6544600000D+01 0.2970728000D+01 0.0000000000D+00 0.0000000000D+00 0.3725200000D+01 0.1604600000D+01 0.4099300000D+00 0.1575536000D+03 0.0000000000D+00 0.0000000000D+00 0.2378400000D+01 0.5284164000D+01 0.0000000000D+00 0.0000000000D+00 0.5946900000D+01
812420131120201312262456616.5-0.3101700000D+01 0.3096800000D+00 0.4303072000D+03 0.0000000000D+00 0.0000000000D+00 0.8947700000D+01 0.5719106000D+01 0.0000000000D+00 0.0000000000D+00 0.2210700000D+01 0.8433400000D+01-0.2175800000D+00 0.1636395000D+03 0.0000000000D+00 0.0000000000D+00 0.3332100000D+01 0.1754330000D+01 0.0000000000D+00 0.0000000000D+00 0.4487200000D+01
812520131226201401312456652.5-0.2516710000D+02 0.1620000000D-01 0.4556733000D+03 0.0000000000D+00 0.0000000000D+00 0.3909400000D+01 0.2209823000D+01 0.0000000000D+00 0.0000000000D+00 0.2315300000D+01 0.4225800000D+01 0.3200700000D+00 0.1694697000D+03 0.0000000000D+00 0.0000000000D+00 0.1712600000D+01 0.4536501000D+01 0.0000000000D+00 0.0000000000D+00 0.4334600000D+01
