 7 5    2   18   22   26   31  4.4880  2.4930  1.5162  0.7217  0.4667 24.0 110.0 100.0 75.0 75.0   35 2451178.5000 1999                                                                                                                                                                                                                                                          
1  219981231199901242451178.4-0.9100000000D-02 0.6000000000D-04 0.5682000000D+01 0.2712900000D+00 0.5204000000D-02 0.2700000000D-02 0.1413414000D+01 0.6044700000D+01 0.3960600000D+01 0.5375500000D+01 0.1470000000D-01-0.2900000000D-03 0.8638100000D+01 0.4039800000D+00 0.7665000000D-02 0.4500000000D-02 0.3099511000D+01 0.1470900000D+01 0.5700000000D+01 0.1361900000D+01
1  319990124199902172451202.4-0.9200000000D-02 0.9000000000D-04 0.5505100000D+01 0.2621400000D+00 0.5013000000D-02 0.3000000000D-02 0.1265557000D+01 0.5902000000D+01 0.3823200000D+01 0.5168200000D+01 0.1540000000D-01-0.3300000000D-03 0.8570100000D+01 0.3991200000D+00 0.7563000000D-02 0.3800000000D-02 0.2966833000D+01 0.1346500000D+01 0.5583300000D+01 0.1166200000D+01
1  419990217199903132451226.4-0.9300000000D-02 0.1200000000D-03 0.5362900000D+01 0.2542300000D+00 0.4848000000D-02 0.3500000000D-02 0.1120467000D+01 0.5765900000D+01 0.3695300000D+01 0.4846900000D+01 0.1640000000D-01-0.3700000000D-03 0.8567700000D+01 0.3974900000D+00 0.7532000000D-02 0.3900000000D-02 0.2838839000D+01 0.1227300000D+01 0.5471800000D+01 0.8891000000D+00
1  519990313199904062451250.4-0.9500000000D-02 0.1500000000D-03 0.5269800000D+01 0.2481500000D+00 0.4720000000D-02 0.3700000000D-02 0.9799320000D+00 0.5637400000D+01 0.3578700000D+01 0.4616400000D+01 0.1740000000D-01-0.4200000000D-03 0.8629700000D+01 0.3993900000D+00 0.7577000000D-02 0.3100000000D-02 0.2715239000D+01 0.1111700000D+01 0.5362200000D+01 0.5057000000D+00
1  619990406199904302451274.4-0.9700000000D-02 0.1600000000D-03 0.5234400000D+01 0.2446500000D+00 0.4644000000D-02 0.4000000000D-02 0.8458870000D+00 0.5516900000D+01 0.3471100000D+01 0.4484000000D+01 0.1790000000D-01-0.4400000000D-03 0.8748100000D+01 0.4045800000D+00 0.7699000000D-02 0.3200000000D-02 0.2595011000D+01 0.9980000000D+00 0.5252200000D+01 0.2573000000D+00
1  719990430199905242451298.4-0.9800000000D-02 0.1700000000D-03 0.5260200000D+01 0.2439300000D+00 0.4629000000D-02 0.4400000000D-02 0.7190260000D+00 0.5403800000D+01 0.3371400000D+01 0.4242300000D+01 0.1870000000D-01-0.4600000000D-03 0.8910500000D+01 0.4127000000D+00 0.7880000000D-02 0.3400000000D-02 0.2476623000D+01 0.8827000000D+00 0.5136700000D+01 0.6059600000D+01
1  819990524199906172451322.4-0.1000000000D-01 0.1800000000D-03 0.5343900000D+01 0.2462200000D+00 0.4679000000D-02 0.4200000000D-02 0.5994020000D+00 0.5295100000D+01 0.3273300000D+01 0.4128000000D+01 0.1870000000D-01-0.4300000000D-03 0.9091200000D+01 0.4224100000D+00 0.8102000000D-02 0.3400000000D-02 0.2358064000D+01 0.7640000000D+00 0.5014300000D+01 0.5614400000D+01
1  919990617199907112451346.4-0.1010000000D-01 0.2000000000D-03 0.5472300000D+01 0.2511300000D+00 0.4788000000D-02 0.4300000000D-02 0.4854840000D+00 0.5187200000D+01 0.3170900000D+01 0.3929100000D+01 0.1860000000D-01-0.4000000000D-03 0.9263700000D+01 0.4323700000D+00 0.8319000000D-02 0.4100000000D-02 0.2237870000D+01 0.6392000000D+00 0.4882200000D+01 0.5391600000D+01
1 1019990711199908042451370.4-0.1030000000D-01 0.2200000000D-03 0.5622000000D+01 0.2578300000D+00 0.4934000000D-02 0.4000000000D-02 0.3744670000D+00 0.5075000000D+01 0.3058000000D+01 0.3753400000D+01 0.1810000000D-01-0.3300000000D-03 0.9393700000D+01 0.4405000000D+00 0.8501000000D-02 0.4900000000D-02 0.2114358000D+01 0.5083000000D+00 0.4742100000D+01 0.4942800000D+01
1 1119990804199908282451394.4-0.1060000000D-01 0.2500000000D-03 0.5760500000D+01 0.2649800000D+00 0.5084000000D-02 0.3600000000D-02 0.2627070000D+00 0.4954200000D+01 0.2929300000D+01 0.3524700000D+01 0.1710000000D-01-0.2400000000D-03 0.9453900000D+01 0.4453700000D+00 0.8602000000D-02 0.5300000000D-02 0.1987032000D+01 0.3713000000D+00 0.4595500000D+01 0.4710100000D+01
1 1219990828199909212451418.4-0.1060000000D-01 0.2900000000D-03 0.5853000000D+01 0.2707400000D+00 0.5200000000D-02 0.3100000000D-02 0.1466940000D+00 0.4823700000D+01 0.2787000000D+01 0.3248400000D+01 0.1590000000D-01-0.1500000000D-03 0.9430000000D+01 0.4456400000D+00 0.8607000000D-02 0.6300000000D-02 0.1855404000D+01 0.2302000000D+00 0.4446900000D+01 0.4486100000D+01
1 1319990921199910152451442.4-0.1080000000D-01 0.3300000000D-03 0.5875800000D+01 0.2738000000D+00 0.5253000000D-02 0.2600000000D-02 0.2386900000D-01 0.4683400000D+01 0.2632000000D+01 0.2828100000D+01 0.1460000000D-01-0.4000000000D-04 0.9325300000D+01 0.4417300000D+00 0.8518000000D-02 0.7100000000D-02 0.1720125000D+01 0.8740000000D-01 0.4298800000D+01 0.4220000000D+01
1 1419991015199911082451466.4-0.1050000000D-01 0.3500000000D-03 0.5818600000D+01 0.2731700000D+00 0.5232000000D-02 0.2400000000D-02 0.6176485000D+01 0.4536900000D+01 0.2471800000D+01 0.2239000000D+01 0.1320000000D-01 0.6000000000D-04 0.9163600000D+01 0.4340600000D+00 0.8351000000D-02 0.7100000000D-02 0.1581876000D+01 0.6228000000D+01 0.4155600000D+01 0.4068400000D+01
1 1519991108199912022451490.4-0.1020000000D-01 0.3500000000D-03 0.5693200000D+01 0.2690200000D+00 0.5143000000D-02 0.2500000000D-02 0.6038652000D+01 0.4386500000D+01 0.2310300000D+01 0.1827600000D+01 0.1210000000D-01 0.1600000000D-03 0.8975800000D+01 0.4246100000D+00 0.8144000000D-02 0.7700000000D-02 0.1442436000D+01 0.6088100000D+01 0.4017700000D+01 0.3889800000D+01
1 1619991202199912262451514.4-0.9600000000D-02 0.3400000000D-03 0.5519900000D+01 0.2620500000D+00 0.5002000000D-02 0.3200000000D-02 0.5895114000D+01 0.4235700000D+01 0.2152000000D+01 0.1379500000D+01 0.1100000000D-01 0.2500000000D-03 0.8795700000D+01 0.4145900000D+00 0.7926000000D-02 0.7400000000D-02 0.1303281000D+01 0.5952200000D+01 0.3888000000D+01 0.3713600000D+01
1 1719991226200001192451538.4-0.8700000000D-02 0.3000000000D-03 0.5325100000D+01 0.2533300000D+00 0.4831000000D-02 0.3300000000D-02 0.5748119000D+01 0.4087000000D+01 0.2001000000D+01 0.1139600000D+01 0.1030000000D-01 0.3100000000D-03 0.8650400000D+01 0.4058000000D+00 0.7730000000D-02 0.6800000000D-02 0.1166583000D+01 0.5821400000D+01 0.3765200000D+01 0.3573100000D+01
2 1819981231199904202451178.4 0.1620000000D-01-0.3000000000D-04 0.7595900000D+01 0.1532000000D-01 0.6400000000D-04 0.6500000000D-02-0.1298146000D+01-0.3939700000D+01-0.9418000000D+00-0.1353200000D+01-0.1140000000D-01-0.1000000000D-04 0.1266400000D+02 0.6010000000D-02 0.8200000000D-04 0.7600000000D-02-0.5901953000D+01-0.2502200000D+01-0.5593300000D+01-0.6019300000D+01
2 1919990420199908082451288.4 0.1820000000D-01-0.4000000000D-04 0.6852400000D+01 0.3790000000D-02 0.4400000000D-04 0.7500000000D-02-0.3608074000D+01-0.3758700000D+01-0.2818400000D+01-0.6112100000D+01-0.1240000000D-01 0.3000000000D-04 0.1292780000D+02 0.1422000000D-01 0.5100000000D-04 0.1210000000D-01-0.1839688000D+01-0.1575500000D+01-0.4527900000D+01-0.4549300000D+01
2 2019990808199911262451398.4 0.1560000000D-01 0.0000000000D+00 0.7618600000D+01 0.8920000000D-02 0.1010000000D-03 0.5700000000D-02-0.5799109000D+01-0.5194700000D+01-0.2164600000D+01-0.4305200000D+01-0.1860000000D-01 0.9000000000D-04 0.1387400000D+02 0.3880000000D-02 0.5400000000D-04 0.8500000000D-02-0.4059657000D+01-0.1744000000D+00-0.8206000000D+00-0.2664100000D+01
2 2119991126200003152451508.4 0.1480000000D-01-0.5000000000D-04 0.7379700000D+01 0.1451000000D-01 0.2400000000D-04 0.8000000000D-02-0.1747527000D+01-0.4442200000D+01-0.1628400000D+01-0.2277000000D+01-0.1330000000D-01 0.0000000000D+00 0.1295600000D+02 0.1246000000D-01 0.8300000000D-04 0.1080000000D-01-0.3325000000D-01-0.2901200000D+01-0.5966000000D+01-0.6897000000D+00
3 2219981231199904102451178.4 0.4170000000D-01-0.2000000000D-04 0.1058560000D+02 0.2098000000D-01 0.8400000000D-04 0.2210000000D-01 0.5795809000D+01 0.3144700000D+01 0.6073800000D+01-0.5066800000D+01 0.5970000000D-01-0.1300000000D-03 0.1763370000D+02 0.8200000000D-02 0.1120000000D-03 0.3080000000D-01 0.1194215000D+01 0.4496900000D+01 0.1385900000D+01-0.3270600000D+01
3 2319990410199907192451278.4 0.3970000000D-01 0.5000000000D-04 0.9560600000D+01 0.4580000000D-02 0.9100000000D-04 0.1960000000D-01 0.2576720000D+00 0.5343200000D+01 0.9649000000D+00-0.3308600000D+01 0.5730000000D-01-0.1100000000D-03 0.1789230000D+02 0.1684000000D-01 0.3400000000D-04 0.3520000000D-01 0.2022806000D+01 0.2184800000D+01 0.5741800000D+01-0.1554600000D+01
3 2419990719199910272451378.4 0.4220000000D-01 0.5000000000D-04 0.1038360000D+02 0.1681000000D-01 0.1310000000D-03 0.1960000000D-01 0.1095206000D+01 0.1596800000D+01 0.4611200000D+01-0.1692900000D+01 0.5820000000D-01 0.0000000000D+00 0.1924050000D+02 0.5020000000D-02 0.1210000000D-03 0.3800000000D-01 0.2851518000D+01 0.2373700000D+01 0.6043600000D+01-0.1690000000D-01
3 2519991027200002042451478.4 0.4810000000D-01-0.4000000000D-04 0.1065570000D+02 0.1370000000D-01 0.3500000000D-04 0.1560000000D-01 0.1949120000D+01 0.5387100000D+01 0.6014700000D+01-0.3169000000D+00 0.5160000000D-01 0.0000000000D+00 0.1852700000D+02 0.1975000000D-01 0.8300000000D-04 0.3210000000D-01 0.3659196000D+01 0.7239000000D+00 0.3960200000D+01-0.4714900000D+01
4 2619981231199903162451178.4-0.4780000000D-01-0.2500000000D-03 0.1732220000D+02 0.3200000000D-01 0.1140000000D-03 0.2190000000D-01 0.2270227000D+01 0.5828900000D+01 0.2374500000D+01 0.2638800000D+01 0.8760000000D-01-0.7800000000D-03 0.2895010000D+02 0.1431000000D-01 0.1940000000D-03 0.3250000000D-01 0.3950205000D+01 0.7154000000D+00 0.4051300000D+01 0.3888900000D+01
4 2719990316199905302451253.4-0.4320000000D-01 0.2200000000D-03 0.1580510000D+02 0.1520000000D-01 0.1990000000D-03 0.8300000000D-02 0.6075224000D+01 0.3798100000D+01 0.2850000000D+00 0.3983800000D+01 0.1000000000D-03 0.9800000000D-03 0.2894800000D+02 0.1735000000D-01 0.7600000000D-04 0.2930000000D-01 0.1535501000D+01 0.1808100000D+01 0.1346700000D+01 0.5487700000D+01
4 2819990530199908132451328.4-0.5580000000D-01-0.1400000000D-03 0.1602260000D+02 0.2015000000D-01 0.5600000000D-04 0.1950000000D-01 0.3631930000D+01 0.3885900000D+01 0.5240300000D+01 0.5168800000D+01 0.1018000000D+00-0.1100000000D-02 0.3058090000D+02 0.2824000000D-01 0.1840000000D-03 0.4280000000D-01 0.5405771000D+01 0.5478900000D+01 0.2392100000D+01 0.1037100000D+01
4 2919990813199910272451403.4-0.4300000000D-01 0.1400000000D-03 0.1744730000D+02 0.1982000000D-01 0.2340000000D-03 0.1810000000D-01 0.1249072000D+01 0.1906900000D+01 0.4764300000D+01 0.2970000000D+00 0.6900000000D-02 0.9500000000D-03 0.3165630000D+02 0.5110000000D-02 0.1670000000D-03 0.1200000000D-01 0.2984673000D+01 0.1065000000D+00 0.6146700000D+01 0.2500900000D+01
4 3019991027200001102451478.4-0.6060000000D-01 0.4000000000D-04 0.1742580000D+02 0.2026000000D-01 0.9100000000D-04 0.2500000000D-01 0.5135234000D+01 0.2128200000D+01 0.2887600000D+01 0.2172300000D+01 0.9410000000D-01-0.1080000000D-02 0.3037310000D+02 0.2895000000D-01 0.9200000000D-04 0.2890000000D-01 0.5595160000D+00 0.3732300000D+01 0.7230000000D+00 0.3438000000D+01
5 3119981231199903162451178.4-0.3260000000D-01 0.4500000000D-03 0.2322780000D+02 0.4333000000D-01 0.1570000000D-03 0.8700000000D-02 0.2762056000D+01 0.5490000000D-01 0.2871000000D+01 0.4985600000D+01-0.8450000000D-01 0.1310000000D-02 0.3870140000D+02 0.1802000000D-01 0.2480000000D-03 0.1370000000D-01 0.4439779000D+01 0.1347300000D+01 0.4587800000D+01 0.5365000000D+00
5 3219990316199905302451253.4-0.3470000000D-01-0.3300000000D-03 0.2120790000D+02 0.2097000000D-01 0.2660000000D-03 0.1270000000D-01 0.6248000000D-02 0.4018300000D+01 0.4607000000D+00 0.4895000000D+01 0.5400000000D-01-0.1370000000D-02 0.3870070000D+02 0.2308000000D-01 0.9900000000D-04 0.2470000000D-01 0.1746860000D+01 0.1914800000D+01 0.1603700000D+01 0.3284000000D+00
5 3319990530199908132451328.4-0.2440000000D-01 0.2700000000D-03 0.2150460000D+02 0.2634000000D-01 0.7400000000D-04 0.4100000000D-02 0.3567112000D+01 0.3781500000D+01 0.5127300000D+01 0.2766000000D+00-0.9050000000D-01 0.1560000000D-02 0.4090470000D+02 0.3804000000D-01 0.2510000000D-03 0.1190000000D-01 0.5338677000D+01 0.5315500000D+01 0.2266200000D+01 0.2214600000D+01
5 3419990813199910272451403.4-0.4980000000D-01-0.1300000000D-03 0.2340350000D+02 0.2691000000D-01 0.3190000000D-03 0.1730000000D-01 0.9050590000D+00 0.1593800000D+01 0.4471000000D+01 0.4902000000D+00 0.6400000000D-01-0.1840000000D-02 0.4237050000D+02 0.8180000000D-02 0.2190000000D-03 0.2530000000D-01 0.2638477000D+01 0.6172600000D+01 0.5752300000D+01 0.2198500000D+01
5 3519991027200001102451478.4-0.1840000000D-01 0.1400000000D-03 0.2336990000D+02 0.2636000000D-01 0.1380000000D-03 0.7300000000D-02 0.4515388000D+01 0.1497900000D+01 0.2235000000D+01 0.2357500000D+01-0.9240000000D-01 0.1810000000D-02 0.4064840000D+02 0.4038000000D-01 0.1430000000D-03 0.8300000000D-02 0.6220451000D+01 0.3138700000D+01 0.1566000000D+00 0.3830800000D+01
