 7 5    2   18   22   26   31  4.4880  2.4930  1.5162  0.7217  0.4667 24.0 110.0 100.0 75.0 75.0   35 2452274.5000 2002                                                                                                                                                                                                                                                          
1  220011231200201242452274.4 0.2200000000D-02-0.1300000000D-03 0.4209600000D+01 0.2007200000D+00 0.3850000000D-02 0.2400000000D-02 0.3851172000D+01 0.2184000000D+01 0.9400000000D-01 0.3295200000D+01 0.1500000000D-01 0.9000000000D-04 0.8642000000D+01 0.4041900000D+00 0.7664000000D-02 0.4800000000D-02 0.5616576000D+01 0.3984400000D+01 0.1923900000D+01 0.5426800000D+01
1  320020124200202172452298.4 0.2300000000D-02-0.1400000000D-03 0.4015300000D+01 0.1915600000D+00 0.3663000000D-02 0.2300000000D-02 0.3698110000D+01 0.2030500000D+01 0.6222700000D+01 0.2994300000D+01 0.1460000000D-01 0.8000000000D-04 0.8544800000D+01 0.3979100000D+00 0.7530000000D-02 0.4500000000D-02 0.5486701000D+01 0.3862300000D+01 0.1809900000D+01 0.5247000000D+01
1  420020217200203132452322.4 0.2300000000D-02-0.1400000000D-03 0.3835700000D+01 0.1826400000D+00 0.3481000000D-02 0.2500000000D-02 0.3544965000D+01 0.1882400000D+01 0.6078900000D+01 0.2823900000D+01 0.1430000000D-01 0.9000000000D-04 0.8508400000D+01 0.3944700000D+00 0.7466000000D-02 0.3900000000D-02 0.5361383000D+01 0.3746300000D+01 0.1703300000D+01 0.5003000000D+01
1  520020313200204062452346.4 0.2300000000D-02-0.1400000000D-03 0.3687400000D+01 0.1747800000D+00 0.3322000000D-02 0.2400000000D-02 0.3394383000D+01 0.1742400000D+01 0.5947700000D+01 0.2453800000D+01 0.1400000000D-01 0.1100000000D-03 0.8537900000D+01 0.3947000000D+00 0.7479000000D-02 0.3600000000D-02 0.5240614000D+01 0.3634400000D+01 0.1599400000D+01 0.4676100000D+01
1  620020406200204302452370.4 0.2400000000D-02-0.1400000000D-03 0.3583700000D+01 0.1686300000D+00 0.3192000000D-02 0.2300000000D-02 0.3249167000D+01 0.1612000000D+01 0.5830400000D+01 0.2272300000D+01 0.1360000000D-01 0.1300000000D-03 0.8627900000D+01 0.3984900000D+00 0.7579000000D-02 0.2800000000D-02 0.5123025000D+01 0.3524600000D+01 0.1495400000D+01 0.4399800000D+01
1  720020430200205242452394.4 0.2300000000D-02-0.1300000000D-03 0.3532300000D+01 0.1647000000D+00 0.3111000000D-02 0.2400000000D-02 0.3112189000D+01 0.1493300000D+01 0.5727400000D+01 0.1990000000D+01 0.1370000000D-01 0.1400000000D-03 0.8767800000D+01 0.4053600000D+00 0.7744000000D-02 0.3000000000D-02 0.5006976000D+01 0.3413700000D+01 0.1387500000D+01 0.3929700000D+01
1  820020524200206172452418.4 0.2500000000D-02-0.1300000000D-03 0.3537900000D+01 0.1633500000D+00 0.3082000000D-02 0.2300000000D-02 0.2985300000D+01 0.1384800000D+01 0.5635400000D+01 0.1659500000D+01 0.1360000000D-01 0.1500000000D-03 0.8939000000D+01 0.4147200000D+00 0.7967000000D-02 0.2800000000D-02 0.4890612000D+01 0.3299300000D+01 0.1271400000D+01 0.3407300000D+01
1  920020617200207112452442.4 0.2600000000D-02-0.1200000000D-03 0.3596600000D+01 0.1648000000D+00 0.3118000000D-02 0.2300000000D-02 0.2868835000D+01 0.1284200000D+01 0.5547300000D+01 0.1506400000D+01 0.1420000000D-01 0.1300000000D-03 0.9115700000D+01 0.4248000000D+00 0.8203000000D-02 0.3300000000D-02 0.4771700000D+01 0.3178500000D+01 0.1146000000D+01 0.3019300000D+01
1 1020020711200208042452466.4 0.2900000000D-02-0.1100000000D-03 0.3697900000D+01 0.1688600000D+00 0.3212000000D-02 0.2500000000D-02 0.2760597000D+01 0.1184200000D+01 0.5452900000D+01 0.1181800000D+01 0.1470000000D-01 0.1100000000D-03 0.9266900000D+01 0.4341800000D+00 0.8414000000D-02 0.4100000000D-02 0.4649119000D+01 0.3050100000D+01 0.1009200000D+01 0.2723600000D+01
1 1120020804200208282452490.4 0.3200000000D-02-0.1100000000D-03 0.3818800000D+01 0.1747300000D+00 0.3346000000D-02 0.2200000000D-02 0.2655920000D+01 0.1078000000D+01 0.5342700000D+01 0.9814000000D+00 0.1540000000D-01 0.5000000000D-04 0.9363100000D+01 0.4406300000D+00 0.8558000000D-02 0.4700000000D-02 0.4521690000D+01 0.2914200000D+01 0.8644000000D+00 0.2350800000D+01
1 1220020828200209212452514.4 0.3500000000D-02-0.1100000000D-03 0.3929300000D+01 0.1810600000D+00 0.3485000000D-02 0.2200000000D-02 0.2549411000D+01 0.9592000000D+00 0.5211200000D+01 0.7440000000D+00 0.1630000000D-01-0.1000000000D-04 0.9381200000D+01 0.4429900000D+00 0.8596000000D-02 0.5100000000D-02 0.4389632000D+01 0.2772200000D+01 0.7133000000D+00 0.2169300000D+01
1 1320020921200210152452538.4 0.3800000000D-02-0.1100000000D-03 0.3996800000D+01 0.1859600000D+00 0.3589000000D-02 0.1900000000D-02 0.2435884000D+01 0.8265000000D+00 0.5061300000D+01 0.3943000000D+00 0.1690000000D-01-0.9000000000D-04 0.9317200000D+01 0.4405700000D+00 0.8529000000D-02 0.5800000000D-02 0.4253671000D+01 0.2627300000D+01 0.5620000000D+00 0.1918300000D+01
1 1420021015200211082452562.4 0.4000000000D-02-0.1100000000D-03 0.3999400000D+01 0.1881800000D+00 0.3633000000D-02 0.1600000000D-02 0.2312617000D+01 0.6811000000D+00 0.4896700000D+01 0.6233500000D+01 0.1770000000D-01-0.1800000000D-03 0.9183200000D+01 0.4341000000D+00 0.8371000000D-02 0.6100000000D-02 0.4115095000D+01 0.2482200000D+01 0.4131000000D+00 0.1637000000D+01
1 1520021108200212022452586.4 0.3900000000D-02-0.1000000000D-03 0.3929900000D+01 0.1867500000D+00 0.3604000000D-02 0.1600000000D-02 0.2178342000D+01 0.5268000000D+00 0.4726000000D+01 0.5709500000D+01 0.1820000000D-01-0.2700000000D-03 0.9008100000D+01 0.4248600000D+00 0.8153000000D-02 0.6100000000D-02 0.3975775000D+01 0.2339900000D+01 0.2710000000D+00 0.1489700000D+01
1 1620021202200212262452610.4 0.3700000000D-02-0.8000000000D-04 0.3798900000D+01 0.1820700000D+00 0.3509000000D-02 0.1800000000D-02 0.2034204000D+01 0.3669000000D+00 0.4553200000D+01 0.5209100000D+01 0.1860000000D-01-0.3400000000D-03 0.8824000000D+01 0.4146500000D+00 0.7920000000D-02 0.6700000000D-02 0.3837534000D+01 0.2202700000D+01 0.1369000000D+00 0.1229300000D+01
1 1720021226200301192452634.4 0.3300000000D-02-0.5000000000D-04 0.3625900000D+01 0.1747900000D+00 0.3366000000D-02 0.2200000000D-02 0.1881623000D+01 0.2049000000D+00 0.4383900000D+01 0.4825400000D+01 0.1900000000D-01-0.4200000000D-03 0.8662600000D+01 0.4049900000D+00 0.7697000000D-02 0.6200000000D-02 0.3702087000D+01 0.2071400000D+01 0.1220000000D-01 0.1026900000D+01
2 1820011231200204202452274.4 0.9000000000D-02-0.1000000000D-04 0.5749500000D+01 0.1502000000D-01 0.4300000000D-04 0.5200000000D-02-0.2402647000D+01-0.4961200000D+01-0.2072100000D+01-0.3257100000D+01-0.1820000000D-01 0.1000000000D-04 0.1255840000D+02 0.7980000000D-02 0.8200000000D-04 0.9300000000D-02-0.5091360000D+00-0.3623900000D+01-0.2101000000D+00-0.1877500000D+01
2 1920020420200208082452384.4 0.9700000000D-02-0.2000000000D-04 0.4915900000D+01 0.4010000000D-02 0.7000000000D-04 0.5500000000D-02-0.4781389000D+01-0.1006000000D+00-0.3901800000D+01-0.1977500000D+01-0.1360000000D-01-0.4000000000D-04 0.1259400000D+02 0.1327000000D-01 0.4100000000D-04 0.1450000000D-01-0.2719557000D+01-0.2337700000D+01-0.4992900000D+01-0.6152700000D+01
2 2020020808200211262452494.4 0.6900000000D-02 0.2000000000D-04 0.5409000000D+01 0.1190000000D-01 0.9300000000D-04 0.2900000000D-02-0.6951370000D+00-0.6209000000D+01-0.3191000000D+01-0.3360000000D+00-0.1950000000D-01 0.5000000000D-04 0.1362290000D+02 0.3820000000D-02 0.7200000000D-04 0.1360000000D-01-0.4937339000D+01-0.3270000000D-01-0.1798200000D+01-0.4583000000D+01
2 2120021126200303162452604.4 0.6300000000D-02 0.0000000000D+00 0.5484600000D+01 0.1160000000D-01 0.1300000000D-04 0.4100000000D-02-0.2880436000D+01-0.5496700000D+01-0.4122300000D+01-0.3573200000D+01-0.1750000000D-01-0.1000000000D-04 0.1288730000D+02 0.1333000000D-01 0.7800000000D-04 0.9400000000D-02-0.9154160000D+00-0.3851700000D+01-0.4935000000D+00-0.2407500000D+01
3 2220011231200204102452274.4 0.3900000000D-01-0.1300000000D-03 0.8011300000D+01 0.2006000000D-01 0.5200000000D-04 0.1270000000D-01 0.2257680000D+01 0.5974200000D+01 0.2479800000D+01-0.6031700000D+01 0.3540000000D-01 0.1000000000D-04 0.1748790000D+02 0.1132000000D-01 0.1140000000D-03 0.3430000000D-01 0.4154276000D+01 0.9440000000D+00 0.4337000000D+01-0.3849000000D+01
3 2320020410200207192452374.4 0.2440000000D-01 0.0000000000D+00 0.6910800000D+01 0.8600000000D-02 0.1100000000D-03 0.1470000000D-01 0.2940964000D+01 0.1007000000D+01 0.3733800000D+01-0.4487900000D+01 0.3820000000D-01 0.0000000000D+00 0.1745470000D+02 0.1480000000D-01 0.3700000000D-04 0.3930000000D-01 0.4993915000D+01 0.5355400000D+01 0.3427800000D+01-0.2254100000D+01
3 2420020719200210272452474.4 0.2280000000D-01 0.1800000000D-03 0.7333900000D+01 0.1731000000D-01 0.9400000000D-04 0.1720000000D-01 0.3758741000D+01 0.4417000000D+01 0.1064000000D+01-0.2808800000D+01 0.3990000000D-01-0.1000000000D-03 0.1880500000D+02 0.9750000000D-02 0.1340000000D-03 0.3540000000D-01 0.5826199000D+01 0.5451100000D+01 0.2729600000D+01-0.5940000000D+00
3 2520021027200302042452574.4 0.3160000000D-01-0.8000000000D-04 0.7876100000D+01 0.7580000000D-02 0.7200000000D-04 0.1500000000D-01 0.4662415000D+01 0.1717900000D+01 0.2386400000D+01-0.8366000000D+00 0.3260000000D-01-0.4000000000D-04 0.1842740000D+02 0.1957000000D-01 0.7200000000D-04 0.3760000000D-01 0.3446010000D+00 0.3708300000D+01 0.8736000000D+00-0.5293900000D+01
4 2620011231200203162452274.4-0.2930000000D-01 0.0000000000D+00 0.1307880000D+02 0.3087000000D-01 0.6700000000D-04 0.9600000000D-02 0.1399797000D+01 0.5073400000D+01 0.1390600000D+01 0.6144000000D+00 0.1140000000D-01 0.9300000000D-03 0.2869760000D+02 0.1850000000D-01 0.1830000000D-03 0.2720000000D-01 0.3295034000D+01 0.6246500000D+01 0.3489400000D+01 0.2760500000D+01
4 2720020316200205302452349.4-0.4640000000D-01 0.1400000000D-03 0.1153240000D+02 0.2237000000D-01 0.1820000000D-03 0.1500000000D-01 0.5160987000D+01 0.2904600000D+01 0.5760500000D+01 0.2191500000D+01 0.9480000000D-01-0.1010000000D-02 0.2833380000D+02 0.1443000000D-01 0.1130000000D-03 0.3480000000D-01 0.8896170000D+00 0.1549900000D+01 0.5843000000D+00 0.4551800000D+01
4 2820020530200208132452424.4-0.2210000000D-01-0.1800000000D-03 0.1131930000D+02 0.1105000000D-01 0.1240000000D-03 0.1140000000D-01 0.2676058000D+01 0.2761500000D+01 0.3821800000D+01 0.3570100000D+01 0.1450000000D-01 0.1090000000D-02 0.2975660000D+02 0.2921000000D-01 0.1540000000D-03 0.1660000000D-01 0.4767207000D+01 0.4858500000D+01 0.1991400000D+01 0.5676400000D+01
4 2920020813200210272452499.4-0.5170000000D-01 0.1700000000D-03 0.1241890000D+02 0.2498000000D-01 0.1910000000D-03 0.1430000000D-01 0.3088030000D+00 0.1103200000D+01 0.3998800000D+01 0.5343600000D+01 0.9950000000D-01-0.1130000000D-02 0.3112560000D+02 0.5600000000D-02 0.2040000000D-03 0.3010000000D-01 0.2342700000D+01 0.1230000000D+01 0.5426400000D+01 0.7652000000D+00
4 3020021027200301102452574.4-0.2280000000D-01-0.1800000000D-03 0.1284630000D+02 0.1070000000D-01 0.1480000000D-03 0.1050000000D-01 0.4231252000D+01 0.1046300000D+01 0.1929300000D+01 0.3040000000D-01 0.1560000000D-01 0.1130000000D-02 0.3020830000D+02 0.2822000000D-01 0.7700000000D-04 0.2980000000D-01 0.6194594000D+01 0.3130800000D+01 0.6601000000D+00 0.2073000000D+01
5 3120011231200203162452274.4-0.4270000000D-01 0.2000000000D-03 0.1754660000D+02 0.4127000000D-01 0.9000000000D-04 0.7800000000D-02 0.5127092000D+01 0.2509900000D+01 0.5068400000D+01 0.2641900000D+01 0.5210000000D-01-0.1530000000D-02 0.3838400000D+02 0.2473000000D-01 0.2410000000D-03 0.2800000000D-01 0.7343260000D+00 0.3670600000D+01 0.8748000000D+00 0.4544700000D+01
5 3220020316200205302452349.4-0.8000000000D-03-0.1900000000D-03 0.1547330000D+02 0.3087000000D-01 0.2490000000D-03 0.4200000000D-02 0.2329333000D+01 0.8060000000D-01 0.2934100000D+01 0.3482200000D+01-0.7950000000D-01 0.1590000000D-02 0.3789620000D+02 0.1815000000D-01 0.1450000000D-03 0.1820000000D-01 0.4335380000D+01 0.4867400000D+01 0.4080300000D+01 0.6085100000D+01
5 3320020530200208132452424.4-0.3640000000D-01 0.1200000000D-03 0.1517930000D+02 0.1464000000D-01 0.1650000000D-03 0.1210000000D-01 0.5848951000D+01 0.5903700000D+01 0.6893000000D+00 0.4576300000D+01 0.5290000000D-01-0.1730000000D-02 0.3980730000D+02 0.3886000000D-01 0.2060000000D-03 0.2450000000D-01 0.1650502000D+01 0.1696000000D+01 0.5155400000D+01 0.6339000000D+00
5 3420020813200210272452499.4 0.2000000000D-03-0.3200000000D-03 0.1665840000D+02 0.3258000000D-01 0.2490000000D-03 0.6700000000D-02 0.3203084000D+01 0.3973700000D+01 0.5771000000D+00 0.5818200000D+01-0.8410000000D-01 0.1880000000D-02 0.4163300000D+02 0.9550000000D-02 0.2780000000D-03 0.4600000000D-02 0.5230768000D+01 0.4031300000D+01 0.1955400000D+01 0.1433500000D+01
5 3520021027200301102452574.4-0.5240000000D-01 0.4800000000D-03 0.1723540000D+02 0.1458000000D-01 0.2050000000D-03 0.9100000000D-02 0.5643250000D+00 0.3607400000D+01 0.4573800000D+01 0.4142000000D+00 0.4670000000D-01-0.1770000000D-02 0.4041490000D+02 0.3797000000D-01 0.9600000000D-04 0.2450000000D-01 0.2522894000D+01 0.5722100000D+01 0.3150600000D+01 0.1893000000D+01
