 7 5    2   18   22   26   31  4.4880  2.4930  1.5162  0.7217  0.4667 24.0 110.0 100.0 75.0 75.0   35 2457022.5000 2015                                                                                                                                                                                                                                                          
1  220141231201501242457022.4 0.7300000000D-02-0.2000000000D-03 0.4393400000D+01 0.2084000000D+00 0.4004000000D-02 0.3300000000D-02 0.2382745000D+01 0.7460000000D+00 0.4970000000D+01 0.4020200000D+01-0.1200000000D-02 0.6000000000D-03 0.8618900000D+01 0.4048300000D+00 0.7674000000D-02 0.3300000000D-02 0.2141800000D+00 0.4856800000D+01 0.2791200000D+01 0.2214600000D+01
1  320150124201502172457046.4 0.6700000000D-02-0.1500000000D-03 0.4330300000D+01 0.2078900000D+00 0.4037000000D-02 0.3400000000D-02 0.2235467000D+01 0.6112000000D+00 0.4838500000D+01 0.3870100000D+01-0.2000000000D-03 0.5500000000D-03 0.8454100000D+01 0.3955100000D+00 0.7457000000D-02 0.3500000000D-02 0.7745200000D-01 0.4722400000D+01 0.2660200000D+01 0.1915600000D+01
1  420150217201503132457070.4 0.5900000000D-02-0.1000000000D-03 0.4321200000D+01 0.2089100000D+00 0.4094000000D-02 0.3700000000D-02 0.2080038000D+01 0.4696000000D+00 0.4701800000D+01 0.3680300000D+01 0.1100000000D-02 0.4800000000D-03 0.8321900000D+01 0.3877800000D+00 0.7288000000D-02 0.4100000000D-02 0.6227967000D+01 0.4595700000D+01 0.2538900000D+01 0.1382700000D+01
1  520150313201504062457094.4 0.5300000000D-02-0.4000000000D-04 0.4365600000D+01 0.2114700000D+00 0.4163000000D-02 0.3400000000D-02 0.1921458000D+01 0.3233000000D+00 0.4560900000D+01 0.3462000000D+01 0.2400000000D-02 0.4000000000D-03 0.8241800000D+01 0.3826300000D+00 0.7183000000D-02 0.4400000000D-02 0.6099884000D+01 0.4475600000D+01 0.2425500000D+01 0.1121900000D+01
1  620150406201504302457118.4 0.4900000000D-02 0.1000000000D-04 0.4456700000D+01 0.2151900000D+00 0.4243000000D-02 0.3400000000D-02 0.1764022000D+01 0.1760000000D+00 0.4419500000D+01 0.3308400000D+01 0.3800000000D-02 0.3400000000D-03 0.8221500000D+01 0.3805100000D+00 0.7154000000D-02 0.5200000000D-02 0.5976114000D+01 0.4361100000D+01 0.2318300000D+01 0.8742000000D+00
1  720150430201505242457142.4 0.4400000000D-02 0.6000000000D-04 0.4583000000D+01 0.2198900000D+00 0.4326000000D-02 0.3200000000D-02 0.1611623000D+01 0.3010000000D-01 0.4277800000D+01 0.3063100000D+01 0.4800000000D-02 0.2900000000D-03 0.8264000000D+01 0.3819000000D+00 0.7203000000D-02 0.5900000000D-02 0.5856121000D+01 0.4249700000D+01 0.2212900000D+01 0.6426000000D+00
1  820150524201506172457166.4 0.4000000000D-02 0.1100000000D-03 0.4731000000D+01 0.2249500000D+00 0.4406000000D-02 0.2800000000D-02 0.1466463000D+01 0.6170300000D+01 0.4137900000D+01 0.2814600000D+01 0.5900000000D-02 0.2600000000D-03 0.8362000000D+01 0.3861700000D+00 0.7321000000D-02 0.6300000000D-02 0.5738577000D+01 0.4140000000D+01 0.2108500000D+01 0.4687000000D+00
1  920150617201507112457190.4 0.3700000000D-02 0.1500000000D-03 0.4882200000D+01 0.2299500000D+00 0.4475000000D-02 0.2700000000D-02 0.1329828000D+01 0.6031500000D+01 0.3998400000D+01 0.2653400000D+01 0.6500000000D-02 0.2400000000D-03 0.8507200000D+01 0.3933800000D+00 0.7503000000D-02 0.6900000000D-02 0.5622357000D+01 0.4028800000D+01 0.1999600000D+01 0.2929000000D+00
1 1020150711201508042457214.4 0.3300000000D-02 0.1900000000D-03 0.5017000000D+01 0.2339700000D+00 0.4519000000D-02 0.2400000000D-02 0.1201590000D+01 0.5896200000D+01 0.3860300000D+01 0.2278500000D+01 0.7300000000D-02 0.2100000000D-03 0.8679400000D+01 0.4023500000D+00 0.7728000000D-02 0.7200000000D-02 0.5505580000D+01 0.3914300000D+01 0.1885000000D+01 0.1552000000D+00
1 1120150804201508282457238.4 0.3000000000D-02 0.2100000000D-03 0.5112700000D+01 0.2364100000D+00 0.4529000000D-02 0.2000000000D-02 0.1081186000D+01 0.5764500000D+01 0.3722200000D+01 0.2018000000D+01 0.8100000000D-02 0.1900000000D-03 0.8857000000D+01 0.4121800000D+00 0.7966000000D-02 0.6900000000D-02 0.5386801000D+01 0.3793700000D+01 0.1761200000D+01 0.6240100000D+01
1 1220150828201509212457262.4 0.2600000000D-02 0.2300000000D-03 0.5150200000D+01 0.2365100000D+00 0.4496000000D-02 0.1800000000D-02 0.9666390000D+00 0.5635800000D+01 0.3586900000D+01 0.1679600000D+01 0.8700000000D-02 0.1500000000D-03 0.9009600000D+01 0.4213500000D+00 0.8185000000D-02 0.6900000000D-02 0.5264265000D+01 0.3665400000D+01 0.1626500000D+01 0.6143500000D+01
1 1320150921201510152457286.4 0.2300000000D-02 0.2100000000D-03 0.5118600000D+01 0.2342900000D+00 0.4424000000D-02 0.1800000000D-02 0.8556460000D+00 0.5509800000D+01 0.3454200000D+01 0.1099500000D+01 0.9900000000D-02 0.9000000000D-04 0.9107500000D+01 0.4279000000D+00 0.8332000000D-02 0.6000000000D-02 0.5136765000D+01 0.3529000000D+01 0.1482600000D+01 0.5877200000D+01
1 1420151015201511082457310.4 0.2100000000D-02 0.2000000000D-03 0.5022500000D+01 0.2300900000D+00 0.4331000000D-02 0.1700000000D-02 0.7445100000D+00 0.5386900000D+01 0.3327500000D+01 0.7934000000D+00 0.1050000000D-01 0.3000000000D-04 0.9129300000D+01 0.4306900000D+00 0.8380000000D-02 0.5000000000D-02 0.5004167000D+01 0.3385800000D+01 0.1330900000D+01 0.5671600000D+01
1 1520151108201512022457334.4 0.2000000000D-02 0.1700000000D-03 0.4883800000D+01 0.2251200000D+00 0.4241000000D-02 0.2200000000D-02 0.6291960000D+00 0.5265500000D+01 0.3205000000D+01 0.4187000000D+00 0.1150000000D-01-0.2000000000D-04 0.9068300000D+01 0.4286100000D+00 0.8312000000D-02 0.4100000000D-02 0.4866866000D+01 0.3239000000D+01 0.1178000000D+01 0.5343100000D+01
1 1620151202201512262457358.4 0.1900000000D-02 0.1400000000D-03 0.4734400000D+01 0.2204900000D+00 0.4177000000D-02 0.2200000000D-02 0.5057410000D+00 0.5143100000D+01 0.3083800000D+01 0.1333000000D+00 0.1210000000D-01-0.7000000000D-04 0.8938600000D+01 0.4225200000D+00 0.8149000000D-02 0.3700000000D-02 0.4727052000D+01 0.3092400000D+01 0.1027200000D+01 0.4798300000D+01
1 1720151226201601192457382.4 0.1800000000D-02 0.1300000000D-03 0.4606400000D+01 0.2171300000D+00 0.4149000000D-02 0.2500000000D-02 0.3716330000D+00 0.5016300000D+01 0.2960300000D+01 0.6170500000D+01 0.1250000000D-01-0.1000000000D-03 0.8769600000D+01 0.4136200000D+00 0.7935000000D-02 0.3200000000D-02 0.4586665000D+01 0.2949700000D+01 0.8844000000D+00 0.4352600000D+01
2 1820141231201504202457022.4 0.5000000000D-02 0.3000000000D-04 0.6270100000D+01 0.5500000000D-02 0.6400000000D-04 0.4000000000D-02-0.5429122000D+01-0.1419300000D+01-0.5700000000D+01-0.3171700000D+01-0.9800000000D-02 0.0000000000D+00 0.1287140000D+02 0.1326000000D-01 0.7400000000D-04 0.3200000000D-02-0.1170488000D+01-0.4097000000D+01-0.7327000000D+00-0.4385900000D+01
2 1920150420201508082457132.4 0.7800000000D-02 0.4000000000D-04 0.6634100000D+01 0.1347000000D-01 0.4300000000D-04 0.4100000000D-02-0.1473809000D+01-0.1965600000D+01-0.5677100000D+01-0.1716000000D+00-0.4200000000D-02-0.4000000000D-04 0.1225050000D+02 0.6690000000D-02 0.3800000000D-04 0.2400000000D-02-0.3396392000D+01-0.2631500000D+01-0.3601300000D+01-0.3316500000D+01
2 2020150808201511262457242.4 0.7700000000D-02 0.5000000000D-04 0.7675800000D+01 0.5220000000D-02 0.7000000000D-04 0.5800000000D-02-0.3738061000D+01-0.2751200000D+01-0.4864000000D+00-0.5202600000D+01-0.1200000000D-01 0.6000000000D-04 0.1319670000D+02 0.1233000000D-01 0.1050000000D-03 0.5700000000D-02-0.5595131000D+01-0.5503100000D+01-0.2143400000D+01-0.1047900000D+01
2 2120151126201603152457352.4 0.8300000000D-02 0.0000000000D+00 0.7202100000D+01 0.1007000000D-01 0.7900000000D-04 0.2500000000D-02-0.5916712000D+01-0.2795900000D+01-0.1181000000D+00-0.4221700000D+01-0.6800000000D-02-0.3000000000D-04 0.1336950000D+02 0.1370000000D-01 0.4200000000D-04 0.5000000000D-03-0.1560988000D+01-0.4309600000D+01-0.7496000000D+00-0.3262500000D+01
3 2220141231201504102457022.4-0.2530000000D-01 0.1000000000D-04 0.8732900000D+01 0.6900000000D-02 0.9600000000D-04 0.1800000000D-01 0.4640748000D+01 0.2200600000D+01 0.4291000000D+01-0.5879200000D+01-0.6360000000D-01 0.1200000000D-03 0.1791240000D+02 0.1770000000D-01 0.9500000000D-04 0.3380000000D-01 0.2611172000D+01 0.5847400000D+01 0.2971200000D+01-0.1790800000D+01
3 2320150410201507192457122.4-0.3210000000D-01 0.7000000000D-04 0.9113400000D+01 0.1761000000D-01 0.4200000000D-04 0.2330000000D-01 0.5381646000D+01 0.4799300000D+01 0.8532000000D+00-0.4358300000D+01-0.6230000000D-01-0.1000000000D-04 0.1704130000D+02 0.6270000000D-02 0.7500000000D-04 0.2950000000D-01 0.3443664000D+01 0.4443300000D+01 0.3296300000D+01-0.6265800000D+01
3 2420150719201510272457222.4-0.3410000000D-01 0.3000000000D-04 0.1049490000D+02 0.1096000000D-01 0.1250000000D-03 0.2090000000D-01 0.6152724000D+01 0.2250000000D-01 0.2810700000D+01-0.2688800000D+01-0.6730000000D-01-0.3000000000D-04 0.1806950000D+02 0.1949000000D-01 0.1200000000D-03 0.3620000000D-01 0.4291080000D+01 0.4372200000D+01 0.1460700000D+01-0.4665000000D+01
3 2520151027201602042457322.4-0.3600000000D-01 0.1400000000D-03 0.1040660000D+02 0.1678000000D-01 0.9200000000D-04 0.1550000000D-01 0.7317340000D+00 0.3529200000D+01 0.6261400000D+01-0.1244000000D+01-0.6450000000D-01-0.1100000000D-03 0.1888450000D+02 0.1188000000D-01 0.5100000000D-04 0.3130000000D-01 0.5103915000D+01 0.2561800000D+01 0.1269300000D+01-0.3001300000D+01
4 2620141231201503162457022.4 0.1550000000D-01-0.2700000000D-03 0.1437080000D+02 0.1043000000D-01 0.1780000000D-03 0.6900000000D-02 0.1732724000D+01 0.5296300000D+01 0.1317900000D+01 0.3557500000D+01 0.8040000000D-01-0.5500000000D-03 0.2939640000D+02 0.2847000000D-01 0.1450000000D-03 0.3160000000D-01 0.5991757000D+01 0.2804200000D+01 0.3400000000D-02 0.1712100000D+01
4 2720150316201505302457097.4-0.2500000000D-01 0.4400000000D-03 0.1456570000D+02 0.2166000000D-01 0.7000000000D-04 0.1880000000D-01 0.5546041000D+01 0.4830700000D+01 0.5863600000D+01 0.4324500000D+01 0.8030000000D-01 0.3800000000D-03 0.2804110000D+02 0.1179000000D-01 0.1710000000D-03 0.2580000000D-01 0.3582334000D+01 0.5694000000D+01 0.3474400000D+01 0.2752500000D+01
4 2820150530201508132457172.4 0.2340000000D-01-0.4200000000D-03 0.1615720000D+02 0.2872000000D-01 0.1380000000D-03 0.1660000000D-01 0.3067513000D+01 0.2759500000D+01 0.5557700000D+01 0.1920000000D-01 0.7000000000D-01-0.1900000000D-03 0.2852150000D+02 0.2383000000D-01 0.6200000000D-04 0.1730000000D-01 0.1184182000D+01 0.1557100000D+01 0.1740000000D-01 0.4064000000D+01
4 2920150813201510272457247.4-0.2700000000D-01 0.5600000000D-03 0.1758150000D+02 0.1010000000D-01 0.2000000000D-03 0.1860000000D-01 0.6356000000D+00 0.1382300000D+01 0.3635200000D+01 0.1398300000D+01 0.9200000000D-01 0.3000000000D-03 0.3028470000D+02 0.2540000000D-01 0.2300000000D-03 0.4080000000D-01 0.5057522000D+01 0.5086400000D+01 0.2180700000D+01 0.5399600000D+01
4 3020151027201601102457322.4 0.2470000000D-01-0.5600000000D-03 0.1708380000D+02 0.2575000000D-01 0.1200000000D-03 0.7100000000D-02 0.4536404000D+01 0.9850000000D+00 0.3669500000D+01 0.2961100000D+01 0.6670000000D-01-0.1300000000D-03 0.3096100000D+02 0.1409000000D-01 0.1280000000D-03 0.2820000000D-01 0.2628171000D+01 0.6260700000D+01 0.5450400000D+01 0.9084000000D+00
5 3120141231201503162457022.4 0.2600000000D-02 0.4900000000D-03 0.1913410000D+02 0.1380000000D-01 0.2470000000D-03 0.9500000000D-02 0.9588230000D+00 0.4448300000D+01 0.4931000000D+00 0.2229200000D+01 0.1180000000D-01 0.8100000000D-03 0.3932270000D+02 0.3673000000D-01 0.1710000000D-03 0.2090000000D-01 0.5219045000D+01 0.2026500000D+01 0.5569400000D+01 0.4882000000D+00
5 3220150316201505302457097.4 0.6810000000D-01-0.5100000000D-03 0.1940260000D+02 0.2878000000D-01 0.8900000000D-04 0.1550000000D-01 0.4496516000D+01 0.3781300000D+01 0.4685400000D+01 0.3903500000D+01 0.8100000000D-02-0.5900000000D-03 0.3750020000D+02 0.1319000000D-01 0.2160000000D-03 0.2710000000D-01 0.2534954000D+01 0.4685100000D+01 0.2487600000D+01 0.2174900000D+01
5 3320150530201508132457172.4 0.6000000000D-03 0.8600000000D-03 0.2152380000D+02 0.3848000000D-01 0.1810000000D-03 0.1450000000D-01 0.1739435000D+01 0.1427400000D+01 0.4271000000D+01 0.4209500000D+01 0.3220000000D-01 0.4300000000D-03 0.3814910000D+02 0.3158000000D-01 0.6000000000D-04 0.2060000000D-01 0.6141742000D+01 0.1303000000D+00 0.4952200000D+01 0.2061200000D+01
5 3420150813201510272457247.4 0.8820000000D-01-0.8800000000D-03 0.2342910000D+02 0.1200000000D-01 0.2630000000D-03 0.1670000000D-01 0.5312926000D+01 0.5967300000D+01 0.1990700000D+01 0.5912100000D+01-0.7200000000D-02-0.2100000000D-03 0.4050770000D+02 0.3493000000D-01 0.3080000000D-03 0.2970000000D-01 0.3453281000D+01 0.3333500000D+01 0.4116000000D+00 0.3637500000D+01
5 3520151027201601102457322.4 0.5000000000D-02 0.7200000000D-03 0.2275680000D+02 0.3455000000D-01 0.1640000000D-03 0.1140000000D-01 0.2651004000D+01 0.5361800000D+01 0.1735300000D+01 0.5945000000D+01 0.4390000000D-01 0.1200000000D-03 0.4141300000D+02 0.2020000000D-01 0.1850000000D-03 0.3230000000D-01 0.7453590000D+00 0.4497500000D+01 0.3349600000D+01 0.4223000000D+01
