 4 2   2  56 19.7027 4.9788  7.0  7.0  109 2454465.5000 2008                                                                                                                                                                                                                                                                                                                     
1  220071231200801072454465.4-0.8880000000D-01 0.6540000000D-02 0.1909480000D+02 0.1653300000D+00 0.3184000000D-02 0.1439000000D+00 0.1272976000D+01 0.3606500000D+01 0.5238800000D+01-0.3999000000D+00-0.3490000000D-01 0.1760000000D-02 0.9624800000D+01 0.2489000000D-01 0.2321000000D-02 0.7420000000D-01 0.1323188000D+01 0.5856000000D+00 0.4242200000D+01-0.3786000000D+00
1  320080107200801142454472.4-0.4320000000D-01 0.5400000000D-02 0.1820270000D+02 0.1689800000D+00 0.2973000000D-02 0.1361000000D+00 0.1001254000D+01 0.3570000000D+01 0.5373900000D+01-0.1044400000D+01-0.2330000000D-01 0.1850000000D-02 0.9644100000D+01 0.1727000000D-01 0.2096000000D-02 0.7360000000D-01 0.1002389000D+01 0.4725100000D+01 0.4003900000D+01-0.1065100000D+01
1  420080114200801212454479.4-0.4800000000D-02 0.3920000000D-02 0.1716420000D+02 0.1638000000D+00 0.2692000000D-02 0.1273000000D+00 0.7191730000D+00 0.3512200000D+01 0.5388900000D+01-0.1704400000D+01-0.1010000000D-01 0.1660000000D-02 0.9439900000D+01 0.4436000000D-01 0.1628000000D-02 0.7100000000D-01 0.6854870000D+00 0.3962600000D+01 0.3773500000D+01-0.1750300000D+01
1  520080121200801282454486.4 0.2430000000D-01 0.2560000000D-02 0.1607990000D+02 0.1551100000D+00 0.2327000000D-02 0.1187000000D+00 0.4237910000D+00 0.3432200000D+01 0.5301300000D+01-0.2382600000D+01 0.2400000000D-02 0.1380000000D-02 0.9051200000D+01 0.6632000000D-01 0.1099000000D-02 0.6730000000D-01 0.3697060000D+00 0.3590300000D+01 0.3583200000D+01-0.2441100000D+01
1  620080128200802042454493.4 0.4430000000D-01 0.1610000000D-02 0.1502270000D+02 0.1472300000D+00 0.1982000000D-02 0.1111000000D+00 0.1143490000D+00 0.3325100000D+01 0.5189400000D+01-0.3075700000D+01 0.1320000000D-01 0.1200000000D-02 0.8535500000D+01 0.8094000000D-01 0.5880000000D-03 0.6320000000D-01 0.5335200000D-01 0.3271000000D+01 0.3449300000D+01-0.3134500000D+01
1  720080204200802112454500.4 0.5660000000D-01 0.1110000000D-02 0.1403260000D+02 0.1409500000D+00 0.1622000000D-02 0.1043000000D+00 0.6074672000D+01 0.3190200000D+01 0.5114600000D+01-0.3777100000D+01 0.2200000000D-01 0.1110000000D-02 0.7944500000D+01 0.8898000000D-01 0.1320000000D-03 0.5870000000D-01 0.6018931000D+01 0.2965800000D+01 0.3416300000D+01-0.3824000000D+01
1  820080211200802182454507.4 0.6360000000D-01 0.8600000000D-03 0.1312840000D+02 0.1353300000D+00 0.1229000000D-02 0.9770000000D-01 0.5739577000D+01 0.3025500000D+01 0.5085600000D+01-0.4489300000D+01 0.2900000000D-01 0.1020000000D-02 0.7318800000D+01 0.9129000000D-01 0.1990000000D-03 0.5380000000D-01 0.5700005000D+01 0.2658200000D+01 0.6201100000D+01-0.4515200000D+01
1  920080218200802252454514.4 0.6740000000D-01 0.5900000000D-03 0.1231760000D+02 0.1293500000D+00 0.8310000000D-03 0.9150000000D-01 0.5393754000D+01 0.2826400000D+01 0.5061500000D+01-0.5214300000D+01 0.3490000000D-01 0.8200000000D-03 0.6689400000D+01 0.8929000000D-01 0.3490000000D-03 0.4880000000D-01 0.5380205000D+01 0.2337500000D+01 0.6052500000D+01-0.5211800000D+01
1 1020080225200803032454521.4 0.6960000000D-01 0.1800000000D-03 0.1160010000D+02 0.1231100000D+00 0.4840000000D-03 0.8610000000D-01 0.5039006000D+01 0.2591500000D+01 0.4996800000D+01-0.5952700000D+01 0.3980000000D-01 0.5300000000D-03 0.6078200000D+01 0.8506000000D-01 0.3740000000D-03 0.4420000000D-01 0.5060531000D+01 0.1999800000D+01 0.5785300000D+01-0.5911000000D+01
1 1120080303200803102454528.4 0.7010000000D-01-0.2100000000D-03 0.1097040000D+02 0.1174000000D+00 0.2520000000D-03 0.8190000000D-01 0.4677205000D+01 0.2324300000D+01 0.4884700000D+01-0.4139000000D+00 0.4340000000D-01 0.2600000000D-03 0.5497500000D+01 0.8023000000D-01 0.3860000000D-03 0.4010000000D-01 0.4742525000D+01 0.1648800000D+01 0.5376500000D+01-0.3218000000D+00
1 1220080310200803172454535.4 0.6910000000D-01-0.4500000000D-03 0.1041880000D+02 0.1128200000D+00 0.1850000000D-03 0.7820000000D-01 0.4310095000D+01 0.2033100000D+01 0.4893700000D+01-0.1155200000D+01 0.4580000000D-01 0.1000000000D-03 0.4953000000D+01 0.7519000000D-01 0.4510000000D-03 0.3610000000D-01 0.4428069000D+01 0.1291500000D+01 0.4952800000D+01-0.1005700000D+01
1 1320080317200803242454542.4 0.6690000000D-01-0.5100000000D-03 0.9933700000D+01 0.1089400000D+00 0.2470000000D-03 0.7430000000D-01 0.3939057000D+01 0.1726200000D+01 0.4981500000D+01-0.1900400000D+01 0.4710000000D-01 0.6000000000D-04 0.4447600000D+01 0.6965000000D-01 0.5200000000D-03 0.3220000000D-01 0.4119039000D+01 0.9291000000D+00 0.4629300000D+01-0.1686000000D+01
1 1420080324200803312454549.4 0.6410000000D-01-0.4600000000D-03 0.9503900000D+01 0.1051600000D+00 0.3680000000D-03 0.7080000000D-01 0.3565140000D+01 0.1407200000D+01 0.4917300000D+01-0.2657100000D+01 0.4780000000D-01 0.8000000000D-04 0.3983900000D+01 0.6375000000D-01 0.5480000000D-03 0.2870000000D-01 0.3817279000D+01 0.5572000000D+00 0.4352200000D+01-0.2364700000D+01
1 1520080331200804072454556.4 0.6120000000D-01-0.4100000000D-03 0.9119700000D+01 0.1010700000D+00 0.4860000000D-03 0.6820000000D-01 0.3189098000D+01 0.1078100000D+01 0.4784400000D+01-0.3417500000D+01 0.4830000000D-01 0.9000000000D-04 0.3564700000D+01 0.5790000000D-01 0.5350000000D-03 0.2580000000D-01 0.3524877000D+01 0.1715000000D+00 0.4046300000D+01-0.3032800000D+01
1 1620080407200804142454563.4 0.5850000000D-01-0.3800000000D-03 0.8774400000D+01 0.9646000000D-01 0.5330000000D-03 0.6610000000D-01 0.2811523000D+01 0.7371000000D+00 0.4629000000D+01-0.4167100000D+01 0.4870000000D-01 0.6000000000D-04 0.3192800000D+01 0.5242000000D-01 0.5030000000D-03 0.2330000000D-01 0.3244201000D+01 0.6054800000D+01 0.3663800000D+01-0.3679600000D+01
1 1720080414200804212454570.4 0.5590000000D-01-0.3000000000D-03 0.8462500000D+01 0.9167000000D-01 0.4780000000D-03 0.6350000000D-01 0.2433038000D+01 0.3815000000D+00 0.4443800000D+01-0.4915500000D+01 0.4900000000D-01 0.1000000000D-04 0.2871600000D+01 0.4734000000D-01 0.4760000000D-03 0.2090000000D-01 0.2977507000D+01 0.5645000000D+01 0.3218500000D+01-0.4309500000D+01
1 1820080421200804282454577.4 0.5330000000D-01-0.1500000000D-03 0.8178000000D+01 0.8747000000D-01 0.3690000000D-03 0.6100000000D-01 0.2054298000D+01 0.1430000000D-01 0.4132700000D+01-0.5675300000D+01 0.4910000000D-01 0.0000000000D+00 0.2604600000D+01 0.4253000000D-01 0.4660000000D-03 0.1900000000D-01 0.2726044000D+01 0.5229800000D+01 0.2783900000D+01-0.4933400000D+01
1 1920080428200805052454584.4 0.5110000000D-01-0.7000000000D-04 0.7914600000D+01 0.8423000000D-01 0.3130000000D-03 0.5920000000D-01 0.1675738000D+01 0.5928300000D+01 0.3582200000D+01-0.1527000000D+00 0.4900000000D-01 0.0000000000D+00 0.2394900000D+01 0.3791000000D-01 0.4530000000D-03 0.1770000000D-01 0.2489185000D+01 0.4806600000D+01 0.2389500000D+01-0.5545700000D+01
1 2020080505200805122454591.4 0.4950000000D-01-0.1500000000D-03 0.7666900000D+01 0.8150000000D-01 0.3730000000D-03 0.5770000000D-01 0.1297462000D+01 0.5564900000D+01 0.3081300000D+01-0.9037000000D+00 0.4880000000D-01 0.0000000000D+00 0.2244700000D+01 0.3357000000D-01 0.4290000000D-03 0.1680000000D-01 0.2263766000D+01 0.4369700000D+01 0.1997400000D+01-0.6142500000D+01
1 2120080512200805192454598.4 0.4820000000D-01-0.3300000000D-03 0.7432300000D+01 0.7835000000D-01 0.4480000000D-03 0.5580000000D-01 0.9192890000D+00 0.5205500000D+01 0.2874800000D+01-0.1651600000D+01 0.4860000000D-01-0.1000000000D-04 0.2153700000D+01 0.2961000000D-01 0.3990000000D-03 0.1630000000D-01 0.2043950000D+01 0.3916700000D+01 0.1578200000D+01-0.4528000000D+00
1 2220080519200805262454605.4 0.4690000000D-01-0.4800000000D-03 0.7210300000D+01 0.7478000000D-01 0.4440000000D-03 0.5380000000D-01 0.5411650000D+00 0.4837900000D+01 0.2774200000D+01-0.2407100000D+01 0.4840000000D-01-0.2000000000D-04 0.2117800000D+01 0.2608000000D-01 0.3740000000D-03 0.1610000000D-01 0.1822171000D+01 0.3448800000D+01 0.1152300000D+01-0.1055300000D+01
1 2320080526200806022454612.4 0.4490000000D-01-0.4400000000D-03 0.7000400000D+01 0.7168000000D-01 0.3590000000D-03 0.5230000000D-01 0.1633070000D+00 0.4457700000D+01 0.2596200000D+01-0.3164700000D+01 0.4820000000D-01-0.4000000000D-04 0.2129000000D+01 0.2294000000D-01 0.3550000000D-03 0.1640000000D-01 0.1591322000D+01 0.2964000000D+01 0.7473000000D+00-0.1669700000D+01
1 2420080602200806092454619.4 0.4260000000D-01-0.2400000000D-03 0.6799700000D+01 0.6957000000D-01 0.2580000000D-03 0.5100000000D-01 0.6069091000D+01 0.4074100000D+01 0.2142400000D+01-0.3917400000D+01 0.4800000000D-01-0.5000000000D-04 0.2177200000D+01 0.2025000000D-01 0.3360000000D-03 0.1690000000D-01 0.1346471000D+01 0.2454400000D+01 0.3545000000D+00-0.2295300000D+01
1 2520080609200806162454626.4 0.4040000000D-01-0.4000000000D-04 0.6605400000D+01 0.6801000000D-01 0.2500000000D-03 0.4960000000D-01 0.5692025000D+01 0.3699400000D+01 0.1485900000D+01-0.4665200000D+01 0.4780000000D-01-0.4000000000D-04 0.2252300000D+01 0.1817000000D-01 0.3150000000D-03 0.1740000000D-01 0.1085315000D+01 0.1916400000D+01 0.6207800000D+01-0.2938500000D+01
1 2620080616200806232454633.4 0.3890000000D-01 0.0000000000D+00 0.6416300000D+01 0.6624000000D-01 0.3100000000D-03 0.4790000000D-01 0.5314927000D+01 0.3334200000D+01 0.1142100000D+01-0.5415200000D+01 0.4750000000D-01-0.3000000000D-04 0.2345200000D+01 0.1677000000D-01 0.3070000000D-03 0.1820000000D-01 0.8078010000D+00 0.1360600000D+01 0.5741600000D+01-0.3601500000D+01
1 2720080623200806302454640.4 0.3790000000D-01-0.1100000000D-03 0.6233600000D+01 0.6410000000D-01 0.3470000000D-03 0.4650000000D-01 0.4937490000D+01 0.2968300000D+01 0.1013600000D+01-0.6173200000D+01 0.4720000000D-01-0.2000000000D-04 0.2448600000D+01 0.1590000000D-01 0.3100000000D-03 0.1910000000D-01 0.5153750000D+00 0.7951000000D+00 0.5294600000D+01-0.4275600000D+01
1 2820080630200807072454647.4 0.3690000000D-01-0.2400000000D-03 0.6058300000D+01 0.6216000000D-01 0.3310000000D-03 0.4540000000D-01 0.4559694000D+01 0.2594100000D+01 0.8771000000D+00-0.6451000000D+00 0.4690000000D-01 0.0000000000D+00 0.2556400000D+01 0.1556000000D-01 0.3090000000D-03 0.1990000000D-01 0.2100130000D+00 0.2211000000D+00 0.4881000000D+01-0.4958000000D+01
1 2920080707200807142454654.4 0.3560000000D-01-0.3000000000D-03 0.5889900000D+01 0.6084000000D-01 0.2830000000D-03 0.4430000000D-01 0.4181558000D+01 0.2215200000D+01 0.6207000000D+00-0.1392000000D+01 0.4670000000D-01 0.0000000000D+00 0.2664500000D+01 0.1582000000D-01 0.2910000000D-03 0.2060000000D-01 0.6176818000D+01 0.5932200000D+01 0.4461000000D+01-0.5652700000D+01
1 3020080714200807212454661.4 0.3380000000D-01-0.3000000000D-03 0.5727400000D+01 0.6012000000D-01 0.2410000000D-03 0.4280000000D-01 0.3802924000D+01 0.1838400000D+01 0.1517000000D+00-0.2141600000D+01 0.4660000000D-01 0.0000000000D+00 0.2769700000D+01 0.1665000000D-01 0.2590000000D-03 0.2140000000D-01 0.5851111000D+01 0.5379800000D+01 0.3988100000D+01-0.7850000000D-01
1 3120080721200807282454668.4 0.3200000000D-01-0.2900000000D-03 0.5569600000D+01 0.5968000000D-01 0.2530000000D-03 0.4140000000D-01 0.3423433000D+01 0.1468000000D+01 0.5831300000D+01-0.2902900000D+01 0.4650000000D-01 0.1000000000D-04 0.2869800000D+01 0.1780000000D-01 0.2390000000D-03 0.2220000000D-01 0.5517502000D+01 0.4861000000D+01 0.3439600000D+01-0.7921000000D+00
1 3220080728200808042454675.4 0.3010000000D-01-0.3100000000D-03 0.5416900000D+01 0.5905000000D-01 0.2990000000D-03 0.4060000000D-01 0.3042637000D+01 0.1101600000D+01 0.5400800000D+01-0.3661200000D+01 0.4640000000D-01 0.2000000000D-04 0.2963600000D+01 0.1895000000D-01 0.2440000000D-03 0.2290000000D-01 0.5177228000D+01 0.4370900000D+01 0.2939800000D+01-0.1503200000D+01
1 3320080804200808112454682.4 0.2820000000D-01-0.3100000000D-03 0.5270300000D+01 0.5810000000D-01 0.3180000000D-03 0.3960000000D-01 0.2660217000D+01 0.7328000000D+00 0.5165500000D+01-0.4409900000D+01 0.4640000000D-01 0.0000000000D+00 0.3050400000D+01 0.1999000000D-01 0.2530000000D-03 0.2340000000D-01 0.4831399000D+01 0.3895000000D+01 0.2568200000D+01-0.2222100000D+01
1 3420080811200808182454689.4 0.2600000000D-01-0.2600000000D-03 0.5130500000D+01 0.5721000000D-01 0.2870000000D-03 0.3830000000D-01 0.2276058000D+01 0.3578000000D+00 0.5014800000D+01-0.5165100000D+01 0.4650000000D-01-0.4000000000D-04 0.3129200000D+01 0.2107000000D-01 0.2400000000D-03 0.2390000000D-01 0.4481001000D+01 0.3425400000D+01 0.2254700000D+01-0.2952100000D+01
1 3520080818200808252454696.4 0.2360000000D-01-0.2000000000D-03 0.4997800000D+01 0.5685000000D-01 0.2210000000D-03 0.3720000000D-01 0.1890088000D+01 0.6262500000D+01 0.4820800000D+01-0.5931100000D+01 0.4660000000D-01-0.6000000000D-04 0.3199100000D+01 0.2239000000D-01 0.2030000000D-03 0.2450000000D-01 0.4126816000D+01 0.2967300000D+01 0.1857700000D+01-0.3683700000D+01
1 3620080825200809012454703.4 0.2130000000D-01-0.2200000000D-03 0.4871500000D+01 0.5716000000D-01 0.1630000000D-03 0.3640000000D-01 0.1502096000D+01 0.5888900000D+01 0.4351100000D+01-0.4128000000D+00 0.4640000000D-01-0.3000000000D-04 0.3259100000D+01 0.2384000000D-01 0.1820000000D-03 0.2500000000D-01 0.3769281000D+01 0.2531100000D+01 0.1238300000D+01-0.4410100000D+01
1 3720080901200809082454710.4 0.1920000000D-01-0.3400000000D-03 0.4751100000D+01 0.5762000000D-01 0.1890000000D-03 0.3570000000D-01 0.1111572000D+01 0.5525400000D+01 0.3754800000D+01-0.1171000000D+01 0.4620000000D-01 0.4000000000D-04 0.3309600000D+01 0.2498000000D-01 0.2160000000D-03 0.2520000000D-01 0.3408672000D+01 0.2111500000D+01 0.6546000000D+00-0.5139600000D+01
1 3820080908200809152454717.4 0.1690000000D-01-0.5200000000D-03 0.4638300000D+01 0.5775000000D-01 0.2600000000D-03 0.3470000000D-01 0.7179560000D+00 0.5164700000D+01 0.3507700000D+01-0.1934100000D+01 0.4610000000D-01 0.1100000000D-03 0.3351100000D+01 0.2572000000D-01 0.2520000000D-03 0.2540000000D-01 0.3045492000D+01 0.1688800000D+01 0.2926000000D+00-0.5878100000D+01
1 3920080915200809222454724.4 0.1410000000D-01-0.6300000000D-03 0.4535300000D+01 0.5778000000D-01 0.3040000000D-03 0.3380000000D-01 0.3209980000D+00 0.4796300000D+01 0.3398900000D+01-0.2707600000D+01 0.4620000000D-01 0.1000000000D-03 0.3383500000D+01 0.2638000000D-01 0.2440000000D-03 0.2570000000D-01 0.2680391000D+01 0.1254500000D+01 0.6260200000D+01-0.3349000000D+00
1 4020080922200809292454731.4 0.1060000000D-01-0.6000000000D-03 0.4443400000D+01 0.5825000000D-01 0.2890000000D-03 0.3330000000D-01 0.6203909000D+01 0.4418500000D+01 0.3269400000D+01-0.3485100000D+01 0.4660000000D-01 0.1000000000D-04 0.3405600000D+01 0.2724000000D-01 0.2010000000D-03 0.2590000000D-01 0.2313846000D+01 0.8181000000D+00 0.5810700000D+01-0.1071800000D+01
1 4120080929200810062454738.4 0.6600000000D-02-0.4900000000D-03 0.4362600000D+01 0.5939000000D-01 0.2370000000D-03 0.3290000000D-01 0.5800315000D+01 0.4040500000D+01 0.2980900000D+01-0.4258500000D+01 0.4690000000D-01-0.9000000000D-04 0.3416100000D+01 0.2809000000D-01 0.1880000000D-03 0.2590000000D-01 0.1946024000D+01 0.3938000000D+00 0.5128100000D+01-0.1806300000D+01
1 4220081006200810132454745.4 0.2600000000D-02-0.4200000000D-03 0.4292900000D+01 0.6087000000D-01 0.2210000000D-03 0.3230000000D-01 0.5393132000D+01 0.3670500000D+01 0.2408200000D+01-0.5030700000D+01 0.4680000000D-01-0.1200000000D-03 0.3414900000D+01 0.2849000000D-01 0.2340000000D-03 0.2580000000D-01 0.1577048000D+01 0.6261400000D+01 0.4565800000D+01-0.2545700000D+01
1 4320081013200810202454752.4-0.1200000000D-02-0.4700000000D-03 0.4236300000D+01 0.6214000000D-01 0.2860000000D-03 0.3170000000D-01 0.4982021000D+01 0.3305200000D+01 0.1904400000D+01-0.5816100000D+01 0.4630000000D-01-0.9000000000D-04 0.3402200000D+01 0.2840000000D-01 0.2760000000D-03 0.2560000000D-01 0.1207359000D+01 0.5837300000D+01 0.4204900000D+01-0.3290200000D+01
1 4420081020200810272454759.4-0.5100000000D-02-0.5900000000D-03 0.4195800000D+01 0.6314000000D-01 0.3620000000D-03 0.3160000000D-01 0.4567071000D+01 0.2935100000D+01 0.1612000000D+01-0.3268000000D+00 0.4570000000D-01-0.4000000000D-04 0.3377600000D+01 0.2819000000D-01 0.2800000000D-03 0.2560000000D-01 0.8376460000D+00 0.5396600000D+01 0.3841800000D+01-0.4030100000D+01
1 4520081027200811032454766.4-0.9300000000D-02-0.7100000000D-03 0.4173700000D+01 0.6422000000D-01 0.4000000000D-03 0.3180000000D-01 0.4148831000D+01 0.2556100000D+01 0.1363300000D+01-0.1113200000D+01 0.4500000000D-01-0.4000000000D-04 0.3339400000D+01 0.2808000000D-01 0.2680000000D-03 0.2520000000D-01 0.4685170000D+00 0.4946500000D+01 0.3352500000D+01-0.4762800000D+01
1 4620081103200811102454773.4-0.1410000000D-01-0.7800000000D-03 0.4170800000D+01 0.6575000000D-01 0.3840000000D-03 0.3170000000D-01 0.3728044000D+01 0.2171200000D+01 0.1035700000D+01-0.1895300000D+01 0.4440000000D-01-0.1000000000D-03 0.3286300000D+01 0.2797000000D-01 0.2830000000D-03 0.2460000000D-01 0.1004550000D+00 0.4494900000D+01 0.2742800000D+01-0.5497700000D+01
1 4720081110200811172454780.4-0.1930000000D-01-0.8200000000D-03 0.4186800000D+01 0.6768000000D-01 0.3490000000D-03 0.3160000000D-01 0.3305315000D+01 0.1787100000D+01 0.5209000000D+00-0.2692200000D+01 0.4350000000D-01-0.1800000000D-03 0.3217300000D+01 0.2758000000D-01 0.3370000000D-03 0.2400000000D-01 0.6017120000D+01 0.4039300000D+01 0.2192800000D+01-0.6238800000D+01
1 4820081117200811242454787.4-0.2470000000D-01-0.8600000000D-03 0.4222000000D+01 0.6948000000D-01 0.3690000000D-03 0.3220000000D-01 0.2881117000D+01 0.1406300000D+01 0.6179400000D+01-0.3494100000D+01 0.4220000000D-01-0.2500000000D-03 0.3131900000D+01 0.2683000000D-01 0.3840000000D-03 0.2350000000D-01 0.5652851000D+01 0.3565700000D+01 0.1747600000D+01-0.6871000000D+00
1 4920081124200812012454794.4-0.3040000000D-01-0.8700000000D-03 0.4277400000D+01 0.7063000000D-01 0.4380000000D-03 0.3290000000D-01 0.2456154000D+01 0.1024700000D+01 0.5698300000D+01-0.4282200000D+01 0.4040000000D-01-0.3100000000D-03 0.3029600000D+01 0.2601000000D-01 0.3930000000D-03 0.2270000000D-01 0.5291937000D+01 0.3066300000D+01 0.1315600000D+01-0.1407300000D+01
1 5020081201200812082454801.4-0.3640000000D-01-0.8200000000D-03 0.4353000000D+01 0.7116000000D-01 0.4820000000D-03 0.3340000000D-01 0.2031530000D+01 0.6359000000D+00 0.5363800000D+01-0.5066900000D+01 0.3810000000D-01-0.3900000000D-03 0.2910000000D+01 0.2545000000D-01 0.3820000000D-03 0.2150000000D-01 0.4935803000D+01 0.2547100000D+01 0.8237000000D+00-0.2128700000D+01
1 5120081208200812152454808.4-0.4260000000D-01-0.7300000000D-03 0.4447100000D+01 0.7152000000D-01 0.4570000000D-03 0.3390000000D-01 0.1608479000D+01 0.2374000000D+00 0.5052200000D+01-0.5861700000D+01 0.3540000000D-01-0.4800000000D-03 0.2773000000D+01 0.2522000000D-01 0.3870000000D-03 0.2040000000D-01 0.4586119000D+01 0.2020400000D+01 0.2747000000D+00-0.2848400000D+01
1 5220081215200812222454815.4-0.4860000000D-01-0.6800000000D-03 0.4555600000D+01 0.7215000000D-01 0.3900000000D-03 0.3500000000D-01 0.1187912000D+01 0.6118100000D+01 0.4602600000D+01-0.3723000000D+00 0.3210000000D-01-0.5600000000D-03 0.2619400000D+01 0.2513000000D-01 0.4160000000D-03 0.1940000000D-01 0.4244842000D+01 0.1490400000D+01 0.6045300000D+01-0.3551700000D+01
1 5320081222200812292454822.4-0.5420000000D-01-0.7300000000D-03 0.4674100000D+01 0.7274000000D-01 0.3930000000D-03 0.3610000000D-01 0.7701430000D+00 0.5720700000D+01 0.3976300000D+01-0.1151300000D+01 0.2820000000D-01-0.6200000000D-03 0.2452000000D+01 0.2514000000D-01 0.4330000000D-03 0.1800000000D-01 0.3914469000D+01 0.9498000000D+00 0.5607500000D+01-0.4236300000D+01
1 5420081229200901052454829.4-0.5950000000D-01-0.8700000000D-03 0.4799500000D+01 0.7260000000D-01 0.4860000000D-03 0.3700000000D-01 0.3553130000D+00 0.5326400000D+01 0.3483800000D+01-0.1926300000D+01 0.2380000000D-01-0.6600000000D-03 0.2275700000D+01 0.2556000000D-01 0.4170000000D-03 0.1660000000D-01 0.3598465000D+01 0.4013000000D+00 0.5167600000D+01-0.4911300000D+01
1 5520090105200901122454836.4-0.6480000000D-01-0.9700000000D-03 0.4929600000D+01 0.7159000000D-01 0.5590000000D-03 0.3780000000D-01 0.6226929000D+01 0.4925700000D+01 0.3161700000D+01-0.2705200000D+01 0.1890000000D-01-0.7200000000D-03 0.2097100000D+01 0.2647000000D-01 0.3970000000D-03 0.1530000000D-01 0.3301320000D+01 0.6144900000D+01 0.4659100000D+01-0.5568300000D+01
2 5620071231200801072454465.4 0.1560000000D-01-0.6600000000D-03 0.4776460000D+02 0.3886500000D+00 0.7966000000D-02 0.6600000000D-02 0.5991791000D+01 0.2115900000D+01 0.3668700000D+01 0.1696600000D+01 0.7500000000D-02-0.3000000000D-03 0.2412790000D+02 0.8437000000D-01 0.6040000000D-02 0.3200000000D-02 0.6050552000D+01 0.5163900000D+01 0.2691900000D+01 0.1727900000D+01
2 5720080107200801142454472.4 0.1530000000D-01-0.8500000000D-03 0.4550900000D+02 0.4057300000D+00 0.6362000000D-02 0.4500000000D-02 0.3177982000D+01 0.5833300000D+01 0.1198300000D+01 0.2519200000D+01 0.7900000000D-02-0.3700000000D-03 0.2421590000D+02 0.5616000000D-01 0.5597000000D-02 0.2400000000D-02 0.3186688000D+01 0.1052900000D+01 0.6087900000D+01 0.2536100000D+01
2 5820080114200801212454479.4 0.1330000000D-01-0.5500000000D-03 0.4289050000D+02 0.4063500000D+00 0.6740000000D-02 0.5200000000D-02 0.3541530000D+00 0.3209300000D+01 0.5044100000D+01 0.3426900000D+01 0.7200000000D-02-0.2400000000D-03 0.2374310000D+02 0.1103700000D+00 0.4137000000D-02 0.2900000000D-02 0.3272840000D+00 0.3751200000D+01 0.3428600000D+01 0.3414300000D+01
2 5920080121200801282454486.4 0.1260000000D-01-0.6000000000D-03 0.4016100000D+02 0.3913500000D+00 0.5155000000D-02 0.6200000000D-02 0.3801469000D+01 0.5947000000D+00 0.2500100000D+01 0.3827500000D+01 0.7300000000D-02-0.3600000000D-03 0.2280260000D+02 0.1661100000D+00 0.2603000000D-02 0.3500000000D-02 0.3753670000D+01 0.7912000000D+00 0.5062000000D+00 0.3830900000D+01
2 6020080128200802042454493.4 0.1220000000D-01-0.7100000000D-03 0.3749440000D+02 0.3730900000D+00 0.4542000000D-02 0.5600000000D-02 0.9518150000D+00 0.4215000000D+01 0.6100000000D+01 0.4137100000D+01 0.6900000000D-02-0.3700000000D-03 0.2153370000D+02 0.2009000000D+00 0.1427000000D-02 0.3300000000D-02 0.8966940000D+00 0.4178300000D+01 0.4038700000D+01 0.4102400000D+01
2 6120080204200802112454500.4 0.1110000000D-01-0.5500000000D-03 0.3500070000D+02 0.3580100000D+00 0.3439000000D-02 0.4400000000D-02 0.4372444000D+01 0.1534700000D+01 0.3494800000D+01 0.4454200000D+01 0.6500000000D-02-0.3400000000D-03 0.2007410000D+02 0.2203700000D+00 0.4920000000D-03 0.2500000000D-02 0.4322295000D+01 0.1317100000D+01 0.6960000000D+00 0.4426700000D+01
2 6220080211200802182454507.4 0.1040000000D-01-0.5000000000D-03 0.3272840000D+02 0.3429700000D+00 0.2491000000D-02 0.2900000000D-02 0.1497793000D+01 0.5102700000D+01 0.8747000000D+00 0.5044700000D+01 0.5900000000D-02-0.2800000000D-03 0.1852640000D+02 0.2259100000D+00 0.4900000000D-03 0.1600000000D-02 0.1463767000D+01 0.4737600000D+01 0.2606600000D+01 0.4999200000D+01
2 6320080218200802252454514.4 0.9700000000D-02-0.4700000000D-03 0.3070060000D+02 0.3272100000D+00 0.1941000000D-02 0.3000000000D-02 0.4895751000D+01 0.2345600000D+01 0.4364400000D+01 0.5892600000D+01 0.5400000000D-02-0.2800000000D-03 0.1697050000D+02 0.2219800000D+00 0.7090000000D-03 0.1600000000D-02 0.4887979000D+01 0.1861100000D+01 0.5440300000D+01 0.5953500000D+01
2 6420080225200803032454521.4 0.9400000000D-02-0.4600000000D-03 0.2891110000D+02 0.3168200000D+00 0.1344000000D-02 0.3700000000D-02 0.2002300000D+01 0.5858000000D+01 0.2215600000D+01 0.8520000000D-01 0.5000000000D-02-0.2700000000D-03 0.1545770000D+02 0.2130700000D+00 0.1180000000D-02 0.2000000000D-02 0.2030038000D+01 0.5277400000D+01 0.2826400000D+01 0.1466000000D+00
2 6520080303200803102454528.4 0.8300000000D-02-0.3200000000D-03 0.2733650000D+02 0.3003600000D+00 0.8910000000D-03 0.4100000000D-02 0.5384736000D+01 0.3040800000D+01 0.5376000000D+01 0.3935000000D+00 0.4300000000D-02-0.1900000000D-03 0.1401560000D+02 0.2005000000D+00 0.1095000000D-02 0.2100000000D-02 0.5456827000D+01 0.2377700000D+01 0.5997500000D+01 0.4614000000D+00
2 6620080310200803172454535.4 0.7700000000D-02-0.2700000000D-03 0.2595590000D+02 0.2920400000D+00 0.1175000000D-02 0.3800000000D-02 0.2479114000D+01 0.2227000000D+00 0.3417500000D+01 0.5987000000D+00 0.3800000000D-02-0.1600000000D-03 0.1266150000D+02 0.1870900000D+00 0.1408000000D-02 0.1700000000D-02 0.2604481000D+01 0.5774700000D+01 0.3305400000D+01 0.6813000000D+00
2 6720080317200803242454542.4 0.7400000000D-02-0.2900000000D-03 0.2474110000D+02 0.2751700000D+00 0.5300000000D-03 0.2700000000D-02 0.5852060000D+01 0.3655600000D+01 0.7836000000D+00 0.9442000000D+00 0.3400000000D-02-0.1700000000D-03 0.1140450000D+02 0.1719100000D+00 0.1214000000D-02 0.1000000000D-02 0.6040155000D+01 0.2855200000D+01 0.2667000000D+00 0.1175400000D+01
2 6820080324200803312454549.4 0.6700000000D-02-0.2100000000D-03 0.2367460000D+02 0.2679200000D+00 0.1192000000D-02 0.1900000000D-02 0.2939489000D+01 0.7989000000D+00 0.4325700000D+01 0.1589500000D+01 0.3000000000D-02-0.1400000000D-03 0.1025560000D+02 0.1577400000D+00 0.1411000000D-02 0.7000000000D-03 0.3200446000D+01 0.6232800000D+01 0.3779800000D+01 0.2169900000D+01
2 6920080331200804072454556.4 0.6100000000D-02-0.1500000000D-03 0.2272140000D+02 0.2532300000D+00 0.9070000000D-03 0.2000000000D-02 0.2447100000D-01 0.4210900000D+01 0.1878600000D+01 0.2528200000D+01 0.2600000000D-02-0.1100000000D-03 0.9216300000D+01 0.1430100000D+00 0.1250000000D-02 0.1100000000D-02 0.3696270000D+00 0.3299300000D+01 0.8336000000D+00 0.2996300000D+01
2 7020080407200804142454563.4 0.5900000000D-02-0.1700000000D-03 0.2187260000D+02 0.2439700000D+00 0.9080000000D-03 0.2900000000D-02 0.3391605000D+01 0.1323500000D+01 0.5089300000D+01 0.3004600000D+01 0.2400000000D-02-0.1200000000D-03 0.8296500000D+01 0.1299100000D+00 0.1283000000D-02 0.1200000000D-02 0.3833606000D+01 0.3646000000D+00 0.4171500000D+01 0.3321600000D+01
2 7120080414200804212454570.4 0.5500000000D-02-0.1400000000D-03 0.2109960000D+02 0.2340700000D+00 0.1258000000D-02 0.3300000000D-02 0.4747780000D+00 0.4727800000D+01 0.2456900000D+01 0.3290400000D+01 0.2200000000D-02-0.1100000000D-03 0.7500800000D+01 0.1162200000D+00 0.1216000000D-02 0.1100000000D-02 0.1027631000D+01 0.3705100000D+01 0.1322400000D+01 0.3653300000D+01
2 7220080421200804282454577.4 0.5000000000D-02-0.7000000000D-04 0.2039960000D+02 0.2229000000D+00 0.8350000000D-03 0.3200000000D-02 0.3840619000D+01 0.1820000000D+01 0.5890900000D+01 0.3544300000D+01 0.1900000000D-02-0.9000000000D-04 0.6841200000D+01 0.1044900000D+00 0.1169000000D-02 0.7000000000D-03 0.4518537000D+01 0.7444000000D+00 0.4567900000D+01 0.4160600000D+01
2 7320080428200805052454584.4 0.4600000000D-02-0.5000000000D-04 0.1974850000D+02 0.2165200000D+00 0.1304000000D-02 0.2500000000D-02 0.9236390000D+00 0.5211100000D+01 0.2937200000D+01 0.3850800000D+01 0.1700000000D-02-0.7000000000D-04 0.6323400000D+01 0.9232000000D-01 0.1111000000D-02 0.6000000000D-03 0.1739746000D+01 0.4068300000D+01 0.1748500000D+01 0.5221400000D+01
2 7420080505200805122454591.4 0.4300000000D-02-0.2000000000D-04 0.1914280000D+02 0.2046600000D+00 0.7460000000D-03 0.1900000000D-02 0.4289460000D+01 0.2295000000D+01 0.3806000000D+00 0.4514800000D+01 0.1600000000D-02-0.8000000000D-04 0.5952000000D+01 0.8262000000D-01 0.1089000000D-02 0.9000000000D-03 0.5253782000D+01 0.1080500000D+01 0.4927400000D+01 0.5902900000D+01
2 7520080512200805192454598.4 0.3800000000D-02 0.3000000000D-04 0.1857150000D+02 0.2014800000D+00 0.1324000000D-02 0.2000000000D-02 0.1372984000D+01 0.5680200000D+01 0.3397600000D+01 0.5250800000D+01 0.1400000000D-02-0.6000000000D-04 0.5725800000D+01 0.7169000000D-01 0.9950000000D-03 0.9000000000D-03 0.2490027000D+01 0.4377700000D+01 0.2143700000D+01 0.6100000000D-02
2 7620080519200805262454605.4 0.3300000000D-02 0.6000000000D-04 0.1802980000D+02 0.1903800000D+00 0.8270000000D-03 0.2600000000D-02 0.4739263000D+01 0.2760600000D+01 0.8873000000D+00 0.5807600000D+01 0.1300000000D-02-0.5000000000D-04 0.5633600000D+01 0.6391000000D-01 0.9900000000D-03 0.8000000000D-03 0.6006839000D+01 0.1358100000D+01 0.5308300000D+01 0.3560000000D+00
2 7720080526200806022454612.4 0.3000000000D-02 0.7000000000D-04 0.1751190000D+02 0.1870100000D+00 0.1086000000D-02 0.2900000000D-02 0.1823240000D+01 0.6135200000D+01 0.3949400000D+01 0.6085100000D+01 0.1200000000D-02-0.5000000000D-04 0.5657900000D+01 0.5537000000D-01 0.9120000000D-03 0.5000000000D-03 0.3232610000D+01 0.4612000000D+01 0.2457300000D+01 0.1083700000D+01
2 7820080602200806092454619.4 0.2500000000D-02 0.1300000000D-03 0.1701240000D+02 0.1787500000D+00 0.8620000000D-03 0.2500000000D-02 0.5190100000D+01 0.3219000000D+01 0.1378200000D+01 0.9350000000D-01 0.1200000000D-02-0.7000000000D-04 0.5773300000D+01 0.4944000000D-01 0.8770000000D-03 0.6000000000D-03 0.4451830000D+00 0.1545800000D+01 0.5691300000D+01 0.2132000000D+01
2 7920080609200806162454626.4 0.2100000000D-02 0.1400000000D-03 0.1653150000D+02 0.1755600000D+00 0.9110000000D-03 0.2000000000D-02 0.2274218000D+01 0.3046000000D+00 0.4475100000D+01 0.4882000000D+00 0.1200000000D-02-0.6000000000D-04 0.5958400000D+01 0.4414000000D-01 0.8590000000D-03 0.9000000000D-03 0.3926092000D+01 0.4745500000D+01 0.2765500000D+01 0.2730200000D+01
2 8020080616200806232454633.4 0.1900000000D-02 0.1100000000D-03 0.1606410000D+02 0.1699100000D+00 0.9240000000D-03 0.1500000000D-02 0.5641205000D+01 0.3676200000D+01 0.1747900000D+01 0.1215100000D+01 0.1200000000D-02-0.5000000000D-04 0.6188500000D+01 0.4072000000D-01 0.7590000000D-03 0.1100000000D-02 0.1108581000D+01 0.1621100000D+01 0.6056700000D+01 0.3040900000D+01
2 8120080623200806302454640.4 0.1600000000D-02 0.1300000000D-03 0.1561230000D+02 0.1652800000D+00 0.6870000000D-03 0.1800000000D-02 0.2724831000D+01 0.7544000000D+00 0.5205700000D+01 0.2051700000D+01 0.1300000000D-02-0.6000000000D-04 0.6446400000D+01 0.3924000000D-01 0.8570000000D-03 0.9000000000D-03 0.4559784000D+01 0.4798600000D+01 0.3071400000D+01 0.3423300000D+01
2 8220080630200807072454647.4 0.1200000000D-02 0.1700000000D-03 0.1517030000D+02 0.1632800000D+00 0.9460000000D-03 0.2300000000D-02 0.6091427000D+01 0.4131900000D+01 0.2130900000D+01 0.2487300000D+01 0.1300000000D-02-0.6000000000D-04 0.6716700000D+01 0.3916000000D-01 0.6350000000D-03 0.7000000000D-03 0.1715663000D+01 0.1639700000D+01 0.1060000000D+00 0.4095200000D+01
2 8320080707200807142454654.4 0.1100000000D-02 0.1300000000D-03 0.1474190000D+02 0.1581800000D+00 0.6550000000D-03 0.2600000000D-02 0.3173810000D+01 0.1209800000D+01 0.5827800000D+01 0.2784500000D+01 0.1300000000D-02-0.4000000000D-04 0.6988700000D+01 0.4054000000D-01 0.8190000000D-03 0.8000000000D-03 0.5143270000D+01 0.4852900000D+01 0.3406400000D+01 0.4967700000D+01
2 8420080714200807212454661.4 0.9000000000D-03 0.1200000000D-03 0.1432470000D+02 0.1576100000D+00 0.8450000000D-03 0.2300000000D-02 0.2557690000D+00 0.4585700000D+01 0.2618100000D+01 0.3020400000D+01 0.1300000000D-02-0.3000000000D-04 0.7255100000D+01 0.4342000000D-01 0.5930000000D-03 0.1200000000D-02 0.2279036000D+01 0.1739000000D+01 0.4002000000D+00 0.5506500000D+01
2 8520080721200807282454668.4 0.5000000000D-03 0.1700000000D-03 0.1391890000D+02 0.1533400000D+00 0.6710000000D-03 0.1800000000D-02 0.3619356000D+01 0.1667700000D+01 0.1204000000D+00 0.3431300000D+01 0.1400000000D-02-0.4000000000D-04 0.7508500000D+01 0.4611000000D-01 0.7940000000D-03 0.1300000000D-02 0.5689578000D+01 0.5000900000D+01 0.3715400000D+01 0.5793000000D+01
2 8620080728200808042454675.4 0.2000000000D-03 0.1600000000D-03 0.1352540000D+02 0.1537400000D+00 0.7500000000D-03 0.1300000000D-02 0.6988100000D+00 0.5040300000D+01 0.3176300000D+01 0.4080500000D+01 0.1400000000D-02-0.2000000000D-04 0.7747000000D+01 0.5030000000D-01 0.5590000000D-03 0.1200000000D-02 0.2810889000D+01 0.1939600000D+01 0.7398000000D+00 0.6107700000D+01
2 8720080804200808112454682.4 0.1000000000D-03 0.1200000000D-03 0.1314260000D+02 0.1514800000D+00 0.7070000000D-03 0.1400000000D-02 0.4059379000D+01 0.2127600000D+01 0.4946000000D+00 0.4926700000D+01 0.1400000000D-02-0.1000000000D-04 0.7964700000D+01 0.5387000000D-01 0.7000000000D-03 0.9000000000D-03 0.6209233000D+01 0.5235800000D+01 0.3982900000D+01 0.2305000000D+00
2 8820080811200808182454689.4-0.1000000000D-03 0.1400000000D-03 0.1277420000D+02 0.1507600000D+00 0.6720000000D-03 0.1900000000D-02 0.1134872000D+01 0.5496400000D+01 0.3941600000D+01 0.5364200000D+01 0.1600000000D-02-0.1000000000D-04 0.8164000000D+01 0.5740000000D-01 0.6310000000D-03 0.7000000000D-03 0.3319838000D+01 0.2227500000D+01 0.1127000000D+01 0.1144100000D+01
2 8920080818200808252454696.4-0.4000000000D-03 0.1500000000D-03 0.1241890000D+02 0.1514700000D+00 0.7510000000D-03 0.1900000000D-02 0.4491315000D+01 0.2586900000D+01 0.8945000000D+00 0.5666100000D+01 0.1700000000D-02-0.1000000000D-04 0.8338400000D+01 0.6208000000D-01 0.6240000000D-03 0.1000000000D-02 0.4263300000D+00 0.5534600000D+01 0.4162700000D+01 0.1891400000D+01
2 9020080825200809012454703.4-0.5000000000D-03 0.1000000000D-03 0.1207900000D+02 0.1504500000D+00 0.6900000000D-03 0.1800000000D-02 0.1561582000D+01 0.5953300000D+01 0.4598100000D+01 0.5955800000D+01 0.1700000000D-02 0.1000000000D-04 0.8491800000D+01 0.6435000000D-01 0.6600000000D-03 0.1300000000D-02 0.3812199000D+01 0.2554700000D+01 0.1467100000D+01 0.2333300000D+01
2 9120080901200809082454710.4-0.6000000000D-03 0.7000000000D-04 0.1175570000D+02 0.1530100000D+00 0.7540000000D-03 0.1400000000D-02 0.4912307000D+01 0.3043400000D+01 0.1371700000D+01 0.4630000000D-01 0.1800000000D-02 0.1000000000D-04 0.8619200000D+01 0.6924000000D-01 0.5800000000D-03 0.1400000000D-02 0.9121920000D+00 0.5869200000D+01 0.4391900000D+01 0.2582500000D+01
2 9220080908200809152454717.4-0.9000000000D-03 0.7000000000D-04 0.1145140000D+02 0.1519400000D+00 0.7710000000D-03 0.1100000000D-02 0.1975890000D+01 0.1272000000D+00 0.5234200000D+01 0.8033000000D+00 0.1800000000D-02 0.3000000000D-04 0.8723300000D+01 0.7023000000D-01 0.7010000000D-03 0.1200000000D-02 0.4292184000D+01 0.2907700000D+01 0.1800600000D+01 0.2917500000D+01
2 9320080915200809222454724.4-0.1000000000D-02 0.3000000000D-04 0.1116990000D+02 0.1564400000D+00 0.7680000000D-03 0.1300000000D-02 0.5319493000D+01 0.3497500000D+01 0.1840000000D+01 0.1481200000D+01 0.1800000000D-02 0.5000000000D-04 0.8801200000D+01 0.7513000000D-01 0.5950000000D-03 0.9000000000D-03 0.1387450000D+01 0.6224200000D+01 0.4574100000D+01 0.3452300000D+01
2 9420080922200809292454731.4-0.1000000000D-02 0.0000000000D+00 0.1091190000D+02 0.1561900000D+00 0.8510000000D-03 0.1600000000D-02 0.2375114000D+01 0.5820000000D+00 0.5666400000D+01 0.1941000000D+01 0.1800000000D-02 0.7000000000D-04 0.8852700000D+01 0.7525000000D-01 0.6790000000D-03 0.8000000000D-03 0.4763332000D+01 0.3265800000D+01 0.1998600000D+01 0.4272200000D+01
2 9520080929200810062454738.4-0.1200000000D-02 0.0000000000D+00 0.1068440000D+02 0.1606900000D+00 0.7660000000D-03 0.1700000000D-02 0.5710089000D+01 0.3947000000D+01 0.2493500000D+01 0.2166400000D+01 0.1900000000D-02 0.7000000000D-04 0.8876800000D+01 0.7843000000D-01 0.6280000000D-03 0.1200000000D-02 0.1855133000D+01 0.3011000000D+00 0.4934800000D+01 0.4885200000D+01
2 9620081006200810132454745.4-0.1400000000D-02-0.2000000000D-04 0.1048850000D+02 0.1624000000D+00 0.9540000000D-03 0.1600000000D-02 0.2756903000D+01 0.1034500000D+01 0.6036000000D+01 0.2395900000D+01 0.1800000000D-02 0.1000000000D-03 0.8871600000D+01 0.7832000000D-01 0.7110000000D-03 0.1300000000D-02 0.5228586000D+01 0.3625100000D+01 0.2148100000D+01 0.5176800000D+01
2 9720081013200810202454752.4-0.1400000000D-02-0.6000000000D-04 0.1033400000D+02 0.1665400000D+00 0.8340000000D-03 0.1300000000D-02 0.6082713000D+01 0.4393000000D+01 0.3074100000D+01 0.2694400000D+01 0.1800000000D-02 0.1000000000D-03 0.8836800000D+01 0.7969000000D-01 0.6750000000D-03 0.1300000000D-02 0.2318587000D+01 0.6528000000D+00 0.5232800000D+01 0.5462100000D+01
2 9820081020200810272454759.4-0.1700000000D-02-0.5000000000D-04 0.1022000000D+02 0.1702300000D+00 0.1000000000D-02 0.8000000000D-03 0.3120876000D+01 0.1478100000D+01 0.9330000000D-01 0.3223500000D+01 0.1900000000D-02 0.8000000000D-04 0.8768000000D+01 0.7933000000D-01 0.7800000000D-03 0.1000000000D-02 0.5691400000D+01 0.3969200000D+01 0.2242200000D+01 0.5728700000D+01
2 9920081027200811032454766.4-0.1800000000D-02-0.8000000000D-04 0.1015730000D+02 0.1730300000D+00 0.9770000000D-03 0.8000000000D-03 0.1550040000D+00 0.4834400000D+01 0.3646600000D+01 0.4150800000D+01 0.1900000000D-02 0.9000000000D-04 0.8665400000D+01 0.7807000000D-01 0.7170000000D-03 0.6000000000D-03 0.2781386000D+01 0.9830000000D+00 0.5591600000D+01 0.1286000000D+00
210020081103200811102454773.4-0.1900000000D-02-0.1100000000D-03 0.1014550000D+02 0.1787200000D+00 0.1054000000D-02 0.1100000000D-02 0.3469401000D+01 0.1914800000D+01 0.4137000000D+00 0.4687600000D+01 0.1800000000D-02 0.1100000000D-03 0.8524100000D+01 0.7779000000D-01 0.9120000000D-03 0.7000000000D-03 0.6155821000D+01 0.4288400000D+01 0.2384900000D+01 0.1094200000D+01
210120081110200811172454780.4-0.2000000000D-02-0.1200000000D-03 0.1019240000D+02 0.1805000000D+00 0.1115000000D-02 0.1400000000D-02 0.4977870000D+00 0.5269600000D+01 0.4014200000D+01 0.5020700000D+01 0.1800000000D-02 0.9000000000D-04 0.8343900000D+01 0.7461000000D-01 0.8190000000D-03 0.1000000000D-02 0.3248435000D+01 0.1279900000D+01 0.5819100000D+01 0.1679300000D+01
210220081117200811242454787.4-0.2200000000D-02-0.1200000000D-03 0.1029630000D+02 0.1858800000D+00 0.1112000000D-02 0.1500000000D-02 0.3808614000D+01 0.2340900000D+01 0.8258000000D+00 0.5188200000D+01 0.1800000000D-02 0.8000000000D-04 0.8120900000D+01 0.7352000000D-01 0.1004000000D-02 0.1100000000D-02 0.3441850000D+00 0.4559000000D+01 0.2637200000D+01 0.1922400000D+01
210320081124200812012454794.4-0.2200000000D-02-0.1700000000D-03 0.1045770000D+02 0.1874200000D+00 0.1223000000D-02 0.1300000000D-02 0.8356270000D+00 0.5693800000D+01 0.4337700000D+01 0.5440400000D+01 0.1700000000D-02 0.1100000000D-03 0.7853800000D+01 0.6992000000D-01 0.9280000000D-03 0.1000000000D-02 0.3726400000D+01 0.1521900000D+01 0.6021900000D+01 0.2147100000D+01
210420081201200812082454801.4-0.2300000000D-02-0.1700000000D-03 0.1067390000D+02 0.1916000000D+00 0.1210000000D-02 0.1000000000D-02 0.4147284000D+01 0.2757800000D+01 0.1181200000D+01 0.5775300000D+01 0.1600000000D-02 0.1000000000D-03 0.7542800000D+01 0.6834000000D-01 0.1088000000D-02 0.7000000000D-03 0.8309730000D+00 0.4767800000D+01 0.2900500000D+01 0.2485000000D+01
210520081208200812152454808.4-0.2500000000D-02-0.1500000000D-03 0.1093830000D+02 0.1927100000D+00 0.1303000000D-02 0.7000000000D-03 0.1177500000D+01 0.6104700000D+01 0.4563200000D+01 0.1611000000D+00 0.1600000000D-02 0.8000000000D-04 0.7188500000D+01 0.6569000000D-01 0.1067000000D-02 0.4000000000D-03 0.4225208000D+01 0.1699100000D+01 0.6207900000D+01 0.3196200000D+01
210620081215200812222454815.4-0.2600000000D-02-0.1600000000D-03 0.1124310000D+02 0.1937000000D+00 0.1362000000D-02 0.9000000000D-03 0.4493947000D+01 0.3162900000D+01 0.1597200000D+01 0.9885000000D+00 0.1500000000D-02 0.8000000000D-04 0.6795900000D+01 0.6429000000D-01 0.1083000000D-02 0.5000000000D-03 0.1345325000D+01 0.4901300000D+01 0.3175300000D+01 0.4231600000D+01
210720081222200812292454822.4-0.2500000000D-02-0.1800000000D-03 0.1157720000D+02 0.1950400000D+00 0.1386000000D-02 0.1200000000D-02 0.1530823000D+01 0.2163000000D+00 0.4782400000D+01 0.1353000000D+01 0.1300000000D-02 0.9000000000D-04 0.6371900000D+01 0.6378000000D-01 0.1166000000D-02 0.7000000000D-03 0.4760385000D+01 0.1817500000D+01 0.1345000000D+00 0.4606000000D+01
210820081229200901052454829.4-0.2700000000D-02-0.1300000000D-03 0.1192980000D+02 0.1930700000D+00 0.1493000000D-02 0.1400000000D-02 0.4854430000D+01 0.3552600000D+01 0.1938800000D+01 0.1645900000D+01 0.1300000000D-02 0.5000000000D-04 0.5929800000D+01 0.6403000000D-01 0.1079000000D-02 0.7000000000D-03 0.1907105000D+01 0.4995700000D+01 0.3371500000D+01 0.4874500000D+01
210920090105200901122454836.4-0.2800000000D-02-0.1100000000D-03 0.1228870000D+02 0.1934700000D+00 0.1482000000D-02 0.1400000000D-02 0.1899249000D+01 0.5955000000D+00 0.5057000000D+01 0.1784200000D+01 0.1200000000D-02 0.5000000000D-04 0.5488600000D+01 0.6501000000D-01 0.1177000000D-02 0.4000000000D-03 0.5356511000D+01 0.1914300000D+01 0.3446000000D+00 0.5070800000D+01
