 4 2   2  56 19.7027 4.9788  7.0  7.0 109 2451543.5000 2000                                                                                                                                                                                                                                                                                                                      
1  219991231200001072451543.4-0.1528000000D+00 0.5700000000D-03 0.6972000000D+01 0.8794000000D-01 0.6630000000D-03 0.5220000000D-01 0.5300010000D+00 0.4927100000D+01 0.2937400000D+01-0.8680000000D+00-0.3310000000D-01-0.8200000000D-03 0.2727300000D+01 0.2867000000D-01 0.5390000000D-03 0.2140000000D-01 0.5524319000D+01 0.5728700000D+01 0.3813600000D+01-0.2106900000D+01
1  320000107200001142451550.4-0.1490000000D+00 0.4700000000D-03 0.6779800000D+01 0.8559000000D-01 0.6800000000D-03 0.5060000000D-01 0.1353750000D+00 0.4515500000D+01 0.2604900000D+01-0.1628100000D+01-0.3880000000D-01-0.7900000000D-03 0.2920200000D+01 0.2726000000D-01 0.5480000000D-03 0.2280000000D-01 0.5217792000D+01 0.5147800000D+01 0.3324300000D+01-0.2795900000D+01
1  420000114200001212451557.4-0.1451000000D+00 0.3600000000D-03 0.6580900000D+01 0.8314000000D-01 0.6280000000D-03 0.4870000000D-01 0.6023674000D+01 0.4101800000D+01 0.2361900000D+01-0.2396700000D+01-0.4390000000D-01-0.7200000000D-03 0.3103400000D+01 0.2640000000D-01 0.5350000000D-03 0.2410000000D-01 0.4893815000D+01 0.4557100000D+01 0.2905000000D+01-0.3503400000D+01
1  520000121200001282451564.4-0.1415000000D+00 0.3500000000D-03 0.6378400000D+01 0.8145000000D-01 0.5120000000D-03 0.4730000000D-01 0.5628426000D+01 0.3685800000D+01 0.2058400000D+01-0.3171600000D+01-0.4850000000D-01-0.5700000000D-03 0.3269300000D+01 0.2649000000D-01 0.4770000000D-03 0.2530000000D-01 0.4556649000D+01 0.3963700000D+01 0.2460000000D+01-0.4218300000D+01
1  620000128200002042451571.4-0.1381000000D+00 0.5000000000D-03 0.6172800000D+01 0.8072000000D-01 0.4250000000D-03 0.4600000000D-01 0.5232547000D+01 0.3277600000D+01 0.1533400000D+01-0.3939000000D+01-0.5250000000D-01-0.3700000000D-03 0.3413600000D+01 0.2755000000D-01 0.4240000000D-03 0.2640000000D-01 0.4209289000D+01 0.3396500000D+01 0.1902300000D+01-0.4938800000D+01
1  720000204200002112451578.4-0.1347000000D+00 0.7000000000D-03 0.5965000000D+01 0.8014000000D-01 0.4520000000D-03 0.4440000000D-01 0.4835385000D+01 0.2882200000D+01 0.9608000000D+00-0.4703500000D+01-0.5560000000D-01-0.2000000000D-03 0.3534700000D+01 0.2888000000D-01 0.4250000000D-03 0.2710000000D-01 0.3853924000D+01 0.2866900000D+01 0.1324900000D+01-0.5668500000D+01
1  820000211200002182451585.4-0.1309000000D+00 0.7900000000D-03 0.5758500000D+01 0.7894000000D-01 0.5120000000D-03 0.4260000000D-01 0.4436186000D+01 0.2492900000D+01 0.6172000000D+00-0.5475900000D+01-0.5770000000D-01-0.1300000000D-03 0.3633100000D+01 0.2993000000D-01 0.4430000000D-03 0.2770000000D-01 0.3492430000D+01 0.2358200000D+01 0.8801000000D+00-0.1259000000D+00
1  920000218200002252451592.4-0.1264000000D+00 0.7300000000D-03 0.5557500000D+01 0.7730000000D-01 0.5060000000D-03 0.4110000000D-01 0.4034549000D+01 0.2098900000D+01 0.4233000000D+00-0.6257700000D+01-0.5890000000D-01-0.1300000000D-03 0.3709000000D+01 0.3092000000D-01 0.4150000000D-03 0.2830000000D-01 0.3126527000D+01 0.1853700000D+01 0.5111000000D+00-0.8673000000D+00
1 1020000225200003032451599.4-0.1218000000D+00 0.5700000000D-03 0.5364900000D+01 0.7619000000D-01 0.4270000000D-03 0.4000000000D-01 0.3630506000D+01 0.1698900000D+01 0.1961000000D+00-0.7524000000D+00-0.5970000000D-01-0.1300000000D-03 0.3761700000D+01 0.3226000000D-01 0.3480000000D-03 0.2870000000D-01 0.2757455000D+01 0.1362000000D+01 0.4760000000D-01-0.1603500000D+01
1 1120000303200003102451606.4-0.1174000000D+00 0.4300000000D-03 0.5180700000D+01 0.7594000000D-01 0.3480000000D-03 0.3870000000D-01 0.3223945000D+01 0.1303700000D+01 0.6043800000D+01-0.1526000000D+01-0.6020000000D-01-0.8000000000D-04 0.3791600000D+01 0.3365000000D-01 0.3200000000D-03 0.2870000000D-01 0.2385852000D+01 0.8963000000D+00 0.5700800000D+01-0.2346600000D+01
1 1220000310200003172451613.4-0.1136000000D+00 0.3900000000D-03 0.5005900000D+01 0.7589000000D-01 0.3600000000D-03 0.3720000000D-01 0.2814341000D+01 0.9193000000D+00 0.5471800000D+01-0.2309400000D+01-0.6050000000D-01 0.0000000000D+00 0.3800600000D+01 0.3448000000D-01 0.3550000000D-03 0.2860000000D-01 0.2012236000D+01 0.4483000000D+00 0.5129100000D+01-0.3099400000D+01
1 1320000317200003242451620.4-0.1102000000D+00 0.4400000000D-03 0.4843500000D+01 0.7541000000D-01 0.4390000000D-03 0.3600000000D-01 0.2401176000D+01 0.5402000000D+00 0.5058700000D+01-0.3105300000D+01-0.6040000000D-01 0.9000000000D-04 0.3790700000D+01 0.3468000000D-01 0.3900000000D-03 0.2870000000D-01 0.1637351000D+01 0.4000000000D-03 0.4697300000D+01-0.3849700000D+01
1 1420000324200003312451627.4-0.1069000000D+00 0.4900000000D-03 0.4697100000D+01 0.7457000000D-01 0.4910000000D-03 0.3520000000D-01 0.1984355000D+01 0.1568000000D+00 0.4764200000D+01-0.3897900000D+01-0.5980000000D-01 0.1500000000D-03 0.3763000000D+01 0.3468000000D-01 0.3780000000D-03 0.2850000000D-01 0.1262062000D+01 0.5827400000D+01 0.4273500000D+01-0.4590700000D+01
1 1520000331200004072451634.4-0.1036000000D+00 0.5100000000D-03 0.4569400000D+01 0.7387000000D-01 0.4660000000D-03 0.3440000000D-01 0.1564219000D+01 0.6048800000D+01 0.4459200000D+01-0.4682300000D+01-0.5890000000D-01 0.1900000000D-03 0.3717800000D+01 0.3477000000D-01 0.3390000000D-03 0.2790000000D-01 0.8870580000D+00 0.5370400000D+01 0.3724300000D+01-0.5335700000D+01
1 1620000407200004142451641.4-0.1003000000D+00 0.5200000000D-03 0.4460900000D+01 0.7359000000D-01 0.3930000000D-03 0.3330000000D-01 0.1141223000D+01 0.5655400000D+01 0.4034700000D+01-0.5478800000D+01-0.5770000000D-01 0.2300000000D-03 0.3655100000D+01 0.3467000000D-01 0.3350000000D-03 0.2730000000D-01 0.5127610000D+00 0.4921100000D+01 0.3074600000D+01-0.6088900000D+01
1 1720000414200004212451648.4-0.9720000000D-01 0.5200000000D-03 0.4372000000D+01 0.7345000000D-01 0.3530000000D-03 0.3260000000D-01 0.7157710000D+00 0.5266500000D+01 0.3462800000D+01-0.4200000000D-02-0.5630000000D-01 0.2500000000D-03 0.3576100000D+01 0.3404000000D-01 0.3680000000D-03 0.2680000000D-01 0.1396180000D+00 0.4475200000D+01 0.2521400000D+01-0.5523000000D+00
1 1820000421200004282451655.4-0.9410000000D-01 0.4700000000D-03 0.4303400000D+01 0.7303000000D-01 0.3830000000D-03 0.3250000000D-01 0.2883430000D+00 0.4883600000D+01 0.2926300000D+01-0.8050000000D+00-0.5470000000D-01 0.2400000000D-03 0.3481800000D+01 0.3290000000D-01 0.3890000000D-03 0.2610000000D-01 0.6051444000D+01 0.4022800000D+01 0.2089200000D+01-0.1288900000D+01
1 1920000428200005052451662.4-0.9100000000D-01 0.3600000000D-03 0.4256200000D+01 0.7202000000D-01 0.4310000000D-03 0.3220000000D-01 0.6142790000D+01 0.4502400000D+01 0.2583400000D+01-0.1595900000D+01-0.5300000000D-01 0.2000000000D-03 0.3373000000D+01 0.3155000000D-01 0.3700000000D-03 0.2500000000D-01 0.5682639000D+01 0.3557100000D+01 0.1690000000D+01-0.2025000000D+01
1 2020000505200005122451669.4-0.8810000000D-01 0.2300000000D-03 0.4231600000D+01 0.7055000000D-01 0.4300000000D-03 0.3170000000D-01 0.5713822000D+01 0.4116000000D+01 0.2347700000D+01-0.2395700000D+01-0.5130000000D-01 0.1600000000D-03 0.3250700000D+01 0.3034000000D-01 0.3290000000D-03 0.2400000000D-01 0.5317327000D+01 0.3081300000D+01 0.1214500000D+01-0.2765000000D+01
1 2120000512200005192451676.4-0.8570000000D-01 0.1500000000D-03 0.4228600000D+01 0.6923000000D-01 0.3720000000D-03 0.3180000000D-01 0.5286050000D+01 0.3722800000D+01 0.2055400000D+01-0.3202200000D+01-0.4980000000D-01 0.1700000000D-03 0.3115300000D+01 0.2929000000D-01 0.3220000000D-03 0.2300000000D-01 0.4956481000D+01 0.2605800000D+01 0.6595000000D+00-0.3496400000D+01
1 2220000519200005262451683.4-0.8390000000D-01 0.1900000000D-03 0.4244000000D+01 0.6838000000D-01 0.3160000000D-03 0.3220000000D-01 0.4860631000D+01 0.3329800000D+01 0.1529600000D+01-0.3997100000D+01-0.4840000000D-01 0.2300000000D-03 0.2967700000D+01 0.2818000000D-01 0.3530000000D-03 0.2190000000D-01 0.4601004000D+01 0.2132200000D+01 0.1727000000D+00-0.4215000000D+01
1 2320000526200006022451690.4-0.8240000000D-01 0.3100000000D-03 0.4274300000D+01 0.6758000000D-01 0.3460000000D-03 0.3250000000D-01 0.4438108000D+01 0.2943400000D+01 0.9000000000D+00-0.4781500000D+01-0.4690000000D-01 0.2900000000D-03 0.2809600000D+01 0.2692000000D-01 0.3740000000D-03 0.2060000000D-01 0.4251867000D+01 0.1650200000D+01 0.6063600000D+01-0.4928700000D+01
1 2420000602200006092451697.4-0.8090000000D-01 0.3900000000D-03 0.4317800000D+01 0.6612000000D-01 0.4190000000D-03 0.3260000000D-01 0.4018764000D+01 0.2561300000D+01 0.5057000000D+00-0.5568100000D+01-0.4530000000D-01 0.2900000000D-03 0.2643900000D+01 0.2579000000D-01 0.3560000000D-03 0.1920000000D-01 0.3910396000D+01 0.1151200000D+01 0.5672900000D+01-0.5639000000D+01
1 2520000609200006162451704.4-0.7910000000D-01 0.3500000000D-03 0.4373200000D+01 0.6393000000D-01 0.4340000000D-03 0.3310000000D-01 0.3603217000D+01 0.2172900000D+01 0.2686000000D+00-0.7530000000D-01-0.4360000000D-01 0.2400000000D-03 0.2473500000D+01 0.2509000000D-01 0.3190000000D-03 0.1800000000D-01 0.3578474000D+01 0.6432000000D+00 0.5190100000D+01-0.5480000000D-01
1 2620000616200006232451711.4-0.7710000000D-01 0.2200000000D-03 0.4437500000D+01 0.6178000000D-01 0.3760000000D-03 0.3380000000D-01 0.3192258000D+01 0.1773700000D+01 0.6279700000D+01-0.8547000000D+00-0.4200000000D-01 0.1700000000D-03 0.2301500000D+01 0.2472000000D-01 0.3110000000D-03 0.1680000000D-01 0.3258332000D+01 0.1428000000D+00 0.4635300000D+01-0.7349000000D+00
1 2720000623200006302451718.4-0.7550000000D-01 0.8000000000D-04 0.4505600000D+01 0.6018000000D-01 0.3110000000D-03 0.3440000000D-01 0.2786103000D+01 0.1372700000D+01 0.5822800000D+01-0.1622700000D+01-0.4060000000D-01 0.1300000000D-03 0.2131600000D+01 0.2433000000D-01 0.3250000000D-03 0.1550000000D-01 0.2952240000D+01 0.5933000000D+01 0.4152200000D+01-0.1401300000D+01
1 2820000630200007072451725.4-0.7430000000D-01 0.2000000000D-04 0.4574100000D+01 0.5879000000D-01 0.3170000000D-03 0.3470000000D-01 0.2384371000D+01 0.9796000000D+00 0.5254800000D+01-0.2390500000D+01-0.3930000000D-01 0.1400000000D-03 0.1969300000D+01 0.2391000000D-01 0.3210000000D-03 0.1430000000D-01 0.2662585000D+01 0.5436900000D+01 0.3735500000D+01-0.2054100000D+01
1 2920000707200007142451732.4-0.7360000000D-01 0.5000000000D-04 0.4641600000D+01 0.5707000000D-01 0.3790000000D-03 0.3510000000D-01 0.1986645000D+01 0.5930000000D+00 0.4847200000D+01-0.3162800000D+01-0.3830000000D-01 0.1700000000D-03 0.1821800000D+01 0.2367000000D-01 0.2950000000D-03 0.1330000000D-01 0.2391848000D+01 0.4938400000D+01 0.3298800000D+01-0.2686400000D+01
1 3020000714200007212451739.4-0.7300000000D-01 0.9000000000D-04 0.4707500000D+01 0.5500000000D-01 0.4180000000D-03 0.3590000000D-01 0.1592795000D+01 0.2024000000D+00 0.4558900000D+01-0.3926700000D+01-0.3720000000D-01 0.1900000000D-03 0.1696700000D+01 0.2365000000D-01 0.2750000000D-03 0.1250000000D-01 0.2141839000D+01 0.4448200000D+01 0.2794300000D+01-0.3295400000D+01
1 3120000721200007282451746.4-0.7240000000D-01 0.1100000000D-03 0.4770700000D+01 0.5303000000D-01 0.3950000000D-03 0.3640000000D-01 0.1202765000D+01 0.6084900000D+01 0.4255800000D+01-0.4677300000D+01-0.3610000000D-01 0.1700000000D-03 0.1602100000D+01 0.2366000000D-01 0.2760000000D-03 0.1190000000D-01 0.1912269000D+01 0.3969700000D+01 0.2285100000D+01-0.3884000000D+01
1 3220000728200008042451753.4-0.7180000000D-01 0.1100000000D-03 0.4829000000D+01 0.5150000000D-01 0.3350000000D-03 0.3660000000D-01 0.8162390000D+00 0.5680000000D+01 0.3847100000D+01-0.5429400000D+01-0.3490000000D-01 0.1400000000D-03 0.1545000000D+01 0.2357000000D-01 0.2800000000D-03 0.1160000000D-01 0.1699176000D+01 0.3494800000D+01 0.1836100000D+01-0.4461600000D+01
1 3320000804200008112451760.4-0.7130000000D-01 0.1200000000D-03 0.4881200000D+01 0.5029000000D-01 0.2910000000D-03 0.3680000000D-01 0.4327420000D+00 0.5278900000D+01 0.3309900000D+01-0.6187100000D+01-0.3390000000D-01 0.1000000000D-03 0.1530300000D+01 0.2351000000D-01 0.2660000000D-03 0.1160000000D-01 0.1494506000D+01 0.3018400000D+01 0.1404700000D+01-0.5036200000D+01
1 3420000811200008182451767.4-0.7080000000D-01 0.1200000000D-03 0.4927000000D+01 0.4917000000D-01 0.2940000000D-03 0.3730000000D-01 0.5182100000D-01 0.4885300000D+01 0.2769400000D+01-0.6553000000D+00-0.3300000000D-01 0.9000000000D-04 0.1559100000D+01 0.2359000000D-01 0.2480000000D-03 0.1200000000D-01 0.1287971000D+01 0.2546200000D+01 0.9257000000D+00-0.5614800000D+01
1 3520000818200008252451774.4-0.7030000000D-01 0.1000000000D-03 0.4966700000D+01 0.4784000000D-01 0.3110000000D-03 0.3770000000D-01 0.5956205000D+01 0.4497400000D+01 0.2420000000D+01-0.1393900000D+01-0.3230000000D-01 0.1100000000D-03 0.1628300000D+01 0.2370000000D-01 0.2490000000D-03 0.1270000000D-01 0.1070430000D+01 0.2083300000D+01 0.4311000000D+00-0.6207600000D+01
1 3620000825200009012451781.4-0.6970000000D-01 0.2000000000D-04 0.5001300000D+01 0.4636000000D-01 0.2980000000D-03 0.3770000000D-01 0.5579212000D+01 0.4108600000D+01 0.2236600000D+01-0.2134300000D+01-0.3160000000D-01 0.1400000000D-03 0.1731400000D+01 0.2376000000D-01 0.2600000000D-03 0.1350000000D-01 0.8362560000D+00 0.1625400000D+01 0.1900000000D-02-0.5368000000D+00
1 3720000901200009082451788.4-0.6920000000D-01-0.7000000000D-04 0.5031500000D+01 0.4514000000D-01 0.2510000000D-03 0.3780000000D-01 0.5203883000D+01 0.3715600000D+01 0.2091300000D+01-0.2881200000D+01-0.3090000000D-01 0.1500000000D-03 0.1860600000D+01 0.2380000000D-01 0.2580000000D-03 0.1460000000D-01 0.5835670000D+00 0.1165600000D+01 0.5909900000D+01-0.1168300000D+01
1 3820000908200009152451795.4-0.6900000000D-01-0.8000000000D-04 0.5057400000D+01 0.4459000000D-01 0.1880000000D-03 0.3810000000D-01 0.4830062000D+01 0.3322800000D+01 0.1796600000D+01-0.3623800000D+01-0.3010000000D-01 0.1100000000D-03 0.2008700000D+01 0.2403000000D-01 0.2360000000D-03 0.1580000000D-01 0.3130510000D+00 0.7046000000D+00 0.5511300000D+01-0.1812900000D+01
1 3920000915200009222451802.4-0.6900000000D-01 0.0000000000D+00 0.5078600000D+01 0.4463000000D-01 0.1580000000D-03 0.3840000000D-01 0.4457340000D+01 0.2939700000D+01 0.1175900000D+01-0.4358700000D+01-0.2930000000D-01 0.6000000000D-04 0.2169800000D+01 0.2450000000D-01 0.2170000000D-03 0.1700000000D-01 0.2673600000D-01 0.2516000000D+00 0.5020000000D+01-0.2468400000D+01
1 4020000922200009292451809.4-0.6920000000D-01 0.1400000000D-03 0.5095800000D+01 0.4465000000D-01 0.1980000000D-03 0.3840000000D-01 0.4085087000D+01 0.2569100000D+01 0.6852000000D+00-0.5092800000D+01-0.2860000000D-01 0.2000000000D-04 0.2340000000D+01 0.2501000000D-01 0.2260000000D-03 0.1820000000D-01 0.6010396000D+01 0.6094400000D+01 0.4530400000D+01-0.3139900000D+01
1 4120000929200010062451816.4-0.6900000000D-01 0.2300000000D-03 0.5111400000D+01 0.4434000000D-01 0.2370000000D-03 0.3840000000D-01 0.3712886000D+01 0.2200300000D+01 0.5404000000D+00-0.5832600000D+01-0.2810000000D-01 0.2000000000D-04 0.2516100000D+01 0.2540000000D-01 0.2420000000D-03 0.1960000000D-01 0.5700273000D+01 0.5658800000D+01 0.4166100000D+01-0.3822800000D+01
1 4220001006200010132451823.4-0.6830000000D-01 0.1900000000D-03 0.5127100000D+01 0.4411000000D-01 0.2340000000D-03 0.3860000000D-01 0.3340699000D+01 0.1822700000D+01 0.5043000000D+00-0.2901000000D+00-0.2780000000D-01 0.5000000000D-04 0.2695200000D+01 0.2581000000D-01 0.2390000000D-03 0.2100000000D-01 0.5381717000D+01 0.5220600000D+01 0.3883100000D+01-0.4509100000D+01
1 4320001013200010202451830.4-0.6730000000D-01 0.6000000000D-04 0.5143100000D+01 0.4449000000D-01 0.1970000000D-03 0.3890000000D-01 0.2968451000D+01 0.1441500000D+01 0.4460000000D+00-0.1027400000D+01-0.2750000000D-01 0.1000000000D-03 0.2875200000D+01 0.2648000000D-01 0.2170000000D-03 0.2240000000D-01 0.5056309000D+01 0.4784300000D+01 0.3579800000D+01-0.5198100000D+01
1 4420001020200010272451837.4-0.6640000000D-01-0.1000000000D-04 0.5159000000D+01 0.4552000000D-01 0.1550000000D-03 0.3910000000D-01 0.2595777000D+01 0.1069100000D+01 0.1928000000D+00-0.1760600000D+01-0.2710000000D-01 0.1000000000D-03 0.3054800000D+01 0.2745000000D-01 0.1990000000D-03 0.2370000000D-01 0.4725214000D+01 0.4360500000D+01 0.3150900000D+01-0.5895000000D+01
1 4520001027200011032451844.4-0.6580000000D-01 0.0000000000D+00 0.5175900000D+01 0.4678000000D-01 0.1590000000D-03 0.3900000000D-01 0.2222144000D+01 0.7109000000D+00 0.5907300000D+01-0.2498000000D+01-0.2670000000D-01 0.8000000000D-04 0.3234000000D+01 0.2848000000D-01 0.2080000000D-03 0.2500000000D-01 0.4389486000D+01 0.3951900000D+01 0.2626900000D+01-0.3184000000D+00
1 4620001103200011102451851.4-0.6540000000D-01 0.8000000000D-04 0.5196400000D+01 0.4798000000D-01 0.2200000000D-03 0.3910000000D-01 0.1847172000D+01 0.3575000000D+00 0.5464800000D+01-0.3243600000D+01-0.2620000000D-01 0.5000000000D-04 0.3412900000D+01 0.2935000000D-01 0.2340000000D-03 0.2650000000D-01 0.4050191000D+01 0.3548900000D+01 0.2190400000D+01-0.1024100000D+01
1 4720001110200011172451858.4-0.6480000000D-01 0.1700000000D-03 0.5222900000D+01 0.4926000000D-01 0.2790000000D-03 0.3960000000D-01 0.1470714000D+01 0.6281700000D+01 0.5218800000D+01-0.3985900000D+01-0.2590000000D-01 0.3000000000D-04 0.3591000000D+01 0.3017000000D-01 0.2460000000D-03 0.2790000000D-01 0.3708174000D+01 0.3144000000D+01 0.1848600000D+01-0.1726800000D+01
1 4820001117200011242451865.4-0.6380000000D-01 0.2100000000D-03 0.5256800000D+01 0.5094000000D-01 0.3030000000D-03 0.4000000000D-01 0.1092622000D+01 0.5917000000D+01 0.5019600000D+01-0.4722200000D+01-0.2560000000D-01 0.2000000000D-04 0.3768000000D+01 0.3111000000D-01 0.2290000000D-03 0.2910000000D-01 0.3363978000D+01 0.2738800000D+01 0.1530500000D+01-0.2433400000D+01
1 4920001124200012012451872.4-0.6250000000D-01 0.2300000000D-03 0.5299600000D+01 0.5318000000D-01 0.2910000000D-03 0.4010000000D-01 0.7126860000D+00 0.5551700000D+01 0.4802000000D+01-0.5464000000D+01-0.2540000000D-01 0.2000000000D-04 0.3943900000D+01 0.3221000000D-01 0.1860000000D-03 0.3030000000D-01 0.3018027000D+01 0.2339200000D+01 0.1147000000D+01-0.3148300000D+01
1 5020001201200012082451879.4-0.6110000000D-01 0.2800000000D-03 0.5353000000D+01 0.5599000000D-01 0.2490000000D-03 0.4040000000D-01 0.3306970000D+00 0.5190900000D+01 0.4498900000D+01-0.6217300000D+01-0.2510000000D-01 0.0000000000D+00 0.4118800000D+01 0.3335000000D-01 0.1450000000D-03 0.3180000000D-01 0.2670685000D+01 0.1950700000D+01 0.5841000000D+00-0.3862400000D+01
1 5120001208200012152451886.4-0.5960000000D-01 0.3500000000D-03 0.5419300000D+01 0.5907000000D-01 0.2260000000D-03 0.4130000000D-01 0.6229574000D+01 0.4837700000D+01 0.4047500000D+01-0.6839000000D+00-0.2490000000D-01-0.1000000000D-04 0.4293200000D+01 0.3422000000D-01 0.1450000000D-03 0.3320000000D-01 0.2322302000D+01 0.1574100000D+01 0.2100000000D-02-0.4568300000D+01
1 5220001215200012222451893.4-0.5770000000D-01 0.3600000000D-03 0.5502000000D+01 0.6213000000D-01 0.2630000000D-03 0.4210000000D-01 0.5842766000D+01 0.4489500000D+01 0.3614000000D+01-0.1427200000D+01-0.2470000000D-01 0.3000000000D-04 0.4467300000D+01 0.3474000000D-01 0.1610000000D-03 0.3440000000D-01 0.1973277000D+01 0.1204300000D+01 0.5964600000D+01-0.5276200000D+01
1 5320001222200012292451900.4-0.5530000000D-01 0.2800000000D-03 0.5605500000D+01 0.6518000000D-01 0.3410000000D-03 0.4280000000D-01 0.5453545000D+01 0.4141100000D+01 0.3355700000D+01-0.2177200000D+01-0.2460000000D-01 0.1200000000D-03 0.4641600000D+01 0.3504000000D-01 0.1620000000D-03 0.3560000000D-01 0.1624086000D+01 0.8359000000D+00 0.5807800000D+01-0.5990200000D+01
1 5420001229200101052451907.4-0.5280000000D-01 0.1800000000D-03 0.5734300000D+01 0.6861000000D-01 0.4120000000D-03 0.4370000000D-01 0.5062327000D+01 0.3787600000D+01 0.3217600000D+01-0.2936000000D+01-0.2430000000D-01 0.2100000000D-03 0.4816100000D+01 0.3539000000D-01 0.1270000000D-03 0.3700000000D-01 0.1275237000D+01 0.4664000000D+00 0.5695500000D+01-0.4205000000D+00
1 5520010105200101122451914.4-0.5040000000D-01 0.1700000000D-03 0.5891900000D+01 0.7300000000D-01 0.4320000000D-03 0.4520000000D-01 0.4669592000D+01 0.3432300000D+01 0.3087000000D+01-0.3694200000D+01-0.2360000000D-01 0.2100000000D-03 0.4989800000D+01 0.3593000000D-01 0.6300000000D-04 0.3850000000D-01 0.9270210000D+00 0.1037000000D+00 0.5368800000D+01-0.1127200000D+01
2 5619991231200001072451543.4 0.6000000000D-03-0.3000000000D-04 0.1745740000D+02 0.2238300000D+00 0.1705000000D-02 0.1100000000D-02 0.4682270000D+01 0.2809000000D+01 0.1136200000D+01 0.3056400000D+01 0.1800000000D-02 0.9000000000D-04 0.7208800000D+01 0.6888000000D-01 0.1544000000D-02 0.8000000000D-03 0.3358947000D+01 0.3595500000D+01 0.1735700000D+01 0.2574100000D+01
2 5720000107200001142451550.4 0.8000000000D-03-0.1000000000D-04 0.1697740000D+02 0.2227500000D+00 0.1815000000D-02 0.6000000000D-03 0.1748433000D+01 0.6136700000D+01 0.4216700000D+01 0.4071500000D+01 0.2000000000D-02 0.8000000000D-04 0.7672800000D+01 0.6594000000D-01 0.1301000000D-02 0.8000000000D-03 0.5162440000D+00 0.4266000000D+00 0.4940000000D+01 0.2696800000D+01
2 5820000114200001212451557.4 0.1100000000D-02 0.1000000000D-04 0.1647260000D+02 0.2150000000D+00 0.1518000000D-02 0.1100000000D-02 0.5096965000D+01 0.3178600000D+01 0.1583100000D+01 0.4987600000D+01 0.2000000000D-02 0.1200000000D-03 0.8114900000D+01 0.6480000000D-01 0.1456000000D-02 0.6000000000D-03 0.3938680000D+01 0.3584100000D+01 0.1981100000D+01 0.3049000000D+01
2 5920000121200001282451564.4 0.1100000000D-02 0.5000000000D-04 0.1595250000D+02 0.2153800000D+00 0.1602000000D-02 0.1600000000D-02 0.2162349000D+01 0.2308000000D+00 0.4588900000D+01 0.5356600000D+01 0.2000000000D-02 0.1200000000D-03 0.8515900000D+01 0.6715000000D-01 0.1182000000D-02 0.4000000000D-03 0.1064898000D+01 0.4277000000D+00 0.5139100000D+01 0.3892500000D+01
2 6020000128200002042451571.4 0.1200000000D-02 0.8000000000D-04 0.1542010000D+02 0.2091900000D+00 0.1416000000D-02 0.1800000000D-02 0.5509167000D+01 0.3566400000D+01 0.1928300000D+01 0.5562500000D+01 0.2100000000D-02 0.1300000000D-03 0.8865000000D+01 0.6940000000D-01 0.1266000000D-02 0.6000000000D-03 0.4463251000D+01 0.3618100000D+01 0.2202700000D+01 0.5041400000D+01
2 6120000204200002112451578.4 0.1500000000D-02 0.8000000000D-04 0.1488680000D+02 0.2083500000D+00 0.1301000000D-02 0.1500000000D-02 0.2571670000D+01 0.6222000000D+00 0.5091800000D+01 0.5714300000D+01 0.2200000000D-02 0.1300000000D-03 0.9157100000D+01 0.7397000000D-01 0.1129000000D-02 0.1000000000D-02 0.1570598000D+01 0.5330000000D+00 0.5411500000D+01 0.5373300000D+01
2 6220000211200002182451585.4 0.1500000000D-02 0.1200000000D-03 0.1435450000D+02 0.2049100000D+00 0.1388000000D-02 0.1000000000D-02 0.5915028000D+01 0.3971600000D+01 0.2262200000D+01 0.6095900000D+01 0.2100000000D-02 0.1700000000D-03 0.9390000000D+01 0.7831000000D-01 0.1099000000D-02 0.1100000000D-02 0.4954630000D+01 0.3766200000D+01 0.2374600000D+01 0.5582100000D+01
2 6320000218200002252451592.4 0.1600000000D-02 0.1300000000D-03 0.1383660000D+02 0.2029000000D+00 0.1148000000D-02 0.6000000000D-03 0.2972822000D+01 0.1029200000D+01 0.5602300000D+01 0.6988000000D+00 0.2200000000D-02 0.1400000000D-03 0.9564200000D+01 0.8230000000D-01 0.1050000000D-02 0.1000000000D-02 0.2050558000D+01 0.7345000000D+00 0.5661300000D+01 0.5851800000D+01
2 6420000225200003032451599.4 0.1800000000D-02 0.1200000000D-03 0.1333190000D+02 0.2016900000D+00 0.1316000000D-02 0.1000000000D-02 0.2781600000D-01 0.4385100000D+01 0.2605100000D+01 0.1777800000D+01 0.2300000000D-02 0.1200000000D-03 0.9680600000D+01 0.8686000000D-01 0.9810000000D-03 0.6000000000D-03 0.5425998000D+01 0.4001700000D+01 0.2506200000D+01 0.4970000000D-01
2 6520000303200003102451606.4 0.1900000000D-02 0.1400000000D-03 0.1285260000D+02 0.1983500000D+00 0.1057000000D-02 0.1400000000D-02 0.3362414000D+01 0.1446700000D+01 0.6167700000D+01 0.2066300000D+01 0.2200000000D-02 0.1300000000D-03 0.9741900000D+01 0.8865000000D-01 0.9880000000D-03 0.6000000000D-03 0.2515086000D+01 0.1000800000D+01 0.5952100000D+01 0.1256800000D+01
2 6620000310200003172451613.4 0.1900000000D-02 0.1700000000D-03 0.1240080000D+02 0.1990800000D+00 0.1255000000D-02 0.1600000000D-02 0.4107060000D+00 0.4806600000D+01 0.2973100000D+01 0.2293900000D+01 0.2200000000D-02 0.1300000000D-03 0.9751400000D+01 0.9293000000D-01 0.9170000000D-03 0.1000000000D-02 0.5885709000D+01 0.4289100000D+01 0.2610100000D+01 0.1851000000D+01
2 6720000317200003242451620.4 0.2100000000D-02 0.1500000000D-03 0.1198570000D+02 0.1954600000D+00 0.1081000000D-02 0.1500000000D-02 0.3737869000D+01 0.1873600000D+01 0.2941000000D+00 0.2467300000D+01 0.2300000000D-02 0.9000000000D-04 0.9711100000D+01 0.9257000000D-01 0.9350000000D-03 0.1300000000D-02 0.2971213000D+01 0.1304100000D+01 0.6117300000D+01 0.2134500000D+01
2 6820000324200003312451627.4 0.2200000000D-02 0.1500000000D-03 0.1161180000D+02 0.1957100000D+00 0.1141000000D-02 0.1100000000D-02 0.7785340000D+00 0.5230500000D+01 0.3465000000D+01 0.2742500000D+01 0.2300000000D-02 0.9000000000D-04 0.9625300000D+01 0.9461000000D-01 0.8850000000D-03 0.1300000000D-02 0.5648200000D-01 0.4599600000D+01 0.2856800000D+01 0.2300500000D+01
2 6920000331200004072451634.4 0.2100000000D-02 0.1900000000D-03 0.1128380000D+02 0.1933600000D+00 0.1088000000D-02 0.8000000000D-03 0.4098339000D+01 0.2302300000D+01 0.6651000000D+00 0.3365600000D+01 0.2100000000D-02 0.1000000000D-03 0.9493500000D+01 0.9336000000D-01 0.9290000000D-03 0.1000000000D-02 0.3424423000D+01 0.1621800000D+01 0.6243100000D+01 0.2574400000D+01
2 7020000407200004142451641.4 0.2200000000D-02 0.1600000000D-03 0.1100810000D+02 0.1927300000D+00 0.1093000000D-02 0.8000000000D-03 0.1131830000D+01 0.5658000000D+01 0.3930300000D+01 0.4174900000D+01 0.2100000000D-02 0.7000000000D-04 0.9322100000D+01 0.9295000000D-01 0.8710000000D-03 0.7000000000D-03 0.5099040000D+00 0.4916500000D+01 0.3105500000D+01 0.3081200000D+01
2 7120000414200004212451648.4 0.2300000000D-02 0.1300000000D-03 0.1078740000D+02 0.1913300000D+00 0.1112000000D-02 0.1100000000D-02 0.4445669000D+01 0.2731100000D+01 0.9759000000D+00 0.4755200000D+01 0.2100000000D-02 0.6000000000D-04 0.9108800000D+01 0.9113000000D-01 0.9710000000D-03 0.6000000000D-03 0.3879586000D+01 0.1938500000D+01 0.7610000000D-01 0.4160400000D+01
2 7220000421200004282451655.4 0.2300000000D-02 0.1400000000D-03 0.1062480000D+02 0.1886800000D+00 0.1081000000D-02 0.1400000000D-02 0.1474265000D+01 0.6085300000D+01 0.4459500000D+01 0.4985100000D+01 0.1900000000D-02 0.6000000000D-04 0.8859100000D+01 0.8789000000D-01 0.8420000000D-03 0.9000000000D-03 0.9676910000D+00 0.5223900000D+01 0.3441900000D+01 0.4743000000D+01
2 7320000428200005052451662.4 0.2300000000D-02 0.1200000000D-03 0.1052020000D+02 0.1887100000D+00 0.1135000000D-02 0.1400000000D-02 0.4785431000D+01 0.3156500000D+01 0.1275200000D+01 0.5223400000D+01 0.1800000000D-02 0.4000000000D-04 0.8571600000D+01 0.8635000000D-01 0.1050000000D-02 0.1100000000D-02 0.4341847000D+01 0.2242200000D+01 0.2600000000D+00 0.5042700000D+01
2 7420000505200005122451669.4 0.2500000000D-02 0.6000000000D-04 0.1047240000D+02 0.1845300000D+00 0.1102000000D-02 0.1200000000D-02 0.1812971000D+01 0.2272000000D+00 0.4866300000D+01 0.5476700000D+01 0.1800000000D-02 0.1000000000D-04 0.8250700000D+01 0.8160000000D-01 0.8450000000D-03 0.1100000000D-02 0.1435441000D+01 0.5513000000D+01 0.3682400000D+01 0.5287700000D+01
2 7520000512200005192451676.4 0.2500000000D-02 0.5000000000D-04 0.1047880000D+02 0.1840800000D+00 0.1135000000D-02 0.9000000000D-03 0.5125472000D+01 0.3578000000D+01 0.1647700000D+01 0.5906800000D+01 0.1700000000D-02 0.0000000000D+00 0.7897800000D+01 0.7943000000D-01 0.1048000000D-02 0.8000000000D-03 0.4816905000D+01 0.2519600000D+01 0.5303000000D+00 0.5598300000D+01
2 7620000519200005262451683.4 0.2500000000D-02 0.2000000000D-04 0.1053260000D+02 0.1789400000D+00 0.1155000000D-02 0.8000000000D-03 0.2156459000D+01 0.6482000000D+00 0.5274200000D+01 0.4601000000D+00 0.1600000000D-02 0.0000000000D+00 0.7516300000D+01 0.7454000000D-01 0.8280000000D-03 0.5000000000D-03 0.1919634000D+01 0.5773900000D+01 0.3949500000D+01 0.1225000000D+00
2 7720000526200006022451690.4 0.2500000000D-02 0.0000000000D+00 0.1062890000D+02 0.1781500000D+00 0.1108000000D-02 0.1100000000D-02 0.5474370000D+01 0.3992300000D+01 0.2007100000D+01 0.1081300000D+01 0.1500000000D-02-0.2000000000D-04 0.7110800000D+01 0.7248000000D-01 0.1031000000D-02 0.6000000000D-03 0.5312449000D+01 0.2768500000D+01 0.7973000000D+00 0.9885000000D+00
2 7820000602200006092451697.4 0.2600000000D-02-0.3000000000D-04 0.1075690000D+02 0.1728700000D+00 0.1174000000D-02 0.1500000000D-02 0.2512192000D+01 0.1062000000D+01 0.5565500000D+01 0.1452800000D+01 0.1500000000D-02-0.3000000000D-04 0.6685300000D+01 0.6828000000D-01 0.8590000000D-03 0.8000000000D-03 0.2429036000D+01 0.6010800000D+01 0.4166000000D+01 0.1450300000D+01
2 7920000609200006162451704.4 0.2500000000D-02-0.3000000000D-04 0.1091220000D+02 0.1698100000D+00 0.1060000000D-02 0.1700000000D-02 0.5837787000D+01 0.4402300000D+01 0.2501500000D+01 0.1633300000D+01 0.1300000000D-02-0.1000000000D-04 0.6249100000D+01 0.6602000000D-01 0.9080000000D-03 0.9000000000D-03 0.5838528000D+01 0.2982800000D+01 0.1063900000D+01 0.1664200000D+01
2 8020000616200006232451711.4 0.2500000000D-02-0.8000000000D-04 0.1108170000D+02 0.1657600000D+00 0.1206000000D-02 0.1500000000D-02 0.2884384000D+01 0.1469500000D+01 0.5851400000D+01 0.1855600000D+01 0.1300000000D-02-0.3000000000D-04 0.5808500000D+01 0.6282000000D-01 0.8760000000D-03 0.7000000000D-03 0.2975873000D+01 0.6227800000D+01 0.4431400000D+01 0.1922400000D+01
2 8120000623200006302451718.4 0.2400000000D-02-0.9000000000D-04 0.1126290000D+02 0.1609500000D+00 0.1029000000D-02 0.1200000000D-02 0.6218587000D+01 0.4806300000D+01 0.2973500000D+01 0.2154300000D+01 0.1200000000D-02-0.2000000000D-04 0.5377400000D+01 0.6120000000D-01 0.8220000000D-03 0.4000000000D-03 0.1268150000D+00 0.3181900000D+01 0.1303200000D+01 0.2382100000D+01
2 8220000630200007072451725.4 0.2200000000D-02-0.9000000000D-04 0.1144310000D+02 0.1581000000D+00 0.1153000000D-02 0.8000000000D-03 0.3273998000D+01 0.1868900000D+01 0.6153600000D+01 0.2788400000D+01 0.1100000000D-02-0.2000000000D-04 0.4966300000D+01 0.5877000000D-01 0.8610000000D-03 0.3000000000D-03 0.3577250000D+01 0.1477000000D+00 0.4670600000D+01 0.3614400000D+01
2 8320000707200007142451732.4 0.2100000000D-02-0.1300000000D-03 0.1162200000D+02 0.1518100000D+00 0.1015000000D-02 0.1000000000D-02 0.3330850000D+00 0.5208400000D+01 0.3490300000D+01 0.3719500000D+01 0.1000000000D-02-0.1000000000D-04 0.4594400000D+01 0.5776000000D-01 0.7500000000D-03 0.5000000000D-03 0.7626350000D+00 0.3374400000D+01 0.1504700000D+01 0.4261900000D+01
2 8420000714200007212451739.4 0.2000000000D-02-0.1600000000D-03 0.1179080000D+02 0.1503800000D+00 0.1096000000D-02 0.1400000000D-02 0.3679638000D+01 0.2265800000D+01 0.2165000000D+00 0.4212700000D+01 0.1000000000D-02-0.2000000000D-04 0.4278600000D+01 0.5558000000D-01 0.8160000000D-03 0.6000000000D-03 0.4251894000D+01 0.3447000000D+00 0.4942900000D+01 0.4628800000D+01
2 8520000721200007282451746.4 0.1800000000D-02-0.1500000000D-03 0.1194860000D+02 0.1442900000D+00 0.9830000000D-03 0.1700000000D-02 0.7458080000D+00 0.5607500000D+01 0.3882400000D+01 0.4499300000D+01 0.9000000000D-03-0.1000000000D-04 0.4039800000D+01 0.5532000000D-01 0.7400000000D-03 0.5000000000D-03 0.1476746000D+01 0.3574500000D+01 0.1759700000D+01 0.4906600000D+01
2 8620000728200008042451753.4 0.1700000000D-02-0.1700000000D-03 0.1209200000D+02 0.1425500000D+00 0.9690000000D-03 0.1700000000D-02 0.4098654000D+01 0.2663900000D+01 0.7169000000D+00 0.4692100000D+01 0.9000000000D-03-0.1000000000D-04 0.3895300000D+01 0.5382000000D-01 0.7630000000D-03 0.3000000000D-03 0.5000929000D+01 0.5382000000D+00 0.5162700000D+01 0.5714100000D+01
2 8720000804200008112451760.4 0.1700000000D-02-0.2200000000D-03 0.1222040000D+02 0.1382600000D+00 0.9170000000D-03 0.1400000000D-02 0.1170597000D+01 0.6008400000D+01 0.4263900000D+01 0.5054500000D+01 0.9000000000D-03 0.0000000000D+00 0.3856600000D+01 0.5390000000D-01 0.7200000000D-03 0.4000000000D-03 0.2249126000D+01 0.3774000000D+01 0.2027600000D+01 0.5893000000D+00
2 8820000811200008182451767.4 0.1500000000D-02-0.2100000000D-03 0.1233390000D+02 0.1363300000D+00 0.8790000000D-03 0.1100000000D-02 0.4528261000D+01 0.3067600000D+01 0.1235500000D+01 0.5602400000D+01 0.1000000000D-02 0.0000000000D+00 0.3926200000D+01 0.5313000000D-01 0.7440000000D-03 0.6000000000D-03 0.5778754000D+01 0.7380000000D+00 0.5411800000D+01 0.1078400000D+01
2 8920000818200008252451774.4 0.1200000000D-02-0.1800000000D-03 0.1243200000D+02 0.1341100000D+00 0.8400000000D-03 0.1100000000D-02 0.1604564000D+01 0.1301000000D+00 0.4606800000D+01 0.1943000000D+00 0.1000000000D-02 0.0000000000D+00 0.4093500000D+01 0.5359000000D-01 0.6890000000D-03 0.6000000000D-03 0.3013725000D+01 0.3976700000D+01 0.2368100000D+01 0.1334100000D+01
2 9020000825200009012451781.4 0.1100000000D-02-0.2000000000D-03 0.1251610000D+02 0.1313700000D+00 0.8010000000D-03 0.1600000000D-02 0.4965506000D+01 0.3479300000D+01 0.1896800000D+01 0.6601000000D+00 0.1000000000D-02 0.0000000000D+00 0.4344700000D+01 0.5419000000D-01 0.7770000000D-03 0.5000000000D-03 0.2319480000D+00 0.9523000000D+00 0.5654300000D+01 0.1674600000D+01
2 9120000901200009082451788.4 0.9000000000D-03-0.2000000000D-03 0.1258840000D+02 0.1319500000D+00 0.7790000000D-03 0.1800000000D-02 0.2044794000D+01 0.5450000000D+00 0.4928200000D+01 0.9403000000D+00 0.1100000000D-02 0.0000000000D+00 0.4659200000D+01 0.5511000000D-01 0.6320000000D-03 0.4000000000D-03 0.3715067000D+01 0.4187100000D+01 0.2715400000D+01 0.2486700000D+01
2 9220000908200009152451795.4 0.5000000000D-03-0.1500000000D-03 0.1264990000D+02 0.1288800000D+00 0.7740000000D-03 0.1800000000D-02 0.5407740000D+01 0.3901100000D+01 0.2460300000D+01 0.1189400000D+01 0.1200000000D-02 0.0000000000D+00 0.5022000000D+01 0.5672000000D-01 0.7860000000D-03 0.5000000000D-03 0.8966220000D+00 0.1182600000D+01 0.5970200000D+01 0.3523200000D+01
2 9320000915200009222451802.4 0.2000000000D-03-0.1400000000D-03 0.1270330000D+02 0.1307700000D+00 0.6930000000D-03 0.1400000000D-02 0.2488623000D+01 0.9697000000D+00 0.5429700000D+01 0.1474700000D+01 0.1300000000D-02 0.0000000000D+00 0.5416800000D+01 0.5854000000D-01 0.6210000000D-03 0.8000000000D-03 0.4346263000D+01 0.4429200000D+01 0.3061400000D+01 0.3947700000D+01
2 9420000922200009292451809.4 0.1000000000D-03-0.1500000000D-03 0.1274900000D+02 0.1285800000D+00 0.7890000000D-03 0.1000000000D-02 0.5852448000D+01 0.4334000000D+01 0.3006600000D+01 0.2203000000D+01 0.1400000000D-02-0.1000000000D-04 0.5833600000D+01 0.6093000000D-01 0.8070000000D-03 0.8000000000D-03 0.1498876000D+01 0.1442900000D+01 0.4270000000D-01 0.4207900000D+01
2 9520000929200010062451816.4-0.2000000000D-03-0.1200000000D-03 0.1279310000D+02 0.1315500000D+00 0.5960000000D-03 0.1100000000D-02 0.2933646000D+01 0.1403800000D+01 0.5984400000D+01 0.3085400000D+01 0.1600000000D-02-0.3000000000D-04 0.6264300000D+01 0.6377000000D-01 0.5990000000D-03 0.7000000000D-03 0.4924463000D+01 0.4703500000D+01 0.3420800000D+01 0.4560300000D+01
2 9620001006200010132451823.4-0.5000000000D-03-0.9000000000D-04 0.1283290000D+02 0.1311500000D+00 0.7630000000D-03 0.1600000000D-02 0.1409100000D-01 0.4776000000D+01 0.3394800000D+01 0.3615300000D+01 0.1700000000D-02-0.2000000000D-04 0.6702600000D+01 0.6672000000D-01 0.7530000000D-03 0.5000000000D-03 0.2057398000D+01 0.1731400000D+01 0.4120000000D+00 0.5189400000D+01
2 9720001013200010202451830.4-0.7000000000D-03-0.1000000000D-03 0.1287700000D+02 0.1330700000D+00 0.6150000000D-03 0.2000000000D-02 0.3377460000D+01 0.1849200000D+01 0.6009000000D+00 0.3844300000D+01 0.1900000000D-02-0.3000000000D-04 0.7145200000D+01 0.6994000000D-01 0.6680000000D-03 0.7000000000D-03 0.5466751000D+01 0.5023000000D+01 0.3823200000D+01 0.6202700000D+01
2 9820001020200010272451837.4-0.9000000000D-03-0.9000000000D-04 0.1292100000D+02 0.1363100000D+00 0.7300000000D-03 0.1900000000D-02 0.4568030000D+00 0.5224800000D+01 0.3752300000D+01 0.4096000000D+01 0.2100000000D-02-0.5000000000D-04 0.7587900000D+01 0.7393000000D-01 0.6770000000D-03 0.1000000000D-02 0.2586873000D+01 0.2055200000D+01 0.7574000000D+00 0.3763000000D+00
2 9920001027200011032451844.4-0.1300000000D-02-0.5000000000D-04 0.1297550000D+02 0.1375600000D+00 0.7120000000D-03 0.1600000000D-02 0.3818012000D+01 0.2304100000D+01 0.1276300000D+01 0.4384300000D+01 0.2300000000D-02-0.6000000000D-04 0.8031700000D+01 0.7704000000D-01 0.7130000000D-03 0.1300000000D-02 0.5985452000D+01 0.5373500000D+01 0.4234400000D+01 0.6638000000D+00
210020001103200011102451851.4-0.1500000000D-02-0.4000000000D-04 0.1303760000D+02 0.1431900000D+00 0.6820000000D-03 0.1100000000D-02 0.8950790000D+00 0.5678300000D+01 0.4243700000D+01 0.4950900000D+01 0.2300000000D-02-0.4000000000D-04 0.8473000000D+01 0.8179000000D-01 0.5920000000D-03 0.1300000000D-02 0.3097132000D+01 0.2411400000D+01 0.1122700000D+01 0.8713000000D+00
210120001110200011172451858.4-0.1700000000D-02-0.1000000000D-04 0.1311500000D+02 0.1443900000D+00 0.8970000000D-03 0.1300000000D-02 0.4253238000D+01 0.2765900000D+01 0.1899300000D+01 0.5791900000D+01 0.2500000000D-02-0.8000000000D-04 0.8913700000D+01 0.8436000000D-01 0.7860000000D-03 0.1000000000D-02 0.2053350000D+00 0.5754800000D+01 0.4651700000D+01 0.1258100000D+01
210220001117200011242451865.4-0.2100000000D-02 0.3000000000D-04 0.1320880000D+02 0.1528500000D+00 0.6680000000D-03 0.1600000000D-02 0.1327081000D+01 0.6137400000D+01 0.4763200000D+01 0.3120000000D-01 0.2700000000D-02-0.1000000000D-03 0.9351700000D+01 0.8983000000D-01 0.5200000000D-03 0.8000000000D-03 0.3594716000D+01 0.2796000000D+01 0.1499300000D+01 0.2007100000D+01
210320001124200012012451872.4-0.2500000000D-02 0.5000000000D-04 0.1332550000D+02 0.1553800000D+00 0.9620000000D-03 0.2000000000D-02 0.4681361000D+01 0.3231100000D+01 0.2361900000D+01 0.3646000000D+00 0.2800000000D-02-0.9000000000D-04 0.9789000000D+01 0.9234000000D-01 0.7340000000D-03 0.1000000000D-02 0.6983090000D+00 0.6154700000D+01 0.5024800000D+01 0.2925900000D+01
210420001201200012082451879.4-0.2800000000D-02 0.7000000000D-04 0.1347050000D+02 0.1641200000D+00 0.7690000000D-03 0.1900000000D-02 0.1750924000D+01 0.3202000000D+00 0.5518900000D+01 0.5831000000D+00 0.3000000000D-02-0.1100000000D-03 0.1022590000D+02 0.9696000000D-01 0.5530000000D-03 0.1400000000D-02 0.4084021000D+01 0.3211800000D+01 0.1966200000D+01 0.3328500000D+01
210520001208200012152451886.4-0.3200000000D-02 0.1200000000D-03 0.1364900000D+02 0.1695300000D+00 0.1070000000D-02 0.1500000000D-02 0.5100970000D+01 0.3699900000D+01 0.2824900000D+01 0.9572000000D+00 0.3300000000D-02-0.1500000000D-03 0.1066190000D+02 0.9982000000D-01 0.6510000000D-03 0.1600000000D-02 0.1185107000D+01 0.2900000000D+00 0.5396000000D+01 0.3599700000D+01
210620001215200012222451893.4-0.3600000000D-02 0.1400000000D-03 0.1386910000D+02 0.1792500000D+00 0.9160000000D-03 0.1200000000D-02 0.2165925000D+01 0.7885000000D+00 0.6185900000D+01 0.1543600000D+01 0.3400000000D-02-0.1400000000D-03 0.1109840000D+02 0.1034700000D+00 0.5560000000D-03 0.1500000000D-02 0.4568837000D+01 0.3645200000D+01 0.2416300000D+01 0.3891500000D+01
210720001222200012292451900.4-0.3700000000D-02 0.1100000000D-03 0.1413730000D+02 0.1881200000D+00 0.1076000000D-02 0.1300000000D-02 0.5511546000D+01 0.4170000000D+01 0.3277300000D+01 0.2422800000D+01 0.3500000000D-02-0.1300000000D-03 0.1153580000D+02 0.1066100000D+00 0.5040000000D-03 0.1100000000D-02 0.1668925000D+01 0.7259000000D+00 0.5703800000D+01 0.4337100000D+01
210820001229200101052451907.4-0.4100000000D-02 0.1500000000D-03 0.1446580000D+02 0.1974100000D+00 0.1229000000D-02 0.1900000000D-02 0.2571934000D+01 0.1264100000D+01 0.5321000000D+00 0.2902700000D+01 0.3700000000D-02-0.1500000000D-03 0.1197480000D+02 0.1083200000D+00 0.6090000000D-03 0.1100000000D-02 0.5052055000D+01 0.4101400000D+01 0.2917400000D+01 0.5266500000D+01
210920010105200101122451914.4-0.4500000000D-02 0.1800000000D-03 0.1486170000D+02 0.2106500000D+00 0.1093000000D-02 0.2300000000D-02 0.5913928000D+01 0.4643400000D+01 0.3766100000D+01 0.3180300000D+01 0.3800000000D-02-0.1600000000D-03 0.1241610000D+02 0.1119100000D+00 0.3560000000D-03 0.1500000000D-02 0.2152688000D+01 0.1180200000D+01 0.5819100000D+01 0.5879400000D+01
