 4 2   2  56 19.7027 4.9788  7.0  7.0 109 2449717.5000 1995                                                                                                                                                                                                                                                                                                                      
1  219941231199501072449717.4 0.1437000000D+00 0.3710000000D-02 0.1483920000D+02 0.1242800000D+00 0.1375000000D-02 0.1157000000D+00 0.5253263000D+01 0.5186300000D+01 0.1925000000D+00-0.5666000000D+01 0.8440000000D-01-0.4300000000D-03 0.6205200000D+01 0.4836000000D-01 0.7200000000D-03 0.4820000000D-01 0.1020997000D+01 0.1160300000D+01 0.4201100000D+01-0.3615200000D+01
1  319950107199501142449724.4 0.1696000000D+00 0.4240000000D-02 0.1572560000D+02 0.1298600000D+00 0.1588000000D-02 0.1222000000D+00 0.4942272000D+01 0.5017500000D+01 0.2629000000D+00-0.5570000000D-01 0.8120000000D-01-0.6300000000D-03 0.6503900000D+01 0.3847000000D-01 0.1077000000D-02 0.5030000000D-01 0.7164310000D+00 0.8816000000D+00 0.4003300000D+01-0.4284800000D+01
1  419950114199501212449731.4 0.1997000000D+00 0.4750000000D-02 0.1662380000D+02 0.1324200000D+00 0.1922000000D-02 0.1292000000D+00 0.4639716000D+01 0.4876400000D+01 0.3781000000D+00-0.7212000000D+00 0.7630000000D-01-0.8700000000D-03 0.6716400000D+01 0.2349000000D-01 0.1418000000D-02 0.5150000000D-01 0.4104960000D+00 0.6022000000D+00 0.3787300000D+01-0.4953300000D+01
1  519950121199501282449738.4 0.2331000000D+00 0.5160000000D-02 0.1748060000D+02 0.1301100000D+00 0.2458000000D-02 0.1357000000D+00 0.4345649000D+01 0.4774000000D+01 0.4822000000D+00-0.1374200000D+01 0.6990000000D-01-0.1070000000D-02 0.6809600000D+01 0.3590000000D-02 0.1658000000D-02 0.5140000000D-01 0.1015900000D+00 0.1221000000D+00 0.3557800000D+01-0.5629700000D+01
1  619950128199502042449745.4 0.2685000000D+00 0.5150000000D-02 0.1822110000D+02 0.1213600000D+00 0.3076000000D-02 0.1403000000D+00 0.4059462000D+01 0.4731400000D+01 0.5304000000D+00-0.2020700000D+01 0.6250000000D-01-0.1130000000D-02 0.6756800000D+01 0.2016000000D-01 0.1648000000D-02 0.5040000000D-01 0.6070128000D+01 0.3311400000D+01 0.3323800000D+01-0.3760000000D-01
1  719950204199502112449752.4 0.3037000000D+00 0.4450000000D-02 0.1875530000D+02 0.1076600000D+00 0.3491000000D-02 0.1430000000D+00 0.3779429000D+01 0.4780400000D+01 0.5207000000D+00-0.2669200000D+01 0.5470000000D-01-0.1000000000D-02 0.6552000000D+01 0.4348000000D-01 0.1295000000D-02 0.4870000000D-01 0.5746206000D+01 0.3023900000D+01 0.3097200000D+01-0.7340000000D+00
1  819950211199502182449759.4 0.3346000000D+00 0.3150000000D-02 0.1900510000D+02 0.9655000000D-01 0.3554000000D-02 0.1439000000D+00 0.3502607000D+01 0.4945300000D+01 0.4896000000D+00-0.3317600000D+01 0.4770000000D-01-0.8100000000D-03 0.6222000000D+01 0.6151000000D-01 0.6770000000D-03 0.4580000000D-01 0.5410115000D+01 0.2746100000D+01 0.2895600000D+01-0.1438400000D+01
1  919950218199502252449766.4 0.3572000000D+00 0.1640000000D-02 0.1893200000D+02 0.9628000000D-01 0.3301000000D-02 0.1424000000D+00 0.3225504000D+01 0.5167000000D+01 0.4651000000D+00-0.3966000000D+01 0.4210000000D-01-0.6600000000D-03 0.5820400000D+01 0.7067000000D-01 0.4500000000D-04 0.4240000000D-01 0.5061316000D+01 0.2458400000D+01 0.4782000000D+01-0.2163200000D+01
1 1019950225199503042449773.4 0.3692000000D+00 0.2800000000D-03 0.1854830000D+02 0.1062600000D+00 0.2867000000D-02 0.1383000000D+00 0.2944661000D+01 0.5318000000D+01 0.4737000000D+00-0.4618700000D+01 0.3780000000D-01-0.6100000000D-03 0.5407600000D+01 0.7020000000D-01 0.6250000000D-03 0.3930000000D-01 0.4702922000D+01 0.2150200000D+01 0.5455600000D+01-0.2901700000D+01
1 1119950304199503112449780.4 0.3710000000D+00-0.7200000000D-03 0.1791060000D+02 0.1185800000D+00 0.2392000000D-02 0.1321000000D+00 0.2657046000D+01 0.5353800000D+01 0.5181000000D+00-0.5282500000D+01 0.3400000000D-01-0.6200000000D-03 0.5029300000D+01 0.6190000000D-01 0.9510000000D-03 0.3690000000D-01 0.4341587000D+01 0.1809600000D+01 0.5227000000D+01-0.3633600000D+01
1 1219950311199503182449787.4 0.3646000000D+00-0.1390000000D-02 0.1710350000D+02 0.1275100000D+00 0.1970000000D-02 0.1256000000D+00 0.2360577000D+01 0.5300500000D+01 0.5678000000D+00-0.5960400000D+01 0.3000000000D-01-0.6300000000D-03 0.4707700000D+01 0.4973000000D-01 0.9770000000D-03 0.3470000000D-01 0.3985217000D+01 0.1422600000D+01 0.4959300000D+01-0.4352800000D+01
1 1319950318199503252449794.4 0.3532000000D+00-0.1920000000D-02 0.1621070000D+02 0.1317300000D+00 0.1565000000D-02 0.1191000000D+00 0.2054436000D+01 0.5189000000D+01 0.5861000000D+00-0.3621000000D+00 0.2530000000D-01-0.6500000000D-03 0.4444300000D+01 0.3771000000D-01 0.8270000000D-03 0.3270000000D-01 0.3639686000D+01 0.9756000000D+00 0.4636900000D+01-0.5066900000D+01
1 1419950325199504012449801.4 0.3390000000D+00-0.2410000000D-02 0.1529620000D+02 0.1322800000D+00 0.1168000000D-02 0.1123000000D+00 0.1738715000D+01 0.5037500000D+01 0.5890000000D+00-0.1053600000D+01 0.2010000000D-01-0.7100000000D-03 0.4232000000D+01 0.2808000000D-01 0.6440000000D-03 0.3130000000D-01 0.3307360000D+01 0.4637000000D+00 0.4219400000D+01-0.5770700000D+01
1 1519950401199504082449808.4 0.3231000000D+00-0.2740000000D-02 0.1440200000D+02 0.1299400000D+00 0.8140000000D-03 0.1054000000D+00 0.1413868000D+01 0.4852300000D+01 0.5737000000D+00-0.1756100000D+01 0.1450000000D-01-0.8200000000D-03 0.4063900000D+01 0.2115000000D-01 0.4950000000D-03 0.3020000000D-01 0.2987716000D+01 0.6182300000D+01 0.3687200000D+01-0.1777000000D+00
1 1619950408199504152449815.4 0.3061000000D+00-0.2750000000D-02 0.1355640000D+02 0.1256200000D+00 0.5610000000D-03 0.9900000000D-01 0.1080639000D+01 0.4632400000D+01 0.4358000000D+00-0.2471000000D+01 0.8500000000D-02-0.9400000000D-03 0.3935300000D+01 0.1625000000D-01 0.4040000000D-03 0.2940000000D-01 0.2678346000D+01 0.5597900000D+01 0.3093000000D+01-0.8585000000D+00
1 1719950415199504222449822.4 0.2887000000D+00-0.2430000000D-02 0.1277460000D+02 0.1208700000D+00 0.4520000000D-03 0.9370000000D-01 0.7402470000D+00 0.4380900000D+01 0.1396000000D+00-0.3193500000D+01 0.2100000000D-02-0.1000000000D-02 0.3842800000D+01 0.1240000000D-01 0.3450000000D-03 0.2890000000D-01 0.2375730000D+01 0.5014200000D+01 0.2522700000D+01-0.1532800000D+01
1 1819950422199504292449829.4 0.2720000000D+00-0.1980000000D-02 0.1205840000D+02 0.1168300000D+00 0.4480000000D-03 0.8890000000D-01 0.3940950000D+00 0.4110100000D+01 0.6238300000D+01-0.3916700000D+01-0.4400000000D-02-0.9700000000D-03 0.3783200000D+01 0.9090000000D-02 0.2990000000D-03 0.2850000000D-01 0.2076185000D+01 0.4406000000D+01 0.1954700000D+01-0.2206900000D+01
1 1919950429199505062449836.4 0.2569000000D+00-0.1620000000D-02 0.1140180000D+02 0.1130400000D+00 0.4320000000D-03 0.8420000000D-01 0.4316000000D-01 0.3831600000D+01 0.6264600000D+01-0.4642600000D+01-0.1100000000D-01-0.9000000000D-03 0.3753300000D+01 0.6290000000D-02 0.2690000000D-03 0.2830000000D-01 0.1776619000D+01 0.3695200000D+01 0.1318700000D+01-0.2885000000D+01
1 2019950506199505132449843.4 0.2438000000D+00-0.1500000000D-02 0.1079990000D+02 0.1087200000D+00 0.3760000000D-03 0.7950000000D-01 0.5971191000D+01 0.3546300000D+01 0.1597000000D+00-0.5375300000D+01-0.1740000000D-01-0.8100000000D-03 0.3749300000D+01 0.4410000000D-02 0.2610000000D-03 0.2850000000D-01 0.1474656000D+01 0.2743300000D+01 0.6531000000D+00-0.3568000000D+01
1 2119950513199505202449850.4 0.2323000000D+00-0.1530000000D-02 0.1024950000D+02 0.1038400000D+00 0.3260000000D-03 0.7540000000D-01 0.5612309000D+01 0.3248600000D+01 0.4599000000D+00-0.6117400000D+01-0.2330000000D-01-0.7600000000D-03 0.3766500000D+01 0.4310000000D-02 0.2690000000D-03 0.2880000000D-01 0.1168583000D+01 0.1574700000D+01 0.4300000000D-01-0.4251600000D+01
1 2219950520199505272449857.4 0.2215000000D+00-0.1530000000D-02 0.9747300000D+01 0.9923000000D-01 0.3000000000D-03 0.7230000000D-01 0.5250289000D+01 0.2932700000D+01 0.6169000000D+00-0.5758000000D+00-0.2870000000D-01-0.7200000000D-03 0.3799600000D+01 0.5940000000D-02 0.2750000000D-03 0.2910000000D-01 0.8573280000D+00 0.6178000000D+00 0.5839200000D+01-0.4937700000D+01
1 2319950527199506032449864.4 0.2111000000D+00-0.1450000000D-02 0.9287900000D+01 0.9555000000D-01 0.2620000000D-03 0.6920000000D-01 0.4885680000D+01 0.2601800000D+01 0.4140000000D+00-0.1310600000D+01-0.3380000000D-01-0.6600000000D-03 0.3843900000D+01 0.8500000000D-02 0.2630000000D-03 0.2930000000D-01 0.5403150000D+00 0.6213400000D+01 0.5417900000D+01-0.5635000000D+01
1 2419950603199506102449871.4 0.2014000000D+00-0.1340000000D-02 0.8864700000D+01 0.9262000000D-01 0.2430000000D-03 0.6560000000D-01 0.4518818000D+01 0.2263900000D+01 0.6163200000D+01-0.2051600000D+01-0.3860000000D-01-0.5700000000D-03 0.3895400000D+01 0.1138000000D-01 0.2340000000D-03 0.2970000000D-01 0.2173670000D+00 0.5669600000D+01 0.4991800000D+01-0.5810000000D-01
1 2519950610199506172449878.4 0.1923000000D+00-0.1260000000D-02 0.8472800000D+01 0.8999000000D-01 0.2840000000D-03 0.6250000000D-01 0.4149869000D+01 0.1924500000D+01 0.5626100000D+01-0.2803700000D+01-0.4290000000D-01-0.4900000000D-03 0.3950600000D+01 0.1427000000D-01 0.2020000000D-03 0.3030000000D-01 0.6171802000D+01 0.5196400000D+01 0.4476900000D+01-0.7666000000D+00
1 2619950617199506242449885.4 0.1840000000D+00-0.1200000000D-02 0.8107800000D+01 0.8738000000D-01 0.3460000000D-03 0.6030000000D-01 0.3778917000D+01 0.1585100000D+01 0.5299300000D+01-0.3554600000D+01-0.4660000000D-01-0.4400000000D-03 0.4006400000D+01 0.1691000000D-01 0.1980000000D-03 0.3080000000D-01 0.5837519000D+01 0.4759100000D+01 0.3879800000D+01-0.1474100000D+01
1 2719950624199507012449892.4 0.1762000000D+00-0.1080000000D-02 0.7766800000D+01 0.8451000000D-01 0.3720000000D-03 0.5800000000D-01 0.3405863000D+01 0.1244000000D+01 0.5152500000D+01-0.4296200000D+01-0.4990000000D-01-0.4400000000D-03 0.4060500000D+01 0.1917000000D-01 0.2320000000D-03 0.3100000000D-01 0.5498102000D+01 0.4335200000D+01 0.3414200000D+01-0.2188000000D+01
1 2819950701199507082449899.4 0.1686000000D+00-0.8700000000D-03 0.7448400000D+01 0.8151000000D-01 0.3330000000D-03 0.5530000000D-01 0.3030609000D+01 0.8957000000D+00 0.5103400000D+01-0.5043100000D+01-0.5270000000D-01-0.4600000000D-03 0.4111600000D+01 0.2123000000D-01 0.2580000000D-03 0.3130000000D-01 0.5154123000D+01 0.3909500000D+01 0.3096400000D+01-0.2912600000D+01
1 2919950708199507152449906.4 0.1616000000D+00-0.6700000000D-03 0.7151900000D+01 0.7907000000D-01 0.2560000000D-03 0.5300000000D-01 0.2653241000D+01 0.5389000000D+00 0.5032300000D+01-0.5801500000D+01-0.5540000000D-01-0.4200000000D-03 0.4157700000D+01 0.2343000000D-01 0.2410000000D-03 0.3170000000D-01 0.4806166000D+01 0.3484800000D+01 0.2759000000D+01-0.3638800000D+01
1 3019950715199507222449913.4 0.1555000000D+00-0.6300000000D-03 0.6874900000D+01 0.7769000000D-01 0.1790000000D-03 0.5120000000D-01 0.2273869000D+01 0.1786000000D+00 0.4679800000D+01-0.2763000000D+00-0.5790000000D-01-0.2900000000D-03 0.4196800000D+01 0.2581000000D-01 0.1950000000D-03 0.3210000000D-01 0.4454631000D+01 0.3070800000D+01 0.2229800000D+01-0.4363000000D+01
1 3119950722199507292449920.4 0.1503000000D+00-0.7500000000D-03 0.6613900000D+01 0.7708000000D-01 0.1880000000D-03 0.4950000000D-01 0.1892312000D+01 0.6106400000D+01 0.3962000000D+01-0.1029200000D+01-0.6020000000D-01-0.1300000000D-03 0.4227800000D+01 0.2796000000D-01 0.1950000000D-03 0.3220000000D-01 0.4099646000D+01 0.2672200000D+01 0.1476900000D+01-0.5089100000D+01
1 3219950729199508052449927.4 0.1454000000D+00-0.9000000000D-03 0.6367000000D+01 0.7631000000D-01 0.2750000000D-03 0.4750000000D-01 0.1508006000D+01 0.5756800000D+01 0.3647500000D+01-0.1783500000D+01-0.6180000000D-01-0.2000000000D-04 0.4250700000D+01 0.2949000000D-01 0.2480000000D-03 0.3230000000D-01 0.3741391000D+01 0.2275400000D+01 0.9808000000D+00-0.5823500000D+01
1 3319950805199508122449934.4 0.1403000000D+00-0.9200000000D-03 0.6135200000D+01 0.7503000000D-01 0.3340000000D-03 0.4560000000D-01 0.1120453000D+01 0.5403400000D+01 0.3602800000D+01-0.2548000000D+01-0.6280000000D-01-0.1000000000D-04 0.4266000000D+01 0.3062000000D-01 0.2740000000D-03 0.3240000000D-01 0.3380408000D+01 0.1864900000D+01 0.7016000000D+00-0.2788000000D+00
1 3419950812199508192449941.4 0.1349000000D+00-0.7700000000D-03 0.5920200000D+01 0.7392000000D-01 0.3300000000D-03 0.4420000000D-01 0.7295910000D+00 0.5038100000D+01 0.3580800000D+01-0.3318600000D+01-0.6320000000D-01-0.7000000000D-04 0.4272400000D+01 0.3190000000D-01 0.2470000000D-03 0.3260000000D-01 0.3017303000D+01 0.1444500000D+01 0.3990000000D+00-0.1014600000D+01
1 3519950819199508262449948.4 0.1296000000D+00-0.5500000000D-03 0.5721300000D+01 0.7373000000D-01 0.2770000000D-03 0.4300000000D-01 0.3354620000D+00 0.4666400000D+01 0.3434200000D+01-0.4086700000D+01-0.6340000000D-01-0.1100000000D-03 0.4267900000D+01 0.3336000000D-01 0.2070000000D-03 0.3250000000D-01 0.2652339000D+01 0.1030600000D+01 0.6161700000D+01-0.1749200000D+01
1 3619950826199509022449955.4 0.1250000000D+00-0.4200000000D-03 0.5536600000D+01 0.7435000000D-01 0.2340000000D-03 0.4160000000D-01 0.6220987000D+01 0.4298600000D+01 0.2991500000D+01-0.4852100000D+01-0.6370000000D-01-0.7000000000D-04 0.4251700000D+01 0.3459000000D-01 0.2270000000D-03 0.3220000000D-01 0.2285550000D+01 0.6287000000D+00 0.5475100000D+01-0.2488800000D+01
1 3719950902199509092449962.4 0.1211000000D+00-0.4200000000D-03 0.5366300000D+01 0.7513000000D-01 0.2810000000D-03 0.4000000000D-01 0.5819242000D+01 0.3937800000D+01 0.2388300000D+01-0.5628800000D+01-0.6380000000D-01 0.2000000000D-04 0.4224300000D+01 0.3523000000D-01 0.2970000000D-03 0.3190000000D-01 0.1917104000D+01 0.2274000000D+00 0.4976900000D+01-0.3236000000D+01
1 3819950909199509162449969.4 0.1176000000D+00-0.4600000000D-03 0.5212700000D+01 0.7559000000D-01 0.3810000000D-03 0.3900000000D-01 0.5412949000D+01 0.3575900000D+01 0.2015800000D+01-0.1352000000D+00-0.6370000000D-01 0.1100000000D-03 0.4186000000D+01 0.3550000000D-01 0.3400000000D-03 0.3180000000D-01 0.1547507000D+01 0.6094300000D+01 0.4602300000D+01-0.3978700000D+01
1 3919950916199509232449976.4 0.1142000000D+00-0.4900000000D-03 0.5078500000D+01 0.7595000000D-01 0.4430000000D-03 0.3840000000D-01 0.5002039000D+01 0.3204900000D+01 0.1757300000D+01-0.9185000000D+00-0.6310000000D-01 0.1700000000D-03 0.4135600000D+01 0.3579000000D-01 0.3340000000D-03 0.3140000000D-01 0.1177322000D+01 0.5663200000D+01 0.4177500000D+01-0.4714900000D+01
1 4019950923199509302449983.4 0.1109000000D+00-0.5000000000D-03 0.4965000000D+01 0.7660000000D-01 0.4390000000D-03 0.3760000000D-01 0.4586711000D+01 0.2824800000D+01 0.1482500000D+01-0.1698700000D+01-0.6210000000D-01 0.2000000000D-03 0.4071400000D+01 0.3612000000D-01 0.3150000000D-03 0.3060000000D-01 0.8069370000D+00 0.5227300000D+01 0.3618500000D+01-0.5456500000D+01
1 4119950930199510072449990.4 0.1076000000D+00-0.5100000000D-03 0.4873000000D+01 0.7772000000D-01 0.3860000000D-03 0.3660000000D-01 0.4167280000D+01 0.2441300000D+01 0.1096500000D+01-0.2493800000D+01-0.6090000000D-01 0.2200000000D-03 0.3992100000D+01 0.3623000000D-01 0.3350000000D-03 0.2990000000D-01 0.4367280000D+00 0.4791500000D+01 0.2989000000D+01-0.6205000000D+01
1 4219951007199510142449997.4 0.1045000000D+00-0.5200000000D-03 0.4802900000D+01 0.7910000000D-01 0.3520000000D-03 0.3620000000D-01 0.3744125000D+01 0.2060100000D+01 0.5268000000D+00-0.3300000000D+01-0.5950000000D-01 0.2500000000D-03 0.3896700000D+01 0.3584000000D-01 0.3920000000D-03 0.2930000000D-01 0.6718000000D-01 0.4351700000D+01 0.2467000000D+01-0.6627000000D+00
1 4319951014199510212450004.4 0.1013000000D+00-0.4900000000D-03 0.4755500000D+01 0.8017000000D-01 0.4030000000D-03 0.3630000000D-01 0.3317624000D+01 0.1682700000D+01 0.6256300000D+01-0.4095100000D+01-0.5790000000D-01 0.2500000000D-03 0.3784700000D+01 0.3494000000D-01 0.4290000000D-03 0.2840000000D-01 0.5982139000D+01 0.3897000000D+01 0.2064700000D+01-0.1392700000D+01
1 4419951021199510282450011.4 0.9810000000D-01-0.3700000000D-03 0.4732600000D+01 0.8051000000D-01 0.4820000000D-03 0.3600000000D-01 0.2888448000D+01 0.1303400000D+01 0.5911900000D+01-0.4887400000D+01-0.5610000000D-01 0.2200000000D-03 0.3655500000D+01 0.3392000000D-01 0.4210000000D-03 0.2720000000D-01 0.5616201000D+01 0.3421800000D+01 0.1667100000D+01-0.2127500000D+01
1 4519951028199511042450018.4 0.9500000000D-01-0.2100000000D-03 0.4735600000D+01 0.8039000000D-01 0.5110000000D-03 0.3590000000D-01 0.2457840000D+01 0.9154000000D+00 0.5655300000D+01-0.5692400000D+01-0.5430000000D-01 0.1900000000D-03 0.3508500000D+01 0.3316000000D-01 0.4000000000D-03 0.2600000000D-01 0.5253794000D+01 0.2932800000D+01 0.1176000000D+01-0.2864600000D+01
1 4619951104199511112450025.4 0.9240000000D-01-0.1500000000D-03 0.4763200000D+01 0.8044000000D-01 0.4640000000D-03 0.3620000000D-01 0.2027378000D+01 0.5178000000D+00 0.5331700000D+01-0.2174000000D+00-0.5250000000D-01 0.2100000000D-03 0.3343300000D+01 0.3263000000D-01 0.4170000000D-03 0.2480000000D-01 0.4896323000D+01 0.2439900000D+01 0.6185000000D+00-0.3589800000D+01
1 4719951111199511182450032.4 0.9040000000D-01-0.2500000000D-03 0.4811100000D+01 0.8090000000D-01 0.4100000000D-03 0.3690000000D-01 0.1598290000D+01 0.1189000000D+00 0.4772200000D+01-0.1013700000D+01-0.5090000000D-01 0.2800000000D-03 0.3160100000D+01 0.3202000000D-01 0.4690000000D-03 0.2330000000D-01 0.4545284000D+01 0.1942400000D+01 0.1349000000D+00-0.4301600000D+01
1 4819951118199511252450039.4 0.8860000000D-01-0.4300000000D-03 0.4874700000D+01 0.8103000000D-01 0.4760000000D-03 0.3740000000D-01 0.1171148000D+01 0.6008500000D+01 0.4143200000D+01-0.1802500000D+01-0.4920000000D-01 0.3400000000D-03 0.2961000000D+01 0.3133000000D-01 0.4940000000D-03 0.2170000000D-01 0.4202533000D+01 0.1428600000D+01 0.6015300000D+01-0.5008300000D+01
1 4919951125199512022450046.4 0.8650000000D-01-0.5400000000D-03 0.4951700000D+01 0.8003000000D-01 0.5880000000D-03 0.3780000000D-01 0.7464990000D+00 0.5614000000D+01 0.3741700000D+01-0.2596900000D+01-0.4730000000D-01 0.3300000000D-03 0.2750300000D+01 0.3104000000D-01 0.4700000000D-03 0.2000000000D-01 0.3870824000D+01 0.8982000000D+00 0.5579900000D+01-0.5707600000D+01
1 5019951202199512092450053.4 0.8380000000D-01-0.4800000000D-03 0.5038900000D+01 0.7815000000D-01 0.6230000000D-03 0.3850000000D-01 0.3252910000D+00 0.5207600000D+01 0.3446300000D+01-0.3392800000D+01-0.4530000000D-01 0.2500000000D-03 0.2533200000D+01 0.3131000000D-01 0.4430000000D-03 0.1840000000D-01 0.3553888000D+01 0.3699000000D+00 0.5042000000D+01-0.1029000000D+00
1 5119951209199512162450060.4 0.8080000000D-01-0.3100000000D-03 0.5130500000D+01 0.7631000000D-01 0.5700000000D-03 0.3940000000D-01 0.6191526000D+01 0.4788100000D+01 0.3098300000D+01-0.4178000000D+01-0.4350000000D-01 0.1600000000D-03 0.2316800000D+01 0.3172000000D-01 0.4520000000D-03 0.1680000000D-01 0.3256096000D+01 0.6137000000D+01 0.4479300000D+01-0.7567000000D+00
1 5219951216199512232450067.4 0.7800000000D-01-0.1900000000D-03 0.5218800000D+01 0.7493000000D-01 0.5200000000D-03 0.4010000000D-01 0.5778951000D+01 0.4365900000D+01 0.2590100000D+01-0.4950700000D+01-0.4200000000D-01 0.1200000000D-03 0.2111400000D+01 0.3195000000D-01 0.4670000000D-03 0.1530000000D-01 0.2982153000D+01 0.5626200000D+01 0.3979400000D+01-0.1385400000D+01
1 5319951223199512302450074.4 0.7580000000D-01-0.1900000000D-03 0.5298600000D+01 0.7353000000D-01 0.5690000000D-03 0.4030000000D-01 0.5370293000D+01 0.3949100000D+01 0.2038800000D+01-0.5727400000D+01-0.4080000000D-01 0.1300000000D-03 0.1931100000D+01 0.3208000000D-01 0.4510000000D-03 0.1410000000D-01 0.2736293000D+01 0.5114200000D+01 0.3494000000D+01-0.1988200000D+01
1 5419951230199601062450081.4 0.7390000000D-01-0.2700000000D-03 0.5367800000D+01 0.7148000000D-01 0.6550000000D-03 0.4080000000D-01 0.4965166000D+01 0.3531500000D+01 0.1632200000D+01-0.2256000000D+00-0.3990000000D-01 0.1500000000D-03 0.1793000000D+01 0.3225000000D-01 0.4230000000D-03 0.1330000000D-01 0.2520010000D+01 0.4606500000D+01 0.2945100000D+01-0.2562900000D+01
1 5519960106199601132450088.4 0.7190000000D-01-0.3400000000D-03 0.5424400000D+01 0.6910000000D-01 0.6840000000D-03 0.4150000000D-01 0.4563437000D+01 0.3103700000D+01 0.1301800000D+01-0.9950000000D+00-0.3900000000D-01 0.1300000000D-03 0.1713200000D+01 0.3226000000D-01 0.4210000000D-03 0.1300000000D-01 0.2328290000D+01 0.4108400000D+01 0.2358400000D+01-0.3115500000D+01
2 5619941231199501072449717.4-0.7600000000D-02 0.1200000000D-03 0.3739180000D+02 0.3255500000D+00 0.2403000000D-02 0.5600000000D-02 0.5214196000D+01 0.4962700000D+01 0.2915000000D+00 0.1119100000D+01 0.2800000000D-02-0.2400000000D-03 0.1522120000D+02 0.1211800000D+00 0.1830000000D-02 0.2600000000D-02 0.8974860000D+00 0.8233000000D+00 0.4300500000D+01 0.3445800000D+01
2 5719950107199501142449724.4-0.8500000000D-02 0.2200000000D-03 0.3962860000D+02 0.3264500000D+00 0.3992000000D-02 0.5000000000D-02 0.2355194000D+01 0.2220800000D+01 0.3973800000D+01 0.1825700000D+01 0.2900000000D-02-0.2400000000D-03 0.1597970000D+02 0.9723000000D-01 0.2606000000D-02 0.3000000000D-02 0.4327552000D+01 0.4176900000D+01 0.1350800000D+01 0.3820500000D+01
2 5819950114199501212449731.4-0.8700000000D-02 0.1100000000D-03 0.4187610000D+02 0.3218100000D+00 0.4731000000D-02 0.6200000000D-02 0.5787781000D+01 0.5824300000D+01 0.1598500000D+01 0.2715300000D+01 0.2800000000D-02-0.2000000000D-03 0.1652590000D+02 0.6352000000D-01 0.3467000000D-02 0.2700000000D-02 0.1472167000D+01 0.1143600000D+01 0.4856500000D+01 0.4203200000D+01
2 5919950121199501282449738.4-0.9300000000D-02 0.2600000000D-03 0.4401450000D+02 0.2976200000D+00 0.5587000000D-02 0.9100000000D-02 0.2946301000D+01 0.3183300000D+01 0.5328200000D+01 0.3227400000D+01 0.3000000000D-02-0.2600000000D-03 0.1678220000D+02 0.3393000000D-01 0.4073000000D-02 0.2300000000D-02 0.4896411000D+01 0.3714700000D+01 0.2096000000D+01 0.4973700000D+01
2 6019950128199502042449745.4-0.9300000000D-02 0.2500000000D-03 0.4583520000D+02 0.2633100000D+00 0.8035000000D-02 0.1000000000D-01 0.1133820000D+00 0.5894000000D+00 0.2768600000D+01 0.3642600000D+01 0.3000000000D-02-0.2800000000D-03 0.1668670000D+02 0.6614000000D-01 0.3899000000D-02 0.2700000000D-02 0.2031519000D+01 0.6074800000D+01 0.5532700000D+01 0.5739700000D+01
2 6119950204199502112449752.4-0.9500000000D-02 0.3100000000D-03 0.4713930000D+02 0.2194600000D+00 0.8215000000D-02 0.9300000000D-02 0.3570211000D+01 0.4465200000D+01 0.3329000000D+00 0.4093200000D+01 0.2500000000D-02-0.1700000000D-03 0.1622810000D+02 0.1172100000D+00 0.3057000000D-02 0.3200000000D-02 0.5440149000D+01 0.2983500000D+01 0.2813100000D+01 0.1720000000D-01
2 6219950211199502182449759.4-0.9300000000D-02 0.3700000000D-03 0.4771240000D+02 0.1833500000D+00 0.8753000000D-02 0.7200000000D-02 0.7484720000D+00 0.2180800000D+01 0.3898600000D+01 0.4819100000D+01 0.2500000000D-02-0.2200000000D-03 0.1547600000D+02 0.1601700000D+00 0.1321000000D-02 0.3400000000D-02 0.2554284000D+01 0.9130000000D-01 0.6010500000D+01 0.3539000000D+00
2 6319950218199502252449766.4-0.8700000000D-02 0.3700000000D-03 0.4748100000D+02 0.2059200000D+00 0.8273000000D-02 0.8200000000D-02 0.4210099000D+01 0.6253000000D+01 0.1507300000D+01 0.5689200000D+01 0.2000000000D-02-0.1500000000D-03 0.1456120000D+02 0.1770500000D+00 0.3290000000D-03 0.2700000000D-02 0.5939730000D+01 0.3490800000D+01 0.1514500000D+01 0.7642000000D+00
2 6419950225199503042449773.4-0.9000000000D-02 0.5500000000D-03 0.4647440000D+02 0.2401600000D+00 0.6368000000D-02 0.9400000000D-02 0.1386456000D+01 0.3914200000D+01 0.5059900000D+01 0.6271100000D+01 0.2000000000D-02-0.1700000000D-03 0.1362740000D+02 0.1746400000D+00 0.1918000000D-02 0.2000000000D-02 0.3035289000D+01 0.6176000000D+00 0.4178300000D+01 0.1298800000D+01
2 6519950304199503112449780.4-0.8300000000D-02 0.4700000000D-03 0.4484180000D+02 0.2872900000D+00 0.5760000000D-02 0.9500000000D-02 0.4839560000D+01 0.1361800000D+01 0.2691600000D+01 0.4263000000D+00 0.1600000000D-02-0.1000000000D-03 0.1277050000D+02 0.1499400000D+00 0.2294000000D-02 0.1700000000D-02 0.1305670000D+00 0.3981300000D+01 0.1272900000D+01 0.2164000000D+01
2 6619950311199503182449787.4-0.7700000000D-02 0.3900000000D-03 0.4279630000D+02 0.3161400000D+00 0.3860000000D-02 0.7100000000D-02 0.2001856000D+01 0.5045900000D+01 0.1765000000D+00 0.8957000000D+00 0.1600000000D-02-0.1200000000D-03 0.1203620000D+02 0.1208700000D+00 0.2427000000D-02 0.2100000000D-02 0.3517633000D+01 0.1016700000D+01 0.4634800000D+01 0.2848200000D+01
2 6719950318199503252449794.4-0.7900000000D-02 0.5400000000D-03 0.4054480000D+02 0.3281800000D+00 0.3306000000D-02 0.5600000000D-02 0.5437921000D+01 0.2363600000D+01 0.3852700000D+01 0.1698800000D+01 0.1600000000D-02-0.1000000000D-03 0.1141580000D+02 0.9193000000D-01 0.2104000000D-02 0.2300000000D-02 0.6348380000D+00 0.4281900000D+01 0.1775300000D+01 0.3265900000D+01
2 6819950325199504012449801.4-0.7300000000D-02 0.4300000000D-03 0.3825720000D+02 0.3342200000D+00 0.2673000000D-02 0.5800000000D-02 0.2581834000D+01 0.5935700000D+01 0.1430800000D+01 0.2489100000D+01 0.1600000000D-02-0.8000000000D-04 0.1089890000D+02 0.7030000000D-01 0.1619000000D-02 0.2100000000D-02 0.4049960000D+01 0.1180600000D+01 0.5007800000D+01 0.3645600000D+01
2 6919950401199504082449808.4-0.6700000000D-02 0.3500000000D-03 0.3602570000D+02 0.3287900000D+00 0.1707000000D-02 0.7000000000D-02 0.6000287000D+01 0.3202200000D+01 0.5129900000D+01 0.3001500000D+01 0.1500000000D-02-0.4000000000D-04 0.1047040000D+02 0.5473000000D-01 0.1364000000D-02 0.1600000000D-02 0.1195780000D+01 0.4354000000D+01 0.2069100000D+01 0.4079500000D+01
2 7019950408199504152449815.4-0.6500000000D-02 0.3900000000D-03 0.3392590000D+02 0.3202600000D+00 0.1937000000D-02 0.6800000000D-02 0.3127510000D+01 0.4220000000D+00 0.2386500000D+01 0.3323700000D+01 0.1700000000D-02-0.7000000000D-04 0.1013040000D+02 0.4463000000D-01 0.9040000000D-03 0.1300000000D-02 0.4635169000D+01 0.1170600000D+01 0.4983800000D+01 0.4943300000D+01
2 7119950415199504222449822.4-0.6500000000D-02 0.4200000000D-03 0.3197750000D+02 0.3110000000D+00 0.1093000000D-02 0.5500000000D-02 0.2483540000D+00 0.3937100000D+01 0.3761000000D+00 0.3707100000D+01 0.1700000000D-02-0.3000000000D-04 0.9876500000D+01 0.3556000000D-01 0.8620000000D-03 0.1500000000D-02 0.1799196000D+01 0.4388300000D+01 0.2173400000D+01 0.5673100000D+01
2 7219950422199504292449829.4-0.6200000000D-02 0.3500000000D-03 0.3019290000D+02 0.2969800000D+00 0.1028000000D-02 0.3900000000D-02 0.3646129000D+01 0.1112800000D+01 0.3339500000D+01 0.4216300000D+01 0.1700000000D-02-0.2000000000D-04 0.9704500000D+01 0.2963000000D-01 0.7450000000D-03 0.1800000000D-02 0.5249186000D+01 0.1217700000D+01 0.4867800000D+01 0.6159600000D+01
2 7319950429199505062449836.4-0.6000000000D-02 0.3400000000D-03 0.2856000000D+02 0.2882700000D+00 0.9730000000D-03 0.3300000000D-02 0.7563420000D+00 0.4585400000D+01 0.1365900000D+01 0.5090900000D+01 0.1700000000D-02-0.1000000000D-04 0.9609400000D+01 0.2124000000D-01 0.7050000000D-03 0.1700000000D-02 0.2416918000D+01 0.4412300000D+01 0.2095200000D+01 0.1932000000D+00
2 7419950506199505132449843.4-0.6300000000D-02 0.4300000000D-03 0.2706800000D+02 0.2746100000D+00 0.6460000000D-03 0.3900000000D-02 0.4145195000D+01 0.1742200000D+01 0.4623100000D+01 0.5685800000D+01 0.1900000000D-02-0.3000000000D-04 0.9580400000D+01 0.1614000000D-01 0.7230000000D-03 0.1300000000D-02 0.5864989000D+01 0.1093000000D+01 0.4939200000D+01 0.6756000000D+00
2 7519950513199505202449850.4-0.6200000000D-02 0.3800000000D-03 0.2570660000D+02 0.2655600000D+00 0.8450000000D-03 0.4300000000D-02 0.1247667000D+01 0.5184000000D+01 0.2317400000D+01 0.6099500000D+01 0.1800000000D-02 0.0000000000D+00 0.9610100000D+01 0.1074000000D-01 0.6970000000D-03 0.9000000000D-03 0.3026061000D+01 0.3873200000D+01 0.2153700000D+01 0.1524700000D+01
2 7619950520199505272449857.4-0.6000000000D-02 0.3100000000D-03 0.2445810000D+02 0.2548900000D+00 0.7440000000D-03 0.4100000000D-02 0.4630184000D+01 0.2325500000D+01 0.5911900000D+01 0.1052000000D+00 0.1900000000D-02-0.1000000000D-04 0.9680300000D+01 0.1332000000D-01 0.6370000000D-03 0.1200000000D-02 0.1812980000D+00 0.1911000000D+00 0.5213100000D+01 0.2431800000D+01
2 7719950527199506032449864.4-0.6000000000D-02 0.3300000000D-03 0.2330920000D+02 0.2448700000D+00 0.5510000000D-03 0.3000000000D-02 0.1726873000D+01 0.5740300000D+01 0.3120100000D+01 0.5212000000D+00 0.2100000000D-02-0.1000000000D-04 0.9784400000D+01 0.1796000000D-01 0.8000000000D-03 0.1600000000D-02 0.3613540000D+01 0.3157600000D+01 0.2302700000D+01 0.2840000000D+01
2 7819950603199506102449871.4-0.6100000000D-02 0.3300000000D-03 0.2224800000D+02 0.2386700000D+00 0.9670000000D-03 0.2300000000D-02 0.5104566000D+01 0.2876600000D+01 0.4130000000D+00 0.1228700000D+01 0.2200000000D-02 0.0000000000D+00 0.9906600000D+01 0.2683000000D-01 0.5140000000D-03 0.1600000000D-02 0.7565470000D+00 0.6264900000D+01 0.5461200000D+01 0.3173900000D+01
2 7919950610199506172449878.4-0.5800000000D-02 0.2400000000D-03 0.2126470000D+02 0.2281800000D+00 0.5120000000D-03 0.2400000000D-02 0.2196464000D+01 0.6275600000D+01 0.4081100000D+01 0.2023500000D+01 0.2100000000D-02 0.1000000000D-04 0.1004220000D+02 0.3237000000D-01 0.8060000000D-03 0.1400000000D-02 0.4175971000D+01 0.3257800000D+01 0.2545000000D+01 0.3521900000D+01
2 8019950617199506242449885.4-0.5500000000D-02 0.2000000000D-03 0.2035120000D+02 0.2243200000D+00 0.9600000000D-03 0.3100000000D-02 0.5569885000D+01 0.3401100000D+01 0.1071000000D+01 0.2502900000D+01 0.2200000000D-02 0.1000000000D-04 0.1017950000D+02 0.4155000000D-01 0.4960000000D-03 0.1000000000D-02 0.1306851000D+01 0.2284000000D+00 0.5702600000D+01 0.4212900000D+01
2 8119950624199507012449892.4-0.5600000000D-02 0.2200000000D-03 0.1949650000D+02 0.2149400000D+00 0.5440000000D-03 0.3200000000D-02 0.2657500000D+01 0.5089000000D+00 0.5031600000D+01 0.2766700000D+01 0.2200000000D-02 0.3000000000D-04 0.1031300000D+02 0.4645000000D-01 0.8280000000D-03 0.1200000000D-02 0.4714744000D+01 0.3559500000D+01 0.2842700000D+01 0.5062200000D+01
2 8219950701199507082449899.4-0.5400000000D-02 0.1700000000D-03 0.1869850000D+02 0.2136000000D+00 0.8930000000D-03 0.2700000000D-02 0.6026642000D+01 0.3907900000D+01 0.1626400000D+01 0.3053200000D+01 0.2100000000D-02 0.6000000000D-04 0.1043780000D+02 0.5559000000D-01 0.4670000000D-03 0.1500000000D-02 0.1835044000D+01 0.5734000000D+00 0.5913000000D+01 0.5582000000D+01
2 8319950708199507152449906.4-0.5100000000D-02 0.1200000000D-03 0.1794670000D+02 0.2061200000D+00 0.7300000000D-03 0.1900000000D-02 0.3109751000D+01 0.1015900000D+01 0.5532700000D+01 0.3399600000D+01 0.2100000000D-02 0.6000000000D-04 0.1054910000D+02 0.6004000000D-01 0.7420000000D-03 0.1700000000D-02 0.5233210000D+01 0.3918800000D+01 0.3072600000D+01 0.5891000000D+01
2 8419950715199507222449913.4-0.5100000000D-02 0.1300000000D-03 0.1724480000D+02 0.2039000000D+00 0.6590000000D-03 0.1300000000D-02 0.1907560000D+00 0.4400100000D+01 0.2437500000D+01 0.4247300000D+01 0.2100000000D-02 0.6000000000D-04 0.1064520000D+02 0.6704000000D-01 0.5600000000D-03 0.1400000000D-02 0.2344468000D+01 0.9543000000D+00 0.2300000000D-01 0.6149400000D+01
2 8519950722199507292449920.4-0.5000000000D-02 0.1200000000D-03 0.1657950000D+02 0.2007800000D+00 0.8870000000D-03 0.1500000000D-02 0.3552186000D+01 0.1510800000D+01 0.5983500000D+01 0.5093300000D+01 0.2000000000D-02 0.9000000000D-04 0.1072020000D+02 0.7217000000D-01 0.6940000000D-03 0.9000000000D-03 0.5734795000D+01 0.4302300000D+01 0.3222600000D+01 0.3817000000D+00
2 8619950729199508052449927.4-0.4800000000D-02 0.6000000000D-04 0.1595820000D+02 0.1980100000D+00 0.6260000000D-03 0.2000000000D-02 0.6273710000D+00 0.4885400000D+01 0.3252600000D+01 0.5570900000D+01 0.1900000000D-02 0.9000000000D-04 0.1077620000D+02 0.7711000000D-01 0.6110000000D-03 0.7000000000D-03 0.2838598000D+01 0.1344800000D+01 0.3734000000D+00 0.1370400000D+01
2 8719950805199508122449934.4-0.4600000000D-02 0.5000000000D-04 0.1537130000D+02 0.1980200000D+00 0.9290000000D-03 0.2200000000D-02 0.3982790000D+01 0.1993000000D+01 0.1462000000D+00 0.5804400000D+01 0.1900000000D-02 0.7000000000D-04 0.1080750000D+02 0.8256000000D-01 0.6610000000D-03 0.1100000000D-02 0.6222517000D+01 0.4692500000D+01 0.3357000000D+01 0.2179300000D+01
2 8819950812199508192449941.4-0.4500000000D-02 0.2000000000D-04 0.1482480000D+02 0.1944500000D+00 0.7180000000D-03 0.1800000000D-02 0.1051073000D+01 0.5363600000D+01 0.4079000000D+01 0.6063000000D+01 0.1800000000D-02 0.1000000000D-03 0.1081660000D+02 0.8491000000D-01 0.7060000000D-03 0.1500000000D-02 0.3320199000D+01 0.1739500000D+01 0.7418000000D+00 0.2467300000D+01
2 8919950819199508262449948.4-0.4300000000D-02-0.2000000000D-04 0.1431410000D+02 0.1976500000D+00 0.9800000000D-03 0.1300000000D-02 0.4399369000D+01 0.2466000000D+01 0.6366000000D+00 0.1984000000D+00 0.1700000000D-02 0.1200000000D-03 0.1079800000D+02 0.9072000000D-01 0.6950000000D-03 0.1400000000D-02 0.4158930000D+00 0.5081500000D+01 0.3524000000D+01 0.2723400000D+01
2 9019950826199509022449955.4-0.4000000000D-02-0.4000000000D-04 0.1384250000D+02 0.1949600000D+00 0.8430000000D-03 0.9000000000D-03 0.1459607000D+01 0.5835000000D+01 0.4541000000D+01 0.9344000000D+00 0.1600000000D-02 0.1100000000D-03 0.1075310000D+02 0.9162000000D-01 0.7280000000D-03 0.1200000000D-02 0.3792033000D+01 0.2129400000D+01 0.9247000000D+00 0.2950200000D+01
2 9119950902199509092449962.4-0.3900000000D-02-0.6000000000D-04 0.1341170000D+02 0.1983200000D+00 0.9520000000D-03 0.1100000000D-02 0.4799208000D+01 0.2928800000D+01 0.1258000000D+01 0.1786700000D+01 0.1600000000D-02 0.1100000000D-03 0.1067950000D+02 0.9557000000D-01 0.7440000000D-03 0.7000000000D-03 0.8836480000D+00 0.5463700000D+01 0.3877400000D+01 0.3535100000D+01
2 9219950909199509162449969.4-0.3600000000D-02-0.1000000000D-03 0.1302440000D+02 0.1974700000D+00 0.9890000000D-03 0.1400000000D-02 0.1850497000D+01 0.1460000000D-01 0.4982200000D+01 0.2110000000D+01 0.1300000000D-02 0.1600000000D-03 0.1057550000D+02 0.9606000000D-01 0.7750000000D-03 0.7000000000D-03 0.4256592000D+01 0.2507700000D+01 0.1081500000D+01 0.4567300000D+01
2 9319950916199509232449976.4-0.3300000000D-02-0.1200000000D-03 0.1268460000D+02 0.2011400000D+00 0.9910000000D-03 0.1500000000D-02 0.5180702000D+01 0.3382900000D+01 0.1833400000D+01 0.2379800000D+01 0.1200000000D-02 0.1300000000D-03 0.1043940000D+02 0.9802000000D-01 0.8240000000D-03 0.9000000000D-03 0.1345560000D+01 0.5832100000D+01 0.4185900000D+01 0.5220400000D+01
2 9419950923199509302449983.4-0.3200000000D-02-0.1000000000D-03 0.1239440000D+02 0.2024200000D+00 0.1090000000D-02 0.1300000000D-02 0.2222667000D+01 0.4666000000D+00 0.5309900000D+01 0.2545300000D+01 0.1100000000D-02 0.1200000000D-03 0.1026820000D+02 0.9821000000D-01 0.8670000000D-03 0.1200000000D-02 0.4716893000D+01 0.2867100000D+01 0.1185500000D+01 0.5482500000D+01
2 9519950930199510072449990.4-0.2900000000D-02-0.1100000000D-03 0.1216040000D+02 0.2045100000D+00 0.1080000000D-02 0.8000000000D-03 0.5543414000D+01 0.3828000000D+01 0.2436800000D+01 0.2855400000D+01 0.9000000000D-03 0.1200000000D-03 0.1006040000D+02 0.9726000000D-01 0.8810000000D-03 0.1000000000D-02 0.1804839000D+01 0.6177200000D+01 0.4541000000D+01 0.5657000000D+01
2 9619951007199510142449997.4-0.2600000000D-02-0.1400000000D-03 0.1198460000D+02 0.2079600000D+00 0.1199000000D-02 0.5000000000D-03 0.2577096000D+01 0.9077000000D+00 0.5620400000D+01 0.3747600000D+01 0.7000000000D-03 0.1300000000D-03 0.9813600000D+01 0.9746000000D-01 0.1040000000D-02 0.6000000000D-03 0.5176680000D+01 0.3201800000D+01 0.1348500000D+01 0.6022800000D+01
2 9719951014199510212450004.4-0.2500000000D-02-0.1000000000D-03 0.1187130000D+02 0.2086500000D+00 0.1231000000D-02 0.7000000000D-03 0.5890373000D+01 0.4263500000D+01 0.2872300000D+01 0.4877400000D+01 0.8000000000D-03 0.8000000000D-04 0.9524600000D+01 0.9443000000D-01 0.9750000000D-03 0.3000000000D-03 0.2266104000D+01 0.2059000000D+00 0.4793200000D+01 0.6971000000D+00
2 9819951021199510282450011.4-0.2400000000D-02-0.8000000000D-04 0.1182050000D+02 0.2125200000D+00 0.1270000000D-02 0.1100000000D-02 0.2918435000D+01 0.1334700000D+01 0.5984300000D+01 0.5232700000D+01 0.7000000000D-03 0.7000000000D-04 0.9192000000D+01 0.9381000000D-01 0.1167000000D-02 0.6000000000D-03 0.5641185000D+01 0.3495100000D+01 0.1599200000D+01 0.1904300000D+01
2 9919951028199511042450018.4-0.2000000000D-02-0.1100000000D-03 0.1183190000D+02 0.2121000000D+00 0.1396000000D-02 0.1300000000D-02 0.6227885000D+01 0.4687500000D+01 0.3219000000D+01 0.5362900000D+01 0.5000000000D-03 0.8000000000D-04 0.8813500000D+01 0.8978000000D-01 0.1075000000D-02 0.8000000000D-03 0.2735618000D+01 0.4746000000D+00 0.5034300000D+01 0.2106500000D+01
210019951104199511112450025.4-0.1800000000D-02-0.9000000000D-04 0.1190410000D+02 0.2148900000D+00 0.1357000000D-02 0.1200000000D-02 0.3254526000D+01 0.1748100000D+01 0.4860000000D-01 0.5529800000D+01 0.4000000000D-03 0.7000000000D-04 0.8391100000D+01 0.8874000000D-01 0.1260000000D-02 0.8000000000D-03 0.6118147000D+01 0.3739600000D+01 0.1853400000D+01 0.2302400000D+01
210119951111199511182450032.4-0.1600000000D-02-0.6000000000D-04 0.1202670000D+02 0.2137400000D+00 0.1530000000D-02 0.9000000000D-03 0.2817770000D+00 0.5095300000D+01 0.3466400000D+01 0.5635500000D+01 0.5000000000D-03 0.4000000000D-04 0.7923700000D+01 0.8508000000D-01 0.1210000000D-02 0.6000000000D-03 0.3222973000D+01 0.6953000000D+00 0.5225500000D+01 0.2378400000D+01
210219951118199511252450039.4-0.1300000000D-02-0.6000000000D-04 0.1219550000D+02 0.2131400000D+00 0.1474000000D-02 0.4000000000D-03 0.3594502000D+01 0.2146900000D+01 0.4761000000D+00 0.6116400000D+01 0.3000000000D-03 0.6000000000D-04 0.7418900000D+01 0.8358000000D-01 0.1225000000D-02 0.2000000000D-03 0.3361560000D+00 0.3926500000D+01 0.2122300000D+01 0.2739300000D+01
210319951125199512022450046.4-0.9000000000D-03-0.6000000000D-04 0.1239410000D+02 0.2123700000D+00 0.1654000000D-02 0.4000000000D-03 0.6269030000D+00 0.5485400000D+01 0.3683400000D+01 0.1396800000D+01 0.3000000000D-03 0.5000000000D-04 0.6881300000D+01 0.8134000000D-01 0.1303000000D-02 0.2000000000D-03 0.3743216000D+01 0.8729000000D+00 0.5420000000D+01 0.4809600000D+01
210419951202199512092450053.4-0.8000000000D-03 0.0000000000D+00 0.1261590000D+02 0.2081600000D+00 0.1602000000D-02 0.8000000000D-03 0.3945774000D+01 0.2529300000D+01 0.8308000000D+00 0.2079600000D+01 0.3000000000D-03 0.4000000000D-04 0.6327600000D+01 0.8031000000D-01 0.1193000000D-02 0.4000000000D-03 0.8810930000D+00 0.4081300000D+01 0.2332300000D+01 0.5297600000D+01
210519951209199512162450060.4-0.4000000000D-03 0.0000000000D+00 0.1284190000D+02 0.2067600000D+00 0.1723000000D-02 0.1100000000D-02 0.9856600000D+00 0.5855500000D+01 0.3956800000D+01 0.2210000000D+01 0.3000000000D-03 0.3000000000D-04 0.5773600000D+01 0.7911000000D-01 0.1297000000D-02 0.5000000000D-03 0.4320971000D+01 0.1024500000D+01 0.5604600000D+01 0.5419000000D+01
210619951216199512232450067.4-0.2000000000D-03 0.4000000000D-04 0.1306290000D+02 0.1998800000D+00 0.1694000000D-02 0.1100000000D-02 0.4312151000D+01 0.2894000000D+01 0.1222300000D+01 0.2337400000D+01 0.3000000000D-03 0.5000000000D-04 0.5246900000D+01 0.7883000000D-01 0.1134000000D-02 0.3000000000D-03 0.1500660000D+01 0.4227100000D+01 0.2472500000D+01 0.5557400000D+01
210719951223199512302450074.4 0.0000000000D+00 0.8000000000D-04 0.1326510000D+02 0.1989500000D+00 0.1766000000D-02 0.8000000000D-03 0.1359951000D+01 0.6209100000D+01 0.4236600000D+01 0.2602200000D+01 0.4000000000D-03 0.3000000000D-04 0.4781100000D+01 0.7752000000D-01 0.1252000000D-02 0.1000000000D-03 0.4992485000D+01 0.1176000000D+01 0.5773800000D+01 0.4193000000D+00
210819951230199601062450081.4 0.1000000000D-03 0.1200000000D-03 0.1344020000D+02 0.1910300000D+00 0.1716000000D-02 0.4000000000D-03 0.4693825000D+01 0.3242000000D+01 0.1530900000D+01 0.3141200000D+01 0.5000000000D-03 0.3000000000D-04 0.4417500000D+01 0.7737000000D-01 0.1132000000D-02 0.3000000000D-03 0.2230829000D+01 0.4385400000D+01 0.2598800000D+01 0.2041300000D+01
210919960106199601132450088.4 0.4000000000D-03 0.1200000000D-03 0.1357990000D+02 0.1889200000D+00 0.1705000000D-02 0.6000000000D-03 0.1748445000D+01 0.2671000000D+00 0.4643600000D+01 0.4693500000D+01 0.6000000000D-03 0.4000000000D-04 0.4197800000D+01 0.7565000000D-01 0.1179000000D-02 0.4000000000D-03 0.5778958000D+01 0.1330800000D+01 0.5884500000D+01 0.2115000000D+01
