 7 5   2  44  56  71  95 4.4880 2.4930 1.5162 0.7217 0.4667  9.0 31.0 27.0 17.0 22.0 112 2451543.5000 2000                                                                                                                                                                                                                                                                       
1  219991231200001092451543.4-0.5700000000D-02 0.1300000000D-03 0.5252300000D+01 0.2327100000D+00 0.4949000000D-02 0.3500000000D-02 0.2829565000D+01 0.1220300000D+01 0.5700200000D+01 0.2773200000D+01 0.1660000000D-01-0.3900000000D-03 0.8600000000D+01 0.3746700000D+00 0.7811000000D-02 0.5200000000D-02 0.4534313000D+01 0.2947700000D+01 0.1175400000D+01 0.4347400000D+01
1  320000109200001182451552.4-0.7200000000D-02 0.3800000000D-03 0.5181900000D+01 0.2295900000D+00 0.4862000000D-02 0.3700000000D-02 0.5130223000D+01 0.3520300000D+01 0.1716500000D+01 0.9179000000D+00 0.1430000000D-01 0.1400000000D-03 0.8561000000D+01 0.3732800000D+00 0.7975000000D-02 0.4800000000D-02 0.5575600000D+00 0.5261500000D+01 0.3480400000D+01 0.2878700000D+01
1  420000118200001272451561.4-0.4800000000D-02-0.1400000000D-03 0.5112400000D+01 0.2260000000D+00 0.4794000000D-02 0.3200000000D-02 0.1147558000D+01 0.5822900000D+01 0.4029800000D+01 0.5559200000D+01 0.1250000000D-01 0.4200000000D-03 0.8535100000D+01 0.3704200000D+00 0.7724000000D-02 0.5400000000D-02 0.2864348000D+01 0.1283600000D+01 0.5805300000D+01 0.1046700000D+01
1  520000127200002052451570.4-0.3600000000D-02-0.3200000000D-03 0.5046400000D+01 0.2234500000D+00 0.4771000000D-02 0.3200000000D-02 0.3448497000D+01 0.1843600000D+01 0.3760000000D-01 0.3786100000D+01 0.1360000000D-01 0.1000000000D-03 0.8516800000D+01 0.3698100000D+00 0.7699000000D-02 0.5600000000D-02 0.5172029000D+01 0.3594000000D+01 0.1821500000D+01 0.5769100000D+01
1  620000205200002142451579.4-0.5200000000D-02 0.1000000000D-03 0.4985800000D+01 0.2195100000D+00 0.4651000000D-02 0.2700000000D-02 0.5749384000D+01 0.4145700000D+01 0.2364500000D+01 0.2102600000D+01 0.1760000000D-01-0.6600000000D-03 0.8505700000D+01 0.3687700000D+00 0.7759000000D-02 0.6200000000D-02 0.1197032000D+01 0.5907300000D+01 0.4137900000D+01 0.3992600000D+01
1  720000214200002232451588.4-0.6100000000D-02 0.2500000000D-03 0.4930100000D+01 0.2172900000D+00 0.4564000000D-02 0.3100000000D-02 0.1768075000D+01 0.1657000000D+00 0.4657300000D+01 0.5297000000D+00 0.1600000000D-01-0.1700000000D-03 0.8506700000D+01 0.3681100000D+00 0.7605000000D-02 0.5400000000D-02 0.3505900000D+01 0.1932500000D+01 0.1684000000D+00 0.2337700000D+01
1  820000223200003032451597.4-0.5700000000D-02 0.1200000000D-03 0.4878700000D+01 0.2154300000D+00 0.4601000000D-02 0.2500000000D-02 0.4070488000D+01 0.2474800000D+01 0.6690000000D+00 0.5210400000D+01 0.1240000000D-01 0.5800000000D-03 0.8514100000D+01 0.3669500000D+00 0.7708000000D-02 0.6000000000D-02 0.5815162000D+01 0.4248000000D+01 0.2499000000D+01 0.5093000000D+00
1  920000303200003122451606.4-0.3900000000D-02-0.2400000000D-03 0.4836600000D+01 0.2120800000D+00 0.4435000000D-02 0.3100000000D-02 0.8990600000D-01 0.4777300000D+01 0.2999900000D+01 0.3525700000D+01 0.1380000000D-01 0.1600000000D-03 0.8532500000D+01 0.3674100000D+00 0.7645000000D-02 0.5100000000D-02 0.1842095000D+01 0.2760000000D+00 0.4809800000D+01 0.5160600000D+01
1 1020000312200003212451615.4-0.3500000000D-02-0.2100000000D-03 0.4800400000D+01 0.2103800000D+00 0.4400000000D-02 0.3000000000D-02 0.2393672000D+01 0.8022000000D+00 0.5303200000D+01 0.1891400000D+01 0.1610000000D-01-0.3300000000D-03 0.8558200000D+01 0.3695900000D+00 0.7686000000D-02 0.5200000000D-02 0.4153016000D+01 0.2589500000D+01 0.8214000000D+00 0.3467200000D+01
1 1120000321200003302451624.4-0.6000000000D-02 0.3200000000D-03 0.4771300000D+01 0.2086400000D+00 0.4375000000D-02 0.3400000000D-02 0.4698137000D+01 0.3112000000D+01 0.1331600000D+01 0.2369000000D+00 0.1730000000D-01-0.4100000000D-03 0.8591400000D+01 0.3688000000D+00 0.7788000000D-02 0.4600000000D-02 0.1805030000D+00 0.4906000000D+01 0.3164900000D+01 0.1790500000D+01
1 1220000330200004082451633.4-0.5900000000D-02 0.2200000000D-03 0.4751200000D+01 0.2071600000D+00 0.4291000000D-02 0.3000000000D-02 0.7204700000D+00 0.5419500000D+01 0.3646000000D+01 0.4711700000D+01 0.1500000000D-01 0.1600000000D-03 0.8636300000D+01 0.3712000000D+00 0.7695000000D-02 0.5300000000D-02 0.2492222000D+01 0.9328000000D+00 0.5468100000D+01 0.2436000000D+00
1 1320000408200004172451642.4-0.4100000000D-02-0.1800000000D-03 0.4737000000D+01 0.2057200000D+00 0.4360000000D-02 0.3400000000D-02 0.3026803000D+01 0.1452600000D+01 0.5973900000D+01 0.3021500000D+01 0.1240000000D-01 0.6400000000D-03 0.8685400000D+01 0.3736700000D+00 0.7727000000D-02 0.4900000000D-02 0.4804143000D+01 0.3246500000D+01 0.1494400000D+01 0.4899300000D+01
1 1420000417200004262451651.4-0.3700000000D-02-0.1800000000D-03 0.4733900000D+01 0.2051400000D+00 0.4264000000D-02 0.3000000000D-02 0.5334386000D+01 0.3761400000D+01 0.1997900000D+01 0.1283300000D+01 0.1580000000D-01-0.1800000000D-03 0.8741200000D+01 0.3744200000D+00 0.7801000000D-02 0.5900000000D-02 0.8326530000D+00 0.5560900000D+01 0.3829500000D+01 0.3243200000D+01
1 1520000426200005052451660.4-0.4400000000D-02 0.4000000000D-04 0.4738300000D+01 0.2053800000D+00 0.4238000000D-02 0.2900000000D-02 0.1360192000D+01 0.6073800000D+01 0.4300300000D+01 0.5904800000D+01 0.1850000000D-01-0.6100000000D-03 0.8800700000D+01 0.3778800000D+00 0.7978000000D-02 0.5900000000D-02 0.3144882000D+01 0.1593200000D+01 0.6135000000D+01 0.1531200000D+01
1 1620000505200005142451669.4-0.6000000000D-02 0.3300000000D-03 0.4749400000D+01 0.2046500000D+00 0.4287000000D-02 0.2800000000D-02 0.3669654000D+01 0.2108700000D+01 0.3550000000D+00 0.4168600000D+01 0.1620000000D-01 0.8000000000D-04 0.8865600000D+01 0.3799100000D+00 0.7963000000D-02 0.6400000000D-02 0.5456756000D+01 0.3904800000D+01 0.2174700000D+01 0.6189000000D+01
1 1720000514200005232451678.4-0.5200000000D-02 0.7000000000D-04 0.4771600000D+01 0.2052100000D+00 0.4225000000D-02 0.2800000000D-02 0.5980646000D+01 0.4420300000D+01 0.2666700000D+01 0.2670100000D+01 0.1430000000D-01 0.4300000000D-03 0.8934000000D+01 0.3836400000D+00 0.8031000000D-02 0.5900000000D-02 0.1485774000D+01 0.6216100000D+01 0.4477100000D+01 0.4365400000D+01
1 1820000523200006012451687.4-0.2900000000D-02-0.3400000000D-03 0.4799600000D+01 0.2056600000D+00 0.4211000000D-02 0.2800000000D-02 0.2009381000D+01 0.4525000000D+00 0.4996200000D+01 0.1006000000D+01 0.1450000000D-01 0.2700000000D-03 0.8998700000D+01 0.3878600000D+00 0.8291000000D-02 0.6200000000D-02 0.3797753000D+01 0.2248900000D+01 0.4968000000D+00 0.2701300000D+01
1 1920000601200006102451696.4-0.4000000000D-02-0.2000000000D-04 0.4834300000D+01 0.2064400000D+00 0.4270000000D-02 0.3000000000D-02 0.4322090000D+01 0.2770800000D+01 0.1037600000D+01 0.5701200000D+01 0.1790000000D-01-0.4100000000D-03 0.9068900000D+01 0.3901300000D+00 0.8165000000D-02 0.5800000000D-02 0.6109075000D+01 0.4555400000D+01 0.2814000000D+01 0.1023300000D+01
1 2020000610200006192451705.4-0.5500000000D-02 0.3000000000D-03 0.4874800000D+01 0.2083200000D+00 0.4375000000D-02 0.3400000000D-02 0.3527730000D+00 0.5089900000D+01 0.3347200000D+01 0.4009300000D+01 0.1950000000D-01-0.5200000000D-03 0.9135700000D+01 0.3932900000D+00 0.8248000000D-02 0.5100000000D-02 0.2137161000D+01 0.5817000000D+00 0.5125400000D+01 0.5643600000D+01
1 2120000619200006282451714.4-0.5300000000D-02 0.1600000000D-03 0.4920900000D+01 0.2093500000D+00 0.4358000000D-02 0.3300000000D-02 0.2666914000D+01 0.1121900000D+01 0.5682200000D+01 0.2364700000D+01 0.1490000000D-01 0.5100000000D-03 0.9195100000D+01 0.3966400000D+00 0.8371000000D-02 0.5400000000D-02 0.4447904000D+01 0.2892500000D+01 0.1147500000D+01 0.3967700000D+01
1 2220000628200007072451723.4-0.4000000000D-02-0.1000000000D-03 0.4971500000D+01 0.2118400000D+00 0.4405000000D-02 0.3500000000D-02 0.4982015000D+01 0.3437300000D+01 0.1700500000D+01 0.5769000000D+00 0.1430000000D-01 0.5000000000D-03 0.9252100000D+01 0.3996800000D+00 0.8429000000D-02 0.5300000000D-02 0.4750060000D+00 0.5199800000D+01 0.3450400000D+01 0.2415500000D+01
1 2320000707200007162451732.4-0.2700000000D-02-0.2800000000D-03 0.5022500000D+01 0.2144300000D+00 0.4503000000D-02 0.3400000000D-02 0.1014213000D+01 0.5754600000D+01 0.4009600000D+01 0.5145100000D+01 0.1790000000D-01-0.3100000000D-03 0.9299300000D+01 0.4008100000D+00 0.8594000000D-02 0.5900000000D-02 0.2784577000D+01 0.1226500000D+01 0.5780100000D+01 0.8022000000D+00
1 2420000716200007252451741.4-0.4500000000D-02 0.1500000000D-03 0.5075500000D+01 0.2161500000D+00 0.4476000000D-02 0.3300000000D-02 0.3329299000D+01 0.1783200000D+01 0.5010000000D-01 0.3517000000D+01 0.1920000000D-01-0.4100000000D-03 0.9339900000D+01 0.4044900000D+00 0.8590000000D-02 0.5700000000D-02 0.5093913000D+01 0.3531400000D+01 0.1779300000D+01 0.5386800000D+01
1 2520000725200008032451750.4-0.6000000000D-02 0.4200000000D-03 0.5126700000D+01 0.2181400000D+00 0.4588000000D-02 0.2900000000D-02 0.5644372000D+01 0.4098400000D+01 0.2371100000D+01 0.1709400000D+01 0.1810000000D-01-0.4000000000D-04 0.9369600000D+01 0.4074400000D+00 0.8721000000D-02 0.7000000000D-02 0.1119541000D+01 0.5837900000D+01 0.4069700000D+01 0.3714200000D+01
1 2620000803200008122451759.4-0.3900000000D-02-0.8000000000D-04 0.5174400000D+01 0.2205600000D+00 0.4610000000D-02 0.3200000000D-02 0.1676070000D+01 0.1264000000D+00 0.4678700000D+01 0.1796000000D+00 0.1450000000D-01 0.6000000000D-03 0.9387700000D+01 0.4073900000D+00 0.8742000000D-02 0.6200000000D-02 0.3427313000D+01 0.1859800000D+01 0.1087000000D+00 0.1996900000D+01
1 2720000812200008212451768.4-0.2600000000D-02-0.2500000000D-03 0.5216800000D+01 0.2232300000D+00 0.4690000000D-02 0.3000000000D-02 0.3990509000D+01 0.2437900000D+01 0.6915000000D+00 0.4793000000D+01 0.1550000000D-01 0.2800000000D-03 0.9396600000D+01 0.4093900000D+00 0.8725000000D-02 0.6700000000D-02 0.5734861000D+01 0.4162200000D+01 0.2393100000D+01 0.2751000000D+00
1 2820000821200008302451777.4-0.3300000000D-02 0.0000000000D+00 0.5251800000D+01 0.2243700000D+00 0.4837000000D-02 0.3200000000D-02 0.2068000000D-01 0.4751400000D+01 0.3021500000D+01 0.3300100000D+01 0.2030000000D-01-0.6800000000D-03 0.9392400000D+01 0.4092400000D+00 0.8684000000D-02 0.6100000000D-02 0.1758502000D+01 0.1814000000D+00 0.4700700000D+01 0.4755500000D+01
1 2920000830200009082451786.4-0.4700000000D-02 0.2700000000D-03 0.5280900000D+01 0.2268400000D+00 0.4784000000D-02 0.3300000000D-02 0.2333580000D+01 0.7720000000D+00 0.5305800000D+01 0.1478600000D+01 0.1870000000D-01-0.1900000000D-03 0.9375000000D+01 0.4090400000D+00 0.8678000000D-02 0.5900000000D-02 0.4064831000D+01 0.2484400000D+01 0.7165000000D+00 0.3183300000D+01
1 3020000908200009172451795.4-0.5000000000D-02 0.2900000000D-03 0.5299300000D+01 0.2286200000D+00 0.4856000000D-02 0.3800000000D-02 0.4645383000D+01 0.3079500000D+01 0.1317000000D+01 0.6258900000D+01 0.1510000000D-01 0.5600000000D-03 0.9344800000D+01 0.4081800000D+00 0.8856000000D-02 0.5200000000D-02 0.8733200000D-01 0.4791300000D+01 0.3018500000D+01 0.1345300000D+01
1 3120000917200009262451804.4-0.2300000000D-02-0.2500000000D-03 0.5307400000D+01 0.2289700000D+00 0.4901000000D-02 0.3600000000D-02 0.6725930000D+00 0.5385400000D+01 0.3634400000D+01 0.4418500000D+01 0.1540000000D-01 0.3300000000D-03 0.9308100000D+01 0.4061800000D+00 0.8631000000D-02 0.5400000000D-02 0.2392628000D+01 0.8068000000D+00 0.5325600000D+01 0.6135100000D+01
1 3220000926200010052451813.4-0.1700000000D-02-0.2700000000D-03 0.5305200000D+01 0.2301500000D+00 0.4918000000D-02 0.3700000000D-02 0.2982136000D+01 0.1405600000D+01 0.5919800000D+01 0.2780300000D+01 0.1750000000D-01-0.1400000000D-03 0.9260100000D+01 0.4061900000D+00 0.8611000000D-02 0.5400000000D-02 0.4697998000D+01 0.3109100000D+01 0.1321000000D+01 0.4421300000D+01
1 3320001005200010142451822.4-0.4100000000D-02 0.2900000000D-03 0.5292100000D+01 0.2295300000D+00 0.4905000000D-02 0.3700000000D-02 0.5290136000D+01 0.3707900000D+01 0.1950600000D+01 0.9295000000D+00 0.1970000000D-01-0.5200000000D-03 0.9202300000D+01 0.4032000000D+00 0.8710000000D-02 0.5500000000D-02 0.7192900000D+00 0.5415500000D+01 0.3634100000D+01 0.2932000000D+01
1 3420001014200010232451831.4-0.4200000000D-02 0.2500000000D-03 0.5268400000D+01 0.2297500000D+00 0.4903000000D-02 0.3200000000D-02 0.1314224000D+01 0.6009000000D+01 0.4233700000D+01 0.5615900000D+01 0.1710000000D-01 0.1200000000D-03 0.9143000000D+01 0.4006700000D+00 0.8449000000D-02 0.6000000000D-02 0.3023753000D+01 0.1430500000D+01 0.5932600000D+01 0.1066800000D+01
1 3520001023200011012451840.4-0.2800000000D-02-0.7000000000D-04 0.5232600000D+01 0.2292200000D+00 0.4998000000D-02 0.3300000000D-02 0.3620115000D+01 0.2031200000D+01 0.2426000000D+00 0.3784600000D+01 0.1340000000D-01 0.7800000000D-03 0.9076400000D+01 0.3976600000D+00 0.8426000000D-02 0.6400000000D-02 0.5327967000D+01 0.3734800000D+01 0.1955500000D+01 0.5844500000D+01
1 3620001101200011102451849.4-0.1500000000D-02-0.2500000000D-03 0.5190700000D+01 0.2271800000D+00 0.4868000000D-02 0.2900000000D-02 0.5924721000D+01 0.4327800000D+01 0.2551900000D+01 0.2232400000D+01 0.1650000000D-01-0.5000000000D-04 0.9007300000D+01 0.3942800000D+00 0.8372000000D-02 0.6300000000D-02 0.1348866000D+01 0.6038800000D+01 0.4261300000D+01 0.3989200000D+01
1 3720001110200011192451858.4-0.1800000000D-02-0.1000000000D-03 0.5140200000D+01 0.2263600000D+00 0.4810000000D-02 0.3100000000D-02 0.1945772000D+01 0.3426000000D+00 0.4829000000D+01 0.5833000000D+00 0.1890000000D-01-0.5100000000D-03 0.8936300000D+01 0.3924600000D+00 0.8356000000D-02 0.6000000000D-02 0.3653349000D+01 0.2060500000D+01 0.2678000000D+00 0.2319800000D+01
1 3820001119200011282451867.4-0.4000000000D-02 0.3600000000D-03 0.5080700000D+01 0.2239600000D+00 0.4822000000D-02 0.2800000000D-02 0.4248523000D+01 0.2645100000D+01 0.8496000000D+00 0.5290500000D+01 0.1730000000D-01-0.3000000000D-04 0.8866500000D+01 0.3875200000D+00 0.8275000000D-02 0.6300000000D-02 0.5957339000D+01 0.4366200000D+01 0.2594600000D+01 0.5236000000D+00
1 3920001128200012072451876.4-0.3300000000D-02 0.1100000000D-03 0.5017700000D+01 0.2213800000D+00 0.4721000000D-02 0.3400000000D-02 0.2674650000D+00 0.4941900000D+01 0.3148100000D+01 0.3575900000D+01 0.1520000000D-01 0.3800000000D-03 0.8802200000D+01 0.3855400000D+00 0.8110000000D-02 0.5400000000D-02 0.1978952000D+01 0.3853000000D+00 0.4880100000D+01 0.5164100000D+01
1 4020001207200012162451885.4-0.9000000000D-03-0.3600000000D-03 0.4949100000D+01 0.2183900000D+00 0.4687000000D-02 0.3200000000D-02 0.2568840000D+01 0.9593000000D+00 0.5455000000D+01 0.1983000000D+01 0.1390000000D-01 0.4500000000D-03 0.8737200000D+01 0.3833100000D+00 0.8106000000D-02 0.5300000000D-02 0.4284005000D+01 0.2693500000D+01 0.8953000000D+00 0.3415400000D+01
1 4120001216200012252451894.4-0.1400000000D-02-0.1200000000D-03 0.4878000000D+01 0.2155900000D+00 0.4618000000D-02 0.3400000000D-02 0.4869713000D+01 0.3258400000D+01 0.1463400000D+01 0.2130000000D+00 0.1750000000D-01-0.3300000000D-03 0.8680300000D+01 0.3787200000D+00 0.7947000000D-02 0.5100000000D-02 0.3057600000D+00 0.4999000000D+01 0.3222200000D+01 0.1788500000D+01
1 4220001225200101032451903.4-0.2700000000D-02 0.1600000000D-03 0.4804700000D+01 0.2134400000D+00 0.4600000000D-02 0.3300000000D-02 0.8874420000D+00 0.5558800000D+01 0.3744700000D+01 0.4723100000D+01 0.1910000000D-01-0.5400000000D-03 0.8630100000D+01 0.3762200000D+00 0.7865000000D-02 0.5200000000D-02 0.2611656000D+01 0.1022700000D+01 0.5529800000D+01 0.2385000000D+00
1 4320010103200101122451912.4-0.3100000000D-02 0.1800000000D-03 0.4730800000D+01 0.2094500000D+00 0.4515000000D-02 0.3400000000D-02 0.3187371000D+01 0.1576100000D+01 0.6063500000D+01 0.3040100000D+01 0.1510000000D-01 0.3700000000D-03 0.8584400000D+01 0.3733900000D+00 0.7785000000D-02 0.5100000000D-02 0.4917859000D+01 0.3331900000D+01 0.1562200000D+01 0.4844100000D+01
2 4419991231200001312451543.4 0.1340000000D-01-0.1000000000D-04 0.6963900000D+01 0.1353000000D-01 0.2100000000D-04 0.4700000000D-02 0.3796216000D+01 0.1181200000D+01 0.4013800000D+01 0.2421600000D+01-0.1430000000D-01 0.4000000000D-04 0.1263560000D+02 0.6880000000D-02 0.8200000000D-04 0.1000000000D-01 0.5533751000D+01 0.2615100000D+01 0.5925800000D+01 0.4292900000D+01
2 4520000131200003022451574.4 0.1290000000D-01-0.1000000000D-04 0.6625500000D+01 0.1233000000D-01 0.5400000000D-04 0.4800000000D-02 0.5649929000D+01 0.3108900000D+01 0.6042200000D+01 0.5010000000D-01-0.1370000000D-01 0.0000000000D+00 0.1250080000D+02 0.1970000000D-02 0.8400000000D-04 0.9200000000D-02 0.1133840000D+01 0.3836200000D+01 0.1338600000D+01 0.1620900000D+01
2 4620000302200004022451605.4 0.1200000000D-01 0.1000000000D-04 0.6361700000D+01 0.9160000000D-02 0.7500000000D-04 0.5000000000D-02 0.1220806000D+01 0.5085500000D+01 0.1722300000D+01 0.3682400000D+01-0.1390000000D-01 0.2000000000D-04 0.1252380000D+02 0.4060000000D-02 0.7300000000D-04 0.9200000000D-02 0.3022110000D+01 0.3578600000D+01 0.3272400000D+01 0.5616400000D+01
2 4720000402200005032451636.4 0.1220000000D-01-0.1000000000D-04 0.6214600000D+01 0.4640000000D-02 0.8600000000D-04 0.4400000000D-02 0.3080841000D+01 0.9310000000D+00 0.3603400000D+01 0.1223500000D+01-0.1580000000D-01 0.8000000000D-04 0.1269850000D+02 0.8490000000D-02 0.4700000000D-04 0.9200000000D-02 0.4913440000D+01 0.5292200000D+01 0.4959200000D+01 0.2999600000D+01
2 4820000503200006032451667.4 0.1280000000D-01-0.2000000000D-04 0.6207800000D+01 0.2400000000D-02 0.8300000000D-04 0.4500000000D-02 0.4952795000D+01 0.4517400000D+01 0.5571000000D+01 0.4855800000D+01-0.1540000000D-01 0.0000000000D+00 0.1298720000D+02 0.1133000000D-01 0.2000000000D-04 0.9800000000D-02 0.5225940000D+00 0.8066000000D+00 0.5287600000D+01 0.6234000000D+00
2 4920000603200007042451698.4 0.1260000000D-01 0.0000000000D+00 0.6339300000D+01 0.6670000000D-02 0.6000000000D-04 0.4000000000D-02 0.5568080000D+00 0.8451000000D+00 0.1449000000D+01 0.2558700000D+01-0.1540000000D-01-0.1000000000D-04 0.1332360000D+02 0.1129000000D-01 0.6200000000D-04 0.9700000000D-02 0.2413397000D+01 0.2583200000D+01 0.6025700000D+01 0.4145200000D+01
2 5020000704200008042451729.4 0.1310000000D-01 0.0000000000D+00 0.6572600000D+01 0.9930000000D-02 0.1900000000D-04 0.5400000000D-02 0.2457113000D+01 0.2927000000D+01 0.4974700000D+01 0.6184900000D+01-0.1590000000D-01-0.1000000000D-04 0.1361490000D+02 0.8000000000D-02 0.1050000000D-03 0.8500000000D-02 0.4300446000D+01 0.4346300000D+01 0.1532100000D+01 0.1872500000D+01
2 5120000804200009042451760.4 0.1310000000D-01 0.1000000000D-04 0.6832200000D+01 0.9430000000D-02 0.7100000000D-04 0.4600000000D-02 0.4363795000D+01 0.4938700000D+01 0.1589600000D+01 0.3657800000D+01-0.1480000000D-01-0.7000000000D-04 0.1376960000D+02 0.2600000000D-02 0.1040000000D-03 0.1020000000D-01 0.6183497000D+01 0.5321600000D+01 0.3219000000D+01 0.5534300000D+01
2 5220000904200010052451791.4 0.1250000000D-01 0.3000000000D-04 0.7014200000D+01 0.5060000000D-02 0.1070000000D-03 0.4700000000D-02 0.6267612000D+01 0.7285000000D+00 0.3615600000D+01 0.1217300000D+01-0.1520000000D-01-0.1000000000D-04 0.1372460000D+02 0.6070000000D-02 0.8000000000D-04 0.9000000000D-02 0.1779370000D+01 0.5523800000D+01 0.4958900000D+01 0.2977800000D+01
2 5320001005200011052451822.4 0.1290000000D-01-0.2000000000D-04 0.7040100000D+01 0.2310000000D-02 0.9800000000D-04 0.4500000000D-02 0.1877427000D+01 0.4905200000D+01 0.5578700000D+01 0.4888400000D+01-0.1670000000D-01 0.5000000000D-04 0.1349330000D+02 0.1054000000D-01 0.3600000000D-04 0.9200000000D-02 0.3655920000D+01 0.8839000000D+00 0.4686000000D+00 0.3596000000D+00
2 5420001105200012062451853.4 0.1300000000D-01-0.3000000000D-04 0.6890200000D+01 0.8220000000D-02 0.6200000000D-04 0.4900000000D-02 0.3756183000D+01 0.1006600000D+01 0.1246900000D+01 0.2401600000D+01-0.1530000000D-01-0.3000000000D-04 0.1315660000D+02 0.1227000000D-01 0.2600000000D-04 0.8400000000D-02 0.5531900000D+01 0.2685600000D+01 0.6228900000D+01 0.4112900000D+01
2 5520001206200101062451884.4 0.1180000000D-01 0.0000000000D+00 0.6608700000D+01 0.1205000000D-01 0.2300000000D-04 0.4800000000D-02 0.5621032000D+01 0.2972800000D+01 0.3309000000D+01 0.5986600000D+01-0.1490000000D-01-0.3000000000D-04 0.1281330000D+02 0.1061000000D-01 0.6900000000D-04 0.8800000000D-02 0.1126240000D+01 0.4520700000D+01 0.1620900000D+01 0.1735400000D+01
3 5619991231200001272451543.4 0.4410000000D-01-0.4700000000D-03 0.9709300000D+01 0.1861000000D-01 0.3400000000D-04 0.1840000000D-01 0.6214709000D+01 0.3567000000D+01 0.6069400000D+01 0.2182700000D+01 0.6320000000D-01-0.2800000000D-03 0.1759760000D+02 0.9260000000D-02 0.1070000000D-03 0.3490000000D-01 0.1672009000D+01 0.4934600000D+01 0.1994400000D+01 0.3935100000D+01
3 5720000127200002232451570.4 0.3030000000D-01 0.3700000000D-03 0.9293200000D+01 0.1723000000D-01 0.5600000000D-04 0.1570000000D-01 0.3143786000D+01 0.5991000000D+00 0.3440200000D+01 0.2209300000D+01 0.4760000000D-01-0.6000000000D-03 0.1742320000D+02 0.3690000000D-02 0.1280000000D-03 0.3050000000D-01 0.4909961000D+01 0.1670800000D+01 0.5118400000D+01 0.3985500000D+01
3 5820000223200003212451597.4 0.4130000000D-01 0.7000000000D-04 0.8950800000D+01 0.1409000000D-01 0.8800000000D-04 0.1740000000D-01 0.7130500000D-01 0.3935800000D+01 0.6163000000D+00 0.2337400000D+01 0.3270000000D-01 0.7300000000D-03 0.1741410000D+02 0.3420000000D-02 0.1160000000D-03 0.3540000000D-01 0.1866697000D+01 0.2567000000D+01 0.1977000000D+01 0.4165800000D+01
3 5920000321200004172451624.4 0.3970000000D-01-0.4400000000D-03 0.8724200000D+01 0.9150000000D-02 0.1020000000D-03 0.1740000000D-01 0.3284455000D+01 0.1035600000D+01 0.3741000000D+01 0.2661200000D+01 0.5990000000D-01-0.6000000000D-04 0.1756950000D+02 0.9210000000D-02 0.9500000000D-04 0.3620000000D-01 0.5108835000D+01 0.5511100000D+01 0.4863600000D+01 0.4510500000D+01
3 6020000417200005142451651.4 0.2670000000D-01 0.2700000000D-03 0.8640300000D+01 0.4430000000D-02 0.1280000000D-03 0.1500000000D-01 0.2210380000D+00 0.4790600000D+01 0.7063000000D+00 0.2764400000D+01 0.5540000000D-01-0.8800000000D-03 0.1786510000D+02 0.1350000000D-01 0.3800000000D-04 0.3150000000D-01 0.2068608000D+01 0.2247600000D+01 0.2063400000D+01 0.4625000000D+01
3 6120000514200006102451678.4 0.3700000000D-01 0.2300000000D-03 0.8705700000D+01 0.5010000000D-02 0.1150000000D-03 0.1710000000D-01 0.3450624000D+01 0.3337000000D+01 0.4033100000D+01 0.2873600000D+01 0.3150000000D-01 0.6000000000D-03 0.1825100000D+02 0.1584000000D-01 0.2300000000D-04 0.3670000000D-01 0.5310350000D+01 0.5416100000D+01 0.2376200000D+01 0.4744400000D+01
3 6220000610200007072451705.4 0.4340000000D-01-0.4400000000D-03 0.8906900000D+01 0.1042000000D-01 0.6800000000D-04 0.1890000000D-01 0.4092090000D+00 0.7183000000D+00 0.1305000000D+01 0.3209500000D+01 0.5470000000D-01 0.4400000000D-03 0.1865870000D+02 0.1456000000D-01 0.8000000000D-04 0.3970000000D-01 0.2267670000D+01 0.2299800000D+01 0.5731800000D+01 0.5079900000D+01
3 6320000707200008032451732.4 0.3060000000D-01 0.1600000000D-03 0.9204100000D+01 0.1341000000D-01 0.4400000000D-04 0.1690000000D-01 0.3661188000D+01 0.4077600000D+01 0.5772800000D+01 0.3395900000D+01 0.6160000000D-01-0.8500000000D-03 0.1899210000D+02 0.1079000000D-01 0.1510000000D-03 0.3420000000D-01 0.5505671000D+01 0.5377700000D+01 0.2542800000D+01 0.5259200000D+01
3 6420000803200008302451759.4 0.3830000000D-01 0.4600000000D-03 0.9518200000D+01 0.1299000000D-01 0.9400000000D-04 0.1850000000D-01 0.6344040000D+00 0.1164000000D+01 0.3838500000D+01 0.3475700000D+01 0.3180000000D-01 0.4400000000D-03 0.1917200000D+02 0.3830000000D-02 0.1670000000D-03 0.3650000000D-01 0.2457707000D+01 0.1874100000D+01 0.5841100000D+01 0.5298500000D+01
3 6520000830200009262451786.4 0.5030000000D-01-0.3500000000D-03 0.9755000000D+01 0.8610000000D-02 0.1420000000D-03 0.2070000000D-01 0.3890107000D+01 0.4637500000D+01 0.1196900000D+01 0.3800600000D+01 0.4830000000D-01 0.7100000000D-03 0.1914400000D+02 0.6460000000D-02 0.1200000000D-03 0.4030000000D-01 0.5691685000D+01 0.3064600000D+01 0.2664000000D+01 0.5600300000D+01
3 6620000926200010232451813.4 0.3690000000D-01-0.3000000000D-04 0.9834500000D+01 0.3110000000D-02 0.1580000000D-03 0.1780000000D-01 0.8564670000D+00 0.2662500000D+01 0.4642400000D+01 0.4002700000D+01 0.6540000000D-01-0.9200000000D-03 0.1890850000D+02 0.1302000000D-01 0.5900000000D-04 0.3400000000D-01 0.2641636000D+01 0.6071800000D+01 0.5858900000D+01 0.5829400000D+01
3 6720001023200011192451840.4 0.3650000000D-01 0.4800000000D-03 0.9722200000D+01 0.7600000000D-02 0.1230000000D-03 0.1760000000D-01 0.4096289000D+01 0.1142400000D+01 0.1551500000D+01 0.4048700000D+01 0.3620000000D-01-0.1100000000D-03 0.1853250000D+02 0.1707000000D-01 0.4100000000D-04 0.3310000000D-01 0.5874415000D+01 0.2983000000D+01 0.6230000000D+00 0.5844400000D+01
3 6820001119200012162451867.4 0.4970000000D-01-0.3300000000D-03 0.9447600000D+01 0.1385000000D-01 0.6400000000D-04 0.1980000000D-01 0.1042244000D+01 0.4575200000D+01 0.4855700000D+01 0.4316000000D+01 0.4030000000D-01 0.6900000000D-03 0.1810110000D+02 0.1631000000D-01 0.7900000000D-04 0.3650000000D-01 0.2824784000D+01 0.6173000000D+01 0.3574600000D+01 0.6093000000D+01
3 6920001216200101122451894.4 0.3770000000D-01-0.3200000000D-03 0.9067500000D+01 0.1761000000D-01 0.1600000000D-04 0.1640000000D-01 0.4261688000D+01 0.1610600000D+01 0.2784300000D+01 0.4564200000D+01 0.6210000000D-01-0.7100000000D-03 0.1770930000D+02 0.1217000000D-01 0.7100000000D-04 0.3280000000D-01 0.6060051000D+01 0.3031100000D+01 0.1741000000D+00 0.9160000000D-01
3 7020010112200102082451921.4 0.3060000000D-01 0.3200000000D-03 0.8653100000D+01 0.1846000000D-01 0.3700000000D-04 0.1530000000D-01 0.1189555000D+01 0.4913200000D+01 0.1511500000D+01 0.4569400000D+01 0.3760000000D-01-0.4000000000D-03 0.1743310000D+02 0.7390000000D-02 0.1060000000D-03 0.3040000000D-01 0.3014265000D+01 0.6136200000D+01 0.3348000000D+01 0.1340000000D+00
4 7119991231200001172451543.2-0.5310000000D-01 0.1300000000D-02 0.1588660000D+02 0.3359000000D-01 0.3570000000D-03 0.1250000000D-01 0.1752071000D+01 0.5549200000D+01 0.3315600000D+01 0.1743700000D+01 0.3930000000D-01-0.2220000000D-02 0.2888600000D+02 0.1973000000D-01 0.5290000000D-03 0.2400000000D-01 0.3489118000D+01 0.6622000000D+00 0.4275200000D+01 0.3447600000D+01
4 7220000117200002032451560.2-0.3600000000D-01-0.1100000000D-03 0.1544130000D+02 0.2769000000D-01 0.6500000000D-04 0.1190000000D-01 0.1437990000D+01 0.5044300000D+01 0.5990000000D+00 0.1266800000D+01-0.1110000000D-01 0.3110000000D-02 0.2863600000D+02 0.9410000000D-02 0.3760000000D-03 0.2160000000D-01 0.3191241000D+01 0.5080900000D+01 0.1226100000D+01 0.2953900000D+01
4 7320000203200002202451577.2-0.2440000000D-01 0.1500000000D-03 0.1503720000D+02 0.2571000000D-01 0.1120000000D-03 0.8800000000D-02 0.1124652000D+01 0.4795800000D+01 0.7297000000D+00 0.6244100000D+01 0.4460000000D-01-0.6500000000D-03 0.2856000000D+02 0.6680000000D-02 0.2590000000D-03 0.1620000000D-01 0.2895747000D+01 0.5151000000D+01 0.2849600000D+01 0.1745700000D+01
4 7420000220200003082451594.2-0.2890000000D-01-0.7100000000D-03 0.1468850000D+02 0.2664000000D-01 0.3750000000D-03 0.1420000000D-01 0.8126050000D+00 0.4805900000D+01 0.2258400000D+01 0.5597700000D+01 0.4460000000D-01 0.2710000000D-02 0.2856070000D+02 0.7810000000D-02 0.5520000000D-03 0.2830000000D-01 0.2602266000D+01 0.1776200000D+01 0.4136800000D+01 0.1136100000D+01
4 7520000308200003252451611.2-0.2410000000D-01-0.1420000000D-02 0.1440470000D+02 0.1457000000D-01 0.2120000000D-03 0.1380000000D-01 0.4975500000D+00 0.4300300000D+01 0.5420600000D+01 0.5004400000D+01 0.6250000000D-01 0.7000000000D-03 0.2865750000D+02 0.2070000000D-01 0.6710000000D-03 0.2840000000D-01 0.2305495000D+01 0.3204400000D+01 0.7678000000D+00 0.5433000000D+00
4 7620000325200004112451628.2-0.5540000000D-01 0.5100000000D-03 0.1422780000D+02 0.1470000000D-01 0.2510000000D-03 0.1910000000D-01 0.1861340000D+00 0.4192000000D+01 0.6562000000D+00 0.4510500000D+01 0.8470000000D-01-0.9000000000D-04 0.2888670000D+02 0.1634000000D-01 0.1360000000D-03 0.3870000000D-01 0.2012093000D+01 0.2295800000D+01 0.2615300000D+01 0.4790000000D-01
4 7720000411200004282451645.2-0.4470000000D-01-0.1350000000D-02 0.1411960000D+02 0.1072000000D-01 0.2300000000D-03 0.1830000000D-01 0.6160671000D+01 0.4595600000D+01 0.1460300000D+01 0.4219900000D+01 0.5720000000D-01-0.3300000000D-03 0.2919010000D+02 0.1980000000D-01 0.2530000000D-03 0.3760000000D-01 0.1717438000D+01 0.1847800000D+01 0.2798600000D+01 0.6109400000D+01
4 7820000428200005152451662.2-0.6310000000D-01 0.1110000000D-02 0.1413310000D+02 0.4270000000D-02 0.1880000000D-03 0.1690000000D-01 0.5854816000D+01 0.5042500000D+01 0.5503100000D+01 0.3579100000D+01 0.6710000000D-01-0.1660000000D-02 0.2955200000D+02 0.2897000000D-01 0.8000000000D-03 0.3630000000D-01 0.1422366000D+01 0.1966800000D+01 0.6208500000D+01 0.5458500000D+01
4 7920000515200006012451679.2-0.5170000000D-01 0.0000000000D+00 0.1423470000D+02 0.8770000000D-02 0.2640000000D-03 0.1620000000D-01 0.5553768000D+01 0.5275200000D+01 0.2098000000D+00 0.3290200000D+01 0.2120000000D-01 0.4100000000D-03 0.2997420000D+02 0.2535000000D-01 0.1030000000D-03 0.3390000000D-01 0.1127677000D+01 0.1198600000D+01 0.2939500000D+01 0.5160300000D+01
4 8020000601200006182451696.2-0.3410000000D-01 0.1600000000D-03 0.1442370000D+02 0.1444000000D-01 0.1330000000D-03 0.9300000000D-02 0.5255891000D+01 0.5609400000D+01 0.5510100000D+01 0.2662400000D+01 0.3110000000D-01-0.1660000000D-02 0.3039750000D+02 0.2570000000D-01 0.1740000000D-03 0.1960000000D-01 0.8311700000D+00 0.8578000000D+00 0.3475200000D+01 0.4488500000D+01
4 8120000618200007052451713.2-0.4020000000D-01 0.7100000000D-03 0.1469210000D+02 0.1802000000D-01 0.1040000000D-03 0.1180000000D-01 0.4965483000D+01 0.5310900000D+01 0.5197800000D+01 0.1800900000D+01-0.9800000000D-02 0.5150000000D-02 0.3083000000D+02 0.1328000000D-01 0.5050000000D-03 0.2280000000D-01 0.5345490000D+00 0.7076000000D+00 0.6202300000D+01 0.3652000000D+01
4 8220000705200007222451730.2-0.2230000000D-01-0.2800000000D-03 0.1500710000D+02 0.2101000000D-01 0.1430000000D-03 0.9000000000D-02 0.4676384000D+01 0.5128000000D+01 0.6041300000D+01 0.8290000000D+00 0.4450000000D-01-0.7000000000D-04 0.3113150000D+02 0.1804000000D-01 0.3010000000D-03 0.1830000000D-01 0.2367880000D+00 0.8460000000D-01 0.2813000000D+01 0.2694400000D+01
4 8320000722200008082451747.2-0.3890000000D-01 0.1300000000D-03 0.1533480000D+02 0.2378000000D-01 0.9600000000D-04 0.1660000000D-01 0.4390000000D+01 0.4991000000D+01 0.1777300000D+01 0.1213000000D+00 0.8200000000D-01 0.6100000000D-03 0.3136810000D+02 0.9940000000D-02 0.2580000000D-03 0.3360000000D-01 0.6220747000D+01 0.2229000000D+00 0.3973800000D+01 0.1959800000D+01
4 8420000808200008252451764.2-0.3270000000D-01-0.2190000000D-02 0.1564850000D+02 0.1856000000D-01 0.1470000000D-03 0.1790000000D-01 0.4107402000D+01 0.4589300000D+01 0.3096000000D+00 0.6150300000D+01 0.5680000000D-01 0.2760000000D-02 0.3151280000D+02 0.1509000000D-01 0.5890000000D-03 0.3670000000D-01 0.5924364000D+01 0.3868400000D+01 0.7510000000D+00 0.1623300000D+01
4 8520000825200009112451781.2-0.6490000000D-01 0.8500000000D-03 0.1588390000D+02 0.1831000000D-01 0.3460000000D-03 0.2120000000D-01 0.3821273000D+01 0.4489600000D+01 0.8221000000D+00 0.5509900000D+01 0.1079000000D+00-0.2410000000D-02 0.3143330000D+02 0.6080000000D-02 0.4130000000D-03 0.4030000000D-01 0.5623411000D+01 0.1755700000D+01 0.3370000000D+01 0.1007700000D+01
4 8620000911200009282451798.2-0.6570000000D-01-0.2000000000D-03 0.1604050000D+02 0.1192000000D-01 0.2590000000D-03 0.2170000000D-01 0.3533813000D+01 0.4625800000D+01 0.1074500000D+01 0.5270200000D+01 0.5030000000D-01 0.3200000000D-03 0.3127240000D+02 0.1368000000D-01 0.2260000000D-03 0.4260000000D-01 0.5324679000D+01 0.2184900000D+01 0.2652000000D+01 0.7879000000D+00
4 8720000928200010152451815.2-0.5870000000D-01 0.7200000000D-03 0.1607670000D+02 0.1960000000D-02 0.3090000000D-03 0.1580000000D-01 0.3245774000D+01 0.2705000000D+00 0.5659000000D+01 0.4791500000D+01 0.4690000000D-01-0.2100000000D-02 0.3098930000D+02 0.2616000000D-01 0.7970000000D-03 0.3130000000D-01 0.5028056000D+01 0.2601200000D+01 0.6017000000D+00 0.2850000000D+00
4 8820001015200011012451832.2-0.6600000000D-01 0.1730000000D-02 0.1596610000D+02 0.9310000000D-02 0.5760000000D-03 0.1600000000D-01 0.2950226000D+01 0.5153100000D+01 0.7181000000D+00 0.4222000000D+01 0.2050000000D-01 0.7300000000D-03 0.3059640000D+02 0.2416000000D-01 0.4330000000D-03 0.3140000000D-01 0.4726984000D+01 0.1341200000D+01 0.2884400000D+01 0.5988600000D+01
4 8920001101200011182451849.2-0.2880000000D-01-0.4300000000D-03 0.1577660000D+02 0.1647000000D-01 0.1250000000D-03 0.9500000000D-02 0.2653446000D+01 0.5944600000D+01 0.3720000000D-01 0.3631300000D+01 0.2160000000D-01-0.5000000000D-03 0.3016730000D+02 0.2621000000D-01 0.5000000000D-04 0.1830000000D-01 0.4429026000D+01 0.1258900000D+01 0.3040400000D+01 0.5410300000D+01
4 9020001118200012052451866.2-0.3940000000D-01 0.1150000000D-02 0.1546170000D+02 0.2072000000D-01 0.2120000000D-03 0.1140000000D-01 0.2352170000D+01 0.5927600000D+01 0.5181900000D+01 0.2415500000D+01 0.3190000000D-01 0.2090000000D-02 0.2972580000D+02 0.2702000000D-01 0.6710000000D-03 0.2230000000D-01 0.4132229000D+01 0.1389300000D+01 0.5793700000D+01 0.4243500000D+01
4 9120001205200012222451883.2-0.2390000000D-01-0.7200000000D-03 0.1508470000D+02 0.2273000000D-01 0.4200000000D-03 0.1120000000D-01 0.2045358000D+01 0.5392800000D+01 0.1694000000D+00 0.1862800000D+01 0.3670000000D-01 0.1600000000D-02 0.2929830000D+02 0.2536000000D-01 0.6320000000D-03 0.2230000000D-01 0.3833474000D+01 0.2589000000D+00 0.2526900000D+01 0.3689500000D+01
4 9220001222200101082451900.2-0.3620000000D-01 0.1300000000D-03 0.1467270000D+02 0.2843000000D-01 0.2600000000D-04 0.1540000000D-01 0.1736538000D+01 0.5342200000D+01 0.3662600000D+01 0.1057400000D+01 0.8440000000D-01-0.5300000000D-03 0.2894380000D+02 0.2005000000D-01 0.2380000000D-03 0.3140000000D-01 0.3537503000D+01 0.3249000000D+00 0.4202000000D+01 0.2882400000D+01
4 9320010108200101252451917.2-0.4720000000D-01-0.6400000000D-03 0.1424610000D+02 0.2996000000D-01 0.9500000000D-04 0.1900000000D-01 0.1423363000D+01 0.5057300000D+01 0.1930400000D+01 0.8040000000D+00 0.6030000000D-01 0.2070000000D-02 0.2864170000D+02 0.9340000000D-02 0.1980000000D-03 0.3820000000D-01 0.3241682000D+01 0.6180600000D+01 0.5393100000D+01 0.2601900000D+01
4 9420010125200102112451934.2-0.5480000000D-01 0.5500000000D-03 0.1382900000D+02 0.2808000000D-01 0.3620000000D-03 0.1680000000D-01 0.1108393000D+01 0.4663100000D+01 0.1814000000D+00 0.2074000000D+00 0.1043000000D+00-0.4460000000D-02 0.2849630000D+02 0.1412000000D-01 0.5080000000D-03 0.3350000000D-01 0.2947274000D+01 0.5768500000D+01 0.2769200000D+01 0.2091400000D+01
5 9519991231200001222451543.4-0.2230000000D-01-0.9500000000D-03 0.2130270000D+02 0.3840000000D-01 0.3040000000D-03 0.1080000000D-01 0.3403565000D+01 0.5547000000D+00 0.2271100000D+01 0.4714500000D+01 0.6030000000D-01-0.2510000000D-02 0.3863340000D+02 0.3225000000D-01 0.8240000000D-03 0.2050000000D-01 0.5137355000D+01 0.1407300000D+01 0.4361600000D+01 0.1802000000D+00
5 9620000122200002132451565.4-0.2760000000D-01-0.2170000000D-02 0.2052910000D+02 0.3201000000D-01 0.1910000000D-03 0.1520000000D-01 0.1086402000D+01 0.4755900000D+01 0.5085900000D+01 0.5935000000D+00-0.1600000000D-01 0.2370000000D-02 0.3820970000D+02 0.2231000000D-01 0.7910000000D-03 0.3040000000D-01 0.2840033000D+01 0.4385400000D+01 0.1196100000D+01 0.2340100000D+01
5 9720000213200003062451587.4-0.7910000000D-01 0.2820000000D-02 0.1987030000D+02 0.3207000000D-01 0.2900000000D-03 0.1710000000D-01 0.5051366000D+01 0.2773800000D+01 0.9528000000D+00 0.2646000000D+01 0.5170000000D-01-0.6540000000D-02 0.3810050000D+02 0.1840000000D-01 0.4300000000D-03 0.3400000000D-01 0.5454300000D+00 0.8722000000D+00 0.3877400000D+01 0.4533000000D+01
5 9820000306200003282451609.4-0.2480000000D-01-0.7300000000D-03 0.1939700000D+02 0.3496000000D-01 0.5640000000D-03 0.1640000000D-01 0.2731470000D+01 0.4870000000D+00 0.3895700000D+01 0.4844800000D+01-0.6800000000D-01 0.7900000000D-03 0.3831240000D+02 0.1753000000D-01 0.4400000000D-03 0.2920000000D-01 0.4533512000D+01 0.4248300000D+01 0.6078500000D+01 0.3400000000D+00
5 9920000328200004192451631.4-0.3550000000D-01 0.2160000000D-02 0.1908250000D+02 0.2568000000D-01 0.5900000000D-03 0.1030000000D-01 0.4122590000D+00 0.4442900000D+01 0.1074000000D+01 0.7487000000D+00-0.8610000000D-01 0.2660000000D-02 0.3872330000D+02 0.1636000000D-01 0.4860000000D-03 0.2340000000D-01 0.2236216000D+01 0.2485600000D+01 0.2411300000D+01 0.2484000000D+01
510020000419200005112451653.4 0.8500000000D-02-0.9200000000D-03 0.1895190000D+02 0.1085000000D-01 0.3690000000D-03 0.3700000000D-02 0.4381067000D+01 0.2583600000D+01 0.4843200000D+01 0.2912200000D+01-0.2500000000D-01 0.3000000000D-04 0.3926230000D+02 0.3073000000D-01 0.2370000000D-03 0.8700000000D-02 0.6223204000D+01 0.1351000000D+00 0.5087700000D+01 0.4925700000D+01
510120000511200006022451675.4-0.6700000000D-02-0.8900000000D-03 0.1904910000D+02 0.1266000000D-01 0.2280000000D-03 0.4800000000D-02 0.2074712000D+01 0.1616300000D+01 0.3046300000D+01 0.1610000000D+01 0.1280000000D-01 0.1210000000D-02 0.3995270000D+02 0.3602000000D-01 0.1380000000D-03 0.1080000000D-01 0.3926455000D+01 0.3968000000D+01 0.1471700000D+01 0.3557800000D+01
510220000602200006242451697.4-0.3990000000D-01-0.1900000000D-03 0.1936810000D+02 0.1978000000D-01 0.2270000000D-03 0.1290000000D-01 0.6058615000D+01 0.6115000000D+01 0.9225000000D+00 0.4009200000D+01 0.4620000000D-01-0.7600000000D-03 0.4069130000D+02 0.3486000000D-01 0.1980000000D-03 0.2660000000D-01 0.1628626000D+01 0.1551600000D+01 0.4780100000D+01 0.5875000000D+01
510320000624200007162451719.4-0.3840000000D-01-0.1530000000D-02 0.1987130000D+02 0.2257000000D-01 0.2630000000D-03 0.1730000000D-01 0.3765920000D+01 0.4200400000D+01 0.4317300000D+01 0.6237300000D+01-0.7900000000D-02 0.2600000000D-03 0.4139280000D+02 0.2559000000D-01 0.2020000000D-03 0.3640000000D-01 0.5612798000D+01 0.5290600000D+01 0.1562700000D+01 0.1801700000D+01
510420000716200008072451741.4-0.7370000000D-01 0.2600000000D-02 0.2043880000D+02 0.2931000000D-01 0.3040000000D-03 0.1870000000D-01 0.1478112000D+01 0.2273700000D+01 0.7413000000D+00 0.2136800000D+01-0.1170000000D-01-0.3280000000D-02 0.4189610000D+02 0.1035000000D-01 0.2440000000D-03 0.3640000000D-01 0.3310577000D+01 0.3563500000D+01 0.1815900000D+01 0.4014200000D+01
510520000807200008292451763.4-0.1430000000D-01-0.6800000000D-03 0.2094760000D+02 0.3583000000D-01 0.5020000000D-03 0.1490000000D-01 0.5476987000D+01 0.4790000000D-01 0.3618900000D+01 0.4414800000D+01-0.4040000000D-01-0.2660000000D-02 0.4207130000D+02 0.1237000000D-01 0.8140000000D-03 0.2770000000D-01 0.1009444000D+01 0.1269800000D+01 0.4662500000D+01 0.6077000000D+01
510620000829200009202451785.4-0.3560000000D-01 0.2260000000D-02 0.2133960000D+02 0.2792000000D-01 0.6210000000D-03 0.6900000000D-02 0.3195021000D+01 0.3871800000D+01 0.4902000000D+00 0.1772000000D+00-0.1223000000D+00 0.7360000000D-02 0.4197520000D+02 0.1319000000D-01 0.1137000000D-02 0.1860000000D-01 0.4992749000D+01 0.3771500000D+01 0.1574000000D+01 0.1947700000D+01
510720000920200010122451807.4 0.7700000000D-02-0.1360000000D-02 0.2154840000D+02 0.8190000000D-02 0.4040000000D-03 0.9000000000D-03 0.9090510000D+00 0.1817300000D+01 0.3987700000D+01 0.1618100000D+01 0.2120000000D-01-0.2460000000D-02 0.4167860000D+02 0.3549000000D-01 0.1115000000D-02 0.2700000000D-02 0.2692185000D+01 0.3406000000D+00 0.4590100000D+01 0.5501600000D+01
510820001012200011032451829.4-0.2900000000D-02-0.2300000000D-02 0.2148980000D+02 0.1571000000D-01 0.4200000000D-04 0.8200000000D-02 0.4899196000D+01 0.1636900000D+01 0.2735400000D+01 0.1206000000D+01-0.1220000000D-01 0.3900000000D-02 0.4109130000D+02 0.4643000000D-01 0.7810000000D-03 0.1670000000D-01 0.3903220000D+00 0.3839200000D+01 0.1439400000D+01 0.3046600000D+01
510920001103200011252451851.4-0.5690000000D-01 0.7400000000D-03 0.2111680000D+02 0.2346000000D-01 0.2390000000D-03 0.1510000000D-01 0.2600181000D+01 0.5810500000D+01 0.7608000000D+00 0.3450900000D+01 0.6470000000D-01-0.3330000000D-02 0.4031970000D+02 0.4380000000D-01 0.3940000000D-03 0.2900000000D-01 0.4372694000D+01 0.1265500000D+01 0.4636400000D+01 0.5225600000D+01
511020001125200012172451873.4-0.5670000000D-01 0.0000000000D+00 0.2054670000D+02 0.3063000000D-01 0.1960000000D-03 0.1810000000D-01 0.2950670000D+00 0.3763500000D+01 0.4265600000D+01 0.5625900000D+01-0.1310000000D-01-0.3600000000D-03 0.3951840000D+02 0.3369000000D-01 0.1770000000D-03 0.3580000000D-01 0.2073858000D+01 0.5162800000D+01 0.1530900000D+01 0.1154700000D+01
511120001217200101082451895.4-0.4690000000D-01 0.9300000000D-03 0.1984520000D+02 0.3623000000D-01 0.1050000000D-03 0.1690000000D-01 0.4266308000D+01 0.1591500000D+01 0.1824300000D+01 0.1564700000D+01-0.4780000000D-01-0.1090000000D-02 0.3883220000D+02 0.2519000000D-01 0.1210000000D-03 0.3250000000D-01 0.6059067000D+01 0.2827700000D+01 0.5683700000D+01 0.3384000000D+01
511220010108200101302451917.4-0.1300000000D-01 0.2500000000D-03 0.1910120000D+02 0.3899000000D-01 0.1600000000D-04 0.1060000000D-01 0.1948337000D+01 0.5646400000D+01 0.2198400000D+01 0.3812700000D+01-0.4450000000D-01-0.1450000000D-02 0.3836630000D+02 0.2536000000D-01 0.5170000000D-03 0.2230000000D-01 0.3761640000D+01 0.5226000000D+00 0.3964700000D+01 0.5546700000D+01
