 7 5   2  44  56  71  95 4.4880 2.4930 1.5162 0.7217 0.4667  9.0 31.0 27.0 17.0 22.0 112 2450082.5000 1996                                                                                                                                                                                                                                                                       
1  219951231199601092450082.4-0.9300000000D-02-0.2800000000D-03 0.6508900000D+01 0.2875000000D+00 0.6092000000D-02 0.3600000000D-02 0.5319006000D+01 0.3720700000D+01 0.1938200000D+01 0.2788000000D+01-0.5000000000D-02-0.1600000000D-03 0.8642800000D+01 0.3777600000D+00 0.7935000000D-02 0.5200000000D-02 0.6700700000D+00 0.5371900000D+01 0.3606600000D+01 0.4438300000D+01
1  319960109199601182450091.4-0.1040000000D-01 0.1000000000D-04 0.6449800000D+01 0.2860400000D+00 0.6062000000D-02 0.3400000000D-02 0.1337099000D+01 0.6024100000D+01 0.4219700000D+01 0.1037400000D+01-0.2400000000D-02-0.5600000000D-03 0.8621100000D+01 0.3768800000D+00 0.7971000000D-02 0.5700000000D-02 0.2975106000D+01 0.1398200000D+01 0.5910300000D+01 0.2790400000D+01
1  419960118199601272450100.4-0.1240000000D-01 0.3800000000D-03 0.6396400000D+01 0.2819800000D+00 0.6031000000D-02 0.3400000000D-02 0.3637958000D+01 0.2046500000D+01 0.2672000000D+00 0.5835000000D+01-0.5400000000D-02 0.2100000000D-03 0.8610000000D+01 0.3748100000D+00 0.7879000000D-02 0.5600000000D-02 0.5280486000D+01 0.3705700000D+01 0.1950100000D+01 0.9578000000D+00
1  519960127199602052450109.4-0.1130000000D-01 0.5000000000D-04 0.6351600000D+01 0.2799900000D+00 0.5887000000D-02 0.3800000000D-02 0.5939819000D+01 0.4347900000D+01 0.2564000000D+01 0.4049400000D+01-0.6900000000D-02 0.4800000000D-03 0.8608500000D+01 0.3753000000D+00 0.7843000000D-02 0.4900000000D-02 0.1303818000D+01 0.6013700000D+01 0.4244300000D+01 0.5625600000D+01
1  619960205199602142450118.4-0.8200000000D-02-0.5300000000D-03 0.6312400000D+01 0.2777400000D+00 0.5836000000D-02 0.3900000000D-02 0.1958922000D+01 0.3706000000D+00 0.4874300000D+01 0.2560700000D+01-0.6000000000D-02 0.1700000000D-03 0.8612500000D+01 0.3748100000D+00 0.8002000000D-02 0.5000000000D-02 0.3610554000D+01 0.2045100000D+01 0.2787000000D+00 0.3804500000D+01
1  719960214199602232450127.4-0.9700000000D-02-0.9000000000D-04 0.6281700000D+01 0.2753400000D+00 0.5788000000D-02 0.4000000000D-02 0.4261760000D+01 0.2676800000D+01 0.9083000000D+00 0.6808000000D+00-0.3100000000D-02-0.3900000000D-03 0.8631600000D+01 0.3742800000D+00 0.7823000000D-02 0.4600000000D-02 0.5917993000D+01 0.4351300000D+01 0.2597200000D+01 0.2291800000D+01
1  819960223199603032450136.4-0.1180000000D-01 0.3400000000D-03 0.6257300000D+01 0.2745400000D+00 0.5849000000D-02 0.4000000000D-02 0.2825050000D+00 0.4987300000D+01 0.3209600000D+01 0.5290600000D+01-0.2200000000D-02-0.4100000000D-03 0.8658200000D+01 0.3757500000D+00 0.7780000000D-02 0.4800000000D-02 0.1943294000D+01 0.3773000000D+00 0.4899400000D+01 0.6383000000D+00
1  919960303199603122450145.4-0.1130000000D-01 0.1100000000D-03 0.6243700000D+01 0.2725100000D+00 0.5744000000D-02 0.4200000000D-02 0.2586798000D+01 0.1010800000D+01 0.5534200000D+01 0.3542100000D+01-0.6300000000D-02 0.5100000000D-03 0.8690600000D+01 0.3756700000D+00 0.7872000000D-02 0.4700000000D-02 0.4251787000D+01 0.2691400000D+01 0.9438000000D+00 0.5356900000D+01
1 1019960312199603212450154.4-0.9900000000D-02-0.2100000000D-03 0.6240000000D+01 0.2724500000D+00 0.5686000000D-02 0.3600000000D-02 0.4892472000D+01 0.3318000000D+01 0.1546300000D+01 0.1808900000D+01-0.6600000000D-02 0.4300000000D-03 0.8733500000D+01 0.3774100000D+00 0.7896000000D-02 0.5600000000D-02 0.2780340000D+00 0.5002200000D+01 0.3252000000D+01 0.3657100000D+01
1 1119960321199603302450163.4-0.8500000000D-02-0.3900000000D-03 0.6241800000D+01 0.2722900000D+00 0.5754000000D-02 0.3700000000D-02 0.9156520000D+00 0.5631700000D+01 0.3858200000D+01 0.9770000000D-01-0.2800000000D-02-0.4200000000D-03 0.8782200000D+01 0.3781300000D+00 0.7949000000D-02 0.5400000000D-02 0.2587654000D+01 0.1031900000D+01 0.5582100000D+01 0.2063000000D+01
1 1219960330199604082450172.4-0.1080000000D-01 0.1300000000D-03 0.6256400000D+01 0.2715600000D+00 0.5643000000D-02 0.3500000000D-02 0.3222710000D+01 0.1656300000D+01 0.6181300000D+01 0.4754000000D+01-0.2000000000D-02-0.4000000000D-03 0.8838400000D+01 0.3804600000D+00 0.7982000000D-02 0.5800000000D-02 0.4897870000D+01 0.3343400000D+01 0.1605400000D+01 0.2719000000D+00
1 1319960408199604172450181.4-0.1280000000D-01 0.4400000000D-03 0.6279200000D+01 0.2716900000D+00 0.5635000000D-02 0.3400000000D-02 0.5530968000D+01 0.3967700000D+01 0.2219800000D+01 0.3216400000D+01-0.3500000000D-02 0.3000000000D-04 0.8898100000D+01 0.3847700000D+00 0.8142000000D-02 0.5800000000D-02 0.9256740000D+00 0.5656800000D+01 0.3897100000D+01 0.4812000000D+01
1 1419960417199604262450190.4-0.1040000000D-01-0.1800000000D-03 0.6308600000D+01 0.2722400000D+00 0.5660000000D-02 0.3400000000D-02 0.1556771000D+01 0.6281800000D+01 0.4538900000D+01 0.1530700000D+01-0.6200000000D-02 0.5100000000D-03 0.8963400000D+01 0.3857500000D+00 0.8119000000D-02 0.5700000000D-02 0.3236149000D+01 0.1684400000D+01 0.6230300000D+01 0.3155400000D+01
1 1519960426199605052450199.4-0.9100000000D-02-0.3800000000D-03 0.6347500000D+01 0.2739000000D+00 0.5722000000D-02 0.3900000000D-02 0.3866903000D+01 0.2312200000D+01 0.5601000000D+00 0.6262500000D+01-0.5100000000D-02 0.1400000000D-03 0.9033200000D+01 0.3890300000D+00 0.8158000000D-02 0.5300000000D-02 0.5547160000D+01 0.3994300000D+01 0.2249700000D+01 0.1379700000D+01
1 1619960505199605142450208.4-0.1050000000D-01-0.1000000000D-04 0.6392600000D+01 0.2743800000D+00 0.5796000000D-02 0.4000000000D-02 0.6177452000D+01 0.4628000000D+01 0.2898800000D+01 0.4554900000D+01-0.4000000000D-03-0.7400000000D-03 0.9101600000D+01 0.3924100000D+00 0.8209000000D-02 0.5000000000D-02 0.1575127000D+01 0.2190000000D-01 0.4558200000D+01 0.6019500000D+01
1 1719960514199605232450217.4-0.1240000000D-01 0.2900000000D-03 0.6445600000D+01 0.2767800000D+00 0.5783000000D-02 0.4100000000D-02 0.2205862000D+01 0.6569000000D+00 0.5200800000D+01 0.2857000000D+01-0.2000000000D-02-0.1900000000D-03 0.9170600000D+01 0.3947600000D+00 0.8234000000D-02 0.5300000000D-02 0.3885975000D+01 0.2331400000D+01 0.5909000000D+00 0.4382300000D+01
1 1819960523199606012450226.4-0.1280000000D-01 0.2500000000D-03 0.6503700000D+01 0.2799100000D+00 0.5848000000D-02 0.4400000000D-02 0.4518335000D+01 0.2970300000D+01 0.1216000000D+01 0.1070700000D+01-0.5600000000D-02 0.5400000000D-03 0.9235500000D+01 0.3973100000D+00 0.8499000000D-02 0.4800000000D-02 0.6196808000D+01 0.4645400000D+01 0.2909900000D+01 0.2901200000D+01
1 1919960601199606102450235.4-0.1000000000D-01-0.3700000000D-03 0.6564800000D+01 0.2811200000D+00 0.5867000000D-02 0.4000000000D-02 0.5474740000D+00 0.5283600000D+01 0.3552300000D+01 0.5704400000D+01-0.4700000000D-02 0.2100000000D-03 0.9298900000D+01 0.4003300000D+00 0.8431000000D-02 0.5400000000D-02 0.2224358000D+01 0.6687000000D+00 0.5216200000D+01 0.1135000000D+01
1 2019960610199606192450244.4-0.9700000000D-02-0.3500000000D-03 0.6628300000D+01 0.2840300000D+00 0.5971000000D-02 0.4100000000D-02 0.2860397000D+01 0.1314500000D+01 0.5857200000D+01 0.3920200000D+01-0.2300000000D-02-0.2800000000D-03 0.9356500000D+01 0.4043500000D+00 0.8537000000D-02 0.5700000000D-02 0.4535014000D+01 0.2977300000D+01 0.1221300000D+01 0.5894100000D+01
1 2119960619199606282450253.4-0.1320000000D-01 0.3800000000D-03 0.6692900000D+01 0.2862500000D+00 0.5972000000D-02 0.3600000000D-02 0.5173467000D+01 0.3625200000D+01 0.1895600000D+01 0.2249300000D+01-0.1000000000D-03-0.5500000000D-03 0.9404200000D+01 0.4060500000D+00 0.8754000000D-02 0.6200000000D-02 0.5617770000D+00 0.5288700000D+01 0.3541800000D+01 0.4138000000D+01
1 2219960628199607072450262.4-0.1350000000D-01 0.3000000000D-03 0.6754700000D+01 0.2891200000D+00 0.6022000000D-02 0.4100000000D-02 0.1203451000D+01 0.5936500000D+01 0.4202400000D+01 0.6785000000D+00-0.2900000000D-02 0.1400000000D-03 0.9447200000D+01 0.4089600000D+00 0.8646000000D-02 0.5700000000D-02 0.2871560000D+01 0.1308600000D+01 0.5835500000D+01 0.2458100000D+01
1 2319960707199607162450271.4-0.1180000000D-01-0.1300000000D-03 0.6810800000D+01 0.2921700000D+00 0.6289000000D-02 0.3300000000D-02 0.3516434000D+01 0.1970200000D+01 0.2262000000D+00 0.5379800000D+01-0.6200000000D-02 0.7400000000D-03 0.9479400000D+01 0.4105200000D+00 0.8679000000D-02 0.6600000000D-02 0.5180786000D+01 0.3614100000D+01 0.1859000000D+01 0.6510000000D+00
1 2419960716199607252450280.4-0.1050000000D-01-0.3400000000D-03 0.6865700000D+01 0.2942200000D+00 0.6189000000D-02 0.4100000000D-02 0.5828995000D+01 0.4275200000D+01 0.2541800000D+01 0.3691300000D+01-0.2200000000D-02-0.1700000000D-03 0.9498500000D+01 0.4113400000D+00 0.8735000000D-02 0.5500000000D-02 0.1206238000D+01 0.5920200000D+01 0.4169100000D+01 0.5247500000D+01
1 2519960725199608032450289.4-0.1150000000D-01-0.8000000000D-04 0.6911800000D+01 0.2973500000D+00 0.6256000000D-02 0.3900000000D-02 0.1858090000D+01 0.3005000000D+00 0.4834200000D+01 0.2119500000D+01 0.3000000000D-03-0.6100000000D-03 0.9504600000D+01 0.4135700000D+00 0.8871000000D-02 0.5800000000D-02 0.3514567000D+01 0.1943700000D+01 0.1713000000D+00 0.3512100000D+01
1 2619960803199608122450298.4-0.1470000000D-01 0.5300000000D-03 0.6947200000D+01 0.2993100000D+00 0.6418000000D-02 0.4600000000D-02 0.4169448000D+01 0.2611300000D+01 0.8608000000D+00 0.4375000000D+00-0.1700000000D-02 0.1000000000D-04 0.9501100000D+01 0.4119300000D+00 0.8811000000D-02 0.5000000000D-02 0.5821845000D+01 0.4247000000D+01 0.2496600000D+01 0.1787600000D+01
1 2719960812199608212450307.4-0.1360000000D-01 0.1600000000D-03 0.6975300000D+01 0.3013000000D+00 0.6359000000D-02 0.4100000000D-02 0.1970000000D+00 0.4914100000D+01 0.3159400000D+01 0.4938900000D+01-0.3700000000D-02 0.4200000000D-03 0.9485600000D+01 0.4130500000D+00 0.8756000000D-02 0.5500000000D-02 0.1845994000D+01 0.2658000000D+00 0.4781800000D+01 0.2768000000D+00
1 2819960821199608302450316.4-0.1050000000D-01-0.4800000000D-03 0.6990100000D+01 0.3018700000D+00 0.6458000000D-02 0.4900000000D-02 0.2506562000D+01 0.9384000000D+00 0.5476200000D+01 0.3230900000D+01-0.4000000000D-02 0.3900000000D-03 0.9455000000D+01 0.4138600000D+00 0.8909000000D-02 0.4500000000D-02 0.4152667000D+01 0.2572500000D+01 0.7846000000D+00 0.4885000000D+01
1 2919960830199609082450325.4-0.1170000000D-01-0.1100000000D-03 0.6994200000D+01 0.3030800000D+00 0.6473000000D-02 0.4200000000D-02 0.4815416000D+01 0.3241900000D+01 0.1486300000D+01 0.1454400000D+01-0.2000000000D-03-0.4200000000D-03 0.9418800000D+01 0.4107600000D+00 0.8705000000D-02 0.5700000000D-02 0.1750680000D+00 0.4872100000D+01 0.3106700000D+01 0.3277500000D+01
1 3019960908199609172450334.4-0.1360000000D-01 0.3100000000D-03 0.6985200000D+01 0.3048200000D+00 0.6540000000D-02 0.4200000000D-02 0.8403510000D+00 0.5546100000D+01 0.3765000000D+01 0.6059000000D+01 0.1400000000D-02-0.5600000000D-03 0.9370700000D+01 0.4097300000D+00 0.8722000000D-02 0.5400000000D-02 0.2480480000D+01 0.8925000000D+00 0.5403000000D+01 0.1619200000D+01
1 3119960917199609262450343.4-0.1420000000D-01 0.3200000000D-03 0.6964900000D+01 0.3031400000D+00 0.6552000000D-02 0.4000000000D-02 0.3146703000D+01 0.1566700000D+01 0.6089900000D+01 0.4281400000D+01-0.3100000000D-02 0.5100000000D-03 0.9313900000D+01 0.4079200000D+00 0.8695000000D-02 0.6000000000D-02 0.4785206000D+01 0.3195800000D+01 0.1417600000D+01 0.6272600000D+01
1 3219960926199610052450352.4-0.1250000000D-01-0.7000000000D-04 0.6936400000D+01 0.3034400000D+00 0.6467000000D-02 0.3800000000D-02 0.5452755000D+01 0.3865300000D+01 0.2089000000D+01 0.2793300000D+01-0.3600000000D-02 0.5000000000D-03 0.9252400000D+01 0.4058000000D+00 0.8601000000D-02 0.5700000000D-02 0.8064200000D+00 0.5496700000D+01 0.3716300000D+01 0.4415200000D+01
1 3319961005199610142450361.4-0.1010000000D-01-0.4700000000D-03 0.6895300000D+01 0.3030800000D+00 0.6458000000D-02 0.3600000000D-02 0.1474565000D+01 0.6166900000D+01 0.4377300000D+01 0.1058900000D+01-0.5000000000D-03-0.2200000000D-03 0.9181700000D+01 0.4025800000D+00 0.8731000000D-02 0.6200000000D-02 0.3110163000D+01 0.1521200000D+01 0.6031000000D+01 0.2744900000D+01
1 3419961014199610232450370.4-0.1250000000D-01 0.1500000000D-03 0.6846500000D+01 0.3003100000D+00 0.6404000000D-02 0.3900000000D-02 0.3778141000D+01 0.2184100000D+01 0.4107000000D+00 0.5812200000D+01 0.9000000000D-03-0.3900000000D-03 0.9114000000D+01 0.4003900000D+00 0.8511000000D-02 0.5800000000D-02 0.5413740000D+01 0.3820100000D+01 0.2035900000D+01 0.9793000000D+00
1 3519961023199611012450379.4-0.1470000000D-01 0.5400000000D-03 0.6789500000D+01 0.2986400000D+00 0.6449000000D-02 0.4100000000D-02 0.6081253000D+01 0.4486500000D+01 0.2708300000D+01 0.4134900000D+01 0.4000000000D-03-0.1000000000D-03 0.9043100000D+01 0.3985200000D+00 0.8434000000D-02 0.5200000000D-02 0.1434139000D+01 0.6122400000D+01 0.4326100000D+01 0.5529100000D+01
1 3619961101199611102450388.4-0.1240000000D-01-0.3000000000D-04 0.6727200000D+01 0.2963200000D+00 0.6328000000D-02 0.4000000000D-02 0.2100294000D+01 0.5020000000D+00 0.5005100000D+01 0.2494500000D+01-0.3200000000D-02 0.6100000000D-03 0.8969900000D+01 0.3942800000D+00 0.8439000000D-02 0.5400000000D-02 0.3736975000D+01 0.2145500000D+01 0.3633000000D+00 0.3822400000D+01
1 3719961110199611192450397.4-0.1070000000D-01-0.2900000000D-03 0.6660900000D+01 0.2943400000D+00 0.6298000000D-02 0.4300000000D-02 0.4402173000D+01 0.2801700000D+01 0.1010200000D+01 0.6674000000D+00-0.2300000000D-02 0.3000000000D-03 0.8904100000D+01 0.3916800000D+00 0.8274000000D-02 0.4700000000D-02 0.6040120000D+01 0.4446300000D+01 0.2659000000D+01 0.2245300000D+01
1 3819961119199611282450406.4-0.1090000000D-01-0.1100000000D-03 0.6588700000D+01 0.2915500000D+00 0.6367000000D-02 0.4300000000D-02 0.4201580000D+00 0.5106300000D+01 0.3315400000D+01 0.5242700000D+01 0.2200000000D-02-0.6000000000D-03 0.8839200000D+01 0.3880200000D+00 0.8139000000D-02 0.4800000000D-02 0.2060026000D+01 0.4666000000D+00 0.4975800000D+01 0.6151000000D+00
1 3919961128199612072450415.4-0.1280000000D-01 0.3000000000D-03 0.6519400000D+01 0.2887000000D+00 0.6143000000D-02 0.4200000000D-02 0.2720877000D+01 0.1118400000D+01 0.5605600000D+01 0.3539600000D+01 0.1200000000D-02-0.1800000000D-03 0.8778400000D+01 0.3851800000D+00 0.8136000000D-02 0.4800000000D-02 0.4363239000D+01 0.2773100000D+01 0.9964000000D+00 0.5273000000D+01
1 4019961207199612162450424.4-0.1380000000D-01 0.4100000000D-03 0.6448900000D+01 0.2857600000D+00 0.6069000000D-02 0.3900000000D-02 0.5021523000D+01 0.3418100000D+01 0.1621800000D+01 0.1675200000D+01-0.1600000000D-02 0.4500000000D-03 0.8723400000D+01 0.3830300000D+00 0.8222000000D-02 0.5400000000D-02 0.3836610000D+00 0.5081500000D+01 0.3299300000D+01 0.3672600000D+01
1 4119961216199612252450433.4-0.1050000000D-01-0.2900000000D-03 0.6377200000D+01 0.2824500000D+00 0.6031000000D-02 0.3900000000D-02 0.1038646000D+01 0.5720800000D+01 0.3928000000D+01 0.1051000000D+00-0.1900000000D-02 0.3800000000D-03 0.8677300000D+01 0.3795900000D+00 0.8011000000D-02 0.5100000000D-02 0.2687354000D+01 0.1101900000D+01 0.5619500000D+01 0.1929400000D+01
1 4219961225199701032450442.4-0.9500000000D-02-0.3400000000D-03 0.6310000000D+01 0.2796100000D+00 0.5951000000D-02 0.3400000000D-02 0.3339057000D+01 0.1738200000D+01 0.6223600000D+01 0.4658200000D+01 0.1000000000D-03-0.6000000000D-04 0.8639700000D+01 0.3786600000D+00 0.7973000000D-02 0.5700000000D-02 0.4991925000D+01 0.3408100000D+01 0.1626600000D+01 0.2102000000D+00
1 4319970103199701122450451.4-0.1220000000D-01 0.2800000000D-03 0.6245700000D+01 0.2754400000D+00 0.5857000000D-02 0.3300000000D-02 0.5639403000D+01 0.4040200000D+01 0.2267700000D+01 0.3144500000D+01 0.3000000000D-02-0.5300000000D-03 0.8608000000D+01 0.3769700000D+00 0.8001000000D-02 0.5600000000D-02 0.1013618000D+01 0.5717500000D+01 0.3937600000D+01 0.4699400000D+01
2 4419951231199601312450082.4 0.2100000000D-01 0.1000000000D-04 0.9414200000D+01 0.1281000000D-01 0.6000000000D-04 0.7900000000D-02 0.6015817000D+01 0.3357200000D+01 0.2100000000D-02 0.9140000000D+00-0.5500000000D-02 0.1000000000D-04 0.1273840000D+02 0.4770000000D-02 0.8200000000D-04 0.1010000000D-01 0.1301731000D+01 0.5143000000D+01 0.1541600000D+01 0.2278300000D+01
2 4519960131199603022450113.4 0.2000000000D-01 0.2000000000D-04 0.9120600000D+01 0.9290000000D-02 0.8000000000D-04 0.7600000000D-02 0.1599022000D+01 0.5326100000D+01 0.2002500000D+01 0.4519700000D+01-0.6300000000D-02 0.6000000000D-04 0.1270310000D+02 0.2240000000D-02 0.8900000000D-04 0.1040000000D-01 0.3180650000D+01 0.2350200000D+01 0.3578800000D+01 0.6232000000D+01
2 4619960302199604022450144.4 0.2070000000D-01-0.3000000000D-04 0.8952900000D+01 0.4410000000D-02 0.8800000000D-04 0.7400000000D-02 0.3469334000D+01 0.1166200000D+01 0.3867200000D+01 0.2057400000D+01-0.7200000000D-02 0.7000000000D-04 0.1282760000D+02 0.6520000000D-02 0.6800000000D-04 0.1060000000D-01 0.5063959000D+01 0.5116500000D+01 0.5471200000D+01 0.3642600000D+01
2 4719960402199605032450175.4 0.2090000000D-01-0.1000000000D-04 0.8940400000D+01 0.2430000000D-02 0.8600000000D-04 0.7100000000D-02 0.5346350000D+01 0.4944700000D+01 0.5769200000D+01 0.5807700000D+01-0.6000000000D-02-0.2000000000D-04 0.1308700000D+02 0.1063000000D-01 0.1900000000D-04 0.1160000000D-01 0.6682260000D+00 0.8525000000D+00 0.1137400000D+01 0.1203300000D+01
2 4819960503199606032450206.4 0.2050000000D-01 0.2000000000D-04 0.9084300000D+01 0.7060000000D-02 0.6400000000D-04 0.7500000000D-02 0.9484830000D+00 0.1126800000D+01 0.1552400000D+01 0.3429700000D+01-0.6500000000D-02 0.1000000000D-04 0.1342580000D+02 0.1210000000D-01 0.3600000000D-04 0.1080000000D-01 0.2558170000D+01 0.2764200000D+01 0.5759900000D+01 0.4874100000D+01
2 4919960603199607042450237.4 0.2160000000D-01 0.0000000000D+00 0.9347400000D+01 0.1067000000D-01 0.1700000000D-04 0.8000000000D-02 0.2841031000D+01 0.3157500000D+01 0.5155500000D+01 0.7891000000D+00-0.7200000000D-02 0.2000000000D-04 0.1375700000D+02 0.1016000000D-01 0.8700000000D-04 0.1060000000D-01 0.4448328000D+01 0.4676300000D+01 0.1515300000D+01 0.2483300000D+01
2 5019960704199608042450268.4 0.2190000000D-01 0.0000000000D+00 0.9649500000D+01 0.1047000000D-01 0.7400000000D-04 0.7500000000D-02 0.4737618000D+01 0.5146300000D+01 0.1859000000D+01 0.4552300000D+01-0.6200000000D-02-0.4000000000D-04 0.1398340000D+02 0.4420000000D-02 0.1030000000D-03 0.1170000000D-01 0.5377600000D-01 0.3221000000D+00 0.3437700000D+01 0.6250100000D+01
2 5119960804199609042450299.4 0.2150000000D-01 0.2000000000D-04 0.9877700000D+01 0.5910000000D-02 0.1140000000D-03 0.7600000000D-02 0.3503870000D+00 0.8611000000D+00 0.3834400000D+01 0.2160800000D+01-0.7300000000D-02 0.2000000000D-04 0.1401920000D+02 0.2550000000D-02 0.9800000000D-04 0.1100000000D-01 0.1939484000D+01 0.5304000000D+01 0.5299400000D+01 0.3661700000D+01
2 5219960904199610052450330.4 0.2240000000D-01-0.5000000000D-04 0.9935400000D+01 0.1770000000D-02 0.1060000000D-03 0.7400000000D-02 0.2240391000D+01 0.5120200000D+01 0.5833600000D+01 0.5835700000D+01-0.8400000000D-02 0.4000000000D-04 0.1385100000D+02 0.8630000000D-02 0.6200000000D-04 0.1040000000D-01 0.3821428000D+01 0.9326000000D+00 0.1071500000D+01 0.1121700000D+01
2 5319961005199611052450361.4 0.2250000000D-01-0.6000000000D-04 0.9791400000D+01 0.8260000000D-02 0.7100000000D-04 0.7800000000D-02 0.4122064000D+01 0.1279600000D+01 0.1521500000D+01 0.3326200000D+01-0.7000000000D-02-0.4000000000D-04 0.1353940000D+02 0.1220000000D-01 0.1300000000D-04 0.9600000000D-02 0.5699568000D+01 0.2854400000D+01 0.4288000000D+01 0.4844300000D+01
2 5419961105199612062450392.4 0.2080000000D-01-0.1000000000D-04 0.9489800000D+01 0.1257000000D-01 0.2500000000D-04 0.6800000000D-02 0.5995389000D+01 0.3253100000D+01 0.3330100000D+01 0.6015000000D+00-0.6800000000D-02-0.4000000000D-04 0.1318180000D+02 0.1240000000D-01 0.5400000000D-04 0.1040000000D-01 0.1291983000D+01 0.4813500000D+01 0.1532800000D+01 0.2445700000D+01
2 5519961206199701062450423.4 0.2010000000D-01-0.2000000000D-04 0.9112200000D+01 0.1379000000D-01 0.1700000000D-04 0.6400000000D-02 0.1579063000D+01 0.5158500000D+01 0.1465700000D+01 0.4584400000D+01-0.7000000000D-02-0.4000000000D-04 0.1287730000D+02 0.9300000000D-02 0.8300000000D-04 0.1010000000D-01 0.3166607000D+01 0.4457000000D+00 0.3379400000D+01 0.5944900000D+01
3 5619951231199601272450082.4 0.5360000000D-01-0.4600000000D-03 0.1310830000D+02 0.1695000000D-01 0.5900000000D-04 0.2410000000D-01 0.2981422000D+01 0.2938000000D+00 0.2819600000D+01 0.2013800000D+01 0.8220000000D-01-0.7400000000D-03 0.1774800000D+02 0.6580000000D-02 0.1320000000D-03 0.3340000000D-01 0.4552244000D+01 0.1942000000D+01 0.4492900000D+01 0.3643300000D+01
3 5719960127199602232450109.4 0.4360000000D-01 0.5500000000D-03 0.1274370000D+02 0.1353000000D-01 0.9900000000D-04 0.2240000000D-01 0.6203488000D+01 0.3628100000D+01 0.9810000000D-01 0.2058900000D+01 0.5630000000D-01-0.1300000000D-03 0.1769130000D+02 0.3170000000D-02 0.1170000000D-03 0.3100000000D-01 0.1502110000D+01 0.2811000000D+00 0.1761400000D+01 0.3639800000D+01
3 5819960223199603212450136.4 0.6170000000D-01-0.1400000000D-03 0.1251160000D+02 0.8900000000D-02 0.1430000000D-03 0.2560000000D-01 0.3143986000D+01 0.7308000000D+00 0.3397400000D+01 0.2252600000D+01 0.5470000000D-01 0.9900000000D-03 0.1780180000D+02 0.8110000000D-02 0.7700000000D-04 0.3660000000D-01 0.4737219000D+01 0.4614200000D+01 0.5151200000D+01 0.3865300000D+01
3 5919960321199604172450163.4 0.5260000000D-01-0.4500000000D-03 0.1243120000D+02 0.3940000000D-02 0.1350000000D-03 0.2400000000D-01 0.8843300000D-01 0.4813100000D+01 0.4809000000D+00 0.2559100000D+01 0.8290000000D-01-0.4500000000D-03 0.1807110000D+02 0.1297000000D-01 0.4600000000D-04 0.3510000000D-01 0.1692106000D+01 0.1718500000D+01 0.1984400000D+01 0.4186700000D+01
3 6019960417199605142450190.4 0.3900000000D-01 0.6100000000D-03 0.1252030000D+02 0.7170000000D-02 0.1130000000D-03 0.2260000000D-01 0.3321324000D+01 0.3051600000D+01 0.4061600000D+01 0.2637600000D+01 0.6560000000D-01-0.5400000000D-03 0.1845280000D+02 0.1547000000D-01 0.4600000000D-04 0.3120000000D-01 0.4931695000D+01 0.4941700000D+01 0.6262600000D+01 0.4254100000D+01
3 6119960514199606102450217.4 0.5940000000D-01 0.1800000000D-03 0.1276670000D+02 0.1199000000D-01 0.6100000000D-04 0.2680000000D-01 0.2765550000D+00 0.4220000000D+00 0.1184200000D+01 0.2797200000D+01 0.5390000000D-01 0.9600000000D-03 0.1887430000D+02 0.1598000000D-01 0.7100000000D-04 0.3770000000D-01 0.1888199000D+01 0.2056900000D+01 0.5581500000D+01 0.4411500000D+01
3 6219960610199607072450244.4 0.6080000000D-01-0.5600000000D-03 0.1311270000D+02 0.1526000000D-01 0.4500000000D-04 0.2660000000D-01 0.3521120000D+01 0.3802200000D+01 0.1660000000D-01 0.3143400000D+01 0.8540000000D-01-0.2000000000D-03 0.1925490000D+02 0.1206000000D-01 0.1170000000D-03 0.3900000000D-01 0.5128887000D+01 0.5309200000D+01 0.2304500000D+01 0.4739600000D+01
3 6319960707199608032450271.4 0.4450000000D-01 0.4000000000D-03 0.1347980000D+02 0.1374000000D-01 0.1000000000D-03 0.2420000000D-01 0.4853370000D+00 0.9005000000D+00 0.3996800000D+01 0.3252000000D+01 0.7550000000D-01-0.8700000000D-03 0.1949440000D+02 0.5520000000D-02 0.1560000000D-03 0.3330000000D-01 0.2085717000D+01 0.2225600000D+01 0.5383200000D+01 0.4869300000D+01
3 6419960803199608302450298.4 0.6160000000D-01 0.3600000000D-03 0.1375060000D+02 0.8390000000D-02 0.1420000000D-03 0.2780000000D-01 0.3732710000D+01 0.4311700000D+01 0.9527000000D+00 0.3373600000D+01 0.5140000000D-01 0.8300000000D-03 0.1953130000D+02 0.3000000000D-02 0.1480000000D-03 0.3810000000D-01 0.5324312000D+01 0.2524300000D+01 0.2151400000D+01 0.4960000000D+01
3 6519960830199609262450325.4 0.7050000000D-01-0.6800000000D-03 0.1384120000D+02 0.1960000000D-02 0.1570000000D-03 0.2850000000D-01 0.6941860000D+00 0.2526200000D+01 0.4158400000D+01 0.3718600000D+01 0.7740000000D-01 0.2300000000D-03 0.1935170000D+02 0.1116000000D-01 0.7700000000D-04 0.3930000000D-01 0.2278380000D+01 0.5648200000D+01 0.5245800000D+01 0.5243000000D+01
3 6619960926199610232450352.4 0.4850000000D-01 0.1100000000D-03 0.1372050000D+02 0.8850000000D-02 0.1130000000D-03 0.2360000000D-01 0.3933392000D+01 0.9367000000D+00 0.1286600000D+01 0.3887000000D+01 0.7740000000D-01-0.9400000000D-03 0.1899940000D+02 0.1529000000D-01 0.4700000000D-04 0.3260000000D-01 0.5513276000D+01 0.2567700000D+01 0.3085500000D+01 0.5446600000D+01
3 6719961023199611192450379.4 0.5520000000D-01 0.5200000000D-03 0.1341200000D+02 0.1513000000D-01 0.6100000000D-04 0.2520000000D-01 0.8832320000D+00 0.4356800000D+01 0.4258900000D+01 0.3920200000D+01 0.4790000000D-01 0.4800000000D-03 0.1856790000D+02 0.1657000000D-01 0.3500000000D-04 0.3470000000D-01 0.2462759000D+01 0.5827800000D+01 0.1769700000D+01 0.5493100000D+01
3 6819961119199612162450406.4 0.6730000000D-01-0.5600000000D-03 0.1298580000D+02 0.1832000000D-01 0.2700000000D-04 0.2650000000D-01 0.4110315000D+01 0.1317100000D+01 0.2363100000D+01 0.4212100000D+01 0.6650000000D-01 0.4600000000D-03 0.1815470000D+02 0.1472000000D-01 0.8700000000D-04 0.3700000000D-01 0.5694740000D+01 0.2799300000D+01 0.5452700000D+01 0.5774000000D+01
3 6919961216199701122450433.4 0.4690000000D-01-0.1500000000D-03 0.1252070000D+02 0.1878000000D-01 0.4200000000D-04 0.2180000000D-01 0.1050497000D+01 0.4611000000D+01 0.7219000000D+00 0.4441200000D+01 0.7820000000D-01-0.1000000000D-02 0.1783380000D+02 0.1062000000D-01 0.1180000000D-03 0.3140000000D-01 0.2643798000D+01 0.6189300000D+01 0.2872700000D+01 0.6018000000D+01
3 7019970112199702082450460.4 0.4560000000D-01 0.4800000000D-03 0.1208830000D+02 0.1664000000D-01 0.6800000000D-04 0.2140000000D-01 0.4271042000D+01 0.1650800000D+01 0.4607000000D+01 0.4442800000D+01 0.4930000000D-01 0.8000000000D-04 0.1765920000D+02 0.5560000000D-02 0.1600000000D-03 0.3300000000D-01 0.5876931000D+01 0.3443300000D+01 0.6270700000D+01 0.6054400000D+01
4 7119951231199601172450082.2-0.1000000000D+00 0.2520000000D-02 0.2145880000D+02 0.2097000000D-01 0.3700000000D-03 0.2530000000D-01 0.3070596000D+01 0.1679000000D+00 0.1136700000D+01 0.4294900000D+01 0.2280000000D-01 0.3400000000D-03 0.2910850000D+02 0.8100000000D-02 0.2200000000D-03 0.3630000000D-01 0.4639686000D+01 0.1466400000D+01 0.3806900000D+01 0.5857400000D+01
4 7219960117199602032450099.2-0.5110000000D-01-0.5000000000D-03 0.2108490000D+02 0.2464000000D-01 0.1880000000D-03 0.1740000000D-01 0.2764823000D+01 0.5560000000D-01 0.2831900000D+01 0.3927500000D+01 0.5900000000D-02-0.2200000000D-03 0.2901630000D+02 0.1810000000D-02 0.2020000000D-03 0.2390000000D-01 0.4340095000D+01 0.1637300000D+01 0.3942100000D+01 0.5480300000D+01
4 7319960203199602202450116.2-0.5540000000D-01 0.1840000000D-02 0.2075600000D+02 0.2276000000D-01 0.3780000000D-03 0.1410000000D-01 0.2459932000D+01 0.1732000000D+00 0.3935700000D+01 0.2796600000D+01 0.1560000000D-01 0.1640000000D-02 0.2903640000D+02 0.1578000000D-01 0.7190000000D-03 0.1960000000D-01 0.4042611000D+01 0.2913600000D+01 0.5602300000D+01 0.4410100000D+01
4 7419960220199603082450133.2-0.3930000000D-01-0.1100000000D-03 0.2051560000D+02 0.9260000000D-02 0.4300000000D-03 0.1410000000D-01 0.2152296000D+01 0.5535000000D+01 0.7956000000D+00 0.2199600000D+01 0.8500000000D-02 0.2710000000D-02 0.2915460000D+02 0.1671000000D-01 0.5410000000D-03 0.2040000000D-01 0.3742415000D+01 0.4203200000D+01 0.2172300000D+01 0.3830300000D+01
4 7519960308199603252450150.2-0.3660000000D-01 0.6000000000D-04 0.2039250000D+02 0.9620000000D-02 0.2170000000D-03 0.1730000000D-01 0.1848455000D+01 0.6071100000D+01 0.2469000000D+01 0.1179200000D+01 0.6940000000D-01-0.8600000000D-03 0.2941190000D+02 0.1526000000D-01 0.2440000000D-03 0.2590000000D-01 0.3444982000D+01 0.3419900000D+01 0.3887400000D+01 0.2773500000D+01
4 7619960325199604112450167.2-0.5500000000D-01-0.7000000000D-03 0.2037320000D+02 0.7300000000D-02 0.3340000000D-03 0.2580000000D-01 0.1545008000D+01 0.1066000000D+00 0.2379900000D+01 0.8380000000D+00 0.4910000000D-01 0.2960000000D-02 0.2971180000D+02 0.2763000000D-01 0.4080000000D-03 0.3660000000D-01 0.3148177000D+01 0.3011600000D+01 0.5463700000D+01 0.2405600000D+01
4 7719960411199604282450184.2-0.5620000000D-01-0.7300000000D-03 0.2045470000D+02 0.9180000000D-02 0.5180000000D-03 0.2420000000D-01 0.1243633000D+01 0.1783800000D+01 0.2028000000D+00 0.2579000000D+00 0.9240000000D-01-0.2780000000D-02 0.3013070000D+02 0.2322000000D-01 0.3310000000D-03 0.3430000000D-01 0.2851324000D+01 0.3064200000D+01 0.1755700000D+01 0.1885100000D+01
4 7819960428199605152450201.2-0.8490000000D-01 0.2000000000D-03 0.2065010000D+02 0.1406000000D-01 0.2310000000D-03 0.2950000000D-01 0.9456660000D+00 0.9035000000D+00 0.1819400000D+01 0.6144600000D+01 0.6390000000D-01-0.5000000000D-04 0.3055650000D+02 0.2541000000D-01 0.2100000000D-03 0.4370000000D-01 0.2555090000D+01 0.2559700000D+01 0.4134500000D+01 0.1459300000D+01
4 7919960515199606012450218.2-0.7140000000D-01-0.1000000000D-02 0.2092790000D+02 0.2073000000D-01 0.1110000000D-03 0.2500000000D-01 0.6490110000D+00 0.8050000000D+00 0.2187600000D+01 0.5882100000D+01 0.2350000000D-01-0.3400000000D-03 0.3098800000D+02 0.2656000000D-01 0.2120000000D-03 0.3740000000D-01 0.2257763000D+01 0.2565600000D+01 0.3785000000D+00 0.1204500000D+01
4 8019960601199606182450235.2-0.1020000000D+00 0.4060000000D-02 0.2130760000D+02 0.1647000000D-01 0.4200000000D-03 0.2140000000D-01 0.3557090000D+00 0.6921000000D+00 0.3042000000D+00 0.5186200000D+01 0.3890000000D-01-0.1910000000D-02 0.3140660000D+02 0.2015000000D-01 0.3500000000D-04 0.3100000000D-01 0.1963777000D+01 0.1910800000D+01 0.4328900000D+01 0.4496000000D+00
4 8119960618199607052450252.2-0.5350000000D-01-0.4000000000D-03 0.2166140000D+02 0.2524000000D-01 0.1930000000D-03 0.1790000000D-01 0.6306300000D-01 0.3473000000D+00 0.2470100000D+01 0.4814400000D+01-0.2700000000D-02 0.8600000000D-03 0.3173650000D+02 0.1569000000D-01 0.1570000000D-03 0.2560000000D-01 0.1666576000D+01 0.1839600000D+01 0.4056800000D+01 0.1368000000D+00
4 8219960705199607222450269.2-0.3630000000D-01 0.3600000000D-03 0.2203830000D+02 0.2379000000D-01 0.1370000000D-03 0.1250000000D-01 0.6054351000D+01 0.2976000000D+00 0.3752700000D+01 0.3597600000D+01 0.3510000000D-01-0.1100000000D-03 0.3195820000D+02 0.1237000000D-01 0.3130000000D-03 0.1760000000D-01 0.1369852000D+01 0.1975600000D+01 0.5153400000D+01 0.5175700000D+01
4 8319960722199608082450286.2-0.5400000000D-01 0.9600000000D-03 0.2238070000D+02 0.1079000000D-01 0.4620000000D-03 0.1970000000D-01 0.5766198000D+01 0.5753300000D+01 0.8483000000D+00 0.2912300000D+01 0.2740000000D-01 0.3930000000D-02 0.3206150000D+02 0.6650000000D-02 0.4290000000D-03 0.2980000000D-01 0.1075881000D+01 0.6058900000D+01 0.3363300000D+01 0.4539500000D+01
4 8419960808199608252450303.2-0.3010000000D-01-0.1600000000D-02 0.2257290000D+02 0.1714000000D-01 0.3730000000D-03 0.1970000000D-01 0.5473034000D+01 0.1089000000D+00 0.3239600000D+01 0.2215300000D+01 0.8610000000D-01-0.1860000000D-02 0.3199580000D+02 0.4140000000D-02 0.5230000000D-03 0.2920000000D-01 0.7782740000D+00 0.3093800000D+01 0.3965800000D+01 0.3755400000D+01
4 8519960825199609112450320.2-0.7440000000D-01 0.3500000000D-03 0.2267540000D+02 0.8300000000D-02 0.2910000000D-03 0.3060000000D-01 0.5181549000D+01 0.2465000000D+00 0.2526300000D+01 0.1768300000D+01 0.8140000000D-01 0.5000000000D-03 0.3182020000D+02 0.1626000000D-01 0.2190000000D-03 0.4180000000D-01 0.4811850000D+00 0.3316800000D+01 0.4512600000D+01 0.3347700000D+01
4 8619960911199609282450337.2-0.7130000000D-01-0.1210000000D-02 0.2263460000D+02 0.8590000000D-02 0.5320000000D-03 0.2850000000D-01 0.4890076000D+01 0.2541900000D+01 0.8013000000D+00 0.1448800000D+01 0.7020000000D-01-0.1760000000D-02 0.3151430000D+02 0.2329000000D-01 0.6430000000D-03 0.3960000000D-01 0.1859770000D+00 0.3831100000D+01 0.2115600000D+01 0.3049100000D+01
4 8719960928199610152450354.2-0.9050000000D-01 0.1030000000D-02 0.2244620000D+02 0.1499000000D-01 0.5050000000D-03 0.2860000000D-01 0.4592299000D+01 0.9802000000D+00 0.2501600000D+01 0.8481000000D+00 0.8150000000D-01-0.3220000000D-02 0.3108620000D+02 0.2103000000D-01 0.7990000000D-03 0.3990000000D-01 0.6169692000D+01 0.2507200000D+01 0.4106500000D+01 0.2443500000D+01
4 8819961015199611012450371.2-0.7680000000D-01-0.4400000000D-03 0.2214970000D+02 0.2111000000D-01 0.1800000000D-03 0.2610000000D-01 0.4294798000D+01 0.1181800000D+01 0.2009500000D+01 0.5777000000D+00 0.1170000000D-01 0.8200000000D-03 0.3068010000D+02 0.2841000000D-01 0.1140000000D-03 0.3590000000D-01 0.5872404000D+01 0.2812800000D+01 0.1940000000D+00 0.2151900000D+01
4 8919961101199611182450388.2-0.7030000000D-01 0.1980000000D-02 0.2175720000D+02 0.2718000000D-01 0.4180000000D-03 0.1680000000D-01 0.3995672000D+01 0.1308700000D+01 0.6063300000D+01 0.6149700000D+01 0.3530000000D-01-0.2310000000D-02 0.3020890000D+02 0.2298000000D-01 0.2700000000D-03 0.2250000000D-01 0.5574083000D+01 0.2732400000D+01 0.1485400000D+01 0.1491500000D+01
4 9019961118199612052450405.2-0.5760000000D-01 0.7400000000D-03 0.2130170000D+02 0.2886000000D-01 0.5070000000D-03 0.1700000000D-01 0.3691962000D+01 0.5746000000D+00 0.2262400000D+01 0.5516600000D+01 0.3000000000D-02 0.1770000000D-02 0.2979160000D+02 0.2071000000D-01 0.6300000000D-03 0.2360000000D-01 0.5274283000D+01 0.1889200000D+01 0.3650700000D+01 0.8541000000D+00
4 9119961205199612222450422.2-0.2830000000D-01-0.2600000000D-03 0.2082390000D+02 0.3092000000D-01 0.7700000000D-04 0.1180000000D-01 0.3388280000D+01 0.5814000000D+00 0.4216100000D+01 0.4492000000D+01 0.3290000000D-01-0.1300000000D-03 0.2944340000D+02 0.1963000000D-01 0.2160000000D-03 0.1610000000D-01 0.4975432000D+01 0.2093300000D+01 0.5807600000D+01 0.6104800000D+01
4 9219961222199701082450439.2-0.5000000000D-01 0.1140000000D-02 0.2033090000D+02 0.2605000000D-01 0.1270000000D-03 0.2020000000D-01 0.3082112000D+01 0.3473000000D+00 0.6236300000D+01 0.3673800000D+01 0.5980000000D-01 0.1220000000D-02 0.2917530000D+02 0.1591000000D-01 0.3020000000D-03 0.3040000000D-01 0.4675349000D+01 0.1639500000D+01 0.4918800000D+01 0.5267100000D+01
4 9319970108199701252450456.2-0.2100000000D-01-0.3300000000D-02 0.1991450000D+02 0.3083000000D-01 0.2950000000D-03 0.2040000000D-01 0.2776449000D+01 0.4920000000D-01 0.2676300000D+01 0.3285400000D+01 0.7360000000D-01-0.9500000000D-03 0.2899740000D+02 0.1168000000D-01 0.6830000000D-03 0.2920000000D-01 0.4376911000D+01 0.7982000000D+00 0.3519500000D+01 0.4831100000D+01
4 9419970125199702112450473.2-0.6530000000D-01 0.1900000000D-03 0.1950970000D+02 0.2436000000D-01 0.1800000000D-03 0.2620000000D-01 0.2468535000D+01 0.6132400000D+01 0.3169300000D+01 0.2643800000D+01 0.8420000000D-01-0.5800000000D-03 0.2892790000D+02 0.2810000000D-02 0.3130000000D-03 0.3880000000D-01 0.4078862000D+01 0.1773300000D+01 0.4703500000D+01 0.4268600000D+01
5 9519951231199601222450082.4-0.1900000000D-01 0.2400000000D-03 0.2880990000D+02 0.4386000000D-01 0.5190000000D-03 0.5800000000D-02 0.3267460000D+00 0.3989100000D+01 0.1313700000D+01 0.4029700000D+01 0.5700000000D-01-0.3130000000D-02 0.3891770000D+02 0.2470000000D-01 0.8130000000D-03 0.1150000000D-01 0.1896282000D+01 0.1939000000D+00 0.3767000000D+01 0.5855300000D+01
5 9619960122199602132450104.4-0.4600000000D-02-0.4010000000D-02 0.2816240000D+02 0.4170000000D-01 0.7170000000D-03 0.1740000000D-01 0.4298739000D+01 0.1606300000D+01 0.4670300000D+01 0.1170000000D+00 0.2930000000D-01 0.1700000000D-03 0.3882970000D+02 0.1407000000D-01 0.6450000000D-03 0.2230000000D-01 0.5875870000D+01 0.3901400000D+01 0.3565000000D+00 0.1746100000D+01
5 9719960213199603062450126.4-0.8960000000D-01 0.1600000000D-02 0.2763490000D+02 0.2484000000D-01 0.4700000000D-03 0.2260000000D-01 0.1987947000D+01 0.5626700000D+01 0.1927300000D+01 0.2349900000D+01 0.2020000000D-01-0.1230000000D-02 0.3893320000D+02 0.1080000000D-01 0.2760000000D-03 0.3220000000D-01 0.3574217000D+01 0.3163000000D+01 0.3596300000D+01 0.3910400000D+01
5 9819960306199603282450148.4-0.7150000000D-01 0.3200000000D-03 0.2734740000D+02 0.1377000000D-01 0.2100000000D-03 0.2380000000D-01 0.5962621000D+01 0.3930700000D+01 0.6183600000D+01 0.4543200000D+01-0.3230000000D-01-0.1280000000D-02 0.3927810000D+02 0.2373000000D-01 0.1020000000D-03 0.3430000000D-01 0.1274014000D+01 0.1134600000D+01 0.1298500000D+01 0.6161100000D+01
5 9919960328199604192450170.4-0.4790000000D-01 0.1120000000D-02 0.2730800000D+02 0.1192000000D-01 0.1940000000D-03 0.1900000000D-01 0.3655873000D+01 0.2654900000D+01 0.4248300000D+01 0.5448000000D+00-0.7090000000D-01 0.1100000000D-03 0.3984580000D+02 0.3072000000D-01 0.7100000000D-04 0.2700000000D-01 0.5257627000D+01 0.5177900000D+01 0.5713600000D+01 0.2119300000D+01
510019960419199605112450192.4-0.1890000000D-01 0.1200000000D-02 0.2753270000D+02 0.1427000000D-01 0.2980000000D-03 0.8800000000D-02 0.1351446000D+01 0.1139700000D+01 0.1598600000D+01 0.2824300000D+01-0.2450000000D-01-0.1330000000D-02 0.4059290000D+02 0.2897000000D-01 0.3630000000D-03 0.1460000000D-01 0.2959037000D+01 0.2717100000D+01 0.3931500000D+01 0.4458300000D+01
510119960511199606022450214.4 0.1170000000D-01-0.2020000000D-02 0.2797790000D+02 0.2217000000D-01 0.4380000000D-03 0.1800000000D-02 0.5333439000D+01 0.5783300000D+01 0.4789500000D+01 0.8767000000D+00-0.5460000000D-01 0.5600000000D-02 0.4136670000D+02 0.2197000000D-01 0.4930000000D-03 0.5900000000D-02 0.6586120000D+00 0.9424000000D+00 0.5002000000D+00 0.2504000000D+01
510219960602199606242450236.4-0.5130000000D-01 0.1300000000D-02 0.2851810000D+02 0.4162000000D-01 0.5910000000D-03 0.1300000000D-01 0.3036776000D+01 0.3574900000D+01 0.1263400000D+01 0.3612500000D+01 0.3730000000D-01 0.1000000000D-04 0.4202900000D+02 0.3055000000D-01 0.4340000000D-03 0.1950000000D-01 0.4642966000D+01 0.5098400000D+01 0.2768700000D+01 0.5446200000D+01
510319960624199607162450258.4-0.1300000000D-02-0.5820000000D-02 0.2915440000D+02 0.4827000000D-01 0.8300000000D-03 0.2240000000D-01 0.7459650000D+00 0.1036200000D+01 0.4140400000D+01 0.5952600000D+01 0.5450000000D-01-0.3510000000D-02 0.4252830000D+02 0.2936000000D-01 0.7730000000D-03 0.2820000000D-01 0.2346392000D+01 0.2446400000D+01 0.5453300000D+01 0.1237300000D+01
510419960716199608072450280.4-0.1216000000D+00 0.3820000000D-02 0.2979710000D+02 0.3541000000D-01 0.8550000000D-03 0.2500000000D-01 0.4740115000D+01 0.4784500000D+01 0.1152700000D+01 0.1840300000D+01-0.1110000000D-01-0.2400000000D-03 0.4286510000D+02 0.1074000000D-01 0.7850000000D-03 0.3640000000D-01 0.4942700000D-01 0.5217300000D+01 0.2152700000D+01 0.3371900000D+01
510519960807199608292450302.4-0.6840000000D-01 0.4700000000D-03 0.3027650000D+02 0.1043000000D-01 0.4030000000D-03 0.2490000000D-01 0.2448408000D+01 0.2687700000D+01 0.4600500000D+01 0.3996000000D+01-0.1740000000D-01-0.3980000000D-02 0.4286540000D+02 0.2103000000D-01 0.5260000000D-03 0.3480000000D-01 0.4034443000D+01 0.1214900000D+01 0.5277000000D+01 0.5571100000D+01
510619960829199609202450324.4-0.4540000000D-01 0.1180000000D-02 0.3041570000D+02 0.6530000000D-02 0.1810000000D-03 0.1800000000D-01 0.1555070000D+00 0.2377800000D+01 0.3522600000D+01 0.6205900000D+01-0.1108000000D+00 0.4070000000D-02 0.4250380000D+02 0.3207000000D-01 0.2540000000D-03 0.2640000000D-01 0.1735294000D+01 0.4770900000D+01 0.1504100000D+01 0.1505500000D+01
510719960920199610122450346.4-0.4600000000D-02 0.1000000000D-03 0.3023090000D+02 0.1499000000D-01 0.3000000000D-03 0.7400000000D-02 0.4143459000D+01 0.8832000000D+00 0.1369300000D+01 0.2187200000D+01-0.2260000000D-01-0.5100000000D-03 0.4186350000D+02 0.3101000000D-01 0.3300000000D-03 0.1050000000D-01 0.5720009000D+01 0.2454800000D+01 0.3868300000D+01 0.3957400000D+01
510819961012199611032450368.4-0.4900000000D-02-0.8400000000D-03 0.2976840000D+02 0.2614000000D-01 0.2560000000D-03 0.6100000000D-02 0.1845128000D+01 0.5144000000D+01 0.5306100000D+01 0.7627000000D+00 0.5400000000D-02 0.1670000000D-02 0.4111120000D+02 0.3235000000D-01 0.1640000000D-03 0.9700000000D-02 0.3420908000D+01 0.3507000000D+00 0.1106700000D+01 0.2402900000D+01
510919961103199611252450390.4-0.5250000000D-01 0.1700000000D-03 0.2909990000D+02 0.3715000000D-01 0.1140000000D-03 0.1800000000D-01 0.5826459000D+01 0.3003300000D+01 0.2011000000D+01 0.3179900000D+01 0.3140000000D-01 0.5700000000D-03 0.4035890000D+02 0.3690000000D-01 0.2280000000D-03 0.2370000000D-01 0.1120223000D+01 0.4346300000D+01 0.8433000000D+00 0.4821800000D+01
511019961125199612172450412.4-0.4530000000D-01-0.2450000000D-02 0.2832320000D+02 0.4639000000D-01 0.3070000000D-03 0.2370000000D-01 0.3519194000D+01 0.5893000000D+00 0.3325000000D+01 0.5450100000D+01 0.3400000000D-01-0.2960000000D-02 0.3966530000D+02 0.3490000000D-01 0.5630000000D-03 0.3200000000D-01 0.5101820000D+01 0.1927900000D+01 0.4639900000D+01 0.7007000000D+00
511119961217199701082450434.4-0.9060000000D-01 0.2020000000D-02 0.2747610000D+02 0.4260000000D-01 0.4410000000D-03 0.2260000000D-01 0.1209337000D+01 0.4498100000D+01 0.3879000000D+00 0.1324600000D+01-0.4370000000D-01 0.3800000000D-03 0.3908290000D+02 0.2367000000D-01 0.7520000000D-03 0.3410000000D-01 0.2799005000D+01 0.5414400000D+01 0.1724200000D+01 0.2902400000D+01
511219970108199701302450456.4-0.5420000000D-01 0.1620000000D-02 0.2665710000D+02 0.3136000000D-01 0.2450000000D-03 0.1830000000D-01 0.5181479000D+01 0.2330500000D+01 0.3707800000D+01 0.3456600000D+01-0.4400000000D-02-0.5000000000D-02 0.3869430000D+02 0.9090000000D-02 0.6380000000D-03 0.2730000000D-01 0.4988920000D+00 0.1229300000D+01 0.4527500000D+01 0.5058500000D+01
