 5 4    2   25   48   70  3.5516  1.7693  0.8782  0.3765 16.0 16.0 17.0 18.0   90 2458118.5000 2018                                                                                                                                                                                                                                                                              
1  220171231201801162458118.5 0.1960000000D-01 0.6850000000D-02 0.9295970000D+02 0.3462900000D+00 0.1599000000D-02 0.1575000000D+00 0.3197530000D+00 0.5763600000D+01 0.1117900000D+01 0.7827000000D+00 0.2810000000D-01-0.1840000000D-02 0.2946360000D+02 0.5198000000D-01 0.0000000000D+00 0.5070000000D-01 0.3648435000D+01 0.1800400000D+01 0.0000000000D+00 0.4157600000D+01
1  320180116201802012458134.5 0.1644000000D+00 0.7160000000D-02 0.9702710000D+02 0.3528400000D+00 0.1996000000D-02 0.1837000000D+00 0.5574160000D+00 0.6174000000D+01 0.1547400000D+01 0.1571000000D+01-0.1400000000D-01-0.1790000000D-02 0.2925010000D+02 0.3528000000D-01 0.0000000000D+00 0.5650000000D-01 0.3898020000D+01 0.2596200000D+01 0.0000000000D+00 0.4889700000D+01
1  420180201201802172458150.5 0.3161000000D+00 0.6090000000D-02 0.1017792000D+03 0.3564000000D+00 0.2360000000D-02 0.1866000000D+00 0.8044840000D+00 0.3336000000D+00 0.2020100000D+01 0.2246000000D+01-0.5560000000D-01-0.1540000000D-02 0.2940380000D+02 0.4163000000D-01 0.0000000000D+00 0.5250000000D-01 0.4156329000D+01 0.3736500000D+01 0.0000000000D+00 0.5581400000D+01
1  520180217201803052458166.5 0.4539000000D+00 0.5410000000D-02 0.1070718000D+03 0.3571800000D+00 0.2773000000D-02 0.1917000000D+00 0.1062657000D+01 0.8152000000D+00 0.2614400000D+01 0.3120400000D+01-0.9200000000D-01-0.1700000000D-02 0.3000950000D+02 0.7059000000D-01 0.0000000000D+00 0.5330000000D-01 0.4423821000D+01 0.4435400000D+01 0.0000000000D+00 0.2022000000D+00
1  620180305201803212458182.5 0.5616000000D+00 0.5930000000D-02 0.1126195000D+03 0.3517700000D+00 0.3259000000D-02 0.2322000000D+00 0.1333385000D+01 0.1343700000D+01 0.3255100000D+01 0.3885700000D+01-0.1226000000D+00-0.2260000000D-02 0.3113620000D+02 0.1046400000D+00 0.0000000000D+00 0.6330000000D-01 0.4700683000D+01 0.4879900000D+01 0.0000000000D+00 0.9597000000D+00
1  720180321201804062458198.5 0.6469000000D+00 0.5770000000D-02 0.1179537000D+03 0.3398400000D+00 0.3982000000D-02 0.2336000000D+00 0.1617387000D+01 0.1920900000D+01 0.3928600000D+01 0.4596400000D+01-0.1531000000D+00-0.2470000000D-02 0.3279010000D+02 0.1324400000D+00 0.0000000000D+00 0.6480000000D-01 0.4986571000D+01 0.5258700000D+01 0.0000000000D+00 0.1713600000D+01
1  820180406201804222458214.5 0.7153000000D+00 0.3740000000D-02 0.1224758000D+03 0.3161700000D+00 0.4578000000D-02 0.2471000000D+00 0.1913772000D+01 0.2565400000D+01 0.4548500000D+01 0.5465800000D+01-0.1863000000D+00-0.1890000000D-02 0.3485720000D+02 0.1435500000D+00 0.0000000000D+00 0.7300000000D-01 0.5280208000D+01 0.5638700000D+01 0.0000000000D+00 0.2540500000D+01
1  920180422201805082458230.5 0.7502000000D+00 0.1720000000D-02 0.1255173000D+03 0.2918800000D+00 0.4646000000D-02 0.2702000000D+00 0.2219701000D+01 0.3317500000D+01 0.5250200000D+01 0.6210300000D+01-0.2163000000D+00-0.9900000000D-03 0.3705420000D+02 0.1297200000D+00 0.0000000000D+00 0.7720000000D-01 0.5579473000D+01 0.6057300000D+01 0.0000000000D+00 0.3269300000D+01
1 1020180508201805242458246.5 0.7374000000D+00 0.1120000000D-02 0.1265288000D+03 0.2846700000D+00 0.4733000000D-02 0.2520000000D+00 0.2530433000D+01 0.4129400000D+01 0.6003000000D+01 0.7219000000D+00-0.2343000000D+00-0.3500000000D-03 0.3894480000D+02 0.9272000000D-01 0.0000000000D+00 0.7610000000D-01 0.5881097000D+01 0.2876000000D+00 0.0000000000D+00 0.4158900000D+01
1 1120180524201806092458262.5 0.6912000000D+00 0.1700000000D-03 0.1253301000D+03 0.2863700000D+00 0.4647000000D-02 0.2639000000D+00 0.2840440000D+01 0.4925200000D+01 0.3765000000D+00 0.1564000000D+01-0.2387000000D+00 0.2500000000D-03 0.4010980000D+02 0.4700000000D-01 0.0000000000D+00 0.9000000000D-01 0.6181255000D+01 0.1166400000D+01 0.0000000000D+00 0.4957200000D+01
1 1220180609201806252458278.5 0.6272000000D+00-0.2360000000D-02 0.1222269000D+03 0.2955100000D+00 0.3955000000D-02 0.2597000000D+00 0.3143948000D+01 0.5689400000D+01 0.9987000000D+00 0.2254900000D+01-0.2302000000D+00 0.1030000000D-02 0.4032210000D+02 0.4790000000D-01 0.0000000000D+00 0.8940000000D-01 0.1924950000D+00 0.2902500000D+01 0.0000000000D+00 0.5592300000D+01
1 1320180625201807112458294.5 0.5368000000D+00-0.4670000000D-02 0.1178085000D+03 0.3095200000D+00 0.3101000000D-02 0.2349000000D+00 0.3436318000D+01 0.1000000000D+00 0.1632700000D+01 0.3072800000D+01-0.2061000000D+00 0.1540000000D-02 0.3959530000D+02 0.9071000000D-01 0.0000000000D+00 0.8130000000D-01 0.4774710000D+00 0.3712800000D+01 0.0000000000D+00 0.1138000000D+00
1 1420180711201807272458310.5 0.4127000000D+00-0.5210000000D-02 0.1127772000D+03 0.3249100000D+00 0.2415000000D-02 0.2505000000D+00 0.3715160000D+01 0.7098000000D+00 0.2271500000D+01 0.3830300000D+01-0.1671000000D+00 0.1550000000D-02 0.3812370000D+02 0.1275100000D+00 0.0000000000D+00 0.8520000000D-01 0.7510450000D+00 0.4161200000D+01 0.0000000000D+00 0.8494000000D+00
1 1520180727201808122458326.5 0.2708000000D+00-0.5360000000D-02 0.1077075000D+03 0.3362600000D+00 0.1945000000D-02 0.2418000000D+00 0.3980024000D+01 0.1243600000D+01 0.2862300000D+01 0.4463800000D+01-0.1209000000D+00 0.1620000000D-02 0.3614350000D+02 0.1516600000D+00 0.0000000000D+00 0.7930000000D-01 0.1013103000D+01 0.4510000000D+01 0.0000000000D+00 0.1501100000D+01
1 1620180812201808282458342.5 0.1317000000D+00-0.6660000000D-02 0.1030118000D+03 0.3438500000D+00 0.1643000000D-02 0.2245000000D+00 0.4232054000D+01 0.1719400000D+01 0.3383600000D+01 0.5221100000D+01-0.7540000000D-01 0.2100000000D-02 0.3387220000D+02 0.1651300000D+00 0.0000000000D+00 0.7380000000D-01 0.1264966000D+01 0.4811000000D+01 0.0000000000D+00 0.2270000000D+01
1 1720180828201809132458358.5-0.3200000000D-02-0.8150000000D-02 0.9891320000D+02 0.3453700000D+00 0.1399000000D-02 0.2352000000D+00 0.4473025000D+01 0.2154000000D+01 0.3733100000D+01 0.5920500000D+01-0.3120000000D-01 0.2510000000D-02 0.3146090000D+02 0.1703100000D+00 0.0000000000D+00 0.7410000000D-01 0.1508609000D+01 0.5079900000D+01 0.0000000000D+00 0.2945800000D+01
1 1820180913201809292458374.5-0.1421000000D+00-0.8130000000D-02 0.9552150000D+02 0.3467700000D+00 0.1042000000D-02 0.2224000000D+00 0.4705105000D+01 0.2569900000D+01 0.4132900000D+01 0.2518000000D+00 0.1220000000D-01 0.2350000000D-02 0.2900500000D+02 0.1696700000D+00 0.0000000000D+00 0.6480000000D-01 0.1746240000D+01 0.5324000000D+01 0.0000000000D+00 0.3584700000D+01
1 1920180929201810152458390.5-0.2753000000D+00-0.7050000000D-02 0.9290720000D+02 0.3474100000D+00 0.8560000000D-03 0.2093000000D+00 0.4930142000D+01 0.2957600000D+01 0.4553900000D+01 0.9886000000D+00 0.5040000000D-01 0.1860000000D-02 0.2656580000D+02 0.1653600000D+00 0.0000000000D+00 0.5890000000D-01 0.1980037000D+01 0.5542500000D+01 0.0000000000D+00 0.4342700000D+01
1 2020181015201810312458406.5-0.3837000000D+00-0.6480000000D-02 0.9107450000D+02 0.3470900000D+00 0.7530000000D-03 0.2175000000D+00 0.5150054000D+01 0.3325700000D+01 0.4907500000D+01 0.1648800000D+01 0.7750000000D-01 0.1500000000D-02 0.2416840000D+02 0.1590700000D+00 0.0000000000D+00 0.5630000000D-01 0.2212402000D+01 0.5737300000D+01 0.0000000000D+00 0.4984500000D+01
1 2120181031201811162458422.5-0.4606000000D+00-0.6390000000D-02 0.9002140000D+02 0.3460900000D+00 0.7040000000D-03 0.2035000000D+00 0.5366659000D+01 0.3679600000D+01 0.5143300000D+01 0.2241100000D+01 0.9310000000D-01 0.1200000000D-02 0.2182550000D+02 0.1519700000D+00 0.0000000000D+00 0.4650000000D-01 0.2445912000D+01 0.5910600000D+01 0.0000000000D+00 0.5606300000D+01
1 2220181116201812022458438.5-0.5142000000D+00-0.5210000000D-02 0.8972470000D+02 0.3464700000D+00 0.6130000000D-03 0.1891000000D+00 0.5581802000D+01 0.4030900000D+01 0.5402700000D+01 0.2983600000D+01 0.1005000000D+00 0.6600000000D-03 0.1953800000D+02 0.1442600000D+00 0.0000000000D+00 0.3960000000D-01 0.2683588000D+01 0.6067400000D+01 0.0000000000D+00 0.9090000000D-01
1 2320181202201812182458454.5-0.5465000000D+00-0.2460000000D-02 0.9017640000D+02 0.3486800000D+00 0.7280000000D-03 0.2016000000D+00 0.5797036000D+01 0.4376100000D+01 0.5804000000D+01 0.3662800000D+01 0.1006000000D+00 0.0000000000D+00 0.1731220000D+02 0.1361700000D+00 0.0000000000D+00 0.3580000000D-01 0.2928860000D+01 0.6211500000D+01 0.0000000000D+00 0.7558000000D+00
1 2420181218201901032458470.5-0.5449000000D+00 0.2800000000D-03 0.9137040000D+02 0.3497300000D+00 0.7960000000D-03 0.1911000000D+00 0.6013736000D+01 0.4733000000D+01 0.6117700000D+01 0.4271100000D+01 0.9300000000D-01-0.4000000000D-03 0.1516420000D+02 0.1275300000D+00 0.0000000000D+00 0.2700000000D-01 0.3185902000D+01 0.6230000000D-01 0.0000000000D+00 0.1457500000D+01
2 2520171231201801162458118.5-0.8060000000D-01-0.3725000000D-01 0.1478077000D+03 0.5567100000D+00 0.2104000000D-02 0.7600000000D+00 0.1477500000D+00 0.5597200000D+01 0.8232000000D+00 0.3565200000D+01-0.1140000000D+00 0.1105000000D-01 0.4731400000D+02 0.8272000000D-01 0.0000000000D+00 0.2349000000D+00 0.3503970000D+01 0.1644200000D+01 0.0000000000D+00 0.6582000000D+00
2 2620180116201802012458134.5-0.6245000000D+00-0.3635000000D-01 0.1543519000D+03 0.5633400000D+00 0.2911000000D-02 0.8025000000D+00 0.3283405000D+01 0.2604400000D+01 0.4186300000D+01 0.3786700000D+01 0.5040000000D-01 0.1008000000D-01 0.4695320000D+02 0.5701000000D-01 0.0000000000D+00 0.2397000000D+00 0.3699730000D+00 0.5304300000D+01 0.0000000000D+00 0.8572000000D+00
2 2720180201201802172458150.5-0.1168600000D+01-0.3371000000D-01 0.1618753000D+03 0.5832400000D+00 0.3777000000D-02 0.8398000000D+00 0.1450760000D+00 0.5940100000D+01 0.1514400000D+01 0.4018200000D+01 0.1931000000D+00 0.9760000000D-02 0.4716550000D+02 0.6636000000D-01 0.0000000000D+00 0.2407000000D+00 0.3527233000D+01 0.3064900000D+01 0.0000000000D+00 0.1145500000D+01
2 2820180217201803052458166.5-0.1677700000D+01-0.2988000000D-01 0.1703930000D+03 0.5588500000D+00 0.3917000000D-02 0.8787000000D+00 0.3300799000D+01 0.3031200000D+01 0.4690400000D+01 0.4261400000D+01 0.3456000000D+00 0.8900000000D-02 0.4813060000D+02 0.1102800000D+00 0.0000000000D+00 0.2440000000D+00 0.4102940000D+00 0.3691000000D+00 0.0000000000D+00 0.1354300000D+01
2 2920180305201803212458182.5-0.2132800000D+01-0.2385000000D-01 0.1791564000D+03 0.5608900000D+00 0.5309000000D-02 0.9194000000D+00 0.1859960000D+00 0.1631000000D+00 0.2063300000D+01 0.4522200000D+01 0.4709000000D+00 0.8880000000D-02 0.4991150000D+02 0.1655500000D+00 0.0000000000D+00 0.2595000000D+00 0.3584931000D+01 0.3728600000D+01 0.0000000000D+00 0.1658200000D+01
2 3020180321201804062458198.5-0.2518700000D+01-0.1451000000D-01 0.1877018000D+03 0.5236000000D+00 0.5976000000D-02 0.9411000000D+00 0.3367912000D+01 0.3641000000D+01 0.5539300000D+01 0.4793000000D+01 0.6142000000D+00 0.7060000000D-02 0.5256550000D+02 0.2092200000D+00 0.0000000000D+00 0.2642000000D+00 0.4850840000D+00 0.7269000000D+00 0.0000000000D+00 0.1897500000D+01
2 3120180406201804222458214.5-0.2779600000D+01-0.6480000000D-02 0.1948574000D+03 0.5056000000D+00 0.7782000000D-02 0.9624000000D+00 0.2788000000D+00 0.9186000000D+00 0.2922000000D+01 0.5081500000D+01 0.7347000000D+00 0.6250000000D-02 0.5586540000D+02 0.2293000000D+00 0.0000000000D+00 0.2804000000D+00 0.3675465000D+01 0.4022700000D+01 0.0000000000D+00 0.2202400000D+01
2 3220180422201805082458230.5-0.2914100000D+01 0.2170000000D-02 0.1997333000D+03 0.4584100000D+00 0.6929000000D-02 0.9650000000D+00 0.3483652000D+01 0.4601100000D+01 0.1806000000D+00 0.5381600000D+01 0.8330000000D+00 0.4140000000D-02 0.5937510000D+02 0.2079600000D+00 0.0000000000D+00 0.2966000000D+00 0.5894370000D+00 0.1050100000D+01 0.0000000000D+00 0.2477300000D+01
2 3320180508201805242458246.5-0.2928100000D+01 0.1248000000D-01 0.2013190000D+03 0.4592900000D+00 0.7201000000D-02 0.9464000000D+00 0.4105890000D+00 0.2022300000D+01 0.3798400000D+01 0.5680500000D+01 0.9234000000D+00 0.4700000000D-03 0.6239910000D+02 0.1500700000D+00 0.0000000000D+00 0.2908000000D+00 0.3789486000D+01 0.4467500000D+01 0.0000000000D+00 0.2779400000D+01
2 3420180524201806092458262.5-0.2797100000D+01 0.2042000000D-01 0.1993596000D+03 0.4631100000D+00 0.6324000000D-02 0.9188000000D+00 0.3621139000D+01 0.5710900000D+01 0.1110700000D+01 0.5982500000D+01 0.9377000000D+00-0.2410000000D-02 0.6426730000D+02 0.7685000000D-01 0.0000000000D+00 0.3098000000D+00 0.7061340000D+00 0.1944900000D+01 0.0000000000D+00 0.3049100000D+01
2 3520180609201806252458278.5-0.2538100000D+01 0.2692000000D-01 0.1944344000D+03 0.4900200000D+00 0.6571000000D-02 0.8714000000D+00 0.5419990000D+00 0.3030300000D+01 0.4685300000D+01 0.6283000000D+01 0.9293000000D+00-0.6880000000D-02 0.6463950000D+02 0.8092000000D-01 0.0000000000D+00 0.2821000000D+00 0.3900529000D+01 0.2581000000D+00 0.0000000000D+00 0.3370300000D+01
2 3620180625201807112458294.5-0.2173500000D+01 0.3175000000D-01 0.1873742000D+03 0.4983800000D+00 0.4883000000D-02 0.8185000000D+00 0.3736086000D+01 0.3315000000D+00 0.1945300000D+01 0.2879000000D+00 0.8359000000D+00-0.8720000000D-02 0.6346400000D+02 0.1452500000D+00 0.0000000000D+00 0.2838000000D+00 0.8033630000D+00 0.3961300000D+01 0.0000000000D+00 0.3617100000D+01
2 3720180711201807272458310.5-0.1731800000D+01 0.3549000000D-01 0.1794444000D+03 0.5240100000D+00 0.4176000000D-02 0.7714000000D+00 0.6337890000D+00 0.3828900000D+01 0.5572000000D+01 0.5741000000D+00 0.7177000000D+00-0.1165000000D-01 0.6110580000D+02 0.2040400000D+00 0.0000000000D+00 0.2577000000D+00 0.3978854000D+01 0.1034900000D+01 0.0000000000D+00 0.3930200000D+01
2 3820180727201808122458326.5-0.1220500000D+01 0.3628000000D-01 0.1713053000D+03 0.5143300000D+00 0.3297000000D-02 0.7214000000D+00 0.3801136000D+01 0.9908000000D+00 0.2608700000D+01 0.8464000000D+00 0.5506000000D+00-0.1194000000D-01 0.5788310000D+02 0.2387900000D+00 0.0000000000D+00 0.2426000000D+00 0.8604690000D+00 0.4297000000D+01 0.0000000000D+00 0.4175800000D+01
2 3920180812201808282458342.5-0.6791000000D+00 0.3597000000D-01 0.1638925000D+03 0.5245000000D+00 0.3535000000D-02 0.6837000000D+00 0.6726970000D+00 0.4362400000D+01 0.6024300000D+01 0.1115900000D+01 0.3714000000D+00-0.1210000000D-01 0.5422050000D+02 0.2613200000D+00 0.0000000000D+00 0.2214000000D+00 0.4015843000D+01 0.1226500000D+01 0.0000000000D+00 0.4467000000D+01
2 4020180828201809132458358.5-0.1354000000D+00 0.3461000000D-01 0.1573183000D+03 0.5180100000D+00 0.2102000000D-02 0.6565000000D+00 0.3816600000D+01 0.1466600000D+01 0.3001000000D+01 0.1378900000D+01 0.1887000000D+00-0.1117000000D-01 0.5030910000D+02 0.2678100000D+00 0.0000000000D+00 0.2049000000D+00 0.8798920000D+00 0.4402500000D+01 0.0000000000D+00 0.4725100000D+01
2 4120180913201809292458374.5 0.4008000000D+00 0.3020000000D-01 0.1520149000D+03 0.5300100000D+00 0.2221000000D-02 0.6313000000D+00 0.6682020000D+00 0.4775100000D+01 0.2206000000D+00 0.1626500000D+01 0.1770000000D-01-0.9090000000D-02 0.4635180000D+02 0.2681900000D+00 0.0000000000D+00 0.1872000000D+00 0.4021384000D+01 0.1267400000D+01 0.0000000000D+00 0.4978600000D+01
2 4220180929201810152458390.5 0.8924000000D+00 0.2478000000D-01 0.1478460000D+03 0.5243200000D+00 0.1227000000D-02 0.6207000000D+00 0.3795483000D+01 0.1808200000D+01 0.3407700000D+01 0.1875700000D+01-0.1311000000D+00-0.6740000000D-02 0.4240820000D+02 0.2614400000D+00 0.0000000000D+00 0.1717000000D+00 0.8757050000D+00 0.4385400000D+01 0.0000000000D+00 0.5255500000D+01
2 4320181015201810312458406.5 0.1307100000D+01 0.1916000000D-01 0.1449950000D+03 0.5259200000D+00 0.1926000000D-02 0.6150000000D+00 0.6343520000D+00 0.5061800000D+01 0.2215000000D+00 0.2117100000D+01-0.2401000000D+00-0.4170000000D-02 0.3853260000D+02 0.2520900000D+00 0.0000000000D+00 0.1562000000D+00 0.4012304000D+01 0.1204500000D+01 0.0000000000D+00 0.5490400000D+01
2 4420181031201811162458422.5 0.1640100000D+01 0.1162000000D-01 0.1433097000D+03 0.5300800000D+00 0.1481000000D-02 0.6190000000D+00 0.3752725000D+01 0.2052700000D+01 0.3522500000D+01 0.2342500000D+01-0.3144000000D+00-0.1870000000D-02 0.3474400000D+02 0.2409000000D+00 0.0000000000D+00 0.1440000000D+00 0.8668590000D+00 0.4280800000D+01 0.0000000000D+00 0.5766800000D+01
2 4520181116201812022458438.5 0.1872000000D+01 0.2890000000D-02 0.1428192000D+03 0.5403700000D+00 0.1264000000D-02 0.6299000000D+00 0.5861520000D+00 0.5317200000D+01 0.5259000000D+00 0.2575600000D+01-0.3490000000D+00 0.7700000000D-03 0.3104250000D+02 0.2280100000D+00 0.0000000000D+00 0.1269000000D+00 0.4009254000D+01 0.1060900000D+01 0.0000000000D+00 0.5996600000D+01
2 4620181202201812182458454.5 0.1972600000D+01-0.4750000000D-02 0.1435509000D+03 0.5406200000D+00 0.1075000000D-02 0.6472000000D+00 0.3701764000D+01 0.2288700000D+01 0.3608400000D+01 0.2798100000D+01-0.3497000000D+00 0.2060000000D-02 0.2746560000D+02 0.2165000000D+00 0.0000000000D+00 0.1184000000D+00 0.8763460000D+00 0.4103800000D+01 0.0000000000D+00 0.1500000000D-02
2 4720181218201901032458470.5 0.1946400000D+01-0.1235000000D-01 0.1454471000D+03 0.5557900000D+00 0.1294000000D-02 0.6731000000D+00 0.5357900000D+00 0.5540500000D+01 0.8289000000D+00 0.3015300000D+01-0.3213000000D+00 0.3190000000D-02 0.2401430000D+02 0.2028100000D+00 0.0000000000D+00 0.9880000000D-01 0.4039712000D+01 0.8573000000D+00 0.0000000000D+00 0.2605000000D+00
3 4820171231201801172458118.5-0.7231000000D+00 0.7520000000D-02 0.2358070000D+03 0.8943300000D+00 0.3793000000D-02 0.2368000000D+00 0.4775514000D+01 0.3913100000D+01 0.5379100000D+01 0.1373300000D+01 0.2376000000D+00-0.2170000000D-02 0.7520920000D+02 0.1385600000D+00 0.0000000000D+00 0.6100000000D-01 0.1822777000D+01 0.2060000000D-01 0.0000000000D+00 0.4829500000D+01
3 4920180117201802032458135.5-0.5442000000D+00-0.4720000000D-02 0.2467674000D+03 0.9301700000D+00 0.4439000000D-02 0.2259000000D+00 0.8113000000D+00 0.1298000000D+00 0.1896500000D+01 0.5855800000D+01 0.1880000000D+00-0.1400000000D-03 0.7469140000D+02 0.1004000000D+00 0.0000000000D+00 0.8040000000D-01 0.4154812000D+01 0.2883700000D+01 0.0000000000D+00 0.3091900000D+01
3 5020180203201802202458152.5-0.6367000000D+00-0.3990000000D-02 0.2597867000D+03 0.9277000000D+00 0.5085000000D-02 0.2542000000D+00 0.3140313000D+01 0.2663600000D+01 0.4478500000D+01 0.4225500000D+01 0.2150000000D+00 0.1610000000D-02 0.7522410000D+02 0.1221400000D+00 0.0000000000D+00 0.7350000000D-01 0.2133190000D+00 0.6026800000D+01 0.0000000000D+00 0.1133700000D+01
3 5120180220201803092458169.5-0.6531000000D+00 0.6810000000D-02 0.2742606000D+03 0.9081700000D+00 0.6785000000D-02 0.2327000000D+00 0.5482309000D+01 0.5230600000D+01 0.7746000000D+00 0.2601200000D+01 0.1882000000D+00-0.1650000000D-02 0.7705810000D+02 0.2014300000D+00 0.0000000000D+00 0.6240000000D-01 0.2564618000D+01 0.2539500000D+01 0.0000000000D+00 0.6226900000D+01
3 5220180309201803262458186.5-0.4890000000D+00-0.7580000000D-02 0.2891160000D+03 0.8935500000D+00 0.9408000000D-02 0.2652000000D+00 0.1555808000D+01 0.1567300000D+01 0.3556900000D+01 0.8050000000D+00 0.1748000000D+00 0.9000000000D-03 0.8044860000D+02 0.2886400000D+00 0.0000000000D+00 0.9370000000D-01 0.4926239000D+01 0.5092900000D+01 0.0000000000D+00 0.4181200000D+01
3 5320180326201804122458203.5-0.6396000000D+00-0.4240000000D-02 0.3031390000D+03 0.8246300000D+00 0.1102300000D-01 0.3126000000D+00 0.3927530000D+01 0.4283800000D+01 0.6271900000D+01 0.5564600000D+01 0.1887000000D+00 0.2150000000D-02 0.8534860000D+02 0.3481800000D+00 0.0000000000D+00 0.8760000000D-01 0.1015135000D+01 0.1298000000D+01 0.0000000000D+00 0.2483800000D+01
3 5420180412201804292458220.5-0.6472000000D+00 0.5250000000D-02 0.3141620000D+03 0.7561200000D+00 0.1160200000D-01 0.3117000000D+00 0.3012900000D-01 0.8309000000D+00 0.2733700000D+01 0.3986300000D+01 0.2185000000D+00-0.1640000000D-02 0.9117380000D+02 0.3571800000D+00 0.0000000000D+00 0.7920000000D-01 0.3396237000D+01 0.3796400000D+01 0.0000000000D+00 0.1046700000D+01
3 5520180429201805162458237.5-0.5212000000D+00-0.6190000000D-02 0.3201591000D+03 0.7228600000D+00 0.1267200000D-01 0.3574000000D+00 0.2426287000D+01 0.3721100000D+01 0.5517600000D+01 0.2351200000D+01 0.1499000000D+00 0.2290000000D-02 0.9692900000D+02 0.2905600000D+00 0.0000000000D+00 0.1113000000D+00 0.5784062000D+01 0.7120000000D-01 0.0000000000D+00 0.5957700000D+01
3 5620180516201806022458254.5-0.6594000000D+00-0.4710000000D-02 0.3201364000D+03 0.7243000000D+00 0.1056300000D-01 0.3917000000D+00 0.4826671000D+01 0.4023000000D+00 0.2029100000D+01 0.9327000000D+00 0.2234000000D+00 0.6400000000D-03 0.1012122000D+03 0.1729100000D+00 0.0000000000D+00 0.1636000000D+00 0.1891331000D+01 0.2809500000D+01 0.0000000000D+00 0.4197400000D+01
3 5720180602201806192458271.5-0.6868000000D+00 0.7720000000D-02 0.3140211000D+03 0.7764900000D+00 0.9723000000D-02 0.3665000000D+00 0.9405450000D+00 0.3262800000D+01 0.4953000000D+01 0.5682000000D+01 0.2343000000D+00-0.1350000000D-02 0.1029748000D+03 0.1054400000D+00 0.0000000000D+00 0.1041000000D+00 0.4278025000D+01 0.6540000000D-01 0.0000000000D+00 0.2436500000D+01
3 5820180619201807062458288.5-0.5247000000D+00-0.8350000000D-02 0.3033210000D+03 0.8025000000D+00 0.8741000000D-02 0.3890000000D+00 0.3328252000D+01 0.6047200000D+01 0.1435000000D+01 0.4095000000D+01 0.1526000000D+00 0.1730000000D-02 0.1020112000D+03 0.1966600000D+00 0.0000000000D+00 0.1225000000D+00 0.3731690000D+00 0.3356700000D+01 0.0000000000D+00 0.1309700000D+01
3 5920180706201807232458305.5-0.6990000000D+00-0.2100000000D-02 0.2902195000D+03 0.8400700000D+00 0.6751000000D-02 0.3951000000D+00 0.5702469000D+01 0.2505300000D+01 0.4365900000D+01 0.2633100000D+01 0.2434000000D+00 0.8200000000D-03 0.9866900000D+02 0.3008400000D+00 0.0000000000D+00 0.1434000000D+00 0.2740785000D+01 0.6012500000D+01 0.0000000000D+00 0.5912000000D+01
3 6020180723201808092458322.5-0.6977000000D+00 0.4770000000D-02 0.2763879000D+03 0.8265900000D+00 0.5962000000D-02 0.3532000000D+00 0.1778254000D+01 0.5158800000D+01 0.5834000000D+00 0.1093400000D+01 0.2196000000D+00-0.1730000000D-02 0.9359740000D+02 0.3699300000D+00 0.0000000000D+00 0.1073000000D+00 0.5096369000D+01 0.2227200000D+01 0.0000000000D+00 0.4409400000D+01
3 6120180809201808262458339.5-0.5971000000D+00-0.8390000000D-02 0.2634036000D+03 0.8189400000D+00 0.5048000000D-02 0.3608000000D+00 0.4122605000D+01 0.1483700000D+01 0.3072400000D+01 0.5756100000D+01 0.1906000000D+00 0.1740000000D-02 0.8753770000D+02 0.4070700000D+00 0.0000000000D+00 0.1216000000D+00 0.1156857000D+01 0.4645300000D+01 0.0000000000D+00 0.2851300000D+01
3 6220180826201809122458356.5-0.7746000000D+00-0.2040000000D-02 0.2521492000D+03 0.8395300000D+00 0.4912000000D-02 0.3579000000D+00 0.1708610000D+00 0.4035800000D+01 0.5872000000D+01 0.4268400000D+01 0.2349000000D+00 0.3800000000D-03 0.8104670000D+02 0.4231400000D+00 0.0000000000D+00 0.1131000000D+00 0.3490544000D+01 0.7316000000D+00 0.0000000000D+00 0.1311900000D+01
3 6320180912201809292458373.5-0.7773000000D+00 0.4000000000D-02 0.2427683000D+03 0.8271600000D+00 0.3074000000D-02 0.3210000000D+00 0.2491708000D+01 0.3077000000D+00 0.1889800000D+01 0.2692300000D+01 0.2351000000D+00-0.1930000000D-02 0.7440970000D+02 0.4242300000D+00 0.0000000000D+00 0.9850000000D-01 0.5817191000D+01 0.3076600000D+01 0.0000000000D+00 0.6045400000D+01
3 6420180929201810162458390.5-0.7093000000D+00-0.8050000000D-02 0.2357109000D+03 0.8301700000D+00 0.2778000000D-02 0.3274000000D+00 0.4803792000D+01 0.2799700000D+01 0.4261900000D+01 0.1060000000D+01 0.1926000000D+00 0.1130000000D-02 0.6781200000D+02 0.4139500000D+00 0.0000000000D+00 0.8850000000D-01 0.1855415000D+01 0.5386000000D+01 0.0000000000D+00 0.4371400000D+01
3 6520181016201811022458407.5-0.8775000000D+00 0.2100000000D-03 0.2309193000D+03 0.8409600000D+00 0.3540000000D-02 0.3239000000D+00 0.8262470000D+00 0.5251600000D+01 0.5202000000D+00 0.5835000000D+01 0.2323000000D+00-0.1030000000D-02 0.6135140000D+02 0.3995400000D+00 0.0000000000D+00 0.8610000000D-01 0.4174477000D+01 0.1382800000D+01 0.0000000000D+00 0.3007400000D+01
3 6620181102201811192458424.5-0.8445000000D+00 0.4200000000D-02 0.2281883000D+03 0.8570600000D+00 0.1845000000D-02 0.2919000000D+00 0.3127866000D+01 0.1456900000D+01 0.2950400000D+01 0.4247800000D+01 0.2079000000D+00-0.1790000000D-02 0.5503210000D+02 0.3819000000D+00 0.0000000000D+00 0.7570000000D-01 0.2117640000D+00 0.3650400000D+01 0.0000000000D+00 0.1249500000D+01
3 6720181119201812062458441.5-0.7890000000D+00-0.6510000000D-02 0.2277428000D+03 0.8667300000D+00 0.2285000000D-02 0.3007000000D+00 0.5426759000D+01 0.3891700000D+01 0.5267400000D+01 0.2594100000D+01 0.1660000000D+00-0.1300000000D-03 0.4885700000D+02 0.3588400000D+00 0.0000000000D+00 0.5290000000D-01 0.2536305000D+01 0.5895200000D+01 0.0000000000D+00 0.5994000000D+01
3 6820181206201812232458458.5-0.9276000000D+00 0.4010000000D-02 0.2294322000D+03 0.8714600000D+00 0.3036000000D-02 0.3000000000D+00 0.1441764000D+01 0.4000000000D-01 0.1269700000D+01 0.1096300000D+01 0.1914000000D+00-0.1850000000D-02 0.4288800000D+02 0.3365000000D+00 0.0000000000D+00 0.6150000000D-01 0.4868678000D+01 0.1829400000D+01 0.0000000000D+00 0.4545100000D+01
3 6920181223201901092458475.5-0.8292000000D+00 0.4460000000D-02 0.2331953000D+03 0.9008300000D+00 0.2096000000D-02 0.2668000000D+00 0.3741588000D+01 0.2501400000D+01 0.3910100000D+01 0.5775000000D+01 0.1448000000D+00-0.1410000000D-02 0.3719530000D+02 0.3158000000D+00 0.0000000000D+00 0.3330000000D-01 0.9322860000D+00 0.4044400000D+01 0.0000000000D+00 0.2688300000D+01
4 7020171231201801182458118.5-0.2543600000D+01-0.9130000000D-01 0.4148379000D+03 0.1694830000D+01 0.0000000000D+00 0.1897800000D+01 0.2942195000D+01 0.2127200000D+01 0.0000000000D+00 0.3272500000D+01 0.5905000000D+00 0.3254000000D-01 0.1302017000D+03 0.2907300000D+00 0.0000000000D+00 0.5862000000D+00 0.6261300000D+01 0.4532100000D+01 0.0000000000D+00 0.3338000000D+00
4 7120180118201802052458136.5-0.4026400000D+01 0.2760000000D-01 0.4348696000D+03 0.1679920000D+01 0.0000000000D+00 0.2028900000D+01 0.3386223000D+01 0.2819800000D+01 0.0000000000D+00 0.4184400000D+01 0.9037000000D+00 0.6580000000D-02 0.1290793000D+03 0.2108200000D+00 0.0000000000D+00 0.5936000000D+00 0.4358250000D+00 0.5534400000D+01 0.0000000000D+00 0.1245000000D+01
4 7220180205201802232458154.5-0.5051300000D+01 0.1205900000D+00 0.4587442000D+03 0.1719220000D+01 0.0000000000D+00 0.2144900000D+01 0.3843568000D+01 0.3538800000D+01 0.0000000000D+00 0.5113600000D+01 0.1118100000D+01-0.1282000000D-01 0.1301109000D+03 0.2588900000D+00 0.0000000000D+00 0.6014000000D+00 0.9054820000D+00 0.4732000000D+00 0.0000000000D+00 0.2165400000D+01
4 7320180223201803132458172.5-0.4933800000D+01 0.9859000000D-01 0.4865157000D+03 0.1653220000D+01 0.0000000000D+00 0.2364300000D+01 0.4316053000D+01 0.4256500000D+01 0.0000000000D+00 0.6088900000D+01 0.1175000000D+01-0.1533000000D-01 0.1339898000D+03 0.3907300000D+00 0.0000000000D+00 0.6355000000D+00 0.1387121000D+01 0.1326400000D+01 0.0000000000D+00 0.3130300000D+01
4 7420180313201803312458190.5-0.4558900000D+01 0.6947000000D-01 0.5148488000D+03 0.1527820000D+01 0.0000000000D+00 0.2542800000D+01 0.4804657000D+01 0.5080900000D+01 0.0000000000D+00 0.7934000000D+00 0.1289900000D+01-0.3058000000D-01 0.1407696000D+03 0.5454800000D+00 0.0000000000D+00 0.6733000000D+00 0.1880884000D+01 0.2012400000D+01 0.0000000000D+00 0.4132500000D+01
4 7520180331201804182458208.5-0.3613600000D+01-0.2567000000D-01 0.5404156000D+03 0.1386640000D+01 0.0000000000D+00 0.2722000000D+01 0.5310217000D+01 0.6042900000D+01 0.0000000000D+00 0.1790600000D+01 0.1149400000D+01-0.2059000000D-01 0.1503647000D+03 0.6308200000D+00 0.0000000000D+00 0.7510000000D+00 0.2385503000D+01 0.2663300000D+01 0.0000000000D+00 0.5136100000D+01
4 7620180418201805062458226.5-0.2772300000D+01-0.1430100000D+00 0.5584053000D+03 0.1370940000D+01 0.0000000000D+00 0.2817200000D+01 0.5830782000D+01 0.8216000000D+00 0.0000000000D+00 0.2826400000D+01 0.7640000000D+00 0.2682000000D-01 0.1611905000D+03 0.6116200000D+00 0.0000000000D+00 0.8212000000D+00 0.2898462000D+01 0.3380200000D+01 0.0000000000D+00 0.6157600000D+01
4 7720180506201805242458244.5-0.2369800000D+01-0.2220000000D+00 0.5650518000D+03 0.1461950000D+01 0.0000000000D+00 0.2807600000D+01 0.7824100000D-01 0.1839000000D+01 0.0000000000D+00 0.3894600000D+01 0.4604000000D+00 0.7651000000D-01 0.1707403000D+03 0.4980200000D+00 0.0000000000D+00 0.8659000000D+00 0.3418171000D+01 0.4198900000D+01 0.0000000000D+00 0.9247000000D+00
4 7820180524201806112458262.5-0.3769300000D+01-0.7044000000D-01 0.5604167000D+03 0.1425190000D+01 0.0000000000D+00 0.2803000000D+01 0.6127300000D+00 0.2876000000D+01 0.0000000000D+00 0.4918300000D+01 0.9045000000D+00 0.3869000000D-01 0.1770628000D+03 0.2840100000D+00 0.0000000000D+00 0.8988000000D+00 0.3941090000D+01 0.5315400000D+01 0.0000000000D+00 0.1926300000D+01
4 7920180611201806292458280.5-0.5544400000D+01 0.1688400000D+00 0.5457995000D+03 0.1564650000D+01 0.0000000000D+00 0.2588300000D+01 0.1138646000D+01 0.3891700000D+01 0.0000000000D+00 0.5947600000D+01 0.1673200000D+01-0.5180000000D-01 0.1784684000D+03 0.3252800000D+00 0.0000000000D+00 0.8399000000D+00 0.4456287000D+01 0.8288000000D+00 0.0000000000D+00 0.2952000000D+01
4 8020180629201807172458298.5-0.5502700000D+01 0.2413700000D+00 0.5227985000D+03 0.1654530000D+01 0.0000000000D+00 0.2405800000D+01 0.1650409000D+01 0.4718700000D+01 0.0000000000D+00 0.6988000000D+00 0.1820200000D+01-0.9155000000D-01 0.1741821000D+03 0.5267600000D+00 0.0000000000D+00 0.7856000000D+00 0.4959929000D+01 0.1764500000D+01 0.0000000000D+00 0.3996400000D+01
4 8120180717201808042458316.5-0.3622300000D+01 0.7646000000D-01 0.4960480000D+03 0.1541890000D+01 0.0000000000D+00 0.2287000000D+01 0.2148224000D+01 0.5534100000D+01 0.0000000000D+00 0.1654700000D+01 0.1265900000D+01-0.4711000000D-01 0.1656323000D+03 0.6337200000D+00 0.0000000000D+00 0.7436000000D+00 0.5452743000D+01 0.2483800000D+01 0.0000000000D+00 0.4966300000D+01
4 8220180804201808222458334.5-0.2247800000D+01-0.7385000000D-01 0.4709350000D+03 0.1532720000D+01 0.0000000000D+00 0.2063600000D+01 0.2629688000D+01 0.6020000000D-01 0.0000000000D+00 0.2618800000D+01 0.8056000000D+00-0.4200000000D-03 0.1549562000D+03 0.7100700000D+00 0.0000000000D+00 0.6625000000D+00 0.5932339000D+01 0.3119300000D+01 0.0000000000D+00 0.5947200000D+01
4 8320180822201809092458352.5-0.2127100000D+01-0.1027400000D+00 0.4487614000D+03 0.1544400000D+01 0.0000000000D+00 0.1928600000D+01 0.3093771000D+01 0.7574000000D+00 0.0000000000D+00 0.3574200000D+01 0.7367000000D+00 0.7630000000D-02 0.1430853000D+03 0.7433500000D+00 0.0000000000D+00 0.6036000000D+00 0.1147740000D+00 0.3651600000D+01 0.0000000000D+00 0.6251000000D+00
4 8420180909201809272458370.5-0.2694300000D+01-0.6250000000D-01 0.4302484000D+03 0.1514120000D+01 0.0000000000D+00 0.1858600000D+01 0.3544151000D+01 0.1396500000D+01 0.0000000000D+00 0.4497000000D+01 0.8528000000D+00-0.4210000000D-02 0.1307569000D+03 0.7378600000D+00 0.0000000000D+00 0.5536000000D+00 0.5702530000D+00 0.4127300000D+01 0.0000000000D+00 0.1557400000D+01
4 8520180927201810152458388.5-0.3158000000D+01-0.2851000000D-01 0.4161745000D+03 0.1502960000D+01 0.0000000000D+00 0.1756400000D+01 0.3985008000D+01 0.2022100000D+01 0.0000000000D+00 0.5427200000D+01 0.9798000000D+00-0.2089000000D-01 0.1184555000D+03 0.7100400000D+00 0.0000000000D+00 0.4887000000D+00 0.1019668000D+01 0.4577100000D+01 0.0000000000D+00 0.2498900000D+01
4 8620181015201811022458406.5-0.3325100000D+01-0.1820000000D-01 0.4066791000D+03 0.1506800000D+01 0.0000000000D+00 0.1702600000D+01 0.4418371000D+01 0.2623100000D+01 0.0000000000D+00 0.5360000000D-01 0.1006500000D+01-0.3232000000D-01 0.1064276000D+03 0.6738400000D+00 0.0000000000D+00 0.4333000000D+00 0.1466021000D+01 0.5001300000D+01 0.0000000000D+00 0.3425700000D+01
4 8720181102201811202458424.5-0.3637300000D+01-0.3020000000D-02 0.4014824000D+03 0.1532300000D+01 0.0000000000D+00 0.1676200000D+01 0.4846963000D+01 0.3215100000D+01 0.0000000000D+00 0.9711000000D+00 0.9938000000D+00-0.3939000000D-01 0.9474180000D+02 0.6370100000D+00 0.0000000000D+00 0.3857000000D+00 0.1912792000D+01 0.5404900000D+01 0.0000000000D+00 0.4367300000D+01
4 8820181120201812082458442.5-0.3904400000D+01 0.1211000000D-01 0.4006629000D+03 0.1566920000D+01 0.0000000000D+00 0.1646600000D+01 0.5272644000D+01 0.3791700000D+01 0.0000000000D+00 0.1889700000D+01 0.8201000000D+00-0.3073000000D-01 0.8344780000D+02 0.6050100000D+00 0.0000000000D+00 0.3305000000D+00 0.2362013000D+01 0.5765000000D+01 0.0000000000D+00 0.5289500000D+01
4 8920181208201812262458460.5-0.4041600000D+01 0.8240000000D-02 0.4041897000D+03 0.1603320000D+01 0.0000000000D+00 0.1661200000D+01 0.5697529000D+01 0.4355900000D+01 0.0000000000D+00 0.2786600000D+01 0.5551000000D+00-0.1081000000D-01 0.7246100000D+02 0.5703200000D+00 0.0000000000D+00 0.2718000000D+00 0.2818824000D+01 0.6092100000D+01 0.0000000000D+00 0.6223400000D+01
4 9020181226201901132458478.5-0.4286900000D+01 0.1351000000D-01 0.4118188000D+03 0.1639520000D+01 0.0000000000D+00 0.1688800000D+01 0.6123834000D+01 0.4934300000D+01 0.0000000000D+00 0.3701800000D+01 0.3353000000D+00 0.6090000000D-02 0.6185420000D+02 0.5254000000D+00 0.0000000000D+00 0.2241000000D+00 0.3291141000D+01 0.1258000000D+00 0.0000000000D+00 0.9736000000D+00
