 7 5    2   18   22   26   31  4.4880  2.4930  1.5162  0.7217  0.4667 24.0 110.0 100.0 75.0 75.0   35 2458483.5000 2019                                                                                                                                                                                                                                                          
1  220181231201901242458483.4-0.7500000000D-02 0.2400000000D-03 0.5579400000D+01 0.2633300000D+00 0.5036000000D-02 0.3000000000D-02 0.5936376000D+01 0.4296400000D+01 0.2234300000D+01 0.4248100000D+01 0.1870000000D-01-0.1300000000D-03 0.9120500000D+01 0.4316100000D+00 0.8281000000D-02 0.5700000000D-02 0.4185239000D+01 0.2548200000D+01 0.4788000000D+00 0.1900600000D+01
1  320190124201902172458507.4-0.7300000000D-02 0.2200000000D-03 0.5477800000D+01 0.2604100000D+00 0.4997000000D-02 0.3100000000D-02 0.5792891000D+01 0.4161400000D+01 0.2104000000D+01 0.3882500000D+01 0.1860000000D-01-0.1400000000D-03 0.8936300000D+01 0.4215600000D+00 0.8059000000D-02 0.6000000000D-02 0.4044764000D+01 0.2408500000D+01 0.3421000000D+00 0.1689600000D+01
1  420190217201903132458531.4-0.7200000000D-02 0.2100000000D-03 0.5435200000D+01 0.2597200000D+00 0.5003000000D-02 0.2600000000D-02 0.5644696000D+01 0.4024400000D+01 0.1972000000D+01 0.3493200000D+01 0.1850000000D-01-0.1700000000D-03 0.8769700000D+01 0.4118300000D+00 0.7853000000D-02 0.6200000000D-02 0.3906157000D+01 0.2274400000D+01 0.2147000000D+00 0.1492900000D+01
1  520190313201904062458555.4-0.7100000000D-02 0.1900000000D-03 0.5456500000D+01 0.2614600000D+00 0.5050000000D-02 0.2400000000D-02 0.5494867000D+01 0.3885600000D+01 0.1837800000D+01 0.3116400000D+01 0.1880000000D-01-0.2000000000D-03 0.8645100000D+01 0.4040900000D+00 0.7689000000D-02 0.5900000000D-02 0.3770686000D+01 0.2145700000D+01 0.9350000000D-01 0.1313000000D+01
1  620190406201904302458579.4-0.7000000000D-02 0.1800000000D-03 0.5536800000D+01 0.2651500000D+00 0.5131000000D-02 0.2600000000D-02 0.5345985000D+01 0.3747000000D+01 0.1704000000D+01 0.2638300000D+01 0.1900000000D-01-0.2400000000D-03 0.8577100000D+01 0.3991100000D+00 0.7589000000D-02 0.5800000000D-02 0.3639089000D+01 0.2022300000D+01 0.6262100000D+01 0.1135500000D+01
1  720190430201905242458603.4-0.7000000000D-02 0.1600000000D-03 0.5666600000D+01 0.2707700000D+00 0.5243000000D-02 0.2800000000D-02 0.5200717000D+01 0.3609700000D+01 0.1569700000D+01 0.2105900000D+01 0.1980000000D-01-0.3200000000D-03 0.8573100000D+01 0.3974600000D+00 0.7557000000D-02 0.5700000000D-02 0.3511250000D+01 0.1902600000D+01 0.6150100000D+01 0.9186000000D+00
1  820190524201906172458627.4-0.6900000000D-02 0.1300000000D-03 0.5832700000D+01 0.2774300000D+00 0.5373000000D-02 0.3400000000D-02 0.5060143000D+01 0.3474700000D+01 0.1437700000D+01 0.1794100000D+01 0.2060000000D-01-0.3900000000D-03 0.8631200000D+01 0.3991200000D+00 0.7594000000D-02 0.4900000000D-02 0.3387012000D+01 0.1785900000D+01 0.6039800000D+01 0.7249000000D+00
1  920190617201907112458651.4-0.6800000000D-02 0.1100000000D-03 0.6019800000D+01 0.2848800000D+00 0.5514000000D-02 0.4200000000D-02 0.4925293000D+01 0.3342100000D+01 0.1305700000D+01 0.1502200000D+01 0.2160000000D-01-0.4700000000D-03 0.8746300000D+01 0.4039300000D+00 0.7698000000D-02 0.5200000000D-02 0.3265565000D+01 0.1670300000D+01 0.5928400000D+01 0.5395000000D+00
1 1020190711201908042458675.4-0.6700000000D-02 0.6000000000D-04 0.6208400000D+01 0.2921600000D+00 0.5654000000D-02 0.5100000000D-02 0.4795651000D+01 0.3211300000D+01 0.1174100000D+01 0.1271000000D+01 0.2260000000D-01-0.5500000000D-03 0.8906300000D+01 0.4114000000D+00 0.7854000000D-02 0.4400000000D-02 0.3145935000D+01 0.1553800000D+01 0.5813100000D+01 0.1969000000D+00
1 1120190804201908282458699.4-0.6300000000D-02 0.2000000000D-04 0.6376300000D+01 0.2984700000D+00 0.5768000000D-02 0.5400000000D-02 0.4670657000D+01 0.3080600000D+01 0.1040400000D+01 0.1145400000D+01 0.2310000000D-01-0.5900000000D-03 0.9091100000D+01 0.4207600000D+00 0.8056000000D-02 0.4100000000D-02 0.3026913000D+01 0.1434900000D+01 0.5691800000D+01 0.5600000000D-02
1 1220190828201909212458723.4-0.6200000000D-02-0.2000000000D-04 0.6497800000D+01 0.3028700000D+00 0.5846000000D-02 0.6200000000D-02 0.4548859000D+01 0.2949600000D+01 0.9044000000D+00 0.9731000000D+00 0.2360000000D-01-0.6300000000D-03 0.9277000000D+01 0.4308300000D+00 0.8265000000D-02 0.4300000000D-02 0.2906876000D+01 0.1310600000D+01 0.5561400000D+01 0.5877500000D+01
1 1320190921201910152458747.4-0.5600000000D-02-0.8000000000D-04 0.6551000000D+01 0.3044100000D+00 0.5861000000D-02 0.5900000000D-02 0.4428290000D+01 0.2816500000D+01 0.7661000000D+00 0.8482000000D+00 0.2310000000D-01-0.6100000000D-03 0.9428400000D+01 0.4400600000D+00 0.8461000000D-02 0.4000000000D-02 0.2784237000D+01 0.1180300000D+01 0.5421500000D+01 0.5386600000D+01
1 1420191015201911082458771.4-0.5300000000D-02-0.1200000000D-03 0.6523200000D+01 0.3029100000D+00 0.5815000000D-02 0.5700000000D-02 0.4306989000D+01 0.2682200000D+01 0.6269000000D+00 0.6928000000D+00 0.2230000000D-01-0.5600000000D-03 0.9516800000D+01 0.4466200000D+00 0.8590000000D-02 0.4500000000D-02 0.2657635000D+01 0.1042700000D+01 0.5272900000D+01 0.5130700000D+01
1 1520191108201912022458795.4-0.4900000000D-02-0.1700000000D-03 0.6422400000D+01 0.2986400000D+00 0.5717000000D-02 0.5300000000D-02 0.4182460000D+01 0.2547400000D+01 0.4901000000D+00 0.5261000000D+00 0.2080000000D-01-0.4800000000D-03 0.9518200000D+01 0.4489500000D+00 0.8632000000D-02 0.5500000000D-02 0.2526195000D+01 0.9002000000D+00 0.5119500000D+01 0.4663500000D+01
1 1620191202201912262458819.4-0.4500000000D-02-0.2100000000D-03 0.6275000000D+01 0.2929300000D+00 0.5597000000D-02 0.4400000000D-02 0.4052955000D+01 0.2412800000D+01 0.3555000000D+00 0.2805000000D+00 0.1890000000D-01-0.3700000000D-03 0.9432500000D+01 0.4466000000D+00 0.8570000000D-02 0.5900000000D-02 0.2390452000D+01 0.7550000000D+00 0.4966100000D+01 0.4408300000D+01
1 1720191226202001192458843.4-0.4200000000D-02-0.2500000000D-03 0.6120400000D+01 0.2871800000D+00 0.5490000000D-02 0.3800000000D-02 0.3917450000D+01 0.2278700000D+01 0.2248000000D+00 0.4030000000D-01 0.1700000000D-01-0.2700000000D-03 0.9279100000D+01 0.4398700000D+00 0.8425000000D-02 0.6800000000D-02 0.2251444000D+01 0.6109000000D+00 0.4818300000D+01 0.4186000000D+01
2 1820181231201904202458483.4 0.9700000000D-02 0.0000000000D+00 0.8957600000D+01 0.9500000000D-02 0.7800000000D-04 0.3800000000D-02-0.1397334000D+01-0.4195100000D+01-0.1601500000D+01-0.9738000000D+00-0.4600000000D-02 0.5000000000D-04 0.1336760000D+02 0.1464000000D-01 0.6100000000D-04 0.6200000000D-02-0.3135836000D+01-0.5983200000D+01-0.2757500000D+01-0.3283300000D+01
2 1920190420201908082458593.4 0.9800000000D-02-0.3000000000D-04 0.8891400000D+01 0.1114000000D-01 0.3100000000D-04 0.2800000000D-02-0.3687454000D+01-0.4194000000D+01-0.2430300000D+01-0.1705000000D+00-0.2900000000D-02 0.1000000000D-04 0.1251360000D+02 0.1850000000D-02 0.5600000000D-04 0.6000000000D-02-0.5381405000D+01-0.4787300000D+01-0.5180400000D+01-0.1485400000D+01
2 2020190808201911262458703.4 0.9500000000D-02-0.2000000000D-04 0.1005550000D+02 0.1033000000D-01 0.9700000000D-04 0.2600000000D-02-0.5941837000D+01-0.5609500000D+01-0.2767400000D+01-0.3573400000D+01-0.5000000000D-03 0.2000000000D-04 0.1330810000D+02 0.1492000000D-01 0.9500000000D-04 0.6000000000D-02-0.1310422000D+01-0.1084800000D+01-0.4143400000D+01-0.5291800000D+01
2 2120191126202003152458813.4 0.6900000000D-02-0.1000000000D-04 0.9993600000D+01 0.1292000000D-01 0.6700000000D-04 0.4800000000D-02-0.1857016000D+01-0.5052600000D+01-0.2385300000D+01-0.2097200000D+01-0.6200000000D-02 0.1000000000D-03 0.1382590000D+02 0.1183000000D-01 0.1400000000D-04 0.5700000000D-02-0.3538014000D+01-0.6282800000D+01-0.2381800000D+01-0.3838100000D+01
3 2220181231201904102458483.4-0.2900000000D-01-0.3000000000D-04 0.1244980000D+02 0.1277000000D-01 0.1110000000D-03 0.2280000000D-01 0.1556828000D+01 0.4927000000D+01 0.1277400000D+01-0.5865100000D+01-0.9340000000D-01 0.1900000000D-03 0.1861350000D+02 0.1941000000D-01 0.7700000000D-04 0.3160000000D-01 0.6099005000D+01 0.3154600000D+01 0.9790000000D-01-0.1261700000D+01
3 2320190410201907192458583.4-0.3530000000D-01-0.4000000000D-04 0.1227560000D+02 0.1344000000D-01 0.4500000000D-04 0.2450000000D-01 0.2332916000D+01 0.1705900000D+01 0.2990700000D+01-0.4406600000D+01-0.8150000000D-01 0.0000000000D+00 0.1745810000D+02 0.1560000000D-02 0.9200000000D-04 0.3200000000D-01 0.6300700000D+00 0.2942700000D+01 0.6987000000D+00-0.6008700000D+01
3 2420190719201910272458683.4-0.4880000000D-01 0.1600000000D-03 0.1368330000D+02 0.1821000000D-01 0.1330000000D-03 0.2940000000D-01 0.3118786000D+01 0.3130900000D+01 0.6050800000D+01-0.2766800000D+01-0.8100000000D-01-0.1900000000D-03 0.1822440000D+02 0.2001000000D-01 0.8300000000D-04 0.3130000000D-01 0.1462964000D+01 0.1593900000D+01 0.4844100000D+01-0.4385800000D+01
3 2520191027202002042458783.4-0.3150000000D-01-0.4000000000D-04 0.1424770000D+02 0.1503000000D-01 0.5500000000D-04 0.3050000000D-01 0.3961791000D+01 0.4710000000D+00 0.2674700000D+01-0.1033800000D+01-0.8230000000D-01-0.3000000000D-04 0.1938570000D+02 0.5460000000D-02 0.8000000000D-04 0.4140000000D-01 0.2290426000D+01 0.6163700000D+01 0.5403100000D+01-0.2586100000D+01
4 2620181231201903162458483.4 0.2860000000D-01-0.6600000000D-03 0.2047580000D+02 0.2029000000D-01 0.1840000000D-03 0.1730000000D-01 0.3767330000D+00 0.3576600000D+01 0.3750000000D-01 0.5379000000D+00 0.6710000000D-01-0.1000000000D-03 0.3051980000D+02 0.2985000000D-01 0.1070000000D-03 0.1810000000D-01 0.4921231000D+01 0.1861700000D+01 0.5311300000D+01 0.5365000000D+01
4 2720190316201905302458558.4-0.2780000000D-01 0.8100000000D-03 0.1993010000D+02 0.1292000000D-01 0.1250000000D-03 0.2850000000D-01 0.4217463000D+01 0.3304200000D+01 0.4254100000D+01 0.2186500000D+01 0.9860000000D-01-0.3000000000D-04 0.2886250000D+02 0.1351000000D-01 0.1870000000D-03 0.2810000000D-01 0.2501454000D+01 0.5395600000D+01 0.2519100000D+01 0.2755000000D+00
4 2820190530201908132458633.4 0.3150000000D-01-0.7300000000D-03 0.2120850000D+02 0.2954000000D-01 0.7400000000D-04 0.1620000000D-01 0.1761645000D+01 0.1490600000D+01 0.3927600000D+01 0.3834600000D+01 0.5190000000D-01 0.2700000000D-03 0.2891580000D+02 0.1646000000D-01 0.8800000000D-04 0.2260000000D-01 0.8932800000D-01 0.3090000000D+00 0.3590000000D-01 0.1622700000D+01
4 2920190813201910272458708.4-0.2150000000D-01 0.7800000000D-03 0.2308600000D+02 0.2132000000D-01 0.2380000000D-03 0.2150000000D-01 0.5612588000D+01 0.5788200000D+01 0.2310200000D+01 0.5023400000D+01 0.1095000000D+00-0.1800000000D-03 0.3057410000D+02 0.2939000000D-01 0.1780000000D-03 0.3630000000D-01 0.3958980000D+01 0.4099000000D+01 0.1051600000D+01 0.3338800000D+01
4 3020191027202001102458783.4 0.3300000000D-01-0.9200000000D-03 0.2337290000D+02 0.2099000000D-01 0.7600000000D-04 0.1910000000D-01 0.3211700000D+01 0.5877800000D+01 0.1099000000D+01 0.6148100000D+01 0.5300000000D-01 0.3500000000D-03 0.3178520000D+02 0.4420000000D-02 0.1750000000D-03 0.1960000000D-01 0.1540597000D+01 0.5072500000D+01 0.4724000000D+01 0.4597800000D+01
5 3120181231201903162458483.4 0.8400000000D-02 0.1130000000D-02 0.2730930000D+02 0.2701000000D-01 0.2480000000D-03 0.1780000000D-01 0.3999662000D+01 0.8913000000D+00 0.3636200000D+01 0.2315400000D+01 0.5460000000D-01 0.0000000000D+00 0.4083640000D+02 0.4033000000D-01 0.1470000000D-03 0.2790000000D-01 0.2262589000D+01 0.5469500000D+01 0.2609400000D+01 0.1048000000D+01
5 3220190316201905302458558.4 0.1006000000D+00-0.1130000000D-02 0.2658650000D+02 0.1826000000D-01 0.1650000000D-03 0.1940000000D-01 0.1282258000D+01 0.3480000000D+00 0.1333000000D+01 0.3727200000D+01-0.9900000000D-02 0.1000000000D-03 0.3861950000D+02 0.1858000000D-01 0.2590000000D-03 0.2020000000D-01 0.5850659000D+01 0.2533100000D+01 0.5879700000D+01 0.2439100000D+01
5 3320190530201908132458633.4 0.1510000000D-01 0.1320000000D-02 0.2830430000D+02 0.3965000000D-01 0.9100000000D-04 0.2770000000D-01 0.4831762000D+01 0.4545200000D+01 0.7715000000D+00 0.4493400000D+01 0.6350000000D-01-0.1900000000D-03 0.3868110000D+02 0.2143000000D-01 0.1270000000D-03 0.2840000000D-01 0.3160903000D+01 0.3356300000D+01 0.3011800000D+01 0.2505000000D+01
5 3420190813201910272458708.4 0.1092000000D+00-0.1280000000D-02 0.3080920000D+02 0.2844000000D-01 0.3240000000D-03 0.1730000000D-01 0.2120992000D+01 0.2211000000D+01 0.5064200000D+01 0.5962600000D+01-0.2050000000D-01 0.4600000000D-03 0.4091100000D+02 0.3837000000D-01 0.2280000000D-03 0.2530000000D-01 0.4686940000D+00 0.5331000000D+00 0.3786900000D+01 0.3742800000D+01
5 3520191027202001102458783.4 0.2070000000D-01 0.1340000000D-02 0.3120340000D+02 0.2853000000D-01 0.1040000000D-03 0.1960000000D-01 0.5724340000D+01 0.2116500000D+01 0.3683800000D+01 0.6116500000D+01 0.8810000000D-01-0.7700000000D-03 0.4252640000D+02 0.6120000000D-02 0.2290000000D-03 0.4060000000D-01 0.4054070000D+01 0.1142500000D+01 0.9979000000D+00 0.4565100000D+01
