    CJ95O010  1997 03 30.6019  0.915825  0.994929  130.6393  282.0758   89.5639  20130309  -2.0  4.0  C/1995 O1 (Hale-Bopp)                                    MPC 75007
    PJ96R020  2011 10 15.3767  2.607140  0.310902  333.5659   40.1340    2.5996  20130309  11.5  4.0  P/1996 R2 (Lagerkvist)                                   NK   1615
    PJ97T030  2015 05  7.5974  4.227000  0.364654  333.9195   63.1540    4.8470  20130309  13.0  2.0  P/1997 T3 (Lagerkvist-Carsenty)                          MPC 35205
    PJ98U030  2014 03 14.6396  2.155451  0.648221  180.7872  303.4410   19.0530  20130309   6.5  4.0  P/1998 U3 (Jager)                                        MPC 75703
    PJ98V24S  2008 05 29.4541  3.429061  0.242822  245.0526  159.1230    5.0230  20130309  13.0  2.0  P/1998 VS24 (LINEAR)                                     MPC 75703
    PJ98Y020  2014 02  3.8957  2.522693  0.587894  319.0272   91.8639   24.3571  20130309   9.5  4.0  P/1998 Y2 (Li)                                           MPC 34421
    PJ99D010  2012 12 18.4069  1.643825  0.713819  173.9595  348.7875   21.3480  20130309  15.0  4.0  P/1999 D1 (Hermann)                                      NK   1780
    PJ99XC0N  2017 06 10.3441  3.297646  0.212445  161.7516  285.3358    5.0285  20130309  13.5  2.0  P/1999 XN120 (Catalina)                                  MPC 75704
    PK00Q46J  2014 12 20.3285  1.888702  0.674758  222.1196  158.1148    4.4252  20130309  14.0  2.0  P/2000 QJ46 (LINEAR)                                     MPC 55521
    PK00R020  2013 02  2.4467  1.457841  0.564657  172.3903  163.0399   10.9950  20130309  18.0  4.0  P/2000 R2 (LINEAR)                                       NK    744
    CK02V94Q  2006 02  7.4028  6.783231  0.964708   99.9633   34.9856   70.6004  20130309   9.5  2.0  C/2002 VQ94 (LINEAR)                                     MPC 75007
    PK03S010  2013 12 16.0707  2.591139  0.430542  176.0550  241.0419    5.9569  20130309  11.5  4.0  P/2003 S1 (NEAT)                                         MPC 82312
    PK03U020  2013 06 29.0174  1.690772  0.623629  177.4616  186.3895   24.6012  20130309  15.0  4.0  P/2003 U2 (LINEAR)                                       MPC 69904
    PK04A010  2004 09  4.9567  5.456656  0.311981   21.4447  124.9445   10.5688  20130309   6.5  4.0  P/2004 A1 (LONEOS)                                       MPC 82312
    PK04FE0Y  2015 07 14.5545  4.072886  0.171201  240.4965  326.8382    2.1324  20130309  12.5  2.0  P/2004 FY140 (LINEAR)                                    MPC 54823
    PK05L010  2013 11 24.8382  3.159211  0.207552  149.8101  138.2715    7.7306  20130309   9.5  4.0  P/2005 L1 (McNaught)                                     MPC 74246
    CK05L030  2008 01 15.8859  5.583930  1.000147   47.1164  288.8418  139.4006  20130309   4.0  4.0  C/2005 L3 (McNaught)                                     MPC 82716
    PK05R25V  2015 10 26.0813  3.585522  0.168508  191.3611  246.8798    9.8975  20130309   9.5  4.0  P/2005 RV25 (LONEOS-Christensen)                         MPC 55978
    PK05SL6B  2007 02 13.8194  3.796408  0.465350   83.3480    1.5932   24.0853  20130309  12.0  2.0  P/2005 SB216 (LONEOS)                                    MPC 75706
    PK05T020  2012 10  7.1176  2.209256  0.421814   58.6607  260.4537    8.3375  20130309  14.5  4.0  P/2005 T2 (Christensen)                                  MPC 55717
    PK06F010  2018 03 19.9157  4.121967  0.117840  186.1924  124.7563   21.2780  20130309   8.0  4.0  P/2006 F1 (Kowalski)                                     MPC 75707
    PK06F040  2012 12 14.0708  2.342076  0.336721   31.0350  184.0622   12.3806  20130309  15.0  4.0  P/2006 F4 (Spacewatch)                                   MPC 56954
    PK06R020  2014 12 29.5813  3.052627  0.269533  189.1820  139.0762   16.2987  20130309  11.0  4.0  P/2006 R2 (Christensen)                                  MPC 59042
    PK06S010  2013 03 16.9746  1.359602  0.610982  128.2987  213.4784   11.8889  20130309  17.5  4.0  P/2006 S1 (Christensen)                                  MPC 69905
    CK06S030  2012 04 16.1135  5.130604  1.003754  140.1028   38.3715  166.0317  20130309   2.0  4.0  C/2006 S3 (LONEOS)                                       MPEC 2013-E06
    CK06W030  2009 07  6.9918  3.125289  1.000418  133.5745  113.6568  127.0897  20130309   5.0  4.0  C/2006 W3 (Christensen)                                  MPC 82313
    PK07H010  2014 09  2.6946  2.288695  0.377127  202.8733  144.3081   11.8619  20130309  10.0  4.0  P/2007 H1 (McNaught)                                     MPC 62270
    CK07Q030  2009 10  7.2357  2.248629  0.999609    2.0431  149.3285   65.6908  20130309   4.5  4.0  C/2007 Q3 (Siding Spring)                                MPC 78183
    PK07R010  2007 08 25.0168  4.373471  0.277064  175.7045  181.6549    7.8711  20130309   8.0  4.0  P/2007 R1 (Larson)                                       MPC 75514
    PK07T020  2013 02 25.6278  0.694705  0.775113  358.6499    3.9429    9.8927  20130309  18.5  4.0  P/2007 T2 (Kowalski)                                     MPC 61994
    PK08C94L  2006 06 21.6877  5.403657  0.121304   80.8443   33.4356    8.3539  20130309   8.0  4.0  P/2008 CL94 (Lemmon)                                     MPC 75708
    CK08F75K  2010 09 29.3349  4.515009  1.001200   80.4991  218.2692   61.1774  20130309   5.0  4.0  C/2008 FK75 (Lemmon-Siding Spring)                       MPC 82717
    PK08J020  2014 08 29.7996  2.349022  0.318653  131.9582   97.7048   10.3241  20130309   9.0  4.0  P/2008 J2 (Beshore)                                      MPC 75709
    PK08O020  2009 04 20.4351  3.810571  0.151297   27.5411  325.8646    9.5157  20130309   9.0  4.0  P/2008 O2 (McNaught)                                     MPC 75709
    CK08S030  2011 06  9.6239  8.019972  1.001698   40.1050   54.9506  162.7061  20130309   4.0  4.0  C/2008 S3 (Boattini)                                     MPC 82314
    CK09F020  2009 11 12.9905  5.868094  0.982188  336.2136  214.0459   59.3717  20130309   6.0  4.0  C/2009 F2 (McNaught)                                     MPC 80256
    CK09F040  2011 12 31.9499  5.455319  1.000404  260.3983   53.5823   79.3485  20130309   3.0  4.0  C/2009 F4 (McNaught)                                     MPEC 2013-E06
    CK09P010  2011 12 23.6221  1.550682  1.000801   90.7418  325.9982  106.1705  20130309   4.0  4.0  C/2009 P1 (Garradd)                                      MPEC 2013-E06
    CK09P020  2010 02 13.5679  6.547565  1.002758   76.3561   60.4643  163.4595  20130309   6.0  4.0  C/2009 P2 (Boattini)                                     MPC 76024
    CK09S030  2011 12 12.3271  6.476291  1.001435  129.8558  225.1332   60.3831  20130309   6.5  4.0  C/2009 S3 (Lemmon)                                       MPC 82717
    PK10A020  2013 05 22.9721  2.003978  0.125305  132.9200  320.2441    5.2559  20130309  15.5  4.0  P/2010 A2 (LINEAR)                                       MPC 75711
    CK10B010  2011 02  7.2541  2.943546  0.999197  211.5840  277.1978  101.9837  20130309   7.5  4.0  C/2010 B1 (Cardinal)                                     MPC 80896
    CK10G020  2011 09  1.8779  1.980140  0.978872  137.3806  246.7879  103.7619  20130309   8.0  4.0  C/2010 G2 (Hill)                                         MPC 82717
    PK10H020  2010 03  7.3134  3.103368  0.192691  129.6849   64.3100   14.2573  20130309   6.0  4.0  P/2010 H2 (Vales)                                        MPC 72851
    PK10H050  2010 04  8.6505  6.020342  0.155640  174.4832   24.8796   14.0854  20130309  13.0  2.0  P/2010 H5 (Scotti)                                       MPC 74637
    PK10J050  2009 10 31.8351  3.746678  0.086774  149.6128   65.6701    7.3565  20130309  10.0  4.0  P/2010 J5 (McNaught)                                     MPC 76025
    PK10J81C  2011 04 26.5213  1.812786  0.777306   12.6198   30.7808   38.6837  20130309   9.0  4.0  P/2010 JC81 (WISE)                                       MPC 82717
    CK10L030  2010 11 10.4327  9.881932  1.002543  121.7549   38.2744  102.6263  20130309   4.5  4.0  C/2010 L3 (Catalina)                                     MPC 82316
    CK10M010  2012 02  7.840   2.29869   1.00000   265.318    82.150    78.373              9.0  4.0  C/2010 M1 (Gibbs)                                        MPC 70817
    CK10R010  2012 05 18.5851  5.621018  1.003330  114.4806  343.6663  156.9277  20130309   6.0  4.0  C/2010 R1 (LINEAR)                                       MPEC 2013-E06
    PK10R020  2010 06 22.7477  2.617847  0.153857   58.8772  270.6523   21.4201  20130309  13.0  4.0  P/2010 R2 (La Sagra)                                     MPC 77404
    CK10S010  2013 05 20.3231  5.899820  1.001654  118.6176   93.4311  125.3356  20130309   3.5  4.0  C/2010 S1 (LINEAR)                                       MPC 82717
    PK10T20O  2009 02  1.7570  5.333943  0.068168  267.5422   43.9524    2.5121  20130309   9.0  4.0  P/2010 TO20 (LINEAR-Grauer)                              MPC 81468
    CK10U030  2019 02 23.9354  8.460281  1.002880   87.9176   43.0322   55.4321  20130309   1.0  4.0  C/2010 U3 (Boattini)                                     MPC 82717
    PK10U55H  2011 05 10.7867  2.769728  0.575797  221.7324  235.2573    8.6628  20130309  11.0  4.0  P/2010 UH55 (Spacewatch)                                 MPC 79021
    PK10V010  2010 10 13.2849  1.574878  0.486709  152.2356    3.7774    9.3822  20130309   8.0  4.0  P/2010 V1 (Ikeya-Murakami)                               MPC 74249
    CK11A030  2011 12 16.0027  2.344685  0.997318  141.1411  124.8939   26.0786  20130309  10.0  4.0  C/2011 A3 (Gibbs)                                        MPC 81857
    PK11C020  2012 01  7.5099  5.388382  0.269922  160.5175   12.2031   10.9040  20130309   9.0  4.0  P/2011 C2 (Gibbs)                                        MPC 82317
    CK11F010  2013 01  8.0127  1.819123  1.000066  192.5516   85.1151   56.6129  20130309   5.0  4.0  C/2011 F1 (LINEAR)                                       MPC 82317
    PK11FE3R  2011 03 10.3123  3.733425  0.453371  349.8589  191.0032   16.0105  20130309  14.0  2.0  P/2011 FR143 (Lemmon)                                    MPC 79866
    CK11J020  2013 12 25.2310  3.443643  1.000386   85.2735  163.9403  122.7955  20130309   6.0  4.0  C/2011 J2 (LINEAR)                                       MPEC 2013-E06
    PK11J15B  2012 01 20.6936  5.018216  0.317613  110.8572  153.7385   19.1471  20130309   9.0  4.0  P/2011 JB15 (Spacewatch-Boattini)                        MPC 82317
    CK11K36P  2016 05 27.7046  4.881274  0.872921  180.6175  173.4599   18.9811  20130309   4.5  4.0  C/2011 KP36 (Spacewatch)                                 MPC 80257
    CK11L040  2013 03 10.1696  0.301542  1.000032  333.6518   65.6658   84.2072  20130309   5.5  4.0  C/2011 L4 (PANSTARRS)                                    MPEC 2013-E06
    PK11N010  2012 05 30.3959  2.856331  0.545970  330.8514   77.6732   35.6905  20130309  11.5  4.0  P/2011 N1 (ASH)                                          MPC 82718
    CK11O010  2012 08 18.4434  3.890651  0.996355  232.3793   89.8185   76.4997  20130309   7.0  4.0  C/2011 O1 (LINEAR)                                       MPC 82718
    PK11P010  2010 07 18.1162  5.018760  0.330449  347.9085    5.0317    5.6565  20130309   9.0  4.0  P/2011 P1 (McNaught)                                     MPC 78186
    CK11Q020  2012 01 19.8151  1.350764  1.000468   34.7839  287.2444   36.9738  20130309  10.0  4.0  C/2011 Q2 (McNaught)                                     MPC 79342
    CK11R010  2012 10 19.6172  2.079529  1.000769  308.8588  221.4091  116.1951  20130309   6.5  4.0  C/2011 R1 (McNaught)                                     MPEC 2013-E06
    PK11R030  2012 03 31.5099  3.556392  0.264520  224.9359  190.4596   19.2194  20130309  11.0  4.0  P/2011 R3 (Novichonok-Gerke)                             MPC 82718
    PK11S010  2014 08 22.8815  6.894968  0.203147  193.2943  218.8971    2.6793  20130309   8.0  4.0  P/2011 S1 (Gibbs)                                        MPC 82718
    PK11U010  2012 06 20.7706  2.356350  0.417789  353.1830  135.0031   15.2423  20130309  14.5  4.0  P/2011 U1 (PANSTARRS)                                    MPC 78186
    PK11U020  2012 04 14.9859  4.834293  0.095214  155.8147  266.5188    9.7717  20130309  10.0  4.0  P/2011 U2 (Bressi)                                       MPC 82318
    CK11UU5F  2012 07 22.1682  2.138274  1.000628  121.9978  297.4362   93.9699  20130309   9.0  4.0  C/2011 UF305 (LINEAR)                                    MPEC 2013-E06
    PK11W010  2012 01 22.6813  3.312595  0.287800  282.5240  161.8716    3.7189  20130309  11.5  4.0  P/2011 W1 (PANSTARRS)                                    MPC 82718
    CK11Y030  2011 08 22.8133  3.498656  0.704223  340.6792   84.8039   26.5196  20130309   8.0  4.0  C/2011 Y3 (Boattini)                                     MPC 79342
    CK12A010  2013 11 29.9266  7.603906  1.001527  191.7800  277.9717  120.9019  20130309   6.0  4.0  C/2012 A1 (PANSTARRS)                                    MPC 82718
    CK12A020  2012 11  5.1386  3.537540  0.996450  101.6831  191.4100  125.8663  20130309   8.5  4.0  C/2012 A2 (LINEAR)                                       MPEC 2013-E06
    PK12B010  2013 07 23.1140  3.825230  0.410552  162.1774   36.1950    7.6277  20130309   9.0  4.0  P/2012 B1 (PANSTARRS)                                    MPEC 2013-E06
    CK12B030  2011 12  6.7552  3.536807  1.000571   50.7312  253.0011  106.9330  20130309  10.0  4.0  C/2012 B3 (La Sagra)                                     MPC 82719
    CK12B98J  2012 09 20.4235  2.156525  0.873954   72.9683  124.0274    2.6369  20130309  12.5  4.0  C/2012 BJ98 (Lemmon)                                     MPC 82318
    CK12C010  2013 02  4.5642  4.837970  0.996492  279.8947  300.6373   96.2780  20130309   7.5  4.0  C/2012 C1 (McNaught)                                     MPC 82719
    CK12C17H  2012 09 28.2170  1.296157  0.999857  137.9878  125.9821   27.7448  20130309  11.0  4.0  C/2012 CH17 (MOSS)                                       MPC 81470
    CK12E010  2011 07  3.7818  7.502552  0.997393   48.8832  286.3358  122.5451  20130309   6.5  4.0  C/2012 E1 (Hill)                                         MPC 80258
    CK12E020  2012 03 15.0314  0.006952  1.000000   83.3435    7.7078  144.2218            10.0  4.0  C/2012 E2 (SWAN)                                         MPC 79023
    PK12F020  2013 04  9.9939  2.897094  0.542251   33.1879  227.1346   14.7245  20130309  12.0  4.0  P/2012 F2 (PANSTARRS)                                    MPC 82719
    CK12F030  2015 04  7.1929  3.455237  1.000265  104.0753  164.6322   11.3603  20130309   6.5  4.0  C/2012 F3 (PANSTARRS)                                    MPC 82719
    PK12F050  2015 06 13.8270  2.879240  0.041762  177.7110  216.8627    9.7382  20130309  12.0  4.0  P/2012 F5 (Gibbs)                                        MPC 80045
    CK12F060  2013 03 24.5138  0.731244  0.998533  304.9875  332.7146   82.6078  20130309  10.0  4.0  C/2012 F6 (Lemmon)                                       MPEC 2013-E06
    CK12J010  2012 12  7.2676  3.158740  1.001847  147.2787  235.2182   34.1842  20130309   8.0  4.0  C/2012 J1 (Catalina)                                     MPEC 2013-E06
    CK12K010  2014 08 27.6352  1.055042  1.000312  203.0627  317.7101  142.4248  20130309   4.5  4.0  C/2012 K1 (PANSTARRS)                                    MPEC 2013-E06
    CK12K050  2012 11 28.6848  1.141747  0.998515  139.2853  279.0392   92.8495  20130309  12.0  4.0  C/2012 K5 (LINEAR)                                       MPEC 2013-E06
    CK12K060  2013 05 21.5128  3.353030  0.999513  338.8365  206.8974  135.2210  20130309   8.5  4.0  C/2012 K6 (McNaught)                                     MPC 82719
    CK12K080  2014 08 19.1009  6.464755  1.003155   75.8221  312.7982  106.1075  20130309   6.0  4.0  C/2012 K8 (Lemmon)                                       MPC 82319
    CK12L010  2012 12 25.4128  2.262384  0.997345  140.2881  271.7655   87.2217  20130309  10.5  4.0  C/2012 L1 (LINEAR)                                       MPEC 2013-E06
    CK12L020  2013 05  9.3263  1.508644  0.997420  205.7788  270.3010   70.9820  20130309  10.0  4.0  C/2012 L2 (LINEAR)                                       MPEC 2013-E06
    CK12L26P  2015 08 17.4155  6.533779  0.998536  145.1858  154.0336   25.3759  20130309   6.5  4.0  C/2012 LP26 (Palomar)                                    MPEC 2013-E06
    CK12Q010  2012 02  9.3598  9.482299  0.637032  139.2423  184.4362   45.1844  20130309   4.0  4.0  C/2012 Q1 (Kowalski)                                     MPC 82319
    CK12S010  2013 11 28.7661  0.012486  1.000005  345.5236  295.7143   61.9939  20130309   7.0  3.2  C/2012 S1 (ISON)                                         MPEC 2013-E06
    CK12S030  2013 08 31.1259  2.308027  1.000761  183.7539  121.3080  112.9296  20130309  10.0  4.0  C/2012 S3 (PANSTARRS)                                    MPC 82320
    CK12S040  2013 06 28.0199  4.348684  0.999841  163.6147  173.1039  126.5410  20130309   8.5  4.0  C/2012 S4 (PANSTARRS)                                    MPC 82720
    PK12S06B  2012 11  1.0269  2.406465  0.385024   12.8098    9.5474   10.9874  20130309  14.0  4.0  P/2012 SB6 (Lemmon)                                      MPC 82720
    PK12T020  2013 04 20.3896  4.816877  0.161101  310.3548   73.7523   12.5602  20130309  10.0  4.0  P/2012 T2 (PANSTARRS)                                    MPC 82320
    CK12T040  2012 10 10.8621  1.954183  0.985220  219.8575   99.4253   24.0900  20130309  13.5  4.0  C/2012 T4 (McNaught)                                     MPC 81860
    CK12T050  2013 02 24.0594  0.322813  1.000403  318.0972  230.5937   72.0944  20130309  13.0  4.0  C/2012 T5 (Bressi)                                       MPC 82720
    PK12T08K  2013 05 10.5186  3.091244  0.261515  128.1800  289.7352    6.2948  20130309  13.0  4.0  P/2012 TK8 (Tenagra)                                     MPC 82720
    CK12U010  2014 07  4.5897  5.270815  0.997713   69.9419   26.9908   56.3667  20130309   7.5  4.0  C/2012 U1 (PANSTARRS)                                    MPC 82320
    PK12U020  2012 12  3.8116  3.627542  0.508016  229.5542  186.7583   10.5221  20130309  12.5  4.0  P/2012 U2 (PANSTARRS)                                    MPC 82720
    PK12U27S  2013 02  8.5509  1.820837  0.648668    1.2666   49.2066   39.2915  20130309  13.5  4.0  P/2012 US27 (Siding Spring)                              MPEC 2013-E06
    CK12V010  2013 07 21.4984  2.090118  0.999837  123.3123   85.3795  157.8430  20130309  12.0  4.0  C/2012 V1 (PANSTARRS)                                    MPC 82321
    CK12V020  2013 08 16.5026  1.454759  0.997619  217.3241  262.1631   67.1857  20130309   9.0  4.0  C/2012 V2 (LINEAR)                                       MPEC 2013-E06
    PK12W34A  2013 01 24.5837  3.173336  0.339393  353.1278   94.5231    6.1195  20130309  13.5  4.0  P/2012 WA34 (Lemmon-PANSTARRS)                           MPC 82721
    CK12X010  2014 02 21.6822  1.599464  0.989305  132.1074  113.1421   44.3606  20130309   8.0  4.0  C/2012 X1 (LINEAR)                                       MPEC 2013-E06
    CK12X020  2013 03 31.1786  4.748324  0.770722  215.6139  271.0228   34.1236  20130309   9.0  4.0  C/2012 X2 (PANSTARRS)                                    MPEC 2013-E06
    CK12Y010  2013 01 18.1773  2.016204  0.946700  268.8209  193.2458   20.9596  20130309  15.0  4.0  C/2012 Y1 (LINEAR)                                       MPC 82721
    CK12Y030  2012 08 25.8361  1.764674  0.939785  235.6860  122.7100   73.2308  20130309  11.0  4.0  C/2012 Y3 (McNaught)                                     MPEC 2013-E06
    CK13A010  2014 10 25.5537  1.399705  1.000395    2.4288  300.9679  129.0239  20130309   6.0  4.0  C/2013 A1 (Siding Spring)                                MPEC 2013-E06
    PK13A020  2013 02  7.3568  2.177548  0.455837  134.5361  355.8341    3.3668  20130309  15.5  4.0  P/2013 A2 (Scotti)                                       MPC 82721
    PK13A76L  2012 12 13.3231  2.047537  0.684981   27.2022  145.9444  144.8611  20130309  16.0  4.0  P/2013 AL76 (Catalina)                                   MPC 82721
    CK13B020  2013 07  2.1671  3.732402  1.006149  156.6010  331.9290   43.4719  20130309  11.0  4.0  C/2013 B2 (Catalina)                                     MPC 82722
    CK13C020  2015 03 25.5721  9.312572  0.410442  301.6019  247.6282   21.3355  20130309  10.0  4.0  C/2013 C2 (Tenagra)                                      MPEC 2013-E06
    PK13C31E  2012 05 17.8858  4.014715  0.172872   27.1792   87.1220    4.7210  20130309  11.0  4.0  P/2013 CE31 (MOSS)                                       MPC 82722
    CK13D010  2013 04 13.8455  2.457221  0.779405  252.7646  294.8931   10.0787  20130309  14.0  4.0  C/2013 D1 (Holvorcem)                                    MPEC 2013-E06
    CK13E010  2013 10 19.1368  7.649580  1.000000  320.5204  134.6482  158.5665             5.5  4.0  C/2013 E1 (McNaught)                                     MPEC 2013-E35
0002P         2013 11 21.7041  0.336136  0.848204  186.5374  334.5747   11.7790  20130309  11.5  6.0  2P/Encke                                                 MPC 75714
0004P         2014 05 29.5456  1.655318  0.568695  205.0219  199.2888    9.0494  20130309   8.0  6.0  4P/Faye                                                  MPC 75714
0009P         2011 01 11.3510  1.523963  0.513924  179.3252   68.8745   10.5241  20130309   5.5 10.0  9P/Tempel                                                MPC 75715
0010P         2010 07  4.3916  1.421041  0.536349  195.5492  117.8022   12.0267  20130309   5.0 10.0  10P/Tempel                                               MPC 79344
0017P         2014 03 27.4597  2.056351  0.432134   24.5079  326.7734   19.0893  20130309  10.0  6.0  17P/Holmes                                               MPC 79654
0021P         2012 02 11.6851  1.030494  0.706900  172.5890  195.3943   31.9096  20130309   9.0  6.0  21P/Giacobini-Zinner                                     MPC 79024
0026P         2013 07  6.0136  1.085893  0.640114    2.1491  211.5535   22.4238  20130309  12.0 16.0  26P/Grigg-Skjellerup                                     MPC 69910
0029P         2019 04 14.8919  5.744654  0.043031   50.7286  312.5058    9.3748  20130309   4.0  4.0  29P/Schwassmann-Wachmann                                 MPC 79344
0031P         2010 09 30.1794  3.423080  0.193901   18.0179  114.1547    4.5467  20130309   5.0  8.0  31P/Schwassmann-Wachmann                                 MPC 79344
0032P         2014 10 17.6332  2.002192  0.555809   53.3086   57.8591    9.9713  20130309   6.5  8.0  32P/Comas Sola                                           MPC 75734
0036P         2011 12 26.2542  3.081979  0.261687  201.1294  182.1332    9.9115  20130309   8.5  6.0  36P/Whipple                                              MPC 75716
0037P         2011 12 11.1355  1.578118  0.540595  329.6350  314.9316    8.9551  20130309  10.5  4.8  37P/Forbes                                               MPC 80901
0046P         2013 07  9.3987  1.052082  0.659287  356.3425   82.1633   11.7572  20130309   9.0  6.0  46P/Wirtanen                                             MPC 82322
0047P         2009 01 31.1912  2.809766  0.317674  357.9216  357.0024   13.0433  20130309   1.0 11.2  47P/Ashbrook-Jackson                                     MPC 56802
0049P         2011 10 19.1507  1.424333  0.600450  332.8495  118.8555   19.0502  20130309  11.3  4.4  49P/Arend-Rigaux                                         MPC 79345
0060P         2012 05 13.5723  1.618317  0.538582  216.4081  267.6790    3.6108  20130309  11.5  6.0  60P/Tsuchinshan                                          MPC 79654
0063P         2013 04 10.7783  1.950490  0.650676  169.0036  358.0109   19.7818  20130309  10.5  6.0  63P/Wild                                                 MPC 82722
0065P         2010 03 24.0574  2.622425  0.301152  205.5262   67.6640   10.3084  20130309   5.0  6.0  65P/Gunn                                                 MPC 81472
0074P         2009 07 26.8308  3.548816  0.147912   86.5516   77.0833    6.6510  20130309   5.0  6.0  74P/Smirnova-Chernykh                                    MPC 75717
0076P         2013 05  7.7663  1.600260  0.538998    0.0630   84.1236   30.4832  20130309   8.0 12.0  76P/West-Kohoutek-Ikemura                                MPC 82322
0078P         2012 01 12.7145  2.008485  0.462314  192.7394  210.5550    6.2551  20130309   5.5  8.0  78P/Gehrels                                              MPC 79654
0079P         2013 08 23.2749  1.123921  0.618582  281.6722  280.6420    3.1454  20130309  16.0  4.0  79P/du Toit-Hartley                                      MPC 82722
0084P         2013 07 23.2098  1.839576  0.494355  276.4748  112.3831    7.2865  20130309   9.5  8.0  84P/Giclas                                               MPC 69911
0087P         2013 12 19.4475  2.102244  0.388849   24.6644  181.9077    2.6004  20130309   7.2 10.0  87P/Bus                                                  MPC 69912
0088P         2015 04  6.7373  1.361585  0.562168  235.8408   56.7409    4.3825  20130309  11.0  6.0  88P/Howell                                               MPC 79345
0091P         2013 03  1.1721  2.616813  0.329044  354.6483  247.8711   14.0757  20130309   7.5  6.0  91P/Russell                                              MPC 79654
0097P         2011 08 20.8480  2.597585  0.458462  228.2226  185.2027   17.8843  20130309   5.5  6.0  97P/Metcalf-Brewington                                   MPC 77020
0098P         2013 08  5.3979  1.673488  0.560618  157.8980  114.7428   10.5439  20130309   9.0  8.0  98P/Takamizawa                                           MPC 69911
0102P         2013 09  1.0256  1.968439  0.472995   18.7789  339.8576   26.2459  20130309   6.5  8.0  102P/Shoemaker                                           MPC 69911
0110P         2014 12 17.6184  2.476854  0.314152  167.6734  287.7117   11.6935  20130309   1.0 12.0  110P/Hartley                                             MPC 75735
0111P         2013 01 29.9873  3.704251  0.109086    3.2811   89.7949    4.2291  20130309   5.0  8.0  111P/Helin-Roman-Crockett                                MPC 75718
0112P         2013 06 24.3124  1.455326  0.588047   21.4500   31.9273   24.2036  20130309  14.0  6.0  112P/Urata-Niijima                                       MPC 69910
0114P         2013 05 13.9110  1.574845  0.555531  172.8538  271.0551   18.2838  20130309  11.5  6.0  114P/Wiseman-Skiff                                       MPC 82722
0116P         2016 01 12.6088  2.182774  0.372745  173.5804   21.0512    3.6105  20130309   2.5 10.0  116P/Wild                                                MPC 62583
0117P         2014 03 27.5730  3.055766  0.253744  222.7681   58.8992    8.6988  20130309   2.5  8.0  117P/Helin-Roman-Alu                                     MPC 79345
0119P         2014 04  2.4290  3.026981  0.292186  181.2595  244.1010    5.1961  20130309   3.5  8.0  119P/Parker-Hartley                                      MPC 80901
0120P         2013 02 22.4271  2.729037  0.338984   30.1132    4.4500    8.7967  20130309  12.0  4.0  120P/Mueller                                             MPC 80901
0121P         2013 09 12.9025  3.752904  0.190349   13.2132   94.2335   20.1451  20130309   6.5  8.0  121P/Shoemaker-Holt                                      MPC 75718
0124P         2014 04  9.5909  1.644852  0.504072  183.6765    0.4675   31.5323  20130309  13.5  2.8  124P/Mrkos                                               MPC 75718
0125P         2013 02 16.9790  1.525464  0.512338   87.2266  153.1883    9.9858  20130309  13.0  6.0  125P/Spacewatch                                          MPC 69908
0128P      b  2017 01  9.5662  3.054631  0.322077  210.4287  214.3606    4.3641  20130309   8.5  4.0  128P-B/Shoemaker-Holt                                    MPC 75719
0129P         2014 02  6.5325  3.913314  0.093267  308.4505  185.4161    3.4323  20130309  11.0  4.0  129P/Shoemaker-Levy                                      MPC 82322
0131P         2012 01  6.5804  2.416584  0.343334  179.3047  214.2023    7.3548  20130309  11.0  4.0  131P/Mueller                                             MPC 76027
0133P         2013 02  8.9608  2.649974  0.161541  132.1581  160.1490    1.3868  20130309  15.4  2.0  133P/Elst-Pizarro                                        MPC 75719
0134P         2014 05 21.4344  2.572395  0.587089   18.5313  202.1310    4.3486  20130309  11.5  4.0  134P/Kowal-Vavrova                                       MPC 82322
0136P         2016 05 31.0486  2.973244  0.292016  225.3013  137.4925    9.4159  20130309  11.0  4.0  136P/Mueller                                             MPC 75719
0138P         2012 06 11.6499  1.700341  0.530531   95.5935  309.3981   10.0855  20130309  15.0  6.0  138P/Shoemaker-Levy                                      MPC 65938
0139P         2017 12  9.3352  3.406168  0.247443  166.1350  242.2732    2.3334  20130309   9.5  4.0  139P/Vaisala-Oterma                                      MPC 75719
0143P         2009 06 10.8875  2.542371  0.408574  320.8146  245.3260    4.6894  20130309  13.5  2.0  143P/Kowal-Mrkos                                         MPC 78188
0152P         2012 07  9.0198  3.116257  0.307162  163.7573   91.9101    9.8680  20130309  11.5  4.0  152P/Helin-Lawrence                                      MPC 79346
0154P         2013 12 12.2104  1.607980  0.670617   49.0152  343.4988   17.8311  20130309   2.5 12.0  154P/Brewington                                          MPC 75720
0156P         2014 04 16.5035  1.585062  0.559178  357.7716   38.9919   20.7789  20130309  15.5  2.0  156P/Russell-LINEAR                                      MPC 75721
0158P         2012 10  1.9986  4.576572  0.030827  233.3155  137.2998    7.9070  20130309   9.0  4.0  158P/Kowal-LINEAR                                        MPC 76027
0160P         2012 09 18.5837  2.066641  0.479329   18.2294  336.9918   17.2746  20130309  15.5  2.0  160P/LINEAR                                              MPC 80901
0162P         2015 07 11.6526  1.235747  0.595599  356.4056   31.2364   27.8066  20130309  12.0  4.0  162P/Siding Spring                                       MPC 79346
0164P         2011 06  2.3648  1.677066  0.541126  325.9342   88.3135   16.2611  20130309  11.0  4.0  164P/Christensen                                         MPC 78188
0166P         2002 05 25.0182  8.589073  0.382137  322.2661   64.3649   15.3605  20130309   5.5  4.0  166P/NEAT                                                MPC 75722
0167P         2001 04 28.4796 11.829177  0.270713  344.3673  295.8883   19.1022  20130309   9.5  2.0  167P/CINEOS                                              MPC 75722
0168P         2012 10  1.9609  1.414850  0.609559   13.9504  356.4576   21.9281  20130309  15.5  4.0  168P/Hergenrother                                        MPC 82322
0169P         2014 02 15.2435  0.607797  0.766830  218.0520  176.1312   11.2916  20130309  16.0  2.0  169P/NEAT                                                MPC 75722
0171P         2012 04 30.5513  1.764958  0.503115  347.1059  101.7171   21.9495  20130309  13.5  4.0  171P/Spahr                                               MPC 79024
0173P         2008 05 16.7031  4.199760  0.261883   29.3845  100.4910   16.5114  20130309   7.5  4.0  173P/Mueller                                             MPC 75722
0174P         2015 04 23.0477  5.815664  0.456415  162.9624  173.3690    4.3417  20130309   9.4  2.0  174P/Echeclus                                            MPC 79346
0175P         2013 05 23.5927  1.946263  0.432095   55.9823  123.5908    6.0780  20130309  14.0  4.0  175P/Hergenrother                                        MPC 82722
0176P         2011 06 29.0755  2.574773  0.193555   35.6221  345.9768    0.2350  20130309  15.1  2.0  176P/LINEAR                                              MPC 76028
0178P         2013 07 23.0456  1.933729  0.472967  296.9553  103.5757   10.9755  20130309  13.5  4.0  178P/Hug-Bell                                            MPC 75723
0181P         2014 06 10.3108  1.123224  0.707499  333.7882   37.6920   16.9857  20130309  11.5  4.0  181P/Shoemaker-Levy                                      MPC 75733
0183P         2017 11 10.0900  3.884065  0.135426  160.7818    5.8350   18.7434  20130309  12.5  2.0  183P/Korlevic-Juric                                      MPC 75723
0184P         2013 07 28.4713  1.394042  0.604312   78.0739  277.7306    1.5515  20130309  13.5  4.0  184P/Lovas                                               MPC 75723
0185P         2012 08 13.5685  0.931838  0.699388  181.9384  214.0890   14.0076  20130309  15.0  4.0  185P/Petriew                                             MPC 82722
0186P         2008 05 23.5759  4.337987  0.124675  287.4508  327.4025   28.5016  20130309   7.5  4.0  186P/Garradd                                             MPC 75723
0187P         2008 10 22.2501  3.787287  0.165001  137.5094  110.9223   13.6528  20130309   9.0  4.0  187P/LINEAR                                              MPC 75724
0197P         2013 03 24.8530  1.061460  0.629755  188.7409   66.3900   25.5424  20130309  16.5  2.0  197P/LINEAR                                              MPC 82322
0198P         2012 02 15.7680  1.997019  0.444517   69.1375  358.4406    1.3414  20130309  12.5  4.0  198P/ODAS                                                MPC 65937
0200P         2008 08 25.3835  3.286174  0.332371  134.1814  234.7754   12.1145  20130309   9.0  4.0  200P/Larsen                                              MPC 75725
0203P         2010 02  9.8840  3.184567  0.316193  154.9230  290.4487    2.9744  20130309  14.5  2.0  203P/Korlevic                                            MPC 75725
0213P         2011 06 17.6091  2.113429  0.382860    3.7570  312.1585   10.2879  20130309  10.5  4.0  213P/Van Ness                                            MPC 78188
0215P         2010 08  5.8844  3.264180  0.214013  231.7339   74.8755   12.9022  20130309  11.0  4.0  215P/NEAT                                                MPC 81861
0219P         2010 03  4.2586  2.364868  0.352054  107.5620  231.0294   11.5291  20130309  11.0  4.0  219P/LINEAR                                              MPC 75727
0228P         2011 08 24.4835  3.430478  0.178020  114.8794   31.0684    7.9133  20130309  14.5  2.0  228P/LINEAR                                              MPC 75728
0231P         2011 05 16.3126  3.031216  0.246993   42.3854  133.0704   12.3277  20130309  14.5  2.0  231P/LINEAR-NEAT                                         MPC 75728
0237P         2010 01 25.8826  2.110404  0.411193   18.8769  251.4040   16.8198  20130309  14.5  2.0  237P/LINEAR                                              MPC 75728
0242P         2012 04  3.5086  3.980186  0.277635  247.7282  180.7249   32.4822  20130309   8.0  4.0  242P/Spahr                                               MPC 81861
0244P         2012 01 20.7009  3.918802  0.199000   92.6843  354.1326    2.2595  20130309   9.0  4.0  244P/Scotti                                              MPC 82722
0246P         2013 01 28.6858  2.879757  0.285062  176.1837   78.7804   15.9718  20130309  10.5  4.0  246P/NEAT                                                MPC 81861
0256P         2013 03 17.4062  2.689938  0.418783  124.1200   81.4460   27.6370  20130309  14.0  2.0  256P/LINEAR                                              MPC 82723
0257P         2013 06  4.4289  2.129040  0.432854  117.8108  207.8690   20.2447  20130309  11.5  4.0  257P/Catalina                                            MPC 81473
0259P         2013 01 25.4335  1.797685  0.340943  256.5593   51.9608   15.8988  20130309  15.5  4.0  259P/Garradd                                             MPC 79655
0260P         2012 09 12.5244  1.496984  0.593645   15.7047  351.9451   15.7349  20130309  13.5  4.0  260P/McNaught                                            MPC 82322
0261P         2012 09 29.2092  2.186952  0.389860   58.8540  298.4719    6.3255  20130309  14.0  4.0  261P/Larson                                              MPC 81861
0262P         2012 12  4.4737  1.279863  0.815413  171.1904  218.0103   29.0778  20130309  13.5  4.0  262P/McNaught-Russell                                    MPC 82322
0265P         2012 06 10.7136  1.498429  0.646960   32.8403  344.7163   14.6921  20130309  14.5  4.0  265P/LINEAR                                              MPC 79870
0266P         2013 08 31.8694  2.327620  0.340959   98.0521    5.0880    3.4287  20130309  12.5  4.0  266P/Christensen                                         MPC 81861
0269P         2014 11 16.6238  4.078057  0.438656  223.5508  248.7657    6.6170  20130309  10.0  4.0  269P/Jedicke                                             MPC 81862
0270P         2013 07  8.5284  3.601473  0.473458  211.0090  225.3026    2.8574  20130309   8.0  4.0  270P/Gehrels                                             MPC 81862
0271P         2013 07  5.6872  4.249658  0.390969   35.1099    9.5886    6.8553  20130309  11.0  4.0  271P/van Houten-Lemmon                                   MPC 81862
0272P         2013 02 27.1774  2.416702  0.455736   27.8915  109.5030   18.1017  20130309  16.0  2.0  272P/NEAT                                                MPC 81862
0273P         2012 12 19.6722  0.810221  0.975311   20.1921  320.4268  136.3971  20130309  11.5  4.0  273P/Pons-Gambart                                        MPC 82723
0274P         2013 02 23.3474  2.441869  0.440077   38.4580   81.3628   15.8384  20130309  13.0  4.0  274P/Tombaugh-Tenagra                                    MPC 81862
0275P         2012 12 27.2847  1.643772  0.714165  173.9868  348.7553   21.3424  20130309  15.0  4.0  275P/Hermann                                             MPC 81862
0276P         2013 01 15.8357  3.923811  0.273537  205.7656  214.2839   14.4556  20130309  11.5  4.0  276P/Vorobjov                                            MPC 82323
0277P         2013 06  5.9343  1.913180  0.504434  152.2998  276.3627   16.7474  20130309  14.0  4.0  277P/LINEAR                                              MPC 82323
0278P         2013 08  2.5258  2.097670  0.433173  238.0018   15.5043    6.6821  20130309  14.0  4.0  278P/McNaught                                            MPC 82323
0280P         2013 12 11.1247  2.635877  0.417212  104.6127  131.5138   11.7728  20130309  12.5  4.0  280P/Larsen                                              MPC 82723
