    1   0.03   0.13 17 42  -28 50     4   4   0.002 4 5   0 S 17
    2   0.09  -0.61 17 45  -29 10    14  10   0.028 4 4   0 S 19
    3   0.33  -0.20 17 44  -28 45     2   2   0.001 4 5   0 S 20
    4   0.64  -1.04 17 48  -28 55     3   3   0.002 4 5   0 S 21
    5   0.84  18.64 16 38  -17 30    25  12   0.060 2 5 104
    6   1.05  20.01 16 34  -16 30    90   8   0.180 4 6   0
    7   1.27  21.09 16 31  -15 40    50  10   0.120 4 6   0 DG 144
    8   2.34  35.48 15 48  -05 50    45  12   0.106 3 6   0
    9   2.41   1.34 17 43  -26 10     5   5   0.006 4 4   0
   10   4.14  35.71 15 51  -04 33    60  30   0.384 4 6   0
   11   4.19  36.70 15 48  -03 54    15  15   0.038 4 5  87
   12   4.21  24.12 16 28  -11 40    65  20   0.894 3 4  89
   13   4.48  29.93 16 10  -07 55    35  15   0.085 3 6   0 S 14
   14   4.60   0.29 17 52  -24 50    60  40   0.613 3 4   0 S 22
   15   4.67  36.70 15 49  -03 36    20  12   0.074 4 5  87
   16   4.97  24.03 16 30  -11 10   150  30   0.278 3 5  89
   17   5.01  30.90 16 08  -06 58    30  10   0.049 3 5   0 S 24
   18   5.32  37.42 15 48  -02 45    28  10   0.053 3 5  87
   19   5.40  37.47 15 48  -02 40   140  90   2.430 3 6  87
   20   5.46  26.22 16 24  -09 30    50  20   0.187 3 4  89
   21   5.79  25.82 16 26  -09 30    18   6   0.018 3 3  89
   22   5.86  25.87 16 26  -09 25    40  20   0.130 3 5  89
   23   5.88  38.40 15 46  -01 48    30   8   0.060 3 5  87
   24   6.00  24.73 16 30  -10 00   480 240  23.020 3 6  89 S 27
   25   6.06  -1.23 18 01  -24 20    45  30   0.289 2 1 105 NGC 6523
   26   6.18  -1.43 18 02  -24 20    90  40   0.468 3 2 105
   27   6.99  -0.17 17 59  -23 00    20  20   0.085 3 1   0 NGC 6514
   28   7.03  -2.26 18 07  -24 00    15  10   0.039 3 1 106 NGC 6559
   29   7.03  -2.26 18 07  -24 00    45  45   0.254 3 3 106 S 29
   30   7.08  27.91 16 22  -07 20   140  10   0.335 3 4  89
   31   7.28  -1.59 18 05  -23 27     3   3   0.002 1 6   0 IC 4681
   32   7.33  25.62 16 30  -08 30    65  20   0.331 3 4  89
   33   7.35  -2.33 18 08  -23 45    20   5   0.025 3 1 106 IC 1274
   34   7.39  -1.79 18 06  -23 27     3   2   0.002 1 3   0 IC 4684
   35   7.44  24.78 16 33  -08 55    20  10   0.035 3 3  89
   36   8.44  36.18 15 58  -01 30    50  30   0.243 3 5  82
   37   8.44  36.18 15 58  -01 30    30  20   0.085 2 6  82 S 33
   38   8.55  -0.88 18 05  -22 00    60  30   0.331 3 5   0 S 34
   39   8.64  25.25 16 34  -07 45    70  15   0.275 3 4  89
   40   9.10  -0.84 18 06  -21 30    10   7   0.011 1 4   0
   41  10.03 -28.11 20 00  -31 30   210  90   4.683 4 6   0
   42  10.91  -1.70 18 13  -20 20    10   7   0.010 3 2 101 S 35
   43  11.53  -1.63 18 14  -19 45     4   3   0.003 1 1 102 NGC 6590
   44  11.54  36.11 16 04  +00 30    70  50   0.616 3 5  83
   45  11.54  36.11 16 04  +00 30    40  10   0.113 3 6  83 S 36
   46  11.61  -1.59 18 14  -19 40     4   3   0.003 1 1 102 NGC 6589
   47  11.75  -1.51 18 14  -19 30    15  15   0.229 3 2   0 IC 1283
   48  12.00   0.79 18 06  -18 10     3   3   0.002 3 5   0 S 38
   49  12.71   0.37 18 09  -17 45    15  10   0.028 3 5 101 S 40
   50  12.79   1.78 18 04  -17 00    18   5   0.018 4 5   0
   51  12.95  -0.58 18 13  -18 00   210 120   4.609 4 4 101 S 41
   52  13.41  -1.41 18 17  -18 00    30   5   0.049 4 2 101
   53  13.54   1.11 18 08  -16 40    30  30   0.155 4 6   0
   54  13.80 -27.06 20 00  -28 00   260  40   2.718 4 6   0
   55  14.12   0.06 18 13  -16 40    60  40   0.053 3 4 103 IC 4701
   56  14.12   0.06 18 13  -16 40     3   3   0.003 3 3 103 S 42
   57  14.94  -0.04 18 15  -16 00   120 120   1.620 4 6 103
   58  15.14   3.38 18 03  -14 10    30  20   0.127 3 3   0 S 46
   59  15.26   0.41 18 14  -15 30     5   4   0.004 3 3   0 S 47
   60  15.28  -0.67 18 18  -16 00    40  30   0.137 3 1 103 NGC 6618
   61  15.67   1.74 18 10  -14 30    20  15   0.060 4 5   0
   62  16.31  -0.12 18 18  -14 50    20  20   0.085 4 6   0 S 50
   63  16.41  -2.79 18 28  -16 00    80  60   0.683 4 5 100
   64  16.68  -0.47 18 20  -14 40    15  12   0.032 4 4   0 S 48
   65  16.77  -5.31 18 38  -16 50    40  10   0.077 4 6   0 S 51
   66  16.88  -1.18 18 23  -14 50    10   6   0.014 4 5   0
   67  16.96   0.78 18 16  -13 50   120  25   0.268 3 1  98 NGC 6611
   68  17.00   0.53 18 17  -13 55    35  30   0.208 3 3  98
   69  17.19  -3.20 18 31  -15 30    30  10   0.035 4 5 100
   70  17.81   0.97 18 17  -13 00   180 120   3.085 4 6  98
   71  18.13   1.42 18 16  -12 30    80  30   0.616 3 3  98
   72  18.45   1.87 18 15  -12 00    60  30   0.345 3 1  98 S 54
   73  20.36  -1.27 18 30  -11 48    20  20   0.081 1 3   0 S 55
   74  20.36  -1.27 18 30  -11 48    10   6   0.014 4 6   0
   75  21.10  -0.60 18 29  -10 50    20  10   0.046 1 3  99 IC 1287
   76  21.10  -0.60 18 29  -10 50    35  25   0.155 1 6  99
   77  22.02   0.16 18 28  -09 40    10   8   0.028 4 6   0 S 56
   78  22.90   0.63 18 28  -08 40     2   2   0.001 4 4   0 S 57
   79  23.16   0.49 18 29  -08 30     8   5   0.011 4 3   0 S 58
   80  24.48  -0.22 18 34  -07 40    30  15   0.285 4 5   0 S 59
   81  24.91   0.57 18 32  -06 55    40  15   0.176 4 6  88
   82  25.36   0.24 18 34  -06 40    15  15   0.028 4 4  88 S 60
   83  25.36 -18.62 19 43  -15 00    10   8   0.017 2 4   0
   84  26.48   2.56 18 31  -05 00     2   2   0.001 3 1   0 S 61
   85  26.83   3.54 18 25  -03 50     3   3   0.002 4 4   0 S 62
   86  27.11 -21.06 19 55  -14 30    70  40   0.715 2 5   0 S 63
   87  27.43 -17.71 19 43  -12 50    10   8   0.017 2 4   0
   88  27.67  23.44 17 16  +06 10    12   8   0.028 1 4   0 DG 146
   89  27.91 -17.50 19 43  -12 20     2   2   0.001 2 4   0
   90  28.77   3.43 18 29  -02 10    20   8   0.028 3 2   0 S 64
   91  29.07  -0.63 18 44  -03 47    10   2   0.003 4 5   0 S 65
   92  30.54   0.41 18 43  -02 00    10  10   0.018 1 4   0 S 66
   93  30.63   6.37 18 22  +00 50     8   5   0.007 3 3   0 S 68
   94  30.66  -0.65 18 47  -02 23    15  15   0.042 2 5   0 S 67
   95  31.04   3.77 18 32  +00 00    12  10   0.031 1 5   0
   96  31.47   5.12 18 28  +01 00     8   4   0.007 1 4   0 DG 152
   97  31.75   4.98 18 29  +01 11    10   5   0.018 2 3  81
   98  31.88   5.05 18 29  +01 20    22  20   0.031 1 4  81 DG 153
   99  32.38   1.93 18 41  -00 20    15  10   0.032 3 4   0 S 69
  100  32.44 -15.40 19 43  -07 30    40  12   0.173 4 5  92
  101  33.83 -14.72 19 43  -06 00   180  90   2.725 4 6  92
  102  35.08  11.42 18 12  +07 03     8   4   0.017 4 6   0 S 70
  103  36.00  -1.26 18 59  +02 05     2   1   0.001 3 1   0 S 71
  104  36.57  -1.81 19 02  +02 20    35  20   0.113 3 5   0
  105  37.59  44.76 16 08  +22 00    60  20   0.285 2 5   0 S 73
  106  37.66  44.05 16 11  +21 50    30  20   0.095 2 6   0
  107  38.66   2.09 18 52  +05 59     4   4   0.002 4 5   0
  108  39.55 -16.65 20 00  -02 00   150  50   1.658 2 6   0
  109  39.95  -1.44 19 07  +05 30     3   2   0.002 3 6   0 S 74
  110  40.46   2.46 18 54  +07 45     8   5   0.018 4 6   0 S 76
  111  41.37 -18.83 20 11  -01 30    20  10   0.049 1 4  86 DG 161
  112  41.47 -28.13 20 44  -05 50    30  18   0.116 1 5   0
  113  41.84 -18.59 20 11  -01 00    70  20   0.384 1 5  86
  114  42.59 -23.34 20 29  -02 40    85  30   0.479 3 6   0
  115  42.75 -21.54 20 23  -01 40    35  10   0.074 3 6   0
  116  42.97 -17.43 20 09  -00 30   140  80   1.831 2 6  86
  117  43.07 -35.28 21 12  -08 00   360 120   8.331 2 6   0
  118  43.39 -29.49 20 52  -05 00    90  15   0.070 2 6   0
  119  43.64 -21.66 20 25  -01 00   140  10   0.352 3 6   0
  120  43.96 -23.21 20 31  -01 30    30  35   0.243 3 6   0
  121  44.84 -23.61 20 34  -01 00    70   3   0.081 2 6   0
  122  44.95 -20.39 20 23  +00 41    42  12   0.144 3 6   0
  123  45.51 -20.67 20 25  +01 00    20  10   0.049 3 6   0
  124  45.60 -22.06 20 30  -00 23    20  15   0.049 2 6   0
  125  46.20 -21.45 20 29  +01 10    30   5   0.085 2 6   0
  126  49.84  -7.32 19 47  +11 20    20   8   0.025 3 6   0
  127  50.14   3.36 19 09  +16 45     1   1   0.001 4 1   0 S 80
  128  53.52   0.03 19 28  +18 09    10  10   0.014 3 3   0 C 168
  129  53.54   0.04 19 28  +18 10     7   7   0.011 3 3   0 DG 159
  130  55.40   1.87 19 25  +20 41     8   5   0.017 1 6   0 DG 157
  131  55.73  -3.64 19 46  +18 15    15   3   0.011 3 3   0 S 84
  132  56.82 -13.42 20 23  +14 00   120  30   0.923 1 6   0
  133  56.92   3.22 19 23  +22 40     5   3   0.004 1 4   0 DG 155
  134  57.03   3.02 19 24  +22 40     8   3   0.011 1 2   0 C 167
  135  59.38  -0.15 19 41  +23 10    40  30   0.201 3 3   0 NGC 6823
  136  60.95  -0.03 19 44  +24 35    17   8   0.025 4 4   0 S 87
  137  61.35   0.21 19 44  +25 03     2   2   0.002 3 1   0
  138  61.37   0.22 19 44  +25 04     2   2   0.002 3 1   0
  139  61.50   0.29 19 44  +25 13    18   6   0.021 3 3   0 S 88
  140  61.91 -33.45 21 40  +06 00   180  50   1.960 3 6   0
  141  62.04 -10.57 20 25  +19 50   160  60   1.965 1 5   0
  142  62.32 -10.68 22 26  +20 20   200  30   1.525 4 6   0
  143  62.45 -14.34 20 39  +18 00   120  20   0.437 1 5   0
  144  63.10   0.46 19 47  +26 41     8   3   0.003 3 2   0 S 90
  145  64.04   1.79 19 44  +28 10    45  20   0.268 3 5   0 S 92
  146  64.20  -0.44 19 53  +27 09     1   1   0.001 3 1   0 S 93
  147  64.22   4.16 19 35  +29 30   120   2   0.106 3 3   0 S 91
  148  64.90   6.74 19 26  +31 20    50   2   0.039 3 4   0 S 94
  149  65.92   0.61 19 53  +29 10     1   1   0.001 3 1   0 S 95
  150  66.11   7.14 19 27  +32 35    20  10   0.046 4 5   0 S 96
  151  66.74   0.86 19 54  +30 00    10  10   0.014 3 6   0 S 97
  152  66.81 -28.34 21 35  +12 30   190  15   0.708 1 6   0
  153  66.95  -1.30 20 03  +29 02     1   3   0.001 1 2   0 IC 4954
  154  68.07   0.92 19 57  +31 10    10  10   0.014 3 6   0 S 98
  155  69.40   0.50 20 02  +32 04     5   3   0.002 2 4   0
  156  69.48   2.29 19 55  +33 05    22   3   0.056 3 4   0
  157  69.67 -30.36 21 48  +13 00    90  20   0.352 1 6   0
  158  69.80   1.74 19 58  +33 04    16   6   0.021 3 3  47
  159  69.96   1.35 20 00  +33 00    80  30   0.419 3 4  47
  160  70.13   1.71 19 59  +33 20     3   3   0.007 3 2  47 S 99
  161  70.24   1.53 20 00  +33 20     3   3   0.007 3 2  47 S 100
  162  70.95   0.74 20 05  +33 30   180 180   5.550 3 6  47
  163  71.01   0.04 20 08  +33 10    20  10   0.030 3 5  47
  164  71.03   1.54 20 02  +34 00    33  15   0.082 3 4  47
  165  71.06   6.32 19 42  +36 30   195  30   1.244 3 6   0
  166  71.37   1.01 20 05  +34 00    40  20   0.060 3 4  47
  167  71.40 -11.76 20 53  +26 30    70  30   0.665 3 6   0
  168  71.58   2.86 19 58  +35 10    20  15   0.042 3 1  47 C 173
  169  71.62  -5.50 20 31  +30 30    70  15   0.345 4 6   0 S 102
  170  71.67   1.46 20 04  +34 30    60  50   0.378 3 5  47
  171  71.83   2.77 19 59  +35 20    20  10   0.033 3 4  47
  172  71.84   0.58 20 08  +34 10    43  15   0.121 3 4  47
  173  71.85   6.31 19 44  +37 10    30   8   0.048 3 6   0
  174  71.87   2.07 20 02  +35 00    80  50   0.277 3 3  47
  175  71.89  -0.38 20 12  +33 40    53  15   0.145 3 4  47
  176  71.94   6.82 19 42  +37 30    30   6   0.036 3 6   0
  177  72.01   1.92 20 03  +35 02    20   5   0.015 3 2  47
  178  72.18   3.47 19 57  +36 00   100  40   0.583 3 5  47
  179  72.53   1.52 20 06  +35 15    25  10   0.036 3 3  47
  180  72.86   2.70 20 02  +36 10    80  10   0.248 4 5  47
  181  72.86   0.27 20 12  +34 50    15   3   0.012 3 3  47 IC 1310
  182  73.10   1.41 20 08  +35 40    90  20   0.272 3 3  47
  183  73.32   3.23 20 01  +36 50    15   5   0.015 3 3  47
  184  73.32   5.78 19 50  +38 10    20   6   0.021 4 6   0
  185  73.48  -1.81 20 22  +34 10    80  40   0.606 3 5   0
  186  73.58   6.16 19 49  +38 35    20  10   0.054 3 6   0
  187  73.72   2.29 20 06  +36 40    80  20   0.145 3 3  47
  188  73.75 -51.32 22 56  -00 10    22  12   0.070 1 6   0
  189  73.99   2.47 20 06  +37 00    60  20   0.208 3 4  47
  190  74.27   3.59 20 02  +37 50    60  20   0.227 3 4  47
  191  74.53  -8.42 20 50  +31 00   210 160   0.000 0 0   0 NGC 6960
  192  74.62   3.35 20 04  +38 00    10   3   0.003 3 4  47
  193  74.77   2.51 20 08  +37 40    90  30   0.949 3 5  47
  194  74.80   3.69 20 03  +38 20     4   3   0.006 3 4  47
  195  74.83   0.62 20 16  +36 40     7   7   0.006 3 2  47 S 104
  196  74.86   6.46 19 51  +39 50    20   8   0.027 3 5  47
  197  74.90   3.53 20 04  +38 20     5   3   0.003 3 4  47
  198  75.16  -1.86 20 27  +35 30   130  60   1.225 3 6  47
  199  75.23   4.89 19 59  +39 20    35  10   0.063 3 4  47
  200  75.24   6.47 19 52  +40 10    70  10   0.132 3 5  47
  201  75.29   7.38 19 48  +40 40    60  40   0.271 3 6  47
  202  75.30   6.05 19 54  +40 00    45  10   0.097 3 5  47
  203  75.51   2.29 20 11  +38 10    20  10   0.024 3 1  47 NGC 6888
  204  75.52   9.02 19 41  +41 40    20   7   0.021 3 5  47
  205  75.57   3.72 20 05  +39 00   300 150   3.124 4 6  47
  206  75.71   1.70 20 14  +38 00    50  30   0.275 3 4  47
  207  75.74   5.65 19 57  +40 10    40  10   0.076 3 6  47
  208  75.75   3.14 20 08  +38 50   120  20   0.489 3 2  47
  209  75.79   1.28 20 16  +37 50    30  15   0.088 3 5  47
  210  75.85  -1.11 20 26  +36 30    70  30   0.444 3 6  47
  211  75.90  -0.33 20 23  +37 00   240  60   3.050 3 5  47
  212  76.01   0.96 20 18  +37 50    40  10   0.085 3 5  47
  213  76.10   4.75 20 02  +40 00    20   5   0.027 3 4  47
  214  76.17   3.88 20 06  +39 35     4   3   0.003 3 4  47
  215  76.26   2.08 20 14  +38 40    40  20   0.121 3 4  47
  216  76.27   4.17 20 05  +39 50    45  20   0.145 3 4  47
  217  76.35   4.68 20 03  +40 10    15   5   0.015 3 3  47
  218  76.41  -1.45 20 29  +36 45    10  10   0.018 1 2  47
  219  76.42  -1.19 20 28  +36 55    30  20   0.137 3 5  47
  220  76.44 -23.42 21 45  +22 10    25  10   0.067 1 6   0
  221  76.75   8.21 19 48  +42 20    52  10   0.091 3 5  47
  222  76.80   4.28 20 06  +40 20   180  90   1.822 3 5  47
  223  76.90   3.21 20 11  +39 50    20   5   0.015 3 4  47
  224  76.99   0.44 20 23  +38 20   150  60   1.689 3 6  47
  225  77.11  12.11 19 30  +44 30   210  50   2.750 3 6   0
  226  77.13  -1.16 20 30  +37 30   110  60   1.035 3 6  47
  227  77.26   4.80 20 05  +41 00   100  10   0.329 3 3  47
  228  77.27   7.65 19 52  +42 30    35  15   0.079 3 5  47
  229  77.33  -2.26 20 35  +37 00    40  10   0.099 3 5  47
  230  77.39  -5.56 20 48  +35 00    40  10   0.081 3 5   0
  231  77.41  -3.72 20 41  +36 10     8   8   0.011 3 5  47 S 107
  232  77.47   6.04 20 00  +41 50   120  10   0.470 3 5  47
  233  77.60   4.58 20 07  +41 10   160  30   0.782 3 4  47
  234  77.61   1.59 20 20  +39 30   110  60   0.571 3 3  47 S 108
  235  77.67  -3.52 20 41  +36 30   180 150  40.106 4 6  47
  236  77.78   3.11 20 14  +40 30    90  60   0.900 3 3  47
  237  77.82   6.91 19 57  +42 35    53  20   0.130 3 4  47
  238  78.05   5.74 20 03  +42 10    10  10   0.015 3 4  47
  239  78.12   3.79 20 12  +41 10    60  20   0.151 3 2  47
  240  78.21   2.48 20 18  +40 30   120  60   1.323 3 4  47
  241  78.21   2.48 20 18  +40 30    40  20   0.112 3 2  47
  242  78.28   6.32 20 01  +42 40    20   5   0.030 3 4  47
  243  78.37   4.63 20 09  +41 50    30  20   0.127 3 4  47
  244  78.46   6.65 20 00  +43 00   420  90   4.109 3 6  47
  245  78.55   0.85 20 26  +39 50    45  20   0.175 3 1  47 IC 1318B
  246  78.55  -4.87 20 49  +36 20    45  30   0.190 3 5  47
  247  78.72  -2.43 20 40  +38 00   101  20   0.472 3 5  47
  248  78.73   2.61 20 19  +41 00    30  30   0.142 3 6  47
  249  78.73   1.45 20 24  +40 20    50  30   0.263 3 1  47
  250  78.81  -5.71 20 53  +36 00    50  20   0.127 3 4  43
  251  78.85   3.60 20 15  +41 40    45  25   0.211 3 1  47 IC 1318A
  252  78.85   6.03 20 04  +43 00    18   5   0.018 3 4  47
  253  79.14   1.74 20 24  +40 50    20  15   0.085 3 3  47
  254  79.15 -12.08 21 17  +32 00   100  20   0.165 3 6   0 S 110
  255  79.19  -4.60 20 50  +37 00    70  10   0.264 3 4  47
  256  79.22  -6.69 20 58  +35 40    12   2   0.011 3 4  43
  257  79.31   0.93 20 28  +40 30   120  60   1.381 3 4  47
  258  79.32   0.22 20 31  +40 05    30  10   0.066 3 5  47
  259  79.34   3.48 20 17  +42 00    60  20   0.302 3 3  47
  260  79.37   6.78 20 02  +43 50    60  15   0.124 3 5  47
  261  79.45   1.73 20 25  +41 05    25  15   0.051 3 6  47
  262  79.51   6.87 20 02  +44 00    80  30   0.369 3 4  47
  263  79.61  -2.48 20 43  +38 40   130  30   0.968 3 6  47
  264  79.62   6.08 20 06  +43 40    70   5   0.073 3 4  47
  265  79.63  -1.97 20 41  +39 00    40  40   0.239 3 3  47
  266  79.66  -6.31 20 58  +36 15    12   2   0.011 3 4  43
  267  79.71   1.22 20 28  +41 00    60  20   0.211 3 3  47
  268  79.73   2.40 20 23  +41 42     5   4   0.003 3 3  47
  269  79.74  -6.78 21 00  +36 00   130  20   0.627 3 5  43
  270  79.87   2.72 20 22  +42 00   180  90   1.668 3 5  47
  271  79.99   0.01 20 34  +40 30    40  10   0.045 3 4  47
  272  79.99   7.37 20 01  +44 40    90   7   0.129 3 3  47
  273  80.08   2.42 20 24  +42 00    22  10   0.027 3 3  47
  274  80.10   2.66 20 23  +42 09     3   3   0.001 1 1  47 NGC 6914
  275  80.11  -0.14 20 35  +40 30    10   6   0.006 3 3  47
  276  80.13   0.12 20 34  +40 40     8   4   0.006 3 3  47
  277  80.15  -1.55 20 41  +39 40    30  30   0.236 3 5  47
  278  80.16   4.05 20 17  +43 00    30  20   0.085 3 3  47
  279  80.19   2.27 20 25  +42 00    70  20   0.353 3 4  47
  280  80.26   2.54 20 24  +42 13     3   3   0.001 1 1  47 NGC 6914
  281  80.34   2.60 20 24  +42 19     3   3   0.001 1 1  47
  282  80.34 -17.00 21 37  +29 20    80  10   0.246 3 6  58
  283  80.35  -4.42 20 53  +38 00    35  10   0.085 3 5  45
  284  80.36  -5.97 20 59  +37 00    25   3   0.028 3 4   0
  285  80.43   0.82 20 32  +41 20    50  45   0.338 3 5  47
  286  80.45   1.07 20 31  +41 30    12   3   0.006 3 3  47
  287  80.54 -16.49 21 36  +29 50    70  10   0.165 3 6  58 S 111
  288  80.61   1.42 20 30  +41 50    45  20   0.175 3 4  47
  289  80.61  -3.43 20 50  +38 50    60  25   0.310 3 5  46
  290  80.62  -5.75 20 59  +37 20     8   3   0.004 3 4   0
  291  80.67  -4.92 20 56  +37 55    10   8   0.011 3 4  45
  292  80.79   3.15 20 23  +43 00    90  30   0.323 3 3  47
  293  80.92   2.11 20 28  +42 30    50  40   0.236 3 5  47
  294  80.94   7.75 20 02  +45 40    70   5   0.215 3 4  47
  295  80.96  -3.64 20 52  +38 58    15   8   0.025 3 4  46
  296  81.01  -5.94 21 01  +37 30    20  10   0.056 3 5  44
  297  81.04   8.22 20 00  +46 00    50  20   0.155 3 4  47
  298  81.23   4.56 20 18  +44 10     8   2   0.006 3 3  47
  299  81.26  -5.98 21 02  +37 40    50  10   0.113 3 4  44
  300  81.27   3.92 20 21  +43 50    60  10   0.100 3 3  47
  301  81.31   5.04 20 16  +44 30    20  10   0.045 3 3  47
  302  81.31  -1.13 20 43  +40 50    40  20   0.069 3 4  47
  303  81.37   4.65 20 18  +44 20    40  10   0.048 3 3  47
  304  81.37  -4.84 20 58  +38 30   130  13   0.504 3 5  45
  305  81.38   2.90 20 26  +43 20    20   5   0.018 3 3  47
  306  81.41 -17.50 21 42  +29 40    40  10   0.102 3 6  58
  307  81.44  -7.16 21 07  +37 00   230  70   2.898 4 6  43
  308  81.54  -1.42 20 45  +40 50   120  30   0.517 3 5  47
  309  81.54   2.11 20 30  +43 00    42  10   0.057 3 4  47
  310  81.62   5.47 20 15  +45 00   360 120   9.000 3 4  47
  311  81.66  -1.57 20 46  +40 50    40  40   0.184 3 6  47
  312  81.66   0.58 20 37  +42 10    40  20   0.094 3 4  47
  313  81.69   6.57 20 10  +45 40    55   8   0.106 3 3  47
  314  81.88   4.79 20 19  +44 50    30  10   0.030 3 3  47
  315  82.24   2.85 20 29  +44 00    90  60   0.426 3 4  47
  316  82.31  -6.63 21 08  +38 00   160  20   0.870 3 5  43
  317  82.35   2.71 20 30  +44 00    23  20   0.057 3 3  47
  318  82.38  -4.21 20 59  +39 40    50  10   0.130 4 5  45
  319  82.39  -2.19 20 51  +41 00    35  15   0.088 3 5   0
  320  82.57  -0.83 20 46  +42 00    90  30   0.580 3 4  47
  321  82.58  -6.92 21 10  +38 00    85  10   0.158 3 4  43
  322  82.64   0.41 20 41  +42 50     8   4   0.003 3 3  47
  323  82.70   0.46 20 41  +42 55    20  10   0.036 3 4  47
  324  82.75   0.27 20 42  +42 50   100  60   0.807 3 5  47
  325  82.79   5.83 20 17  +46 10    25  10   0.039 3 2  47
  326  83.03   5.78 20 18  +46 20    80  10   0.243 3 4  47
  327  83.04  -1.40 20 50  +42 00    80  30   0.568 3 5  47
  328  83.18  -1.05 20 49  +42 20    40  30   0.208 3 2  47 IC 5068
  329  83.33  -0.44 20 47  +42 50    60  20   0.341 3 5  47
  330  83.34   2.78 20 33  +44 50    40  20   0.197 3 4  47
  331  83.43   7.28 20 12  +47 30   120   3   0.100 3 4  47
  332  83.65  -1.61 20 53  +42 20    40  40   0.218 3 3  47
  333  83.70  -8.31 21 19  +37 50    20   5   0.025 3 4  42 S 113
  334  83.73   0.12 20 46  +43 30    60  60   0.502 3 4  47
  335  83.73   5.64 20 21  +46 50    10   5   0.007 3 3  47
  336  83.77   5.88 20 20  +47 00    60  20   1.014 3 3  47
  337  83.77   3.32 20 32  +45 30    13  13   0.028 3 1  47 C 181
  338  83.86   0.22 20 46  +43 40    40  15   0.115 3 2  47
  339  83.92   2.55 20 36  +45 10    50   5   0.056 3 4  47
  340  83.98  -5.35 21 09  +40 05     9   5   0.012 3 5   0
  341  84.00   0.57 20 45  +44 00    70  40   0.363 3 5  47
  342  84.03  -1.29 20 53  +42 50    60  30   0.450 3 6  47
  343  84.07  -0.30 20 49  +43 30    40  10   0.106 3 2  47
  344  84.07   5.46 20 23  +47 00    80  40   0.673 3 5  47
  345  84.19   6.16 20 20  +47 30   180  20   2.465 3 5  47
  346  84.22  -8.36 21 21  +38 10   100  30   0.485 4 6  42
  347  84.24  -7.79 21 19  +38 35    12   6   0.011 3 4  42 S 114
  348  84.28  -1.32 20 54  +43 00    40  20   0.160 3 3  47
  349  84.28  -1.32 20 54  +43 00    45  20   0.160 3 3  47
  350  84.46   0.02 20 49  +44 00    60  50   0.387 3 3  47 IC 5070
  351  84.48   3.20 20 35  +46 00   180 120   4.394 3 5  47
  352  84.57   4.76 20 28  +47 00    85  30   0.437 3 3  47
  353  84.59   0.13 20 49  +44 10    25  10   0.036 3 1  47 IC 5067
  354  84.64  -1.49 20 56  +43 10    60  20   0.118 3 2  47
  355  84.67 -11.34 21 33  +36 20    90  40   0.648 4 6  41
  356  84.76  -1.87 20 58  +43 00    50  30   0.202 3 3  47
  357  84.81   3.88 20 33  +46 40    30  20   0.074 3 2  47 S 115
  358  84.81   3.88 20 33  +46 40    60  40   0.370 3 3  47
  359  84.82  -0.15 20 51  +44 10    60  10   0.190 3 2  47
  360  84.82  -5.87 21 14  +40 20    33  10   0.066 3 5   0
  361  84.88   2.41 20 40  +45 50    80  10   0.141 3 4  47
  362  84.97   4.21 20 32  +47 00    60   5   0.102 3 2  47
  363  85.24  -2.42 21 02  +43 00   140  30   0.912 3 6  47
  364  85.30   6.32 20 23  +48 30   110  30   1.056 3 6  47
  365  85.49  -2.69 21 04  +43 00   100  40   0.106 3 4  47
  366  85.53  -9.85 21 31  +38 00   150  30   0.842 4 5  41
  367  85.58   4.24 20 34  +47 30   150  60   1.085 3 4  47
  368  85.58   4.24 20 34  +47 30    10   2   0.007 3 3  47
  369  85.62  -3.32 21 07  +42 40    40  10   0.112 3 5  47
  370  85.66   6.97 20 21  +49 10    60  60   0.196 3 2  47
  371  85.68   0.12 20 53  +45 00   120  20   0.350 3 4  47
  372  85.71   4.34 20 34  +47 40    30   2   0.018 3 3  47
  373  85.75  -1.48 21 00  +44 00   120  30   0.650 3 4  47 NGC 7000
  374  85.86 -10.37 21 34  +37 50   110  15   0.458 4 5  41
  375  85.91   4.07 20 36  +47 40    25   2   0.011 3 3  47
  376  85.94   4.31 20 35  +47 50    50   2   0.028 3 3  47
  377  85.99   6.80 20 23  +49 20   105  10   0.264 3 3  47
  378  86.04  -0.04 20 55  +45 10    90  30   0.429 3 3  47
  379  86.06   5.84 20 28  +48 50    12  10   0.025 1 3  47
  380  86.08   4.41 20 35  +48 00   150  60   1.838 3 5  47
  381  86.28   4.98 20 33  +48 30   100  30   0.486 3 3  47
  382  86.39   5.67 20 30  +49 00   240 120   3.187 3 4  47
  383  86.49  -3.76 21 12  +43 00    20  10   0.035 3 4  36
  384  86.52  -0.09 20 57  +45 30   120 100   1.483 3 1  47
  385  86.61  -0.95 21 01  +45 00    70  20   0.221 3 2  47
  386  86.66   5.87 20 30  +49 20    50  10   0.088 3 3  47
  387  86.76  -0.11 20 58  +45 40    80  20   0.310 3 2  47
  388  86.87   1.80 20 50  +47 00   240 120   6.813 3 6  47
  389  86.98  -3.54 21 13  +43 30    15   5   0.014 3 3  36
  390  87.10  -3.43 21 13  +43 40    20  10   0.028 3 4  36
  391  87.23  -3.80 21 15  +43 30   150  60   1.961 3 5  36 S 119
  392  87.33  -1.73 21 07  +45 00    50   8   0.085 3 5  47
  393  87.34  -3.44 21 14  +43 50    25  10   0.042 3 3  36
  394  87.47   1.41 20 54  +47 12     7   7   0.007 1 1  47 IC 5076
  395  87.52  -9.16 21 36  +39 50     2   2   0.001 4 6   0
  396  87.58  -9.10 21 36  +39 55     2   2   0.001 4 6   0
  397  87.64  -9.31 21 37  +39 48     2   2   0.001 4 6   0
  398  87.66  -9.29 21 37  +39 50     2   2   0.001 4 6   0
  399  87.72  -8.94 21 36  +40 08     2   2   0.001 4 6   0
  400  87.74  -4.32 21 19  +43 30    90  15   0.190 3 2  36
  401  87.77  -4.81 21 21  +43 10   100  40   0.606 3 4  36
  402  87.97  -3.84 21 18  +44 00    60  30   0.458 3 4  36
  403  88.34   1.71 20 56  +48 03     5   3   0.003 1 6   0 DG 166
  404  88.83  -3.99 21 22  +44 30    90  60   0.680 3 6  36
  405  89.56  -8.04 21 40  +42 00   270  90   5.028 4 6   0 S 118
  406  90.02  38.77 16 45  +60 20   120  30   0.771 2 6   0
  407  90.06  -5.82 21 34  +44 00   120  12   0.335 4 6   0
  408  90.34   2.39 21 01  +50 00     2   2   0.001 1 3  39 DG 170
  409  90.38   2.21 21 02  +49 55     2   2   0.001 1 3  39 DG 169
  410  90.45   1.40 21 06  +49 25     2   2   0.001 3 4  40
  411  90.45   1.84 21 04  +49 43     2   2   0.001 3 4  40 DG 171
  412  90.48   2.30 21 02  +50 03     2   2   0.001 1 3  39
  413  90.48  38.06 16 50  +60 50    40  12   0.127 2 6   0
  414  91.00  -6.39 21 40  +44 12    15  10   0.049 4 5   0 S 123
  415  91.47  38.51 16 45  +61 30   210  20   1.021 2 6   0
  416  91.66  -2.54 21 28  +47 30    80  10   0.278 3 6  37
  417  91.75  -1.47 21 24  +48 20    30  20   0.113 3 6  37
  418  92.16 -31.71 22 55  +24 00   200 120   1.873 1 6   0
  419  92.93 -37.77 23 10  +19 00   180 180   4.911 1 6   0
  420  93.22 -10.33 22 03  +42 30   190  90   2.560 2 6   0
  421  94.08  -1.36 21 34  +50 00    30  12   0.085 3 4  38
  422  94.20   8.02 20 49  +56 35    15  13   0.046 1 5   0 C 184
  423  94.41  -1.48 21 36  +50 08    12  10   0.021 3 2  38
  424  94.43  -5.58 21 52  +47 00    10  10   0.018 2 1   0 IC 5146
  425  94.57 -10.68 22 10  +43 00   270 270   8.412 1 6  52
  426  94.79  -1.77 21 39  +50 10    90  30   0.190 3 4  38 S 124
  427  94.89 -33.71 23 08  +23 20    20   8   0.032 2 6   0
  428  94.98 -16.95 22 30  +38 00   110  30   0.704 3 6  55 S 126
  429  95.10 -16.04 22 28  +38 50   100  20   0.415 3 4  55
  430  95.27 -16.14 22 29  +38 50    50  10   0.099 3 3  55
  431  95.40 -31.87 23 06  +25 10    50   8   0.081 2 6   0
  432  95.55 -12.55 22 20  +42 00   270  30   2.729 2 5  52
  433  95.77 -17.61 22 35  +37 50   120  30   0.972 3 6   0
  434  95.90 -49.94 23 40  +09 00    80  30   0.732 2 6   0
  435  96.04 -18.34 22 38  +37 20    20  12   0.060 3 6  56
  436  96.23   2.55 21 27  +54 20     1   1   0.001 4 4   0 S 127
  437  96.26 -14.97 22 30  +40 20    75  20   0.366 2 4  52 DG 187
  438  96.31 -18.30 22 39  +37 30    30   5   0.039 2 4  56
  439  96.37 -28.75 23 03  +28 20    28   6   0.042 1 6   0
  440  96.59 -19.03 22 42  +37 00    10  10   0.014 3 5   0
  441  97.47   8.50 21 02  +59 21     1   1   0.001 2 4   0 DG 168
  442  97.54 -15.12 22 36  +40 50   110  30   0.567 2 5  52
  443  97.56   3.14 21 31  +55 40     1   1   0.001 3 2   0 S 128
  444  97.80  15.26 20 18  +63 40    10  10   0.021 3 6  10
  445  97.95   7.55 21 10  +59 05    60   5   0.095 3 4  24
  446  97.99   6.51 21 16  +58 23    12  10   0.031 1 3   0 C 191
  447  98.01  15.90 20 14  +64 10    10   3   0.024 3 6  10
  448  98.14 -14.88 22 38  +41 20    42  10   0.113 2 6  52
  449  98.26   7.84 21 10  +59 30   150 110   1.190 3 5  24 C 190
  450  98.81 -14.48 22 40  +42 00   290  90   4.849 4 6   0
  451  98.83   4.12 21 33  +57 15    12   4   0.007 3 2  14 IC 1396B
  452  98.87   3.97 21 34  +57 10    14   2   0.007 3 2  14 IC 1396A
  453  98.97   7.81 21 14  +60 00   100  13   0.310 3 4  24
  454  99.41 -15.37 22 45  +41 30   180 120   4.169 2 6  52
  455  99.50   3.86 21 38  +57 30   150 130   4.475 3 4  14
  456  99.88   4.30 21 38  +58 05    10   3   0.011 3 2  14
  457 100.22   3.68 21 43  +57 50    90  40   0.880 3 3  14
  458 100.54 -16.13 22 52  +41 20    80  30   0.444 2 5  52
  459 100.76  17.32 20 15  +67 10   160 120   0.775 4 6   0
  460 100.91 -16.68 22 55  +41 00    35  20   0.070 2 4  52
  461 101.07 -14.70 22 51  +42 50    60  15   0.254 2 5  52
  462 101.18 -15.32 22 53  +42 20    30  20   0.123 2 4  52
  463 101.24 -16.46 22 56  +41 20    50  25   0.183 2 5  52
  464 101.56  22.01 19 32  +69 50    70  15   0.236 2 6   7
  465 101.66  22.77 19 24  +70 10    90  10   0.194 2 6   7
  466 102.41 -31.06 23 29  +28 20    20   5   0.014 1 6   0
  467 102.50 -25.55 23 20  +33 30    15   5   0.018 2 5  60
  468 102.67  15.42 20 42  +67 40    60  50   0.426 3 6  18
  469 102.76  21.89 19 38  +70 50    60  20   0.278 2 6   6
  470 102.76 -27.25 23 24  +32 00   240 120   3.370 2 5  60
  471 102.76  -0.70 22 17  +55 50    30  20   0.081 3 2  13
  472 102.78  10.64 21 19  +64 40    30  15   0.081 1 4   0 DG 174
  473 102.79  -0.92 22 18  +55 40    80  70   1.187 3 4  13 S 132
  474 102.84   2.07 22 06  +58 10    45  10   0.077 3 5  12
  475 103.04  14.12 20 55  +67 10   150  50   2.313 3 6  18
  476 103.05   9.67 21 27  +64 10    80  20   0.320 4 5   0 S 133
  477 103.09 -17.10 23 06  +41 30    40  20   0.176 2 4   0
  478 103.09 -15.28 23 02  +43 10    30  30   0.067 2 5   0
  479 103.10   1.28 22 11  +57 40    45  20   0.180 3 4  12
  480 103.11 -24.15 23 20  +35 00    90  20   0.486 2 5  60
  481 103.20  22.72 19 30  +71 30    80   8   0.127 2 6   6
  482 103.30   3.38 22 03  +59 30    20  10   0.049 3 5  12
  483 103.47  14.94 20 51  +68 00    20  10   0.046 3 6  18
  484 103.57 -30.89 23 33  +28 50    60  40   0.570 2 6   0
  485 103.71   2.17 22 11  +58 45    10   5   0.007 3 4  12
  486 104.04   1.73 22 15  +58 34    20   8   0.028 3 5  12
  487 104.08  14.21 21 01  +68 00    10   8   0.018 1 1  18 NGC 7023
  488 104.11   3.42 22 08  +60 00    23  15   0.035 3 5  12
  489 104.23   2.02 22 15  +58 55     8   2   0.004 3 3  12
  490 104.28   2.09 22 15  +59 00   190 150   6.729 3 6  12 S 134
  491 104.38   2.02 22 16  +59 00    13   5   0.018 3 3  12
  492 104.39   1.32 22 19  +58 25    22  15   0.056 3 4  12 S 135
  493 104.44   1.39 22 19  +58 30     5   2   0.005 3 2  12
  494 104.68   4.24 22 08  +61 00   100  50   0.954 3 6  17
  495 105.17  13.40 21 15  +68 15    12   8   0.030 3 5   0 DG 172
  496 105.28   4.03 22 13  +61 10     4   4   0.004 3 5  17 DG 180
  497 105.30   9.90 21 41  +65 50     2   2   0.001 2 1   0 NGC 7129
  498 105.48   7.80 21 55  +64 20   120  60   1.415 4 5   0 S 137
  499 105.75 -18.31 23 21  +41 20    20  20   0.070 1 5   0
  500 106.21   5.41 22 13  +62 50     7   5   0.005 1 3  11
  501 106.30  -0.11 22 37  +58 10    25  15   0.088 3 5  16
  502 106.32  -0.35 22 38  +57 58    10   7   0.018 3 4  16 S 139
  503 106.32 -20.19 23 27  +39 45    30   4   0.035 1 5   0
  504 106.34  11.77 21 36  +67 55     2   2   0.001 1 2   0 C 194
  505 106.60   5.16 22 17  +62 50    35  25   0.236 3 5  11 S 140
  506 106.76  -0.92 22 43  +57 40    83  60   1.063 4 5  15
  507 106.77 -19.55 23 28  +40 30    60  10   0.180 1 5   0
  508 106.78   4.60 22 21  +62 27     1   1   0.001 2 5   0 DG 183
  509 106.79   3.26 22 27  +61 20     5   6   0.002 3 6   0 S 141
  510 106.83   3.34 22 27  +61 25     3   3   0.003 4 5   0
  511 107.04  -0.97 22 45  +57 45    25  20   0.092 3 1  15 NGC 7380
  512 107.64   0.76 22 43  +59 34    10   7   0.014 3 5   0 S 144
  513 107.80  -0.34 22 48  +58 40    50  30   0.250 3 6   0
  514 108.24   0.53 22 48  +59 38     3   2   0.001 4 3   0 S 146
  515 108.28  13.32 21 40  +70 20    35  20   0.158 3 6   0
  516 108.33  -1.05 22 54  +58 15     2   2   0.001 3 4   0 S 149
  517 108.59  -2.73 23 01  +56 50    30  23   0.095 3 5   0 S 151
  518 108.78  -1.01 22 57  +58 29     5   5   0.007 3 4   0 S 153
  519 108.80  -0.98 22 57  +58 31     2   2   0.001 3 4   0 S 152
  520 108.88   6.09 22 30  +64 50    35   5   0.053 3 4  11 S 150
  521 108.96   1.70 22 49  +61 00    55  20   0.211 3 4  11 S 154
  522 108.98   2.80 22 45  +62 00   540  90  19.433 3 5  11
  523 109.07   6.41 22 30  +65 12    15  10   0.032 1 5  11 DG 186
  524 109.57   2.41 22 51  +61 55     4   3   0.002 1 4  11 DG 188
  525 109.78 -40.67 00 06  +20 50    30  18   0.099 1 6   0
  526 109.91   7.43 22 32  +66 30    50  20   0.197 3 6  11
  527 110.07   2.64 22 54  +62 20    14   5   0.014 3 2  11
  528 110.08  12.31 22 04  +70 40   120  20   0.408 4 6   5
  529 110.11   2.44 22 55  +62 10    50  30   0.303 3 4  11 S 155
  530 110.24 -41.26 00 08  +20 20    25  12   0.056 1 6   0
  531 110.25  11.38 22 12  +70 01    10   3   0.007 3 3   5 DG 179
  532 110.71   9.67 22 27  +68 50    20  20   0.042 2 6   0
  533 110.96  -0.83 23 12  +59 30    27  10   0.049 3 2  11
  534 111.05 -12.46 23 38  +48 30    90  10   0.233 2 3   0 DG 191
  535 111.07  14.08 22 00  +72 40   155  30   1.141 4 6   4
  536 111.08  -0.87 23 13  +59 30    80  40   0.489 3 4  11
  537 111.14  -0.72 23 13  +59 40     3   3   0.001 2 1  11 S 157
  538 111.16  11.66 22 19  +70 45    10   4   0.011 2 5   0
  539 111.26   9.35 22 34  +68 50     2   2   0.001 2 1   0
  540 111.37  -0.45 23 14  +60 00    60  10   0.095 3 3  11
  541 111.54  13.70 22 08  +72 38     5   3   0.006 1 4   4 DG 177
  542 111.58   0.77 23 12  +61 13     8   7   0.011 3 1  11 NGC 7538
  543 111.67   0.33 23 14  +60 50     7   7   0.007 3 4  11 S 158
  544 111.72  -0.23 23 16  +60 20    20   3   0.021 3 4  11
  545 111.81  19.13 21 15  +76 50     5   5   0.005 1 5   3
  546 111.84  14.10 22 08  +73 08    10   5   0.018 1 3   4 DG 178
  547 112.02   0.90 23 15  +61 30    90  50   1.063 3 4  11 S 161
  548 112.16   0.23 23 18  +60 55    15   8   0.025 3 1  11 NGC 7635
  549 112.16   0.23 23 18  +60 55    30  25   0.123 3 3  11
  550 112.23  20.50 21 00  +78 00   140  30   0.803 2 5   3
  551 112.52   3.75 23 10  +64 20   100  15   0.440 3 5   0 S 160
  552 112.55  20.79 20 59  +78 25    35  10   0.070 2 5   3
  553 112.77  18.02 21 40  +76 43     5   5   0.007 1 5   3
  554 113.05  -4.51 23 36  +56 41     5   5   0.004 3 4   0 S 164
  555 113.08  21.10 21 00  +79 00   145  40   1.120 2 6   3
  556 113.49 -42.39 00 19  +19 40    60  10   0.162 3 6   0
  557 113.53  -0.67 23 31  +60 30    18  10   0.035 3 4   0 S 163
  558 113.65  15.16 22 20  +75 00   135  30   0.430 4 6   0
  559 113.87 -12.30 23 54  +49 20    15  10   0.027 2 5  48
  560 114.07 -12.17 23 55  +49 30   140  60   1.136 2 6  48
  561 114.12 -13.51 23 57  +48 12    15   5   0.009 2 4  48
  562 114.18  -6.90 23 48  +54 40   110  20   0.690 1 6   0
  563 114.26 -11.28 23 55  +50 25    60  10   0.136 2 4  48
  564 114.48 -13.45 23 59  +48 20    70  15   0.160 2 4  48
  565 114.55   0.22 23 37  +61 39     8   8   0.014 3 4   0 S 165
  566 114.63  -0.85 23 40  +60 38    10  10   0.021 3 6   0 S 166
  567 115.35  17.57 22 20  +77 55    27  15   0.077 4 6   0
  568 115.71  -1.61 23 50  +60 10     5   5   0.004 2 3   0 S 168
  569 115.73  20.13 21 53  +80 10    70  60   0.852 3 6   0
  570 115.78 -44.13 00 27  +18 10    80  20   0.373 3 6  67
  571 115.84  -1.60 23 51  +60 12     5   5   0.005 3 2   0
  572 116.03  25.51 19 50  +83 30   180  25   0.915 3 6   0
  573 116.20  12.34 23 12  +73 40    30  20   0.092 3 5   8
  574 116.36 -44.68 00 29  +17 40    40  10   0.070 3 6  67
  575 116.80  12.30 23 20  +73 50    40  15   0.130 4 6   8
  576 116.81   0.03 23 56  +62 00    30   2   0.035 4 5   0
  577 117.62   2.29 23 59  +64 23    20  20   0.070 3 4   0 S 170
  578 117.68  -3.69 00 08  +58 30     5   5   0.005 1 1   0
  579 117.94  24.90 20 40  +84 50    80  40   0.592 3 6   0
  580 118.06   5.04 23 58  +67 10    10   4   0.007 3 3  22
  581 118.11   4.78 23 59  +66 55    20  10   0.056 3 2  22 C 214
  582 118.25   4.84 00 00  +67 00   180 150   2.447 3 5  22
  583 118.25   4.84 00 00  +67 00   120  90   2.965 3 6  22
  584 118.28   4.49 00 01  +66 40    35  35   0.225 3 4  22
  585 118.32   3.16 00 04  +65 21     1   1   0.001 1 6   0 DG   2
  586 118.37   4.98 00 01  +67 10    35  10   0.095 3 3  22
  587 118.50   6.15 00 00  +68 20    95  20   0.398 3 4  22
  588 118.51   4.62 00 03  +66 50    25  20   0.077 3 2  22
  589 118.59   6.13 00 01  +68 20    20   4   0.021 3 3  22 NGC 7822
  590 119.04   3.02 00 01  +65 20     2   2   0.001 1 5   0 DG   3
  591 119.04  -3.37 00 18  +59 00     6   4   0.002 3 3   0
  592 119.33  -0.89 00 18  +61 30    20   5   0.018 3 3  25
  593 119.57  -0.92 00 20  +61 30    25  20   0.113 3 5  25 S 173
  594 119.83  -6.05 00 26  +56 25     2   2   0.001 2 6   0
  595 119.98  -6.02 00 27  +56 28     2   2   0.001 2 6   0
  596 120.29   1.86 00 24  +64 20     1   1   0.001 4 2   0 S 175
  597 120.29  -5.51 00 29  +57 00    12   5   0.011 4 5   0 S 176
  598 120.29  18.39 23 45  +80 40    15  13   0.035 3 5   0 S 174
  599 120.50  -6.52 00 31  +56 00    60  15   0.239 3 6   0 DG   4
  600 120.89 -12.56 00 36  +50 00     7   5   0.003 2 4   0
  601 121.28 -30.41 03 42  +32 10     2   1   0.001 2 4   0 C 24
  602 121.48   6.62 00 32  +69 10     2   1   0.001 1 5   0 DG   5
  603 121.62 -10.59 00 40  +52 00    85  50   0.546 2 6  32
  604 122.07  -0.93 00 41  +61 40     5   5   0.004 1 5   0
  605 122.17  -7.10 00 43  +55 30   180  70   2.725 2 6  31
  606 122.23  26.05 23 00  +88 30   140  70   2.039 3 6   1
  607 122.36  -4.94 00 44  +57 40    60  30   0.292 2 4  32
  608 122.55 -11.61 00 46  +51 00    10   3   0.007 2 4  29
  609 122.55 -11.86 00 46  +50 45    20  20   0.042 2 4  29
  610 122.60  -7.27 00 46  +55 20     7   2   0.001 2 5   0 DG   7
  611 122.62  -5.61 00 46  +57 00    10   3   0.056 2 4  32
  612 122.71 -12.19 00 47  +50 25    13   3   0.011 2 4  29
  613 122.71 -12.11 00 47  +50 30     3   2   0.001 2 4  29
  614 122.92   2.39 00 48  +65 00    15   8   0.028 4 6   0 S 181
  615 123.03  -6.44 00 49  +56 10    23  10   0.060 3 4  31
  616 123.17  -6.28 00 50  +56 20    35  30   0.148 3 1  31 NGC  281
  617 123.21  23.39 01 00  +86 00   450 300  39.240 3 6   1 S 178
  618 123.23   2.89 00 51  +65 30    45  20   0.092 4 6   0
  619 123.52 -28.27 00 51  +34 20   110  20   0.426 1 6   0
  620 123.63  -1.77 00 54  +60 50    10   5   0.011 1 2  26 IC   59
  621 123.70  -6.40 00 54  +56 13     2   2   0.001 1 5   0 DG   6
  622 123.88  -1.93 00 56  +60 40    10   3   0.007 2 1  26 IC   63
  623 123.88  -1.93 00 56  +60 40   120  25   0.919 2 6  26 S 185
  624 124.12  10.67 01 04  +73 15     6   3   0.003 3 4   0
  625 124.12  -1.76 00 58  +60 50    60  20   0.264 3 4  26
  626 125.32  10.53 01 20  +73 00   150  30   1.560 4 6   0
  627 125.98  32.27 11 00  +84 30   280 150   6.641 3 6   2
  628 126.54  24.68 04 10  +85 50    13  10   0.028 3 5   1
  629 126.54  32.58 10 50  +84 00    75  30   0.514 3 5   2
  630 126.70  -0.80 01 20  +61 35     3   2   0.001 3 5   0 S 187
  631 126.81  23.74 03 45  +85 00    80  30   0.711 3 6   1
  632 127.53  24.47 04 30  +85 00   105  30   0.687 3 6   1
  633 128.04  -4.12 01 27  +58 07    10   3   0.004 3 1   0 S 188
  634 128.86  13.60 02 20  +75 10    23   8   0.025 4 5   0
  635 129.99  11.52 02 24  +72 50    10  10   0.024 1 5   9
  636 130.06  11.55 02 25  +72 50     8   3   0.004 1 5   9 DG   9
  637 130.43  -6.52 01 41  +55 20    35  10   0.077 1 6   0
  638 130.67  -6.98 01 42  +54 50    30  10   0.077 1 6   0
  639 131.35 -45.88 01 13  +16 20    25   8   0.042 2 5  68
  640 131.54  -8.16 01 46  +53 30    35  25   0.148 3 6   0
  641 132.05   1.12 02 08  +62 20    35  10   0.088 4 6  28
  642 133.27   0.82 02 17  +61 40    25   5   0.028 3 6  28
  643 133.46   8.48 02 47  +68 40     3   2   0.002 1 4   0 DG  10
  644 133.57 -44.96 01 20  +17 00   270  20   1.373 2 6  68
  645 133.80   1.10 02 22  +61 45    12  12   0.028 3 1  28 IC 1795
  646 133.82   1.38 02 23  +62 00    13   8   0.025 3 3  28
  647 133.99   1.26 02 24  +61 50    20  10   0.035 3 2  28
  648 134.04   1.46 02 25  +62 00   120  60   1.239 3 6  28
  649 134.04  -0.99 02 18  +59 42     2   2   0.001 4 6   0
  650 134.05   0.75 02 23  +61 20    35  30   0.229 3 6  28
  651 134.25  14.00 03 30  +73 00   210 210   9.775 4 6   0
  652 134.84   5.44 02 46  +65 20    35  20   0.155 4 6   0
  653 134.90  -5.49 02 13  +55 10    10   1   0.002 1 3   0
  654 134.96   0.75 02 30  +61 00    60  60   0.827 3 3  28 IC 1805
  655 135.02   0.60 02 30  +60 50    80  30   0.461 3 5  28
  656 135.10   0.09 02 29  +60 20    55  20   0.176 3 3  28
  657 135.13   0.01 02 29  +60 15    15  10   0.028 3 2  28
  658 135.74   1.09 02 37  +61 00   100  30   1.331 3 5  28
  659 135.91  -0.56 02 33  +59 25     2   2   0.001 4 4   0
  660 136.20   2.10 02 44  +61 44     3   3   0.001 3 5  28 S 193
  661 136.21   2.09 02 44  +61 43     1   1   0.001 3 5  28 S 192
  662 136.23   2.04 02 44  +61 40     2   2   0.001 3 5  28
  663 136.29  -0.46 02 36  +59 22     1   1   0.001 4 6   0 S 191
  664 136.40   2.50 02 47  +62 00     6   6   0.007 3 4  28 S 196
  665 136.53  -0.37 02 38  +59 21     2   2   0.001 4 6   0 S 195
  666 137.23  -9.80 02 18  +50 20    24   8   0.036 1 6  49
  667 137.24   0.77 02 47  +60 05    40  10   0.130 3 2  27 IC 1848
  668 137.29  -9.96 02 18  +50 10   150  60   1.779 1 6  49
  669 137.38   0.19 02 46  +59 30    10  10   0.021 3 4  27
  670 137.39   0.47 02 47  +59 45    25   5   0.028 3 2  27
  671 137.50 -10.06 02 19  +50 00    22   7   0.030 1 6  49
  672 137.62   0.86 02 50  +60 00   120  60   1.254 3 3  27
  673 137.69   1.27 02 52  +60 20    25   7   0.042 3 2  27
  674 138.18   4.11 03 07  +62 35     8   8   0.014 4 6   0 S 200
  675 138.50   1.59 02 59  +60 14     4   4   0.003 3 4  27 IC 1871
  676 139.57   2.70 03 11  +60 40    20   4   0.010 3 4  27
  677 140.07   1.64 03 10  +59 30   240 120   7.996 4 6  27 S 202
  678 140.14   3.85 03 20  +61 20     3   2   0.001 1 4   0 DG  13
  679 140.77  -1.42 03 03  +56 30   105  10   0.313 4 5   0
  680 141.62  -0.44 03 12  +56 55    10   5   0.011 1 5   0 DG  12
  681 141.68   2.87 03 26  +59 40    20   8   0.095 1 4  27
  682 142.14   1.97 03 25  +58 40    35  20   0.028 1 4  27 DG  17
  683 142.46  37.02 09 10  +71 00   300  30   2.996 1 6   0
  684 142.65   1.91 03 28  +58 20    40  20   0.240 1 6  27
  685 143.37  -2.20 03 16  +54 30    90  70   1.525 4 6  33 S 203
  686 143.46  -2.89 03 14  +53 52     5   3   0.001 4 5  33
  687 144.89  17.42 05 22  +67 30    50  30   0.419 2 6  21
  688 145.45 -39.40 02 02  +20 00    60  30   0.246 2 5  65 DG   8
  689 145.80   2.83 03 51  +57 10    30  10   0.049 4 5   0 S 204
  690 146.21  17.61 05 30  +66 30    80  20   0.419 2 6  21
  691 147.05  41.11 09 33  +66 00   180 120   3.197 2 6   0
  692 147.56  36.88 08 52  +67 15    20  10   0.039 2 5  19
  693 147.69  17.07 05 32  +65 00    90  35   0.810 2 6  21
  694 147.69 -25.69 02 34  +31 50    90  15   0.039 2 6   0
  695 147.82  37.57 08 58  +66 50   110  40   1.127 2 6  19
  696 148.11  -0.45 03 49  +53 10    43  25   0.225 3 5  30
  697 148.13   4.32 04 11  +56 45     5   5   0.003 4 6   0
  698 148.15  23.46 06 32  +67 00   105  15   0.377 2 5  20
  699 148.81  16.60 05 33  +63 50    30  10   0.074 2 6  21
  700 148.83  17.71 05 42  +64 20    45  15   0.134 2 6  21
  701 149.02  -0.13 03 55  +52 50   100  80   1.641 3 5  30 S 205
  702 149.07  24.06 06 40  +66 20    70  50   0.637 2 6  20
  703 149.59 -39.12 02 15  +19 00   420 120   7.176 2 6  65
  704 150.56  -0.99 03 59  +51 11     6   9   0.011 3 1  51 NGC 1491
  705 150.69  -0.90 04 00  +51 10    25  25   0.123 4 3  51
  706 150.90  -1.15 04 00  +50 50    45  10   0.142 4 4  51 S 206
  707 150.95 -38.06 02 21  +19 30    50  20   0.236 2 5  65
  708 151.25   2.12 04 16  +53 00     7   5   0.003 4 3   0 S 207
  709 151.45  -1.78 04 00  +50 00    45  20   0.190 1 6   0
  710 151.54  -0.24 04 07  +51 05     7   7   0.003 4 3   0
  711 152.38 -37.68 02 26  +19 20    30  10   0.137 2 5  65
  712 152.67   2.84 04 26  +52 30    20  20   0.092 4 5   0 S 210
  713 152.91  -8.35 03 42  +44 00   160  80   2.542 1 6  53
  714 153.32  -8.88 03 42  +43 20    60  30   0.342 1 6  53
  715 154.25 -44.47 02 18  +12 40    60   8   0.106 1 6   0
  716 154.40 -16.40 03 23  +36 40    10   8   0.011 3 5  54
  717 154.69   2.43 04 33  +50 45     2   2   0.001 3 2   0 S 211
  718 154.74 -15.14 03 28  +37 30   210  30   1.775 3 6  54
  719 154.79 -15.20 03 28  +37 25    35  30   0.246 3 5  54
  720 155.13 -14.65 03 31  +37 40    70  25   0.313 3 5  54
  721 155.19 -14.40 03 32  +37 50    12  10   0.032 1 5  54 DG  19
  722 155.43   2.63 04 37  +50 20     5   5   0.004 3 1   0 NGC 1624
  723 155.50  32.62 08 03  +61 30    55  12   0.151 2 6  23
  724 155.53  -6.41 04 00  +43 50    40   8   0.074 1 6   0
  725 155.96 -24.08 03 08  +29 30   180  60   3.440 3 6  61
  726 156.05 -23.42 03 10  +30 00   360 330  22.000 3 6  61
  727 156.50  32.52 08 02  +60 40    43  10   0.081 2 5  23
  728 156.51  35.11 08 23  +60 30    25  10   0.049 2 6   0
  729 156.68  34.50 08 18  +60 25    32   6   0.035 2 6   0
  730 156.85 -44.77 02 24  +11 30   180  12   0.754 1 6   0
  731 157.08  -3.61 04 17  +44 50     1   1   0.001 3 6   0 S 213
  732 157.08  32.78 08 04  +60 10    25   5   0.028 2 6  23
  733 157.48  32.66 08 03  +59 50    35   7   0.049 2 6  23
  734 157.58 -20.59 03 23  +31 30    10   2   0.002 3 4   0 DG  14
  735 157.62  -3.90 04 18  +44 15     4   4   0.003 4 6   0 S 214
  736 157.76  -8.90 04 00  +40 30   210 120   4.852 2 6   0
  737 157.77   2.28 04 45  +48 28     1   1   0.001 2 3   0 DG  45
  738 158.14 -13.85 03 45  +36 30   300 120   7.510 3 6  54
  739 158.22   5.92 05 04  +50 16     8   5   0.009 1 5   0
  740 158.25 -21.08 03 24  +30 44    20  10   0.039 1 5   0
  741 158.31 -20.44 03 26  +31 13     9   7   0.014 1 3   0 NGC 1333
  742 158.62   0.70 04 41  +46 40    55  30   0.260 3 5  35
  743 158.71 -33.88 02 53  +20 00   140  70   1.951 2 5  66
  744 158.73   0.83 04 42  +46 40    50  15   0.151 3 4  35 S 216
  745 159.17   3.33 04 55  +47 56     9   9   0.012 3 3   0 S 217
  746 159.31 -21.67 03 26  +29 40    10  10   0.007 1 4   0 DG  16
  747 159.33   2.55 04 52  +47 19     2   2   0.001 3 3   0 S 219
  748 159.39 -14.36 03 48  +35 20    40  30   0.303 1 4  54
  749 159.59 -18.51 03 36  +32 00   150  60   1.820 2 6  62
  750 159.84  12.50 05 45  +52 30    90  20   0.408 3 6  34 S 218
  751 159.90  11.58 05 40  +52 00   160  20   0.880 4 6  34
  752 159.95 -11.90 03 58  +36 50   300  60   2.842 3 4  54
  753 160.07 -35.54 02 53  +18 00   100  60   1.056 2 6  66
  754 160.09   1.93 04 52  +46 20    60  15   0.166 4 6   0 S 221
  755 160.16   0.97 04 48  +45 40    12   6   0.015 4 6   0
  756 160.18 -12.15 03 58  +36 30   160  40   0.982 3 1  54 NGC 1499
  757 160.45 -15.24 03 49  +34 00    45  15   0.158 3 6  54
  758 160.47 -17.86 03 41  +31 59    10  10   0.011 2 2  62 IC  348
  759 161.30   3.18 05 02  +46 10    90  30   0.716 3 6   0
  760 161.45  14.78 06 03  +52 10    25  15   0.092 1 6   0
  761 161.59 -20.85 03 36  +29 00   140  30   0.119 2 6   0
  762 161.73 -35.81 02 57  +17 00    30  30   0.158 2 5  66
  763 162.83 -31.84 03 10  +19 40    25  12   0.081 2 6   0
  764 163.16  12.53 05 55  +49 40    40  10   0.118 3 6  50
  765 163.76  12.22 05 55  +49 00    50  20   0.181 3 6  50
  766 165.14  -8.51 04 28  +35 20     3   3   0.002 1 4   0
  767 165.38  -8.73 04 28  +35 20     3   3   0.002 1 4   0 NGC 1579
  768 165.93   2.44 05 14  +42 00    70  10   0.187 4 4   0 S 223
  769 166.16   4.52 05 24  +43 00    20   3   0.011 4 5   0 S 224
  770 166.39 -23.63 03 43  +24 00    90  90   1.042 1 3  64
  771 166.39 -23.63 03 43  +24 00    60  40   0.834 1 1  64 NGC 1432
  772 166.39 -23.63 03 43  +24 00   180 180   4.113 1 5  64
  773 166.92 -25.20 03 40  +22 30   150 120   5.739 1 6  64 DG  20
  774 167.05 -21.26 03 52  +25 20   180  30   1.116 1 3  64
  775 167.58 -19.18 04 00  +26 30    50  20   0.243 3 6  64
  776 167.67 -22.55 03 50  +24 00   200  60   3.046 1 6  64
  777 168.10 -19.04 04 02  +26 15    20  18   0.074 3 4  64 DG  26
  778 168.13   2.97 05 23  +40 30    10   3   0.014 4 5   0 S 225
  779 168.34 -20.57 03 58  +25 00   150  60   2.708 3 6  64
  780 168.49  -0.89 05 08  +37 58     2   2   0.002 4 3   0 S 226
  781 168.71   0.89 05 16  +38 50    30  20   0.065 4 5   0 S 227
  782 169.02 -15.54 04 16  +28 05    15  10   0.032 2 5   0 IC  359
  783 169.24  -0.94 05 10  +37 20    10   8   0.015 3 5 116
  784 169.24  -0.94 05 10  +37 20     2   2   0.002 3 1 116 S 228
  785 169.30 -14.89 04 19  +28 20     5   5   0.011 3 4   0 DG  30
  786 170.00 -18.29 04 10  +25 30   180 100   2.669 3 4  64 IC  360
  787 171.10   0.22 05 20  +36 30   180  20   1.134 4 6  57
  788 171.88 -15.66 04 24  +25 59     5   2   0.002 3 4  64 C 33
  789 171.92   3.27 05 35  +37 30   120  30   0.986 4 6   0
  790 172.02  30.47 07 54  +47 20    30  10   0.103 2 6   0
  791 172.07  -2.72 05 11  +34 00   100  30   0.493 3 3  57
  792 172.09  -9.72 04 45  +29 42    10   6   0.018 1 4   0
  793 172.09 -14.64 04 28  +26 30   360 120   6.620 4 6  64
  794 172.15  -0.01 05 22  +35 30    55  10   0.173 3 3  57
  795 172.16  -2.02 05 14  +34 20    50  30   0.331 3 2  57 IC  405
  796 172.56  -2.05 05 15  +34 00   240 240   8.412 3 4  57
  797 172.72   2.04 05 32  +36 10    60  10   0.120 4 6   0
  798 172.98  -7.37 04 56  +30 29     8   5   0.011 1 4   0 DG  48
  799 173.17 -17.99 04 20  +23 30   140  10   0.423 3 5  64
  800 173.19 -16.48 04 25  +24 30   300  30   3.250 4 6  64
  801 173.21  31.70 08 02  +46 30    90  20   0.314 2 4   0
  802 173.33   2.37 05 35  +35 50     2   2   0.002 3 3   0 S 233
  803 173.44   2.54 05 36  +35 50    12  10   0.021 3 4   0
  804 173.46  -0.16 05 25  +34 20    13  10   0.014 3 2  57 IC  417
  805 173.48   3.24 05 39  +36 10    40  40   0.401 3 4   0 S 232
  806 173.48 -13.73 04 35  +26 05     4   2   0.002 3 5  64 DG  42
  807 173.58  -1.75 05 19  +33 20    40  30   0.194 3 2  57 IC  410
  808 173.65   2.89 05 38  +35 50    10   5   0.014 3 2   0 S 231
  809 173.80  -5.83 05 04  +30 46     2   2   0.001 4 5   0 DG  50
  810 173.92   0.24 05 28  +34 10     4   4   0.002 3 1   0 NGC 1931
  811 173.96  30.38 07 55  +45 40    60  10   0.060 2 4   0
  812 174.03 -15.98 04 29  +24 13     4   4   0.007 2 5  64 DG  37
  813 174.12 -13.67 04 37  +25 39     4   4   0.004 3 3  64 IC 2087
  814 174.34 -17.75 04 24  +22 50    10   6   0.014 1 2  64 C 34
  815 174.71 -15.34 04 33  +24 08     1   1   0.001 3 5  64 DG  40
  816 175.28 -16.70 04 30  +22 50   130  30   1.201 4 6  64
  817 176.18 -20.82 04 19  +19 30     7   7   0.002 3 2   0 NGC 1554
  818 177.80  -0.23 05 36  +30 40    22  10   0.053 3 5   0 DG  66
  819 177.84 -20.28 04 25  +18 40   150  20   1.215 4 6  69
  820 178.55 -53.38 02 47  -04 00    40   8   0.052 1 6   0
  821 178.87 -20.16 04 28  +18 00     6   3   0.002 3 3  69 S 239
  822 180.05  -1.66 05 36  +28 00   200 180   0.000 3 3   0 S 240
  823 180.71   4.30 06 01  +30 30     4   4   0.005 1 2   0 C 61
  824 180.93   4.18 06 01  +30 15     2   2   0.002 3 2  59 DG  85
  825 181.00   4.13 06 01  +30 10    10  10   0.014 4 5  59
  826 182.30   0.07 05 48  +27 00     7   7   0.011 3 3   0 S 242
  827 182.41   0.27 05 49  +27 00    10  10   0.014 3 3   0 DG  84
  828 182.72 -28.39 04 11  +10 05     5   5   0.011 1 3   0 DG  28
  829 183.46 -33.30 03 57  +06 30    22  10   0.042 4 4  79
  830 183.99  -4.16 05 36  +23 20     8   5   0.003 3 5   0 S 243
  831 184.36 -28.85 04 13  +08 40    30  15   0.089 1 6  80
  832 184.36 -28.85 04 13  +08 40     6   3   0.002 1 4  80
  833 184.62  -5.65 05 32  +22 00     8   4   0.003 3 1   0 NGC 1952
  834 184.96 -29.26 04 13  +08 00   140  25   0.926 4 6   0
  835 185.03 -34.34 03 57  +04 50    20   7   0.032 4 4  79
  836 186.52 -34.66 03 59  +03 40    80  12   0.352 4 4  79
  837 186.80  -5.37 05 38  +20 19     3   3   0.002 1 5   0
  838 186.96 -16.62 04 59  +14 00    90  30   0.722 3 6   0 S 246
  839 187.35 -34.86 04 00  +03 00   600  30   5.345 4 5  79 S 245
  840 188.65   3.75 06 16  +23 18     8   4   0.007 1 3  63 IC  444
  841 188.69   4.25 06 18  +23 30    50  40   0.634 3 5  63 S 249
  842 188.71 -26.47 04 30  +07 00   270 120   9.965 2 6  90
  843 189.02   0.91 06 06  +21 36    10  10   0.014 4 3   0 S 247
  844 189.13   2.97 06 14  +22 30    50  40   0.000 0 0   0 IC  443
  845 189.33   4.40 06 20  +23 00    40  30   0.391 3 4   0 DG 101
  846 189.66 -24.95 04 37  +07 10    10   4   0.007 3 5  91 S 250
  847 189.67 -24.65 04 38  +07 20    25   5   0.018 3 6  91
  848 189.68 -14.57 05 12  +12 58     2   2   0.002 2 5  73
  849 189.78 -27.14 04 30  +05 50    10   2   0.007 3 5  90 S 251
  850 189.78 -13.76 05 15  +13 20     5   3   0.003 3 2  73
  851 189.78 -13.76 05 15  +13 20    15   8   0.018 4 5  73
  852 189.94 -26.94 04 31  +05 50    10  10   0.025 4 6  90
  853 189.99 -37.03 03 58  +00 00   930 120  26.900 4 6  79
  854 190.10   0.58 06 07  +20 30    40  30   0.229 3 1   0 NGC 2175
  855 191.42  -0.74 06 05  +18 42     3   2   0.002 1 2   0 C 62
  856 191.43 -52.20 03 10  -09 25    15  15   0.056 3 4   0
  857 192.05 -14.01 05 19  +11 20    70  10   0.063 4 5  73
  858 192.48  -0.21 06 09  +18 02    10  10   0.025 3 5   0 S 254
  859 192.63  -0.02 06 10  +18 00     4   4   0.003 3 2   0 IC 2162
  860 193.74 -22.66 04 53  +05 20    40   4   0.011 3 5   0 S 260
  861 194.03 -39.47 03 57  -04 00    90  15   0.296 4 5  79
  862 194.05  -1.91 06 06  +15 50    30  15   0.053 3 3  71
  863 194.10  -1.93 06 06  +15 47    42  30   0.211 3 4  71 S 261
  864 194.20  -1.99 06 06  +15 40    30  10   0.025 3 3  71
  865 194.68 -12.42 05 30  +10 00   270 240  11.468 3 4  73 C 54
  866 194.69 -15.60 05 19  +08 20     3   3   0.003 1 2  73 C 44
  867 194.69 -15.60 05 19  +08 20    20  20   0.085 3 4  73 S 263
  868 194.71 -19.99 05 04  +06 00    30   5   0.028 4 5   0 S 262
  869 194.80 -16.54 05 16  +07 45    40   5   0.099 4 4  73 S 265
  870 194.85 -48.90 03 26  -09 30    65   2   0.049 4 5   0
  871 195.39 -16.89 05 16  +07 05    30   5   0.060 4 4  73
  872 195.41 -17.19 05 15  +06 55    40   5   0.070 4 4  73
  873 195.63  -2.51 06 07  +14 10    30  12   0.092 3 5  78 S 268
  874 196.11  -2.50 06 08  +13 45    30  12   0.081 3 5  78 S 268
  875 196.21  -1.17 06 13  +14 18     8   5   0.007 3 5   0 S 267
  876 196.49  -1.60 06 12  +13 51     3   2   0.002 3 2   0 S 269
  877 196.79  -3.15 06 07  +12 50     1   1   0.001 3 5   0 S 270
  878 196.95 -10.30 05 42  +09 10    30   5   0.046 3 4  73
  879 197.19 -10.15 05 43  +09 02     3   2   0.002 3 1  73 C 59
  880 197.65 -17.90 05 17  +04 43    40   3   0.053 4 4  73
  881 197.79 -17.11 05 20  +05 00    45  15   0.165 4 4  73
  882 197.83 -17.71 05 18  +04 40    40   6   0.070 4 4  73
  883 197.88 -18.61 05 15  +04 10    40   5   0.070 4 4  73
  884 198.15 -18.18 05 17  +04 10    50   5   0.081 4 4  73
  885 199.00 -15.48 05 28  +04 50    70  10   0.211 3 4  73
  886 199.17 -15.58 05 28  +04 38     3   2   0.002 1 2  73
  887 199.51   0.09 06 24  +12 00   130  35   1.109 3 6   0
  888 199.63 -16.41 05 26  +03 50    55  10   0.148 4 4  73
  889 199.67   1.11 06 28  +12 20    55  20   0.235 3 5   0
  890 199.76 -18.21 05 20  +02 50   120  30   0.908 3 3  73
  891 200.10  11.99 07 09  +16 50   120 120   2.760 1 6   0
  892 200.20 -16.15 05 28  +03 30    30   8   0.056 4 5  73
  893 200.36 -32.94 04 30  -05 00    60  30   0.352 2 6   0
  894 200.62 -14.08 05 36  +04 10    20   4   0.014 1 3  73 DG  70
  895 200.85   0.49 06 28  +11 00   120  40   0.870 3 6   0
  896 201.02 -34.67 04 25  -06 20    40  10   0.085 3 5   0
  897 201.08 -33.56 04 29  -05 50    25   8   0.070 2 5   0
  898 201.31   0.25 06 28  +10 29     5   4   0.004 1 3   0 IC  446
  899 201.54   1.79 06 34  +11 00    30  15   0.081 3 4  77
  900 201.62 -32.96 04 32  -05 56    26   8   0.053 2 5   0
  901 201.63   0.64 06 30  +10 23     2   2   0.001 2 1   0 NGC 2247
  902 201.68   1.72 06 34  +10 50     9   4   0.007 3 2  77
  903 201.69   0.05 06 28  +10 03    25  20   0.127 1 3   0 IC 2169
  904 201.79   0.55 06 30  +10 12     2   2   0.001 2 1   0 NGC 2245
  905 201.83 -11.31 05 48  +04 30    80  60   0.954 4 6  73
  906 202.16 -31.23 04 39  -05 30    40  30   0.278 2 4   0
  907 202.59 -22.31 05 11  -01 30    10   8   0.025 1 3  73
  908 202.61  -8.89 05 58  +05 00   240  90   4.032 4 6  73
  909 202.80 -31.80 04 38  -06 15    35  10   0.088 1 4   0
  910 202.82 -23.28 05 08  -02 10    45  10   0.265 1 3  73
  911 202.92   2.18 06 38  +09 57    10   7   0.014 3 1  76 NGC 2264
  912 203.10   2.09 06 38  +09 45    45  25   0.137 3 2  76
  913 203.12 -16.87 05 31  -00 42     2   2   0.002 1 2  73 IC  423
  914 203.43 -16.75 05 32  -00 30     2   2   0.002 1 2  73 DG  59
  915 203.48 -22.19 05 13  -02 10    60  20   0.261 1 3  73
  916 203.49 -24.76 05 04  -03 25     2   2   0.002 1 1  73 NGC 1788
  917 203.50 -30.15 04 45  -06 00    70  30   0.465 1 3  73
  918 203.64 -17.43 05 30  +00 00  1560 600 130.000 3 6  73
  919 203.68 -21.16 05 17  -01 50    50  15   0.144 1 3  73
  920 203.74   1.20 06 36  +08 46     2   1   0.001 2 1   0 NGC 2261
  921 203.76 -16.35 05 34  -00 25    10   3   0.010 1 2  73 IC  426
  922 203.77   1.74 06 38  +09 00   180  60   4.687 3 4   0
  923 203.79 -25.48 05 02  -04 00   120  60   1.180 3 5  73
  924 203.96 -15.31 05 38  -00 45    15  10   0.032 3 4  73
  925 204.03 -15.35 05 38  -00 40     2   2   0.001 1 3  73 DG  71
  926 204.08   4.64 06 49  +10 03    10   5   0.007 2 5   0
  927 204.09 -15.38 05 38  -00 36     2   2   0.001 1 3  73 DG  73
  928 204.24 -16.03 05 36  -00 10    15  10   0.039 1 3  73 DG  67
  929 204.31   0.62 06 35  +08 00   540 120  28.400 3 5  74
  930 204.44  -0.56 06 31  +07 20    30  20   0.148 1 4  75
  931 204.44  -0.56 06 31  +07 20    15  10   0.032 1 3  75 IC  448
  932 204.50  -1.16 06 29  +07 00    55  10   0.123 3 4  74
  933 204.60 -13.66 05 45  +01 00   420  30   5.109 3 3  73 DG  82
  934 204.60 -13.66 05 45  +01 00   140  15   0.542 3 2  73
  935 204.96 -17.55 05 32  -01 10    15   5   0.018 1 3  73
  936 205.03  -0.87 06 31  +06 40    11   5   0.010 3 3  74
  937 205.13 -22.17 05 16  -03 30   200  80   2.627 1 4  73
  938 205.32 -14.04 05 45  +00 12     7   5   0.007 2 2  73 NGC 2071
  939 205.38 -14.35 05 44  +00 00    10  10   0.007 2 1  73 NGC 2064
  940 205.42 -17.78 05 32  -01 40    50  10   0.120 1 3  73 NGC 1990
  941 205.46  -1.66 06 29  +05 55    18   8   0.028 3 3  74
  942 205.70 -21.89 05 18  -03 50   100  10   0.271 1 3  73
  943 205.92  -1.34 06 31  +05 40    30   9   0.053 3 3  74
  944 206.06 -16.41 05 38  -01 33     8   5   0.011 1 1  73 IC  431
  945 206.18 -23.53 05 13  -05 00    90  60   1.021 1 3  73
  946 206.21 -16.20 05 39  -01 35    10  10   0.021 1 1  73 IC  432
  947 206.29   1.55 06 42  +06 40    60  10   0.134 3 4  74
  948 206.39  -1.87 06 30  +05 00    80  60   1.042 3 1  74 NGC 2238
  949 206.39  -1.87 06 30  +05 00    18  18   0.060 3 3  74
  950 206.41 -17.44 05 35  -02 20    70  60   1.162 3 3  73
  951 206.71  -0.91 06 34  +05 10    15   3   0.007 3 3  74
  952 206.87   0.13 06 38  +05 30   200  90   4.331 3 4  74
  953 206.90 -16.56 05 39  -02 20    90  30   0.504 3 1  73 IC  434
  954 206.90 -16.56 05 39  -02 20    10   8   0.010 1 1  73 NGC 2023
  955 207.26 -13.06 05 52  -01 00    40  10   0.141 3 2  73
  956 207.29 -22.66 05 18  -05 30    50   5   0.081 3 4  73 S 278
  957 207.42 -22.44 05 19  -05 30     8   8   0.014 1 3  73
  958 207.43 -17.39 05 37  -03 10    60  30   0.570 4 3  73
  959 207.50 -27.78 05 00  -08 00   180  60   1.940 1 3  73 IC 2118
  960 207.65 -23.11 05 17  -06 00    30  20   0.141 3 3  73
  961 207.66 -22.00 05 21  -05 30    30  10   0.074 1 3  73
  962 207.67 -16.94 05 39  -03 10    50   6   0.074 4 2  73
  963 207.80 -19.58 05 30  -04 30     8   5   0.015 1 5   0 DG  56
  964 207.86 -22.37 05 20  -05 50   110  60   1.317 1 4  73
  965 207.89 -17.62 05 37  -03 40     8   3   0.008 4 3  73
  966 207.98 -13.15 05 53  -01 40    90  50   0.708 3 5  73
  967 208.20 -17.77 05 37  -04 00    15  10   0.021 4 3  73
  968 208.39 -28.45 04 59  -09 00    20  12   0.060 3 4  73 DG  49
  969 208.43 -22.08 05 22  -06 10    15  15   0.028 1 3  73
  970 208.69  -2.51 06 32  +02 40    40  40   0.264 3 4  85 S 280
  971 208.69  -2.51 06 32  +02 40    25  20   0.102 3 3  85
  972 208.69  -2.51 06 32  +02 40    10   3   0.007 3 2  85
  973 208.69  -2.51 06 32  +02 40    20   2   0.011 3 2  85
  974 209.13 -19.35 05 33  -05 30    90  60   0.923 3 1  73 NGC 1976
  975 209.16 -29.33 04 57  -10 00   120  30   0.616 1 5  73
  976 209.43 -13.33 05 55  -03 00   160  40   2.053 3 3  73
  977 209.84 -19.13 05 35  -06 00   240 180   5.905 4 3  73 NGC 1980
  978 210.04  -2.09 06 36  +01 40    40  15   0.092 3 3   0 S 282
  979 210.44 -19.70 05 34  -06 46     2   2   0.002 1 1  73 NGC 1999
  980 211.04 -28.21 05 04  -11 00    50  12   0.151 4 6  73
  981 211.10 -36.54 04 33  -14 30   120  16   0.426 4 6   0
  982 211.26 -15.36 05 51  -05 30    50  10   0.102 4 3  73
  983 211.65  -1.51 06 41  +00 30    60  50   0.627 3 6  84 S 284
  984 211.91  -1.37 06 42  +00 20    40  30   0.158 3 5  84
  985 211.92 -14.84 05 54  -05 50    60  20   0.479 4 3  73
  986 212.03  -1.15 06 43  +00 20    20   5   0.032 3 3  84
  987 212.06  -1.45 06 42  +00 10    20   8   0.039 3 4  84
  988 212.07 -16.03 05 50  -06 30   180  60   2.518 4 4  73
  989 212.27 -17.51 05 45  -07 20    60  10   0.173 4 4  73
  990 212.81 -11.94 06 06  -05 18    10   3   0.004 2 3  73 DG  91
  991 213.16 -27.73 05 09  -12 30    70   5   0.081 3 5  73
  992 213.43 -19.98 05 38  -09 25    10   5   0.006 1 5  73 DG  75
  993 213.63 -12.34 06 06  -06 12     3   3   0.002 1 2  73 C 65
  994 213.69 -12.65 06 05  -06 23     2   2   0.001 1 1  73 NGC 2170
  995 213.76 -12.40 06 06  -06 20     3   2   0.002 1 2  73 C 66
  996 213.83 -11.89 06 08  -06 10     2   2   0.001 1 3  73 NGC 2183
  997 213.86 -11.90 06 08  -06 12     2   2   0.001 1 3  73 NGC 2185
  998 213.87 -12.18 06 07  -06 20     3   2   0.002 1 1  73 NGC 2182
  999 213.91 -12.48 06 06  -06 30    15  10   0.025 3 3  73 DG  92
 1000 213.92 -11.65 06 09  -06 08     2   2   0.001 1 3  73 C 71
 1001 214.05 -22.44 05 30  -11 00    80  20   0.458 3 5  73
 1002 214.09 -20.83 05 36  -10 20    50  15   0.201 3 5  73
 1003 214.35 -11.06 06 12  -06 15     1   1   0.001 1 4   0 DG  97
 1004 214.49 -10.86 06 13  -06 17     1   1   0.001 1 4   0 DG  98
 1005 214.81 -23.31 05 28  -12 00    60  30   0.208 3 5  73
 1006 215.48 -22.78 05 31  -12 20    50  10   0.085 3 5  73
 1007 215.65 -21.24 05 37  -11 50    30  15   0.102 3 5  73
 1008 216.45 -14.81 06 02  -09 45     3   2   0.002 1 1  94
 1009 216.85 -20.42 05 42  -12 30    35  25   0.229 3 5  73
 1010 217.12 -21.07 05 40  -13 00   200  10   0.824 3 5  73
 1011 217.73 -15.13 06 03  -11 00   240 120   6.458 4 6  94
 1012 218.08  -0.35 06 57  -04 40    12  12   0.039 4 5   0 S 287
 1013 218.66   1.84 07 06  -04 10     1   1   0.001 3 1   0 S 288
 1014 218.92  -4.42 06 44  -07 17     8   4   0.007 2 4   0 S 289
 1015 219.20  -9.02 06 28  -09 36     5   3   0.003 1 3   0 DG 104
 1016 219.49 -17.81 05 56  -13 40    68  35   0.116 4 6  93
 1017 219.50 -10.51 06 23  -10 32     5   3   0.003 1 4   0
 1018 219.64 -13.58 06 12  -12 00    43  15   0.158 4 5  94
 1019 219.96 -18.02 05 56  -14 10     3   2   0.002 1 4  93
 1020 220.43  -2.69 06 53  -07 50    11   7   0.021 4 5   0 S 291
 1021 220.74  -1.73 06 57  -07 40     2   2   0.002 1 3   0
 1022 220.84  -2.62 06 54  -08 10    22  15   0.070 2 3   0 DG 113
 1023 221.85  -2.02 06 58  -08 47     3   3   0.003 1 2   0 DG 114
 1024 222.15   0.61 07 08  -07 50    90  20   0.426 4 6   0
 1025 222.45 -17.24 06 03  -16 00   140  90   2.972 3 5   0
 1026 223.58   1.53 07 14  -08 40   140  10   0.310 4 5   0
 1027 223.68  -1.86 07 02  -10 20    20  20   0.081 3 1  95 IC 2177
 1028 223.87   1.37 07 14  -09 00    70  10   0.176 4 5  96
 1029 223.87   2.78 07 19  -08 20    40   5   0.053 4 5   0
 1030 224.19  -2.68 07 00  -11 10    20  10   0.042 2 4  95 S 293
 1031 224.22   3.43 07 22  -08 20    40   8   0.070 4 5   0
 1032 224.24   1.18 07 14  -09 25     7   8   0.007 3 2  96 S 294
 1033 224.49  -1.74 07 04  -11 00   150  20   1.081 3 4  95 S 296
 1034 224.51  -0.63 07 08  -10 30   120  60   1.673 3 5  95
 1035 224.52  -2.58 07 01  -11 25    15  10   0.035 2 4  95 S 295
 1036 225.20   0.67 07 14  -10 30    60  30   0.423 3 4  95
 1037 225.27  -2.42 07 03  -12 00   150  20   0.556 3 2  95 DG 116
 1038 225.39  -1.65 07 06  -11 45    15  15   0.042 2 4  95
 1039 225.43  -2.50 07 03  -12 11    10  10   0.021 2 1  95 C 90
 1040 227.63  -0.08 07 16  -13 00    20  20   0.049 3 3  97 IC  468
 1041 227.66  -0.09 07 16  -13 02    10   5   0.011 3 2  97 NGC 2359
 1042 229.12  -4.41 07 03  -16 20     7   5   0.007 1 4   0
 1043 231.33  -4.51 07 07  -18 20    20  10   0.046 3 5 116
 1044 231.48  -4.33 07 08  -18 23    10   9   0.017 3 1 116
 1045 231.52  -0.25 07 23  -16 30     8   4   0.003 4 6   0
 1046 232.66   0.99 07 30  -16 54    20  20   0.067 3 3   0 S 302
 1047 233.76  -9.35 06 53  -22 40    60   5   0.116 3 4   0 S 303
 1048 233.83  -0.16 07 28  -18 29     3   3   0.002 4 2   0 S 305
 1049 233.98 -12.00 06 43  -24 00   180  30   0.954 3 5   0 S 304
 1050 234.32  -0.44 07 28  -19 03    30  30   0.067 4 5   0 S 306
 1051 234.57   0.78 07 33  -18 40     4   4   0.002 4 3   0 S 307
 1052 234.57 -10.00 06 52  -23 40    20   4   0.025 3 5   0 S 308
 1053 234.83  -0.18 07 30  -19 22    10  10   0.017 4 4   0 S 309
 1054 235.54  -4.03 07 17  -21 50    60  20   0.423 4 4 112
 1055 235.62  -6.41 07 08  -23 00   150  20   0.820 4 6   0
 1056 236.15  -7.96 07 03  -24 10    70   8   0.116 4 6   0
 1057 236.79  -2.07 07 27  -22 00    33   5   0.049 4 4   0
 1058 237.48  -4.79 07 18  -23 54    10   5   0.007 1 3 112 C 96
 1059 237.89  -4.23 07 21  -24 00   300  90   6.697 4 5 112 S 310
 1060 238.77  -3.67 07 25  -24 30   180  20   1.820 4 4 112
 1061 238.85  -2.15 07 31  -23 50    20   8   0.032 4 4   0
 1062 240.34  -2.20 07 34  -25 10    10  10   0.017 1 3   0 C 101
 1063 241.75  -5.53 07 24  -28 00    90   5   0.134 3 5 117
 1064 242.53  -6.19 07 23  -29 00   180  40   2.011 4 6 117
 1065 243.16   0.32 07 50  -26 20     8   7   0.007 3 1 107 NGC 2467
 1066 243.16   0.32 07 50  -26 20    10  10   0.018 3 2 107
 1067 243.28   0.51 07 51  -26 20    50  30   0.183 3 3 107 S 311
 1068 243.39  -8.35 07 16  -30 45   110  15   0.356 4 5   0
 1069 244.20  34.18 09 47  -07 00    45  20   0.190 1 6   0
 1070 244.56  -7.02 07 24  -31 10   130  25   0.863 4 5   0
 1071 245.79  11.73 08 38  -22 10    80   5   0.113 3 4 113
 1072 247.26  -3.88 07 43  -32 00   120  20   0.574 4 5   0
 1073 247.70  10.34 08 38  -24 30    50   8   0.085 3 4 113
 1074 247.85  11.37 08 42  -24 00    70  10   0.130 3 4 113
 1075 248.14  12.01 08 45  -23 50    60  10   0.169 3 4 113
 1076 249.24  12.05 08 48  -24 40    70  10   0.190 3 4 113
 1077 250.52  13.08 08 55  -25 00   840  90  16.200 3 5 113 S 312
 1078 251.76  12.97 08 58  -26 00   210  20   0.947 3 4 113
 1079 252.17   9.77 08 48  -28 20    15  10   0.028 3 5 113
 1080 252.46  10.39 08 51  -28 10    10   5   0.007 3 5 113
 1081 252.47  10.67 08 52  -28 00    80  10   0.215 3 6 113
 1082 254.74  12.54 09 05  -28 30   360  60   3.204 4 6 113
 1083 255.10  13.69 09 10  -28 00   300  20   1.039 4 4 113
 1084 256.28  11.22 09 05  -30 30   120  60   1.806 4 5   0
 1085 256.99  15.92 09 23  -27 50    20   6   0.032 3 4 113
 1086 257.98  12.32 09 14  -31 00    60  45   0.669 4 5   0
 1087 258.24  14.76 09 23  -29 30    75  30   0.560 4 6   0
 1088 260.13  14.47 09 28  -31 00   180  20   1.056 4 5   0
 1089 263.21  19.90 09 55  -29 00   150  25   0.870 4 5   0
 1090 265.94  18.15 09 59  -32 00   140  30   1.581 4 5   0
 1091 337.39  22.98 15 16  -29 40    90  75   1.511 3 6   0
 1092 346.30  21.22 15 50  -25 50   130  30   1.102 1 5 110 DG 125
 1093 346.83  20.76 15 53  -25 50    90  10   0.317 1 4 110 S 1
 1094 347.16  19.78 15 57  -26 20    50  15   0.229 1 4 110 DG 130
 1095 347.78  20.39 15 57  -25 30    60  60   0.620 1 4 110
 1096 348.08  16.86 16 09  -27 48    12  10   0.025 1 6   0 IC 4591
 1097 348.14  23.05 15 50  -23 20    70  20   0.215 4 5 111
 1098 348.63  22.86 15 52  -23 10    40  10   0.099 4 5 111
 1099 349.82  22.02 15 58  -23 00   130 100   2.243 3 4 111 S 7
 1100 350.49  13.89 16 26  -28 10    30  10   0.085 4 4 114
 1101 351.12  17.17 16 17  -25 30    17   3   0.014 4 2 115 S 9
 1102 351.15  14.17 16 27  -27 30    80  10   0.296 4 4 114
 1103 351.22  13.34 16 30  -28 00   240 180   8.270 4 5 114
 1104 351.28  17.00 16 18  -25 30    60  50   0.475 1 3 115 C 130
 1105 351.37  17.40 16 17  -25 10    12   4   0.010 4 2 115
 1106 351.54  17.23 16 18  -25 10    20   4   0.018 4 2 115
 1107 351.76  15.00 16 26  -26 30    60  40   0.546 3 1 114 IC 4606
 1108 351.88  15.11 16 26  -26 20   180 120   3.845 3 4 114 DG 141
 1109 352.98  16.95 16 23  -24 20    20   5   0.035 1 2 114 IC 4603
 1110 353.24  15.66 16 28  -25 00    30  15   0.049 1 3 114 IC 4605
 1111 353.76  17.61 16 23  -23 20    60  25   0.391 1 3 114 IC 4604
 1112 353.76  17.61 16 23  -23 20    70  70   0.535 1 4 114
 1113 354.91  22.65 16 10  -19 10    60  40   0.475 1 3 104 IC 4592
 1114 355.25  22.30 16 12  -19 10   220  90   4.158 2 4 104
 1115 355.59  20.69 16 18  -20 00    20  10   0.039 1 3 104 C 129
 1116 355.83   0.51 17 30  -32 10   150  90   2.158 3 4 109 S 12
 1117 356.03  -0.11 17 33  -32 20    80  30   0.458 3 3 109
 1118 356.33  13.12 16 45  -24 20   300  30   2.560 3 6 114
 1119 356.82  20.13 16 23  -19 30   150  60   2.158 4 5 104
 1120 358.35  -1.92 17 46  -31 20    23  20   0.088 4 4 108
 1121 358.46  -2.10 17 47  -31 20    45  35   0.292 4 6 108 S 15
 1122 359.24  36.59 15 38  -07 00    60  30   0.359 3 4   0
 1123 359.39  18.77 16 34  -18 30   210 150   7.704 4 6 104
 1124 359.72  -0.32 17 43  -29 20    12  12   0.032 4 3   0 S 16
 1125 359.94  -0.44 17 44  -29 12     2   2   0.001 4 5   0 S 18
