 5 4    2   25   48   70  3.5516  1.7693  0.8782  0.3765 16.0 16.0 17.0 18.0   90 2457753.5000 2017                                                                                                                                                                                                                                                                              
1  220161231201701162457753.5 0.5407000000D+00 0.3140000000D-02 0.9581150000D+02 0.3260200000D+00 0.2015000000D-02 0.1784000000D+00 0.5076031000D+01 0.4571000000D+01 0.6150800000D+01 0.5174700000D+01-0.2233000000D+00-0.1200000000D-02 0.4207980000D+02 0.1117400000D+00 0.0000000000D+00 0.7450000000D-01 0.2064599000D+01 0.1689900000D+01 0.0000000000D+00 0.2152200000D+01
1  320170116201702012457769.5 0.6184000000D+00 0.3900000000D-03 0.1006265000D+03 0.3299500000D+00 0.2370000000D-02 0.1911000000D+00 0.5332514000D+01 0.5062500000D+01 0.5274000000D+00 0.6060400000D+01-0.2616000000D+00-0.8000000000D-04 0.4373960000D+02 0.1258000000D+00 0.0000000000D+00 0.8160000000D-01 0.2326755000D+01 0.2251400000D+01 0.0000000000D+00 0.3085300000D+01
1  420170201201702172457785.5 0.6737000000D+00-0.3060000000D-02 0.1057469000D+03 0.3307500000D+00 0.3082000000D-02 0.2269000000D+00 0.5601888000D+01 0.5588600000D+01 0.1232800000D+01 0.5113000000D+00-0.2901000000D+00 0.1030000000D-02 0.4575610000D+02 0.1419000000D+00 0.0000000000D+00 0.9870000000D-01 0.2600556000D+01 0.2785400000D+01 0.0000000000D+00 0.3807900000D+01
1  520170217201703052457801.5 0.6896000000D+00-0.5260000000D-02 0.1107628000D+03 0.3206900000D+00 0.3960000000D-02 0.2331000000D+00 0.5884901000D+01 0.6156000000D+01 0.1829200000D+01 0.1269100000D+01-0.3020000000D+00 0.1380000000D-02 0.4802400000D+02 0.1529100000D+00 0.0000000000D+00 0.1027000000D+00 0.2886246000D+01 0.3302300000D+01 0.0000000000D+00 0.4552200000D+01
1  620170305201703212457817.5 0.6650000000D+00-0.6250000000D-02 0.1151050000D+03 0.2992800000D+00 0.4349000000D-02 0.2605000000D+00 0.6180799000D+01 0.5225000000D+00 0.2448800000D+01 0.2115300000D+01-0.2980000000D+00 0.1310000000D-02 0.5031420000D+02 0.1500300000D+00 0.0000000000D+00 0.1134000000D+00 0.3182922000D+01 0.3833200000D+01 0.0000000000D+00 0.5366900000D+01
1  720170321201704062457833.5 0.6165000000D+00-0.7950000000D-02 0.1181049000D+03 0.2812300000D+00 0.4488000000D-02 0.2793000000D+00 0.2035370000D+00 0.1262400000D+01 0.3169100000D+01 0.2818500000D+01-0.2867000000D+00 0.2050000000D-02 0.5226450000D+02 0.1300900000D+00 0.0000000000D+00 0.1180000000D+00 0.3487858000D+01 0.4431700000D+01 0.0000000000D+00 0.6099300000D+01
1  820170406201704222457849.5 0.5484000000D+00-0.1021000000D-01 0.1192344000D+03 0.2701900000D+00 0.4621000000D-02 0.2650000000D+00 0.5150370000D+00 0.2047600000D+01 0.3882800000D+01 0.3613600000D+01-0.2690000000D+00 0.3610000000D-02 0.5349430000D+02 0.1006700000D+00 0.0000000000D+00 0.1186000000D+00 0.3796755000D+01 0.5204500000D+01 0.0000000000D+00 0.6514000000D+00
1  920170422201705082457865.5 0.4454000000D+00-0.1069000000D-01 0.1183233000D+03 0.2678900000D+00 0.4347000000D-02 0.2836000000D+00 0.8261400000D+00 0.2854200000D+01 0.4565000000D+01 0.4401000000D+01-0.2351000000D+00 0.4710000000D-02 0.5374990000D+02 0.8778000000D-01 0.0000000000D+00 0.1321000000D+00 0.4103940000D+01 0.6240700000D+01 0.0000000000D+00 0.1377500000D+01
1 1020170508201705242457881.5 0.3108000000D+00-0.9410000000D-02 0.1155779000D+03 0.2755400000D+00 0.3749000000D-02 0.2683000000D+00 0.1130773000D+01 0.3633800000D+01 0.5237400000D+01 0.5063600000D+01-0.1828000000D+00 0.4920000000D-02 0.5299260000D+02 0.1054000000D+00 0.0000000000D+00 0.1201000000D+00 0.4403786000D+01 0.9088000000D+00 0.0000000000D+00 0.2017500000D+01
1 1120170524201706092457897.5 0.1693000000D+00-0.8650000000D-02 0.1115360000D+03 0.2922800000D+00 0.3121000000D-02 0.2411000000D+00 0.1424220000D+01 0.4339100000D+01 0.5905700000D+01 0.5858900000D+01-0.1214000000D+00 0.4960000000D-02 0.5141510000D+02 0.1317600000D+00 0.0000000000D+00 0.1070000000D+00 0.4692323000D+01 0.1582700000D+01 0.0000000000D+00 0.2849000000D+01
1 1220170609201706252457913.5 0.3400000000D-01-0.8780000000D-02 0.1068126000D+03 0.3091600000D+00 0.2589000000D-02 0.2501000000D+00 0.1703918000D+01 0.4951500000D+01 0.2456000000D+00 0.3184000000D+00-0.5740000000D-01 0.4970000000D-02 0.4931120000D+02 0.1516300000D+00 0.0000000000D+00 0.1133000000D+00 0.4967838000D+01 0.2101100000D+01 0.0000000000D+00 0.3594400000D+01
1 1320170625201707112457929.5-0.1035000000D+00-0.7850000000D-02 0.1019774000D+03 0.3220900000D+00 0.2192000000D-02 0.2296000000D+00 0.1969452000D+01 0.5482700000D+01 0.8172000000D+00 0.9660000000D+00 0.1070000000D-01 0.4250000000D-02 0.4697690000D+02 0.1636300000D+00 0.0000000000D+00 0.1044000000D+00 0.5230484000D+01 0.2536400000D+01 0.0000000000D+00 0.4247700000D+01
1 1420170711201707272457945.5-0.2432000000D+00-0.5210000000D-02 0.9742450000D+02 0.3255000000D+00 0.1817000000D-02 0.2089000000D+00 0.2221947000D+01 0.5955900000D+01 0.1204500000D+01 0.1744100000D+01 0.7970000000D-01 0.2800000000D-02 0.4462530000D+02 0.1693800000D+00 0.0000000000D+00 0.9670000000D-01 0.5481661000D+01 0.2916900000D+01 0.0000000000D+00 0.5020400000D+01
1 1520170727201708122457961.5-0.3648000000D+00-0.2680000000D-02 0.9340230000D+02 0.3276700000D+00 0.1291000000D-02 0.2138000000D+00 0.2463542000D+01 0.1187000000D+00 0.1615000000D+01 0.2435800000D+01 0.1392000000D+00 0.1510000000D-02 0.4237670000D+02 0.1707200000D+00 0.0000000000D+00 0.9680000000D-01 0.5723390000D+01 0.3261100000D+01 0.0000000000D+00 0.5690300000D+01
1 1620170812201708282457977.5-0.4536000000D+00-0.1300000000D-02 0.9005380000D+02 0.3295800000D+00 0.9420000000D-03 0.1932000000D+00 0.2696157000D+01 0.5327000000D+00 0.2133400000D+01 0.3086000000D+01 0.1825000000D+00 0.7800000000D-03 0.4029180000D+02 0.1685200000D+00 0.0000000000D+00 0.8500000000D-01 0.5957568000D+01 0.3577300000D+01 0.0000000000D+00 0.7580000000D-01
1 1720170828201709132457993.5-0.5131000000D+00 0.1000000000D-04 0.8743230000D+02 0.3301500000D+00 0.7940000000D-03 0.1806000000D+00 0.2921762000D+01 0.9221000000D+00 0.2688800000D+01 0.3856300000D+01 0.2116000000D+00 0.8000000000D-04 0.3838840000D+02 0.1633400000D+00 0.0000000000D+00 0.7990000000D-01 0.6186088000D+01 0.3870700000D+01 0.0000000000D+00 0.8525000000D+00
1 1820170913201709292458009.5-0.5506000000D+00 0.2380000000D-02 0.8556080000D+02 0.3280800000D+00 0.7560000000D-03 0.1900000000D+00 0.3142122000D+01 0.1293100000D+01 0.3062400000D+01 0.4513900000D+01 0.2296000000D+00-0.1000000000D-02 0.3666710000D+02 0.1556100000D+00 0.0000000000D+00 0.8120000000D-01 0.1274860000D+00 0.4144100000D+01 0.0000000000D+00 0.1487000000D+01
1 1920170929201710152458025.5-0.5591000000D+00 0.4920000000D-02 0.8444760000D+02 0.3260300000D+00 0.6590000000D-03 0.1739000000D+00 0.3359172000D+01 0.1657800000D+01 0.3413600000D+01 0.5137000000D+01 0.2331000000D+00-0.2000000000D-02 0.3512200000D+02 0.1458200000D+00 0.0000000000D+00 0.7050000000D-01 0.3499550000D+00 0.4401600000D+01 0.0000000000D+00 0.2124300000D+01
1 2020171015201710312458041.5-0.5258000000D+00 0.6120000000D-02 0.8409460000D+02 0.3254000000D+00 0.7530000000D-03 0.1663000000D+00 0.3574663000D+01 0.2009900000D+01 0.3673400000D+01 0.5915100000D+01 0.2187000000D+00-0.2380000000D-02 0.3374120000D+02 0.1345800000D+00 0.0000000000D+00 0.6600000000D-01 0.5720960000D+00 0.4650400000D+01 0.0000000000D+00 0.2915700000D+01
1 2120171031201711162458057.5-0.4542000000D+00 0.6290000000D-02 0.8448700000D+02 0.3253100000D+00 0.8040000000D-03 0.1796000000D+00 0.3790118000D+01 0.2367300000D+01 0.3861200000D+01 0.3036000000D+00 0.1898000000D+00-0.2320000000D-02 0.3251500000D+02 0.1214400000D+00 0.0000000000D+00 0.6720000000D-01 0.7954390000D+00 0.4899100000D+01 0.0000000000D+00 0.3577200000D+01
1 2220171116201712022458073.5-0.3583000000D+00 0.6840000000D-02 0.8562320000D+02 0.3276300000D+00 0.8670000000D-03 0.1698000000D+00 0.4007122000D+01 0.2734100000D+01 0.4139200000D+01 0.9556000000D+00 0.1535000000D+00-0.2390000000D-02 0.3144400000D+02 0.1059800000D+00 0.0000000000D+00 0.5950000000D-01 0.1021528000D+01 0.5156900000D+01 0.0000000000D+00 0.4265000000D+01
1 2320171202201712182458089.5-0.2454000000D+00 0.7910000000D-02 0.8751740000D+02 0.3328900000D+00 0.9600000000D-03 0.1669000000D+00 0.4227211000D+01 0.3110300000D+01 0.4546900000D+01 0.1760300000D+01 0.1132000000D+00-0.2540000000D-02 0.3054340000D+02 0.8816000000D-01 0.0000000000D+00 0.5760000000D-01 0.1251834000D+01 0.5437500000D+01 0.0000000000D+00 0.5090600000D+01
1 2420171218201801032458105.5-0.1099000000D+00 0.8050000000D-02 0.9020080000D+02 0.3388200000D+00 0.1216000000D-02 0.1812000000D+00 0.4451965000D+01 0.3491800000D+01 0.4985800000D+01 0.2448900000D+01 0.6770000000D-01-0.2290000000D-02 0.2984480000D+02 0.6816000000D-01 0.0000000000D+00 0.5890000000D-01 0.1487783000D+01 0.5771500000D+01 0.0000000000D+00 0.5765000000D+01
2 2520161231201701162457753.5-0.1995100000D+01-0.1805000000D-01 0.1519972000D+03 0.5257900000D+00 0.2685000000D-02 0.7676000000D+00 0.1960920000D+01 0.1444200000D+01 0.3075400000D+01 0.1940900000D+01 0.8354000000D+00 0.9000000000D-02 0.6808070000D+02 0.1806700000D+00 0.0000000000D+00 0.3441000000D+00 0.5245898000D+01 0.4848000000D+01 0.0000000000D+00 0.5223300000D+01
2 2620170116201702012457769.5-0.2246800000D+01-0.1260000000D-01 0.1596344000D+03 0.5360400000D+00 0.4416000000D-02 0.7941000000D+00 0.5115156000D+01 0.4796600000D+01 0.3423000000D+00 0.2191400000D+01 0.9538000000D+00 0.7100000000D-02 0.7074080000D+02 0.2049200000D+00 0.0000000000D+00 0.3478000000D+00 0.2122950000D+01 0.2021100000D+01 0.0000000000D+00 0.5493700000D+01
2 2720170201201702172457785.5-0.2392900000D+01-0.7050000000D-02 0.1678372000D+03 0.5196400000D+00 0.4539000000D-02 0.8156000000D+00 0.1998584000D+01 0.1957900000D+01 0.3903300000D+01 0.2457300000D+01 0.1056800000D+01 0.5110000000D-02 0.7401140000D+02 0.2274900000D+00 0.0000000000D+00 0.3638000000D+00 0.5294570000D+01 0.5447800000D+01 0.0000000000D+00 0.5750500000D+01
2 2820170217201703052457801.5-0.2438800000D+01-0.1600000000D-03 0.1757860000D+03 0.4949000000D+00 0.6087000000D-02 0.8338000000D+00 0.5179193000D+01 0.5428400000D+01 0.9924000000D+00 0.2729600000D+01 0.1100500000D+01 0.3040000000D-02 0.7764420000D+02 0.2469600000D+00 0.0000000000D+00 0.3633000000D+00 0.2194771000D+01 0.2584600000D+01 0.0000000000D+00 0.6035000000D+01
2 2920170305201703212457817.5-0.2380000000D+01 0.7140000000D-02 0.1826795000D+03 0.4651800000D+00 0.6413000000D-02 0.8423000000D+00 0.2089972000D+01 0.2726700000D+01 0.4604100000D+01 0.3031000000D+01 0.1128000000D+01-0.8800000000D-03 0.8135700000D+02 0.2386800000D+00 0.0000000000D+00 0.3848000000D+00 0.5389643000D+01 0.6024300000D+01 0.0000000000D+00 0.4440000000D-01
2 3020170321201704062457833.5-0.2195500000D+01 0.1178000000D-01 0.1873549000D+03 0.4594000000D+00 0.7536000000D-02 0.8367000000D+00 0.5294544000D+01 0.7080000000D-01 0.1965600000D+01 0.3336200000D+01 0.1088100000D+01-0.2400000000D-02 0.8451830000D+02 0.2104400000D+00 0.0000000000D+00 0.3684000000D+00 0.2309718000D+01 0.3267700000D+01 0.0000000000D+00 0.3488000000D+00
2 3120170406201704222457849.5-0.1931500000D+01 0.1824000000D-01 0.1891992000D+03 0.4395900000D+00 0.6730000000D-02 0.8169000000D+00 0.2223015000D+01 0.3784300000D+01 0.5595300000D+01 0.3653100000D+01 0.9993000000D+00-0.6850000000D-02 0.8653880000D+02 0.1662300000D+00 0.0000000000D+00 0.3835000000D+00 0.5518067000D+01 0.6773000000D+00 0.0000000000D+00 0.6642000000D+00
2 3220170422201705082457865.5-0.1586000000D+01 0.2432000000D-01 0.1877244000D+03 0.4492300000D+00 0.6507000000D-02 0.7877000000D+00 0.5434466000D+01 0.1173400000D+01 0.2898300000D+01 0.3981300000D+01 0.8838000000D+00-0.1003000000D-01 0.8694150000D+02 0.1551800000D+00 0.0000000000D+00 0.3582000000D+00 0.2441621000D+01 0.4551200000D+01 0.0000000000D+00 0.9797000000D+00
2 3320170508201705242457881.5-0.1161600000D+01 0.2764000000D-01 0.1833486000D+03 0.4551500000D+00 0.4880000000D-02 0.7491000000D+00 0.2357577000D+01 0.4846500000D+01 0.2138000000D+00 0.4294700000D+01 0.6852000000D+00-0.1246000000D-01 0.8567800000D+02 0.1760700000D+00 0.0000000000D+00 0.3556000000D+00 0.5642523000D+01 0.2063700000D+01 0.0000000000D+00 0.1300300000D+01
2 3420170524201706092457897.5-0.6903000000D+00 0.2946000000D-01 0.1768985000D+03 0.4741900000D+00 0.5583000000D-02 0.7123000000D+00 0.5552334000D+01 0.2081400000D+01 0.3731000000D+01 0.4609800000D+01 0.4859000000D+00-0.1415000000D-01 0.8310440000D+02 0.2129000000D+00 0.0000000000D+00 0.3292000000D+00 0.2549440000D+01 0.5624900000D+01 0.0000000000D+00 0.1591900000D+01
2 3520170609201706252457913.5-0.2051000000D+00 0.3037000000D-01 0.1694112000D+03 0.4890200000D+00 0.4086000000D-02 0.6783000000D+00 0.2451689000D+01 0.5623200000D+01 0.1050500000D+01 0.4914500000D+01 0.2398000000D+00-0.1440000000D-01 0.7968000000D+02 0.2392900000D+00 0.0000000000D+00 0.3229000000D+00 0.5727920000D+01 0.2784000000D+01 0.0000000000D+00 0.1915100000D+01
2 3620170625201707112457929.5 0.2693000000D+00 0.2985000000D-01 0.1617433000D+03 0.4884300000D+00 0.3683000000D-02 0.6489000000D+00 0.5619920000D+01 0.2771400000D+01 0.4276600000D+01 0.5195000000D+01 0.1680000000D-01-0.1479000000D-01 0.7590890000D+02 0.2577400000D+00 0.0000000000D+00 0.2999000000D+00 0.2610616000D+01 0.6127500000D+01 0.0000000000D+00 0.2176800000D+01
2 3720170711201707272457945.5 0.7241000000D+00 0.2642000000D-01 0.1545433000D+03 0.5047300000D+00 0.2436000000D-02 0.6258000000D+00 0.2492651000D+01 0.6191300000D+01 0.1751100000D+01 0.5471900000D+01-0.2128000000D+00-0.1284000000D-01 0.7208200000D+02 0.2637600000D+00 0.0000000000D+00 0.2925000000D+00 0.5765476000D+01 0.3142100000D+01 0.0000000000D+00 0.2465400000D+01
2 3820170727201708122457961.5 0.1115100000D+01 0.2262000000D-01 0.1482051000D+03 0.4942800000D+00 0.2380000000D-02 0.6084000000D+00 0.5636773000D+01 0.3240800000D+01 0.4729600000D+01 0.5735000000D+01-0.4066000000D+00-0.1115000000D-01 0.6844150000D+02 0.2656900000D+00 0.0000000000D+00 0.2775000000D+00 0.2627548000D+01 0.1102000000D+00 0.0000000000D+00 0.2722700000D+01
2 3920170812201708282457977.5 0.1430700000D+01 0.1739000000D-01 0.1429264000D+03 0.5007400000D+00 0.2315000000D-02 0.5996000000D+00 0.2488853000D+01 0.2770000000D+00 0.2061300000D+01 0.5974900000D+01-0.5644000000D+00-0.8410000000D-02 0.6504020000D+02 0.2597000000D+00 0.0000000000D+00 0.2713000000D+00 0.5765216000D+01 0.3337700000D+01 0.0000000000D+00 0.2972900000D+01
2 4020170828201709132457993.5 0.1660600000D+01 0.1053000000D-01 0.1387941000D+03 0.4937600000D+00 0.1614000000D-02 0.5954000000D+00 0.5616787000D+01 0.3588200000D+01 0.5082600000D+01 0.6217100000D+01-0.6808000000D+00-0.5170000000D-02 0.6195200000D+02 0.2532200000D+00 0.0000000000D+00 0.2627000000D+00 0.2614055000D+01 0.2542000000D+00 0.0000000000D+00 0.3213800000D+01
2 4120170913201709292458009.5 0.1781900000D+01 0.3770000000D-02 0.1358393000D+03 0.4946600000D+00 0.1209000000D-02 0.5983000000D+00 0.2456040000D+01 0.5998000000D+00 0.2220400000D+01 0.1570000000D+00-0.7418000000D+00-0.2000000000D-02 0.5914420000D+02 0.2406500000D+00 0.0000000000D+00 0.2558000000D+00 0.5741808000D+01 0.3434300000D+01 0.0000000000D+00 0.3449200000D+01
2 4220170929201710152458025.5 0.1791500000D+01-0.3180000000D-02 0.1341448000D+03 0.4975900000D+00 0.1383000000D-02 0.6085000000D+00 0.5574851000D+01 0.3858700000D+01 0.5331700000D+01 0.3754000000D+00-0.7548000000D+00 0.1080000000D-02 0.5663070000D+02 0.2283800000D+00 0.0000000000D+00 0.2522000000D+00 0.2584281000D+01 0.3175000000D+00 0.0000000000D+00 0.3665900000D+01
2 4320171015201710312458041.5 0.1697200000D+01-0.1130000000D-01 0.1335895000D+03 0.5010400000D+00 0.1481000000D-02 0.6212000000D+00 0.2408160000D+01 0.8417000000D+00 0.2355100000D+01 0.5929000000D+00-0.7158000000D+00 0.4170000000D-02 0.5436330000D+02 0.2099800000D+00 0.0000000000D+00 0.2476000000D+00 0.5708788000D+01 0.3474000000D+01 0.0000000000D+00 0.3904800000D+01
2 4420171031201711162458057.5 0.1491000000D+01-0.1853000000D-01 0.1342546000D+03 0.5123800000D+00 0.1803000000D-02 0.6418000000D+00 0.5524384000D+01 0.4094600000D+01 0.5669600000D+01 0.7956000000D+00-0.6415000000D+00 0.6840000000D-02 0.5235440000D+02 0.1908600000D+00 0.0000000000D+00 0.2432000000D+00 0.2551169000D+01 0.3485000000D+00 0.0000000000D+00 0.4102300000D+01
2 4520171116201712022458073.5 0.1176500000D+01-0.2409000000D-01 0.1360607000D+03 0.5151900000D+00 0.1112000000D-02 0.6675000000D+00 0.2357835000D+01 0.1103500000D+01 0.2339200000D+01 0.1006200000D+01-0.5202000000D+00 0.8270000000D-02 0.5060140000D+02 0.1666100000D+00 0.0000000000D+00 0.2422000000D+00 0.5678545000D+01 0.3502200000D+01 0.0000000000D+00 0.4339300000D+01
2 4620171202201712182458089.5 0.7820000000D+00-0.2965000000D-01 0.1391615000D+03 0.5271000000D+00 0.1988000000D-02 0.6931000000D+00 0.5477557000D+01 0.4347300000D+01 0.5631600000D+01 0.1216000000D+01-0.3868000000D+00 0.9570000000D-02 0.4912490000D+02 0.1407300000D+00 0.0000000000D+00 0.2361000000D+00 0.2526923000D+01 0.4043000000D+00 0.0000000000D+00 0.4552100000D+01
2 4720171218201801032458105.5 0.3236000000D+00-0.3420000000D-01 0.1434370000D+03 0.5436300000D+00 0.1631000000D-02 0.7321000000D+00 0.2317886000D+01 0.1355600000D+01 0.2822500000D+01 0.1426200000D+01-0.2312000000D+00 0.1031000000D-01 0.4797290000D+02 0.1096100000D+00 0.0000000000D+00 0.2403000000D+00 0.5663249000D+01 0.3627400000D+01 0.0000000000D+00 0.4779600000D+01
3 4820161231201701172457753.5-0.4257000000D+00-0.4880000000D-02 0.2429143000D+03 0.8516200000D+00 0.5908000000D-02 0.3005000000D+00 0.5119830000D+01 0.4551400000D+01 0.6239900000D+01 0.1357000000D+01 0.1580000000D+00 0.2640000000D-02 0.1074032000D+03 0.2932500000D+00 0.0000000000D+00 0.1149000000D+00 0.2106881000D+01 0.1691600000D+01 0.0000000000D+00 0.4633800000D+01
3 4920170117201702032457770.5-0.4815000000D+00 0.4540000000D-02 0.2559378000D+03 0.8433900000D+00 0.6684000000D-02 0.3043000000D+00 0.1175180000D+01 0.8486000000D+00 0.2592900000D+01 0.6014800000D+01 0.2229000000D+00-0.3230000000D-02 0.1119748000D+03 0.3243100000D+00 0.0000000000D+00 0.1461000000D+00 0.4451314000D+01 0.4351800000D+01 0.0000000000D+00 0.3161700000D+01
3 5020170203201702202457787.5-0.3674000000D+00-0.5310000000D-02 0.2697472000D+03 0.8314200000D+00 0.8228000000D-02 0.3622000000D+00 0.3528294000D+01 0.3486600000D+01 0.5424100000D+01 0.4340000000D+01 0.1455000000D+00 0.2490000000D-02 0.1175398000D+03 0.3619500000D+00 0.0000000000D+00 0.1792000000D+00 0.5260820000D+00 0.7005000000D+00 0.0000000000D+00 0.1267900000D+01
3 5120170220201703092457804.5-0.4987000000D+00-0.6660000000D-02 0.2831401000D+03 0.7651300000D+00 0.9637000000D-02 0.4238000000D+00 0.5897226000D+01 0.6191700000D+01 0.1732600000D+01 0.2854900000D+01 0.1963000000D+00 0.2420000000D-02 0.1237214000D+03 0.3842000000D+00 0.0000000000D+00 0.1678000000D+00 0.2897920000D+01 0.3321700000D+01 0.0000000000D+00 0.6044600000D+01
3 5220170309201703262457821.5-0.5942000000D+00 0.7530000000D-02 0.2940929000D+03 0.7399900000D+00 0.1073600000D-01 0.4334000000D+00 0.1997661000D+01 0.2724500000D+01 0.4652600000D+01 0.1334100000D+01 0.2484000000D+00-0.2520000000D-02 0.1297922000D+03 0.3656600000D+00 0.0000000000D+00 0.1744000000D+00 0.5282359000D+01 0.5982700000D+01 0.0000000000D+00 0.4753300000D+01
3 5320170326201704122457838.5-0.4410000000D+00-0.6990000000D-02 0.3008882000D+03 0.7172400000D+00 0.1149300000D-01 0.4844000000D+00 0.4393082000D+01 0.5611700000D+01 0.1231800000D+01 0.6051800000D+01 0.1698000000D+00 0.1140000000D-02 0.1346279000D+03 0.3061700000D+00 0.0000000000D+00 0.2514000000D+00 0.1393000000D+01 0.2472600000D+01 0.0000000000D+00 0.3129000000D+01
3 5420170412201704292457855.5-0.6053000000D+00-0.3620000000D-02 0.3021216000D+03 0.7193300000D+00 0.9459000000D-02 0.5113000000D+00 0.5108650000D+00 0.2273400000D+01 0.4088800000D+01 0.4632400000D+01 0.2622000000D+00 0.3060000000D-02 0.1370872000D+03 0.2545800000D+00 0.0000000000D+00 0.2377000000D+00 0.3789954000D+01 0.5460300000D+01 0.0000000000D+00 0.1499800000D+01
3 5520170429201705162457872.5-0.6604000000D+00 0.8170000000D-02 0.2974323000D+03 0.7232400000D+00 0.9799000000D-02 0.4835000000D+00 0.2910219000D+01 0.5121800000D+01 0.5368000000D+00 0.3143900000D+01 0.2438000000D+00-0.3880000000D-02 0.1366395000D+03 0.2606100000D+00 0.0000000000D+00 0.2063000000D+00 0.6184171000D+01 0.2292200000D+01 0.0000000000D+00 0.2060000000D+00
3 5620170516201706022457889.5-0.5146000000D+00-0.4360000000D-02 0.2881930000D+03 0.7492500000D+00 0.8806000000D-02 0.4931000000D+00 0.5300573000D+01 0.1655500000D+01 0.3332300000D+01 0.1599100000D+01 0.2424000000D+00 0.1140000000D-02 0.1334334000D+03 0.3139600000D+00 0.0000000000D+00 0.2496000000D+00 0.2286439000D+01 0.5207200000D+01 0.0000000000D+00 0.4868700000D+01
3 5720170602201706192457906.5-0.6483000000D+00-0.3790000000D-02 0.2761576000D+03 0.7850100000D+00 0.7762000000D-02 0.4823000000D+00 0.1394155000D+01 0.4393700000D+01 0.6177300000D+01 0.1447000000D+00 0.2434000000D+00 0.2810000000D-02 0.1282330000D+03 0.3631100000D+00 0.0000000000D+00 0.2159000000D+00 0.4658768000D+01 0.1617200000D+01 0.0000000000D+00 0.3323800000D+01
3 5820170619201707062457923.5-0.7066000000D+00 0.6850000000D-02 0.2630355000D+03 0.7765300000D+00 0.5658000000D-02 0.4323000000D+00 0.3756031000D+01 0.8048000000D+00 0.2389200000D+01 0.4897600000D+01 0.3113000000D+00-0.3760000000D-02 0.1220374000D+03 0.3937800000D+00 0.0000000000D+00 0.1910000000D+00 0.7336780000D+00 0.4194000000D+01 0.0000000000D+00 0.1947400000D+01
3 5920170706201707232457940.5-0.5992000000D+00-0.4460000000D-02 0.2504618000D+03 0.7864400000D+00 0.4972000000D-02 0.4209000000D+00 0.6102699000D+01 0.3412400000D+01 0.5001000000D+01 0.3302200000D+01 0.2515000000D+00 0.2160000000D-02 0.1156520000D+03 0.4118300000D+00 0.0000000000D+00 0.2057000000D+00 0.3078338000D+01 0.4147000000D+00 0.0000000000D+00 0.2995000000D+00
3 6020170723201708092457957.5-0.7323000000D+00-0.2660000000D-02 0.2392139000D+03 0.7869800000D+00 0.4680000000D-02 0.4097000000D+00 0.2152843000D+01 0.5966000000D+01 0.1285600000D+01 0.1808200000D+01 0.3044000000D+00 0.1210000000D-02 0.1094756000D+03 0.4167900000D+00 0.0000000000D+00 0.1866000000D+00 0.5411578000D+01 0.2872700000D+01 0.0000000000D+00 0.5019100000D+01
3 6120170809201708262457974.5-0.7677000000D+00 0.5910000000D-02 0.2297526000D+03 0.7827200000D+00 0.2882000000D-02 0.3579000000D+00 0.4475332000D+01 0.2236600000D+01 0.3765800000D+01 0.2318000000D+00 0.3323000000D+00-0.2850000000D-02 0.1037257000D+03 0.4119400000D+00 0.0000000000D+00 0.1584000000D+00 0.1452381000D+01 0.5299100000D+01 0.0000000000D+00 0.3501200000D+01
3 6220170826201709122457991.5-0.6806000000D+00-0.4930000000D-02 0.2224302000D+03 0.7879300000D+00 0.2630000000D-02 0.3510000000D+00 0.5057620000D+00 0.4733900000D+01 0.2420000000D-01 0.4878700000D+01 0.2840000000D+00 0.1650000000D-02 0.9850870000D+02 0.4019100000D+00 0.0000000000D+00 0.1542000000D+00 0.3769171000D+01 0.1411900000D+01 0.0000000000D+00 0.1877100000D+01
3 6320170912201709292458008.5-0.8177000000D+00 0.7700000000D-03 0.2171863000D+03 0.7811300000D+00 0.2417000000D-02 0.3404000000D+00 0.2812569000D+01 0.9346000000D+00 0.2279400000D+01 0.3343800000D+01 0.3401000000D+00-0.2900000000D-03 0.9379470000D+02 0.3841100000D+00 0.0000000000D+00 0.1459000000D+00 0.6080789000D+01 0.3788300000D+01 0.0000000000D+00 0.3255000000D+00
3 6420170929201710162458025.5-0.7949000000D+00 0.6130000000D-02 0.2141471000D+03 0.7899000000D+00 0.1801000000D-02 0.2987000000D+00 0.5114872000D+01 0.3406700000D+01 0.4726800000D+01 0.1745200000D+01 0.3245000000D+00-0.3130000000D-02 0.8960480000D+02 0.3615200000D+00 0.0000000000D+00 0.1203000000D+00 0.2105877000D+01 0.6140900000D+01 0.0000000000D+00 0.5016400000D+01
3 6520171016201711022458042.5-0.7086000000D+00-0.4430000000D-02 0.2132606000D+03 0.8080500000D+00 0.2243000000D-02 0.2980000000D+00 0.1131435000D+01 0.5855000000D+01 0.1040400000D+01 0.7580000000D-01 0.2867000000D+00 0.8600000000D-03 0.8588430000D+02 0.3347400000D+00 0.0000000000D+00 0.1223000000D+00 0.4412914000D+01 0.2201400000D+01 0.0000000000D+00 0.3406400000D+01
3 6620171102201711192458059.5-0.8314000000D+00 0.4340000000D-02 0.2144499000D+03 0.8232100000D+00 0.1837000000D-02 0.2895000000D+00 0.3430176000D+01 0.2037700000D+01 0.3382100000D+01 0.4823600000D+01 0.3180000000D+00-0.1520000000D-02 0.8260810000D+02 0.3031400000D+00 0.0000000000D+00 0.1123000000D+00 0.4374620000D+00 0.4547300000D+01 0.0000000000D+00 0.1768200000D+01
3 6720171119201712062458076.5-0.7519000000D+00 0.7110000000D-02 0.2179046000D+03 0.8379000000D+00 0.1993000000D-02 0.2528000000D+00 0.5729806000D+01 0.4486100000D+01 0.5731000000D+01 0.3193300000D+01 0.2796000000D+00-0.3470000000D-02 0.7979690000D+02 0.2643800000D+00 0.0000000000D+00 0.8540000000D-01 0.2747414000D+01 0.6151000000D+00 0.0000000000D+00 0.2446000000D+00
3 6820171206201712232458093.5-0.6616000000D+00-0.4380000000D-02 0.2235230000D+03 0.8636300000D+00 0.3014000000D-02 0.2568000000D+00 0.1749386000D+01 0.6480000000D+00 0.2030600000D+01 0.1486300000D+01 0.2488000000D+00 0.5200000000D-03 0.7747420000D+02 0.2164300000D+00 0.0000000000D+00 0.9600000000D-01 0.5061333000D+01 0.2997500000D+01 0.0000000000D+00 0.4768900000D+01
3 6920171223201801092458110.5-0.7760000000D+00 0.7000000000D-02 0.2312914000D+03 0.8976100000D+00 0.3072000000D-02 0.2517000000D+00 0.4056983000D+01 0.3125300000D+01 0.4742600000D+01 0.6224500000D+01 0.2610000000D+00-0.1720000000D-02 0.7577810000D+02 0.1651200000D+00 0.0000000000D+00 0.6930000000D-01 0.1098131000D+01 0.5446800000D+01 0.0000000000D+00 0.3151500000D+01
4 7020161231201701182457753.5-0.2673700000D+01 0.1198800000D+00 0.4267458000D+03 0.1614930000D+01 0.0000000000D+00 0.2087900000D+01 0.4198523000D+01 0.3789700000D+01 0.0000000000D+00 0.5431800000D+01 0.9252000000D+00-0.4818000000D-01 0.1859297000D+03 0.5635600000D+00 0.0000000000D+00 0.9064000000D+00 0.1183566000D+01 0.7732000000D+00 0.0000000000D+00 0.2417400000D+01
4 7120170118201702052457771.5-0.2156400000D+01 0.6415000000D-01 0.4519319000D+03 0.1533740000D+01 0.0000000000D+00 0.2319400000D+01 0.4665072000D+01 0.4499200000D+01 0.0000000000D+00 0.1129000000D+00 0.7298000000D+00-0.2775000000D-01 0.1945908000D+03 0.5999000000D+00 0.0000000000D+00 0.9901000000D+00 0.1656384000D+01 0.1538300000D+01 0.0000000000D+00 0.3380300000D+01
4 7220170205201702232457789.5-0.1780100000D+01 0.3660000000D-01 0.4781788000D+03 0.1443310000D+01 0.0000000000D+00 0.2487400000D+01 0.5148026000D+01 0.5317700000D+01 0.0000000000D+00 0.1099200000D+01 0.6559000000D+00-0.2671000000D-01 0.2049346000D+03 0.6633300000D+00 0.0000000000D+00 0.1055400000D+01 0.2144377000D+01 0.2318600000D+01 0.0000000000D+00 0.4375900000D+01
4 7320170223201703132457807.5-0.1044300000D+01-0.3118000000D-01 0.5030069000D+03 0.1344670000D+01 0.0000000000D+00 0.2672400000D+01 0.5648829000D+01 0.6247300000D+01 0.0000000000D+00 0.2098500000D+01 0.3652000000D+00-0.2870000000D-02 0.2164327000D+03 0.6848600000D+00 0.0000000000D+00 0.1147400000D+01 0.2647728000D+01 0.3113600000D+01 0.0000000000D+00 0.5377300000D+01
4 7420170313201703312457825.5-0.1891000000D+00-0.1434800000D+00 0.5220935000D+03 0.1337920000D+01 0.0000000000D+00 0.2770500000D+01 0.6166000000D+01 0.9886000000D+00 0.0000000000D+00 0.3135500000D+01-0.9140000000D-01 0.5379000000D-01 0.2271388000D+03 0.6619900000D+00 0.0000000000D+00 0.1209900000D+01 0.3164432000D+01 0.3983700000D+01 0.0000000000D+00 0.1303000000D+00
4 7520170331201704182457843.5 0.8930000000D-01-0.2048700000D+00 0.5317471000D+03 0.1385910000D+01 0.0000000000D+00 0.2803300000D+01 0.4126980000D+00 0.1988500000D+01 0.0000000000D+00 0.4206800000D+01-0.2438000000D+00 0.8566000000D-01 0.2348379000D+03 0.5898600000D+00 0.0000000000D+00 0.1250700000D+01 0.3691517000D+01 0.4928700000D+01 0.0000000000D+00 0.1192500000D+01
4 7620170418201705062457861.5-0.1465700000D+01-0.2669000000D-01 0.5315283000D+03 0.1334570000D+01 0.0000000000D+00 0.2784100000D+01 0.9480680000D+00 0.3069400000D+01 0.0000000000D+00 0.5222000000D+01 0.4870000000D+00 0.3450000000D-02 0.2382825000D+03 0.4800300000D+00 0.0000000000D+00 0.1250400000D+01 0.4221882000D+01 0.6149300000D+01 0.0000000000D+00 0.2198000000D+01
4 7720170506201705242457879.5-0.3184900000D+01 0.2104500000D+00 0.5206824000D+03 0.1505410000D+01 0.0000000000D+00 0.2565600000D+01 0.1476359000D+01 0.4103100000D+01 0.0000000000D+00 0.6270000000D+01 0.1275400000D+01-0.1038500000D+00 0.2360183000D+03 0.5875900000D+00 0.0000000000D+00 0.1159700000D+01 0.4744283000D+01 0.1087500000D+01 0.0000000000D+00 0.3249100000D+01
4 7820170524201706112457897.5-0.2741200000D+01 0.2293900000D+00 0.5002017000D+03 0.1558400000D+01 0.0000000000D+00 0.2430600000D+01 0.1993260000D+01 0.4945500000D+01 0.0000000000D+00 0.1016000000D+01 0.1036000000D+01-0.1063100000D+00 0.2281621000D+03 0.6764400000D+00 0.0000000000D+00 0.1105100000D+01 0.5256199000D+01 0.1969300000D+01 0.0000000000D+00 0.4273300000D+01
4 7920170611201706292457915.5-0.6445000000D+00 0.2328000000D-01 0.4755335000D+03 0.1458590000D+01 0.0000000000D+00 0.2267400000D+01 0.2497102000D+01 0.5814300000D+01 0.0000000000D+00 0.1963000000D+01 0.1055000000D+00-0.1322000000D-01 0.2173405000D+03 0.6998200000D+00 0.0000000000D+00 0.1026200000D+01 0.5755933000D+01 0.2813500000D+01 0.0000000000D+00 0.5222500000D+01
4 8020170629201707172457933.5 0.4813000000D+00-0.1225600000D+00 0.4514950000D+03 0.1496780000D+01 0.0000000000D+00 0.2047900000D+01 0.2982892000D+01 0.3465000000D+00 0.0000000000D+00 0.2944700000D+01-0.3399000000D+00 0.4689000000D-01 0.2057618000D+03 0.7540600000D+00 0.0000000000D+00 0.9275000000D+00 0.6238744000D+01 0.3545900000D+01 0.0000000000D+00 0.6210200000D+01
4 8120170717201708042457951.5 0.4880000000D-01-0.1068900000D+00 0.4290336000D+03 0.1486490000D+01 0.0000000000D+00 0.1938000000D+01 0.3450283000D+01 0.1029400000D+01 0.0000000000D+00 0.3889000000D+01-0.8570000000D-01 0.3291000000D-01 0.1939665000D+03 0.7559700000D+00 0.0000000000D+00 0.8714000000D+00 0.4219290000D+00 0.4149000000D+01 0.0000000000D+00 0.8684000000D+00
4 8220170804201708222457969.5-0.7666000000D+00-0.4687000000D-01 0.4096708000D+03 0.1425890000D+01 0.0000000000D+00 0.1848600000D+01 0.3904091000D+01 0.1680800000D+01 0.0000000000D+00 0.4805300000D+01 0.2610000000D+00 0.6070000000D-02 0.1828238000D+03 0.7263000000D+00 0.0000000000D+00 0.8182000000D+00 0.8767260000D+00 0.4715000000D+01 0.0000000000D+00 0.1790400000D+01
4 8320170822201709092457987.5-0.1288800000D+01-0.1551000000D-01 0.3946671000D+03 0.1405970000D+01 0.0000000000D+00 0.1754000000D+01 0.4347862000D+01 0.2319200000D+01 0.0000000000D+00 0.5738400000D+01 0.4701000000D+00-0.7690000000D-02 0.1728411000D+03 0.7008000000D+00 0.0000000000D+00 0.7629000000D+00 0.1322993000D+01 0.5258400000D+01 0.0000000000D+00 0.2730200000D+01
4 8420170909201709272458005.5-0.1433100000D+01-0.1531000000D-01 0.3841487000D+03 0.1404320000D+01 0.0000000000D+00 0.1704100000D+01 0.4783400000D+01 0.2925300000D+01 0.0000000000D+00 0.3597000000D+00 0.5027000000D+00-0.7840000000D-02 0.1640074000D+03 0.6725000000D+00 0.0000000000D+00 0.7238000000D+00 0.1762471000D+01 0.5765000000D+01 0.0000000000D+00 0.3638800000D+01
4 8520170927201710152458023.5-0.1819500000D+01 0.1750000000D-02 0.3777629000D+03 0.1425380000D+01 0.0000000000D+00 0.1678300000D+01 0.5213880000D+01 0.3531900000D+01 0.0000000000D+00 0.1279100000D+01 0.6059000000D+00-0.1281000000D-01 0.1561242000D+03 0.6373800000D+00 0.0000000000D+00 0.6918000000D+00 0.2198286000D+01 0.6265400000D+01 0.0000000000D+00 0.4561200000D+01
4 8620171015201711022458041.5-0.2198300000D+01 0.2036000000D-01 0.3757220000D+03 0.1460020000D+01 0.0000000000D+00 0.1661400000D+01 0.5640845000D+01 0.4120700000D+01 0.0000000000D+00 0.2197300000D+01 0.6229000000D+00-0.9460000000D-02 0.1491934000D+03 0.5899900000D+00 0.0000000000D+00 0.6527000000D+00 0.2631442000D+01 0.4537000000D+00 0.0000000000D+00 0.5476700000D+01
4 8720171102201711202458059.5-0.2368200000D+01 0.1553000000D-01 0.3780119000D+03 0.1493290000D+01 0.0000000000D+00 0.1678900000D+01 0.6066202000D+01 0.4693800000D+01 0.0000000000D+00 0.3091000000D+01 0.5296000000D+00 0.5890000000D-02 0.1431107000D+03 0.5264400000D+00 0.0000000000D+00 0.6179000000D+00 0.3064359000D+01 0.9125000000D+00 0.0000000000D+00 0.9800000000D-01
4 8820171120201712082458077.5-0.2520500000D+01 0.4450000000D-02 0.3843312000D+03 0.1528710000D+01 0.0000000000D+00 0.1708100000D+01 0.2091420000D+00 0.5283700000D+01 0.0000000000D+00 0.4007800000D+01 0.4628000000D+00 0.2019000000D-01 0.1378180000D+03 0.4469500000D+00 0.0000000000D+00 0.5926000000D+00 0.3500061000D+01 0.1404400000D+01 0.0000000000D+00 0.1041800000D+01
4 8920171208201712262458095.5-0.2890500000D+01 0.2251000000D-01 0.3952181000D+03 0.1579310000D+01 0.0000000000D+00 0.1741300000D+01 0.6388140000D+00 0.5864500000D+01 0.0000000000D+00 0.4917600000D+01 0.5824000000D+00 0.1130000000D-01 0.1337082000D+03 0.3778400000D+00 0.0000000000D+00 0.5728000000D+00 0.3941230000D+01 0.1927700000D+01 0.0000000000D+00 0.1967200000D+01
4 9020171226201801132458113.5-0.2986400000D+01 0.8240000000D-02 0.4103039000D+03 0.1621840000D+01 0.0000000000D+00 0.1828900000D+01 0.1073908000D+01 0.1881000000D+00 0.0000000000D+00 0.5829700000D+01 0.6262000000D+00 0.8780000000D-02 0.1307702000D+03 0.2976300000D+00 0.0000000000D+00 0.5691000000D+00 0.4388994000D+01 0.2541900000D+01 0.0000000000D+00 0.2893000000D+01
