 6 8    2   33   41   48   56   63   84  115  6.6670  4.5860  3.3280  2.2960  1.3910  0.3940  0.3940  0.0790 12.0 50.0 55.0 50.0 53.0 18.0 12.0 36.0  125 2457753.5000 2017                                                                                                                                                                                                      
1  220161231201701122457753.5-0.6387000000D+00 0.3420000000D-02 0.2328340000D+02 0.4564000000D-01 0.5500000000D-03 0.2242000000D+00 0.4656414000D+01 0.3246200000D+01 0.4970300000D+01 0.1062800000D+01 0.1161000000D+00 0.4590000000D-02 0.1094880000D+02 0.1945000000D-01 0.1760000000D-03 0.1044000000D+00 0.4160000000D-01 0.5713000000D+01 0.2209300000D+01 0.2725500000D+01
1  320170112201701242457765.5-0.6026000000D+00 0.5010000000D-02 0.2343800000D+02 0.4218000000D-01 0.2770000000D-03 0.2236000000D+00 0.2956711000D+01 0.1783600000D+01 0.3042700000D+01 0.3768500000D+01 0.1760000000D+00 0.4330000000D-02 0.1112980000D+02 0.1791000000D-01 0.2470000000D-03 0.1077000000D+00 0.4637655000D+01 0.4108100000D+01 0.6248400000D+01 0.5429900000D+01
1  420170124201702052457777.5-0.5321000000D+00 0.6400000000D-02 0.2366870000D+02 0.4112000000D-01 0.7900000000D-04 0.2254000000D+00 0.1259804000D+01 0.3470000000D+00 0.2731800000D+01 0.1755000000D+00 0.2277000000D+00 0.3770000000D-02 0.1132200000D+02 0.1503000000D-01 0.2840000000D-03 0.1099000000D+00 0.2953897000D+01 0.2625100000D+01 0.4047600000D+01 0.1878200000D+01
1  520170205201702172457789.5-0.4581000000D+00 0.8030000000D-02 0.2397340000D+02 0.4146000000D-01 0.2170000000D-03 0.2292000000D+00 0.5849834000D+01 0.5129300000D+01 0.1420200000D+01 0.2889900000D+01 0.2728000000D+00 0.3230000000D-02 0.1151380000D+02 0.1408000000D-01 0.2010000000D-03 0.1115000000D+00 0.1274006000D+01 0.1310200000D+01 0.1889200000D+01 0.4604900000D+01
1  620170217201703012457801.5-0.3528000000D+00 0.9920000000D-02 0.2434230000D+02 0.4270000000D-01 0.5090000000D-03 0.2342000000D+00 0.4160632000D+01 0.3571100000D+01 0.5715000000D+01 0.5593400000D+01 0.3109000000D+00 0.2170000000D-02 0.1169800000D+02 0.1691000000D-01 0.5300000000D-04 0.1138000000D+00 0.5881511000D+01 0.6159300000D+01 0.1235900000D+01 0.1061800000D+01
1  720170301201703132457813.5-0.2392000000D+00 0.1132000000D-01 0.2478440000D+02 0.3858000000D-01 0.6350000000D-03 0.2416000000D+00 0.2474891000D+01 0.2058500000D+01 0.3631500000D+01 0.2037500000D+01 0.3329000000D+00 0.1010000000D-02 0.1188690000D+02 0.1874000000D-01 0.1760000000D-03 0.1137000000D+00 0.4209667000D+01 0.4640300000D+01 0.5788000000D+00 0.3790600000D+01
1  820170313201703252457825.5-0.1054000000D+00 0.1276000000D-01 0.2525850000D+02 0.3607000000D-01 0.6000000000D-03 0.2445000000D+00 0.7929550000D+00 0.6712000000D+00 0.1471900000D+01 0.4767200000D+01 0.3474000000D+00-0.5100000000D-03 0.1207130000D+02 0.1886000000D-01 0.2250000000D-03 0.1158000000D+00 0.2541307000D+01 0.3077700000D+01 0.4844600000D+01 0.2402000000D+00
1  920170325201704062457837.5 0.4480000000D-01 0.1297000000D-01 0.2574190000D+02 0.4205000000D-01 0.2110000000D-03 0.2511000000D+00 0.5398368000D+01 0.5577400000D+01 0.6263500000D+01 0.1219700000D+01 0.3391000000D+00-0.2040000000D-02 0.1224580000D+02 0.1902000000D-01 0.2410000000D-03 0.1166000000D+00 0.8754120000D+00 0.1551800000D+01 0.3036900000D+01 0.2978600000D+01
1 1020170406201704182457849.5 0.1954000000D+00 0.1290000000D-01 0.2624180000D+02 0.4684000000D-01 0.3330000000D-03 0.2525000000D+00 0.3725449000D+01 0.4059400000D+01 0.6260600000D+01 0.3957200000D+01 0.3197000000D+00-0.3410000000D-02 0.1241030000D+02 0.1837000000D-01 0.1260000000D-03 0.1193000000D+00 0.5494909000D+01 0.1241000000D+00 0.1132500000D+01 0.5707000000D+01
1 1120170418201704302457861.5 0.3592000000D+00 0.1173000000D-01 0.2673180000D+02 0.4860000000D-01 0.6270000000D-03 0.2560000000D+00 0.2056374000D+01 0.2506600000D+01 0.4460500000D+01 0.3989000000D+00 0.2781000000D+00-0.4670000000D-02 0.1254570000D+02 0.1936000000D-01 0.3100000000D-04 0.1206000000D+00 0.3832363000D+01 0.4964300000D+01 0.2782400000D+01 0.2174000000D+01
1 1220170430201705122457873.5 0.4984000000D+00 0.1016000000D-01 0.2719400000D+02 0.4743000000D-01 0.6520000000D-03 0.2591000000D+00 0.3905270000D+00 0.1021200000D+01 0.2804100000D+01 0.3141000000D+01 0.2227000000D+00-0.5450000000D-02 0.1264380000D+02 0.2042000000D-01 0.1990000000D-03 0.1215000000D+00 0.2170876000D+01 0.3416400000D+01 0.2000000000D-02 0.4915100000D+01
1 1320170512201705242457885.5 0.6321000000D+00 0.8070000000D-02 0.2759560000D+02 0.4342000000D-01 0.4450000000D-03 0.2630000000D+00 0.5010697000D+01 0.5870900000D+01 0.1070100000D+01 0.5864300000D+01 0.1555000000D+00-0.6200000000D-02 0.1270020000D+02 0.1794000000D-01 0.2980000000D-03 0.1226000000D+00 0.5102890000D+00 0.1821600000D+01 0.4036400000D+01 0.1381900000D+01
1 1420170524201706052457897.5 0.7242000000D+00 0.5170000000D-02 0.2790770000D+02 0.4303000000D-01 0.1430000000D-03 0.2675000000D+00 0.3348803000D+01 0.4520300000D+01 0.3192000000D+00 0.2322200000D+01 0.7660000000D-01-0.6450000000D-02 0.1271690000D+02 0.1456000000D-01 0.3090000000D-03 0.1204000000D+00 0.5131769000D+01 0.3821000000D+00 0.1997200000D+01 0.4117400000D+01
1 1520170605201706172457909.5 0.7862000000D+00 0.2130000000D-02 0.2809110000D+02 0.4350000000D-01 0.4660000000D-03 0.2675000000D+00 0.1687752000D+01 0.3086900000D+01 0.5915200000D+01 0.5062800000D+01 0.3000000000D-03-0.6550000000D-02 0.1268460000D+02 0.1279000000D-01 0.1990000000D-03 0.1197000000D+00 0.3468060000D+01 0.5462800000D+01 0.4387000000D+00 0.5658000000D+00
1 1620170617201706292457921.5 0.8064000000D+00-0.1880000000D-02 0.2813170000D+02 0.3866000000D-01 0.7710000000D-03 0.2702000000D+00 0.2666900000D-01 0.1538400000D+01 0.3775700000D+01 0.1517100000D+01-0.8150000000D-01-0.6150000000D-02 0.1259550000D+02 0.1337000000D-01 0.1600000000D-03 0.1175000000D+00 0.1801253000D+01 0.4247300000D+01 0.5787000000D+01 0.3290100000D+01
1 1720170629201707112457933.5 0.7772000000D+00-0.5390000000D-02 0.2806460000D+02 0.3114000000D-01 0.7870000000D-03 0.2649000000D+00 0.4647232000D+01 0.1952000000D+00 0.1839700000D+01 0.4254600000D+01-0.1502000000D+00-0.5320000000D-02 0.1245990000D+02 0.1623000000D-01 0.2800000000D-03 0.1166000000D+00 0.1303080000D+00 0.2906200000D+01 0.4745000000D+01 0.5994100000D+01
1 1820170711201707232457945.5 0.7185000000D+00-0.8920000000D-02 0.2787610000D+02 0.2814000000D-01 0.4390000000D-03 0.2614000000D+00 0.2981708000D+01 0.5368100000D+01 0.8480000000D-01 0.6882000000D+00-0.2150000000D+00-0.4270000000D-02 0.1227390000D+02 0.1744000000D-01 0.3820000000D-03 0.1150000000D+00 0.4738061000D+01 0.1504700000D+01 0.3120600000D+01 0.2432200000D+01
1 1920170723201708042457957.5 0.6073000000D+00-0.1126000000D-01 0.2757350000D+02 0.3190000000D-01 0.2780000000D-03 0.2563000000D+00 0.1311980000D+01 0.4119000000D+01 0.5256400000D+01 0.3410600000D+01-0.2639000000D+00-0.2810000000D-02 0.1205450000D+02 0.1748000000D-01 0.3560000000D-03 0.1136000000D+00 0.3057803000D+01 0.1703000000D+00 0.1079400000D+01 0.5134400000D+01
1 2020170804201708162457969.5 0.4841000000D+00-0.1256000000D-01 0.2718990000D+02 0.3938000000D-01 0.4700000000D-03 0.2524000000D+00 0.5920967000D+01 0.2714500000D+01 0.4433700000D+01 0.6103900000D+01-0.2986000000D+00-0.1630000000D-02 0.1183080000D+02 0.2141000000D-01 0.1770000000D-03 0.1121000000D+00 0.1372715000D+01 0.5102300000D+01 0.5401800000D+01 0.1566200000D+01
1 2120170816201708282457981.5 0.3282000000D+00-0.1306000000D-01 0.2672720000D+02 0.4287000000D-01 0.7190000000D-03 0.2502000000D+00 0.4241711000D+01 0.1213100000D+01 0.2826700000D+01 0.2530300000D+01-0.3217000000D+00-0.3200000000D-03 0.1160970000D+02 0.2578000000D-01 0.7200000000D-04 0.1084000000D+00 0.5965003000D+01 0.3589400000D+01 0.2420000000D-01 0.4259600000D+01
1 2220170828201709092457993.5 0.1738000000D+00-0.1241000000D-01 0.2621810000D+02 0.4311000000D-01 0.7650000000D-03 0.2458000000D+00 0.2557932000D+01 0.6037200000D+01 0.8164000000D+00 0.5230800000D+01-0.3246000000D+00 0.5300000000D-03 0.1140120000D+02 0.2729000000D-01 0.1680000000D-03 0.1065000000D+00 0.4268708000D+01 0.1994100000D+01 0.4223100000D+01 0.6707000000D+00
1 2320170909201709212458005.5 0.1930000000D-01-0.1192000000D-01 0.2570360000D+02 0.4862000000D-01 0.4190000000D-03 0.2444000000D+00 0.8703590000D+00 0.4653100000D+01 0.4959800000D+01 0.1653300000D+01-0.3225000000D+00 0.1340000000D-02 0.1121530000D+02 0.2741000000D-01 0.2070000000D-03 0.1037000000D+00 0.2568517000D+01 0.4008000000D+00 0.2113900000D+01 0.3346400000D+01
1 2420170921201710032458017.5-0.1310000000D+00-0.1063000000D-01 0.2521340000D+02 0.5658000000D-01 0.1130000000D-03 0.2362000000D+00 0.5461103000D+01 0.3122700000D+01 0.1087700000D+01 0.4351800000D+01-0.3018000000D+00 0.2040000000D-02 0.1105970000D+02 0.2593000000D-01 0.2050000000D-03 0.1034000000D+00 0.8649490000D+00 0.5100300000D+01 0.1490000000D-01 0.6016200000D+01
1 2520171003201710152458029.5-0.2552000000D+00-0.9730000000D-02 0.2475280000D+02 0.6092000000D-01 0.2780000000D-03 0.2318000000D+00 0.3764368000D+01 0.1493800000D+01 0.4193600000D+01 0.7579000000D+00-0.2784000000D+00 0.2610000000D-02 0.1093680000D+02 0.2492000000D-01 0.1610000000D-03 0.1027000000D+00 0.5443159000D+01 0.3558000000D+01 0.4124000000D+01 0.2419800000D+01
1 2620171015201710272458041.5-0.3783000000D+00-0.8340000000D-02 0.2432440000D+02 0.6100000000D-01 0.3510000000D-03 0.2259000000D+00 0.2064242000D+01 0.6154200000D+01 0.1926900000D+01 0.3444300000D+01-0.2434000000D+00 0.3400000000D-02 0.1084950000D+02 0.2616000000D-01 0.5900000000D-04 0.1038000000D+00 0.3738150000D+01 0.2030600000D+01 0.4720000000D-01 0.5099200000D+01
1 2720171027201711082458053.5-0.4666000000D+00-0.6780000000D-02 0.2395490000D+02 0.5824000000D-01 0.4160000000D-03 0.2238000000D+00 0.3612860000D+00 0.4513500000D+01 0.5938600000D+01 0.6110700000D+01-0.2021000000D+00 0.3920000000D-02 0.1080740000D+02 0.2661000000D-01 0.2060000000D-03 0.1033000000D+00 0.2033137000D+01 0.3841000000D+00 0.3561800000D+01 0.1516600000D+01
1 2820171108201711202458065.5-0.5507000000D+00-0.5140000000D-02 0.2363400000D+02 0.5537000000D-01 0.4130000000D-03 0.2226000000D+00 0.4940012000D+01 0.2933900000D+01 0.3861500000D+01 0.2519400000D+01-0.1573000000D+00 0.4600000000D-02 0.1079580000D+02 0.2498000000D-01 0.2750000000D-03 0.1026000000D+00 0.3288920000D+00 0.4983900000D+01 0.1270600000D+01 0.4202300000D+01
1 2920171120201712022458077.5-0.6064000000D+00-0.2940000000D-02 0.2337560000D+02 0.5509000000D-01 0.1630000000D-03 0.2227000000D+00 0.3234894000D+01 0.1417900000D+01 0.1068300000D+01 0.5200500000D+01-0.1012000000D+00 0.4890000000D-02 0.1080430000D+02 0.2143000000D-01 0.2020000000D-03 0.1025000000D+00 0.4909409000D+01 0.3378900000D+01 0.5588700000D+01 0.6186000000D+00
1 3020171202201712142458089.5-0.6445000000D+00-0.1290000000D-02 0.2321240000D+02 0.5813000000D-01 0.2440000000D-03 0.2234000000D+00 0.1529836000D+01 0.6085200000D+01 0.3238600000D+01 0.1620000000D+01-0.4750000000D-01 0.5080000000D-02 0.1083670000D+02 0.1784000000D-01 0.8700000000D-04 0.1020000000D+00 0.3209611000D+01 0.1796400000D+01 0.3485400000D+01 0.3297900000D+01
1 3120171214201712262458101.5-0.6663000000D+00 0.7500000000D-03 0.2312530000D+02 0.5801000000D-01 0.5630000000D-03 0.2200000000D+00 0.6107676000D+01 0.4428800000D+01 0.8031000000D+00 0.4311100000D+01 0.1630000000D-01 0.5020000000D-02 0.1088210000D+02 0.1524000000D-01 0.3000000000D-05 0.1035000000D+00 0.1512929000D+01 0.2938000000D+00 0.3217100000D+01 0.5994200000D+01
1 3220171226201801072458113.5-0.6561000000D+00 0.2090000000D-02 0.2310800000D+02 0.5214000000D-01 0.5240000000D-03 0.2204000000D+00 0.4402718000D+01 0.2812800000D+01 0.4986300000D+01 0.7270000000D+00 0.7490000000D-01 0.4720000000D-02 0.1094210000D+02 0.1381000000D-01 0.1110000000D-03 0.1042000000D+00 0.6103119000D+01 0.5093100000D+01 0.2496700000D+01 0.2414800000D+01
2 3320161231201702192457753.5 0.7400000000D-01-0.8200000000D-03 0.2984220000D+02 0.7627000000D-01 0.3640000000D-03 0.6970000000D-01 0.8210810000D+00 0.5719600000D+01 0.1576200000D+01-0.4489900000D+01-0.9780000000D-01-0.1300000000D-03 0.1364410000D+02 0.3011000000D-01 0.1480000000D-03 0.3300000000D-01 0.2533816000D+01 0.1188900000D+01 0.3321000000D+01-0.2800400000D+01
2 3420170219201704102457803.5 0.3280000000D-01-0.1200000000D-02 0.3136230000D+02 0.6572000000D-01 0.4600000000D-03 0.7560000000D-01 0.3826905000D+01 0.3056200000D+01 0.5161700000D+01-0.4975800000D+01-0.1054000000D+00-0.7000000000D-04 0.1429030000D+02 0.2611000000D-01 0.1780000000D-03 0.3520000000D-01 0.5555150000D+01 0.4833100000D+01 0.4880000000D+00-0.3205800000D+01
2 3520170410201705302457853.5-0.2840000000D-01-0.1740000000D-02 0.3397100000D+02 0.6000000000D-01 0.5010000000D-03 0.8400000000D-01 0.6141650000D+00 0.7070000000D+00 0.2991400000D+01-0.5310600000D+01-0.1114000000D+00 0.2400000000D-03 0.1541450000D+02 0.2709000000D-01 0.1890000000D-03 0.3680000000D-01 0.2348435000D+01 0.2415300000D+01 0.4802600000D+01-0.3614300000D+01
2 3620170530201707192457903.5-0.1176000000D+00-0.1540000000D-02 0.3604690000D+02 0.4548000000D-01 0.6410000000D-03 0.8230000000D-01 0.3749682000D+01 0.4883000000D+01 0.1037100000D+01-0.5703300000D+01-0.9970000000D-01 0.5900000000D-03 0.1640290000D+02 0.1746000000D-01 0.2830000000D-03 0.3980000000D-01 0.5476656000D+01 0.1426000000D+00 0.2725200000D+01-0.3958300000D+01
2 3720170719201709072457953.5-0.1940000000D+00-0.5400000000D-03 0.3560380000D+02 0.4182000000D-01 0.5660000000D-03 0.8410000000D-01 0.6105190000D+00 0.3505900000D+01 0.4970000000D+01-0.6103200000D+01-0.6840000000D-01 0.6900000000D-03 0.1627750000D+02 0.1699000000D-01 0.2230000000D-03 0.3680000000D-01 0.2325269000D+01 0.5377300000D+01 0.3385000000D+00-0.4337100000D+01
2 3820170907201710272458003.5-0.2195000000D+00-0.1000000000D-04 0.3311860000D+02 0.7299000000D-01 0.3150000000D-03 0.7670000000D-01 0.3691851000D+01 0.1223700000D+01 0.2475800000D+01-0.2396000000D+00-0.3340000000D-01 0.5700000000D-03 0.1521980000D+02 0.3159000000D-01 0.1160000000D-03 0.3460000000D-01 0.5402221000D+01 0.2947800000D+01 0.4214600000D+01-0.4861800000D+01
2 3920171027201712162458053.5-0.2190000000D+00 0.5000000000D-04 0.3070210000D+02 0.8730000000D-01 0.2200000000D-03 0.7270000000D-01 0.4164150000D+00 0.4681800000D+01 0.2767000000D+00-0.7903000000D+00-0.5400000000D-02 0.4000000000D-03 0.1416730000D+02 0.3646000000D-01 0.8100000000D-04 0.3320000000D-01 0.2135223000D+01 0.8010000000D-01 0.2149900000D+01-0.5357700000D+01
2 4020171216201802042458103.5-0.2155000000D+00-0.2000000000D-04 0.2963280000D+02 0.8255000000D-01 0.3030000000D-03 0.7040000000D-01 0.3386455000D+01 0.1756000000D+01 0.3906900000D+01-0.1316100000D+01 0.1460000000D-01 0.4000000000D-03 0.1361570000D+02 0.3304000000D-01 0.1320000000D-03 0.3350000000D-01 0.5122336000D+01 0.3387000000D+01 0.5772100000D+01-0.5871800000D+01
3 4120161231201702242457753.5-0.1300000000D-02 0.4000000000D-04 0.3700200000D+02 0.6896000000D-01 0.4890000000D-03 0.3200000000D-02 0.5520627000D+01 0.4213000000D+01 0.6256000000D+01-0.4653800000D+01-0.1200000000D-02 0.0000000000D+00 0.1701050000D+02 0.2659000000D-01 0.1990000000D-03 0.1800000000D-02 0.9127310000D+00 0.6088700000D+01 0.1689900000D+01-0.2825400000D+01
3 4220170224201704202457808.5 0.5000000000D-03 0.0000000000D+00 0.3914690000D+02 0.6897000000D-01 0.6190000000D-03 0.5400000000D-02 0.6280688000D+01 0.5904700000D+01 0.1483300000D+01-0.2898600000D+01-0.8000000000D-03-0.2000000000D-04 0.1810450000D+02 0.3047000000D-01 0.2460000000D-03 0.1800000000D-02 0.1691846000D+01 0.1481100000D+01 0.3108800000D+01-0.1171500000D+01
3 4320170420201706142457863.5 0.1800000000D-02-0.9000000000D-04 0.4277980000D+02 0.8689000000D-01 0.7070000000D-03 0.4500000000D-02 0.8352500000D+00 0.1464900000D+01 0.3500500000D+01-0.8054000000D+00-0.3000000000D-02 0.3000000000D-04 0.1983520000D+02 0.4212000000D-01 0.2990000000D-03 0.3000000000D-02 0.2538361000D+01 0.3121600000D+01 0.5281000000D+01-0.5716800000D+01
3 4420170614201708082457918.5-0.3700000000D-02 0.1100000000D-03 0.4490490000D+02 0.8505000000D-01 0.8140000000D-03 0.4700000000D-02 0.1746049000D+01 0.3351100000D+01 0.5610400000D+01-0.5540500000D+01-0.1700000000D-02 0.0000000000D+00 0.2099470000D+02 0.3516000000D-01 0.3560000000D-03 0.2200000000D-02 0.3442031000D+01 0.4960800000D+01 0.9356000000D+00-0.3474200000D+01
3 4520170808201710022457973.5 0.9000000000D-03-0.2000000000D-04 0.4305610000D+02 0.7117000000D-01 0.6080000000D-03 0.3600000000D-02 0.2644065000D+01 0.5475100000D+01 0.1083700000D+01-0.3523000000D+01-0.1200000000D-02-0.1000000000D-04 0.2029680000D+02 0.3006000000D-01 0.2350000000D-03 0.1300000000D-02 0.4333260000D+01 0.8511000000D+00 0.2755600000D+01-0.2282100000D+01
3 4620171002201711262458028.5 0.4000000000D-03-0.3000000000D-04 0.3938430000D+02 0.7792000000D-01 0.3750000000D-03 0.2600000000D-02 0.3456228000D+01 0.9533000000D+00 0.2785100000D+01-0.2530500000D+01-0.2000000000D-02 0.1000000000D-04 0.1874550000D+02 0.3127000000D-01 0.1410000000D-03 0.1500000000D-02 0.5153143000D+01 0.2555200000D+01 0.4529100000D+01-0.4791000000D+00
3 4720171126201801202458083.5-0.4000000000D-03 0.0000000000D+00 0.3698280000D+02 0.7723000000D-01 0.3780000000D-03 0.2700000000D-02 0.4196301000D+01 0.2319200000D+01 0.4405100000D+01-0.7316000000D+00-0.1800000000D-02 0.1000000000D-04 0.1765890000D+02 0.2853000000D-01 0.1530000000D-03 0.1400000000D-02 0.5916987000D+01 0.3891900000D+01 0.6261300000D+01-0.5600200000D+01
4 4820161231201702192457753.5 0.1430000000D+00 0.1600000000D-03 0.4731870000D+02 0.1166200000D+00 0.5430000000D-03 0.5160000000D-01 0.3380118000D+01 0.2002100000D+01 0.4059700000D+01 0.2316800000D+01 0.9200000000D-02-0.1000000000D-04 0.2163950000D+02 0.4539000000D-01 0.2120000000D-03 0.2410000000D-01 0.5092256000D+01 0.3765400000D+01 0.5788900000D+01 0.4072900000D+01
4 4920170219201704102457803.5 0.1537000000D+00 0.2900000000D-03 0.4970910000D+02 0.1054600000D+00 0.7240000000D-03 0.5520000000D-01 0.4985132000D+01 0.4211300000D+01 0.4620000000D-01 0.5597400000D+01 0.9300000000D-02-0.3000000000D-04 0.2266740000D+02 0.4168000000D-01 0.2800000000D-03 0.2560000000D-01 0.4299050000D+00 0.5986700000D+01 0.1646900000D+01 0.1087400000D+01
4 5020170410201705302457853.5 0.1663000000D+00 0.3200000000D-03 0.5387030000D+02 0.9470000000D-01 0.8550000000D-03 0.5920000000D-01 0.3687110000D+00 0.4414000000D+00 0.2685100000D+01 0.2673600000D+01 0.4600000000D-02-0.1800000000D-03 0.2445080000D+02 0.4267000000D-01 0.3220000000D-03 0.2730000000D-01 0.2102733000D+01 0.2157100000D+01 0.4449800000D+01 0.4500400000D+01
4 5120170530201707192457903.5 0.1852000000D+00-0.5000000000D-04 0.5715670000D+02 0.7832000000D-01 0.9700000000D-03 0.6140000000D-01 0.2103663000D+01 0.3287800000D+01 0.5576000000D+01 0.6060900000D+01-0.1600000000D-02-0.1900000000D-03 0.2600860000D+02 0.3098000000D-01 0.4420000000D-03 0.2850000000D-01 0.3830750000D+01 0.4839300000D+01 0.9757000000D+00 0.1568100000D+01
4 5220170719201709072457953.5 0.1808000000D+00-0.2000000000D-03 0.5645090000D+02 0.7348000000D-01 0.8680000000D-03 0.5880000000D-01 0.3855994000D+01 0.2164000000D+00 0.1928900000D+01 0.3104200000D+01-0.1490000000D-01-0.1300000000D-03 0.2581580000D+02 0.2935000000D-01 0.3450000000D-03 0.2740000000D-01 0.5571318000D+01 0.2036800000D+01 0.3575800000D+01 0.4887800000D+01
4 5320170907201710272458003.5 0.1685000000D+00-0.2800000000D-03 0.5250760000D+02 0.1035800000D+00 0.5630000000D-03 0.5580000000D-01 0.5553616000D+01 0.2916500000D+01 0.4371100000D+01 0.6330000000D-01-0.1950000000D-01 0.3000000000D-04 0.2412730000D+02 0.4441000000D-01 0.2170000000D-03 0.2530000000D-01 0.9817600000D+00 0.4628700000D+01 0.6094200000D+01 0.1818800000D+01
4 5420171027201712162458053.5 0.1569000000D+00-0.1000000000D-03 0.4867170000D+02 0.1218400000D+00 0.4010000000D-03 0.5300000000D-01 0.8954260000D+00 0.5097100000D+01 0.5520000000D+00 0.3247600000D+01-0.1910000000D-01 0.0000000000D+00 0.2245630000D+02 0.5062000000D-01 0.1470000000D-03 0.2360000000D-01 0.2614889000D+01 0.4783000000D+00 0.2361300000D+01 0.4988000000D+01
4 5520171216201802042458103.5 0.1496000000D+00 0.1100000000D-03 0.4697840000D+02 0.1213800000D+00 0.4530000000D-03 0.5070000000D-01 0.2477977000D+01 0.8486000000D+00 0.2860500000D+01 0.1597000000D+00-0.1910000000D-01 0.4000000000D-04 0.2157110000D+02 0.4822000000D-01 0.1970000000D-03 0.2270000000D-01 0.4214526000D+01 0.2461000000D+01 0.4705900000D+01 0.1883900000D+01
5 5620161231201702222457753.5-0.7310000000D-01-0.8000000000D-04 0.6609070000D+02 0.1564400000D+00 0.7500000000D-03 0.2470000000D-01 0.5798480000D+00 0.5494900000D+01 0.1232500000D+01 0.5707600000D+01-0.8400000000D-02-0.7000000000D-04 0.2990040000D+02 0.6071000000D-01 0.2970000000D-03 0.1160000000D-01 0.2286826000D+01 0.9704000000D+00 0.2955400000D+01 0.1129300000D+01
5 5720170222201704162457806.5-0.7520000000D-01-0.1700000000D-03 0.6974130000D+02 0.1450500000D+00 0.1041000000D-02 0.2720000000D-01 0.5090162000D+01 0.4378700000D+01 0.2204000000D+00 0.2254800000D+01-0.1180000000D-01-0.6000000000D-04 0.3145770000D+02 0.5770000000D-01 0.4000000000D-03 0.1170000000D-01 0.5294420000D+00 0.6147900000D+01 0.1836100000D+01 0.3977000000D+01
5 5820170416201706082457859.5-0.8400000000D-01-0.1600000000D-03 0.7595830000D+02 0.1327800000D+00 0.1261000000D-02 0.2820000000D-01 0.3386668000D+01 0.3612800000D+01 0.5847000000D+01 0.5135200000D+01-0.1310000000D-01-0.6000000000D-04 0.3412980000D+02 0.5970000000D-01 0.4920000000D-03 0.1360000000D-01 0.5113453000D+01 0.5301400000D+01 0.1342300000D+01 0.6600000000D+00
5 5920170608201707312457912.5-0.9290000000D-01 0.4000000000D-04 0.8013330000D+02 0.1163000000D+00 0.1367000000D-02 0.3020000000D-01 0.1757387000D+01 0.3199300000D+01 0.5408900000D+01 0.1918400000D+01-0.1310000000D-01-0.1000000000D-04 0.3613980000D+02 0.4356000000D-01 0.5970000000D-03 0.1350000000D-01 0.3475987000D+01 0.4806700000D+01 0.7785000000D+00 0.3537600000D+01
5 6020170731201709222457965.5-0.9140000000D-01 0.1800000000D-03 0.7778180000D+02 0.1168200000D+00 0.1119000000D-02 0.2930000000D-01 0.1361860000D+00 0.2955700000D+01 0.4713200000D+01 0.4844000000D+01-0.1120000000D-01-0.2000000000D-04 0.3524030000D+02 0.4825000000D-01 0.4260000000D-03 0.1310000000D-01 0.1843511000D+01 0.4740000000D+01 0.1123000000D+00 0.3191000000D+00
5 6120170922201711142458018.5-0.8420000000D-01 0.2100000000D-03 0.7153770000D+02 0.1465200000D+00 0.7270000000D-03 0.2560000000D-01 0.4728617000D+01 0.2201500000D+01 0.3808600000D+01 0.1489600000D+01-0.1090000000D-01-0.4000000000D-04 0.3259660000D+02 0.6115000000D-01 0.2720000000D-03 0.1210000000D-01 0.1514850000D+00 0.3892000000D+01 0.5521600000D+01 0.3172800000D+01
5 6220171114201801062458071.5-0.7450000000D-01 0.1100000000D-03 0.6672380000D+02 0.1610400000D+00 0.5860000000D-03 0.2420000000D-01 0.2962340000D+01 0.1020600000D+01 0.2846900000D+01 0.4330400000D+01-0.1350000000D-01-0.3000000000D-04 0.3048620000D+02 0.6559000000D-01 0.2130000000D-03 0.1100000000D-01 0.4680229000D+01 0.2665100000D+01 0.4677600000D+01 0.6012900000D+01
6 6320161231201701182457753.5-0.6906600000D+01 0.3769000000D-01 0.1533163000D+03 0.3506200000D+00 0.0000000000D+00 0.2147400000D+01 0.1014290000D+00 0.5005900000D+01 0.0000000000D+00 0.4997700000D+01-0.2125000000D+00 0.2833000000D-01 0.6935500000D+02 0.1013800000D+00 0.0000000000D+00 0.9724000000D+00 0.1817149000D+01 0.3655000000D+00 0.0000000000D+00 0.4668000000D+00
6 6420170118201702052457771.5-0.6904100000D+01 0.4072000000D-01 0.1551950000D+03 0.3407900000D+00 0.0000000000D+00 0.2178000000D+01 0.8740110000D+00 0.5955000000D+01 0.0000000000D+00 0.3060000000D+00 0.4312000000D+00-0.5545000000D-01 0.7007760000D+02 0.1728400000D+00 0.0000000000D+00 0.9618000000D+00 0.2606661000D+01 0.1469600000D+01 0.0000000000D+00 0.2011500000D+01
6 6520170205201702232457789.5-0.5512100000D+01-0.1367600000D+00 0.1568585000D+03 0.4409400000D+00 0.0000000000D+00 0.2184300000D+01 0.1655914000D+01 0.9550000000D+00 0.0000000000D+00 0.1852400000D+01-0.3182000000D+00 0.1507000000D-01 0.7092570000D+02 0.1337800000D+00 0.0000000000D+00 0.1020300000D+01 0.3381820000D+01 0.2794800000D+01 0.0000000000D+00 0.3591500000D+01
6 6620170223201703132457807.5-0.7580300000D+01 0.6857000000D-01 0.1614231000D+03 0.2637600000D+00 0.0000000000D+00 0.2365200000D+01 0.2428437000D+01 0.2182500000D+01 0.0000000000D+00 0.3435600000D+01-0.4082000000D+00 0.2378000000D-01 0.7252910000D+02 0.1416700000D+00 0.0000000000D+00 0.1038200000D+01 0.4170439000D+01 0.3846700000D+01 0.0000000000D+00 0.5192700000D+01
6 6720170313201703312457825.5-0.6869500000D+01-0.2351000000D-01 0.1665498000D+03 0.2774000000D+00 0.0000000000D+00 0.2445500000D+01 0.3226038000D+01 0.2962200000D+01 0.0000000000D+00 0.5066500000D+01 0.9130000000D-01-0.3657000000D-01 0.7492360000D+02 0.9006000000D-01 0.0000000000D+00 0.1097600000D+01 0.4961590000D+01 0.4969000000D+01 0.0000000000D+00 0.4986000000D+00
6 6820170331201704182457843.5-0.6988800000D+01-0.3642000000D-01 0.1717552000D+03 0.2542400000D+00 0.0000000000D+00 0.2522800000D+01 0.4028248000D+01 0.4057600000D+01 0.0000000000D+00 0.3942000000D+00-0.6301000000D+00 0.4294000000D-01 0.7702810000D+02 0.1319900000D+00 0.0000000000D+00 0.1155800000D+01 0.5774645000D+01 0.5526400000D+01 0.0000000000D+00 0.2151300000D+01
6 6920170418201705062457861.5-0.8318000000D+01 0.9935000000D-01 0.1757961000D+03 0.3581700000D+00 0.0000000000D+00 0.2639000000D+01 0.4843975000D+01 0.5057100000D+01 0.0000000000D+00 0.2046000000D+01 0.4590000000D-01-0.2949000000D-01 0.7883040000D+02 0.1537900000D+00 0.0000000000D+00 0.1150900000D+01 0.2967450000D+00 0.7367000000D+00 0.0000000000D+00 0.3795900000D+01
6 7020170506201705242457879.5-0.6529300000D+01-0.1186300000D+00 0.1806411000D+03 0.3618500000D+00 0.0000000000D+00 0.2588700000D+01 0.5654941000D+01 0.4483000000D+00 0.0000000000D+00 0.3705800000D+01-0.1170000000D+00-0.1389000000D-01 0.8103170000D+02 0.1358900000D+00 0.0000000000D+00 0.1176100000D+01 0.1116872000D+01 0.1821600000D+01 0.0000000000D+00 0.5417800000D+01
6 7120170524201706112457897.5-0.7955700000D+01 0.9960000000D-02 0.1844953000D+03 0.2580500000D+00 0.0000000000D+00 0.2587400000D+01 0.2067380000D+00 0.1544400000D+01 0.0000000000D+00 0.5318600000D+01-0.5468000000D+00 0.4226000000D-01 0.8291210000D+02 0.1275800000D+00 0.0000000000D+00 0.1175400000D+01 0.1938862000D+01 0.3356600000D+01 0.0000000000D+00 0.7920000000D+00
6 7220170611201706292457915.5-0.7958100000D+01 0.3060000000D-02 0.1858035000D+03 0.2714100000D+00 0.0000000000D+00 0.2611800000D+01 0.1040335000D+01 0.2735700000D+01 0.0000000000D+00 0.6782000000D+00 0.1330000000D+00-0.2213000000D-01 0.8374450000D+02 0.7203000000D-01 0.0000000000D+00 0.1150400000D+01 0.2775938000D+01 0.4409100000D+01 0.0000000000D+00 0.2408800000D+01
6 7320170629201707172457933.5-0.7730900000D+01-0.1792000000D-01 0.1851069000D+03 0.2468800000D+00 0.0000000000D+00 0.2573000000D+01 0.1876051000D+01 0.3892200000D+01 0.0000000000D+00 0.2316200000D+01-0.3707000000D+00 0.4468000000D-01 0.8321350000D+02 0.1180600000D+00 0.0000000000D+00 0.1171900000D+01 0.3601459000D+01 0.5364200000D+01 0.0000000000D+00 0.4018700000D+01
6 7420170717201708042457951.5-0.8732200000D+01 0.1197000000D+00 0.1827115000D+03 0.3576200000D+00 0.0000000000D+00 0.2583100000D+01 0.2700996000D+01 0.5000400000D+01 0.0000000000D+00 0.3927900000D+01 0.3246000000D+00-0.2623000000D-01 0.8289000000D+02 0.1359400000D+00 0.0000000000D+00 0.1184500000D+01 0.4428484000D+01 0.7517000000D+00 0.0000000000D+00 0.5675400000D+01
6 7520170804201708222457969.5-0.6659900000D+01-0.9195000000D-01 0.1800657000D+03 0.3493400000D+00 0.0000000000D+00 0.2613100000D+01 0.3532953000D+01 0.3837000000D+00 0.0000000000D+00 0.5589500000D+01 0.2405000000D+00-0.2012000000D-01 0.8117740000D+02 0.1355100000D+00 0.0000000000D+00 0.1151800000D+01 0.5250850000D+01 0.1851100000D+01 0.0000000000D+00 0.1018800000D+01
6 7620170822201709092457987.5-0.7648800000D+01 0.3002000000D-01 0.1740814000D+03 0.2634800000D+00 0.0000000000D+00 0.2488400000D+01 0.4348144000D+01 0.1358800000D+01 0.0000000000D+00 0.9469000000D+00-0.2609000000D+00 0.3825000000D-01 0.7923480000D+02 0.1361200000D+00 0.0000000000D+00 0.1153700000D+01 0.6071067000D+01 0.3308100000D+01 0.0000000000D+00 0.2650000000D+01
6 7720170909201709272458005.5-0.7405700000D+01 0.3087000000D-01 0.1690235000D+03 0.2815400000D+00 0.0000000000D+00 0.2420900000D+01 0.5153536000D+01 0.2451500000D+01 0.0000000000D+00 0.2554000000D+01 0.4296000000D+00-0.4074000000D-01 0.7647670000D+02 0.8600000000D-01 0.0000000000D+00 0.1103200000D+01 0.5885390000D+00 0.3967700000D+01 0.0000000000D+00 0.4300400000D+01
6 7820170927201710152458023.5-0.6302000000D+01-0.7571000000D-01 0.1640067000D+03 0.2781400000D+00 0.0000000000D+00 0.2326000000D+01 0.5943886000D+01 0.3153100000D+01 0.0000000000D+00 0.4182500000D+01-0.2713000000D+00 0.3219000000D-01 0.7503500000D+02 0.1540900000D+00 0.0000000000D+00 0.1033100000D+01 0.1384441000D+01 0.4926000000D+01 0.0000000000D+00 0.5887100000D+01
6 7920171015201711022458041.5-0.7948900000D+01 0.1349500000D+00 0.1610323000D+03 0.4508100000D+00 0.0000000000D+00 0.2155300000D+01 0.4555820000D+00 0.4411900000D+01 0.0000000000D+00 0.5749900000D+01-0.4200000000D-01 0.4650000000D-02 0.7296700000D+02 0.1435000000D+00 0.0000000000D+00 0.1018600000D+01 0.2177818000D+01 0.6045000000D+01 0.0000000000D+00 0.1190000000D+01
6 8020171102201711202458059.5-0.6248500000D+01-0.2353000000D-01 0.1559589000D+03 0.3451900000D+00 0.0000000000D+00 0.2165400000D+01 0.1235910000D+01 0.5596700000D+01 0.0000000000D+00 0.1018700000D+01 0.3356000000D+00-0.5105000000D-01 0.7146880000D+02 0.1797600000D+00 0.0000000000D+00 0.9653000000D+00 0.2968385000D+01 0.9312000000D+00 0.0000000000D+00 0.2775700000D+01
6 8120171120201712082458077.5-0.6035200000D+01-0.4186000000D-01 0.1533600000D+03 0.3581300000D+00 0.0000000000D+00 0.2123500000D+01 0.2010525000D+01 0.3056000000D+00 0.0000000000D+00 0.2604900000D+01-0.5122000000D+00 0.3167000000D-01 0.6957540000D+02 0.1075500000D+00 0.0000000000D+00 0.9678000000D+00 0.3742307000D+01 0.2038400000D+01 0.0000000000D+00 0.4315800000D+01
6 8220171208201712262458095.5-0.6903800000D+01 0.6598000000D-01 0.1518468000D+03 0.2673200000D+00 0.0000000000D+00 0.2137100000D+01 0.2774717000D+01 0.1131900000D+01 0.0000000000D+00 0.4156700000D+01-0.8770000000D-01-0.2393000000D-01 0.6923580000D+02 0.1266900000D+00 0.0000000000D+00 0.9899000000D+00 0.4517637000D+01 0.2586800000D+01 0.0000000000D+00 0.5917900000D+01
6 8320171226201801132458113.5-0.5597300000D+01-0.7408000000D-01 0.1524879000D+03 0.3804300000D+00 0.0000000000D+00 0.2214700000D+01 0.3549665000D+01 0.1937000000D+01 0.0000000000D+00 0.5756300000D+01-0.3923000000D+00-0.2110000000D-02 0.6866170000D+02 0.1263700000D+00 0.0000000000D+00 0.9776000000D+00 0.5295985000D+01 0.3675000000D+01 0.0000000000D+00 0.1232900000D+01
7 8420161231201701122457753.5 0.4672580000D+02-0.1228914000D+02 0.1337778000D+03 0.3858200000D+01 0.0000000000D+00 0.3049400000D+01 0.1108822000D+01 0.5409200000D+01 0.0000000000D+00 0.1481000000D+00-0.1140990000D+02 0.1508260000D+01 0.7787100000D+02 0.3938740000D+01 0.0000000000D+00 0.1255600000D+01 0.2889132000D+01 0.7645000000D+00 0.0000000000D+00 0.1407900000D+01
7 8520170112201701242457765.5-0.6585670000D+02 0.8558530000D+01 0.1250543000D+03 0.1007453000D+02 0.0000000000D+00 0.1089600000D+01 0.4917138000D+01 0.3336200000D+01 0.0000000000D+00 0.5099200000D+01 0.2492280000D+02-0.5298500000D+00 0.6710670000D+02 0.5475970000D+01 0.0000000000D+00 0.1263000000D+00 0.3429940000D+00 0.4869100000D+01 0.0000000000D+00 0.1067500000D+01
7 8620170124201702052457777.5-0.4130720000D+02-0.1431330000D+01 0.1924075000D+03 0.1212625000D+02 0.0000000000D+00 0.5075000000D+00 0.2063807000D+01 0.6111100000D+01 0.0000000000D+00 0.1570500000D+01-0.1758290000D+02 0.4169320000D+01 0.7589880000D+02 0.4225750000D+01 0.0000000000D+00 0.5542000000D+00 0.3660241000D+01 0.1312600000D+01 0.0000000000D+00 0.4123800000D+01
7 8720170205201702172457789.5-0.1800400000D+02 0.4123460000D+01 0.1510389000D+03 0.9443640000D+01 0.0000000000D+00 0.2543000000D+01 0.5616262000D+01 0.4021000000D+01 0.0000000000D+00 0.1546400000D+01 0.4648630000D+02-0.5592020000D+01 0.5448790000D+02 0.1768480000D+01 0.0000000000D+00 0.1380500000D+01 0.8007530000D+00 0.5690200000D+01 0.0000000000D+00 0.2802900000D+01
7 8820170217201703012457801.5-0.6350420000D+02 0.2424000000D+01 0.1929465000D+03 0.1447544000D+02 0.0000000000D+00 0.7688000000D+00 0.2914195000D+01 0.7360000000D+00 0.0000000000D+00 0.5719800000D+01 0.3432200000D+01 0.1996420000D+01 0.7976250000D+02 0.5891350000D+01 0.0000000000D+00 0.2101000000D+00 0.4706623000D+01 0.2561700000D+01 0.0000000000D+00 0.1438800000D+01
7 8920170301201703132457813.5 0.3035530000D+02-0.5146440000D+01 0.1817842000D+03 0.9391260000D+01 0.0000000000D+00 0.4929800000D+01 0.6276348000D+01 0.4312600000D+01 0.0000000000D+00 0.3431500000D+01 0.1537970000D+02-0.2332840000D+01 0.7543280000D+02 0.4067550000D+01 0.0000000000D+00 0.2159400000D+01 0.1847514000D+01 0.1660000000D-01 0.0000000000D+00 0.5269300000D+01
7 9020170313201703252457825.5-0.6630040000D+02 0.3971710000D+01 0.1776505000D+03 0.1446906000D+02 0.0000000000D+00 0.6738000000D+00 0.3764975000D+01 0.1759900000D+01 0.0000000000D+00 0.1162200000D+01 0.1268880000D+02 0.1233600000D+01 0.7838990000D+02 0.6559600000D+01 0.0000000000D+00 0.3716000000D+00 0.5582654000D+01 0.3593000000D+01 0.0000000000D+00 0.3195200000D+01
7 9120170325201704062457837.5 0.5309460000D+02-0.1270057000D+02 0.1605589000D+03 0.5197670000D+01 0.0000000000D+00 0.3293900000D+01 0.7310650000D+00 0.4899700000D+01 0.0000000000D+00 0.5784100000D+01-0.7483000000D+00-0.6084000000D+00 0.8240080000D+02 0.4280720000D+01 0.0000000000D+00 0.1936400000D+01 0.2687062000D+01 0.7710000000D+00 0.0000000000D+00 0.1001300000D+01
7 9220170406201704182457849.5-0.7629840000D+02 0.7778120000D+01 0.1524640000D+03 0.1214800000D+02 0.0000000000D+00 0.8600000000D+00 0.4581093000D+01 0.2892100000D+01 0.0000000000D+00 0.4722200000D+01 0.1951540000D+02 0.6640700000D+00 0.7618350000D+02 0.6628180000D+01 0.0000000000D+00 0.2228000000D+00 0.1226800000D+00 0.4630000000D+01 0.0000000000D+00 0.5361600000D+01
7 9320170418201704302457861.5-0.2437970000D+02-0.5274070000D+01 0.2044814000D+03 0.1147139000D+02 0.0000000000D+00 0.1558700000D+01 0.1776380000D+01 0.5863500000D+01 0.0000000000D+00 0.1208600000D+01-0.2675450000D+02 0.5092160000D+01 0.8926400000D+02 0.4875700000D+01 0.0000000000D+00 0.7214000000D+00 0.3314054000D+01 0.8915000000D+00 0.0000000000D+00 0.3802600000D+01
7 9420170430201705122457873.5-0.5969690000D+02 0.9715650000D+01 0.1491748000D+03 0.1062719000D+02 0.0000000000D+00 0.1985100000D+01 0.5430918000D+01 0.4049700000D+01 0.0000000000D+00 0.6982000000D+00 0.5136130000D+02-0.5461450000D+01 0.6606860000D+02 0.2524430000D+01 0.0000000000D+00 0.1615900000D+01 0.5411720000D+00 0.5285700000D+01 0.0000000000D+00 0.2399500000D+01
7 9520170512201705242457885.5-0.7142550000D+02 0.2092150000D+01 0.2259084000D+03 0.1647277000D+02 0.0000000000D+00 0.8182000000D+00 0.2660554000D+01 0.4490000000D+00 0.0000000000D+00 0.5213300000D+01-0.3374000000D+00 0.2528250000D+01 0.9143540000D+02 0.6476690000D+01 0.0000000000D+00 0.1756000000D+00 0.4434152000D+01 0.2252500000D+01 0.0000000000D+00 0.6014000000D+00
7 9620170524201706052457897.5 0.3434270000D+02-0.5529180000D+01 0.2099132000D+03 0.1057536000D+02 0.0000000000D+00 0.5860200000D+01 0.6011722000D+01 0.3998900000D+01 0.0000000000D+00 0.2877400000D+01 0.2409570000D+02-0.3301240000D+01 0.8177330000D+02 0.4141570000D+01 0.0000000000D+00 0.2363400000D+01 0.1586309000D+01 0.6077600000D+01 0.0000000000D+00 0.4753700000D+01
7 9720170605201706172457909.5-0.7398380000D+02 0.3709320000D+01 0.2044964000D+03 0.1639708000D+02 0.0000000000D+00 0.8746000000D+00 0.3551165000D+01 0.1490000000D+01 0.0000000000D+00 0.6636000000D+00 0.1097940000D+02 0.1676490000D+01 0.8833520000D+02 0.7210020000D+01 0.0000000000D+00 0.4042000000D+00 0.5358461000D+01 0.3322300000D+01 0.0000000000D+00 0.2758600000D+01
7 9820170617201706292457921.5 0.4401550000D+02-0.1008088000D+02 0.1895506000D+03 0.7850810000D+01 0.0000000000D+00 0.4557300000D+01 0.5794750000D+00 0.4842700000D+01 0.0000000000D+00 0.5063700000D+01 0.1209350000D+02-0.2572830000D+01 0.8441260000D+02 0.4543540000D+01 0.0000000000D+00 0.2554100000D+01 0.2537224000D+01 0.7881000000D+00 0.0000000000D+00 0.6119000000D+00
7 9920170629201707112457933.5-0.7659820000D+02 0.6362680000D+01 0.1756128000D+03 0.1441014000D+02 0.0000000000D+00 0.3836000000D+00 0.4393412000D+01 0.2565000000D+01 0.0000000000D+00 0.3561800000D+01 0.1800390000D+02 0.1202410000D+01 0.8266700000D+02 0.7274590000D+01 0.0000000000D+00 0.3633000000D+00 0.6215987000D+01 0.4370200000D+01 0.0000000000D+00 0.4626800000D+01
710020170711201707232457945.5 0.1059550000D+02-0.1037627000D+02 0.1859021000D+03 0.8020750000D+01 0.0000000000D+00 0.3022900000D+01 0.1523426000D+01 0.5653100000D+01 0.0000000000D+00 0.9521000000D+00-0.2996820000D+02 0.5038910000D+01 0.9647500000D+02 0.5145680000D+01 0.0000000000D+00 0.7610000000D+00 0.3056750000D+01 0.5990000000D+00 0.0000000000D+00 0.3148100000D+01
710120170723201708042457957.5-0.8749370000D+02 0.1284114000D+02 0.1322966000D+03 0.1083627000D+02 0.0000000000D+00 0.1956900000D+01 0.5264716000D+01 0.3947100000D+01 0.0000000000D+00 0.5877800000D+01 0.4358600000D+02-0.3273930000D+01 0.7207090000D+02 0.4310360000D+01 0.0000000000D+00 0.1099800000D+01 0.4569530000D+00 0.5112900000D+01 0.0000000000D+00 0.2016400000D+01
710220170804201708162457969.5-0.6729480000D+02 0.1282180000D+01 0.2268020000D+03 0.1595791000D+02 0.0000000000D+00 0.7484000000D+00 0.2402857000D+01 0.1328000000D+00 0.0000000000D+00 0.4511600000D+01-0.6548700000D+01 0.3121510000D+01 0.9006840000D+02 0.5957660000D+01 0.0000000000D+00 0.2594000000D+00 0.4126177000D+01 0.1869900000D+01 0.0000000000D+00 0.5347700000D+01
710320170816201708282457981.5 0.2249570000D+02-0.2796370000D+01 0.1956426000D+03 0.1013930000D+02 0.0000000000D+00 0.5358300000D+01 0.5763692000D+01 0.3805500000D+01 0.0000000000D+00 0.2229300000D+01 0.4129320000D+02-0.5370540000D+01 0.6591670000D+02 0.2530520000D+01 0.0000000000D+00 0.1759500000D+01 0.1212046000D+01 0.5925600000D+01 0.0000000000D+00 0.3861100000D+01
710420170828201709092457993.5-0.6943010000D+02 0.2627920000D+01 0.1971415000D+03 0.1562126000D+02 0.0000000000D+00 0.1013500000D+01 0.3256279000D+01 0.1114700000D+01 0.0000000000D+00 0.5050000000D-01 0.5664000000D+01 0.2078460000D+01 0.8312270000D+02 0.6551740000D+01 0.0000000000D+00 0.3475000000D+00 0.5041333000D+01 0.2931800000D+01 0.0000000000D+00 0.2058400000D+01
710520170909201709212458005.5 0.2217350000D+02-0.4720930000D+01 0.1843168000D+03 0.9857500000D+01 0.0000000000D+00 0.5505500000D+01 0.3330290000D+00 0.4672400000D+01 0.0000000000D+00 0.4217000000D+01 0.1697360000D+02-0.2890170000D+01 0.7595180000D+02 0.4090170000D+01 0.0000000000D+00 0.2370500000D+01 0.2164689000D+01 0.3865000000D+00 0.0000000000D+00 0.6052100000D+01
710620170921201710032458017.5-0.7137880000D+02 0.4627650000D+01 0.1667560000D+03 0.1399617000D+02 0.0000000000D+00 0.6103000000D+00 0.4027967000D+01 0.2064800000D+01 0.0000000000D+00 0.1681200000D+01 0.1382510000D+02 0.1324950000D+01 0.7592200000D+02 0.6619900000D+01 0.0000000000D+00 0.3972000000D+00 0.5839983000D+01 0.3887300000D+01 0.0000000000D+00 0.3655300000D+01
710720171003201710152458029.5 0.5334560000D+02-0.1418205000D+02 0.1417917000D+03 0.3755520000D+01 0.0000000000D+00 0.3367600000D+01 0.9400890000D+00 0.4918700000D+01 0.0000000000D+00 0.3238000000D+00-0.1308470000D+02 0.1372820000D+01 0.8446550000D+02 0.4289160000D+01 0.0000000000D+00 0.1269400000D+01 0.2777104000D+01 0.5826000000D+00 0.0000000000D+00 0.1536800000D+01
710820171015201710272458041.5-0.8408710000D+02 0.9548490000D+01 0.1245281000D+03 0.9947580000D+01 0.0000000000D+00 0.1315000000D+01 0.4752101000D+01 0.3193200000D+01 0.0000000000D+00 0.5056100000D+01 0.2225040000D+02 0.1851800000D+00 0.6903760000D+02 0.5912500000D+01 0.0000000000D+00 0.1497000000D+00 0.2448140000D+00 0.4781600000D+01 0.0000000000D+00 0.3138000000D+00
710920171027201711082458053.5-0.3736230000D+02-0.2842830000D+01 0.1916658000D+03 0.1223019000D+02 0.0000000000D+00 0.5227000000D+00 0.1909477000D+01 0.5924400000D+01 0.0000000000D+00 0.1927600000D+01-0.2096740000D+02 0.4122640000D+01 0.7988320000D+02 0.4762800000D+01 0.0000000000D+00 0.5955000000D+00 0.3483853000D+01 0.1086900000D+01 0.0000000000D+00 0.4276900000D+01
711020171108201711202458065.5-0.4658860000D+02 0.7551530000D+01 0.1333740000D+03 0.8751300000D+01 0.0000000000D+00 0.2273600000D+01 0.5446717000D+01 0.3984600000D+01 0.0000000000D+00 0.1117600000D+01 0.4925830000D+02-0.5617500000D+01 0.5600360000D+02 0.1675570000D+01 0.0000000000D+00 0.1617200000D+01 0.5223960000D+00 0.5180400000D+01 0.0000000000D+00 0.2558100000D+01
711120171120201712022458077.5-0.5945130000D+02 0.6324000000D+00 0.1847231000D+03 0.1418393000D+02 0.0000000000D+00 0.8732000000D+00 0.2696025000D+01 0.4939000000D+00 0.0000000000D+00 0.5499600000D+01-0.3470100000D+01 0.2348370000D+01 0.7585830000D+02 0.5640170000D+01 0.0000000000D+00 0.2580000000D+00 0.4444983000D+01 0.2256400000D+01 0.0000000000D+00 0.8253000000D+00
711220171202201712142458089.5 0.2012730000D+02-0.3482360000D+01 0.1733501000D+03 0.9302710000D+01 0.0000000000D+00 0.5101600000D+01 0.5972960000D+01 0.3968700000D+01 0.0000000000D+00 0.2970200000D+01 0.2062090000D+02-0.2943470000D+01 0.6864980000D+02 0.3607220000D+01 0.0000000000D+00 0.2148100000D+01 0.1520942000D+01 0.5958800000D+01 0.0000000000D+00 0.4816200000D+01
711320171214201712262458101.5-0.6866330000D+02 0.2747090000D+01 0.1654051000D+03 0.1381172000D+02 0.0000000000D+00 0.8911000000D+00 0.3422128000D+01 0.1357400000D+01 0.0000000000D+00 0.5886000000D+00 0.3876800000D+01 0.1857690000D+01 0.6998760000D+02 0.5905240000D+01 0.0000000000D+00 0.3743000000D+00 0.5248051000D+01 0.3216800000D+01 0.0000000000D+00 0.2717400000D+01
711420171226201801072458113.5 0.3529700000D+02-0.7927410000D+01 0.1591154000D+03 0.7079220000D+01 0.0000000000D+00 0.3727300000D+01 0.3721940000D+00 0.4585800000D+01 0.0000000000D+00 0.4939100000D+01 0.1355900000D+02-0.3153370000D+01 0.6514780000D+02 0.3468470000D+01 0.0000000000D+00 0.2113300000D+01 0.2374482000D+01 0.6890000000D+00 0.0000000000D+00 0.5784000000D+00
811520161231201702052457753.5 0.9625000000D+01-0.1228870000D+01 0.4246369000D+03 0.0000000000D+00 0.0000000000D+00 0.4426200000D+01 0.8415050000D+00 0.0000000000D+00 0.0000000000D+00 0.6027000000D+01 0.3887900000D+01-0.1279900000D+00 0.1368464000D+03 0.0000000000D+00 0.0000000000D+00 0.1123200000D+01 0.3207863000D+01 0.0000000000D+00 0.0000000000D+00 0.2267300000D+01
811620170205201703132457789.5-0.4351110000D+02 0.1193320000D+01 0.4526785000D+03 0.0000000000D+00 0.0000000000D+00 0.7898400000D+01 0.3622017000D+01 0.0000000000D+00 0.0000000000D+00 0.5593300000D+01 0.1006640000D+02-0.1548200000D+00 0.1393765000D+03 0.0000000000D+00 0.0000000000D+00 0.2820400000D+01 0.5963429000D+01 0.0000000000D+00 0.0000000000D+00 0.1444700000D+01
811720170313201704182457825.5 0.2032000000D+01-0.1266750000D+01 0.4905569000D+03 0.0000000000D+00 0.0000000000D+00 0.8640800000D+01 0.1650840000D+00 0.0000000000D+00 0.0000000000D+00 0.4501700000D+01-0.1370700000D+01 0.2448700000D+00 0.1468931000D+03 0.0000000000D+00 0.0000000000D+00 0.2190400000D+01 0.2501715000D+01 0.0000000000D+00 0.0000000000D+00 0.4284000000D+00
811820170418201705242457861.5-0.3749560000D+02 0.1233050000D+01 0.5267649000D+03 0.0000000000D+00 0.0000000000D+00 0.4791500000D+01 0.3033568000D+01 0.0000000000D+00 0.0000000000D+00 0.4139300000D+01 0.1175320000D+02-0.2067500000D+00 0.1566273000D+03 0.0000000000D+00 0.0000000000D+00 0.1166100000D+01 0.5370795000D+01 0.0000000000D+00 0.0000000000D+00 0.8531000000D+00
811920170524201706292457897.5-0.2816860000D+02-0.2300500000D+00 0.5383080000D+03 0.0000000000D+00 0.0000000000D+00 0.1189430000D+02 0.5968334000D+01 0.0000000000D+00 0.0000000000D+00 0.3890300000D+01-0.1453000000D+01 0.3337700000D+00 0.1684169000D+03 0.0000000000D+00 0.0000000000D+00 0.3848600000D+01 0.1991738000D+01 0.0000000000D+00 0.0000000000D+00 0.5994900000D+01
812020170629201708042457933.5-0.4515400000D+01-0.1536400000D+00 0.5272340000D+03 0.0000000000D+00 0.0000000000D+00 0.8617900000D+01 0.2598216000D+01 0.0000000000D+00 0.0000000000D+00 0.2748500000D+01 0.1456540000D+02-0.4906000000D+00 0.1750743000D+03 0.0000000000D+00 0.0000000000D+00 0.2692800000D+01 0.4896955000D+01 0.0000000000D+00 0.0000000000D+00 0.5409500000D+01
812120170804201709092457969.5-0.3643690000D+02 0.2771000000D+00 0.4985101000D+03 0.0000000000D+00 0.0000000000D+00 0.3853500000D+01 0.5473764000D+01 0.0000000000D+00 0.0000000000D+00 0.2791300000D+01 0.3597900000D+01 0.3028700000D+00 0.1662849000D+03 0.0000000000D+00 0.0000000000D+00 0.1314100000D+01 0.1502376000D+01 0.0000000000D+00 0.0000000000D+00 0.4757300000D+01
812220170909201710152458005.5-0.3462200000D+01-0.3146900000D+00 0.4657572000D+03 0.0000000000D+00 0.0000000000D+00 0.1017200000D+02 0.2024494000D+01 0.0000000000D+00 0.0000000000D+00 0.2314700000D+01 0.2061100000D+01-0.9769000000D-01 0.1507524000D+03 0.0000000000D+00 0.0000000000D+00 0.3486100000D+01 0.4342264000D+01 0.0000000000D+00 0.0000000000D+00 0.4535700000D+01
812320171015201711202458041.5-0.4691470000D+02 0.1195180000D+01 0.4244078000D+03 0.0000000000D+00 0.0000000000D+00 0.4971000000D+01 0.4815898000D+01 0.0000000000D+00 0.0000000000D+00 0.9783000000D+00 0.1137170000D+02 0.7740000000D-02 0.1360120000D+03 0.0000000000D+00 0.0000000000D+00 0.1424000000D+01 0.8571380000D+00 0.0000000000D+00 0.0000000000D+00 0.2938700000D+01
812420171120201712262458077.5 0.1217450000D+02-0.1290180000D+01 0.4126965000D+03 0.0000000000D+00 0.0000000000D+00 0.6585600000D+01 0.1289468000D+01 0.0000000000D+00 0.0000000000D+00 0.1076200000D+01 0.4485700000D+01-0.3062200000D+00 0.1270477000D+03 0.0000000000D+00 0.0000000000D+00 0.1812600000D+01 0.3661317000D+01 0.0000000000D+00 0.0000000000D+00 0.3694000000D+01
812520171226201801312458113.5-0.4606050000D+02 0.1148660000D+01 0.4199043000D+03 0.0000000000D+00 0.0000000000D+00 0.7831900000D+01 0.4045507000D+01 0.0000000000D+00 0.0000000000D+00 0.6192300000D+01 0.1935900000D+01 0.3191900000D+00 0.1175115000D+03 0.0000000000D+00 0.0000000000D+00 0.2388600000D+01 0.1516750000D+00 0.0000000000D+00 0.0000000000D+00 0.2236100000D+01
