 4 2   2  56 19.7027 4.9788  7.0  7.0  109 2453370.5000 2005                                                                                                                                                                                                                                                                                                                     
1  220041231200501072453370.4 0.1051000000D+00 0.2200000000D-03 0.4629600000D+01 0.7371000000D-01 0.3240000000D-03 0.3530000000D-01 0.1222971000D+01 0.6202200000D+01 0.5068000000D+01-0.2236900000D+01-0.7210000000D-01 0.1800000000D-03 0.3502100000D+01 0.2056000000D-01 0.3490000000D-03 0.2610000000D-01 0.4027765000D+01 0.2175500000D+01 0.1636000000D+00-0.5684200000D+01
1  320050107200501142453377.4 0.1076000000D+00 0.2500000000D-03 0.4778500000D+01 0.7637000000D-01 0.4030000000D-03 0.3630000000D-01 0.8047590000D+00 0.5835700000D+01 0.4602700000D+01-0.3022900000D+01-0.7130000000D-01 0.1700000000D-03 0.3451400000D+01 0.1893000000D-01 0.3580000000D-03 0.2570000000D-01 0.3679360000D+01 0.1643700000D+01 0.6046600000D+01-0.1132000000D+00
1  420050114200501212453384.4 0.1100000000D+00 0.3800000000D-03 0.4957000000D+01 0.7851000000D-01 0.4730000000D-03 0.3800000000D-01 0.3877360000D+00 0.5462000000D+01 0.4323400000D+01-0.3807900000D+01-0.7010000000D-01 0.1400000000D-03 0.3381500000D+01 0.1782000000D-01 0.3540000000D-03 0.2510000000D-01 0.3336460000D+01 0.1062600000D+01 0.5559300000D+01-0.8161000000D+00
1  520050121200501282453391.4 0.1127000000D+00 0.5300000000D-03 0.5163200000D+01 0.8081000000D-01 0.4750000000D-03 0.3990000000D-01 0.6256332000D+01 0.5080300000D+01 0.4050900000D+01-0.4577900000D+01-0.6890000000D-01 0.1400000000D-03 0.3291600000D+01 0.1744000000D-01 0.3820000000D-03 0.2440000000D-01 0.3000560000D+01 0.4547000000D+00 0.5029400000D+01-0.1506400000D+01
1  620050128200502042453398.4 0.1159000000D+00 0.6100000000D-03 0.5393800000D+01 0.8356000000D-01 0.4280000000D-03 0.4150000000D-01 0.5844750000D+01 0.4698400000D+01 0.3629900000D+01-0.5345400000D+01-0.6760000000D-01 0.2000000000D-03 0.3182100000D+01 0.1772000000D-01 0.4320000000D-03 0.2350000000D-01 0.2673255000D+01 0.6113800000D+01 0.4573300000D+01-0.2191100000D+01
1  720050204200502112453405.4 0.1196000000D+00 0.6300000000D-03 0.5646100000D+01 0.8625000000D-01 0.4190000000D-03 0.4320000000D-01 0.5436323000D+01 0.4321000000D+01 0.3017300000D+01-0.6121300000D+01-0.6610000000D-01 0.2800000000D-03 0.3056000000D+01 0.1894000000D-01 0.4610000000D-03 0.2250000000D-01 0.2356685000D+01 0.5480200000D+01 0.4164100000D+01-0.2867700000D+01
1  820050211200502182453412.4 0.1236000000D+00 0.6100000000D-03 0.5918400000D+01 0.8822000000D-01 0.5010000000D-03 0.4560000000D-01 0.5031258000D+01 0.3945600000D+01 0.2431300000D+01-0.6109000000D+00-0.6420000000D-01 0.3600000000D-03 0.2918000000D+01 0.2137000000D-01 0.4650000000D-03 0.2150000000D-01 0.2053739000D+01 0.4871300000D+01 0.3732800000D+01-0.3526600000D+01
1  920050218200502252453419.4 0.1276000000D+00 0.6000000000D-03 0.6207900000D+01 0.8932000000D-01 0.5950000000D-03 0.4810000000D-01 0.4629845000D+01 0.3564700000D+01 0.2013000000D+01-0.1368100000D+01-0.6190000000D-01 0.3900000000D-03 0.2775200000D+01 0.2474000000D-01 0.4720000000D-03 0.2040000000D-01 0.1767799000D+01 0.4312700000D+01 0.3250100000D+01-0.4164000000D+01
1 1020050225200503042453426.4 0.1317000000D+00 0.5500000000D-03 0.6510300000D+01 0.8998000000D-01 0.6080000000D-03 0.5020000000D-01 0.4232234000D+01 0.3173200000D+01 0.1676000000D+01-0.2121400000D+01-0.5920000000D-01 0.3900000000D-03 0.2637400000D+01 0.2854000000D-01 0.4970000000D-03 0.1940000000D-01 0.1502282000D+01 0.3795900000D+01 0.2755200000D+01-0.4781700000D+01
1 1120050304200503112453433.4 0.1359000000D+00 0.4600000000D-03 0.6820100000D+01 0.9079000000D-01 0.5350000000D-03 0.5220000000D-01 0.3838253000D+01 0.2775300000D+01 0.1294100000D+01-0.2882500000D+01-0.5640000000D-01 0.3800000000D-03 0.2519200000D+01 0.3253000000D-01 0.5190000000D-03 0.1860000000D-01 0.1259801000D+01 0.3301800000D+01 0.2288300000D+01-0.5378700000D+01
1 1220050311200503182453440.4 0.1399000000D+00 0.3900000000D-03 0.7132300000D+01 0.9175000000D-01 0.4700000000D-03 0.5480000000D-01 0.3447495000D+01 0.2378900000D+01 0.7680000000D+00-0.3640500000D+01-0.5350000000D-01 0.3900000000D-03 0.2439000000D+01 0.3675000000D-01 0.5110000000D-03 0.1830000000D-01 0.1040614000D+01 0.2823700000D+01 0.1825800000D+01-0.5950500000D+01
1 1320050318200503252453447.4 0.1436000000D+00 0.4100000000D-03 0.7442800000D+01 0.9245000000D-01 0.5070000000D-03 0.5740000000D-01 0.3059489000D+01 0.1987300000D+01 0.2090000000D+00-0.4387600000D+01-0.5060000000D-01 0.4300000000D-03 0.2417300000D+01 0.4106000000D-01 0.4970000000D-03 0.1840000000D-01 0.8405530000D+00 0.2363800000D+01 0.1316100000D+01-0.2225000000D+00
1 1420050325200504012453454.4 0.1468000000D+00 0.5400000000D-03 0.7749300000D+01 0.9244000000D-01 0.6080000000D-03 0.5940000000D-01 0.2673762000D+01 0.1596700000D+01 0.6133900000D+01-0.5130000000D+01-0.4760000000D-01 0.4900000000D-03 0.2470800000D+01 0.4514000000D-01 0.5140000000D-03 0.1900000000D-01 0.6500440000D+00 0.1917800000D+01 0.7884000000D+00-0.7779000000D+00
1 1520050401200504082453461.4 0.1500000000D+00 0.7000000000D-03 0.8050300000D+01 0.9193000000D-01 0.6630000000D-03 0.6130000000D-01 0.2290046000D+01 0.1198700000D+01 0.5919800000D+01-0.5878300000D+01-0.4450000000D-01 0.5400000000D-03 0.2608200000D+01 0.4883000000D-01 0.5480000000D-03 0.2040000000D-01 0.4561140000D+00 0.1476000000D+01 0.3150000000D+00-0.1344700000D+01
1 1620050408200504152453468.4 0.1534000000D+00 0.7300000000D-03 0.8343100000D+01 0.9189000000D-01 0.6330000000D-03 0.6360000000D-01 0.1908175000D+01 0.7915000000D+00 0.5680500000D+01-0.3442000000D+00-0.4120000000D-01 0.5200000000D-03 0.2828400000D+01 0.5228000000D-01 0.5540000000D-03 0.2240000000D-01 0.2470120000D+00 0.1033100000D+01 0.6168500000D+01-0.1927900000D+01
1 1720050415200504222453475.4 0.1573000000D+00 0.5600000000D-03 0.8624000000D+01 0.9297000000D-01 0.5580000000D-03 0.6600000000D-01 0.1527772000D+01 0.3822000000D+00 0.5274500000D+01-0.1086100000D+01-0.3770000000D-01 0.4400000000D-03 0.3121800000D+01 0.5571000000D-01 0.5300000000D-03 0.2490000000D-01 0.1596800000D-01 0.5922000000D+00 0.5712900000D+01-0.2529900000D+01
1 1820050422200504292453482.4 0.1611000000D+00 0.2600000000D-03 0.8890400000D+01 0.9475000000D-01 0.5520000000D-03 0.6790000000D-01 0.1148169000D+01 0.6261800000D+01 0.4712700000D+01-0.1823900000D+01-0.3430000000D-01 0.3500000000D-03 0.3475700000D+01 0.5909000000D-01 0.5250000000D-03 0.2760000000D-01 0.6044856000D+01 0.1584000000D+00 0.5189800000D+01-0.3157000000D+01
1 1920050429200505062453489.4 0.1641000000D+00 0.5000000000D-04 0.9143200000D+01 0.9627000000D-01 0.6510000000D-03 0.6940000000D-01 0.7686880000D+00 0.5864000000D+01 0.4273400000D+01-0.2566200000D+01-0.3130000000D-01 0.3300000000D-03 0.3877400000D+01 0.6211000000D-01 0.5740000000D-03 0.3070000000D-01 0.5769483000D+01 0.6013400000D+01 0.4684500000D+01-0.3810700000D+01
1 2020050506200505132453496.4 0.1660000000D+00 0.3000000000D-04 0.9385400000D+01 0.9726000000D-01 0.7470000000D-03 0.7120000000D-01 0.3890350000D+00 0.5462900000D+01 0.4030900000D+01-0.3314500000D+01-0.2870000000D-01 0.3600000000D-03 0.4315000000D+01 0.6464000000D-01 0.6290000000D-03 0.3430000000D-01 0.5476484000D+01 0.5583600000D+01 0.4273400000D+01-0.4476200000D+01
1 2120050513200505202453503.4 0.1671000000D+00 0.1700000000D-03 0.9617800000D+01 0.9877000000D-01 0.7570000000D-03 0.7340000000D-01 0.9196000000D-02 0.5052600000D+01 0.3841800000D+01-0.4058400000D+01-0.2630000000D-01 0.4000000000D-03 0.4777600000D+01 0.6707000000D-01 0.6390000000D-03 0.3790000000D-01 0.5169194000D+01 0.5149100000D+01 0.3907600000D+01-0.5147200000D+01
1 2220050520200505272453510.4 0.1679000000D+00 0.3000000000D-03 0.9838600000D+01 0.1017800000D+00 0.6970000000D-03 0.7520000000D-01 0.5912080000D+01 0.4641000000D+01 0.3578800000D+01-0.4798100000D+01-0.2380000000D-01 0.4100000000D-03 0.5256400000D+01 0.6982000000D-01 0.6120000000D-03 0.4140000000D-01 0.4850404000D+01 0.4715000000D+01 0.3500700000D+01-0.5831600000D+01
1 2320050527200506032453517.4 0.1688000000D+00 0.3000000000D-03 0.1004820000D+02 0.1060700000D+00 0.6490000000D-03 0.7640000000D-01 0.5530733000D+01 0.4239700000D+01 0.3157000000D+01-0.5542500000D+01-0.2130000000D-01 0.3700000000D-03 0.5745700000D+01 0.7290000000D-01 0.5960000000D-03 0.4500000000D-01 0.4522408000D+01 0.4288700000D+01 0.2998300000D+01-0.2494000000D+00
1 2420050603200506102453524.4 0.1698000000D+00 0.1500000000D-03 0.1025110000D+02 0.1106400000D+00 0.7180000000D-03 0.7780000000D-01 0.5147818000D+01 0.3850700000D+01 0.2637000000D+01-0.1340000000D-01-0.1900000000D-01 0.3200000000D-03 0.6242200000D+01 0.7573000000D-01 0.6390000000D-03 0.4910000000D-01 0.4187215000D+01 0.3871400000D+01 0.2466500000D+01-0.9548000000D+00
1 2520050610200506172453531.4 0.1705000000D+00-0.1000000000D-04 0.1045440000D+02 0.1148900000D+00 0.8640000000D-03 0.7990000000D-01 0.4763166000D+01 0.3464000000D+01 0.2230800000D+01-0.7662000000D+00-0.1690000000D-01 0.3000000000D-03 0.6742400000D+01 0.7793000000D-01 0.6950000000D-03 0.5310000000D-01 0.3846652000D+01 0.3455700000D+01 0.2036400000D+01-0.1655900000D+01
1 2620050617200506242453538.4 0.1704000000D+00-0.1400000000D-03 0.1066340000D+02 0.1193900000D+00 0.9350000000D-03 0.8180000000D-01 0.4376832000D+01 0.3071200000D+01 0.1946600000D+01-0.1511600000D+01-0.1490000000D-01 0.2600000000D-03 0.7242500000D+01 0.7991000000D-01 0.6770000000D-03 0.5670000000D-01 0.3502140000D+01 0.3036700000D+01 0.1686300000D+01-0.2363300000D+01
1 2720050624200507012453545.4 0.1698000000D+00-0.2400000000D-03 0.1088200000D+02 0.1250100000D+00 0.8620000000D-03 0.8310000000D-01 0.3988786000D+01 0.2676700000D+01 0.1697100000D+01-0.2262500000D+01-0.1300000000D-01 0.1900000000D-03 0.7739700000D+01 0.8223000000D-01 0.5690000000D-03 0.6030000000D-01 0.3154655000D+01 0.2620200000D+01 0.1323900000D+01-0.3081100000D+01
1 2820050701200507082453552.4 0.1687000000D+00-0.3400000000D-03 0.1111610000D+02 0.1316800000D+00 0.6990000000D-03 0.8460000000D-01 0.3598956000D+01 0.2290900000D+01 0.1388200000D+01-0.3024200000D+01-0.1110000000D-01 0.1300000000D-03 0.8233300000D+01 0.8479000000D-01 0.4350000000D-03 0.6420000000D-01 0.2804999000D+01 0.2216200000D+01 0.8188000000D+00-0.3800300000D+01
1 2920050708200507152453559.4 0.1672000000D+00-0.4100000000D-03 0.1137340000D+02 0.1386600000D+00 0.5570000000D-03 0.8720000000D-01 0.3207468000D+01 0.1918200000D+01 0.9274000000D+00-0.3785300000D+01-0.9300000000D-02 0.1500000000D-03 0.8723600000D+01 0.8686000000D-01 0.3790000000D-03 0.6820000000D-01 0.2453987000D+01 0.1828700000D+01 0.1889000000D+00-0.4513200000D+01
1 3020050715200507222453566.4 0.1654000000D+00-0.3600000000D-03 0.1166350000D+02 0.1449300000D+00 0.5540000000D-03 0.9000000000D-01 0.2814604000D+01 0.1556800000D+01 0.4442000000D+00-0.4536100000D+01-0.7600000000D-02 0.3100000000D-03 0.9211900000D+01 0.8786000000D-01 0.3830000000D-03 0.7170000000D-01 0.2102453000D+01 0.1453600000D+01 0.6073200000D+01-0.5224400000D+01
1 3120050722200507292453573.4 0.1631000000D+00-0.1000000000D-03 0.1199780000D+02 0.1502800000D+00 0.6110000000D-03 0.9220000000D-01 0.2420950000D+01 0.1201100000D+01 0.2074000000D+00-0.5289600000D+01-0.5800000000D-02 0.5700000000D-03 0.9699900000D+01 0.8817000000D-01 0.3380000000D-03 0.7510000000D-01 0.1751224000D+01 0.1085500000D+01 0.5967300000D+01-0.5941800000D+01
1 3220050729200508052453580.4 0.1611000000D+00 0.2600000000D-03 0.1238820000D+02 0.1553200000D+00 0.6100000000D-03 0.9510000000D-01 0.2027496000D+01 0.8500000000D+00 0.1363000000D+00-0.6051800000D+01-0.3100000000D-02 0.8100000000D-03 0.1018970000D+02 0.8861000000D-01 0.2370000000D-03 0.7900000000D-01 0.1401053000D+01 0.7271000000D+00 0.6043700000D+01-0.3761000000D+00
1 3320050805200508122453587.4 0.1605000000D+00 0.4900000000D-03 0.1284440000D+02 0.1607200000D+00 0.4990000000D-03 0.9920000000D-01 0.1635586000D+01 0.5053000000D+00 0.2054000000D+00-0.5274000000D+00 0.9000000000D-03 0.8800000000D-03 0.1068410000D+02 0.8957000000D-01 0.1240000000D-03 0.8310000000D-01 0.1052623000D+01 0.3831000000D+00 0.3163000000D+00-0.1087200000D+01
1 3420050812200508192453594.4 0.1618000000D+00 0.4600000000D-03 0.1337240000D+02 0.1664800000D+00 0.3370000000D-03 0.1040000000D+00 0.1246504000D+01 0.1734000000D+00 0.5939000000D+00-0.1275100000D+01 0.6300000000D-02 0.8200000000D-03 0.1118690000D+02 0.9099000000D-01 0.1500000000D-03 0.8700000000D-01 0.7063690000D+00 0.5990000000D-01 0.1321500000D+01-0.1791800000D+01
1 3520050819200508262453601.4 0.1650000000D+00 0.3400000000D-03 0.1397850000D+02 0.1714500000D+00 0.3500000000D-03 0.1087000000D+00 0.8613410000D+00 0.6144300000D+01 0.1340900000D+01-0.2016400000D+01 0.1270000000D-01 0.7700000000D-03 0.1170550000D+02 0.9245000000D-01 0.2260000000D-03 0.9070000000D-01 0.3625920000D+00 0.6043500000D+01 0.1282100000D+01-0.2496500000D+01
1 3620050826200509022453608.4 0.1695000000D+00 0.4500000000D-03 0.1467270000D+02 0.1738000000D+00 0.5300000000D-03 0.1140000000D+00 0.4814850000D+00 0.5854700000D+01 0.1538200000D+01-0.2758100000D+01 0.1990000000D-01 0.9300000000D-03 0.1225050000D+02 0.9387000000D-01 0.2860000000D-03 0.9500000000D-01 0.2177200000D-01 0.5765300000D+01 0.7401000000D+00-0.3202300000D+01
1 3720050902200509092453615.4 0.1755000000D+00 0.1050000000D-02 0.1546070000D+02 0.1725400000D+00 0.7820000000D-03 0.1204000000D+00 0.1090230000D+00 0.5585000000D+01 0.1302300000D+01-0.3494400000D+01 0.2800000000D-01 0.1360000000D-02 0.1283190000D+02 0.9573000000D-01 0.4300000000D-03 0.9990000000D-01 0.5967740000D+01 0.5499600000D+01 0.1428000000D+00-0.3903600000D+01
1 3820050909200509162453622.4 0.1845000000D+00 0.2070000000D-02 0.1633570000D+02 0.1680900000D+00 0.1191000000D-02 0.1280000000D+00 0.6029293000D+01 0.5338100000D+01 0.9776000000D+00-0.4218400000D+01 0.3780000000D-01 0.1940000000D-02 0.1345580000D+02 0.9876000000D-01 0.6270000000D-03 0.1052000000D+00 0.5634507000D+01 0.5241100000D+01 0.6041700000D+01-0.4598600000D+01
1 3920050916200509232453629.4 0.1984000000D+00 0.3160000000D-02 0.1727900000D+02 0.1614200000D+00 0.1834000000D-02 0.1359000000D+00 0.5677673000D+01 0.5125900000D+01 0.7420000000D+00-0.4924800000D+01 0.5050000000D-01 0.2470000000D-02 0.1412630000D+02 0.1035700000D+00 0.7780000000D-03 0.1106000000D+00 0.5305312000D+01 0.4989000000D+01 0.5839600000D+01-0.5286800000D+01
1 4020050923200509302453636.4 0.2192000000D+00 0.4060000000D-02 0.1826620000D+02 0.1530300000D+00 0.2645000000D-02 0.1432000000D+00 0.5338828000D+01 0.4973800000D+01 0.6223000000D+00-0.5617800000D+01 0.6660000000D-01 0.2840000000D-02 0.1484650000D+02 0.1098400000D+00 0.7470000000D-03 0.1159000000D+00 0.4980147000D+01 0.4748900000D+01 0.5858300000D+01-0.5974500000D+01
1 4120050930200510072453643.4 0.2471000000D+00 0.4770000000D-02 0.1926220000D+02 0.1429700000D+00 0.3433000000D-02 0.1504000000D+00 0.5014446000D+01 0.4907500000D+01 0.5449000000D+00-0.1850000000D-01 0.8600000000D-01 0.3170000000D-02 0.1561280000D+02 0.1146900000D+00 0.6900000000D-03 0.1220000000D+00 0.4659273000D+01 0.4517700000D+01 0.1120000000D-01-0.3789000000D+00
1 4220051007200510142453650.4 0.2812000000D+00 0.5370000000D-02 0.2020920000D+02 0.1342300000D+00 0.4032000000D-02 0.1575000000D+00 0.4705911000D+01 0.4943000000D+01 0.4812000000D+00-0.6866000000D+00 0.1085000000D+00 0.3550000000D-02 0.1639940000D+02 0.1139100000D+00 0.1091000000D-02 0.1285000000D+00 0.4342988000D+01 0.4292000000D+01 0.4782000000D+00-0.1059200000D+01
1 4320051014200510212453657.4 0.3195000000D+00 0.5750000000D-02 0.2102780000D+02 0.1329100000D+00 0.4406000000D-02 0.1634000000D+00 0.4413387000D+01 0.5062100000D+01 0.4432000000D+00-0.1335900000D+01 0.1336000000D+00 0.3930000000D-02 0.1715170000D+02 0.1035900000D+00 0.1880000000D-02 0.1340000000D+00 0.4031325000D+01 0.4079800000D+01 0.5036000000D+00-0.1731000000D+01
1 4420051021200510282453664.4 0.3595000000D+00 0.5570000000D-02 0.2163170000D+02 0.1425500000D+00 0.4560000000D-02 0.1665000000D+00 0.4135424000D+01 0.5203900000D+01 0.4826000000D+00-0.1972200000D+01 0.1608000000D+00 0.4090000000D-02 0.1778960000D+02 0.8134000000D-01 0.2808000000D-02 0.1374000000D+00 0.3724047000D+01 0.3917000000D+01 0.3704000000D+00-0.2401500000D+01
1 4520051028200511042453671.4 0.3972000000D+00 0.4420000000D-02 0.2193880000D+02 0.1574400000D+00 0.4529000000D-02 0.1669000000D+00 0.3868945000D+01 0.5315100000D+01 0.6151000000D+00-0.2605300000D+01 0.1889000000D+00 0.3750000000D-02 0.1821530000D+02 0.4766000000D-01 0.3528000000D-02 0.1392000000D+00 0.3420546000D+01 0.3945700000D+01 0.1951000000D+00-0.3076000000D+01
1 4620051104200511112453678.4 0.4272000000D+00 0.2400000000D-02 0.2188560000D+02 0.1685400000D+00 0.4487000000D-02 0.1656000000D+00 0.3608680000D+01 0.5394800000D+01 0.7856000000D+00-0.3237000000D+01 0.2153000000D+00 0.2880000000D-02 0.1833400000D+02 0.2863000000D-01 0.3675000000D-02 0.1394000000D+00 0.3119313000D+01 0.4998300000D+01 0.2460000000D-01-0.3746600000D+01
1 4720051111200511182453685.4 0.4441000000D+00 0.1600000000D-03 0.2145460000D+02 0.1726800000D+00 0.4391000000D-02 0.1613000000D+00 0.3347752000D+01 0.5461300000D+01 0.8934000000D+00-0.3868500000D+01 0.2363000000D+00 0.1840000000D-02 0.1809650000D+02 0.6507000000D-01 0.3193000000D-02 0.1363000000D+00 0.2818027000D+01 0.5580600000D+01 0.6162300000D+01-0.4414300000D+01
1 4820051118200511252453692.4 0.4457000000D+00-0.1590000000D-02 0.2068570000D+02 0.1742700000D+00 0.4137000000D-02 0.1540000000D+00 0.3079659000D+01 0.5514200000D+01 0.9169000000D+00-0.4510800000D+01 0.2497000000D+00 0.9500000000D-03 0.1752440000D+02 0.1053800000D+00 0.2395000000D-02 0.1303000000D+00 0.2514258000D+01 0.5512300000D+01 0.6078700000D+01-0.5091000000D+01
1 4920051125200512022453699.4 0.4339000000D+00-0.2680000000D-02 0.1965710000D+02 0.1772600000D+00 0.3676000000D-02 0.1447000000D+00 0.2799792000D+01 0.5536300000D+01 0.8904000000D+00-0.5170400000D+01 0.2554000000D+00 0.2000000000D-03 0.1669280000D+02 0.1353000000D+00 0.1554000000D-02 0.1230000000D+00 0.2206077000D+01 0.5333200000D+01 0.6127000000D+01-0.5777600000D+01
1 5020051202200512092453706.4 0.4132000000D+00-0.3290000000D-02 0.1846280000D+02 0.1816900000D+00 0.3047000000D-02 0.1350000000D+00 0.2505479000D+01 0.5506800000D+01 0.8563000000D+00-0.5848500000D+01 0.2551000000D+00-0.5300000000D-03 0.1569610000D+02 0.1525600000D+00 0.9330000000D-03 0.1154000000D+00 0.1892114000D+01 0.5119400000D+01 0.1520000000D+00-0.1855000000D+00
1 5120051209200512162453713.4 0.3881000000D+00-0.3660000000D-02 0.1719510000D+02 0.1848200000D+00 0.2302000000D-02 0.1257000000D+00 0.2195795000D+01 0.5417400000D+01 0.8346000000D+00-0.2573000000D+00 0.2503000000D+00-0.1270000000D-02 0.1462500000D+02 0.1579600000D+00 0.6720000000D-03 0.1072000000D+00 0.1571578000D+01 0.4885500000D+01 0.6248000000D+00-0.8791000000D+00
1 5220051216200512232453720.4 0.3618000000D+00-0.3940000000D-02 0.1593000000D+02 0.1847500000D+00 0.1592000000D-02 0.1164000000D+00 0.1871264000D+01 0.5271200000D+01 0.8259000000D+00-0.9586000000D+00 0.2421000000D+00-0.1880000000D-02 0.1355180000D+02 0.1551900000D+00 0.5710000000D-03 0.9880000000D-01 0.1244372000D+01 0.4631000000D+01 0.8613000000D+00-0.1581500000D+01
1 5320051223200512302453727.4 0.3355000000D+00-0.4050000000D-02 0.1471880000D+02 0.1814600000D+00 0.1031000000D-02 0.1071000000D+00 0.1533121000D+01 0.5078400000D+01 0.8407000000D+00-0.1674800000D+01 0.2310000000D+00-0.2160000000D-02 0.1252150000D+02 0.1485700000D+00 0.5060000000D-03 0.9090000000D-01 0.9109830000D+00 0.4356900000D+01 0.8216000000D+00-0.2295300000D+01
1 5420051230200601062453734.4 0.3098000000D+00-0.3800000000D-02 0.1359280000D+02 0.1757000000D+00 0.6860000000D-03 0.9850000000D-01 0.1182634000D+01 0.4847000000D+01 0.8398000000D+00-0.2408500000D+01 0.2178000000D+00-0.2040000000D-02 0.1155630000D+02 0.1408100000D+00 0.5180000000D-03 0.8390000000D-01 0.5721480000D+00 0.4066700000D+01 0.5919000000D+00-0.3015600000D+01
1 5520060106200601132453741.4 0.2853000000D+00-0.3210000000D-02 0.1257040000D+02 0.1685500000D+00 0.5280000000D-03 0.9130000000D-01 0.8211720000D+00 0.4584000000D+01 0.7314000000D+00-0.3155500000D+01 0.2040000000D+00-0.1720000000D-02 0.1066360000D+02 0.1328800000D+00 0.5950000000D-03 0.7770000000D-01 0.2287270000D+00 0.3766300000D+01 0.3755000000D+00-0.3736400000D+01
2 5620041231200501072453370.4-0.2600000000D-02-0.1700000000D-03 0.1147460000D+02 0.2010700000D+00 0.1359000000D-02 0.1200000000D-02 0.1053939000D+01 0.6032600000D+01 0.4948600000D+01 0.6128100000D+01 0.2100000000D-02 0.1300000000D-03 0.8825900000D+01 0.6420000000D-01 0.8200000000D-03 0.1000000000D-02 0.3908215000D+01 0.2062400000D+01 0.1543000000D+00 0.2699700000D+01
2 5720050107200501142453377.4-0.2600000000D-02-0.1800000000D-03 0.1187920000D+02 0.2104200000D+00 0.1236000000D-02 0.9000000000D-03 0.4371088000D+01 0.3104200000D+01 0.1825100000D+01 0.4752000000D+00 0.2000000000D-02 0.1200000000D-03 0.8680800000D+01 0.6128000000D-01 0.1006000000D-02 0.7000000000D-03 0.1013417000D+01 0.5317500000D+01 0.3255300000D+01 0.3300000000D+01
2 5820050114200501212453384.4-0.2700000000D-02-0.1700000000D-03 0.1235390000D+02 0.2165200000D+00 0.1388000000D-02 0.1100000000D-02 0.1406344000D+01 0.1791000000D+00 0.5230400000D+01 0.1302800000D+01 0.2000000000D-02 0.1000000000D-03 0.8487400000D+01 0.5631000000D-01 0.1002000000D-02 0.6000000000D-03 0.4406814000D+01 0.2249300000D+01 0.3043000000D+00 0.4336600000D+01
2 5920050121200501282453391.4-0.2700000000D-02-0.1900000000D-03 0.1289550000D+02 0.2232800000D+00 0.1443000000D-02 0.1500000000D-02 0.4727446000D+01 0.3533100000D+01 0.2262500000D+01 0.1680200000D+01 0.1900000000D-02 0.1100000000D-03 0.8246200000D+01 0.5266000000D-01 0.1064000000D-02 0.9000000000D-03 0.1524052000D+01 0.5430200000D+01 0.3563800000D+01 0.4832400000D+01
2 6020050128200502042453398.4-0.2600000000D-02-0.2200000000D-03 0.1349790000D+02 0.2303800000D+00 0.1411000000D-02 0.1700000000D-02 0.1768506000D+01 0.6003000000D+00 0.5495500000D+01 0.1916900000D+01 0.1700000000D-02 0.1200000000D-03 0.7959500000D+01 0.5051000000D-01 0.1194000000D-02 0.9000000000D-03 0.4933278000D+01 0.2297500000D+01 0.5265000000D+00 0.5085900000D+01
2 6120050204200502112453405.4-0.2700000000D-02-0.1700000000D-03 0.1415400000D+02 0.2347100000D+00 0.1602000000D-02 0.1700000000D-02 0.5095951000D+01 0.3953600000D+01 0.2630000000D+01 0.2148800000D+01 0.1800000000D-02 0.8000000000D-04 0.7633900000D+01 0.4993000000D-01 0.1141000000D-02 0.8000000000D-03 0.2070167000D+01 0.5396900000D+01 0.3800700000D+01 0.5337800000D+01
2 6220050211200502182453412.4-0.2900000000D-02-0.1400000000D-03 0.1485560000D+02 0.2413800000D+00 0.1470000000D-02 0.1200000000D-02 0.2144211000D+01 0.1014400000D+01 0.5777600000D+01 0.2386100000D+01 0.1800000000D-02 0.8000000000D-04 0.7281800000D+01 0.5208000000D-01 0.1323000000D-02 0.4000000000D-03 0.5504434000D+01 0.2238800000D+01 0.7790000000D+00 0.5771700000D+01
2 6320050218200502252453419.4-0.2700000000D-02-0.1600000000D-03 0.1559110000D+02 0.2430400000D+00 0.1826000000D-02 0.8000000000D-03 0.5478919000D+01 0.4367100000D+01 0.3001900000D+01 0.3233000000D+01 0.1700000000D-02 0.8000000000D-04 0.6922100000D+01 0.5722000000D-01 0.1184000000D-02 0.3000000000D-03 0.2672199000D+01 0.5343300000D+01 0.4024600000D+01 0.1016300000D+01
2 6420050225200503042453426.4-0.2800000000D-02-0.1200000000D-03 0.1635170000D+02 0.2494400000D+00 0.1497000000D-02 0.1000000000D-02 0.2534600000D+01 0.1417600000D+01 0.6093700000D+01 0.4217300000D+01 0.1700000000D-02 0.9000000000D-04 0.6582600000D+01 0.6352000000D-01 0.1410000000D-02 0.6000000000D-03 0.6144022000D+01 0.2239000000D+01 0.1024400000D+01 0.1642700000D+01
2 6520050304200503112453433.4-0.2900000000D-02-0.7000000000D-04 0.1712310000D+02 0.2500100000D+00 0.1907000000D-02 0.1600000000D-02 0.5876148000D+01 0.4768700000D+01 0.3311900000D+01 0.4700700000D+01 0.1800000000D-02 0.6000000000D-04 0.6299700000D+01 0.7270000000D-01 0.1300000000D-02 0.7000000000D-03 0.3354800000D+01 0.5417800000D+01 0.4233600000D+01 0.1828800000D+01
2 6620050311200503182453440.4-0.2800000000D-02-0.7000000000D-04 0.1790200000D+02 0.2538900000D+00 0.1642000000D-02 0.2000000000D-02 0.2938032000D+01 0.1816300000D+01 0.2717000000D+00 0.4821200000D+01 0.1700000000D-02 0.9000000000D-04 0.6120800000D+01 0.8152000000D-01 0.1408000000D-02 0.5000000000D-03 0.5883930000D+00 0.2360100000D+01 0.1223100000D+01 0.1997100000D+01
2 6720050318200503252453447.4-0.2600000000D-02-0.6000000000D-04 0.1867100000D+02 0.2558600000D+00 0.1986000000D-02 0.1900000000D-02 0.2285000000D-02 0.5161900000D+01 0.3597100000D+01 0.4954100000D+01 0.1700000000D-02 0.1000000000D-03 0.6092100000D+01 0.9154000000D-01 0.1402000000D-02 0.2000000000D-03 0.4122273000D+01 0.5598200000D+01 0.4460600000D+01 0.2763900000D+01
2 6820050325200504012453454.4-0.2700000000D-02 0.0000000000D+00 0.1943180000D+02 0.2572900000D+00 0.1794000000D-02 0.1400000000D-02 0.3352193000D+01 0.2206300000D+01 0.7426000000D+00 0.5086300000D+01 0.1700000000D-02 0.1200000000D-03 0.6252900000D+01 0.1015000000D+00 0.1468000000D-02 0.3000000000D-03 0.1380203000D+01 0.2573400000D+01 0.1421300000D+01 0.4497300000D+01
2 6920050401200504082453461.4-0.2500000000D-02 0.1000000000D-04 0.2016630000D+02 0.2617400000D+00 0.1929000000D-02 0.5000000000D-03 0.4207970000D+00 0.5544100000D+01 0.3915900000D+01 0.5389900000D+01 0.1900000000D-02 0.1000000000D-03 0.6620000000D+01 0.1113400000D+00 0.1496000000D-02 0.6000000000D-03 0.4915899000D+01 0.5838100000D+01 0.4699100000D+01 0.4795200000D+01
2 7020050408200504152453468.4-0.2200000000D-02 0.4000000000D-04 0.2088160000D+02 0.2608600000D+00 0.2063000000D-02 0.6000000000D-03 0.3773784000D+01 0.2594400000D+01 0.1249900000D+01 0.1238900000D+01 0.1900000000D-02 0.1400000000D-03 0.7187800000D+01 0.1218000000D+00 0.1606000000D-02 0.5000000000D-03 0.2152137000D+01 0.2834500000D+01 0.1600300000D+01 0.4777100000D+01
2 7120050415200504222453475.4-0.2100000000D-02 0.1200000000D-03 0.2156470000D+02 0.2690700000D+00 0.1929000000D-02 0.1200000000D-02 0.8452100000D+00 0.5923700000D+01 0.4244600000D+01 0.1561200000D+01 0.2100000000D-02 0.1500000000D-03 0.7931700000D+01 0.1308600000D+00 0.1529000000D-02 0.3000000000D-03 0.5650286000D+01 0.6105900000D+01 0.4958600000D+01 0.4912900000D+01
2 7220050422200504292453482.4-0.2000000000D-02 0.1700000000D-03 0.2222000000D+02 0.2679600000D+00 0.2208000000D-02 0.1600000000D-02 0.4199886000D+01 0.2976100000D+01 0.1668400000D+01 0.1684700000D+01 0.2300000000D-02 0.1500000000D-03 0.8818800000D+01 0.1410600000D+00 0.1755000000D-02 0.2000000000D-03 0.2842416000D+01 0.3118700000D+01 0.1853200000D+01 0.2014900000D+01
2 7320050429200505062453489.4-0.1700000000D-02 0.1900000000D-03 0.2284180000D+02 0.2773900000D+00 0.1943000000D-02 0.1400000000D-02 0.1272294000D+01 0.1980000000D-01 0.4746400000D+01 0.1647100000D+01 0.2600000000D-02 0.1500000000D-03 0.9818000000D+01 0.1502100000D+00 0.1634000000D-02 0.6000000000D-03 0.1487100000D-01 0.1141000000D+00 0.5211100000D+01 0.1753400000D+01
2 7420050506200505132453496.4-0.1700000000D-02 0.3000000000D-03 0.2343440000D+02 0.2789800000D+00 0.2320000000D-02 0.6000000000D-03 0.4627233000D+01 0.3358600000D+01 0.2099000000D+01 0.1843500000D+01 0.2700000000D-02 0.2200000000D-03 0.1090050000D+02 0.1603100000D+00 0.1856000000D-02 0.8000000000D-03 0.3453026000D+01 0.3416500000D+01 0.2130800000D+01 0.1760900000D+01
2 7520050513200505202453503.4-0.1600000000D-02 0.3600000000D-03 0.2400050000D+02 0.2900700000D+00 0.2015000000D-02 0.2000000000D-03 0.1699155000D+01 0.4039000000D+00 0.5229000000D+01 0.4532800000D+01 0.3000000000D-02 0.2200000000D-03 0.1204540000D+02 0.1693200000D+00 0.1738000000D-02 0.7000000000D-03 0.5945910000D+00 0.4214000000D+00 0.5479200000D+01 0.1765500000D+01
2 7620050520200505272453510.4-0.1100000000D-02 0.3400000000D-03 0.2454180000D+02 0.2955100000D+00 0.2309000000D-02 0.1100000000D-02 0.5053097000D+01 0.3743100000D+01 0.2472400000D+01 0.4890000000D+01 0.3400000000D-02 0.2200000000D-03 0.1322960000D+02 0.1791500000D+00 0.1822000000D-02 0.3000000000D-03 0.4008087000D+01 0.3725800000D+01 0.2453900000D+01 0.1484500000D+01
2 7720050527200506032453517.4-0.8000000000D-03 0.3900000000D-03 0.2506500000D+02 0.3057400000D+00 0.2197000000D-02 0.1700000000D-02 0.2123049000D+01 0.7949000000D+00 0.5845700000D+01 0.4792300000D+01 0.3600000000D-02 0.2600000000D-03 0.1444220000D+02 0.1880600000D+00 0.1954000000D-02 0.3000000000D-03 0.1129770000D+01 0.7506000000D+00 0.5785400000D+01 0.5116800000D+01
2 7820050603200506102453524.4-0.7000000000D-03 0.4600000000D-03 0.2557700000D+02 0.3177300000D+00 0.2243000000D-02 0.1500000000D-02 0.5474816000D+01 0.4137700000D+01 0.2834500000D+01 0.4824000000D+01 0.3800000000D-02 0.2800000000D-03 0.1566990000D+02 0.1986000000D+00 0.1663000000D-02 0.8000000000D-03 0.4528082000D+01 0.4052600000D+01 0.2767900000D+01 0.4987400000D+01
2 7920050610200506172453531.4 0.0000000000D+00 0.4200000000D-03 0.2609120000D+02 0.3272700000D+00 0.2391000000D-02 0.1100000000D-02 0.2541767000D+01 0.1198400000D+01 0.7920000000D-01 0.4831600000D+01 0.4400000000D-02 0.2300000000D-03 0.1690540000D+02 0.2064300000D+00 0.2012000000D-02 0.1200000000D-02 0.1637613000D+01 0.1097100000D+01 0.6115600000D+01 0.5061800000D+01
2 8020050617200506242453538.4 0.7000000000D-03 0.3800000000D-03 0.2661560000D+02 0.3435900000D+00 0.2181000000D-02 0.1000000000D-03 0.5890553000D+01 0.4544400000D+01 0.3275000000D+01 0.3084600000D+01 0.4900000000D-02 0.2200000000D-03 0.1814100000D+02 0.2166000000D+00 0.1526000000D-02 0.1000000000D-02 0.5026896000D+01 0.4406300000D+01 0.3098800000D+01 0.5038400000D+01
2 8120050624200507012453545.4 0.1000000000D-02 0.4700000000D-03 0.2716490000D+02 0.3535500000D+00 0.2592000000D-02 0.1200000000D-02 0.2954039000D+01 0.1615600000D+01 0.6004000000D+00 0.1774400000D+01 0.5200000000D-02 0.2400000000D-03 0.1937070000D+02 0.2230500000D+00 0.2033000000D-02 0.3000000000D-03 0.2129591000D+01 0.1468600000D+01 0.2117000000D+00 0.5814700000D+01
2 8220050701200507082453552.4 0.1600000000D-02 0.4700000000D-03 0.2775890000D+02 0.3738000000D+00 0.1981000000D-02 0.2100000000D-02 0.1634400000D-01 0.4967200000D+01 0.3767400000D+01 0.1839400000D+01 0.5800000000D-02 0.1900000000D-03 0.2059760000D+02 0.2332200000D+00 0.1217000000D-02 0.8000000000D-03 0.5514177000D+01 0.4786700000D+01 0.3451600000D+01 0.1502600000D+01
2 8320050708200507152453559.4 0.2500000000D-02 0.3900000000D-03 0.2841450000D+02 0.3855500000D+00 0.2455000000D-02 0.2800000000D-02 0.3359910000D+01 0.2052600000D+01 0.1014100000D+01 0.1892500000D+01 0.6600000000D-02 0.1400000000D-03 0.2181620000D+02 0.2382000000D+00 0.1713000000D-02 0.1800000000D-02 0.2613858000D+01 0.1867600000D+01 0.5473000000D+00 0.1758200000D+01
2 8420050715200507222453566.4 0.3100000000D-02 0.4400000000D-03 0.2915990000D+02 0.4031000000D+00 0.2046000000D-02 0.2500000000D-02 0.4196980000D+00 0.5414200000D+01 0.4411800000D+01 0.1973800000D+01 0.6900000000D-02 0.1600000000D-03 0.2303480000D+02 0.2445200000D+00 0.1112000000D-02 0.2500000000D-02 0.5996981000D+01 0.5208700000D+01 0.3961900000D+01 0.1803600000D+01
2 8520050722200507292453573.4 0.3600000000D-02 0.4900000000D-03 0.3000630000D+02 0.4199100000D+00 0.2000000000D-02 0.1800000000D-02 0.3762082000D+01 0.2508900000D+01 0.1445900000D+01 0.2360200000D+01 0.7400000000D-02 0.1400000000D-03 0.2424640000D+02 0.2503600000D+00 0.1190000000D-02 0.2400000000D-02 0.3096984000D+01 0.2301300000D+01 0.8458000000D+00 0.1957300000D+01
2 8620050729200508052453580.4 0.4600000000D-02 0.3900000000D-03 0.3099310000D+02 0.4337700000D+00 0.1817000000D-02 0.1200000000D-02 0.8215840000D+00 0.5888000000D+01 0.5030600000D+01 0.3320100000D+01 0.8100000000D-02 0.8000000000D-04 0.2547350000D+02 0.2525600000D+00 0.8380000000D-03 0.1800000000D-02 0.1981480000D+00 0.5672200000D+01 0.4620400000D+01 0.2257500000D+01
2 8720050805200508122453587.4 0.5500000000D-02 0.3500000000D-03 0.3213480000D+02 0.4516200000D+00 0.1146000000D-02 0.2300000000D-02 0.4165911000D+01 0.2995900000D+01 0.1864200000D+01 0.4366300000D+01 0.8500000000D-02 0.8000000000D-04 0.2671150000D+02 0.2589600000D+00 0.4470000000D-03 0.1000000000D-02 0.3584243000D+01 0.2781900000D+01 0.9797000000D+00 0.3352200000D+01
2 8820050812200508192453594.4 0.6200000000D-02 0.3400000000D-03 0.3346260000D+02 0.4575300000D+00 0.1535000000D-02 0.3700000000D-02 0.1229444000D+01 0.1177000000D+00 0.5684500000D+01 0.4621500000D+01 0.8900000000D-02 0.6000000000D-04 0.2798630000D+02 0.2568100000D+00 0.8040000000D-03 0.2200000000D-02 0.6891370000D+00 0.6196500000D+01 0.5494100000D+01 0.4332900000D+01
2 8920050819200508262453601.4 0.7100000000D-02 0.2700000000D-03 0.3498640000D+02 0.4745500000D+00 0.2800000000D-03 0.4300000000D-02 0.4580919000D+01 0.3521200000D+01 0.6168400000D+01 0.4872300000D+01 0.9600000000D-02-0.2000000000D-04 0.2930030000D+02 0.2656800000D+00 0.4830000000D-03 0.3400000000D-02 0.4080518000D+01 0.3319100000D+01 0.5189500000D+01 0.4682100000D+01
2 9020050826200509022453608.4 0.8600000000D-02 0.1000000000D-03 0.3672490000D+02 0.4720700000D+00 0.3150000000D-03 0.4400000000D-02 0.1654147000D+01 0.6770000000D+00 0.1059700000D+01 0.5148400000D+01 0.1020000000D-01-0.7000000000D-04 0.3068470000D+02 0.2644600000D+00 0.7420000000D-03 0.4300000000D-02 0.1191185000D+01 0.4955000000D+00 0.6266000000D+00 0.4932600000D+01
2 9120050902200509092453615.4 0.9400000000D-02 0.1300000000D-03 0.3868520000D+02 0.4758900000D+00 0.2093000000D-02 0.3300000000D-02 0.5018717000D+01 0.4115000000D+01 0.2770000000D-01 0.5679700000D+01 0.1080000000D-01-0.9000000000D-04 0.3215910000D+02 0.2744300000D+00 0.1149000000D-02 0.3800000000D-02 0.4589294000D+01 0.3935900000D+01 0.5281700000D+01 0.5245400000D+01
2 9220050909200509162453622.4 0.1070000000D-01-0.2000000000D-04 0.4084990000D+02 0.4598000000D+00 0.2159000000D-02 0.3900000000D-02 0.2108929000D+01 0.1320300000D+01 0.3553700000D+01 0.3513000000D+00 0.1160000000D-01-0.2000000000D-03 0.3374640000D+02 0.2787000000D+00 0.9900000000D-03 0.3100000000D-02 0.1707605000D+01 0.1146000000D+01 0.1651100000D+01 0.6000100000D+01
2 9320050916200509232453629.4 0.1170000000D-01-0.8000000000D-04 0.4319110000D+02 0.4418600000D+00 0.4886000000D-02 0.5800000000D-02 0.5494120000D+01 0.4810100000D+01 0.6795000000D+00 0.9953000000D+00 0.1250000000D-01-0.2500000000D-03 0.3546330000D+02 0.2907400000D+00 0.1691000000D-02 0.3800000000D-02 0.5113832000D+01 0.4605700000D+01 0.5827900000D+01 0.6011000000D+00
2 9420050923200509302453636.4 0.1270000000D-01-0.1000000000D-03 0.4563860000D+02 0.4099200000D+00 0.6279000000D-02 0.8100000000D-02 0.2608575000D+01 0.2100300000D+01 0.4323000000D+01 0.1370200000D+01 0.1320000000D-01-0.2100000000D-03 0.3731270000D+02 0.3008200000D+00 0.1135000000D-02 0.5900000000D-02 0.2240745000D+01 0.1828900000D+01 0.3154000000D+01 0.1167700000D+01
2 9520050930200510072453643.4 0.1330000000D-01-0.1800000000D-03 0.4811790000D+02 0.3633200000D+00 0.8034000000D-02 0.8300000000D-02 0.6021243000D+01 0.5736200000D+01 0.1544300000D+01 0.1661600000D+01 0.1400000000D-01-0.2800000000D-03 0.3928650000D+02 0.3051700000D+00 0.1311000000D-02 0.7200000000D-02 0.5655763000D+01 0.5319900000D+01 0.8906000000D+00 0.1462800000D+01
2 9620051007200510142453650.4 0.1370000000D-01-0.2200000000D-03 0.5045620000D+02 0.3232900000D+00 0.1051600000D-01 0.7000000000D-02 0.3166968000D+01 0.3196900000D+01 0.5216500000D+01 0.2172500000D+01 0.1490000000D-01-0.3000000000D-03 0.4130390000D+02 0.3014600000D+00 0.2964000000D-02 0.6800000000D-02 0.2792525000D+01 0.2529200000D+01 0.5156700000D+01 0.1853400000D+01
2 9720051014200510212453657.4 0.1440000000D-01-0.3900000000D-03 0.5248590000D+02 0.2928900000D+00 0.1015500000D-01 0.5400000000D-02 0.3288740000D+00 0.8262000000D+00 0.2613600000D+01 0.3036200000D+01 0.1600000000D-01-0.4100000000D-03 0.4324090000D+02 0.2670900000D+00 0.4249000000D-02 0.5000000000D-02 0.6217327000D+01 0.6043200000D+01 0.2702400000D+01 0.2414300000D+01
2 9820051021200510282453664.4 0.1360000000D-01-0.3700000000D-03 0.5397120000D+02 0.2978000000D+00 0.1159900000D-01 0.7500000000D-02 0.3789472000D+01 0.4756200000D+01 0.3370000000D-01 0.3993300000D+01 0.1580000000D-01-0.2500000000D-03 0.4488160000D+02 0.2085500000D+00 0.7301000000D-02 0.4900000000D-02 0.3364166000D+01 0.3251100000D+01 0.6173200000D+01 0.3476700000D+01
2 9920051028200511042453671.4 0.1280000000D-01-0.3600000000D-03 0.5472910000D+02 0.3437600000D+00 0.1065900000D-01 0.8900000000D-02 0.9784950000D+00 0.2412300000D+01 0.4056200000D+01 0.4412100000D+01 0.1700000000D-01-0.5200000000D-03 0.4599260000D+02 0.1099800000D+00 0.8790000000D-02 0.6800000000D-02 0.5149530000D+00 0.6201000000D+00 0.3628200000D+01 0.4135500000D+01
210020051104200511112453678.4 0.1330000000D-01-0.7600000000D-03 0.5459000000D+02 0.3652300000D+00 0.1059500000D-01 0.8200000000D-02 0.4458319000D+01 0.6275400000D+01 0.1523000000D+01 0.4867800000D+01 0.1760000000D-01-0.6600000000D-03 0.4632620000D+02 0.2250000000D-01 0.9305000000D-02 0.7600000000D-02 0.3952559000D+01 0.4920000000D-01 0.7676000000D+00 0.4549700000D+01
210120051111200511182453685.4 0.1140000000D-01-0.4800000000D-03 0.5351360000D+02 0.3966100000D+00 0.1105800000D-01 0.5300000000D-02 0.1654405000D+01 0.3816600000D+01 0.5501000000D+01 0.5347400000D+01 0.1690000000D-01-0.5400000000D-03 0.4575930000D+02 0.1487400000D+00 0.8050000000D-02 0.6500000000D-02 0.1107231000D+01 0.4117900000D+01 0.4466300000D+01 0.4841100000D+01
210220051118200511252453692.4 0.1050000000D-01-0.4900000000D-03 0.5159650000D+02 0.4090200000D+00 0.9469000000D-02 0.4400000000D-02 0.5127745000D+01 0.1357800000D+01 0.2927800000D+01 0.1776000000D+00 0.1670000000D-01-0.6700000000D-03 0.4434550000D+02 0.2580900000D+00 0.5754000000D-02 0.4000000000D-02 0.4543820000D+01 0.1418300000D+01 0.1693600000D+01 0.5405900000D+01
210320051125200512022453699.4 0.1010000000D-01-0.6600000000D-03 0.4902450000D+02 0.4289700000D+00 0.8827000000D-02 0.5700000000D-02 0.2306432000D+01 0.5111700000D+01 0.3439000000D+00 0.7364000000D+00 0.1630000000D-01-0.8100000000D-03 0.4227230000D+02 0.3362000000D+00 0.3739000000D-02 0.3400000000D-02 0.1693265000D+01 0.4923000000D+01 0.5430500000D+01 0.2430000000D-01
210420051202200512092453706.4 0.8800000000D-02-0.4500000000D-03 0.4603830000D+02 0.4518100000D+00 0.6667000000D-02 0.6000000000D-02 0.5754696000D+01 0.2540000000D+01 0.4097500000D+01 0.1077400000D+01 0.1510000000D-01-0.6500000000D-03 0.3978190000D+02 0.3820500000D+00 0.1844000000D-02 0.4000000000D-02 0.5120850000D+01 0.2141300000D+01 0.3072800000D+01 0.7081000000D+00
210520051209200512162453713.4 0.8200000000D-02-0.4100000000D-03 0.4285370000D+02 0.4620800000D+00 0.4546000000D-02 0.5300000000D-02 0.2904758000D+01 0.6182000000D+01 0.1439100000D+01 0.1192200000D+01 0.1380000000D-01-0.6000000000D-03 0.3710550000D+02 0.3976500000D+00 0.9450000000D-03 0.4600000000D-02 0.2259276000D+01 0.5632100000D+01 0.1169000000D+01 0.9406000000D+00
210620051216200512232453720.4 0.7400000000D-02-0.3900000000D-03 0.3968300000D+02 0.4668600000D+00 0.3900000000D-02 0.3300000000D-02 0.4016200000D-01 0.3467800000D+01 0.5180400000D+01 0.1437400000D+01 0.1260000000D-01-0.5700000000D-03 0.3442660000D+02 0.3934400000D+00 0.1487000000D-02 0.4000000000D-02 0.5674743000D+01 0.2814300000D+01 0.5081300000D+01 0.1067900000D+01
210720051223200512302453727.4 0.7300000000D-02-0.4200000000D-03 0.3664060000D+02 0.4621700000D+00 0.1969000000D-02 0.2000000000D-02 0.3445927000D+01 0.7366000000D+00 0.2832500000D+01 0.2046000000D+01 0.1180000000D-01-0.5700000000D-03 0.3185080000D+02 0.3804800000D+00 0.1517000000D-02 0.2800000000D-02 0.2801900000D+01 0.8200000000D-02 0.3100700000D+01 0.1283300000D+01
210820051230200601062453734.4 0.6900000000D-02-0.3700000000D-03 0.3381270000D+02 0.4485100000D+00 0.2066000000D-02 0.1900000000D-02 0.5560850000D+00 0.4227000000D+01 0.2880000000D-01 0.3144400000D+01 0.1040000000D-01-0.4200000000D-03 0.2943150000D+02 0.3589300000D+00 0.1494000000D-02 0.1500000000D-02 0.6206859000D+01 0.3448000000D+01 0.6250600000D+01 0.1758600000D+01
210920060106200601132453741.4 0.6500000000D-02-0.3200000000D-03 0.3123240000D+02 0.4347000000D+00 0.1667000000D-02 0.3000000000D-02 0.3939266000D+01 0.1435300000D+01 0.4259200000D+01 0.3549400000D+01 0.9400000000D-02-0.3900000000D-03 0.2719070000D+02 0.3391700000D+00 0.1783000000D-02 0.1500000000D-02 0.3324832000D+01 0.6190000000D+00 0.3907500000D+01 0.3038400000D+01
