 7 5   2  44  56  71  95 4.4880 2.4930 1.5162 0.7217 0.4667  9.0 31.0 27.0 17.0 22.0  112 2457022.5000 2015                                                                                                                                                                                                                                                                      
1  220141231201501092457022.4 0.6300000000D-02-0.1900000000D-03 0.4372600000D+01 0.1923200000D+00 0.4063000000D-02 0.2600000000D-02 0.2374290000D+01 0.7816000000D+00 0.5294700000D+01 0.4825100000D+01 0.2900000000D-02 0.6100000000D-03 0.8576400000D+01 0.3759100000D+00 0.8022000000D-02 0.5100000000D-02 0.2075540000D+00 0.4898900000D+01 0.3111700000D+01 0.2937200000D+01
1  320150109201501182457031.4 0.3900000000D-02 0.2900000000D-03 0.4343000000D+01 0.1920000000D+00 0.4059000000D-02 0.2600000000D-02 0.4676340000D+01 0.3087700000D+01 0.1316300000D+01 0.3201800000D+01 0.5600000000D-02-0.7000000000D-04 0.8512500000D+01 0.3716100000D+00 0.7827000000D-02 0.5100000000D-02 0.2511901000D+01 0.9190000000D+00 0.5432300000D+01 0.1203100000D+01
1  420150118201501272457040.4 0.4000000000D-02 0.1800000000D-03 0.4321300000D+01 0.1915700000D+00 0.4047000000D-02 0.2600000000D-02 0.6935700000D+00 0.5391700000D+01 0.3624400000D+01 0.1528400000D+01 0.7700000000D-02-0.3700000000D-03 0.8451000000D+01 0.3692100000D+00 0.7772000000D-02 0.5400000000D-02 0.4816992000D+01 0.3225200000D+01 0.1442700000D+01 0.5817100000D+01
1  520150127201502052457049.4 0.5600000000D-02-0.1800000000D-03 0.4306300000D+01 0.1909500000D+00 0.4139000000D-02 0.2500000000D-02 0.2992661000D+01 0.1416400000D+01 0.5950400000D+01 0.3740000000D-01 0.7600000000D-02-0.2100000000D-03 0.8391600000D+01 0.3671300000D+00 0.7852000000D-02 0.6100000000D-02 0.8395250000D+00 0.5535400000D+01 0.3742700000D+01 0.4098000000D+01
1  620150205201502142457058.4 0.5800000000D-02-0.1500000000D-03 0.4300200000D+01 0.1915200000D+00 0.4087000000D-02 0.2600000000D-02 0.5291010000D+01 0.3716400000D+01 0.1959300000D+01 0.4507000000D+01 0.4600000000D-02 0.4200000000D-03 0.8341100000D+01 0.3633000000D+00 0.7572000000D-02 0.5400000000D-02 0.3145412000D+01 0.1555800000D+01 0.6062100000D+01 0.2385100000D+01
1  720150214201502232457067.4 0.5000000000D-02 0.4000000000D-04 0.4301600000D+01 0.1924200000D+00 0.4131000000D-02 0.2900000000D-02 0.1305457000D+01 0.6018900000D+01 0.4249400000D+01 0.2988300000D+01 0.3700000000D-02 0.4800000000D-03 0.8295900000D+01 0.3607900000D+00 0.7557000000D-02 0.6200000000D-02 0.5452070000D+01 0.3865400000D+01 0.2087500000D+01 0.5961000000D+00
1  820150223201503042457076.4 0.3600000000D-02 0.2900000000D-03 0.4309700000D+01 0.1923700000D+00 0.4191000000D-02 0.3000000000D-02 0.3602136000D+01 0.2039600000D+01 0.2908000000D+00 0.1172100000D+01 0.8200000000D-02-0.4500000000D-03 0.8256700000D+01 0.3586300000D+00 0.7491000000D-02 0.5400000000D-02 0.1476244000D+01 0.6175000000D+01 0.4399000000D+01 0.5188000000D+01
1  920150304201503132457085.4 0.4500000000D-02 0.5000000000D-04 0.4326800000D+01 0.1937100000D+00 0.4162000000D-02 0.2900000000D-02 0.5898917000D+01 0.4337600000D+01 0.2578200000D+01 0.5789800000D+01 0.8800000000D-02-0.3900000000D-03 0.8225900000D+01 0.3569600000D+00 0.7387000000D-02 0.5600000000D-02 0.3784248000D+01 0.2201000000D+01 0.4230000000D+00 0.3562200000D+01
1 1020150313201503222457094.4 0.6500000000D-02-0.3300000000D-03 0.4350500000D+01 0.1944500000D+00 0.4171000000D-02 0.3200000000D-02 0.1912282000D+01 0.3542000000D+00 0.4888000000D+01 0.3948200000D+01 0.5800000000D-02 0.3100000000D-03 0.8201500000D+01 0.3539700000D+00 0.7492000000D-02 0.4500000000D-02 0.6092576000D+01 0.4516500000D+01 0.2761000000D+01 0.1823700000D+01
1 1120150322201503312457103.4 0.5300000000D-02 0.0000000000D+00 0.4380100000D+01 0.1954800000D+00 0.4200000000D-02 0.2800000000D-02 0.4209074000D+01 0.2654800000D+01 0.9115000000D+00 0.2289000000D+01 0.5100000000D-02 0.3900000000D-03 0.8188900000D+01 0.3536600000D+00 0.7322000000D-02 0.5300000000D-02 0.2118812000D+01 0.5417000000D+00 0.5060800000D+01 0.2610000000D+00
1 1220150331201504092457112.4 0.3900000000D-02 0.3000000000D-03 0.4414700000D+01 0.1972600000D+00 0.4310000000D-02 0.3000000000D-02 0.2231670000D+00 0.4958700000D+01 0.3203000000D+01 0.4924000000D+00 0.6400000000D-02 0.4000000000D-04 0.8182800000D+01 0.3539100000D+00 0.7347000000D-02 0.4500000000D-02 0.4428837000D+01 0.2855400000D+01 0.1078500000D+01 0.4938600000D+01
1 1320150409201504182457121.4 0.4500000000D-02 0.1000000000D-03 0.4456700000D+01 0.1979500000D+00 0.4269000000D-02 0.2600000000D-02 0.2520766000D+01 0.9734000000D+00 0.5523600000D+01 0.5131100000D+01 0.9600000000D-02-0.5200000000D-03 0.8185500000D+01 0.3519600000D+00 0.7392000000D-02 0.5200000000D-02 0.4557040000D+00 0.5170800000D+01 0.3420800000D+01 0.3309000000D+01
1 1420150418201504272457130.4 0.5700000000D-02-0.1200000000D-03 0.4502900000D+01 0.2002700000D+00 0.4280000000D-02 0.2900000000D-02 0.4819771000D+01 0.3272900000D+01 0.1525400000D+01 0.3546600000D+01 0.8800000000D-02-0.1700000000D-03 0.8199300000D+01 0.3531100000D+00 0.7303000000D-02 0.5200000000D-02 0.2766809000D+01 0.1198500000D+01 0.5721800000D+01 0.1543200000D+01
1 1520150427201505062457139.4 0.6500000000D-02-0.2100000000D-03 0.4551300000D+01 0.2022200000D+00 0.4404000000D-02 0.2400000000D-02 0.8361440000D+00 0.5578700000D+01 0.3824100000D+01 0.1909000000D+01 0.5000000000D-02 0.6200000000D-03 0.8219800000D+01 0.3530400000D+00 0.7307000000D-02 0.5900000000D-02 0.5077993000D+01 0.3512900000D+01 0.1764800000D+01 0.6224100000D+01
1 1620150506201505152457148.4 0.4900000000D-02 0.1700000000D-03 0.4605900000D+01 0.2034400000D+00 0.4333000000D-02 0.3100000000D-02 0.3136586000D+01 0.1592800000D+01 0.6138800000D+01 0.2565000000D+00 0.6700000000D-02 0.1600000000D-03 0.8249000000D+01 0.3537100000D+00 0.7345000000D-02 0.5600000000D-02 0.1106485000D+01 0.5827200000D+01 0.4084800000D+01 0.4381300000D+01
1 1720150515201505242457157.4 0.3700000000D-02 0.3700000000D-03 0.4661300000D+01 0.2053200000D+00 0.4391000000D-02 0.3000000000D-02 0.5438290000D+01 0.3896500000D+01 0.2160100000D+01 0.4934300000D+01 0.9600000000D-02-0.4400000000D-03 0.8283100000D+01 0.3560100000D+00 0.7519000000D-02 0.5900000000D-02 0.3418602000D+01 0.1861900000D+01 0.1067000000D+00 0.2744700000D+01
1 1820150524201506022457166.4 0.5900000000D-02-0.1400000000D-03 0.4717900000D+01 0.2071600000D+00 0.4444000000D-02 0.3300000000D-02 0.1457833000D+01 0.6200600000D+01 0.4462300000D+01 0.3233900000D+01 0.9900000000D-02-0.2800000000D-03 0.8327800000D+01 0.3564200000D+00 0.7442000000D-02 0.5800000000D-02 0.5730566000D+01 0.4174000000D+01 0.2438700000D+01 0.9827000000D+00
1 1920150602201506112457175.4 0.6800000000D-02-0.2500000000D-03 0.4775600000D+01 0.2094600000D+00 0.4468000000D-02 0.3200000000D-02 0.3762089000D+01 0.2220000000D+01 0.4732000000D+00 0.1430800000D+01 0.8100000000D-02 0.1600000000D-03 0.8379200000D+01 0.3596700000D+00 0.7447000000D-02 0.5200000000D-02 0.1760186000D+01 0.2030000000D+00 0.4738000000D+01 0.5709100000D+01
1 2020150611201506202457184.4 0.5600000000D-02 0.7000000000D-04 0.4831100000D+01 0.2105800000D+00 0.4565000000D-02 0.3600000000D-02 0.6067059000D+01 0.4528100000D+01 0.2796200000D+01 0.6048700000D+01 0.6000000000D-02 0.5400000000D-03 0.8432200000D+01 0.3623800000D+00 0.7614000000D-02 0.5100000000D-02 0.4072712000D+01 0.2520500000D+01 0.7678000000D+00 0.3947300000D+01
1 2120150620201506292457193.4 0.4600000000D-02 0.2400000000D-03 0.4887600000D+01 0.2128100000D+00 0.4529000000D-02 0.3300000000D-02 0.2090461000D+01 0.5465000000D+00 0.5082100000D+01 0.4291100000D+01 0.8900000000D-02-0.1400000000D-03 0.8494800000D+01 0.3640000000D+00 0.7536000000D-02 0.5200000000D-02 0.1018770000D+00 0.4830600000D+01 0.3093300000D+01 0.2463000000D+01
1 2220150629201507082457202.4 0.4600000000D-02 0.1600000000D-03 0.4939600000D+01 0.2150400000D+00 0.4559000000D-02 0.3200000000D-02 0.4398417000D+01 0.2852000000D+01 0.1090300000D+01 0.2591700000D+01 0.1220000000D-01-0.6800000000D-03 0.8558700000D+01 0.3665700000D+00 0.7658000000D-02 0.5200000000D-02 0.2414333000D+01 0.8618000000D+00 0.5415900000D+01 0.8189000000D+00
1 2320150708201507172457211.4 0.6800000000D-02-0.2800000000D-03 0.4987300000D+01 0.2156300000D+00 0.4588000000D-02 0.3200000000D-02 0.4237140000D+00 0.5159500000D+01 0.3413600000D+01 0.9115000000D+00 0.9400000000D-02 0.1000000000D-03 0.8624200000D+01 0.3697300000D+00 0.7742000000D-02 0.5300000000D-02 0.4726519000D+01 0.3175100000D+01 0.1442300000D+01 0.5442500000D+01
1 2420150717201507262457220.4 0.7000000000D-02-0.2300000000D-03 0.5031800000D+01 0.2170900000D+00 0.4581000000D-02 0.2900000000D-02 0.2733769000D+01 0.1181200000D+01 0.5711400000D+01 0.5655700000D+01 0.7400000000D-02 0.4700000000D-03 0.8691900000D+01 0.3738300000D+00 0.7868000000D-02 0.6100000000D-02 0.7555740000D+00 0.5487100000D+01 0.3743100000D+01 0.3728800000D+01
1 2520150726201508042457229.4 0.4400000000D-02 0.3100000000D-03 0.5068300000D+01 0.2177800000D+00 0.4560000000D-02 0.3100000000D-02 0.5044714000D+01 0.3487900000D+01 0.1742200000D+01 0.3992600000D+01 0.8600000000D-02 0.1100000000D-03 0.8757000000D+01 0.3759600000D+00 0.8046000000D-02 0.6100000000D-02 0.3067031000D+01 0.1518000000D+01 0.6073700000D+01 0.2044800000D+01
1 2620150804201508132457238.4 0.4500000000D-02 0.1900000000D-03 0.5097700000D+01 0.2185900000D+00 0.4600000000D-02 0.3100000000D-02 0.1073461000D+01 0.5796800000D+01 0.4041900000D+01 0.2419000000D+01 0.1120000000D-01-0.3700000000D-03 0.8824100000D+01 0.3803200000D+00 0.8021000000D-02 0.6300000000D-02 0.5378346000D+01 0.3825100000D+01 0.2079100000D+01 0.3379000000D+00
1 2720150813201508222457247.4 0.6000000000D-02-0.1900000000D-03 0.5117900000D+01 0.2190500000D+00 0.4699000000D-02 0.3500000000D-02 0.3386249000D+01 0.1825500000D+01 0.6690000000D-01 0.7768000000D+00 0.1270000000D-01-0.4800000000D-03 0.8885900000D+01 0.3842200000D+00 0.8117000000D-02 0.6200000000D-02 0.1406075000D+01 0.6134000000D+01 0.4380100000D+01 0.4805100000D+01
1 2820150822201508312457256.4 0.6700000000D-02-0.2600000000D-03 0.5130600000D+01 0.2189600000D+00 0.4601000000D-02 0.3300000000D-02 0.5699683000D+01 0.4131100000D+01 0.2375200000D+01 0.5355800000D+01 0.8600000000D-02 0.4200000000D-03 0.8941300000D+01 0.3862700000D+00 0.8185000000D-02 0.6200000000D-02 0.3715961000D+01 0.2159400000D+01 0.4165000000D+00 0.3247300000D+01
1 2920150831201509092457265.4 0.5800000000D-02-0.4000000000D-04 0.5133900000D+01 0.2195000000D+00 0.4600000000D-02 0.3800000000D-02 0.1730905000D+01 0.1561000000D+00 0.4662000000D+01 0.3623600000D+01 0.7400000000D-02 0.5500000000D-03 0.8991800000D+01 0.3893800000D+00 0.8286000000D-02 0.5400000000D-02 0.6025429000D+01 0.4466400000D+01 0.2715900000D+01 0.1475400000D+01
1 3020150909201509182457274.4 0.3600000000D-02 0.3200000000D-03 0.5125700000D+01 0.2187200000D+00 0.4619000000D-02 0.3500000000D-02 0.4045374000D+01 0.2467400000D+01 0.6941000000D+00 0.1879600000D+01 0.1180000000D-01-0.3900000000D-03 0.9033300000D+01 0.3909600000D+00 0.8272000000D-02 0.5400000000D-02 0.2050928000D+01 0.4879000000D+00 0.5033400000D+01 0.6222600000D+01
1 3120150918201509272457283.4 0.4500000000D-02 0.2000000000D-04 0.5109100000D+01 0.2179500000D+00 0.4532000000D-02 0.3400000000D-02 0.7694000000D-01 0.4774500000D+01 0.2995200000D+01 0.2375000000D+00 0.1270000000D-01-0.4200000000D-03 0.9064300000D+01 0.3940300000D+00 0.8371000000D-02 0.5300000000D-02 0.4359114000D+01 0.2793400000D+01 0.1037000000D+01 0.4532800000D+01
1 3220150927201510062457292.4 0.6700000000D-02-0.4300000000D-03 0.5082900000D+01 0.2162700000D+00 0.4521000000D-02 0.3200000000D-02 0.2391629000D+01 0.8020000000D+00 0.5317300000D+01 0.4666700000D+01 0.1070000000D-01 0.1200000000D-03 0.9083200000D+01 0.3954400000D+00 0.8614000000D-02 0.5300000000D-02 0.3831320000D+00 0.5101900000D+01 0.3343500000D+01 0.3049600000D+01
1 3320151006201510152457301.4 0.5500000000D-02-0.1100000000D-03 0.5047500000D+01 0.2150400000D+00 0.4463000000D-02 0.3200000000D-02 0.4706364000D+01 0.3111500000D+01 0.1338400000D+01 0.3194900000D+01 0.8500000000D-02 0.4900000000D-03 0.9094500000D+01 0.3961300000D+00 0.8455000000D-02 0.5700000000D-02 0.2689677000D+01 0.1117900000D+01 0.5648200000D+01 0.1218200000D+01
1 3420151015201510242457310.4 0.3700000000D-02 0.1900000000D-03 0.5003800000D+01 0.2142400000D+00 0.4501000000D-02 0.2800000000D-02 0.7377240000D+00 0.5424600000D+01 0.3631100000D+01 0.1452000000D+01 0.9100000000D-02 0.2700000000D-03 0.9093500000D+01 0.3980900000D+00 0.8484000000D-02 0.6100000000D-02 0.4995849000D+01 0.3419800000D+01 0.1645300000D+01 0.5927200000D+01
1 3520151024201511022457319.4 0.3500000000D-02 0.1300000000D-03 0.4955300000D+01 0.2114500000D+00 0.4447000000D-02 0.3000000000D-02 0.3051139000D+01 0.1452200000D+01 0.5969200000D+01 0.6247300000D+01 0.1350000000D-01-0.5900000000D-03 0.9078800000D+01 0.3972300000D+00 0.8555000000D-02 0.6600000000D-02 0.1017754000D+01 0.5723600000D+01 0.3956400000D+01 0.4106800000D+01
1 3620151102201511112457328.4 0.4600000000D-02-0.1500000000D-03 0.4903000000D+01 0.2105200000D+00 0.4363000000D-02 0.3000000000D-02 0.5364274000D+01 0.3760400000D+01 0.1973300000D+01 0.4475500000D+01 0.1260000000D-01-0.2300000000D-03 0.9054300000D+01 0.3971300000D+00 0.8468000000D-02 0.5900000000D-02 0.3322530000D+01 0.1740100000D+01 0.6247000000D+01 0.2427500000D+01
1 3720151111201511202457337.4 0.5800000000D-02-0.3700000000D-03 0.4846700000D+01 0.2089700000D+00 0.4378000000D-02 0.3300000000D-02 0.1392970000D+01 0.6073200000D+01 0.4281000000D+01 0.3004200000D+01 0.8300000000D-02 0.6800000000D-03 0.9019000000D+01 0.3948700000D+00 0.8480000000D-02 0.6900000000D-02 0.5626531000D+01 0.4042600000D+01 0.2276000000D+01 0.6197000000D+00
1 3820151120201511292457346.4 0.3800000000D-02 0.7000000000D-04 0.4790800000D+01 0.2066300000D+00 0.4301000000D-02 0.3100000000D-02 0.3703391000D+01 0.2098500000D+01 0.3243000000D+00 0.1126600000D+01 0.9300000000D-02 0.3000000000D-03 0.8974900000D+01 0.3933800000D+00 0.8378000000D-02 0.5600000000D-02 0.1647300000D+01 0.5920000000D-01 0.4570300000D+01 0.5302100000D+01
1 3920151129201512082457355.4 0.2200000000D-02 0.3100000000D-03 0.4734700000D+01 0.2052700000D+00 0.4320000000D-02 0.3300000000D-02 0.6012634000D+01 0.4410300000D+01 0.2631200000D+01 0.5784200000D+01 0.1180000000D-01-0.2400000000D-03 0.8920100000D+01 0.3930800000D+00 0.8454000000D-02 0.5800000000D-02 0.3951326000D+01 0.2363300000D+01 0.5658000000D+00 0.3539600000D+01
1 4020151208201512172457364.4 0.3700000000D-02-0.1000000000D-03 0.4681900000D+01 0.2034100000D+00 0.4272000000D-02 0.3300000000D-02 0.2036965000D+01 0.4357000000D+00 0.4950000000D+01 0.3964800000D+01 0.1300000000D-01-0.3500000000D-03 0.8862200000D+01 0.3883500000D+00 0.8329000000D-02 0.4900000000D-02 0.6254506000D+01 0.4664800000D+01 0.2892200000D+01 0.1920700000D+01
1 4120151217201512262457373.4 0.4500000000D-02-0.2600000000D-03 0.4633200000D+01 0.2027900000D+00 0.4255000000D-02 0.2900000000D-02 0.4343383000D+01 0.2743400000D+01 0.9600000000D+00 0.2299800000D+01 0.1120000000D-01 0.1100000000D-03 0.8801500000D+01 0.3865700000D+00 0.8156000000D-02 0.5500000000D-02 0.2275162000D+01 0.6811000000D+00 0.5177100000D+01 0.3134000000D+00
1 4220151226201601042457382.4 0.4000000000D-02-0.8000000000D-04 0.4587900000D+01 0.2013900000D+00 0.4330000000D-02 0.3100000000D-02 0.3645170000D+00 0.5055800000D+01 0.3279900000D+01 0.5019000000D+00 0.7900000000D-02 0.7200000000D-03 0.8734500000D+01 0.3840300000D+00 0.8146000000D-02 0.4700000000D-02 0.4578971000D+01 0.2986300000D+01 0.1191500000D+01 0.4995000000D+01
1 4320160104201601132457391.4 0.2400000000D-02 0.1900000000D-03 0.4552100000D+01 0.2003900000D+00 0.4235000000D-02 0.2700000000D-02 0.2667476000D+01 0.1075100000D+01 0.5588800000D+01 0.5209000000D+01 0.1060000000D-01 0.0000000000D+00 0.8670200000D+01 0.3795600000D+00 0.7993000000D-02 0.5500000000D-02 0.5995430000D+00 0.5288600000D+01 0.3510000000D+01 0.3269600000D+01
2 4420141231201501312457022.4 0.7000000000D-02 0.0000000000D+00 0.6279100000D+01 0.5120000000D-02 0.8700000000D-04 0.1900000000D-02 0.8521880000D+00 0.4558100000D+01 0.3027000000D+00 0.3551000000D+01-0.8600000000D-02-0.1000000000D-04 0.1285990000D+02 0.1160000000D-01 0.4800000000D-04 0.4900000000D-02 0.5113028000D+01 0.2250100000D+01 0.6025000000D+01 0.1531300000D+01
2 4520150131201503032457053.4 0.7100000000D-02 0.0000000000D+00 0.6217100000D+01 0.5460000000D-02 0.7200000000D-04 0.2500000000D-02 0.2716468000D+01 0.1217900000D+01 0.2419700000D+01 0.9725000000D+00-0.9600000000D-02 0.5000000000D-04 0.1254350000D+02 0.9070000000D-02 0.7200000000D-04 0.4700000000D-02 0.7096730000D+00 0.3963200000D+01 0.1255100000D+01 0.5110900000D+01
2 4620150303201504032457084.4 0.6300000000D-02 0.4000000000D-04 0.6297700000D+01 0.8230000000D-02 0.5300000000D-04 0.2500000000D-02 0.4571317000D+01 0.3629900000D+01 0.4604300000D+01 0.4739000000D+01-0.8300000000D-02-0.2000000000D-04 0.1232490000D+02 0.5210000000D-02 0.8500000000D-04 0.4600000000D-02 0.2594710000D+01 0.5467200000D+01 0.2862900000D+01 0.2777600000D+01
2 4720150403201505042457115.4 0.6900000000D-02 0.1000000000D-04 0.6501300000D+01 0.1049000000D-01 0.3600000000D-04 0.2700000000D-02 0.1414640000D+00 0.5778600000D+01 0.6454000000D+00 0.2105200000D+01-0.7000000000D-02-0.6000000000D-04 0.1224810000D+02 0.3020000000D-02 0.8200000000D-04 0.3800000000D-02 0.4484691000D+01 0.6069900000D+01 0.4637500000D+01 0.2613000000D+00
2 4820150504201506042457146.4 0.7500000000D-02 0.0000000000D+00 0.6792200000D+01 0.1157000000D-01 0.3100000000D-04 0.2000000000D-02 0.1999982000D+01 0.1559100000D+01 0.3421300000D+01 0.5923100000D+01-0.7700000000D-02 0.0000000000D+00 0.1232320000D+02 0.6220000000D-02 0.6000000000D-04 0.5500000000D-02 0.9498000000D-01 0.7104000000D+00 0.3453000000D+00 0.4198200000D+01
2 4920150604201507052457177.4 0.7600000000D-02 0.0000000000D+00 0.7121200000D+01 0.1111000000D-01 0.4300000000D-04 0.3200000000D-02 0.3867322000D+01 0.3633800000D+01 0.6144000000D+01 0.3596300000D+01-0.7500000000D-02-0.1000000000D-04 0.1253600000D+02 0.1004000000D-01 0.3100000000D-04 0.4500000000D-02 0.1989604000D+01 0.2415300000D+01 0.1631700000D+01 0.1284100000D+01
2 5020150705201508052457208.4 0.8600000000D-02-0.4000000000D-04 0.7428800000D+01 0.9090000000D-02 0.7700000000D-04 0.2600000000D-02 0.5745752000D+01 0.5708400000D+01 0.2028300000D+01 0.8264000000D+00-0.8100000000D-02 0.3000000000D-04 0.1284780000D+02 0.1160000000D-01 0.2300000000D-04 0.4300000000D-02 0.3883646000D+01 0.4177000000D+01 0.1999500000D+01 0.5495500000D+01
2 5120150805201509052457239.4 0.8600000000D-02 0.0000000000D+00 0.7647600000D+01 0.5450000000D-02 0.9700000000D-04 0.2800000000D-02 0.1351122000D+01 0.1755100000D+01 0.4177400000D+01 0.4741500000D+01-0.9500000000D-02 0.8000000000D-04 0.1318400000D+02 0.1079000000D-01 0.6900000000D-04 0.4500000000D-02 0.5774621000D+01 0.5951800000D+01 0.3243800000D+01 0.2823700000D+01
2 5220150905201510062457270.4 0.7800000000D-02 0.2000000000D-04 0.7714900000D+01 0.4160000000D-02 0.8900000000D-04 0.2100000000D-02 0.3248010000D+01 0.5002200000D+01 0.1050000000D+00 0.2225800000D+01-0.8500000000D-02 0.0000000000D+00 0.1345760000D+02 0.6940000000D-02 0.1070000000D-03 0.4800000000D-02 0.1377748000D+01 0.1295500000D+01 0.4894100000D+01 0.4888000000D+00
2 5320151006201511062457301.4 0.8200000000D-02-0.2000000000D-04 0.7607800000D+01 0.7700000000D-02 0.5400000000D-04 0.2700000000D-02 0.5149422000D+01 0.1410200000D+01 0.2539100000D+01 0.6118700000D+01-0.8100000000D-02 0.1000000000D-04 0.1357640000D+02 0.3360000000D-02 0.1070000000D-03 0.4400000000D-02 0.3258550000D+01 0.1858700000D+01 0.2590000000D+00 0.3830900000D+01
2 5420151106201512072457332.4 0.7700000000D-02 0.0000000000D+00 0.7368500000D+01 0.9510000000D-02 0.4800000000D-04 0.2600000000D-02 0.7656870000D+00 0.3608900000D+01 0.5739100000D+01 0.3326900000D+01-0.8700000000D-02 0.6000000000D-04 0.1349360000D+02 0.7650000000D-02 0.7400000000D-04 0.3400000000D-02 0.5134638000D+01 0.2648900000D+01 0.1950000000D+01 0.1516800000D+01
2 5520151207201601072457363.4 0.7100000000D-02 0.1000000000D-04 0.7100600000D+01 0.8250000000D-02 0.7600000000D-04 0.1700000000D-02 0.2656464000D+01 0.5820500000D+01 0.2002400000D+01 0.8424000000D+00-0.7400000000D-02 0.0000000000D+00 0.1323870000D+02 0.1150000000D-01 0.1700000000D-04 0.4300000000D-02 0.7254970000D+00 0.4243300000D+01 0.2805400000D+01 0.5412600000D+01
3 5620141231201501272457022.4-0.1560000000D-01-0.2000000000D-03 0.8740000000D+01 0.6830000000D-02 0.1170000000D-03 0.1700000000D-01 0.4639704000D+01 0.1991400000D+01 0.4141800000D+01 0.2557000000D+00-0.6210000000D-01-0.4800000000D-03 0.1790700000D+02 0.1595000000D-01 0.6500000000D-04 0.3470000000D-01 0.2612092000D+01 0.5919300000D+01 0.3440900000D+01 0.4499600000D+01
3 5720150127201502232457049.4-0.2500000000D-01-0.2300000000D-03 0.8653800000D+01 0.5890000000D-02 0.1100000000D-03 0.1820000000D-01 0.1579759000D+01 0.6245000000D+01 0.1042600000D+01 0.5832000000D+00-0.7180000000D-01 0.8700000000D-03 0.1751650000D+02 0.1341000000D-01 0.9300000000D-04 0.3650000000D-01 0.5848153000D+01 0.2656200000D+01 0.6051700000D+01 0.4817100000D+01
3 5820150223201503222457076.4-0.3140000000D-01 0.4100000000D-03 0.8717400000D+01 0.1022000000D-01 0.7400000000D-04 0.1580000000D-01 0.4795509000D+01 0.3783000000D+01 0.4651200000D+01 0.7575000000D+00-0.4510000000D-01-0.1500000000D-03 0.1722430000D+02 0.9400000000D-02 0.1360000000D-03 0.3130000000D-01 0.2805184000D+01 0.5753500000D+01 0.3054800000D+01 0.5052400000D+01
3 5920150322201504182457103.4-0.1800000000D-01-0.1900000000D-03 0.8919600000D+01 0.1370000000D-01 0.5500000000D-04 0.1680000000D-01 0.1723665000D+01 0.9758000000D+00 0.2061700000D+01 0.7477000000D+00-0.5690000000D-01-0.6600000000D-03 0.1707110000D+02 0.4030000000D-02 0.1320000000D-03 0.3250000000D-01 0.6047899000D+01 0.2154700000D+01 0.1435000000D+00 0.5109400000D+01
3 6020150418201505152457130.4-0.2540000000D-01-0.4700000000D-03 0.9231600000D+01 0.1539000000D-01 0.4300000000D-04 0.1990000000D-01 0.4936143000D+01 0.4381300000D+01 0.5542400000D+01 0.1017100000D+01-0.7640000000D-01 0.7300000000D-03 0.1707680000D+02 0.6040000000D-02 0.7900000000D-04 0.3610000000D-01 0.3009312000D+01 0.3839300000D+01 0.3162800000D+01 0.5378800000D+01
3 6120150515201506112457157.4-0.3760000000D-01 0.3400000000D-03 0.9611300000D+01 0.1619000000D-01 0.3900000000D-04 0.1800000000D-01 0.1870314000D+01 0.1460500000D+01 0.3483100000D+01 0.1267300000D+01-0.5210000000D-01 0.1100000000D-03 0.1724460000D+02 0.1050000000D-01 0.6200000000D-04 0.3280000000D-01 0.6255117000D+01 0.4153000000D+00 0.6130300000D+01 0.5658700000D+01
3 6220150611201507082457184.4-0.2470000000D-01-0.2000000000D-04 0.1001090000D+02 0.1504000000D-01 0.5500000000D-04 0.1790000000D-01 0.5093686000D+01 0.4859600000D+01 0.1355200000D+01 0.1275600000D+01-0.5320000000D-01-0.9800000000D-03 0.1754640000D+02 0.1438000000D-01 0.4800000000D-04 0.3320000000D-01 0.3216656000D+01 0.3534800000D+01 0.2196500000D+01 0.5705400000D+01
3 6320150708201508042457211.4-0.2740000000D-01-0.5200000000D-03 0.1037320000D+02 0.1215000000D-01 0.1100000000D-03 0.2200000000D-01 0.2042242000D+01 0.1944400000D+01 0.4586100000D+01 0.1501700000D+01-0.8040000000D-01 0.3500000000D-03 0.1793570000D+02 0.1559000000D-01 0.5000000000D-04 0.3800000000D-01 0.1768590000D+00 0.3999000000D+00 0.4887900000D+01 0.5944300000D+01
3 6420150804201508312457238.4-0.4360000000D-01 0.3900000000D-03 0.1063240000D+02 0.7460000000D-02 0.1430000000D-03 0.2040000000D-01 0.5281904000D+01 0.5491700000D+01 0.1708500000D+01 0.1812700000D+01-0.6250000000D-01 0.4200000000D-03 0.1834800000D+02 0.1406000000D-01 0.7400000000D-04 0.3540000000D-01 0.3418272000D+01 0.3509900000D+01 0.1221600000D+01 0.6243400000D+01
3 6520150831201509272457265.4-0.3050000000D-01 0.3200000000D-03 0.1073490000D+02 0.4140000000D-02 0.1340000000D-03 0.1880000000D-01 0.2244874000D+01 0.3736200000D+01 0.5147700000D+01 0.1893800000D+01-0.5310000000D-01-0.9700000000D-03 0.1868810000D+02 0.1101000000D-01 0.1320000000D-03 0.3360000000D-01 0.3730200000D+00 0.1727000000D+00 0.3665000000D+01 0.1070000000D-01
3 6620150927201510242457292.4-0.2390000000D-01-0.4400000000D-03 0.1065010000D+02 0.8800000000D-02 0.9000000000D-04 0.2190000000D-01 0.5495723000D+01 0.1654300000D+01 0.2366900000D+01 0.2058000000D+01-0.8410000000D-01 0.2200000000D-03 0.1888250000D+02 0.6060000000D-02 0.1620000000D-03 0.3890000000D-01 0.3607479000D+01 0.2734700000D+01 0.4087000000D+00 0.2105000000D+00
3 6720151024201511202457319.4-0.3840000000D-01 0.2100000000D-03 0.1040360000D+02 0.1291000000D-01 0.8200000000D-04 0.2020000000D-01 0.2464967000D+01 0.5112100000D+01 0.5244000000D+00 0.2402700000D+01-0.7260000000D-01 0.8600000000D-03 0.1887190000D+02 0.6850000000D-02 0.1400000000D-03 0.3690000000D-01 0.5561350000D+00 0.4546800000D+01 0.3740700000D+01 0.5238000000D+00
3 6820151120201512172457346.4-0.2940000000D-01 0.4300000000D-03 0.1007920000D+02 0.1312000000D-01 0.8700000000D-04 0.1750000000D-01 0.5714342000D+01 0.2345500000D+01 0.4754300000D+01 0.2520700000D+01-0.5170000000D-01-0.6700000000D-03 0.1865030000D+02 0.1268000000D-01 0.8800000000D-04 0.3230000000D-01 0.3786824000D+01 0.1108900000D+01 0.3344000000D+00 0.6007000000D+00
3 6920151217201601132457373.4-0.1690000000D-01-0.4300000000D-03 0.9773400000D+01 0.1022000000D-01 0.1150000000D-03 0.1970000000D-01 0.2672434000D+01 0.5897000000D+01 0.2154600000D+01 0.2636600000D+01-0.7700000000D-01-0.8000000000D-04 0.1828950000D+02 0.1613000000D-01 0.1600000000D-04 0.3680000000D-01 0.7344630000D+00 0.4080500000D+01 0.1442700000D+01 0.7170000000D+00
3 7020160113201602092457400.4-0.3110000000D-01-0.7000000000D-04 0.9571500000D+01 0.6710000000D-02 0.1190000000D-03 0.1940000000D-01 0.5904027000D+01 0.3481300000D+01 0.5532100000D+01 0.2950400000D+01-0.7400000000D-01 0.8500000000D-03 0.1787120000D+02 0.1527000000D-01 0.6700000000D-04 0.3610000000D-01 0.3968444000D+01 0.9325000000D+00 0.4464300000D+01 0.1038500000D+01
4 7120141231201501172457022.2 0.1150000000D-01-0.2000000000D-04 0.1437450000D+02 0.9700000000D-02 0.2010000000D-03 0.1660000000D-01 0.1732012000D+01 0.5097500000D+01 0.1017500000D+01 0.3643400000D+01 0.7700000000D-01 0.8400000000D-03 0.2938420000D+02 0.2678000000D-01 0.1390000000D-03 0.3440000000D-01 0.5991724000D+01 0.2796300000D+01 0.6274200000D+01 0.1614600000D+01
4 7220150117201502032457039.2 0.7800000000D-02 0.1400000000D-03 0.1425690000D+02 0.1283000000D-01 0.2590000000D-03 0.1130000000D-01 0.1430521000D+01 0.5869300000D+01 0.2520200000D+01 0.2995300000D+01 0.8190000000D-01-0.2860000000D-02 0.2896360000D+02 0.2265000000D-01 0.5770000000D-03 0.2240000000D-01 0.5696407000D+01 0.2892800000D+01 0.1107900000D+01 0.9688000000D+00
4 7320150203201502202457056.2 0.1920000000D-01-0.1150000000D-02 0.1423220000D+02 0.6570000000D-02 0.3510000000D-03 0.1120000000D-01 0.1121567000D+01 0.8390000000D-01 0.6109100000D+01 0.2386000000D+01 0.5840000000D-01-0.5600000000D-03 0.2858230000D+02 0.2258000000D-01 0.6070000000D-03 0.2170000000D-01 0.5398901000D+01 0.1535900000D+01 0.3834900000D+01 0.4017000000D+00
4 7420150220201503092457073.2-0.4500000000D-02 0.3100000000D-03 0.1431780000D+02 0.1354000000D-01 0.1730000000D-03 0.6700000000D-02 0.8116560000D+00 0.6075400000D+01 0.6390000000D+00 0.1329400000D+01 0.4000000000D-01 0.0000000000D+00 0.2829960000D+02 0.1559000000D-01 0.1780000000D-03 0.1340000000D-01 0.5105536000D+01 0.1598200000D+01 0.5826200000D+01 0.5677000000D+01
4 7520150309201503262457090.2-0.4200000000D-02-0.1540000000D-02 0.1448490000D+02 0.2187000000D-01 0.2120000000D-03 0.1300000000D-01 0.5003470000D+00 0.5918700000D+01 0.2098600000D+01 0.4704000000D+00 0.6740000000D-01 0.7300000000D-03 0.2809760000D+02 0.1171000000D-01 0.3090000000D-03 0.2640000000D-01 0.4811945000D+01 0.1120000000D+01 0.5610300000D+01 0.4763000000D+01
4 7620150326201504122457107.2-0.2290000000D-01 0.9300000000D-03 0.1474620000D+02 0.1803000000D-01 0.3140000000D-03 0.1370000000D-01 0.1868830000D+00 0.5859500000D+01 0.5745500000D+01 0.6254700000D+01 0.6660000000D-01 0.1500000000D-02 0.2798730000D+02 0.1944000000D-01 0.7750000000D-03 0.2540000000D-01 0.4519174000D+01 0.6225300000D+01 0.3271100000D+01 0.4267700000D+01
4 7720150412201504292457124.2-0.2030000000D-01 0.3200000000D-03 0.1506100000D+02 0.2410000000D-01 0.1520000000D-03 0.1900000000D-01 0.6158147000D+01 0.5553700000D+01 0.7299000000D+00 0.5643500000D+01 0.1117000000D+00-0.5300000000D-03 0.2799820000D+02 0.8750000000D-02 0.2240000000D-03 0.3550000000D-01 0.4227747000D+01 0.5456600000D+01 0.4749000000D+01 0.3724800000D+01
4 7820150429201505162457141.2 0.5300000000D-02-0.1300000000D-03 0.1542210000D+02 0.2595000000D-01 0.6500000000D-04 0.2090000000D-01 0.5845961000D+01 0.5488500000D+01 0.3944200000D+01 0.5404800000D+01 0.9690000000D-01 0.1180000000D-02 0.2810310000D+02 0.1344000000D-01 0.1140000000D-03 0.3760000000D-01 0.3935342000D+01 0.4634200000D+01 0.4546600000D+01 0.3513700000D+01
4 7920150516201506022457158.2-0.1040000000D-01 0.2130000000D-02 0.1584210000D+02 0.2543000000D-01 0.1680000000D-03 0.1690000000D-01 0.5538831000D+01 0.5025500000D+01 0.7300000000D-02 0.4828700000D+01 0.1305000000D+00-0.4950000000D-02 0.2834130000D+02 0.1180000000D-01 0.6750000000D-03 0.3150000000D-01 0.3643570000D+01 0.4601300000D+01 0.3299000000D+01 0.2942600000D+01
4 8020150602201506192457175.2 0.2300000000D-01-0.4800000000D-03 0.1624740000D+02 0.2535000000D-01 0.9900000000D-04 0.1870000000D-01 0.5230664000D+01 0.4937100000D+01 0.7649000000D+00 0.4465100000D+01 0.7520000000D-01 0.5800000000D-03 0.2860100000D+02 0.2182000000D-01 0.1130000000D-03 0.3260000000D-01 0.3350631000D+01 0.3634400000D+01 0.4877700000D+01 0.2575500000D+01
4 8120150619201507062457192.2 0.1230000000D-01 0.3200000000D-03 0.1665070000D+02 0.2348000000D-01 0.9000000000D-04 0.1130000000D-01 0.4925918000D+01 0.4793900000D+01 0.1763700000D+01 0.3938800000D+01 0.4970000000D-01-0.2400000000D-03 0.2896680000D+02 0.2481000000D-01 0.2360000000D-03 0.1940000000D-01 0.3056186000D+01 0.3480500000D+01 0.1953300000D+01 0.2049700000D+01
4 8220150706201507232457209.2 0.1340000000D-01-0.1470000000D-02 0.1702360000D+02 0.2217000000D-01 0.4030000000D-03 0.1230000000D-01 0.4627074000D+01 0.4216200000D+01 0.3317000000D+00 0.2810100000D+01 0.7760000000D-01-0.2170000000D-02 0.2940880000D+02 0.1818000000D-01 0.6610000000D-03 0.2020000000D-01 0.2764022000D+01 0.2394900000D+01 0.3604900000D+01 0.1022500000D+01
4 8320150723201508092457226.2-0.4600000000D-02 0.3600000000D-03 0.1732310000D+02 0.1628000000D-01 0.2640000000D-03 0.9200000000D-02 0.4327069000D+01 0.4387200000D+01 0.6380000000D+00 0.2185900000D+01 0.3320000000D-01 0.2080000000D-02 0.2979260000D+02 0.2840000000D-01 0.3890000000D-03 0.1700000000D-01 0.2466374000D+01 0.2807800000D+01 0.6847000000D+00 0.3834000000D+00
4 8420150809201508262457243.2-0.1830000000D-01-0.2800000000D-03 0.1753890000D+02 0.1140000000D-01 0.1970000000D-03 0.1670000000D-01 0.4031430000D+01 0.4568100000D+01 0.8558000000D+00 0.1256600000D+01 0.8720000000D-01-0.5100000000D-03 0.3021550000D+02 0.2331000000D-01 0.1700000000D-03 0.2910000000D-01 0.2170219000D+01 0.2293200000D+01 0.6148500000D+01 0.5648300000D+01
4 8520150826201509122457260.2-0.1500000000D-01 0.2400000000D-03 0.1764370000D+02 0.3770000000D-02 0.5140000000D-03 0.2050000000D-01 0.3741024000D+01 0.3772400000D+01 0.5923400000D+01 0.9492000000D+00 0.8790000000D-01 0.2130000000D-02 0.3058110000D+02 0.2510000000D-01 0.7570000000D-03 0.3490000000D-01 0.1874889000D+01 0.1189400000D+01 0.3809800000D+01 0.5346800000D+01
4 8620150912201509292457277.2-0.3140000000D-01 0.2070000000D-02 0.1761240000D+02 0.1385000000D-01 0.5030000000D-03 0.2100000000D-01 0.3449464000D+01 0.5040600000D+01 0.8850000000D+00 0.3400000000D+00 0.1192000000D+00-0.7500000000D-03 0.3083860000D+02 0.1497000000D-01 0.5890000000D-03 0.3630000000D-01 0.1573971000D+01 0.1896800000D+01 0.5735900000D+01 0.4735900000D+01
4 8720150929201510162457294.2 0.9000000000D-02-0.4600000000D-03 0.1749710000D+02 0.1636000000D-01 0.1030000000D-03 0.2360000000D-01 0.3161657000D+01 0.5604800000D+01 0.6167300000D+01 0.6650000000D-01 0.1168000000D+00 0.4500000000D-03 0.3099310000D+02 0.6110000000D-02 0.2800000000D-03 0.4230000000D-01 0.1274782000D+01 0.7561000000D+00 0.4756200000D+01 0.4454100000D+01
4 8820151016201511022457311.2 0.1000000000D-02 0.1910000000D-02 0.1724330000D+02 0.1479000000D-01 0.3580000000D-03 0.1750000000D-01 0.2875056000D+01 0.5560100000D+01 0.5568700000D+01 0.6000700000D+01 0.1037000000D+00-0.2660000000D-02 0.3100960000D+02 0.1611000000D-01 0.7300000000D-03 0.3090000000D-01 0.9753890000D+00 0.5519200000D+01 0.3080800000D+01 0.4066800000D+01
4 8920151102201511192457328.2 0.2000000000D-01-0.6100000000D-03 0.1693630000D+02 0.2293000000D-01 0.4010000000D-03 0.1670000000D-01 0.2586172000D+01 0.5104900000D+01 0.7872000000D+00 0.5361900000D+01 0.8810000000D-01-0.1490000000D-02 0.3087460000D+02 0.1330000000D-01 0.6770000000D-03 0.2990000000D-01 0.6732770000D+00 0.3472600000D+01 0.5257600000D+01 0.3428100000D+01
4 9020151119201512062457345.2 0.1450000000D-01-0.1600000000D-03 0.1659920000D+02 0.2152000000D-01 0.5800000000D-04 0.1060000000D-01 0.2297192000D+01 0.5163100000D+01 0.1975300000D+01 0.4914300000D+01 0.3850000000D-01 0.7300000000D-03 0.3062400000D+02 0.2058000000D-01 0.1850000000D-03 0.1890000000D-01 0.3733080000D+00 0.3816300000D+01 0.2441200000D+01 0.2973800000D+01
4 9120151206201512232457362.2-0.9000000000D-02-0.1200000000D-03 0.1626550000D+02 0.1971000000D-01 0.2140000000D-03 0.9900000000D-02 0.2003938000D+01 0.4856700000D+01 0.1128300000D+01 0.3473800000D+01 0.6990000000D-01-0.1730000000D-02 0.3024740000D+02 0.1895000000D-01 0.3770000000D-03 0.1850000000D-01 0.7312800000D-01 0.3455300000D+01 0.2810100000D+01 0.1604400000D+01
4 9220151223201601092457379.2-0.3900000000D-02-0.6900000000D-03 0.1598250000D+02 0.1488000000D-01 0.3970000000D-03 0.1190000000D-01 0.1709384000D+01 0.4677400000D+01 0.6020000000D+00 0.3130500000D+01 0.2820000000D-01 0.4830000000D-02 0.2987720000D+02 0.3151000000D-01 0.3440000000D-03 0.2400000000D-01 0.6058093000D+01 0.2997500000D+01 0.6000100000D+01 0.1163900000D+01
4 9320160109201601262457396.2-0.2390000000D-01 0.3700000000D-03 0.1577980000D+02 0.1065000000D-01 0.1910000000D-03 0.1540000000D-01 0.1409783000D+01 0.4955700000D+01 0.1316300000D+01 0.2239100000D+01 0.8820000000D-01-0.4300000000D-03 0.2942270000D+02 0.2523000000D-01 0.2360000000D-03 0.2840000000D-01 0.5759817000D+01 0.2653600000D+01 0.7914000000D+00 0.2929000000D+00
4 9420160126201602122457413.2-0.1010000000D-01-0.3200000000D-03 0.1566740000D+02 0.6210000000D-02 0.2070000000D-03 0.2060000000D-01 0.1105894000D+01 0.5263300000D+01 0.4595000000D+00 0.1919200000D+01 0.1092000000D+00 0.2800000000D-03 0.2901500000D+02 0.2438000000D-01 0.1950000000D-03 0.3740000000D-01 0.5462343000D+01 0.2024400000D+01 0.4903600000D+01 0.6281600000D+01
5 9520141231201501222457022.4 0.1590000000D-01-0.4300000000D-03 0.1912770000D+02 0.1288000000D-01 0.2410000000D-03 0.2500000000D-02 0.9590210000D+00 0.4443200000D+01 0.2631000000D+00 0.2657600000D+01-0.4000000000D-03 0.8500000000D-03 0.3930340000D+02 0.3290000000D-01 0.4000000000D-04 0.4700000000D-02 0.5219648000D+01 0.2076600000D+01 0.5801900000D+01 0.5858000000D+00
5 9620150122201502132457044.4 0.6000000000D-02 0.4000000000D-03 0.1895240000D+02 0.1164000000D-01 0.2160000000D-03 0.1060000000D-01 0.4935596000D+01 0.3143600000D+01 0.4531300000D+01 0.3705000000D+01 0.3990000000D-01 0.1270000000D-02 0.3858460000D+02 0.2795000000D-01 0.6900000000D-04 0.2250000000D-01 0.2922075000D+01 0.5894000000D+01 0.2749700000D+01 0.1714200000D+01
5 9720150213201503072457066.4 0.3540000000D-01-0.1700000000D-03 0.1900840000D+02 0.1899000000D-01 0.2430000000D-03 0.1820000000D-01 0.2622865000D+01 0.1355800000D+01 0.2837600000D+01 0.5740100000D+01 0.4300000000D-01 0.1580000000D-02 0.3804200000D+02 0.3022000000D-01 0.4900000000D-03 0.3470000000D-01 0.6264140000D+00 0.3531000000D+01 0.8088000000D+00 0.3769700000D+01
5 9820150307201503292457088.4 0.3280000000D-01 0.1900000000D-02 0.1927370000D+02 0.1945000000D-01 0.3630000000D-03 0.2090000000D-01 0.3037320000D+00 0.5660000000D+01 0.9400000000D-01 0.1578300000D+01 0.8290000000D-01-0.5160000000D-02 0.3765060000D+02 0.3190000000D-01 0.8970000000D-03 0.4110000000D-01 0.4614268000D+01 0.7821000000D+00 0.4209800000D+01 0.5843700000D+01
5 9920150329201504202457110.4 0.5850000000D-01 0.2200000000D-03 0.1969210000D+02 0.2847000000D-01 0.1890000000D-03 0.1830000000D-01 0.4267437000D+01 0.3753600000D+01 0.3079500000D+01 0.3581800000D+01-0.3160000000D-01 0.1510000000D-02 0.3742520000D+02 0.3077000000D-01 0.9000000000D-03 0.3680000000D-01 0.2320082000D+01 0.4029900000D+01 0.1278200000D+01 0.1724400000D+01
510020150420201505122457132.4 0.7500000000D-01-0.2780000000D-02 0.2025970000D+02 0.3926000000D-01 0.2300000000D-03 0.1470000000D-01 0.1949927000D+01 0.1474600000D+01 0.4755100000D+01 0.5564100000D+01 0.9600000000D-02-0.3180000000D-02 0.3744230000D+02 0.2873000000D-01 0.4960000000D-03 0.2400000000D-01 0.2892300000D-01 0.7753000000D+00 0.4196100000D+01 0.3677500000D+01
510120150512201506032457154.4 0.1900000000D-01 0.8700000000D-03 0.2096690000D+02 0.4064000000D-01 0.5060000000D-03 0.6500000000D-02 0.5918015000D+01 0.5307200000D+01 0.1440500000D+01 0.1100800000D+01-0.6120000000D-01 0.4080000000D-02 0.3776020000D+02 0.2749000000D-01 0.2570000000D-03 0.1200000000D-01 0.4020399000D+01 0.4218400000D+01 0.6970000000D-01 0.5402500000D+01
510220150603201506252457176.4 0.3250000000D-01-0.1700000000D-02 0.2170590000D+02 0.3212000000D-01 0.4850000000D-03 0.5600000000D-02 0.3604941000D+01 0.3035900000D+01 0.4840300000D+01 0.1206400000D+01 0.2800000000D-02 0.2430000000D-02 0.3831520000D+02 0.2219000000D-01 0.4750000000D-03 0.1080000000D-01 0.1726698000D+01 0.1721100000D+01 0.2588300000D+01 0.5633500000D+01
510320150625201507172457198.4-0.6300000000D-02 0.2770000000D-02 0.2239560000D+02 0.2366000000D-01 0.2270000000D-03 0.1630000000D-01 0.1296060000D+01 0.1026400000D+01 0.2090800000D+01 0.2875500000D+01 0.7190000000D-01-0.1040000000D-02 0.3895100000D+02 0.2880000000D-01 0.3050000000D-03 0.2630000000D-01 0.5714180000D+01 0.5928100000D+01 0.5444700000D+01 0.1071800000D+01
510420150717201508082457220.4 0.5390000000D-01-0.8000000000D-04 0.2295140000D+02 0.2268000000D-01 0.1640000000D-03 0.2360000000D-01 0.5276806000D+01 0.5286400000D+01 0.2026300000D+01 0.5003900000D+01 0.6000000000D-01 0.2400000000D-03 0.3965670000D+02 0.3753000000D-01 0.2710000000D-03 0.4000000000D-01 0.3418019000D+01 0.3494500000D+01 0.1014600000D+01 0.3099800000D+01
510520150808201508302457242.4 0.7210000000D-01 0.2800000000D-03 0.2335460000D+02 0.1485000000D-01 0.3330000000D-03 0.2490000000D-01 0.2979599000D+01 0.3198700000D+01 0.5831000000D+01 0.8482000000D+00 0.4020000000D-01-0.2100000000D-02 0.4037530000D+02 0.3616000000D-01 0.3700000000D-03 0.4450000000D-01 0.1120094000D+01 0.1008600000D+01 0.4418900000D+01 0.5266400000D+01
510620150830201509212457264.4 0.6600000000D-01 0.2000000000D-03 0.2353170000D+02 0.7460000000D-02 0.2300000000D-03 0.2050000000D-01 0.6864760000D+00 0.2380400000D+01 0.3311400000D+01 0.2946300000D+01-0.3180000000D-01 0.1000000000D-03 0.4099370000D+02 0.2774000000D-01 0.3970000000D-03 0.3540000000D-01 0.5103007000D+01 0.4797400000D+01 0.1909500000D+01 0.1128400000D+01
510720150921201510132457286.4 0.6440000000D-01-0.2280000000D-02 0.2342180000D+02 0.2185000000D-01 0.1100000000D-03 0.1170000000D-01 0.4679455000D+01 0.7532000000D+00 0.2948400000D+01 0.5003100000D+01-0.1650000000D-01-0.9700000000D-03 0.4143500000D+02 0.9080000000D-02 0.7100000000D-04 0.1920000000D-01 0.2800281000D+01 0.1769100000D+01 0.6249400000D+01 0.3061500000D+01
510820151013201511042457308.4 0.7500000000D-02 0.9500000000D-03 0.2304410000D+02 0.3357000000D-01 0.4650000000D-03 0.3300000000D-02 0.2390838000D+01 0.4739200000D+01 0.8512000000D+00 0.5596700000D+01-0.1900000000D-01 0.2240000000D-02 0.4150060000D+02 0.5830000000D-02 0.4760000000D-03 0.6600000000D-02 0.4958740000D+00 0.3268200000D+01 0.4834400000D+01 0.3844200000D+01
510920151104201511262457330.4 0.4440000000D-01-0.2360000000D-02 0.2246280000D+02 0.2770000000D-01 0.6180000000D-03 0.1120000000D-01 0.1048200000D+00 0.2399800000D+01 0.4291900000D+01 0.4314000000D+00 0.2100000000D-02 0.4640000000D-02 0.4124390000D+02 0.8810000000D-02 0.7060000000D-03 0.2080000000D-01 0.4476011000D+01 0.1653100000D+01 0.1617100000D+01 0.4839300000D+01
511020151126201512182457352.4-0.1410000000D-01 0.4180000000D-02 0.2187050000D+02 0.1748000000D-01 0.3590000000D-03 0.1900000000D-01 0.4100564000D+01 0.6022000000D+00 0.1312700000D+01 0.2390800000D+01 0.1037000000D+00-0.3940000000D-02 0.4075810000D+02 0.2424000000D-01 0.8640000000D-03 0.3260000000D-01 0.2174780000D+01 0.6057300000D+01 0.4662400000D+01 0.4609000000D+00
511120151218201601092457374.4 0.6070000000D-01-0.5200000000D-03 0.2138420000D+02 0.2031000000D-01 0.1990000000D-03 0.2190000000D-01 0.1806990000D+01 0.5278500000D+01 0.3065100000D+01 0.4494000000D+01 0.2950000000D-01 0.1360000000D-02 0.4015310000D+02 0.4467000000D-01 0.9100000000D-03 0.4290000000D-01 0.6156466000D+01 0.3435500000D+01 0.1256900000D+01 0.2485500000D+01
511220160109201601312457396.4 0.6660000000D-01-0.2400000000D-03 0.2102340000D+02 0.1689000000D-01 0.3520000000D-03 0.2120000000D-01 0.5788028000D+01 0.3116300000D+01 0.5791900000D+01 0.2189000000D+00 0.5760000000D-01-0.5180000000D-02 0.3943330000D+02 0.4869000000D-01 0.8500000000D-03 0.4080000000D-01 0.3855948000D+01 0.8507000000D+00 0.4478500000D+01 0.4640200000D+01
