 4 2   2  56 19.7027 4.9788  7.0  7.0  109 2455561.5000 2011                                                                                                                                                                                                                                                                                                                     
1  220101231201101072455561.4-0.1180000000D+00-0.2400000000D-03 0.5224600000D+01 0.7102000000D-01 0.6450000000D-03 0.3960000000D-01 0.2067093000D+01 0.6668000000D+00 0.5082100000D+01-0.3771000000D+01 0.3380000000D-01-0.8500000000D-03 0.1730300000D+01 0.3065000000D-01 0.4170000000D-03 0.1260000000D-01 0.5771156000D+01 0.1821900000D+01 0.1906000000D+00-0.6249100000D+01
1  320110107201101142455568.4-0.1196000000D+00-0.1500000000D-03 0.5298700000D+01 0.6911000000D-01 0.6770000000D-03 0.4030000000D-01 0.1664066000D+01 0.2415000000D+00 0.4720900000D+01-0.4535000000D+01 0.2790000000D-01-0.8400000000D-03 0.1607000000D+01 0.3083000000D-01 0.4170000000D-03 0.1180000000D-01 0.5564482000D+01 0.1316300000D+01 0.5896600000D+01-0.5265000000D+00
1  420110114201101212455575.4-0.1208000000D+00-0.4000000000D-04 0.5359800000D+01 0.6736000000D-01 0.6300000000D-03 0.4040000000D-01 0.1263988000D+01 0.6088600000D+01 0.4350200000D+01-0.5298600000D+01 0.2210000000D-01-0.7900000000D-03 0.1543100000D+01 0.3066000000D-01 0.4300000000D-03 0.1160000000D-01 0.5382869000D+01 0.8146000000D+00 0.5371900000D+01-0.1073600000D+01
1  520110121201101282455582.4-0.1215000000D+00 0.7000000000D-04 0.5404900000D+01 0.6623000000D-01 0.5440000000D-03 0.4060000000D-01 0.8665330000D+00 0.5649200000D+01 0.3881500000D+01-0.6071400000D+01 0.1640000000D-01-0.7200000000D-03 0.1547900000D+01 0.3026000000D-01 0.4270000000D-03 0.1190000000D-01 0.5209184000D+01 0.3083000000D+00 0.4880800000D+01-0.1623300000D+01
1  620110128201102042455589.4-0.1216000000D+00 0.1600000000D-03 0.5432400000D+01 0.6544000000D-01 0.5120000000D-03 0.4100000000D-01 0.4710830000D+00 0.5217400000D+01 0.3334300000D+01-0.5547000000D+00 0.1110000000D-01-0.6700000000D-03 0.1619300000D+01 0.2989000000D-01 0.4110000000D-03 0.1270000000D-01 0.5022523000D+01 0.6080400000D+01 0.4347800000D+01-0.2190100000D+01
1  720110204201102112455596.4-0.1211000000D+00 0.1500000000D-03 0.5442500000D+01 0.6443000000D-01 0.5450000000D-03 0.4120000000D-01 0.7702600000D-01 0.4794000000D+01 0.2893600000D+01-0.1311400000D+01 0.6200000000D-02-0.6500000000D-03 0.1745400000D+01 0.2955000000D-01 0.4150000000D-03 0.1370000000D-01 0.4808419000D+01 0.5571500000D+01 0.3779800000D+01-0.2786600000D+01
1  820110211201102182455603.4-0.1200000000D+00 0.7000000000D-04 0.5437100000D+01 0.6311000000D-01 0.5640000000D-03 0.4080000000D-01 0.5967125000D+01 0.4370700000D+01 0.2603700000D+01-0.2069800000D+01 0.1600000000D-02-0.6500000000D-03 0.1909700000D+01 0.2900000000D-01 0.4380000000D-03 0.1500000000D-01 0.4562733000D+01 0.5063400000D+01 0.3276600000D+01-0.3418100000D+01
1  920110218201102252455610.4-0.1187000000D+00 0.2000000000D-04 0.5417900000D+01 0.6203000000D-01 0.5150000000D-03 0.4050000000D-01 0.5574794000D+01 0.3940500000D+01 0.2365100000D+01-0.2834900000D+01-0.2500000000D-02-0.6100000000D-03 0.2095900000D+01 0.2834000000D-01 0.4380000000D-03 0.1650000000D-01 0.4288247000D+01 0.4545000000D+01 0.2845300000D+01-0.4076500000D+01
1 1020110225201103042455617.4-0.1175000000D+00 0.1000000000D-03 0.5385100000D+01 0.6185000000D-01 0.4210000000D-03 0.4040000000D-01 0.5182997000D+01 0.3510200000D+01 0.2013400000D+01-0.3598600000D+01-0.6500000000D-02-0.5100000000D-03 0.2291100000D+01 0.2802000000D-01 0.4070000000D-03 0.1800000000D-01 0.3989994000D+01 0.4016400000D+01 0.2381000000D+01-0.4750700000D+01
1 1120110304201103112455624.4-0.1164000000D+00 0.2800000000D-03 0.5338900000D+01 0.6232000000D-01 0.3820000000D-03 0.4010000000D-01 0.4791199000D+01 0.3092900000D+01 0.1458900000D+01-0.4354600000D+01-0.1020000000D-01-0.3700000000D-03 0.2486000000D+01 0.2814000000D-01 0.3870000000D-03 0.1950000000D-01 0.3672928000D+01 0.3493000000D+01 0.1829600000D+01-0.5440400000D+01
1 1220110311201103182455631.4-0.1148000000D+00 0.4700000000D-03 0.5281000000D+01 0.6266000000D-01 0.4330000000D-03 0.3950000000D-01 0.4398671000D+01 0.2687900000D+01 0.9681000000D+00-0.5111800000D+01-0.1330000000D-01-0.2600000000D-03 0.2674900000D+01 0.2835000000D-01 0.4050000000D-03 0.2080000000D-01 0.3341379000D+01 0.2981700000D+01 0.1300100000D+01-0.6146500000D+01
1 1320110318201103252455638.4-0.1125000000D+00 0.5400000000D-03 0.5214900000D+01 0.6260000000D-01 0.4790000000D-03 0.3880000000D-01 0.4004852000D+01 0.2283800000D+01 0.6761000000D+00-0.5877200000D+01-0.1560000000D-01-0.2300000000D-03 0.2853400000D+01 0.2845000000D-01 0.4230000000D-03 0.2210000000D-01 0.2998957000D+01 0.2473500000D+01 0.8801000000D+00-0.5829000000D+00
1 1420110325201104012455645.4-0.1095000000D+00 0.4800000000D-03 0.5143400000D+01 0.6261000000D-01 0.4590000000D-03 0.3840000000D-01 0.3609506000D+01 0.1873500000D+01 0.4648000000D+00-0.3637000000D+00-0.1740000000D-01-0.2400000000D-03 0.3018100000D+01 0.2872000000D-01 0.4040000000D-03 0.2340000000D-01 0.2648427000D+01 0.1961500000D+01 0.4982000000D+00-0.1304100000D+01
1 1520110401201104082455652.4-0.1062000000D+00 0.3700000000D-03 0.5068100000D+01 0.6329000000D-01 0.3890000000D-03 0.3810000000D-01 0.3212529000D+01 0.1462700000D+01 0.1862000000D+00-0.1125800000D+01-0.1890000000D-01-0.2300000000D-03 0.3166100000D+01 0.2947000000D-01 0.3620000000D-03 0.2450000000D-01 0.2291648000D+01 0.1456700000D+01 0.2830000000D-01-0.2024800000D+01
1 1620110408201104152455659.4-0.1030000000D+00 0.3300000000D-03 0.4989500000D+01 0.6458000000D-01 0.3410000000D-03 0.3740000000D-01 0.2813521000D+01 0.1062200000D+01 0.5998800000D+01-0.1887500000D+01-0.2020000000D-01-0.1800000000D-03 0.3296200000D+01 0.3044000000D-01 0.3490000000D-03 0.2520000000D-01 0.1929883000D+01 0.9715000000D+00 0.5735300000D+01-0.2757200000D+01
1 1720110415201104222455666.4-0.1000000000D+00 0.3700000000D-03 0.4909700000D+01 0.6585000000D-01 0.3720000000D-03 0.3660000000D-01 0.2411809000D+01 0.6724000000D+00 0.5482900000D+01-0.2662500000D+01-0.2130000000D-01-0.9000000000D-04 0.3408400000D+01 0.3116000000D-01 0.3740000000D-03 0.2610000000D-01 0.1564260000D+01 0.5007000000D+00 0.5204900000D+01-0.3498400000D+01
1 1820110422201104292455673.4-0.9700000000D-01 0.4600000000D-03 0.4832300000D+01 0.6679000000D-01 0.4410000000D-03 0.3620000000D-01 0.2006883000D+01 0.2854000000D+00 0.5100300000D+01-0.3444400000D+01-0.2200000000D-01-0.2000000000D-04 0.3502600000D+01 0.3156000000D-01 0.3950000000D-03 0.2690000000D-01 0.1195865000D+01 0.3210000000D-01 0.4763000000D+01-0.4235000000D+01
1 1920110429201105062455680.4-0.9370000000D-01 0.5300000000D-03 0.4761200000D+01 0.6759000000D-01 0.4820000000D-03 0.3600000000D-01 0.1598606000D+01 0.6177500000D+01 0.4801000000D+01-0.4218800000D+01-0.2230000000D-01 0.1000000000D-04 0.3578500000D+01 0.3187000000D-01 0.3800000000D-03 0.2740000000D-01 0.8256640000D+00 0.5843800000D+01 0.4328800000D+01-0.4966400000D+01
1 2020110506201105132455687.4-0.9020000000D-01 0.5800000000D-03 0.4699100000D+01 0.6871000000D-01 0.4550000000D-03 0.3540000000D-01 0.1187129000D+01 0.5781200000D+01 0.4487800000D+01-0.4991700000D+01-0.2230000000D-01 0.3000000000D-04 0.3635400000D+01 0.3227000000D-01 0.3390000000D-03 0.2750000000D-01 0.4544140000D+00 0.5374700000D+01 0.3790900000D+01-0.5707300000D+01
1 2120110513201105202455694.4-0.8640000000D-01 0.6300000000D-03 0.4647500000D+01 0.7032000000D-01 0.3860000000D-03 0.3480000000D-01 0.7725450000D+00 0.5386500000D+01 0.4059900000D+01-0.5780600000D+01-0.2220000000D-01 0.7000000000D-04 0.3672900000D+01 0.3254000000D-01 0.3270000000D-03 0.2780000000D-01 0.8262300000D-01 0.4915900000D+01 0.3143500000D+01-0.1702000000D+00
1 2220110520201105272455701.4-0.8250000000D-01 0.6700000000D-03 0.4608300000D+01 0.7203000000D-01 0.3510000000D-03 0.3470000000D-01 0.3548050000D+00 0.4999200000D+01 0.3483900000D+01-0.2919000000D+00-0.2190000000D-01 0.9000000000D-04 0.3691100000D+01 0.3231000000D-01 0.3550000000D-03 0.2810000000D-01 0.5993963000D+01 0.4464400000D+01 0.2567400000D+01-0.9072000000D+00
1 2320110527201106032455708.4-0.7840000000D-01 0.6400000000D-03 0.4584400000D+01 0.7329000000D-01 0.3890000000D-03 0.3490000000D-01 0.6217206000D+01 0.4618500000D+01 0.2971400000D+01-0.1077600000D+01-0.2150000000D-01 0.6000000000D-04 0.3690400000D+01 0.3148000000D-01 0.3760000000D-03 0.2800000000D-01 0.5622710000D+01 0.4009900000D+01 0.2121300000D+01-0.1640100000D+01
1 2420110603201106102455715.4-0.7400000000D-01 0.5400000000D-03 0.4579700000D+01 0.7391000000D-01 0.4350000000D-03 0.3470000000D-01 0.5793936000D+01 0.4237500000D+01 0.2662000000D+01-0.1861500000D+01-0.2100000000D-01 0.0000000000D+00 0.3671200000D+01 0.3034000000D-01 0.3550000000D-03 0.2760000000D-01 0.5252875000D+01 0.3542800000D+01 0.1707800000D+01-0.2377200000D+01
1 2520110610201106172455722.4-0.6970000000D-01 0.4400000000D-03 0.4597000000D+01 0.7430000000D-01 0.4260000000D-03 0.3470000000D-01 0.5369257000D+01 0.3850300000D+01 0.2455100000D+01-0.2657000000D+01-0.2070000000D-01-0.6000000000D-04 0.3633300000D+01 0.2928000000D-01 0.3150000000D-03 0.2720000000D-01 0.4885338000D+01 0.3065600000D+01 0.1191500000D+01-0.3115600000D+01
1 2620110617201106242455729.4-0.6570000000D-01 0.4000000000D-03 0.4636600000D+01 0.7510000000D-01 0.3560000000D-03 0.3520000000D-01 0.4944395000D+01 0.3460400000D+01 0.2162000000D+01-0.3455300000D+01-0.2070000000D-01-0.6000000000D-04 0.3575800000D+01 0.2827000000D-01 0.3210000000D-03 0.2680000000D-01 0.4520802000D+01 0.2589900000D+01 0.5829000000D+00-0.3844200000D+01
1 2720110624201107012455736.4-0.6220000000D-01 0.4900000000D-03 0.4697700000D+01 0.7624000000D-01 0.3020000000D-03 0.3590000000D-01 0.4520240000D+01 0.3077000000D+01 0.1587400000D+01-0.4242300000D+01-0.2100000000D-01-0.1000000000D-04 0.3499000000D+01 0.2695000000D-01 0.3690000000D-03 0.2620000000D-01 0.4159872000D+01 0.2114000000D+01 0.9470000000D-01-0.4565300000D+01
1 2820110701201107082455743.4-0.5880000000D-01 0.6400000000D-03 0.4779900000D+01 0.7707000000D-01 0.3470000000D-03 0.3660000000D-01 0.4097465000D+01 0.2701600000D+01 0.9451000000D+00-0.5023800000D+01-0.2140000000D-01 0.2000000000D-04 0.3404200000D+01 0.2533000000D-01 0.3970000000D-03 0.2530000000D-01 0.3803369000D+01 0.1621000000D+01 0.5994600000D+01-0.5285000000D+01
1 2920110708201107152455750.4-0.5510000000D-01 0.7200000000D-03 0.4884000000D+01 0.7702000000D-01 0.4230000000D-03 0.3720000000D-01 0.3676869000D+01 0.2327600000D+01 0.5770000000D+00-0.5810100000D+01-0.2180000000D-01-0.1000000000D-04 0.3293200000D+01 0.2388000000D-01 0.3830000000D-03 0.2440000000D-01 0.3452432000D+01 0.1098900000D+01 0.5594100000D+01-0.6001600000D+01
1 3020110715201107222455757.4-0.5110000000D-01 0.6500000000D-03 0.5009400000D+01 0.7636000000D-01 0.4320000000D-03 0.3820000000D-01 0.3259525000D+01 0.1946400000D+01 0.3488000000D+00-0.3152000000D+00-0.2220000000D-01-0.1100000000D-03 0.3167300000D+01 0.2302000000D-01 0.3560000000D-03 0.2340000000D-01 0.3108459000D+01 0.5576000000D+00 0.5080000000D+01-0.4254000000D+00
1 3120110722201107292455764.4-0.4700000000D-01 0.4900000000D-03 0.5153100000D+01 0.7585000000D-01 0.3640000000D-03 0.3970000000D-01 0.2846382000D+01 0.1559100000D+01 0.6970000000D-01-0.1089800000D+01-0.2300000000D-01-0.2200000000D-03 0.3028000000D+01 0.2261000000D-01 0.3660000000D-03 0.2240000000D-01 0.2772917000D+01 0.1700000000D-01 0.4519800000D+01-0.1117800000D+01
1 3220110729201108052455771.4-0.4330000000D-01 0.3300000000D-03 0.5310700000D+01 0.7572000000D-01 0.2920000000D-03 0.4090000000D-01 0.2437795000D+01 0.1175100000D+01 0.5856200000D+01-0.1854800000D+01-0.2430000000D-01-0.2900000000D-03 0.2878200000D+01 0.2234000000D-01 0.3900000000D-03 0.2120000000D-01 0.2447305000D+01 0.5758700000D+01 0.4055000000D+01-0.1801700000D+01
1 3320110805201108122455778.4-0.4020000000D-01 0.2700000000D-03 0.5479200000D+01 0.7546000000D-01 0.3040000000D-03 0.4190000000D-01 0.2033691000D+01 0.7997000000D+00 0.5252800000D+01-0.2622700000D+01-0.2610000000D-01-0.3100000000D-03 0.2722700000D+01 0.2236000000D-01 0.3880000000D-03 0.2000000000D-01 0.2133414000D+01 0.5208700000D+01 0.3652800000D+01-0.2476900000D+01
1 3420110812201108192455785.4-0.3770000000D-01 0.2900000000D-03 0.5657200000D+01 0.7466000000D-01 0.3760000000D-03 0.4330000000D-01 0.1633975000D+01 0.4300000000D+00 0.4845300000D+01-0.3392900000D+01-0.2820000000D-01-0.2900000000D-03 0.2567200000D+01 0.2299000000D-01 0.3640000000D-03 0.1890000000D-01 0.1833472000D+01 0.4660400000D+01 0.3220900000D+01-0.3136100000D+01
1 3520110819201108262455792.4-0.3540000000D-01 0.3100000000D-03 0.5843900000D+01 0.7334000000D-01 0.4230000000D-03 0.4510000000D-01 0.1238715000D+01 0.5830000000D-01 0.4574900000D+01-0.4150700000D+01-0.3050000000D-01-0.3000000000D-03 0.2418700000D+01 0.2412000000D-01 0.3480000000D-03 0.1780000000D-01 0.1549951000D+01 0.4131300000D+01 0.2730700000D+01-0.3774500000D+01
1 3620110826201109022455799.4-0.3330000000D-01 0.3000000000D-03 0.6037500000D+01 0.7206000000D-01 0.3980000000D-03 0.4660000000D-01 0.8480000000D+00 0.5963500000D+01 0.4294300000D+01-0.4896800000D+01-0.3290000000D-01-0.3500000000D-03 0.2285100000D+01 0.2544000000D-01 0.3540000000D-03 0.1690000000D-01 0.1284943000D+01 0.3624500000D+01 0.2244300000D+01-0.4393500000D+01
1 3720110902201109092455806.4-0.3140000000D-01 0.2800000000D-03 0.6235500000D+01 0.7118000000D-01 0.3220000000D-03 0.4780000000D-01 0.4616190000D+00 0.5583800000D+01 0.3896500000D+01-0.5646400000D+01-0.3560000000D-01-0.4300000000D-03 0.2176100000D+01 0.2681000000D-01 0.3620000000D-03 0.1620000000D-01 0.1039221000D+01 0.3131100000D+01 0.1818800000D+01-0.4996600000D+01
1 3820110909201109162455813.4-0.2980000000D-01 0.2700000000D-03 0.6436100000D+01 0.7064000000D-01 0.2580000000D-03 0.4930000000D-01 0.7913200000D-01 0.5209700000D+01 0.3296500000D+01-0.1153000000D+00-0.3850000000D-01-0.4900000000D-03 0.2102400000D+01 0.2842000000D-01 0.3520000000D-03 0.1580000000D-01 0.8113650000D+00 0.2648200000D+01 0.1405100000D+01-0.5582500000D+01
1 3920110916201109232455820.4-0.2850000000D-01 0.2400000000D-03 0.6639200000D+01 0.7007000000D-01 0.2610000000D-03 0.5110000000D-01 0.5983261000D+01 0.4845500000D+01 0.2672600000D+01-0.8586000000D+00-0.4170000000D-01-0.5200000000D-03 0.2074100000D+01 0.3029000000D-01 0.3360000000D-03 0.1580000000D-01 0.5971760000D+00 0.2180700000D+01 0.9480000000D+00-0.6155700000D+01
1 4020110923201109302455827.4-0.2740000000D-01 0.1500000000D-03 0.6846200000D+01 0.6912000000D-01 0.2770000000D-03 0.5270000000D-01 0.5607306000D+01 0.4489200000D+01 0.2348500000D+01-0.1590400000D+01-0.4530000000D-01-0.5000000000D-03 0.2098300000D+01 0.3221000000D-01 0.3370000000D-03 0.1610000000D-01 0.3895700000D+00 0.1729300000D+01 0.4772000000D+00-0.4438000000D+00
1 4120110930201110072455834.4-0.2640000000D-01 0.0000000000D+00 0.7059100000D+01 0.6785000000D-01 0.2480000000D-03 0.5400000000D-01 0.5234335000D+01 0.4134400000D+01 0.2303100000D+01-0.2323600000D+01-0.4910000000D-01-0.4700000000D-03 0.2177900000D+01 0.3406000000D-01 0.3480000000D-03 0.1690000000D-01 0.1799070000D+00 0.1288800000D+01 0.6920000000D-01-0.1022300000D+01
1 4220111007201110142455841.4-0.2590000000D-01-0.1900000000D-03 0.7278500000D+01 0.6694000000D-01 0.1880000000D-03 0.5560000000D-01 0.4864287000D+01 0.3778800000D+01 0.2421500000D+01-0.3060400000D+01-0.5280000000D-01-0.4800000000D-03 0.2310800000D+01 0.3595000000D-01 0.3480000000D-03 0.1810000000D-01 0.6243709000D+01 0.8545000000D+00 0.6010200000D+01-0.1613900000D+01
1 4320111014201110212455848.4-0.2610000000D-01-0.2700000000D-03 0.7505100000D+01 0.6689000000D-01 0.1170000000D-03 0.5750000000D-01 0.4496977000D+01 0.3427700000D+01 0.2594600000D+01-0.3791400000D+01-0.5650000000D-01-0.5300000000D-03 0.2491900000D+01 0.3813000000D-01 0.3250000000D-03 0.1970000000D-01 0.6009903000D+01 0.4278000000D+00 0.5671600000D+01-0.2217400000D+01
1 4420111021201110282455855.4-0.2710000000D-01-0.2000000000D-03 0.7740500000D+01 0.6768000000D-01 0.3900000000D-04 0.5940000000D-01 0.4132109000D+01 0.3088300000D+01 0.2765700000D+01-0.4514200000D+01-0.6020000000D-01-0.6000000000D-03 0.2715400000D+01 0.4061000000D-01 0.2960000000D-03 0.2150000000D-01 0.5760151000D+01 0.1440000000D-01 0.5266300000D+01-0.2834300000D+01
1 4520111028201111042455862.4-0.2870000000D-01-0.7000000000D-04 0.7988400000D+01 0.6867000000D-01 0.2200000000D-04 0.6110000000D-01 0.3769348000D+01 0.2764100000D+01 0.6344000000D+00-0.5234300000D+01-0.6410000000D-01-0.6500000000D-03 0.2975700000D+01 0.4310000000D-01 0.2940000000D-03 0.2340000000D-01 0.5495316000D+01 0.5899200000D+01 0.4834900000D+01-0.3470200000D+01
1 4620111104201111112455869.4-0.3030000000D-01 0.0000000000D+00 0.8253500000D+01 0.6938000000D-01 0.6100000000D-04 0.6300000000D-01 0.3408583000D+01 0.2447600000D+01 0.1229800000D+01-0.5958000000D+01-0.6830000000D-01-0.6400000000D-03 0.3267500000D+01 0.4549000000D-01 0.3150000000D-03 0.2570000000D-01 0.5217493000D+01 0.5510100000D+01 0.4513100000D+01-0.4119300000D+01
1 4720111111201111182455876.4-0.3180000000D-01-0.1200000000D-03 0.8540200000D+01 0.7012000000D-01 0.1360000000D-03 0.6530000000D-01 0.3049945000D+01 0.2131400000D+01 0.1845000000D+01-0.3973000000D+00-0.7260000000D-01-0.5900000000D-03 0.3586600000D+01 0.4798000000D-01 0.3290000000D-03 0.2840000000D-01 0.4929054000D+01 0.5125500000D+01 0.4306700000D+01-0.4772900000D+01
1 4820111118201111252455883.4-0.3340000000D-01-0.3900000000D-03 0.8852000000D+01 0.7152000000D-01 0.2530000000D-03 0.6800000000D-01 0.2693598000D+01 0.1817300000D+01 0.2068200000D+01-0.1114900000D+01-0.7700000000D-01-0.5300000000D-03 0.3930400000D+01 0.5086000000D-01 0.3220000000D-03 0.3100000000D-01 0.4632152000D+01 0.4747700000D+01 0.4143200000D+01-0.5430200000D+01
1 4920111125201112022455890.4-0.3570000000D-01-0.6700000000D-03 0.9192500000D+01 0.7395000000D-01 0.3590000000D-03 0.7080000000D-01 0.2339629000D+01 0.1513200000D+01 0.2059600000D+01-0.1826200000D+01-0.8110000000D-01-0.5000000000D-03 0.4297800000D+01 0.5418000000D-01 0.2940000000D-03 0.3370000000D-01 0.4328652000D+01 0.4383200000D+01 0.3930500000D+01-0.6097300000D+01
1 5020111202201112092455897.4-0.3940000000D-01-0.8300000000D-03 0.9566500000D+01 0.7740000000D-01 0.4080000000D-03 0.7350000000D-01 0.1988087000D+01 0.1225100000D+01 0.1948000000D+01-0.2536300000D+01-0.8500000000D-01-0.4900000000D-03 0.4688600000D+01 0.5770000000D-01 0.2660000000D-03 0.3670000000D-01 0.4020291000D+01 0.4035400000D+01 0.3604200000D+01-0.4910000000D+00
1 5120111209201112162455904.4-0.4450000000D-01-0.9100000000D-03 0.9981100000D+01 0.8155000000D-01 0.4160000000D-03 0.7660000000D-01 0.1639139000D+01 0.9530000000D+00 0.1749700000D+01-0.3250400000D+01-0.8870000000D-01-0.4700000000D-03 0.5103300000D+01 0.6119000000D-01 0.2560000000D-03 0.4010000000D-01 0.3708744000D+01 0.3700100000D+01 0.3232000000D+01-0.1166500000D+01
1 5220111216201112232455911.4-0.5070000000D-01-0.1040000000D-02 0.1044510000D+02 0.8616000000D-01 0.4470000000D-03 0.8060000000D-01 0.1293262000D+01 0.6917000000D+00 0.1493600000D+01-0.3960000000D+01-0.9220000000D-01-0.4200000000D-03 0.5542100000D+01 0.6458000000D-01 0.2490000000D-03 0.4370000000D-01 0.3395444000D+01 0.3372200000D+01 0.2961700000D+01-0.1838400000D+01
1 5320111223201112302455918.4-0.5810000000D-01-0.1320000000D-02 0.1096640000D+02 0.9125000000D-01 0.5230000000D-03 0.8520000000D-01 0.9511150000D+00 0.4395000000D+00 0.1245800000D+01-0.4659000000D+01-0.9530000000D-01-0.3400000000D-03 0.6004800000D+01 0.6784000000D-01 0.2200000000D-03 0.4710000000D-01 0.3081537000D+01 0.3051800000D+01 0.2868300000D+01-0.2511700000D+01
1 5420111230201201062455925.4-0.6720000000D-01-0.1720000000D-02 0.1155150000D+02 0.9688000000D-01 0.6690000000D-03 0.8950000000D-01 0.6134370000D+00 0.1952000000D+00 0.1049000000D+01-0.5351600000D+01-0.9780000000D-01-0.2200000000D-03 0.6489300000D+01 0.7082000000D-01 0.1870000000D-03 0.5060000000D-01 0.2767985000D+01 0.2740500000D+01 0.3126300000D+01-0.3190600000D+01
1 5520120106201201132455932.4-0.7890000000D-01-0.2130000000D-02 0.1220490000D+02 0.1034000000D+00 0.9020000000D-03 0.9420000000D-01 0.2809780000D+00 0.6244300000D+01 0.9248000000D+00-0.6046100000D+01-0.9930000000D-01-0.1000000000D-03 0.6992000000D+01 0.7331000000D-01 0.2190000000D-03 0.5450000000D-01 0.2455585000D+01 0.2443000000D+01 0.3724100000D+01-0.3869200000D+01
2 5620101231201101072455561.4-0.4100000000D-02 0.1700000000D-03 0.1305760000D+02 0.1875400000D+00 0.1724000000D-02 0.9000000000D-03 0.3500060000D+01 0.2098300000D+01 0.3190000000D+00 0.5236900000D+01 0.1200000000D-02-0.7000000000D-04 0.4632400000D+01 0.7422000000D-01 0.1114000000D-02 0.5000000000D-03 0.1001581000D+01 0.3283700000D+01 0.1586300000D+01 0.2840100000D+01
2 5720110107201101142455568.4-0.3900000000D-02 0.1300000000D-03 0.1325840000D+02 0.1838400000D+00 0.1593000000D-02 0.1400000000D-02 0.5547310000D+00 0.5404500000D+01 0.3611100000D+01 0.5845300000D+01 0.1100000000D-02-0.8000000000D-04 0.4359700000D+01 0.7394000000D-01 0.1129000000D-02 0.5000000000D-03 0.4534236000D+01 0.2235000000D+00 0.4815400000D+01 0.3201300000D+01
2 5820110114201101212455575.4-0.3800000000D-02 0.1100000000D-03 0.1341590000D+02 0.1806700000D+00 0.1698000000D-02 0.1800000000D-02 0.3895501000D+01 0.2434900000D+01 0.5958000000D+00 0.6126000000D+01 0.9000000000D-03-0.5000000000D-04 0.4239000000D+01 0.7359000000D-01 0.1107000000D-02 0.4000000000D-03 0.1802518000D+01 0.3443800000D+01 0.1728600000D+01 0.3542400000D+01
2 5920110121201101282455582.4-0.3800000000D-02 0.1200000000D-03 0.1353090000D+02 0.1753300000D+00 0.1575000000D-02 0.1700000000D-02 0.9553870000D+00 0.5739800000D+01 0.4093800000D+01 0.3710000000D-01 0.9000000000D-03-0.7000000000D-04 0.4287300000D+01 0.7311000000D-01 0.1143000000D-02 0.2000000000D-03 0.5356869000D+01 0.3843000000D+00 0.4910500000D+01 0.4906900000D+01
2 6020110128201102042455589.4-0.3600000000D-02 0.9000000000D-04 0.1359670000D+02 0.1753300000D+00 0.1635000000D-02 0.1400000000D-02 0.4300915000D+01 0.2765200000D+01 0.8854000000D+00 0.3694000000D+00 0.8000000000D-03-0.6000000000D-04 0.4493600000D+01 0.7181000000D-01 0.1079000000D-02 0.5000000000D-03 0.2613980000D+01 0.3597600000D+01 0.1890700000D+01 0.5741600000D+01
2 6120110204201102112455596.4-0.3300000000D-02 0.4000000000D-04 0.1361650000D+02 0.1699100000D+00 0.1510000000D-02 0.9000000000D-03 0.1364138000D+01 0.6072900000D+01 0.4497100000D+01 0.8552000000D+00 0.8000000000D-03-0.6000000000D-04 0.4826900000D+01 0.7134000000D-01 0.1189000000D-02 0.7000000000D-03 0.6128538000D+01 0.5375000000D+00 0.5069600000D+01 0.6098900000D+01
2 6220110211201102182455603.4-0.3000000000D-02 0.3000000000D-04 0.1359040000D+02 0.1711000000D+00 0.1509000000D-02 0.9000000000D-03 0.4712194000D+01 0.3100100000D+01 0.1280900000D+01 0.1943600000D+01 0.7000000000D-03-0.4000000000D-04 0.5246200000D+01 0.7021000000D-01 0.1074000000D-02 0.6000000000D-03 0.3331975000D+01 0.3736700000D+01 0.2052500000D+01 0.1080000000D-01
2 6320110218201102252455610.4-0.2700000000D-02 0.0000000000D+00 0.1352100000D+02 0.1669300000D+00 0.1451000000D-02 0.1300000000D-02 0.1776968000D+01 0.1305000000D+00 0.4931600000D+01 0.2426300000D+01 0.8000000000D-03-0.8000000000D-04 0.5714500000D+01 0.7013000000D-01 0.1217000000D-02 0.4000000000D-03 0.5089040000D+00 0.6743000000D+00 0.5277700000D+01 0.4925000000D+00
2 6420110225201103042455617.4-0.2400000000D-02-0.3000000000D-04 0.1341310000D+02 0.1697400000D+00 0.1376000000D-02 0.1500000000D-02 0.5125601000D+01 0.3445500000D+01 0.1677000000D+01 0.2732200000D+01 0.9000000000D-03-0.7000000000D-04 0.6201900000D+01 0.7028000000D-01 0.1074000000D-02 0.3000000000D-03 0.3947900000D+01 0.3866500000D+01 0.2251100000D+01 0.1710300000D+01
2 6520110304201103112455624.4-0.2000000000D-02-0.5000000000D-04 0.1326930000D+02 0.1675300000D+00 0.1367000000D-02 0.1400000000D-02 0.2189932000D+01 0.4849000000D+00 0.5263700000D+01 0.2915500000D+01 0.9000000000D-03-0.7000000000D-04 0.6685900000D+01 0.7127000000D-01 0.1159000000D-02 0.6000000000D-03 0.1086126000D+01 0.8025000000D+00 0.5510400000D+01 0.2555500000D+01
2 6620110311201103182455631.4-0.1800000000D-02-0.5000000000D-04 0.1309800000D+02 0.1694300000D+00 0.1234000000D-02 0.9000000000D-03 0.5536877000D+01 0.3806600000D+01 0.2218500000D+01 0.3140900000D+01 0.1000000000D-02-0.8000000000D-04 0.7151100000D+01 0.7289000000D-01 0.1126000000D-02 0.8000000000D-03 0.4494358000D+01 0.4016200000D+01 0.2486900000D+01 0.2786500000D+01
2 6720110318201103252455638.4-0.1300000000D-02-0.9000000000D-04 0.1290100000D+02 0.1702100000D+00 0.1338000000D-02 0.5000000000D-03 0.2598964000D+01 0.8570000000D+00 0.5596600000D+01 0.3981400000D+01 0.1300000000D-02-0.1100000000D-03 0.7585900000D+01 0.7530000000D-01 0.1068000000D-02 0.7000000000D-03 0.1609035000D+01 0.9550000000D+00 0.5720700000D+01 0.3019000000D+01
2 6820110325201104012455645.4-0.1100000000D-02-0.8000000000D-04 0.1268820000D+02 0.1715600000D+00 0.1167000000D-02 0.6000000000D-03 0.5942296000D+01 0.4183900000D+01 0.2733500000D+01 0.5340700000D+01 0.1300000000D-02-0.8000000000D-04 0.7982700000D+01 0.7751000000D-01 0.1118000000D-02 0.5000000000D-03 0.4998670000D+01 0.4197700000D+01 0.2753200000D+01 0.3352900000D+01
2 6920110401201104082455652.4-0.9000000000D-03-0.7000000000D-04 0.1246180000D+02 0.1746000000D+00 0.1259000000D-02 0.1100000000D-02 0.3000095000D+01 0.1242100000D+01 0.5945500000D+01 0.5749400000D+01 0.1400000000D-02-0.7000000000D-04 0.8337200000D+01 0.8109000000D-01 0.9850000000D-03 0.3000000000D-03 0.2099124000D+01 0.1154700000D+01 0.5914500000D+01 0.4640900000D+01
2 7020110408201104152455659.4-0.5000000000D-03-0.1000000000D-03 0.1223250000D+02 0.1750300000D+00 0.1170000000D-02 0.1300000000D-02 0.5465600000D-01 0.4577600000D+01 0.3262000000D+01 0.5882200000D+01 0.1600000000D-02-0.8000000000D-04 0.8645800000D+01 0.8273000000D-01 0.1116000000D-02 0.6000000000D-03 0.5477518000D+01 0.4425900000D+01 0.3033400000D+01 0.5492300000D+01
2 7120110415201104222455666.4-0.1000000000D-03-0.1100000000D-03 0.1200500000D+02 0.1798900000D+00 0.1203000000D-02 0.1200000000D-02 0.3389580000D+01 0.1640200000D+01 0.5370000000D-01 0.6072200000D+01 0.1700000000D-02-0.7000000000D-04 0.8907800000D+01 0.8685000000D-01 0.9050000000D-03 0.9000000000D-03 0.2569583000D+01 0.1398200000D+01 0.6073600000D+01 0.5786700000D+01
2 7220110422201104292455673.4 0.0000000000D+00-0.8000000000D-04 0.1178760000D+02 0.1806800000D+00 0.1190000000D-02 0.8000000000D-03 0.4371360000D+00 0.4983700000D+01 0.3652000000D+01 0.6233700000D+01 0.1700000000D-02-0.4000000000D-04 0.9120200000D+01 0.8751000000D-01 0.1042000000D-02 0.1000000000D-02 0.5941481000D+01 0.4687900000D+01 0.3236500000D+01 0.5941600000D+01
2 7320110429201105062455680.4 0.3000000000D-03-0.9000000000D-04 0.1158880000D+02 0.1850600000D+00 0.1143000000D-02 0.3000000000D-03 0.3764400000D+01 0.2047400000D+01 0.5724000000D+00 0.7356000000D+00 0.1800000000D-02-0.5000000000D-04 0.9285500000D+01 0.9018000000D-01 0.8800000000D-03 0.7000000000D-03 0.3028783000D+01 0.1678100000D+01 0.4920000000D-01 0.6084300000D+01
2 7420110506201105132455687.4 0.8000000000D-03-0.1200000000D-03 0.1141550000D+02 0.1874200000D+00 0.1191000000D-02 0.5000000000D-03 0.8042180000D+00 0.5398400000D+01 0.3997400000D+01 0.2066000000D+01 0.1900000000D-02-0.6000000000D-04 0.9400100000D+01 0.9044000000D-01 0.9990000000D-03 0.3000000000D-03 0.1145270000D+00 0.4977800000D+01 0.3358300000D+01 0.3594000000D+00
2 7520110513201105202455694.4 0.1000000000D-02-0.8000000000D-04 0.1127880000D+02 0.1907300000D+00 0.1151000000D-02 0.9000000000D-03 0.4123527000D+01 0.2463800000D+01 0.1058000000D+01 0.2560500000D+01 0.2000000000D-02-0.3000000000D-04 0.9469000000D+01 0.9071000000D-01 0.8680000000D-03 0.3000000000D-03 0.3483217000D+01 0.1975200000D+01 0.2882000000D+00 0.2139100000D+01
2 7620110520201105272455701.4 0.1200000000D-02-0.6000000000D-04 0.1118350000D+02 0.1944200000D+00 0.1174000000D-02 0.1100000000D-02 0.1156195000D+01 0.5816900000D+01 0.4324200000D+01 0.2729000000D+01 0.2000000000D-02-0.3000000000D-04 0.9486300000D+01 0.9044000000D-01 0.9810000000D-03 0.8000000000D-03 0.5688750000D+00 0.5275000000D+01 0.3444400000D+01 0.2630000000D+01
2 7720110527201106032455708.4 0.1600000000D-02-0.6000000000D-04 0.1113930000D+02 0.1959500000D+00 0.1204000000D-02 0.1000000000D-02 0.4468877000D+01 0.2885800000D+01 0.1568500000D+01 0.2888000000D+01 0.2100000000D-02-0.2000000000D-04 0.9457200000D+01 0.8757000000D-01 0.8680000000D-03 0.1000000000D-02 0.3938353000D+01 0.2275300000D+01 0.5894000000D+00 0.2758600000D+01
2 7820110603201106102455715.4 0.1900000000D-02-0.4000000000D-04 0.1115140000D+02 0.2010800000D+00 0.1164000000D-02 0.8000000000D-03 0.1496769000D+01 0.6239000000D+01 0.4612900000D+01 0.3244100000D+01 0.2100000000D-02-0.1000000000D-04 0.9377900000D+01 0.8718000000D-01 0.1053000000D-02 0.9000000000D-03 0.1026664000D+01 0.5570900000D+01 0.3555400000D+01 0.3001700000D+01
2 7920110610201106172455722.4 0.2000000000D-02 0.1000000000D-04 0.1122460000D+02 0.2009700000D+00 0.1251000000D-02 0.5000000000D-03 0.4806245000D+01 0.3310800000D+01 0.1953000000D+01 0.3869800000D+01 0.2000000000D-02 0.1000000000D-04 0.9251600000D+01 0.8202000000D-01 0.8910000000D-03 0.6000000000D-03 0.4399816000D+01 0.2561400000D+01 0.7756000000D+00 0.3287900000D+01
2 8020110617201106242455729.4 0.2300000000D-02 0.2000000000D-04 0.1136100000D+02 0.2053800000D+00 0.1157000000D-02 0.7000000000D-03 0.1833351000D+01 0.3786000000D+00 0.5010800000D+01 0.5050100000D+01 0.2000000000D-02 0.1000000000D-04 0.9076900000D+01 0.8029000000D-01 0.1080000000D-02 0.4000000000D-03 0.1493481000D+01 0.5842500000D+01 0.3795000000D+01 0.4496700000D+01
2 8120110624201107012455736.4 0.2500000000D-02 0.5000000000D-04 0.1155900000D+02 0.2046000000D+00 0.1306000000D-02 0.1100000000D-02 0.5144347000D+01 0.3736200000D+01 0.2325800000D+01 0.5377300000D+01 0.1900000000D-02 0.4000000000D-04 0.8855100000D+01 0.7443000000D-01 0.9070000000D-03 0.7000000000D-03 0.4873601000D+01 0.2813700000D+01 0.9837000000D+00 0.5260300000D+01
2 8220110701201107082455743.4 0.2600000000D-02 0.9000000000D-04 0.1181840000D+02 0.2081300000D+00 0.1139000000D-02 0.1300000000D-02 0.2175220000D+01 0.8011000000D+00 0.5365200000D+01 0.5638700000D+01 0.1800000000D-02 0.4000000000D-04 0.8589100000D+01 0.7212000000D-01 0.1109000000D-02 0.9000000000D-03 0.1976051000D+01 0.6075800000D+01 0.4032600000D+01 0.5605300000D+01
2 8320110708201107152455750.4 0.2800000000D-02 0.1100000000D-03 0.1213100000D+02 0.2068000000D+00 0.1301000000D-02 0.1400000000D-02 0.5492078000D+01 0.4159600000D+01 0.2596600000D+01 0.5798500000D+01 0.1700000000D-02 0.5000000000D-04 0.8281200000D+01 0.6675000000D-01 0.9820000000D-03 0.9000000000D-03 0.5367081000D+01 0.3021400000D+01 0.1152900000D+01 0.5798700000D+01
2 8420110715201107222455757.4 0.3000000000D-02 0.1200000000D-03 0.1249330000D+02 0.2072900000D+00 0.1154000000D-02 0.1000000000D-02 0.2530225000D+01 0.1224000000D+01 0.5871100000D+01 0.6019100000D+01 0.1600000000D-02 0.3000000000D-04 0.7937700000D+01 0.6396000000D-01 0.1022000000D-02 0.6000000000D-03 0.2482581000D+01 0.6245500000D+01 0.4315400000D+01 0.6025200000D+01
2 8520110722201107292455764.4 0.3100000000D-02 0.1700000000D-03 0.1289320000D+02 0.2070600000D+00 0.1290000000D-02 0.7000000000D-03 0.5855886000D+01 0.4580800000D+01 0.2855400000D+01 0.3814000000D+00 0.1400000000D-02 0.6000000000D-04 0.7563000000D+01 0.6048000000D-01 0.1055000000D-02 0.3000000000D-03 0.5889866000D+01 0.3175300000D+01 0.1377500000D+01 0.6351000000D+00
2 8620110729201108052455771.4 0.3200000000D-02 0.1700000000D-03 0.1332780000D+02 0.2049600000D+00 0.1176000000D-02 0.7000000000D-03 0.2903036000D+01 0.1646900000D+01 0.2650000000D-01 0.1583300000D+01 0.1300000000D-02 0.4000000000D-04 0.7169700000D+01 0.5884000000D-01 0.9630000000D-03 0.4000000000D-03 0.3024503000D+01 0.7910000000D-01 0.4555400000D+01 0.1951500000D+01
2 8720110805201108122455778.4 0.3500000000D-02 0.1600000000D-03 0.1378420000D+02 0.2050200000D+00 0.1226000000D-02 0.1300000000D-02 0.6238314000D+01 0.5000300000D+01 0.3152500000D+01 0.2161500000D+01 0.1200000000D-02 0.3000000000D-04 0.6767400000D+01 0.5728000000D-01 0.1073000000D-02 0.8000000000D-03 0.1719310000D+00 0.3285000000D+01 0.1615400000D+01 0.2366400000D+01
2 8820110812201108192455785.4 0.3600000000D-02 0.2100000000D-03 0.1425880000D+02 0.2007600000D+00 0.1219000000D-02 0.1800000000D-02 0.3294700000D+01 0.2071600000D+01 0.5169000000D+00 0.2355400000D+01 0.1100000000D-02 0.3000000000D-04 0.6374300000D+01 0.5778000000D-01 0.9000000000D-03 0.8000000000D-03 0.3616930000D+01 0.1726000000D+00 0.4783900000D+01 0.2566700000D+01
2 8920110819201108262455792.4 0.3600000000D-02 0.2300000000D-03 0.1474270000D+02 0.2016800000D+00 0.1125000000D-02 0.1900000000D-02 0.3559680000D+00 0.5421000000D+01 0.3506900000D+01 0.2575500000D+01 0.9000000000D-03 0.5000000000D-04 0.6007700000D+01 0.5791000000D-01 0.1061000000D-02 0.6000000000D-03 0.7962190000D+00 0.3388900000D+01 0.1880300000D+01 0.2912500000D+01
2 9020110826201109022455799.4 0.3800000000D-02 0.2000000000D-03 0.1523290000D+02 0.1973900000D+00 0.1163000000D-02 0.1700000000D-02 0.3703945000D+01 0.2498400000D+01 0.8824000000D+00 0.2782600000D+01 0.8000000000D-03 0.3000000000D-04 0.5692300000D+01 0.6050000000D-01 0.9230000000D-03 0.3000000000D-03 0.4276457000D+01 0.2955000000D+00 0.5031700000D+01 0.3674300000D+01
2 9120110902201109092455806.4 0.3900000000D-02 0.2300000000D-03 0.1572730000D+02 0.1968800000D+00 0.1031000000D-02 0.1100000000D-02 0.7729280000D+00 0.5851200000D+01 0.4067800000D+01 0.3325300000D+01 0.6000000000D-03 0.3000000000D-04 0.5453500000D+01 0.6224000000D-01 0.9940000000D-03 0.5000000000D-03 0.1492290000D+01 0.3520500000D+01 0.2122000000D+01 0.4870800000D+01
2 9220110909201109162455813.4 0.3800000000D-02 0.2800000000D-03 0.1622170000D+02 0.1945900000D+00 0.1044000000D-02 0.1100000000D-02 0.4128298000D+01 0.2930800000D+01 0.1261400000D+01 0.4283100000D+01 0.4000000000D-03 0.4000000000D-04 0.5317000000D+01 0.6601000000D-01 0.9310000000D-03 0.7000000000D-03 0.5006382000D+01 0.4628000000D+00 0.5326300000D+01 0.5276900000D+01
2 9320110916201109232455820.4 0.3900000000D-02 0.2400000000D-03 0.1671900000D+02 0.1933500000D+00 0.9380000000D-03 0.1700000000D-02 0.1203676000D+01 0.8100000000D-02 0.4665200000D+01 0.4952700000D+01 0.2000000000D-03 0.4000000000D-04 0.5304000000D+01 0.6927000000D-01 0.9920000000D-03 0.7000000000D-03 0.2247324000D+01 0.3710500000D+01 0.2393900000D+01 0.5582600000D+01
2 9420110923201109302455827.4 0.4000000000D-02 0.2100000000D-03 0.1721850000D+02 0.1935400000D+00 0.8480000000D-03 0.2300000000D-02 0.4565044000D+01 0.3374100000D+01 0.1623300000D+01 0.5257900000D+01 0.2000000000D-03 0.2000000000D-04 0.5425600000D+01 0.7380000000D-01 0.9330000000D-03 0.5000000000D-03 0.5772868000D+01 0.6788000000D+00 0.5689600000D+01 0.6009900000D+01
2 9520110930201110072455834.4 0.3900000000D-02 0.2300000000D-03 0.1772550000D+02 0.1911200000D+00 0.9410000000D-03 0.2300000000D-02 0.1645488000D+01 0.4672000000D+00 0.5396900000D+01 0.5466400000D+01 0.0000000000D+00 0.3000000000D-04 0.5684100000D+01 0.7878000000D-01 0.1019000000D-02 0.4000000000D-03 0.3008622000D+01 0.3956400000D+01 0.2658300000D+01 0.1074200000D+01
2 9620111007201110142455841.4 0.3900000000D-02 0.2200000000D-03 0.1824350000D+02 0.1946200000D+00 0.6440000000D-03 0.1900000000D-02 0.5011847000D+01 0.3834400000D+01 0.1949200000D+01 0.5834400000D+01 0.0000000000D+00 0.5000000000D-04 0.6067400000D+01 0.8368000000D-01 0.8990000000D-03 0.7000000000D-03 0.2320520000D+00 0.9427000000D+00 0.6119900000D+01 0.1819200000D+01
2 9720111014201110212455848.4 0.4200000000D-02 0.1400000000D-03 0.1877620000D+02 0.1922500000D+00 0.8810000000D-03 0.1400000000D-02 0.2096489000D+01 0.9423000000D+00 0.6050200000D+01 0.1617000000D+00-0.1000000000D-03 0.4000000000D-04 0.6562500000D+01 0.9006000000D-01 0.1042000000D-02 0.1000000000D-02 0.3722731000D+01 0.4252100000D+01 0.3041200000D+01 0.2154600000D+01
2 9820111021201110282455855.4 0.4300000000D-02 0.1300000000D-03 0.1933320000D+02 0.1972200000D+00 0.4140000000D-03 0.1700000000D-02 0.5466759000D+01 0.4318700000D+01 0.2663600000D+01 0.1164900000D+01-0.2000000000D-03 0.5000000000D-04 0.7151700000D+01 0.9613000000D-01 0.8960000000D-03 0.1000000000D-02 0.9151590000D+00 0.1261800000D+01 0.2596000000D+00 0.2403800000D+01
2 9920111028201111042455862.4 0.4300000000D-02 0.1300000000D-03 0.1991910000D+02 0.1968400000D+00 0.8470000000D-03 0.2600000000D-02 0.2555039000D+01 0.1443800000D+01 0.3822000000D+00 0.1591000000D+01-0.3000000000D-03 0.8000000000D-04 0.7821900000D+01 0.1034700000D+00 0.1047000000D-02 0.8000000000D-03 0.4376002000D+01 0.4595700000D+01 0.3472700000D+01 0.2984200000D+01
210020111104201111112455869.4 0.4500000000D-02 0.8000000000D-04 0.2054880000D+02 0.2025900000D+00 0.2590000000D-03 0.3100000000D-02 0.5928810000D+01 0.4827600000D+01 0.4036700000D+01 0.1883600000D+01-0.5000000000D-03 0.1000000000D-03 0.8561400000D+01 0.1105500000D+00 0.8730000000D-03 0.8000000000D-03 0.1542142000D+01 0.1628800000D+01 0.7527000000D+00 0.3916100000D+01
210120111111201111182455876.4 0.4600000000D-02 0.4000000000D-04 0.2122230000D+02 0.2058200000D+00 0.5770000000D-03 0.3200000000D-02 0.3020634000D+01 0.1965500000D+01 0.1066500000D+01 0.2092200000D+01-0.5000000000D-03 0.1000000000D-03 0.9362300000D+01 0.1187400000D+00 0.9680000000D-03 0.1200000000D-02 0.4981195000D+01 0.4982300000D+01 0.4026100000D+01 0.4632100000D+01
210220111118201111252455883.4 0.4500000000D-02 0.7000000000D-04 0.2196280000D+02 0.2101200000D+00 0.6400000000D-03 0.2500000000D-02 0.1144480000D+00 0.5372400000D+01 0.5236500000D+01 0.2419400000D+01-0.6000000000D-03 0.1200000000D-03 0.1022140000D+02 0.1269500000D+00 0.9290000000D-03 0.1600000000D-02 0.2129701000D+01 0.2049600000D+01 0.1248100000D+01 0.4908900000D+01
210320111125201112022455890.4 0.4600000000D-02 0.2000000000D-04 0.2277170000D+02 0.2194100000D+00 0.2370000000D-03 0.1900000000D-02 0.3493426000D+01 0.2518200000D+01 0.2426300000D+01 0.3121300000D+01-0.8000000000D-03 0.1600000000D-03 0.1113570000D+02 0.1363300000D+00 0.7940000000D-03 0.1700000000D-02 0.5555524000D+01 0.5414600000D+01 0.4650000000D+01 0.5193400000D+01
210420111202201112092455897.4 0.4700000000D-02-0.2000000000D-04 0.2367670000D+02 0.2227300000D+00 0.8960000000D-03 0.2200000000D-02 0.5911780000D+00 0.5953300000D+01 0.6013500000D+01 0.4057300000D+01-0.8000000000D-03 0.1500000000D-03 0.1210680000D+02 0.1446200000D+00 0.9190000000D-03 0.1400000000D-02 0.2693948000D+01 0.2514300000D+01 0.1819800000D+01 0.5594600000D+01
210520111209201112162455904.4 0.4700000000D-02-0.3000000000D-04 0.2468020000D+02 0.2353700000D+00 0.6810000000D-03 0.3400000000D-02 0.3975100000D+01 0.3106300000D+01 0.4087200000D+01 0.4567600000D+01-0.7000000000D-03 0.1400000000D-03 0.1313260000D+02 0.1546900000D+00 0.6410000000D-03 0.1100000000D-02 0.6113061000D+01 0.5894200000D+01 0.5495300000D+01 0.2252000000D+00
210620111216201112232455911.4 0.4800000000D-02-0.1000000000D-03 0.2580910000D+02 0.2404400000D+00 0.1196000000D-02 0.4100000000D-02 0.1078295000D+01 0.2936000000D+00 0.5611000000D+00 0.4840900000D+01-0.8000000000D-03 0.2000000000D-03 0.1421800000D+02 0.1631200000D+00 0.8300000000D-03 0.1700000000D-02 0.3247132000D+01 0.3026800000D+01 0.2419400000D+01 0.1068700000D+01
210720111223201112302455918.4 0.5100000000D-02-0.1700000000D-03 0.2707820000D+02 0.2564800000D+00 0.1431000000D-02 0.4000000000D-02 0.4469017000D+01 0.3745000000D+01 0.4987200000D+01 0.5176900000D+01-0.9000000000D-03 0.2200000000D-03 0.1536200000D+02 0.1726900000D+00 0.4820000000D-03 0.2500000000D-02 0.3813960000D+00 0.1399000000D+00 0.3583000000D+00 0.1485200000D+01
210820111230201201062455925.4 0.5400000000D-02-0.2100000000D-03 0.2850790000D+02 0.2644100000D+00 0.1466000000D-02 0.3400000000D-02 0.1580355000D+01 0.9663000000D+00 0.1719600000D+01 0.5626300000D+01-0.9000000000D-03 0.2100000000D-03 0.1656160000D+02 0.1796300000D+00 0.4090000000D-03 0.3000000000D-02 0.3799024000D+01 0.3581200000D+01 0.3301900000D+01 0.1774800000D+01
210920120106201201132455932.4 0.5400000000D-02-0.2000000000D-03 0.3011140000D+02 0.2793100000D+00 0.2222000000D-02 0.3300000000D-02 0.4980828000D+01 0.4452600000D+01 0.5654500000D+01 0.2352000000D+00-0.1000000000D-02 0.2400000000D-03 0.1780910000D+02 0.1851100000D+00 0.3280000000D-03 0.2700000000D-02 0.9355190000D+00 0.7269000000D+00 0.1912900000D+01 0.2121100000D+01
