 7 5   2  44  56  71  95 4.4880 2.4930 1.5162 0.7217 0.4667  9.0 31.0 27.0 17.0 22.0  112 2453735.5000 2006                                                                                                                                                                                                                                                                      
1  220051231200601092453735.4 0.3000000000D-02-0.6000000000D-04 0.1901200000D+01 0.8872000000D-01 0.2011000000D-02 0.1400000000D-02 0.8528830000D+00 0.5518500000D+01 0.3725300000D+01 0.3682900000D+01-0.4600000000D-02 0.4200000000D-03 0.8572600000D+01 0.3730200000D+00 0.7828000000D-02 0.5600000000D-02 0.3318180000D+01 0.1727400000D+01 0.6237000000D+01 0.6151500000D+01
1  320060109200601182453744.4 0.3400000000D-02-0.1300000000D-03 0.1866200000D+01 0.8804000000D-01 0.2008000000D-02 0.1300000000D-02 0.3130917000D+01 0.1512600000D+01 0.5992500000D+01 0.1959900000D+01-0.5400000000D-02 0.4200000000D-03 0.8519100000D+01 0.3708700000D+00 0.7722000000D-02 0.5700000000D-02 0.5624937000D+01 0.4034600000D+01 0.2253000000D+01 0.4439600000D+01
1  420060118200601272453753.4 0.2500000000D-02 0.5000000000D-04 0.1831600000D+01 0.8690000000D-01 0.1983000000D-02 0.1500000000D-02 0.5405014000D+01 0.3786900000D+01 0.1992400000D+01 0.2090000000D+00-0.1400000000D-02-0.5100000000D-03 0.8470100000D+01 0.3675900000D+00 0.7672000000D-02 0.6100000000D-02 0.1648789000D+01 0.6210000000D-01 0.4571300000D+01 0.2859600000D+01
1  520060127200602052453762.4 0.2200000000D-02 0.7000000000D-04 0.1798500000D+01 0.8618000000D-01 0.1971000000D-02 0.1300000000D-02 0.1393208000D+01 0.6059100000D+01 0.4249500000D+01 0.4657200000D+01-0.1400000000D-02-0.3800000000D-03 0.8430400000D+01 0.3653300000D+00 0.7609000000D-02 0.6400000000D-02 0.3956813000D+01 0.2371600000D+01 0.5979000000D+00 0.1015800000D+01
1  620060205200602142453771.4 0.2300000000D-02 0.0000000000D+00 0.1766900000D+01 0.8525000000D-01 0.1987000000D-02 0.1400000000D-02 0.3661497000D+01 0.2051700000D+01 0.2390000000D+00 0.2937400000D+01-0.4500000000D-02 0.3100000000D-03 0.8395700000D+01 0.3629300000D+00 0.7685000000D-02 0.6600000000D-02 0.6265320000D+01 0.4686800000D+01 0.2920100000D+01 0.5694900000D+01
1  720060214200602232453780.4 0.2700000000D-02-0.8000000000D-04 0.1739800000D+01 0.8408000000D-01 0.1932000000D-02 0.1200000000D-02 0.5927334000D+01 0.4319000000D+01 0.2517400000D+01 0.1162200000D+01-0.5800000000D-02 0.3900000000D-03 0.8373300000D+01 0.3611500000D+00 0.7528000000D-02 0.6400000000D-02 0.2291390000D+01 0.7130000000D+00 0.5231700000D+01 0.3918400000D+01
1  820060223200603042453789.4 0.2600000000D-02-0.7000000000D-04 0.1716800000D+01 0.8343000000D-01 0.1901000000D-02 0.1100000000D-02 0.1909041000D+01 0.3036000000D+00 0.4775800000D+01 0.5811800000D+01-0.4800000000D-02 0.4000000000D-04 0.8359200000D+01 0.3614600000D+00 0.7480000000D-02 0.5800000000D-02 0.4601877000D+01 0.3024400000D+01 0.1243900000D+01 0.2248800000D+01
1  920060304200603132453798.4 0.1600000000D-02 0.1000000000D-03 0.1697500000D+01 0.8247000000D-01 0.1897000000D-02 0.1100000000D-02 0.4172469000D+01 0.2576700000D+01 0.7730000000D+00 0.4052900000D+01-0.1900000000D-02-0.5200000000D-03 0.8351400000D+01 0.3594800000D+00 0.7505000000D-02 0.5900000000D-02 0.6290620000D+00 0.5340500000D+01 0.3578000000D+01 0.5432000000D+00
1 1020060313200603222453807.4 0.1600000000D-02 0.4000000000D-04 0.1684200000D+01 0.8166000000D-01 0.1870000000D-02 0.1000000000D-02 0.1527810000D+00 0.4846300000D+01 0.3048200000D+01 0.2509400000D+01-0.3200000000D-02-0.1300000000D-03 0.8356400000D+01 0.3591600000D+00 0.7416000000D-02 0.5300000000D-02 0.2940287000D+01 0.1369000000D+01 0.5890600000D+01 0.5248100000D+01
1 1120060322200603312453816.4 0.2400000000D-02-0.1300000000D-03 0.1676000000D+01 0.8086000000D-01 0.1841000000D-02 0.1000000000D-02 0.2417099000D+01 0.8342000000D+00 0.5334600000D+01 0.8094000000D+00-0.7500000000D-02 0.6700000000D-03 0.8368800000D+01 0.3588300000D+00 0.7376000000D-02 0.5200000000D-02 0.5252064000D+01 0.3682900000D+01 0.1934700000D+01 0.3594300000D+01
1 1220060331200604092453825.4 0.2100000000D-02-0.5000000000D-04 0.1672800000D+01 0.8037000000D-01 0.1824000000D-02 0.1100000000D-02 0.4683104000D+01 0.3108100000D+01 0.1321600000D+01 0.5372300000D+01-0.6200000000D-02 0.1800000000D-03 0.8388800000D+01 0.3590700000D+00 0.7411000000D-02 0.5500000000D-02 0.1280930000D+01 0.5998900000D+01 0.4254500000D+01 0.1917400000D+01
1 1320060409200604182453834.4 0.1500000000D-02 0.5000000000D-04 0.1674300000D+01 0.8013000000D-01 0.1837000000D-02 0.1300000000D-02 0.6687060000D+00 0.5386200000D+01 0.3590800000D+01 0.3701900000D+01-0.3600000000D-02-0.3800000000D-03 0.8416600000D+01 0.3609500000D+00 0.7597000000D-02 0.6100000000D-02 0.3593652000D+01 0.2034100000D+01 0.2806000000D+00 0.3590000000D+00
1 1420060418200604272453843.4 0.1300000000D-02 0.5000000000D-04 0.1680700000D+01 0.7947000000D-01 0.1795000000D-02 0.1200000000D-02 0.2940230000D+01 0.1379300000D+01 0.5888800000D+01 0.1920400000D+01-0.3600000000D-02-0.2700000000D-03 0.8453800000D+01 0.3613400000D+00 0.7529000000D-02 0.6000000000D-02 0.5906248000D+01 0.4347500000D+01 0.2614400000D+01 0.4887300000D+01
1 1520060427200605062453852.4 0.1500000000D-02-0.2000000000D-04 0.1691200000D+01 0.7935000000D-01 0.1768000000D-02 0.1400000000D-02 0.5215996000D+01 0.3658600000D+01 0.1871600000D+01 0.2057000000D+00-0.5900000000D-02 0.2000000000D-03 0.8499100000D+01 0.3642300000D+00 0.7568000000D-02 0.6600000000D-02 0.1936087000D+01 0.3783000000D+00 0.4912100000D+01 0.3240400000D+01
1 1620060506200605152453861.4 0.2100000000D-02-0.1300000000D-03 0.1704200000D+01 0.7916000000D-01 0.1761000000D-02 0.1300000000D-02 0.1213037000D+01 0.5944200000D+01 0.4155100000D+01 0.4665200000D+01-0.8700000000D-02 0.6100000000D-03 0.8548200000D+01 0.3668800000D+00 0.7708000000D-02 0.6700000000D-02 0.4249095000D+01 0.2694900000D+01 0.9436000000D+00 0.1452200000D+01
1 1720060515200605242453870.4 0.1500000000D-02 0.1000000000D-04 0.1719900000D+01 0.7876000000D-01 0.1716000000D-02 0.1300000000D-02 0.3497832000D+01 0.1946500000D+01 0.1673000000D+00 0.3078000000D+01-0.5800000000D-02-0.1300000000D-03 0.8604800000D+01 0.3689700000D+00 0.7642000000D-02 0.6400000000D-02 0.2786050000D+00 0.5006100000D+01 0.3263800000D+01 0.6168100000D+01
1 1820060524200606022453879.4 0.8000000000D-03 0.1300000000D-03 0.1736900000D+01 0.7837000000D-01 0.1705000000D-02 0.1200000000D-02 0.5787780000D+01 0.4239600000D+01 0.2467800000D+01 0.1206900000D+01-0.3000000000D-02-0.6400000000D-03 0.8665000000D+01 0.3712600000D+00 0.7787000000D-02 0.6100000000D-02 0.2591100000D+01 0.1038000000D+01 0.5586300000D+01 0.4316900000D+01
1 1920060602200606112453888.4 0.1400000000D-02-0.2000000000D-04 0.1754700000D+01 0.7806000000D-01 0.1666000000D-02 0.1200000000D-02 0.1800032000D+01 0.2512000000D+00 0.4767000000D+01 0.5957100000D+01-0.6400000000D-02 0.1300000000D-03 0.8727900000D+01 0.3741600000D+00 0.7809000000D-02 0.5800000000D-02 0.4903401000D+01 0.3349800000D+01 0.1620000000D+01 0.2791900000D+01
1 2020060611200606202453897.4 0.1800000000D-02-0.9000000000D-04 0.1772200000D+01 0.7800000000D-01 0.1650000000D-02 0.1100000000D-02 0.4101065000D+01 0.2552300000D+01 0.7669000000D+00 0.4237500000D+01-0.8600000000D-02 0.4800000000D-03 0.8791700000D+01 0.3787100000D+00 0.7935000000D-02 0.5700000000D-02 0.9323340000D+00 0.5662400000D+01 0.3912300000D+01 0.1078900000D+01
1 2120060620200606292453906.4 0.1700000000D-02-0.2000000000D-04 0.1789000000D+01 0.7731000000D-01 0.1647000000D-02 0.1100000000D-02 0.1236770000D+00 0.4860700000D+01 0.3098200000D+01 0.2709600000D+01-0.7800000000D-02 0.1400000000D-03 0.8855200000D+01 0.3803600000D+00 0.8153000000D-02 0.5300000000D-02 0.3243392000D+01 0.1693800000D+01 0.6247900000D+01 0.5831500000D+01
1 2220060629200607082453915.4 0.1200000000D-02 0.8000000000D-04 0.1805300000D+01 0.7709000000D-01 0.1590000000D-02 0.1200000000D-02 0.2435242000D+01 0.8835000000D+00 0.5397500000D+01 0.9554000000D+00-0.5300000000D-02-0.3900000000D-03 0.8920700000D+01 0.3845500000D+00 0.8095000000D-02 0.6200000000D-02 0.5554402000D+01 0.4000200000D+01 0.2262700000D+01 0.4079600000D+01
1 2320060708200607172453924.4 0.1000000000D-02 0.1000000000D-03 0.1819900000D+01 0.7694000000D-01 0.1569000000D-02 0.1200000000D-02 0.4751782000D+01 0.3198000000D+01 0.1415400000D+01 0.5724200000D+01-0.4400000000D-02-0.4800000000D-03 0.8981500000D+01 0.3891200000D+00 0.8207000000D-02 0.6100000000D-02 0.1581619000D+01 0.2590000000D-01 0.4554000000D+01 0.2554900000D+01
1 2420060717200607262453933.4 0.1900000000D-02-0.7000000000D-04 0.1832900000D+01 0.7620000000D-01 0.1546000000D-02 0.1400000000D-02 0.7891400000D+00 0.5517300000D+01 0.3762800000D+01 0.3920200000D+01-0.8800000000D-02 0.4500000000D-03 0.9038000000D+01 0.3905300000D+00 0.8307000000D-02 0.7000000000D-02 0.3890755000D+01 0.2334300000D+01 0.6002000000D+00 0.7412000000D+00
1 2520060726200608042453942.4 0.2200000000D-02-0.9000000000D-04 0.1844200000D+01 0.7609000000D-01 0.1534000000D-02 0.1300000000D-02 0.3114246000D+01 0.1557600000D+01 0.6074100000D+01 0.2285100000D+01-0.1000000000D-01 0.5100000000D-03 0.9087500000D+01 0.3945600000D+00 0.8435000000D-02 0.6700000000D-02 0.6199577000D+01 0.4641400000D+01 0.2891200000D+01 0.5364400000D+01
1 2620060804200608132453951.4 0.1600000000D-02 0.9000000000D-04 0.1854100000D+01 0.7562000000D-01 0.1510000000D-02 0.1500000000D-02 0.5442424000D+01 0.3883700000D+01 0.2136200000D+01 0.5601000000D+00-0.5900000000D-02-0.4600000000D-03 0.9130700000D+01 0.3962700000D+00 0.8458000000D-02 0.7700000000D-02 0.2224082000D+01 0.6628000000D+00 0.5203800000D+01 0.3630300000D+01
1 2720060813200608222453960.4 0.1400000000D-02 0.1100000000D-03 0.1862800000D+01 0.7552000000D-01 0.1492000000D-02 0.1300000000D-02 0.1490479000D+01 0.6211700000D+01 0.4466500000D+01 0.5235000000D+01-0.5400000000D-02-0.4500000000D-03 0.9165100000D+01 0.3988000000D+00 0.8483000000D-02 0.6200000000D-02 0.4531355000D+01 0.2965600000D+01 0.1216900000D+01 0.1953800000D+01
1 2820060822200608312453969.4 0.1900000000D-02 0.2000000000D-04 0.1869400000D+01 0.7584000000D-01 0.1528000000D-02 0.1400000000D-02 0.3823735000D+01 0.2264700000D+01 0.5023000000D+00 0.3488400000D+01-0.7400000000D-02 0.5000000000D-04 0.9184300000D+01 0.4019600000D+00 0.8761000000D-02 0.6800000000D-02 0.5547700000D+00 0.5274100000D+01 0.3503600000D+01 0.1974000000D+00
1 2920060831200609092453978.4 0.2600000000D-02-0.8000000000D-04 0.1876100000D+01 0.7567000000D-01 0.1494000000D-02 0.1200000000D-02 0.6157394000D+01 0.4593100000D+01 0.2860100000D+01 0.1932900000D+01-0.9800000000D-02 0.4600000000D-03 0.9199400000D+01 0.4017000000D+00 0.8588000000D-02 0.6000000000D-02 0.2860206000D+01 0.1289000000D+01 0.5815700000D+01 0.4852700000D+01
1 3020060909200609182453987.4 0.2600000000D-02-0.4000000000D-04 0.1881500000D+01 0.7611000000D-01 0.1505000000D-02 0.1300000000D-02 0.2208216000D+01 0.6416000000D+00 0.5191600000D+01 0.3319000000D+00-0.9500000000D-02 0.1900000000D-03 0.9201700000D+01 0.4030700000D+00 0.8563000000D-02 0.6000000000D-02 0.5165506000D+01 0.3589100000D+01 0.1821900000D+01 0.3246000000D+01
1 3120060918200609272453996.4 0.1800000000D-02 0.1500000000D-03 0.1885100000D+01 0.7667000000D-01 0.1540000000D-02 0.1200000000D-02 0.4540912000D+01 0.2974900000D+01 0.1241400000D+01 0.4988400000D+01-0.5000000000D-02-0.7100000000D-03 0.9188100000D+01 0.4033500000D+00 0.8683000000D-02 0.5400000000D-02 0.1186784000D+01 0.5893500000D+01 0.4118300000D+01 0.1547900000D+01
1 3220060927200610062454005.4 0.2000000000D-02 0.8000000000D-04 0.1888200000D+01 0.7726000000D-01 0.1553000000D-02 0.1400000000D-02 0.5883450000D+00 0.5300900000D+01 0.3576500000D+01 0.3315700000D+01-0.6200000000D-02-0.2800000000D-03 0.9168300000D+01 0.4022800000D+00 0.8564000000D-02 0.6300000000D-02 0.3490753000D+01 0.1908200000D+01 0.1363000000D+00 0.6224700000D+01
1 3320061006200610152454014.4 0.2800000000D-02-0.7000000000D-04 0.1888700000D+01 0.7793000000D-01 0.1622000000D-02 0.1400000000D-02 0.2915917000D+01 0.1347300000D+01 0.5915600000D+01 0.1662900000D+01-0.1050000000D-01 0.5800000000D-03 0.9134000000D+01 0.4002100000D+00 0.8605000000D-02 0.6400000000D-02 0.5794331000D+01 0.4211100000D+01 0.2450500000D+01 0.4553400000D+01
1 3420061015200610242454023.4 0.3000000000D-02-0.5000000000D-04 0.1888000000D+01 0.7892000000D-01 0.1643000000D-02 0.1400000000D-02 0.5239779000D+01 0.3666400000D+01 0.1938500000D+01 0.6279700000D+01-0.9600000000D-02 0.2000000000D-03 0.9091100000D+01 0.3992000000D+00 0.8560000000D-02 0.6600000000D-02 0.1814563000D+01 0.2286000000D+00 0.4736300000D+01 0.2896900000D+01
1 3520061024200611022454032.4 0.2700000000D-02 0.3000000000D-04 0.1885100000D+01 0.8006000000D-01 0.1683000000D-02 0.1500000000D-02 0.1276344000D+01 0.5981500000D+01 0.4235700000D+01 0.4463200000D+01-0.7400000000D-02-0.3100000000D-03 0.9040000000D+01 0.3982800000D+00 0.8562000000D-02 0.7200000000D-02 0.4118114000D+01 0.2529700000D+01 0.7365000000D+00 0.1091500000D+01
1 3620061102200611112454041.4 0.2100000000D-02 0.1300000000D-03 0.1879000000D+01 0.8074000000D-01 0.1739000000D-02 0.1400000000D-02 0.3590640000D+01 0.2012200000D+01 0.2746000000D+00 0.2856600000D+01-0.5900000000D-02-0.4600000000D-03 0.8979900000D+01 0.3941600000D+00 0.8500000000D-02 0.6900000000D-02 0.1378680000D+00 0.4832600000D+01 0.3057000000D+01 0.5747800000D+01
1 3720061111200611202454050.4 0.2500000000D-02 0.2000000000D-04 0.1871600000D+01 0.8168000000D-01 0.1758000000D-02 0.1300000000D-02 0.5899956000D+01 0.4315200000D+01 0.2563900000D+01 0.1088100000D+01-0.8100000000D-02 0.4000000000D-04 0.8918600000D+01 0.3921900000D+00 0.8352000000D-02 0.6800000000D-02 0.2441332000D+01 0.8488000000D+00 0.5340400000D+01 0.3951800000D+01
1 3820061120200611292454059.4 0.3400000000D-02-0.1400000000D-03 0.1861600000D+01 0.8234000000D-01 0.1776000000D-02 0.1200000000D-02 0.1920675000D+01 0.3309000000D+00 0.4866400000D+01 0.5743600000D+01-0.1160000000D-01 0.6400000000D-03 0.8851800000D+01 0.3893700000D+00 0.8218000000D-02 0.6100000000D-02 0.4745049000D+01 0.3150000000D+01 0.1355400000D+01 0.2254500000D+01
1 3920061129200612082454068.4 0.2900000000D-02 0.0000000000D+00 0.1849100000D+01 0.8291000000D-01 0.1817000000D-02 0.1200000000D-02 0.4218913000D+01 0.2628300000D+01 0.8758000000D+00 0.4061200000D+01-0.8700000000D-02-0.1100000000D-03 0.8781900000D+01 0.3848800000D+00 0.8104000000D-02 0.6100000000D-02 0.7654830000D+00 0.5453700000D+01 0.3670500000D+01 0.6086000000D+00
1 4020061208200612172454077.4 0.2200000000D-02 0.1200000000D-03 0.1835300000D+01 0.8349000000D-01 0.1881000000D-02 0.1100000000D-02 0.2286380000D+00 0.4923000000D+01 0.3159400000D+01 0.2501400000D+01-0.5700000000D-02-0.6700000000D-03 0.8712100000D+01 0.3813200000D+00 0.8152000000D-02 0.5100000000D-02 0.3069675000D+01 0.1477700000D+01 0.5976400000D+01 0.5212500000D+01
1 4120061217200612262454086.4 0.2400000000D-02 0.3000000000D-04 0.1821300000D+01 0.8368000000D-01 0.1871000000D-02 0.1200000000D-02 0.2516200000D+01 0.9239000000D+00 0.5456000000D+01 0.7619000000D+00-0.8100000000D-02-0.1000000000D-04 0.8645500000D+01 0.3773400000D+00 0.7901000000D-02 0.5600000000D-02 0.5374400000D+01 0.3779900000D+01 0.2004800000D+01 0.3582000000D+01
1 4220061226200701042454095.4 0.2800000000D-02-0.5000000000D-04 0.1807200000D+01 0.8430000000D-01 0.1897000000D-02 0.1200000000D-02 0.4799239000D+01 0.3207500000D+01 0.1434800000D+01 0.5380100000D+01-0.1040000000D-01 0.3600000000D-03 0.8580600000D+01 0.3748700000D+00 0.7856000000D-02 0.5500000000D-02 0.1396755000D+01 0.6087000000D+01 0.4298100000D+01 0.1918600000D+01
1 4320070104200701132454104.4 0.3000000000D-02-0.8000000000D-04 0.1793700000D+01 0.8461000000D-01 0.1953000000D-02 0.1400000000D-02 0.7943660000D+00 0.5491500000D+01 0.3713900000D+01 0.3703000000D+01-0.1060000000D-01 0.2500000000D-03 0.8518400000D+01 0.3713200000D+00 0.7955000000D-02 0.6100000000D-02 0.3702689000D+01 0.2115800000D+01 0.3326000000D+00 0.3579000000D+00
2 4420051231200601312453735.4 0.5900000000D-02 0.0000000000D+00 0.3731900000D+01 0.9890000000D-02 0.3900000000D-04 0.2100000000D-02 0.1314081000D+01 0.5371700000D+01 0.5893200000D+01 0.3939300000D+01-0.2020000000D-01 0.3000000000D-04 0.1243610000D+02 0.9680000000D-02 0.7700000000D-04 0.6400000000D-02 0.3804379000D+01 0.6799000000D+00 0.4253000000D+01 0.1369000000D+00
2 4520060131200603032453766.4 0.6100000000D-02 0.0000000000D+00 0.3551700000D+01 0.1196000000D-01 0.1600000000D-04 0.2200000000D-02 0.3120175000D+01 0.1075700000D+01 0.2643900000D+01 0.1227400000D+01-0.2000000000D-01 0.1000000000D-04 0.1220250000D+02 0.5890000000D-02 0.8800000000D-04 0.7500000000D-02 0.5691382000D+01 0.2188100000D+01 0.6069500000D+01 0.3923500000D+01
2 4620060303200604032453797.4 0.5400000000D-02 0.2000000000D-04 0.3413700000D+01 0.1198000000D-01 0.3500000000D-04 0.2000000000D-02 0.4906298000D+01 0.3045300000D+01 0.5629300000D+01 0.4961200000D+01-0.1840000000D-01-0.6000000000D-04 0.1211000000D+02 0.4020000000D-02 0.8000000000D-04 0.7300000000D-02 0.1300819000D+01 0.2970200000D+01 0.1553800000D+01 0.1399300000D+01
2 4720060403200605042453828.4 0.5500000000D-02 0.1000000000D-04 0.3349500000D+01 0.1019000000D-01 0.5800000000D-04 0.2100000000D-02 0.4083290000D+00 0.5046700000D+01 0.1494900000D+01 0.2308500000D+01-0.1940000000D-01 0.0000000000D+00 0.1217280000D+02 0.6880000000D-02 0.6300000000D-04 0.7700000000D-02 0.3197301000D+01 0.4039000000D+01 0.3177300000D+01 0.5161500000D+01
2 4820060504200606042453859.4 0.5800000000D-02 0.0000000000D+00 0.3362200000D+01 0.7010000000D-02 0.7700000000D-04 0.1700000000D-02 0.2214184000D+01 0.8582000000D+00 0.3555800000D+01 0.6126300000D+01-0.2050000000D-01 0.3000000000D-04 0.1237490000D+02 0.9910000000D-02 0.4000000000D-04 0.6300000000D-02 0.5094858000D+01 0.5616700000D+01 0.4500300000D+01 0.2662700000D+01
2 4920060604200607052453890.4 0.5800000000D-02 0.0000000000D+00 0.3428000000D+01 0.3310000000D-02 0.8200000000D-04 0.2300000000D-02 0.4057994000D+01 0.3452600000D+01 0.5590600000D+01 0.3632400000D+01-0.2070000000D-01 0.1000000000D-04 0.1267280000D+02 0.1133000000D-01 0.5200000000D-04 0.8300000000D-02 0.7066860000D+00 0.1056600000D+01 0.5276700000D+01 0.3338000000D+00
2 5020060705200608052453921.4 0.6200000000D-02-0.1000000000D-04 0.3515100000D+01 0.4460000000D-02 0.7200000000D-04 0.2000000000D-02 0.5948604000D+01 0.5166000000D+00 0.1400700000D+01 0.9936000000D+00-0.2210000000D-01 0.8000000000D-04 0.1299470000D+02 0.1017000000D-01 0.7200000000D-04 0.7400000000D-02 0.2597074000D+01 0.2675200000D+01 0.8570000000D-01 0.3910700000D+01
2 5120060805200609052453952.4 0.6300000000D-02 0.0000000000D+00 0.3598500000D+01 0.8100000000D-02 0.3300000000D-04 0.2100000000D-02 0.1597515000D+01 0.2846300000D+01 0.3959100000D+01 0.4925600000D+01-0.2220000000D-01 0.3000000000D-04 0.1325190000D+02 0.6780000000D-02 0.1030000000D-03 0.7600000000D-02 0.4480637000D+01 0.4152600000D+01 0.1652500000D+01 0.1471200000D+01
2 5220060905200610062453983.4 0.5900000000D-02 0.1000000000D-04 0.3664000000D+01 0.9200000000D-02 0.5100000000D-04 0.1900000000D-02 0.3552850000D+01 0.4939100000D+01 0.1268100000D+01 0.2543700000D+01-0.2080000000D-01-0.2000000000D-04 0.1335620000D+02 0.4190000000D-02 0.1070000000D-03 0.6500000000D-02 0.7478100000D-01 0.4872000000D+01 0.3399700000D+01 0.5209900000D+01
2 5320061006200611062454014.4 0.6100000000D-02 0.0000000000D+00 0.3692400000D+01 0.6560000000D-02 0.8800000000D-04 0.2200000000D-02 0.5503345000D+01 0.7811000000D+00 0.3492200000D+01 0.6266700000D+01-0.2130000000D-01 0.4000000000D-04 0.1326800000D+02 0.8100000000D-02 0.6900000000D-04 0.7400000000D-02 0.1948530000D+01 0.5780200000D+01 0.4935600000D+01 0.2753400000D+01
2 5420061106200612072454045.4 0.5900000000D-02 0.0000000000D+00 0.3660700000D+01 0.2650000000D-02 0.9400000000D-04 0.1900000000D-02 0.1139477000D+01 0.3664800000D+01 0.5517700000D+01 0.3612100000D+01-0.2060000000D-01 0.1000000000D-04 0.1301090000D+02 0.1121000000D-01 0.3600000000D-04 0.7300000000D-02 0.3821893000D+01 0.1081900000D+01 0.5916900000D+01 0.5430000000D-01
2 5520061207200701072454076.4 0.5500000000D-02 0.0000000000D+00 0.3565200000D+01 0.5770000000D-02 0.7000000000D-04 0.1700000000D-02 0.3013891000D+01 0.6605000000D+00 0.1278400000D+01 0.1148200000D+01-0.1920000000D-01-0.1000000000D-04 0.1267650000D+02 0.1165000000D-01 0.5900000000D-04 0.6100000000D-02 0.5698427000D+01 0.2781200000D+01 0.3059000000D+00 0.3790900000D+01
3 5620051231200601272453735.4 0.1310000000D-01 0.1700000000D-03 0.5229400000D+01 0.1349000000D-01 0.5500000000D-04 0.9600000000D-02 0.5146579000D+01 0.2913900000D+01 0.3387100000D+01 0.1951000000D+00 0.7200000000D-02-0.4900000000D-03 0.1731470000D+02 0.1282000000D-01 0.7500000000D-04 0.3240000000D-01 0.1356051000D+01 0.4406100000D+01 0.1782900000D+01 0.2739000000D+01
3 5720060127200602232453762.4 0.1780000000D-01-0.2800000000D-03 0.5009500000D+01 0.1616000000D-01 0.2700000000D-04 0.1050000000D-01 0.2036459000D+01 0.6247400000D+01 0.1094700000D+01 0.3793000000D+00-0.3200000000D-02 0.7500000000D-03 0.1702150000D+02 0.8980000000D-02 0.9900000000D-04 0.3590000000D-01 0.4597484000D+01 0.1009900000D+01 0.4782600000D+01 0.2997000000D+01
3 5820060223200603222453789.4 0.8400000000D-02-0.1400000000D-03 0.4828500000D+01 0.1707000000D-01 0.4000000000D-04 0.9400000000D-02 0.5192584000D+01 0.3289000000D+01 0.5794500000D+01 0.6119000000D+00 0.2160000000D-01-0.2200000000D-03 0.1687340000D+02 0.4990000000D-02 0.1120000000D-03 0.3270000000D-01 0.1559910000D+01 0.3585600000D+01 0.1894000000D+01 0.3328900000D+01
3 5920060322200604182453816.4 0.6300000000D-02 0.1400000000D-03 0.4720000000D+01 0.1548000000D-01 0.6000000000D-04 0.8600000000D-02 0.2058671000D+01 0.3300000000D+00 0.2962500000D+01 0.5586000000D+00 0.9000000000D-02-0.6600000000D-03 0.1689100000D+02 0.7100000000D-02 0.1090000000D-03 0.3090000000D-01 0.4806694000D+01 0.5863500000D+01 0.4694500000D+01 0.3357800000D+01
3 6020060418200605152453843.4 0.1090000000D-01-0.2100000000D-03 0.4696600000D+01 0.1253000000D-01 0.9200000000D-04 0.9900000000D-02 0.5216587000D+01 0.3689800000D+01 0.1152000000D+00 0.6734000000D+00-0.1100000000D-01 0.7400000000D-03 0.1706500000D+02 0.1057000000D-01 0.9200000000D-04 0.3580000000D-01 0.1771203000D+01 0.2360500000D+01 0.1622500000D+01 0.3561800000D+01
3 6120060515200606112453870.4 0.3500000000D-02-0.1100000000D-03 0.4744700000D+01 0.8090000000D-02 0.1070000000D-03 0.9600000000D-02 0.2113497000D+01 0.8999000000D+00 0.3497400000D+01 0.9858000000D+00 0.1330000000D-01 0.1600000000D-03 0.1736690000D+02 0.1419000000D-01 0.6900000000D-04 0.3510000000D-01 0.5017825000D+01 0.5397700000D+01 0.3956100000D+01 0.3911700000D+01
3 6220060611200607082453897.4 0.1000000000D-02 0.2600000000D-03 0.4837100000D+01 0.4290000000D-02 0.1190000000D-03 0.8500000000D-02 0.5325393000D+01 0.4941600000D+01 0.6090000000D+00 0.1058200000D+01 0.1370000000D-01-0.8800000000D-03 0.1774680000D+02 0.1541000000D-01 0.6900000000D-04 0.3110000000D-01 0.1978434000D+01 0.2132300000D+01 0.6200300000D+01 0.3986700000D+01
3 6320060708200608042453924.4 0.8700000000D-02 0.0000000000D+00 0.4945300000D+01 0.6080000000D-02 0.1130000000D-03 0.9900000000D-02 0.2289455000D+01 0.3135500000D+01 0.3986200000D+01 0.1215500000D+01-0.1250000000D-01 0.4500000000D-03 0.1813510000D+02 0.1389000000D-01 0.8800000000D-04 0.3680000000D-01 0.5218062000D+01 0.5101000000D+01 0.2280800000D+01 0.4113200000D+01
3 6420060804200608312453951.4 0.6300000000D-02-0.1000000000D-03 0.5046400000D+01 0.1080000000D-01 0.5500000000D-04 0.1050000000D-01 0.5567944000D+01 0.5130000000D+00 0.1493100000D+01 0.1610700000D+01 0.8500000000D-02 0.4300000000D-03 0.1844150000D+02 0.9980000000D-02 0.1460000000D-03 0.3780000000D-01 0.2169986000D+01 0.1804300000D+01 0.5623700000D+01 0.4458500000D+01
3 6520060831200609272453978.4 0.3100000000D-02 0.3000000000D-03 0.5128700000D+01 0.1258000000D-01 0.5500000000D-04 0.9000000000D-02 0.2582570000D+01 0.3935700000D+01 0.6227900000D+01 0.1820000000D+01 0.1970000000D-01-0.9400000000D-03 0.1859120000D+02 0.6470000000D-02 0.1540000000D-03 0.3240000000D-01 0.5401408000D+01 0.4156100000D+01 0.2342400000D+01 0.4602800000D+01
3 6620060927200610242454005.4 0.1290000000D-01 0.9000000000D-04 0.5176100000D+01 0.1086000000D-01 0.1090000000D-03 0.1020000000D-01 0.5880771000D+01 0.1090900000D+01 0.3811700000D+01 0.1931500000D+01-0.1000000000D-01 0.2200000000D-03 0.1853660000D+02 0.8710000000D-02 0.1110000000D-03 0.3600000000D-01 0.2347000000D+01 0.6252900000D+01 0.5472400000D+01 0.4644000000D+01
3 6720061024200611202454032.4 0.1460000000D-01-0.2500000000D-03 0.5166100000D+01 0.6100000000D-02 0.1360000000D-03 0.1070000000D-01 0.2878820000D+01 0.4739900000D+01 0.9412000000D+00 0.2273700000D+01 0.6000000000D-03 0.7900000000D-03 0.1828750000D+02 0.1330000000D-01 0.6300000000D-04 0.3800000000D-01 0.5576484000D+01 0.2802400000D+01 0.2185700000D+01 0.4952000000D+01
3 6820061120200612172454059.4 0.7400000000D-02 0.9000000000D-04 0.5085300000D+01 0.4680000000D-02 0.1220000000D-03 0.9100000000D-02 0.6129978000D+01 0.3187200000D+01 0.4351600000D+01 0.2470900000D+01 0.2000000000D-01-0.6900000000D-03 0.1791370000D+02 0.1653000000D-01 0.6600000000D-04 0.3180000000D-01 0.2525163000D+01 0.5898700000D+01 0.3671300000D+01 0.5148500000D+01
3 6920061217200701132454086.4 0.1210000000D-01 0.7000000000D-04 0.4944600000D+01 0.9760000000D-02 0.8400000000D-04 0.9300000000D-02 0.3062677000D+01 0.8144000000D+00 0.1426200000D+01 0.2459700000D+01-0.6900000000D-02-0.9000000000D-04 0.1749950000D+02 0.1536000000D-01 0.1040000000D-03 0.3270000000D-01 0.5760183000D+01 0.2711600000D+01 0.2841000000D+00 0.5179500000D+01
3 7020070113200702092454113.4 0.1320000000D-01-0.3000000000D-03 0.4782100000D+01 0.1398000000D-01 0.4500000000D-04 0.9600000000D-02 0.6245431000D+01 0.4249800000D+01 0.4835400000D+01 0.2678300000D+01-0.6700000000D-02 0.8000000000D-03 0.1713790000D+02 0.1146000000D-01 0.1070000000D-03 0.3500000000D-01 0.2716248000D+01 0.5716800000D+01 0.3357200000D+01 0.5447300000D+01
4 7120051231200601172453735.2-0.2550000000D-01 0.8300000000D-03 0.8518200000D+01 0.2467000000D-01 0.1300000000D-03 0.5900000000D-02 0.6013097000D+01 0.3728000000D+01 0.6169200000D+01 0.4230800000D+01 0.4560000000D-01-0.2100000000D-03 0.2843650000D+02 0.2737000000D-01 0.7720000000D-03 0.1980000000D-01 0.2225435000D+01 0.5646600000D+01 0.3319300000D+01 0.4062000000D+00
4 7220060117200602032453752.2-0.1100000000D-01-0.5400000000D-03 0.8276800000D+01 0.2274000000D-01 0.1490000000D-03 0.4800000000D-02 0.5677162000D+01 0.3501600000D+01 0.4130700000D+01 0.3522100000D+01 0.3150000000D-01 0.1150000000D-02 0.2808660000D+02 0.2117000000D-01 0.2620000000D-03 0.1590000000D-01 0.1929402000D+01 0.4506300000D+01 0.1635300000D+01 0.6104500000D+01
4 7320060203200602202453769.2-0.2460000000D-01 0.1700000000D-03 0.8064500000D+01 0.2568000000D-01 0.7200000000D-04 0.7800000000D-02 0.5334443000D+01 0.3279400000D+01 0.4294900000D+01 0.2476100000D+01 0.7860000000D-01-0.2100000000D-03 0.2784430000D+02 0.1611000000D-01 0.1870000000D-03 0.2730000000D-01 0.1636993000D+01 0.3949900000D+01 0.1150500000D+01 0.5104800000D+01
4 7420060220200603092453786.2-0.2390000000D-01-0.4700000000D-03 0.7884200000D+01 0.3037000000D-01 0.1940000000D-03 0.9100000000D-02 0.4987500000D+01 0.3097500000D+01 0.1092000000D+00 0.2110500000D+01 0.7300000000D-01 0.1270000000D-02 0.2770470000D+02 0.3890000000D-02 0.6460000000D-03 0.3260000000D-01 0.1347701000D+01 0.5001700000D+01 0.2841700000D+01 0.4788800000D+01
4 7520060309200603262453803.2-0.3100000000D-01 0.3300000000D-03 0.7744900000D+01 0.2447000000D-01 0.6400000000D-04 0.9300000000D-02 0.4632748000D+01 0.2816000000D+01 0.3607900000D+01 0.1462400000D+01 0.1048000000D+00-0.1980000000D-02 0.2766140000D+02 0.1670000000D-01 0.3090000000D-03 0.3320000000D-01 0.1054916000D+01 0.2355700000D+01 0.5743300000D+01 0.4164700000D+01
4 7620060326200604122453820.2-0.2800000000D-01-0.1500000000D-03 0.7665600000D+01 0.2383000000D-01 0.9000000000D-04 0.1060000000D-01 0.4280643000D+01 0.2571800000D+01 0.4897100000D+01 0.1088200000D+01 0.7500000000D-01 0.8700000000D-03 0.2774730000D+02 0.1472000000D-01 0.2370000000D-03 0.3870000000D-01 0.7643120000D+00 0.1868300000D+01 0.4095000000D+00 0.3883100000D+01
4 7720060412200604292453837.2-0.2580000000D-01 0.7400000000D-03 0.7639800000D+01 0.2428000000D-01 0.2770000000D-03 0.8100000000D-02 0.3933473000D+01 0.2380400000D+01 0.5462200000D+01 0.6450000000D+00 0.7680000000D-01-0.3150000000D-02 0.2791410000D+02 0.1704000000D-01 0.5720000000D-03 0.3000000000D-01 0.4748420000D+00 0.4994000000D+00 0.2343500000D+01 0.3499100000D+01
4 7820060429200605162453854.2-0.2130000000D-01 0.3700000000D-03 0.7662900000D+01 0.1541000000D-01 0.6500000000D-04 0.8000000000D-02 0.3590949000D+01 0.2196200000D+01 0.3408900000D+01 0.6271200000D+01 0.5600000000D-01-0.8900000000D-03 0.2817990000D+02 0.2519000000D-01 0.6080000000D-03 0.2980000000D-01 0.1818280000D+00 0.9337000000D+00 0.5102100000D+01 0.2882500000D+01
4 7920060516200606022453871.2-0.8800000000D-02-0.1400000000D-03 0.7729600000D+01 0.1343000000D-01 0.2180000000D-03 0.5300000000D-02 0.3260935000D+01 0.2021800000D+01 0.4594500000D+01 0.5819400000D+01 0.2050000000D-01 0.5200000000D-03 0.2852720000D+02 0.2149000000D-01 0.1290000000D-03 0.1990000000D-01 0.6172970000D+01 0.1611000000D+00 0.5144000000D+00 0.2459000000D+01
4 8020060602200606192453888.2-0.1760000000D-01 0.4000000000D-03 0.7814600000D+01 0.9550000000D-02 0.2070000000D-03 0.4800000000D-02 0.2942689000D+01 0.2255100000D+01 0.4801600000D+01 0.4481200000D+01 0.5820000000D-01-0.1140000000D-02 0.2889080000D+02 0.2929000000D-01 0.2620000000D-03 0.1750000000D-01 0.5878390000D+01 0.6112900000D+01 0.3251000000D+01 0.1125300000D+01
4 8120060619200607062453905.2-0.7400000000D-02-0.1260000000D-02 0.7931100000D+01 0.5720000000D-02 0.1730000000D-03 0.6500000000D-02 0.2640053000D+01 0.2689400000D+01 0.3947800000D+01 0.4023500000D+01 0.2500000000D-01 0.4330000000D-02 0.2932890000D+02 0.2293000000D-01 0.2480000000D-03 0.2360000000D-01 0.5584235000D+01 0.5676900000D+01 0.4147500000D+01 0.6951000000D+00
4 8220060706200607232453922.2-0.2490000000D-01 0.3000000000D-04 0.8038400000D+01 0.9300000000D-02 0.2280000000D-03 0.8100000000D-02 0.2350171000D+01 0.3158400000D+01 0.3995500000D+01 0.3131100000D+01 0.8980000000D-01-0.2700000000D-03 0.2971880000D+02 0.2227000000D-01 0.1310000000D-03 0.2980000000D-01 0.5286692000D+01 0.5198900000D+01 0.1463600000D+01 0.6060700000D+01
4 8320060723200608092453939.2-0.3070000000D-01-0.1800000000D-03 0.8145600000D+01 0.1536000000D-01 0.1070000000D-03 0.1100000000D-01 0.2073037000D+01 0.3257400000D+01 0.3789100000D+01 0.2854200000D+01 0.1007000000D+00 0.6200000000D-03 0.3006990000D+02 0.1758000000D-01 0.2020000000D-03 0.4060000000D-01 0.4987260000D+01 0.4996000000D+01 0.2868800000D+01 0.5751700000D+01
4 8420060809200608262453956.2-0.2820000000D-01 0.5000000000D-04 0.8245900000D+01 0.1606000000D-01 0.1750000000D-03 0.9400000000D-02 0.1809885000D+01 0.3073900000D+01 0.3517800000D+01 0.2517300000D+01 0.9980000000D-01-0.1920000000D-02 0.3034310000D+02 0.1659000000D-01 0.2100000000D-03 0.3410000000D-01 0.4689283000D+01 0.3866900000D+01 0.7471000000D+00 0.5366100000D+01
4 8520060826200609122453973.2-0.3090000000D-01 0.1000000000D-03 0.8327400000D+01 0.2077000000D-01 0.5100000000D-04 0.1130000000D-01 0.1549697000D+01 0.2926300000D+01 0.4033800000D+01 0.2017900000D+01 0.8460000000D-01-0.5000000000D-04 0.3049050000D+02 0.9470000000D-02 0.2730000000D-03 0.4110000000D-01 0.4387073000D+01 0.3355400000D+01 0.6385000000D+00 0.4839600000D+01
4 8620060912200609292453990.2-0.1970000000D-01-0.9000000000D-04 0.8389200000D+01 0.2165000000D-01 0.1460000000D-03 0.8700000000D-02 0.1292817000D+01 0.2721100000D+01 0.5455800000D+01 0.1782700000D+01 0.4500000000D-01-0.1300000000D-03 0.3050950000D+02 0.4470000000D-02 0.2730000000D-03 0.3130000000D-01 0.4084742000D+01 0.1808400000D+01 0.1695600000D+01 0.4547800000D+01
4 8720060929200610162454007.2-0.2320000000D-01 0.6400000000D-03 0.8424700000D+01 0.1471000000D-01 0.1150000000D-03 0.6300000000D-02 0.1035951000D+01 0.2504500000D+01 0.4165900000D+01 0.9754000000D+00 0.5990000000D-01-0.2090000000D-02 0.3040110000D+02 0.2002000000D-01 0.4770000000D-03 0.2290000000D-01 0.3784997000D+01 0.1612700000D+01 0.5703300000D+01 0.3699100000D+01
4 8820061016200611022454024.2-0.1040000000D-01-0.6400000000D-03 0.8417700000D+01 0.1393000000D-01 0.2880000000D-03 0.5800000000D-02 0.7677900000D+00 0.2347000000D+01 0.4851800000D+01 0.5565000000D+00 0.9400000000D-02 0.2920000000D-02 0.3013360000D+02 0.1067000000D-01 0.5860000000D-03 0.2080000000D-01 0.3482139000D+01 0.4173000000D+00 0.8331000000D+00 0.3220700000D+01
4 8920061102200611192454041.2-0.1810000000D-01 0.2800000000D-03 0.8374900000D+01 0.9000000000D-02 0.2360000000D-03 0.5000000000D-02 0.4901580000D+00 0.2603100000D+01 0.4981900000D+01 0.5575400000D+01 0.5900000000D-01-0.1060000000D-02 0.2982730000D+02 0.2462000000D-01 0.5400000000D-04 0.1760000000D-01 0.3181642000D+01 0.1326000000D+00 0.3744100000D+01 0.1968600000D+01
4 9020061119200612062454058.2-0.1780000000D-01-0.8100000000D-03 0.8278300000D+01 0.6630000000D-02 0.1380000000D-03 0.8200000000D-02 0.2015560000D+00 0.3800800000D+01 0.3541900000D+01 0.5003900000D+01 0.5320000000D-01 0.3170000000D-02 0.2941300000D+02 0.2458000000D-01 0.6570000000D-03 0.2940000000D-01 0.2884024000D+01 0.2153000000D+00 0.4864200000D+01 0.1413900000D+01
4 9120061206200612232454075.2-0.2070000000D-01-0.5500000000D-03 0.8140400000D+01 0.8630000000D-02 0.3630000000D-03 0.8100000000D-02 0.6178790000D+01 0.3508000000D+01 0.4354900000D+01 0.4387100000D+01 0.7340000000D-01 0.1150000000D-02 0.2897110000D+02 0.2481000000D-01 0.6030000000D-03 0.2920000000D-01 0.2584683000D+01 0.5217500000D+01 0.7969000000D+00 0.8071000000D+00
4 9220061223200701092454092.2-0.3490000000D-01 0.2200000000D-03 0.7988100000D+01 0.1686000000D-01 0.1090000000D-03 0.1070000000D-01 0.5861542000D+01 0.3638500000D+01 0.4344100000D+01 0.3934000000D+01 0.1043000000D+00-0.2900000000D-03 0.2857330000D+02 0.2381000000D-01 0.1880000000D-03 0.3850000000D-01 0.2289808000D+01 0.5297600000D+01 0.3380300000D+01 0.3721000000D+00
4 9320070109200701262454109.2-0.2540000000D-01-0.2000000000D-03 0.7816500000D+01 0.2043000000D-01 0.9900000000D-04 0.1000000000D-01 0.5530053000D+01 0.3514900000D+01 0.3639300000D+01 0.3659400000D+01 0.7040000000D-01 0.1000000000D-03 0.2819590000D+02 0.2044000000D-01 0.1540000000D-03 0.3590000000D-01 0.1994944000D+01 0.4783800000D+01 0.2775700000D+01 0.1659000000D+00
4 9420070126200702122454126.2-0.3060000000D-01 0.8400000000D-03 0.7665900000D+01 0.2235000000D-01 0.2050000000D-03 0.9000000000D-02 0.5188008000D+01 0.3268100000D+01 0.3632700000D+01 0.2948700000D+01 0.8130000000D-01-0.2070000000D-02 0.2789470000D+02 0.2166000000D-01 0.6320000000D-03 0.3290000000D-01 0.1702179000D+01 0.3928700000D+01 0.3296000000D+00 0.5789100000D+01
5 9520051231200601222453735.4-0.2860000000D-01 0.4400000000D-03 0.1137760000D+02 0.2648000000D-01 0.2700000000D-03 0.8900000000D-02 0.1573393000D+01 0.5458800000D+01 0.1454000000D+00 0.2180400000D+01 0.3440000000D-01-0.4900000000D-03 0.3801170000D+02 0.3224000000D-01 0.3760000000D-03 0.2900000000D-01 0.4059512000D+01 0.3713000000D+00 0.2845800000D+01 0.4654200000D+01
5 9620060122200602132453757.4-0.2040000000D-01 0.5900000000D-03 0.1096550000D+02 0.3088000000D-01 0.1650000000D-03 0.9700000000D-02 0.5509332000D+01 0.3393200000D+01 0.3676100000D+01 0.4174900000D+01 0.4180000000D-01-0.5000000000D-02 0.3743400000D+02 0.1667000000D-01 0.2460000000D-03 0.3440000000D-01 0.1766410000D+01 0.4072600000D+01 0.5053500000D+01 0.4512000000D+00
5 9720060213200603072453779.4-0.9700000000D-02 0.5900000000D-03 0.1061430000D+02 0.3715000000D-01 0.7500000000D-04 0.8900000000D-02 0.3148674000D+01 0.1205100000D+01 0.4661700000D+01 0.6231200000D+01-0.5470000000D-01 0.1480000000D-02 0.3712710000D+02 0.5540000000D-02 0.6160000000D-03 0.3200000000D-01 0.5758580000D+01 0.2528800000D+01 0.1188500000D+01 0.2576400000D+01
5 9820060307200603292453801.4 0.8000000000D-03 0.5900000000D-03 0.1036120000D+02 0.3807000000D-01 0.2280000000D-03 0.6600000000D-02 0.7788750000D+00 0.5194300000D+01 0.1633600000D+01 0.1948300000D+01-0.3480000000D-01-0.1730000000D-02 0.3706190000D+02 0.7850000000D-02 0.7650000000D-03 0.2470000000D-01 0.3466874000D+01 0.6111400000D+01 0.4291500000D+01 0.4690500000D+01
5 9920060329200604202453823.4 0.1890000000D-01-0.1290000000D-02 0.1022080000D+02 0.3281000000D-01 0.2690000000D-03 0.2800000000D-02 0.4690383000D+01 0.2903100000D+01 0.5203400000D+01 0.4135300000D+01-0.7950000000D-01 0.4740000000D-02 0.3720520000D+02 0.1142000000D-01 0.7460000000D-03 0.9800000000D-02 0.1174915000D+01 0.2810000000D+01 0.1370000000D+01 0.6753000000D+00
510020060420200605122453845.4-0.9400000000D-02 0.2600000000D-03 0.1018560000D+02 0.2579000000D-01 0.1560000000D-03 0.2300000000D-02 0.2327384000D+01 0.8018000000D+00 0.3137100000D+01 0.3091300000D+01 0.2830000000D-01-0.8500000000D-03 0.3751320000D+02 0.2387000000D-01 0.4270000000D-03 0.8600000000D-02 0.5166454000D+01 0.5878400000D+01 0.4543200000D+01 0.6036600000D+01
510120060512200606032453867.4-0.1610000000D-01 0.0000000000D+00 0.1026750000D+02 0.2014000000D-01 0.2440000000D-03 0.6500000000D-02 0.6263226000D+01 0.4976300000D+01 0.1367000000D+01 0.5273900000D+01 0.4680000000D-01-0.1700000000D-03 0.3804590000D+02 0.2967000000D-01 0.7500000000D-04 0.2390000000D-01 0.2874484000D+01 0.3099600000D+01 0.1998700000D+01 0.1903000000D+01
510220060603200606252453889.4-0.1120000000D-01-0.8000000000D-04 0.1042260000D+02 0.1143000000D-01 0.2880000000D-03 0.9300000000D-02 0.3935413000D+01 0.3040200000D+01 0.5308000000D+01 0.1139300000D+01 0.1880000000D-01 0.3100000000D-03 0.3872900000D+02 0.2905000000D-01 0.1290000000D-03 0.3480000000D-01 0.5794990000D+00 0.6164000000D+00 0.7521000000D+00 0.4063000000D+01
510320060625200607172453911.4-0.7600000000D-02 0.7900000000D-03 0.1060770000D+02 0.8700000000D-02 0.2190000000D-03 0.1020000000D-01 0.1630671000D+01 0.2147100000D+01 0.2922400000D+01 0.3311500000D+01 0.9900000000D-02-0.3610000000D-02 0.3943700000D+02 0.2617000000D-01 0.3560000000D-03 0.3780000000D-01 0.4564129000D+01 0.4708900000D+01 0.3682600000D+01 0.6242800000D+01
510420060717200608082453933.4 0.1280000000D-01-0.3100000000D-03 0.1079300000D+02 0.2033000000D-01 0.3100000000D-04 0.8400000000D-02 0.5631328000D+01 0.5211000000D+00 0.4711000000D+00 0.5503600000D+01-0.7630000000D-01 0.1840000000D-02 0.4007690000D+02 0.2515000000D-01 0.7250000000D-03 0.3080000000D-01 0.2261968000D+01 0.2697200000D+01 0.7994000000D+00 0.2110500000D+01
510520060808200608302453955.4-0.6100000000D-02 0.1240000000D-02 0.1094430000D+02 0.3026000000D-01 0.2820000000D-03 0.5000000000D-02 0.3370687000D+01 0.4511500000D+01 0.6660000000D+00 0.1347400000D+01-0.3800000000D-02-0.3450000000D-02 0.4048350000D+02 0.3369000000D-01 0.1211000000D-02 0.1850000000D-01 0.6242426000D+01 0.2572000000D+00 0.3985000000D+01 0.4224800000D+01
510620060830200609212453977.4 0.2830000000D-01-0.2620000000D-02 0.1108930000D+02 0.2869000000D-01 0.3950000000D-03 0.3000000000D-03 0.1123979000D+01 0.2242700000D+01 0.4289000000D+01 0.3651400000D+01-0.1002000000D+00 0.8310000000D-02 0.4071760000D+02 0.2812000000D-01 0.1214000000D-02 0.2000000000D-03 0.3939980000D+01 0.3512700000D+01 0.8642000000D+00 0.4157200000D+01
510720060921200610132453999.4-0.2160000000D-01 0.7800000000D-03 0.1121420000D+02 0.2042000000D-01 0.2610000000D-03 0.4800000000D-02 0.5161147000D+01 0.2010000000D+00 0.1659200000D+01 0.2749400000D+01 0.5450000000D-01-0.1960000000D-02 0.4074550000D+02 0.2531000000D-01 0.9350000000D-03 0.1660000000D-01 0.1636081000D+01 0.6271500000D+01 0.4021600000D+01 0.5578800000D+01
510820061013200611042454021.4-0.1630000000D-01-0.3500000000D-03 0.1124710000D+02 0.1660000000D-01 0.1290000000D-03 0.8100000000D-02 0.2904163000D+01 0.4647000000D+01 0.9114000000D+00 0.4886200000D+01 0.5460000000D-01-0.1640000000D-02 0.4043940000D+02 0.3011000000D-01 0.2910000000D-03 0.2810000000D-01 0.5613603000D+01 0.2887000000D+01 0.7079000000D+00 0.1257200000D+01
510920061104200611262454043.4-0.2170000000D-01 0.3900000000D-03 0.1116340000D+02 0.1026000000D-01 0.2790000000D-03 0.1030000000D-01 0.6313740000D+00 0.2905600000D+01 0.5038100000D+01 0.7148000000D+00 0.1250000000D-01-0.4200000000D-03 0.3983680000D+02 0.3083000000D-01 0.7900000000D-04 0.3750000000D-01 0.3310861000D+01 0.3057000000D+00 0.4774000000D+00 0.3388000000D+01
511020061126200612182454065.4-0.6400000000D-02 0.3500000000D-03 0.1097730000D+02 0.1082000000D-01 0.2820000000D-03 0.1010000000D-01 0.4620373000D+01 0.1840300000D+01 0.2749300000D+01 0.2908800000D+01-0.3090000000D-01-0.1230000000D-02 0.3911720000D+02 0.3212000000D-01 0.7000000000D-04 0.3600000000D-01 0.1010634000D+01 0.4179300000D+01 0.3674900000D+01 0.5589700000D+01
511120061218200701092454087.4 0.5800000000D-02 0.1900000000D-03 0.1071620000D+02 0.1999000000D-01 0.2200000000D-03 0.6900000000D-02 0.2302557000D+01 0.3330000000D-01 0.5797000000D+00 0.5064400000D+01-0.6450000000D-01 0.4700000000D-03 0.3838340000D+02 0.3151000000D-01 0.1340000000D-03 0.2530000000D-01 0.4996108000D+01 0.1795100000D+01 0.6004700000D+01 0.1477700000D+01
511220070109200701312454109.4-0.1100000000D-02 0.4700000000D-03 0.1044000000D+02 0.3028000000D-01 0.1210000000D-03 0.2600000000D-02 0.6245581000D+01 0.4144400000D+01 0.5525700000D+01 0.8529000000D+00-0.1790000000D-01-0.6800000000D-03 0.3776480000D+02 0.3126000000D-01 0.4390000000D-03 0.9700000000D-02 0.2701075000D+01 0.5771500000D+01 0.3440300000D+01 0.3642100000D+01
