 4 2   2  56 19.7027 4.9788  7.0  7.0  109 2456292.5000 2013                                                                                                                                                                                                                                                                                                                     
1  220121231201301072456292.4-0.6940000000D-01 0.4600000000D-03 0.5786500000D+01 0.7085000000D-01 0.5990000000D-03 0.4390000000D-01 0.2974897000D+01 0.1382500000D+01 0.5984200000D+01-0.9608000000D+00 0.3790000000D-01-0.8000000000D-04 0.1707000000D+01 0.3226000000D-01 0.4740000000D-03 0.1320000000D-01 0.1070202000D+01 0.2485900000D+01 0.5958000000D+00-0.2756500000D+01
1  320130107201301142456299.4-0.6580000000D-01 0.3300000000D-03 0.5768200000D+01 0.6987000000D-01 0.5230000000D-03 0.4360000000D-01 0.2578314000D+01 0.9429000000D+00 0.5473400000D+01-0.1720900000D+01 0.3720000000D-01-0.4000000000D-04 0.1775600000D+01 0.3071000000D-01 0.4680000000D-03 0.1390000000D-01 0.8788700000D+00 0.1970900000D+01 0.1044000000D+00-0.3330700000D+01
1  420130114201301212456306.4-0.6260000000D-01 0.3200000000D-03 0.5729700000D+01 0.6901000000D-01 0.5450000000D-03 0.4300000000D-01 0.2183133000D+01 0.5161000000D+00 0.4973700000D+01-0.2487200000D+01 0.3680000000D-01-0.1000000000D-04 0.1898800000D+01 0.2933000000D-01 0.4580000000D-03 0.1500000000D-01 0.6595010000D+00 0.1445300000D+01 0.5854300000D+01-0.3942700000D+01
1  520130121201301282456313.4-0.5970000000D-01 0.4100000000D-03 0.5674200000D+01 0.6776000000D-01 0.6000000000D-03 0.4260000000D-01 0.1788730000D+01 0.9490000000D-01 0.4623700000D+01-0.3259500000D+01 0.3660000000D-01 0.1000000000D-04 0.2057600000D+01 0.2808000000D-01 0.4700000000D-03 0.1630000000D-01 0.4087280000D+00 0.9146000000D+00 0.5317800000D+01-0.4580100000D+01
1  620130128201302042456320.4-0.5670000000D-01 0.5100000000D-03 0.5604600000D+01 0.6649000000D-01 0.6070000000D-03 0.4230000000D-01 0.1394828000D+01 0.5952400000D+01 0.4342400000D+01-0.4024000000D+01 0.3670000000D-01 0.3000000000D-04 0.2234900000D+01 0.2689000000D-01 0.4830000000D-03 0.1770000000D-01 0.1296870000D+00 0.3741000000D+00 0.4838000000D+01-0.5236200000D+01
1  720130204201302112456327.4-0.5340000000D-01 0.5700000000D-03 0.5522700000D+01 0.6594000000D-01 0.5420000000D-03 0.4160000000D-01 0.1001244000D+01 0.5523000000D+01 0.4001400000D+01-0.4781000000D+01 0.3700000000D-01 0.6000000000D-04 0.2417300000D+01 0.2602000000D-01 0.4660000000D-03 0.1890000000D-01 0.6110771000D+01 0.6100900000D+01 0.4381100000D+01-0.5919400000D+01
1  820130211201302182456334.4-0.4980000000D-01 0.6000000000D-03 0.5429100000D+01 0.6613000000D-01 0.4670000000D-03 0.4060000000D-01 0.6075100000D+00 0.5100500000D+01 0.3512000000D+01-0.5547400000D+01 0.3750000000D-01 0.1100000000D-03 0.2595400000D+01 0.2579000000D-01 0.4310000000D-03 0.2030000000D-01 0.5790538000D+01 0.5539600000D+01 0.3875500000D+01-0.3404000000D+00
1  920130218201302252456341.4-0.4610000000D-01 0.6100000000D-03 0.5325800000D+01 0.6643000000D-01 0.4530000000D-03 0.3980000000D-01 0.2129660000D+00 0.4689400000D+01 0.2948300000D+01-0.3850000000D-01 0.3810000000D-01 0.1500000000D-03 0.2763000000D+01 0.2606000000D-01 0.4130000000D-03 0.2160000000D-01 0.5456230000D+01 0.4990900000D+01 0.3318700000D+01-0.1051200000D+01
1 1020130225201303042456348.4-0.4210000000D-01 0.6000000000D-03 0.5215300000D+01 0.6637000000D-01 0.4860000000D-03 0.3920000000D-01 0.6100200000D+01 0.4285700000D+01 0.2499700000D+01-0.8064000000D+00 0.3890000000D-01 0.1500000000D-03 0.2916400000D+01 0.2647000000D-01 0.4230000000D-03 0.2270000000D-01 0.5111096000D+01 0.4458500000D+01 0.2809900000D+01-0.1766200000D+01
1 1120130304201303112456355.4-0.3810000000D-01 0.5700000000D-03 0.5101100000D+01 0.6596000000D-01 0.4900000000D-03 0.3830000000D-01 0.5702406000D+01 0.3881700000D+01 0.2199300000D+01-0.1567700000D+01 0.3990000000D-01 0.1000000000D-03 0.3053200000D+01 0.2691000000D-01 0.4170000000D-03 0.2350000000D-01 0.4757775000D+01 0.3932000000D+01 0.2400000000D+01-0.2493800000D+01
1 1220130311201303182456362.4-0.3390000000D-01 0.5000000000D-03 0.4985900000D+01 0.6567000000D-01 0.4300000000D-03 0.3710000000D-01 0.5302547000D+01 0.3474400000D+01 0.1954100000D+01-0.2339500000D+01 0.4090000000D-01 0.5000000000D-04 0.3171800000D+01 0.2765000000D-01 0.3720000000D-03 0.2430000000D-01 0.4398298000D+01 0.3411100000D+01 0.1998200000D+01-0.3232300000D+01
1 1320130318201303252456369.4-0.2960000000D-01 0.4700000000D-03 0.4871500000D+01 0.6594000000D-01 0.3450000000D-03 0.3620000000D-01 0.4900479000D+01 0.3070200000D+01 0.1619900000D+01-0.3121200000D+01 0.4180000000D-01 0.4000000000D-04 0.3270700000D+01 0.2877000000D-01 0.3230000000D-03 0.2510000000D-01 0.4034074000D+01 0.2909600000D+01 0.1476200000D+01-0.3969300000D+01
1 1420130325201304012456376.4-0.2560000000D-01 0.5400000000D-03 0.4759100000D+01 0.6661000000D-01 0.3080000000D-03 0.3570000000D-01 0.4495882000D+01 0.2676300000D+01 0.1091200000D+01-0.3897500000D+01 0.4230000000D-01 0.1100000000D-03 0.3349600000D+01 0.2986000000D-01 0.3220000000D-03 0.2560000000D-01 0.3666083000D+01 0.2432800000D+01 0.8641000000D+00-0.4705100000D+01
1 1520130401201304082456383.4-0.2160000000D-01 0.6900000000D-03 0.4650800000D+01 0.6719000000D-01 0.3550000000D-03 0.3490000000D-01 0.4088233000D+01 0.2291900000D+01 0.5858000000D+00-0.4670000000D+01 0.4280000000D-01 0.1800000000D-03 0.3409200000D+01 0.3052000000D-01 0.3570000000D-03 0.2590000000D-01 0.3295152000D+01 0.1969800000D+01 0.3637000000D+00-0.5445600000D+01
1 1620130408201304152456390.4-0.1730000000D-01 0.8300000000D-03 0.4550000000D+01 0.6729000000D-01 0.4160000000D-03 0.3390000000D-01 0.3677072000D+01 0.1908900000D+01 0.2862000000D+00-0.5451800000D+01 0.4350000000D-01 0.1900000000D-03 0.3450600000D+01 0.3078000000D-01 0.3630000000D-03 0.2610000000D-01 0.2922215000D+01 0.1504800000D+01 0.6261700000D+01-0.6193600000D+01
1 1720130415201304222456397.4-0.1250000000D-01 0.8700000000D-03 0.4460900000D+01 0.6723000000D-01 0.4170000000D-03 0.3320000000D-01 0.3262495000D+01 0.1518800000D+01 0.7880000000D-01-0.6245100000D+01 0.4430000000D-01 0.1100000000D-03 0.3473900000D+01 0.3104000000D-01 0.3190000000D-03 0.2630000000D-01 0.2548277000D+01 0.1035100000D+01 0.5830100000D+01-0.6567000000D+00
1 1820130422201304292456404.4-0.7100000000D-02 0.7800000000D-03 0.4385400000D+01 0.6764000000D-01 0.3540000000D-03 0.3300000000D-01 0.2845010000D+01 0.1124100000D+01 0.6081200000D+01-0.7513000000D+00 0.4500000000D-01-0.1000000000D-04 0.3478600000D+01 0.3143000000D-01 0.2810000000D-03 0.2640000000D-01 0.2174024000D+01 0.5733000000D+00 0.5208400000D+01-0.1396000000D+01
1 1920130429201305062456411.4-0.1500000000D-02 0.6600000000D-03 0.4323700000D+01 0.6857000000D-01 0.2930000000D-03 0.3270000000D-01 0.2424908000D+01 0.7344000000D+00 0.5582300000D+01-0.1535900000D+01 0.4530000000D-01-0.1100000000D-03 0.3464400000D+01 0.3152000000D-01 0.3030000000D-03 0.2610000000D-01 0.1799804000D+01 0.1242000000D+00 0.4567100000D+01-0.2136800000D+01
1 2020130506201305132456418.4 0.3700000000D-02 0.6100000000D-03 0.4277000000D+01 0.6938000000D-01 0.3160000000D-03 0.3220000000D-01 0.2002207000D+01 0.3541000000D+00 0.4996000000D+01-0.2327600000D+01 0.4500000000D-01-0.1300000000D-03 0.3432600000D+01 0.3098000000D-01 0.3420000000D-03 0.2570000000D-01 0.1426034000D+01 0.5960500000D+01 0.4115000000D+01-0.2883400000D+01
1 2120130513201305202456425.4 0.8800000000D-02 0.6700000000D-03 0.4248200000D+01 0.6954000000D-01 0.3940000000D-03 0.3200000000D-01 0.1577243000D+01 0.6260500000D+01 0.4624900000D+01-0.3130700000D+01 0.4420000000D-01-0.1100000000D-03 0.3384200000D+01 0.2998000000D-01 0.3470000000D-03 0.2540000000D-01 0.1053492000D+01 0.5501500000D+01 0.3753500000D+01-0.3628500000D+01
1 2220130520201305272456432.4 0.1380000000D-01 0.7700000000D-03 0.4240300000D+01 0.6928000000D-01 0.4410000000D-03 0.3230000000D-01 0.1151061000D+01 0.5877200000D+01 0.4372000000D+01-0.3928800000D+01 0.4330000000D-01-0.1100000000D-03 0.3319700000D+01 0.2907000000D-01 0.3210000000D-03 0.2500000000D-01 0.6831720000D+00 0.5028800000D+01 0.3315200000D+01-0.4361900000D+01
1 2320130527201306032456439.4 0.1910000000D-01 0.8500000000D-03 0.4253200000D+01 0.6929000000D-01 0.4170000000D-03 0.3260000000D-01 0.7249840000D+00 0.5485900000D+01 0.4065300000D+01-0.4715700000D+01 0.4210000000D-01-0.1600000000D-03 0.3238400000D+01 0.2838000000D-01 0.3140000000D-03 0.2420000000D-01 0.3158410000D+00 0.4554800000D+01 0.2733200000D+01-0.5093000000D+01
1 2420130603201306102456446.4 0.2460000000D-01 0.8700000000D-03 0.4285200000D+01 0.6970000000D-01 0.3650000000D-03 0.3260000000D-01 0.2999210000D+00 0.5094700000D+01 0.3576300000D+01-0.5507900000D+01 0.4070000000D-01-0.2400000000D-03 0.3140400000D+01 0.2752000000D-01 0.3490000000D-03 0.2340000000D-01 0.6235206000D+01 0.4083000000D+01 0.2175100000D+01-0.5828400000D+01
1 2520130610201306172456453.4 0.3020000000D-01 0.8600000000D-03 0.4334700000D+01 0.7003000000D-01 0.3650000000D-03 0.3300000000D-01 0.6159668000D+01 0.4709000000D+01 0.2939700000D+01-0.2510000000D-01 0.3880000000D-01-0.3300000000D-03 0.3027200000D+01 0.2636000000D-01 0.3850000000D-03 0.2250000000D-01 0.5875628000D+01 0.3601500000D+01 0.1722900000D+01-0.2757000000D+00
1 2620130617201306242456460.4 0.3590000000D-01 0.8300000000D-03 0.4401000000D+01 0.6975000000D-01 0.4250000000D-03 0.3380000000D-01 0.5738496000D+01 0.4326600000D+01 0.2420400000D+01-0.8159000000D+00 0.3640000000D-01-0.4100000000D-03 0.2900400000D+01 0.2518000000D-01 0.3880000000D-03 0.2160000000D-01 0.5521416000D+01 0.3099900000D+01 0.1301100000D+01-0.9924000000D+00
1 2720130624201307012456467.4 0.4140000000D-01 0.7700000000D-03 0.4483000000D+01 0.6875000000D-01 0.4560000000D-03 0.3460000000D-01 0.5320352000D+01 0.3940200000D+01 0.2077200000D+01-0.1591400000D+01 0.3360000000D-01-0.4700000000D-03 0.2761700000D+01 0.2435000000D-01 0.3620000000D-03 0.2050000000D-01 0.5173981000D+01 0.2581700000D+01 0.8201000000D+00-0.1699500000D+01
1 2820130701201307082456474.4 0.4690000000D-01 0.6700000000D-03 0.4578200000D+01 0.6745000000D-01 0.4170000000D-03 0.3500000000D-01 0.4905969000D+01 0.3546900000D+01 0.1783900000D+01-0.2370600000D+01 0.3020000000D-01-0.5400000000D-03 0.2612500000D+01 0.2387000000D-01 0.3450000000D-03 0.1920000000D-01 0.4834894000D+01 0.2061700000D+01 0.2687000000D+00-0.2405600000D+01
1 2920130708201307152456481.4 0.5220000000D-01 0.5700000000D-03 0.4683100000D+01 0.6632000000D-01 0.3420000000D-03 0.3580000000D-01 0.4495837000D+01 0.3151100000D+01 0.1405000000D+01-0.3154300000D+01 0.2650000000D-01-0.6000000000D-03 0.2455400000D+01 0.2346000000D-01 0.3490000000D-03 0.1810000000D-01 0.4505910000D+01 0.1544800000D+01 0.6037100000D+01-0.3100500000D+01
1 3020130715201307222456488.4 0.5690000000D-01 0.5400000000D-03 0.4794100000D+01 0.6542000000D-01 0.3020000000D-03 0.3690000000D-01 0.4090107000D+01 0.2759600000D+01 0.8404000000D+00-0.3926900000D+01 0.2230000000D-01-0.6400000000D-03 0.2294700000D+01 0.2311000000D-01 0.3500000000D-03 0.1690000000D-01 0.4189158000D+01 0.1026100000D+01 0.5599100000D+01-0.3774300000D+01
1 3120130722201307292456495.4 0.6110000000D-01 0.6000000000D-03 0.4908400000D+01 0.6443000000D-01 0.3410000000D-03 0.3790000000D-01 0.3688582000D+01 0.2376100000D+01 0.3029000000D+00-0.4686300000D+01 0.1780000000D-01-0.6800000000D-03 0.2135300000D+01 0.2300000000D-01 0.3350000000D-03 0.1570000000D-01 0.3887202000D+01 0.5052000000D+00 0.5180600000D+01-0.4430300000D+01
1 3220130729201308052456502.4 0.6510000000D-01 0.7000000000D-03 0.5024800000D+01 0.6291000000D-01 0.3960000000D-03 0.3850000000D-01 0.3290958000D+01 0.1996000000D+01 0.6271400000D+01-0.5445900000D+01 0.1300000000D-01-0.7100000000D-03 0.1983700000D+01 0.2325000000D-01 0.3120000000D-03 0.1450000000D-01 0.3602899000D+01 0.6272400000D+01 0.4717300000D+01-0.5073100000D+01
1 3320130805201308122456509.4 0.6910000000D-01 0.7400000000D-03 0.5143100000D+01 0.6101000000D-01 0.3910000000D-03 0.3940000000D-01 0.2897231000D+01 0.1610100000D+01 0.6054300000D+01-0.6209300000D+01 0.7800000000D-02-0.7400000000D-03 0.1847500000D+01 0.2372000000D-01 0.3020000000D-03 0.1360000000D-01 0.3338964000D+01 0.5769600000D+01 0.4216100000D+01-0.5696200000D+01
1 3420130812201308192456516.4 0.7340000000D-01 0.6300000000D-03 0.5261400000D+01 0.5938000000D-01 0.3190000000D-03 0.4050000000D-01 0.2507491000D+01 0.1216400000D+01 0.5775000000D+01-0.6818000000D+00 0.2500000000D-02-0.7800000000D-03 0.1735300000D+01 0.2421000000D-01 0.3070000000D-03 0.1300000000D-01 0.3096865000D+01 0.5278700000D+01 0.3753400000D+01-0.7600000000D-02
1 3520130819201308262456523.4 0.7750000000D-01 0.4400000000D-03 0.5377300000D+01 0.5834000000D-01 0.2380000000D-03 0.4150000000D-01 0.2121489000D+01 0.8236000000D+00 0.5283700000D+01-0.1428300000D+01-0.3000000000D-02-0.8300000000D-03 0.1656700000D+01 0.2476000000D-01 0.3080000000D-03 0.1250000000D-01 0.2875301000D+01 0.4793400000D+01 0.3336200000D+01-0.5842000000D+00
1 3620130826201309022456530.4 0.8120000000D-01 0.2900000000D-03 0.5489000000D+01 0.5757000000D-01 0.2320000000D-03 0.4220000000D-01 0.1738607000D+01 0.4424000000D+00 0.4662300000D+01-0.2171400000D+01-0.8700000000D-02-0.8500000000D-03 0.1620200000D+01 0.2549000000D-01 0.2980000000D-03 0.1230000000D-01 0.2669027000D+01 0.4314000000D+01 0.2900500000D+01-0.1155600000D+01
1 3720130902201309092456537.4 0.8410000000D-01 0.2700000000D-03 0.5597800000D+01 0.5645000000D-01 0.2790000000D-03 0.4290000000D-01 0.1358309000D+01 0.7250000000D-01 0.4341300000D+01-0.2918600000D+01-0.1470000000D-01-0.8600000000D-03 0.1631500000D+01 0.2638000000D-01 0.2910000000D-03 0.1260000000D-01 0.2468935000D+01 0.3844600000D+01 0.2427200000D+01-0.1723700000D+01
1 3820130909201309162456544.4 0.8660000000D-01 0.3400000000D-03 0.5705700000D+01 0.5500000000D-01 0.3030000000D-03 0.4390000000D-01 0.9804960000D+00 0.5985000000D+01 0.4217300000D+01-0.3664200000D+01-0.2080000000D-01-0.8600000000D-03 0.1691600000D+01 0.2729000000D-01 0.2970000000D-03 0.1330000000D-01 0.2264305000D+01 0.3385800000D+01 0.1964800000D+01-0.2295700000D+01
1 3920130916201309232456551.4 0.8880000000D-01 0.4100000000D-03 0.5813100000D+01 0.5385000000D-01 0.2800000000D-03 0.4490000000D-01 0.6051980000D+00 0.5607500000D+01 0.4091700000D+01-0.4400700000D+01-0.2700000000D-01-0.8600000000D-03 0.1796600000D+01 0.2818000000D-01 0.3060000000D-03 0.1420000000D-01 0.2046323000D+01 0.2933100000D+01 0.1555900000D+01-0.2884300000D+01
1 4020130923201309302456558.4 0.9130000000D-01 0.4300000000D-03 0.5919300000D+01 0.5342000000D-01 0.2250000000D-03 0.4560000000D-01 0.2321440000D+00 0.5229900000D+01 0.3827600000D+01-0.5132300000D+01-0.3310000000D-01-0.8800000000D-03 0.1939700000D+01 0.2921000000D-01 0.3000000000D-03 0.1540000000D-01 0.1810242000D+01 0.2483700000D+01 0.1170300000D+01-0.3497300000D+01
1 4120130930201310072456565.4 0.9390000000D-01 0.3800000000D-03 0.6024800000D+01 0.5354000000D-01 0.1810000000D-03 0.4610000000D-01 0.6144067000D+01 0.4861000000D+01 0.3285700000D+01-0.5868700000D+01-0.3940000000D-01-0.9100000000D-03 0.2113800000D+01 0.3048000000D-01 0.2780000000D-03 0.1690000000D-01 0.1555159000D+01 0.2041200000D+01 0.7461000000D+00-0.4129400000D+01
1 4220131007201310142456572.4 0.9640000000D-01 0.3600000000D-03 0.6131600000D+01 0.5374000000D-01 0.1930000000D-03 0.4700000000D-01 0.5774207000D+01 0.4502300000D+01 0.2649500000D+01-0.3250000000D+00-0.4560000000D-01-0.9500000000D-03 0.2312600000D+01 0.3187000000D-01 0.2630000000D-03 0.1850000000D-01 0.1282644000D+01 0.1610500000D+01 0.2752000000D+00-0.4770700000D+01
1 4320131014201310212456579.4 0.9870000000D-01 0.3700000000D-03 0.6241900000D+01 0.5371000000D-01 0.2180000000D-03 0.4820000000D-01 0.5405527000D+01 0.4146900000D+01 0.2302700000D+01-0.1054000000D+01-0.5210000000D-01-0.9500000000D-03 0.2531000000D+01 0.3321000000D-01 0.2680000000D-03 0.2020000000D-01 0.9953520000D+00 0.1190200000D+01 0.6138400000D+01-0.5424000000D+01
1 4420131021201310282456586.4 0.1010000000D+00 0.3700000000D-03 0.6357100000D+01 0.5360000000D-01 0.2100000000D-03 0.4900000000D-01 0.5037890000D+01 0.3790900000D+01 0.2175500000D+01-0.1777900000D+01-0.5870000000D-01-0.9200000000D-03 0.2765100000D+01 0.3451000000D-01 0.2810000000D-03 0.2200000000D-01 0.6960730000D+00 0.7762000000D+00 0.5823700000D+01-0.6092900000D+01
1 4520131028201311042456593.4 0.1035000000D+00 0.3000000000D-03 0.6478800000D+01 0.5371000000D-01 0.1800000000D-03 0.4970000000D-01 0.4671172000D+01 0.3435200000D+01 0.2206200000D+01-0.2508000000D+01-0.6540000000D-01-0.8800000000D-03 0.3012300000D+01 0.3595000000D-01 0.2780000000D-03 0.2390000000D-01 0.3873080000D+00 0.3657000000D+00 0.5579800000D+01-0.4900000000D+00
1 4620131104201311112456600.4 0.1061000000D+00 0.2200000000D-03 0.6608600000D+01 0.5436000000D-01 0.1390000000D-03 0.5070000000D-01 0.4305330000D+01 0.3082500000D+01 0.2351000000D+01-0.3241300000D+01-0.7210000000D-01-0.8700000000D-03 0.3270500000D+01 0.3773000000D-01 0.2500000000D-03 0.2600000000D-01 0.7106600000D-01 0.6244900000D+01 0.5319900000D+01-0.1172300000D+01
1 4720131111201311182456607.4 0.1086000000D+00 0.2200000000D-03 0.6747800000D+01 0.5568000000D-01 0.9900000000D-04 0.5200000000D-01 0.3940254000D+01 0.2738100000D+01 0.2446400000D+01-0.3967400000D+01-0.7860000000D-01-0.9200000000D-03 0.3539100000D+01 0.3984000000D-01 0.2180000000D-03 0.2810000000D-01 0.6032061000D+01 0.5854800000D+01 0.4935800000D+01-0.1853700000D+01
1 4820131118201311252456614.4 0.1109000000D+00 0.3500000000D-03 0.6898200000D+01 0.5735000000D-01 0.7200000000D-04 0.5320000000D-01 0.3575657000D+01 0.2406600000D+01 0.1992500000D+01-0.4688300000D+01-0.8520000000D-01-0.1040000000D-02 0.3818500000D+01 0.4201000000D-01 0.2220000000D-03 0.3010000000D-01 0.5705256000D+01 0.5479300000D+01 0.4462800000D+01-0.2542200000D+01
1 4920131125201312022456621.4 0.1132000000D+00 0.5800000000D-03 0.7063700000D+01 0.5900000000D-01 0.1120000000D-03 0.5430000000D-01 0.3211349000D+01 0.2083900000D+01 0.1285800000D+01-0.5413500000D+01-0.9210000000D-01-0.1150000000D-02 0.4109900000D+01 0.4409000000D-01 0.2530000000D-03 0.3230000000D-01 0.5375127000D+01 0.5111400000D+01 0.4120900000D+01-0.3237500000D+01
1 5020131202201312092456628.4 0.1161000000D+00 0.7400000000D-03 0.7248900000D+01 0.6059000000D-01 0.1890000000D-03 0.5570000000D-01 0.2847441000D+01 0.1760900000D+01 0.1124800000D+01-0.6140800000D+01-0.9940000000D-01-0.1190000000D-02 0.4414500000D+01 0.4619000000D-01 0.2740000000D-03 0.3470000000D-01 0.5042800000D+01 0.4744300000D+01 0.3958100000D+01-0.3934000000D+01
1 5120131209201312162456635.4 0.1200000000D+00 0.7200000000D-03 0.7457300000D+01 0.6251000000D-01 0.2630000000D-03 0.5740000000D-01 0.2484229000D+01 0.1432400000D+01 0.1189100000D+01-0.5843000000D+00-0.1074000000D+00-0.1140000000D-02 0.4732700000D+01 0.4863000000D-01 0.2700000000D-03 0.3730000000D-01 0.4709053000D+01 0.4379100000D+01 0.3909500000D+01-0.4627700000D+01
1 5220131216201312232456642.4 0.1246000000D+00 0.5900000000D-03 0.7690600000D+01 0.6536000000D-01 0.3080000000D-03 0.5950000000D-01 0.2121881000D+01 0.1105400000D+01 0.1280700000D+01-0.1305400000D+01-0.1156000000D+00-0.1090000000D-02 0.5065600000D+01 0.5166000000D-01 0.2490000000D-03 0.3980000000D-01 0.4374301000D+01 0.4026200000D+01 0.3834700000D+01-0.5319300000D+01
1 5320131223201312302456649.4 0.1293000000D+00 0.5000000000D-03 0.7951800000D+01 0.6911000000D-01 0.3110000000D-03 0.6150000000D-01 0.1760362000D+01 0.7929000000D+00 0.1270800000D+01-0.2022700000D+01-0.1240000000D+00-0.1100000000D-02 0.5416600000D+01 0.5502000000D-01 0.2280000000D-03 0.4240000000D-01 0.4038990000D+01 0.3691700000D+01 0.3594700000D+01-0.6015100000D+01
1 5420131230201401062456656.4 0.1340000000D+00 0.5400000000D-03 0.8247400000D+01 0.7316000000D-01 0.2920000000D-03 0.6360000000D-01 0.1399817000D+01 0.4970000000D+00 0.1059700000D+01-0.2743400000D+01-0.1324000000D+00-0.1210000000D-02 0.5789800000D+01 0.5843000000D-01 0.2430000000D-03 0.4530000000D-01 0.3703834000D+01 0.3370600000D+01 0.3220400000D+01-0.4315000000D+00
1 5520140106201401132456663.4 0.1386000000D+00 0.7000000000D-03 0.8585000000D+01 0.7713000000D-01 0.3140000000D-03 0.6630000000D-01 0.1040792000D+01 0.2102000000D+00 0.6409000000D+00-0.3467600000D+01-0.1412000000D+00-0.1380000000D-02 0.6188500000D+01 0.6188000000D-01 0.3020000000D-03 0.4860000000D-01 0.3369583000D+01 0.3055700000D+01 0.2900000000D+01-0.1128800000D+01
2 5620121231201301072456292.4-0.4400000000D-02 0.1700000000D-03 0.1448560000D+02 0.1891400000D+00 0.1789000000D-02 0.8000000000D-03 0.3490894000D+01 0.1902800000D+01 0.1717000000D+00 0.4821500000D+01 0.4000000000D-03-0.3000000000D-04 0.4509300000D+01 0.7796000000D-01 0.1254000000D-02 0.6000000000D-03 0.1622921000D+01 0.2972400000D+01 0.1059300000D+01 0.3178800000D+01
2 5720130107201301142456299.4-0.4300000000D-02 0.1900000000D-03 0.1443690000D+02 0.1863400000D+00 0.1660000000D-02 0.1200000000D-02 0.5523920000D+00 0.5204500000D+01 0.3411600000D+01 0.5769000000D+01 0.3000000000D-03-0.4000000000D-04 0.4707600000D+01 0.7399000000D-01 0.1204000000D-02 0.5000000000D-03 0.5164718000D+01 0.6182300000D+01 0.4354200000D+01 0.3437800000D+01
2 5820130114201301212456306.4-0.4400000000D-02 0.2200000000D-03 0.1433650000D+02 0.1828500000D+00 0.1681000000D-02 0.1500000000D-02 0.3898382000D+01 0.2233000000D+01 0.4729000000D+00 0.6118800000D+01 0.2000000000D-03-0.3000000000D-04 0.5035200000D+01 0.7157000000D-01 0.1229000000D-02 0.3000000000D-03 0.2395764000D+01 0.3102700000D+01 0.1227100000D+01 0.4026500000D+01
2 5920130121201301282456313.4-0.4100000000D-02 0.1700000000D-03 0.1419290000D+02 0.1796600000D+00 0.1507000000D-02 0.1700000000D-02 0.9621880000D+00 0.5539300000D+01 0.3856600000D+01 0.7610000000D-01 0.2000000000D-03-0.4000000000D-04 0.5446800000D+01 0.6843000000D-01 0.1218000000D-02 0.3000000000D-03 0.5880717000D+01 0.1270000000D-01 0.4528500000D+01 0.5482000000D+01
2 6020130128201302042456320.4-0.3900000000D-02 0.1400000000D-03 0.1400520000D+02 0.1789200000D+00 0.1540000000D-02 0.1500000000D-02 0.4309882000D+01 0.2573300000D+01 0.7918000000D+00 0.2436000000D+00 0.1000000000D-03-0.2000000000D-04 0.5898400000D+01 0.6713000000D-01 0.1154000000D-02 0.6000000000D-03 0.3055813000D+01 0.3192900000D+01 0.1428200000D+01 0.6065600000D+01
2 6120130204201302112456327.4-0.3700000000D-02 0.1400000000D-03 0.1378170000D+02 0.1751600000D+00 0.1367000000D-02 0.1000000000D-02 0.1374045000D+01 0.5888200000D+01 0.4371300000D+01 0.6623000000D+00 0.2000000000D-03-0.4000000000D-04 0.6361100000D+01 0.6593000000D-01 0.1264000000D-02 0.8000000000D-03 0.2089680000D+00 0.1049000000D+00 0.4752800000D+01 0.6250700000D+01
2 6220130211201302182456334.4-0.3500000000D-02 0.1100000000D-03 0.1352670000D+02 0.1774400000D+00 0.1429000000D-02 0.7000000000D-03 0.4721464000D+01 0.2931500000D+01 0.1106700000D+01 0.1544900000D+01 0.2000000000D-03-0.4000000000D-04 0.6809600000D+01 0.6714000000D-01 0.1057000000D-02 0.7000000000D-03 0.3628635000D+01 0.3271900000D+01 0.1620200000D+01 0.2111000000D+00
2 6320130218201302252456341.4-0.3000000000D-02 0.6000000000D-04 0.1324700000D+02 0.1737200000D+00 0.1276000000D-02 0.9000000000D-03 0.1784046000D+01 0.6256200000D+01 0.4783100000D+01 0.2443500000D+01 0.3000000000D-03-0.5000000000D-04 0.7231200000D+01 0.6770000000D-01 0.1212000000D-02 0.5000000000D-03 0.7512990000D+00 0.2030000000D+00 0.4987600000D+01 0.5020000000D+00
2 6420130225201303042456348.4-0.2700000000D-02 0.5000000000D-04 0.1294950000D+02 0.1762700000D+00 0.1276000000D-02 0.1300000000D-02 0.5129020000D+01 0.3306300000D+01 0.1555100000D+01 0.2751400000D+01 0.3000000000D-03-0.5000000000D-04 0.7613900000D+01 0.7087000000D-01 0.1020000000D-02 0.3000000000D-03 0.4147524000D+01 0.3396700000D+01 0.1852200000D+01 0.1779200000D+01
2 6520130304201303112456355.4-0.2400000000D-02 0.1000000000D-04 0.1263860000D+02 0.1738600000D+00 0.1233000000D-02 0.1300000000D-02 0.2188274000D+01 0.3584000000D+00 0.5210100000D+01 0.2904800000D+01 0.5000000000D-03-0.9000000000D-04 0.7952200000D+01 0.7266000000D-01 0.1131000000D-02 0.6000000000D-03 0.1252164000D+01 0.3515000000D+00 0.5232400000D+01 0.2526100000D+01
2 6620130311201303182456362.4-0.2000000000D-02-0.1000000000D-04 0.1232370000D+02 0.1768600000D+00 0.1142000000D-02 0.1100000000D-02 0.5528858000D+01 0.3696500000D+01 0.1994200000D+01 0.3109600000D+01 0.6000000000D-03-0.9000000000D-04 0.8242700000D+01 0.7674000000D-01 0.9670000000D-03 0.8000000000D-03 0.4634362000D+01 0.3582300000D+01 0.2077600000D+01 0.2874800000D+01
2 6720130318201303252456369.4-0.1600000000D-02-0.1000000000D-04 0.1200810000D+02 0.1759400000D+00 0.1195000000D-02 0.6000000000D-03 0.2582903000D+01 0.7587000000D+00 0.5529900000D+01 0.3351700000D+01 0.8000000000D-03-0.8000000000D-04 0.8483600000D+01 0.7908000000D-01 0.1003000000D-02 0.8000000000D-03 0.1728308000D+01 0.5602000000D+00 0.5403900000D+01 0.3023800000D+01
2 6820130325201304012456376.4-0.1400000000D-02-0.2000000000D-04 0.1170320000D+02 0.1772700000D+00 0.1043000000D-02 0.3000000000D-03 0.5917155000D+01 0.4099200000D+01 0.2585600000D+01 0.4981900000D+01 0.9000000000D-03-0.9000000000D-04 0.8674800000D+01 0.8179000000D-01 0.9540000000D-03 0.5000000000D-03 0.5102041000D+01 0.3825800000D+01 0.2374000000D+01 0.3246500000D+01
2 6920130401201304082456383.4-0.9000000000D-03-0.6000000000D-04 0.1141050000D+02 0.1788800000D+00 0.1185000000D-02 0.7000000000D-03 0.2964640000D+01 0.1169400000D+01 0.5856300000D+01 0.5731600000D+01 0.1100000000D-02-0.1200000000D-03 0.8816200000D+01 0.8458000000D-01 0.9210000000D-03 0.3000000000D-03 0.2189996000D+01 0.8187000000D+00 0.5515100000D+01 0.4239100000D+01
2 7020130408201304152456390.4-0.7000000000D-03-0.6000000000D-04 0.1114240000D+02 0.1791300000D+00 0.1034000000D-02 0.1000000000D-02 0.8115000000D-02 0.4513300000D+01 0.3080900000D+01 0.5983300000D+01 0.1100000000D-02-0.9000000000D-04 0.8908900000D+01 0.8529000000D-01 0.9080000000D-03 0.4000000000D-03 0.5559082000D+01 0.4103300000D+01 0.2616300000D+01 0.5599400000D+01
2 7120130415201304222456397.4-0.4000000000D-03-0.5000000000D-04 0.1090200000D+02 0.1818700000D+00 0.1127000000D-02 0.1100000000D-02 0.3331199000D+01 0.1585400000D+01 0.6224600000D+01 0.6067400000D+01 0.1200000000D-02-0.8000000000D-04 0.8953900000D+01 0.8740000000D-01 0.8970000000D-03 0.8000000000D-03 0.2644182000D+01 0.1108400000D+01 0.5646000000D+01 0.5911100000D+01
2 7220130422201304292456404.4 0.0000000000D+00-0.9000000000D-04 0.1069930000D+02 0.1812300000D+00 0.1073000000D-02 0.9000000000D-03 0.3669160000D+00 0.4934700000D+01 0.3548700000D+01 0.6214300000D+01 0.1400000000D-02-0.1000000000D-03 0.8952200000D+01 0.8595000000D-01 0.8970000000D-03 0.9000000000D-03 0.6011612000D+01 0.4401200000D+01 0.2850900000D+01 0.6003700000D+01
2 7320130429201305062456411.4 0.3000000000D-03-0.9000000000D-04 0.1053910000D+02 0.1845500000D+00 0.1093000000D-02 0.6000000000D-03 0.3682943000D+01 0.2005500000D+01 0.3450000000D+00 0.2319000000D+00 0.1400000000D-02-0.9000000000D-04 0.8905300000D+01 0.8708000000D-01 0.8990000000D-03 0.8000000000D-03 0.3096603000D+01 0.1406900000D+01 0.5806700000D+01 0.6186400000D+01
2 7420130506201305132456418.4 0.5000000000D-03-0.7000000000D-04 0.1042700000D+02 0.1841800000D+00 0.1099000000D-02 0.2000000000D-03 0.7124050000D+00 0.5359000000D+01 0.3873000000D+01 0.1276900000D+01 0.1400000000D-02-0.7000000000D-04 0.8811900000D+01 0.8430000000D-01 0.9030000000D-03 0.4000000000D-03 0.1819220000D+00 0.4700800000D+01 0.2970300000D+01 0.8230000000D-01
2 7520130513201305202456425.4 0.8000000000D-03-0.9000000000D-04 0.1036900000D+02 0.1857900000D+00 0.1077000000D-02 0.6000000000D-03 0.4023340000D+01 0.2428200000D+01 0.8407000000D+00 0.2460000000D+01 0.1500000000D-02-0.8000000000D-04 0.8676100000D+01 0.8296000000D-01 0.8840000000D-03 0.2000000000D-03 0.3552327000D+01 0.1700600000D+01 0.6099900000D+01 0.1915100000D+01
2 7620130520201305272456432.4 0.1300000000D-02-0.1100000000D-03 0.1036580000D+02 0.1863600000D+00 0.1117000000D-02 0.8000000000D-03 0.1049961000D+01 0.5782800000D+01 0.4166900000D+01 0.2702400000D+01 0.1600000000D-02-0.9000000000D-04 0.8495300000D+01 0.8013000000D-01 0.9690000000D-03 0.5000000000D-03 0.6416480000D+00 0.4989500000D+01 0.3100500000D+01 0.2633500000D+01
2 7720130527201306032456439.4 0.1500000000D-02-0.7000000000D-04 0.1041980000D+02 0.1861300000D+00 0.1103000000D-02 0.1000000000D-02 0.4359855000D+01 0.2851000000D+01 0.1284000000D+01 0.2907800000D+01 0.1500000000D-02-0.6000000000D-04 0.8274100000D+01 0.7687000000D-01 0.8840000000D-03 0.7000000000D-03 0.4017139000D+01 0.1972600000D+01 0.8600000000D-01 0.2871500000D+01
2 7820130603201306102456446.4 0.1700000000D-02-0.5000000000D-04 0.1052750000D+02 0.1871200000D+00 0.1113000000D-02 0.9000000000D-03 0.1387988000D+01 0.6202900000D+01 0.4459500000D+01 0.3029100000D+01 0.1500000000D-02-0.5000000000D-04 0.8010500000D+01 0.7417000000D-01 0.1021000000D-02 0.8000000000D-03 0.1113512000D+01 0.5248500000D+01 0.3279500000D+01 0.2988700000D+01
2 7920130610201306172456453.4 0.2000000000D-02-0.5000000000D-04 0.1068630000D+02 0.1846700000D+00 0.1158000000D-02 0.6000000000D-03 0.4701209000D+01 0.3272800000D+01 0.1735200000D+01 0.3431600000D+01 0.1500000000D-02-0.5000000000D-04 0.7709400000D+01 0.6965000000D-01 0.8450000000D-03 0.5000000000D-03 0.4497508000D+01 0.2208600000D+01 0.3743000000D+00 0.3277600000D+01
2 8020130617201306242456460.4 0.2200000000D-02-0.3000000000D-04 0.1089060000D+02 0.1860400000D+00 0.1128000000D-02 0.5000000000D-03 0.1735036000D+01 0.3364000000D+00 0.4728000000D+01 0.4378900000D+01 0.1400000000D-02-0.4000000000D-04 0.7373400000D+01 0.6764000000D-01 0.1080000000D-02 0.3000000000D-03 0.1604892000D+01 0.5473600000D+01 0.3514100000D+01 0.4237300000D+01
2 8120130624201307012456467.4 0.2300000000D-02 0.1000000000D-04 0.1113200000D+02 0.1819000000D+00 0.1192000000D-02 0.7000000000D-03 0.5055271000D+01 0.3689600000D+01 0.2090200000D+01 0.5325500000D+01 0.1300000000D-02-0.1000000000D-04 0.7007200000D+01 0.6354000000D-01 0.8510000000D-03 0.4000000000D-03 0.5002082000D+01 0.2405800000D+01 0.5957000000D+00 0.5410700000D+01
2 8220130701201307082456474.4 0.2500000000D-02 0.2000000000D-04 0.1140380000D+02 0.1820600000D+00 0.1108000000D-02 0.1100000000D-02 0.2097267000D+01 0.7491000000D+00 0.5131600000D+01 0.5628100000D+01 0.1200000000D-02-0.2000000000D-04 0.6617600000D+01 0.6183000000D-01 0.1023000000D-02 0.7000000000D-03 0.2125661000D+01 0.5650600000D+01 0.3782200000D+01 0.5707400000D+01
2 8320130708201307152456481.4 0.2600000000D-02 0.5000000000D-04 0.1169590000D+02 0.1776400000D+00 0.1232000000D-02 0.1300000000D-02 0.5426363000D+01 0.4102900000D+01 0.2434800000D+01 0.5773200000D+01 0.1000000000D-02-0.1000000000D-04 0.6212600000D+01 0.5915000000D-01 0.8410000000D-03 0.6000000000D-03 0.5542691000D+01 0.2569400000D+01 0.8315000000D+00 0.5873400000D+01
2 8420130715201307222456488.4 0.2700000000D-02 0.8000000000D-04 0.1200370000D+02 0.1765900000D+00 0.1071000000D-02 0.1200000000D-02 0.2477389000D+01 0.1157800000D+01 0.5534000000D+01 0.5989300000D+01 0.9000000000D-03-0.1000000000D-04 0.5805500000D+01 0.5835000000D-01 0.9610000000D-03 0.5000000000D-03 0.2690208000D+01 0.5802100000D+01 0.4023600000D+01 0.6124100000D+01
2 8520130722201307292456495.4 0.2800000000D-02 0.8000000000D-04 0.1231510000D+02 0.1726600000D+00 0.1203000000D-02 0.8000000000D-03 0.5815598000D+01 0.4510000000D+01 0.2721000000D+01 0.6238500000D+01 0.8000000000D-03 0.0000000000D+00 0.5408000000D+01 0.5711000000D-01 0.8680000000D-03 0.2000000000D-03 0.6136133000D+01 0.2725000000D+01 0.1067300000D+01 0.6081000000D+00
2 8620130729201308052456502.4 0.2900000000D-02 0.9000000000D-04 0.1262880000D+02 0.1693200000D+00 0.1025000000D-02 0.5000000000D-03 0.2875011000D+01 0.1565700000D+01 0.6109600000D+01 0.1068100000D+01 0.7000000000D-03-0.2000000000D-04 0.5040600000D+01 0.5744000000D-01 0.8570000000D-03 0.3000000000D-03 0.3317204000D+01 0.5944100000D+01 0.4228100000D+01 0.2213000000D+01
2 8720130805201308122456509.4 0.2900000000D-02 0.1400000000D-03 0.1293460000D+02 0.1676700000D+00 0.1158000000D-02 0.9000000000D-03 0.6221509000D+01 0.4915800000D+01 0.2995900000D+01 0.2054000000D+01 0.5000000000D-03-0.1000000000D-04 0.4721600000D+01 0.5690000000D-01 0.8740000000D-03 0.5000000000D-03 0.5184930000D+00 0.2886500000D+01 0.1334900000D+01 0.2575100000D+01
2 8820130812201308192456516.4 0.3000000000D-02 0.1400000000D-03 0.1323520000D+02 0.1628300000D+00 0.1011000000D-02 0.1400000000D-02 0.3288110000D+01 0.1975600000D+01 0.3209000000D+00 0.2428100000D+01 0.4000000000D-03-0.2000000000D-04 0.4477100000D+01 0.5838000000D-01 0.8250000000D-03 0.5000000000D-03 0.4022664000D+01 0.6110100000D+01 0.4450700000D+01 0.2823500000D+01
2 8920130819201308262456523.4 0.3200000000D-02 0.1300000000D-03 0.1352250000D+02 0.1623200000D+00 0.1039000000D-02 0.1700000000D-02 0.3582760000D+00 0.5322200000D+01 0.3374400000D+01 0.2582900000D+01 0.3000000000D-03-0.1000000000D-04 0.4328000000D+01 0.5849000000D-01 0.8470000000D-03 0.3000000000D-03 0.1261131000D+01 0.3064200000D+01 0.1593000000D+01 0.3198800000D+01
2 9020130826201309022456530.4 0.3200000000D-02 0.1800000000D-03 0.1379880000D+02 0.1573800000D+00 0.9820000000D-03 0.1600000000D-02 0.3713947000D+01 0.2389600000D+01 0.8486000000D+00 0.2794300000D+01 0.2000000000D-03-0.2000000000D-04 0.4292800000D+01 0.6092000000D-01 0.8280000000D-03 0.3000000000D-03 0.4792155000D+01 0.2060000000D-01 0.4689500000D+01 0.4532500000D+01
2 9120130902201309092456537.4 0.3100000000D-02 0.2100000000D-03 0.1406280000D+02 0.1582400000D+00 0.9210000000D-03 0.1200000000D-02 0.7894130000D+00 0.5736900000D+01 0.3798100000D+01 0.3163800000D+01 0.0000000000D+00-0.1000000000D-04 0.4378900000D+01 0.6152000000D-01 0.8260000000D-03 0.5000000000D-03 0.2041054000D+01 0.3266300000D+01 0.1890300000D+01 0.5262100000D+01
2 9220130909201309162456544.4 0.3200000000D-02 0.1800000000D-03 0.1431630000D+02 0.1545900000D+00 0.9010000000D-03 0.8000000000D-03 0.4149645000D+01 0.2811300000D+01 0.1227200000D+01 0.3986400000D+01 0.0000000000D+00-0.1000000000D-04 0.4581700000D+01 0.6463000000D-01 0.8290000000D-03 0.6000000000D-03 0.5563263000D+01 0.2411000000D+00 0.5019100000D+01 0.5594700000D+01
2 9320130916201309232456551.4 0.3200000000D-02 0.2100000000D-03 0.1456150000D+02 0.1544900000D+00 0.8230000000D-03 0.1200000000D-02 0.1228843000D+01 0.6165300000D+01 0.4471900000D+01 0.4899600000D+01-0.1000000000D-03-0.1000000000D-04 0.4888600000D+01 0.6645000000D-01 0.8410000000D-03 0.6000000000D-03 0.2787154000D+01 0.3503000000D+01 0.2158900000D+01 0.5818300000D+01
2 9420130923201309302456558.4 0.3000000000D-02 0.2500000000D-03 0.1479950000D+02 0.1537900000D+00 0.7930000000D-03 0.1700000000D-02 0.4592571000D+01 0.3242800000D+01 0.1627100000D+01 0.5236000000D+01-0.2000000000D-03-0.2000000000D-04 0.5279400000D+01 0.7004000000D-01 0.7870000000D-03 0.4000000000D-03 0.6275683000D+01 0.4890000000D+00 0.5397000000D+01 0.1704000000D+00
2 9520130930201310072456565.4 0.3000000000D-02 0.2100000000D-03 0.1503460000D+02 0.1534300000D+00 0.7560000000D-03 0.1900000000D-02 0.1674297000D+01 0.3236000000D+00 0.5126800000D+01 0.5509900000D+01-0.3000000000D-03-0.1000000000D-04 0.5739400000D+01 0.7302000000D-01 0.8780000000D-03 0.4000000000D-03 0.3463243000D+01 0.3776500000D+01 0.2489500000D+01 0.1474300000D+01
2 9620131007201310142456572.4 0.3200000000D-02 0.1800000000D-03 0.1527060000D+02 0.1551200000D+00 0.6850000000D-03 0.1700000000D-02 0.5040298000D+01 0.3689700000D+01 0.2029900000D+01 0.5720100000D+01-0.4000000000D-03-0.1000000000D-04 0.6250300000D+01 0.7726000000D-01 0.7410000000D-03 0.7000000000D-03 0.6350690000D+00 0.7732000000D+00 0.5825900000D+01 0.2074000000D+01
2 9720131014201310212456579.4 0.3100000000D-02 0.2000000000D-03 0.1551090000D+02 0.1540500000D+00 0.8100000000D-03 0.1100000000D-02 0.2123572000D+01 0.7818000000D+00 0.5891300000D+01 0.6250500000D+01-0.4000000000D-03-0.1000000000D-04 0.6803100000D+01 0.8132000000D-01 0.9440000000D-03 0.9000000000D-03 0.4076293000D+01 0.4091200000D+01 0.2843800000D+01 0.2314500000D+01
2 9820131021201310282456586.4 0.3000000000D-02 0.1900000000D-03 0.1576070000D+02 0.1588700000D+00 0.5490000000D-03 0.1100000000D-02 0.5491040000D+01 0.4149400000D+01 0.2449700000D+01 0.9170000000D+00-0.5000000000D-03 0.1000000000D-04 0.7387400000D+01 0.8639000000D-01 0.6710000000D-03 0.9000000000D-03 0.1224056000D+01 0.1096200000D+01 0.1050000000D-01 0.2620900000D+01
2 9920131028201311042456593.4 0.3300000000D-02 0.1300000000D-03 0.1602270000D+02 0.1583400000D+00 0.8050000000D-03 0.1600000000D-02 0.2575074000D+01 0.1253900000D+01 0.1918000000D+00 0.1642600000D+01-0.6000000000D-03 0.2000000000D-04 0.7999400000D+01 0.9125000000D-01 0.9340000000D-03 0.7000000000D-03 0.4645535000D+01 0.4438800000D+01 0.3281700000D+01 0.3078500000D+01
210020131104201311112456600.4 0.3300000000D-02 0.1300000000D-03 0.1630630000D+02 0.1638400000D+00 0.4730000000D-03 0.2300000000D-02 0.5943043000D+01 0.4628100000D+01 0.3308500000D+01 0.1916500000D+01-0.7000000000D-03 0.3000000000D-04 0.8635800000D+01 0.9715000000D-01 0.6880000000D-03 0.7000000000D-03 0.1777583000D+01 0.1467700000D+01 0.4725000000D+00 0.4127600000D+01
210120131111201311182456607.4 0.3100000000D-02 0.1400000000D-03 0.1661230000D+02 0.1657600000D+00 0.8050000000D-03 0.2400000000D-02 0.3027479000D+01 0.1743000000D+01 0.6938000000D+00 0.2117400000D+01-0.7000000000D-03 0.5000000000D-04 0.9294800000D+01 0.1028100000D+00 0.9100000000D-03 0.1100000000D-02 0.5186816000D+01 0.4825000000D+01 0.3727400000D+01 0.4708500000D+01
210220131118201311252456614.4 0.3200000000D-02 0.1000000000D-03 0.1695370000D+02 0.1714000000D+00 0.5170000000D-03 0.2100000000D-02 0.1123440000D+00 0.5121000000D+01 0.4300000000D+01 0.2375100000D+01-0.8000000000D-03 0.8000000000D-04 0.9978300000D+01 0.1091200000D+00 0.7060000000D-03 0.1500000000D-02 0.2309213000D+01 0.1874200000D+01 0.1028900000D+01 0.5046900000D+01
210320131125201312022456621.4 0.3300000000D-02 0.7000000000D-04 0.1732870000D+02 0.1770000000D+00 0.6340000000D-03 0.1500000000D-02 0.3480141000D+01 0.2241800000D+01 0.1234900000D+01 0.2785200000D+01-0.8000000000D-03 0.7000000000D-04 0.1068560000D+02 0.1160800000D+00 0.7750000000D-03 0.1600000000D-02 0.5711197000D+01 0.5242600000D+01 0.4266500000D+01 0.5264100000D+01
210420131202201312092456628.4 0.3100000000D-02 0.9000000000D-04 0.1775590000D+02 0.1811900000D+00 0.8200000000D-03 0.1300000000D-02 0.5647470000D+00 0.5637300000D+01 0.5100900000D+01 0.3775000000D+01-0.8000000000D-03 0.9000000000D-04 0.1142390000D+02 0.1222400000D+00 0.8430000000D-03 0.1200000000D-02 0.2827865000D+01 0.2324300000D+01 0.1557400000D+01 0.5576700000D+01
210520131209201312162456635.4 0.3100000000D-02 0.4000000000D-04 0.1823550000D+02 0.1914800000D+00 0.4350000000D-03 0.1900000000D-02 0.3933036000D+01 0.2757800000D+01 0.1847500000D+01 0.4444500000D+01-0.9000000000D-03 0.1300000000D-03 0.1219240000D+02 0.1310500000D+00 0.5910000000D-03 0.9000000000D-03 0.6226255000D+01 0.5695400000D+01 0.4894900000D+01 0.3340000000D-01
210620131216201312232456642.4 0.3200000000D-02 0.0000000000D+00 0.1878490000D+02 0.1954400000D+00 0.9790000000D-03 0.2600000000D-02 0.1017982000D+01 0.6169500000D+01 0.5747000000D+01 0.4830100000D+01-0.9000000000D-03 0.1300000000D-03 0.1300110000D+02 0.1370400000D+00 0.8940000000D-03 0.1100000000D-02 0.3340264000D+01 0.2805000000D+01 0.2142100000D+01 0.1053800000D+01
210720131223201312302456649.4 0.3200000000D-02-0.2000000000D-04 0.1940970000D+02 0.2080300000D+00 0.4240000000D-03 0.2900000000D-02 0.4387282000D+01 0.3293300000D+01 0.3116200000D+01 0.5045600000D+01-0.8000000000D-03 0.1300000000D-03 0.1385160000D+02 0.1470300000D+00 0.5470000000D-03 0.1900000000D-02 0.4543780000D+00 0.6186400000D+01 0.5808200000D+01 0.1532500000D+01
210820131230201401062456656.4 0.3200000000D-02-0.8000000000D-04 0.2012740000D+02 0.2135900000D+00 0.1098000000D-02 0.2500000000D-02 0.1473769000D+01 0.4426000000D+00 0.1512000000D+00 0.5385200000D+01-0.9000000000D-03 0.2000000000D-03 0.1475560000D+02 0.1541300000D+00 0.9210000000D-03 0.2300000000D-02 0.3851425000D+01 0.3321900000D+01 0.2793200000D+01 0.1784500000D+01
210920140106201401132456663.4 0.3300000000D-02-0.1500000000D-03 0.2095190000D+02 0.2280800000D+00 0.5790000000D-03 0.2100000000D-02 0.4845710000D+01 0.3857700000D+01 0.4351700000D+01 0.5940900000D+01-0.9000000000D-03 0.2300000000D-03 0.1571960000D+02 0.1651600000D+00 0.6040000000D-03 0.2300000000D-02 0.9666870000D+00 0.4343000000D+00 0.4852000000D+00 0.2087200000D+01
