 7 5   2  44  56  71  95 4.4880 2.4930 1.5162 0.7217 0.4667  9.0 31.0 27.0 17.0 22.0  112 2455926.5000 2012                                                                                                                                                                                                                                                                      
1  220111231201201092455926.4 0.6500000000D-02 0.2300000000D-03 0.3677900000D+01 0.1627600000D+00 0.3505000000D-02 0.2300000000D-02 0.5152000000D-01 0.4753500000D+01 0.2989600000D+01 0.1055300000D+01-0.1100000000D-01-0.1800000000D-03 0.8398800000D+01 0.3684500000D+00 0.7861000000D-02 0.4600000000D-02 0.3929057000D+01 0.2337900000D+01 0.5385000000D+00 0.5116100000D+01
1  320120109201201182455935.4 0.7200000000D-02 0.1000000000D-04 0.3666200000D+01 0.1625300000D+00 0.3470000000D-02 0.2200000000D-02 0.2351130000D+01 0.7720000000D+00 0.5309000000D+01 0.5820900000D+01-0.9500000000D-02-0.3300000000D-03 0.8337400000D+01 0.3632700000D+00 0.7676000000D-02 0.5500000000D-02 0.6233942000D+01 0.4642400000D+01 0.2871800000D+01 0.3502500000D+01
1  420120118201201272455944.4 0.8000000000D-02-0.1500000000D-03 0.3660700000D+01 0.1635400000D+00 0.3487000000D-02 0.2200000000D-02 0.4649539000D+01 0.3074000000D+01 0.1309200000D+01 0.4101300000D+01-0.1100000000D-01 0.9000000000D-04 0.8279900000D+01 0.3613000000D+00 0.7545000000D-02 0.5200000000D-02 0.2256751000D+01 0.6648000000D+00 0.5160900000D+01 0.1786500000D+01
1  520120127201202052455953.4 0.8400000000D-02-0.1700000000D-03 0.3660600000D+01 0.1639300000D+00 0.3591000000D-02 0.2000000000D-02 0.6629410000D+00 0.5380300000D+01 0.3620600000D+01 0.2589600000D+01-0.1410000000D-01 0.7100000000D-03 0.8225900000D+01 0.3585300000D+00 0.7541000000D-02 0.6100000000D-02 0.4563214000D+01 0.2975000000D+01 0.1186500000D+01 0.2062000000D+00
1  620120205201202142455962.4 0.7100000000D-02 0.1200000000D-03 0.3669600000D+01 0.1645200000D+00 0.3538000000D-02 0.2400000000D-02 0.2958653000D+01 0.1393000000D+01 0.5926400000D+01 0.7674000000D+00-0.1140000000D-01 0.6000000000D-04 0.8180500000D+01 0.3550700000D+00 0.7369000000D-02 0.5300000000D-02 0.5870760000D+00 0.5281600000D+01 0.3508200000D+01 0.4656600000D+01
1  720120214201202232455971.4 0.6200000000D-02 0.2600000000D-03 0.3684300000D+01 0.1656100000D+00 0.3559000000D-02 0.2400000000D-02 0.5253776000D+01 0.3692100000D+01 0.1939200000D+01 0.5461300000D+01-0.8200000000D-02-0.5300000000D-03 0.8139200000D+01 0.3527200000D+00 0.7427000000D-02 0.6000000000D-02 0.2894884000D+01 0.1311900000D+01 0.5823100000D+01 0.2990000000D+01
1  820120223201203032455980.4 0.8000000000D-02-0.1500000000D-03 0.3704800000D+01 0.1663100000D+00 0.3613000000D-02 0.2800000000D-02 0.1264986000D+01 0.5992600000D+01 0.4250100000D+01 0.3668100000D+01-0.9900000000D-02 0.1000000000D-04 0.8108200000D+01 0.3503000000D+00 0.7302000000D-02 0.5600000000D-02 0.5203338000D+01 0.3621500000D+01 0.1857200000D+01 0.1193300000D+01
1  920120303201203122455989.4 0.8600000000D-02-0.2100000000D-03 0.3731600000D+01 0.1679800000D+00 0.3653000000D-02 0.2600000000D-02 0.3559748000D+01 0.2007700000D+01 0.2536000000D+00 0.1912100000D+01-0.1170000000D-01 0.4200000000D-03 0.8084900000D+01 0.3499500000D+00 0.7248000000D-02 0.5200000000D-02 0.1229752000D+01 0.5932400000D+01 0.4152600000D+01 0.5857600000D+01
1 1020120312201203212455998.4 0.7400000000D-02 0.1100000000D-03 0.3763900000D+01 0.1686700000D+00 0.3691000000D-02 0.3000000000D-02 0.5854155000D+01 0.4307200000D+01 0.2572000000D+01 0.2105000000D+00-0.1190000000D-01 0.3500000000D-03 0.8067100000D+01 0.3478200000D+00 0.7353000000D-02 0.5100000000D-02 0.3539385000D+01 0.1966700000D+01 0.2007000000D+00 0.4052800000D+01
1 1120120321201203302456007.4 0.6900000000D-02 0.1900000000D-03 0.3802300000D+01 0.1703100000D+00 0.3692000000D-02 0.2500000000D-02 0.1866343000D+01 0.3203000000D+00 0.4863300000D+01 0.4758400000D+01-0.9200000000D-02-0.2200000000D-03 0.8063500000D+01 0.3470800000D+00 0.7175000000D-02 0.4900000000D-02 0.5849978000D+01 0.4275700000D+01 0.2513300000D+01 0.2561500000D+01
1 1220120330201204082456016.4 0.7200000000D-02 0.8000000000D-04 0.3843600000D+01 0.1727700000D+00 0.3762000000D-02 0.2600000000D-02 0.4162766000D+01 0.2620500000D+01 0.8570000000D+00 0.3064300000D+01-0.7100000000D-02-0.5000000000D-03 0.8066500000D+01 0.3473100000D+00 0.7119000000D-02 0.4900000000D-02 0.1878141000D+01 0.3053000000D+00 0.4823800000D+01 0.8745000000D+00
1 1320120408201204172456025.4 0.8800000000D-02-0.2000000000D-03 0.3890200000D+01 0.1734500000D+00 0.3753000000D-02 0.2400000000D-02 0.1760840000D+00 0.4918400000D+01 0.3180900000D+01 0.1397500000D+01-0.1040000000D-01 0.3200000000D-03 0.8076500000D+01 0.3461700000D+00 0.7180000000D-02 0.5000000000D-02 0.4189430000D+01 0.2622200000D+01 0.8751000000D+00 0.5599800000D+01
1 1420120417201204262456034.4 0.8900000000D-02-0.1200000000D-03 0.3940400000D+01 0.1752700000D+00 0.3773000000D-02 0.2400000000D-02 0.2474226000D+01 0.9337000000D+00 0.5477300000D+01 0.6126600000D+01-0.1190000000D-01 0.5400000000D-03 0.8096100000D+01 0.3474000000D+00 0.7245000000D-02 0.5700000000D-02 0.2184600000D+00 0.4937500000D+01 0.3183200000D+01 0.3887800000D+01
1 1520120426201205052456043.4 0.6900000000D-02 0.3200000000D-03 0.3991900000D+01 0.1771900000D+00 0.3799000000D-02 0.2300000000D-02 0.4773578000D+01 0.3234400000D+01 0.1490400000D+01 0.4413400000D+01-0.9100000000D-02-0.1600000000D-03 0.8123400000D+01 0.3473400000D+00 0.7224000000D-02 0.5600000000D-02 0.2530643000D+01 0.9692000000D+00 0.5516600000D+01 0.2289000000D+01
1 1620120505201205142456052.4 0.7300000000D-02 0.1600000000D-03 0.4046000000D+01 0.1786300000D+00 0.3816000000D-02 0.2600000000D-02 0.7909200000D+00 0.5534600000D+01 0.3797100000D+01 0.2789100000D+01-0.7400000000D-02-0.3800000000D-03 0.8159300000D+01 0.3491100000D+00 0.7261000000D-02 0.5900000000D-02 0.4843385000D+01 0.3283800000D+01 0.1541400000D+01 0.4857000000D+00
1 1720120514201205232456061.4 0.9000000000D-02-0.1700000000D-03 0.4099300000D+01 0.1802100000D+00 0.3932000000D-02 0.2900000000D-02 0.3092988000D+01 0.1557800000D+01 0.6108300000D+01 0.1121000000D+01-0.7800000000D-02-0.1400000000D-03 0.8199600000D+01 0.3523800000D+00 0.7422000000D-02 0.5800000000D-02 0.8734210000D+00 0.5601200000D+01 0.3840700000D+01 0.5056500000D+01
1 1820120523201206012456070.4 0.9200000000D-02-0.1200000000D-03 0.4154000000D+01 0.1820300000D+00 0.3897000000D-02 0.2800000000D-02 0.5396543000D+01 0.3858100000D+01 0.2119600000D+01 0.5725100000D+01-0.1080000000D-01 0.4600000000D-03 0.8249000000D+01 0.3531000000D+00 0.7324000000D-02 0.5700000000D-02 0.3186069000D+01 0.1629900000D+01 0.6173300000D+01 0.3407700000D+01
1 1920120601201206102456079.4 0.8500000000D-02 0.8000000000D-04 0.4207700000D+01 0.1840900000D+00 0.3923000000D-02 0.3200000000D-02 0.1418688000D+01 0.6160900000D+01 0.4407700000D+01 0.3935300000D+01-0.1110000000D-01 0.3700000000D-03 0.8304000000D+01 0.3555500000D+00 0.7404000000D-02 0.5100000000D-02 0.5499032000D+01 0.3944100000D+01 0.2203800000D+01 0.1627300000D+01
1 2020120610201206192456088.4 0.7200000000D-02 0.3000000000D-03 0.4257400000D+01 0.1852700000D+00 0.3996000000D-02 0.3000000000D-02 0.3725164000D+01 0.2185700000D+01 0.4398000000D+00 0.2276500000D+01-0.6600000000D-02-0.5500000000D-03 0.8361100000D+01 0.3585600000D+00 0.7452000000D-02 0.5200000000D-02 0.1528780000D+01 0.6257900000D+01 0.4515800000D+01 0.3100000000D-01
1 2120120619201206282456097.4 0.8400000000D-02 0.2000000000D-04 0.4306200000D+01 0.1868300000D+00 0.3954000000D-02 0.3100000000D-02 0.6033303000D+01 0.4488100000D+01 0.2732700000D+01 0.5669000000D+00-0.6700000000D-02-0.3500000000D-03 0.8422800000D+01 0.3612100000D+00 0.7488000000D-02 0.5200000000D-02 0.3841355000D+01 0.2287000000D+01 0.5469000000D+00 0.4659400000D+01
1 2220120628201207072456106.4 0.1040000000D-01-0.3200000000D-03 0.4350400000D+01 0.1876200000D+00 0.3940000000D-02 0.2700000000D-02 0.2059717000D+01 0.5099000000D+00 0.5047600000D+01 0.5120600000D+01-0.9900000000D-02 0.3600000000D-03 0.8484300000D+01 0.3632900000D+00 0.7747000000D-02 0.5100000000D-02 0.6153573000D+01 0.4604100000D+01 0.2878600000D+01 0.3180300000D+01
1 2320120707201207162456115.4 0.9100000000D-02 0.3000000000D-04 0.4388000000D+01 0.1884600000D+00 0.3959000000D-02 0.2800000000D-02 0.4370702000D+01 0.2818400000D+01 0.1071100000D+01 0.3540900000D+01-0.1040000000D-01 0.3500000000D-03 0.8549100000D+01 0.3671900000D+00 0.7692000000D-02 0.5400000000D-02 0.2182480000D+01 0.6297000000D+00 0.5177800000D+01 0.1384100000D+01
1 2420120716201207252456124.4 0.7700000000D-02 0.2900000000D-03 0.4419300000D+01 0.1895600000D+00 0.4032000000D-02 0.2400000000D-02 0.3999930000D+00 0.5129400000D+01 0.3364300000D+01 0.1897200000D+01-0.8800000000D-02-0.5000000000D-04 0.8612600000D+01 0.3714000000D+00 0.7820000000D-02 0.6100000000D-02 0.4494165000D+01 0.2940800000D+01 0.1189900000D+01 0.6155900000D+01
1 2520120725201208032456133.4 0.8300000000D-02 0.9000000000D-04 0.4444600000D+01 0.1891100000D+00 0.3975000000D-02 0.2700000000D-02 0.2713437000D+01 0.1153500000D+01 0.5694900000D+01 0.3045000000D+00-0.5700000000D-02-0.5900000000D-03 0.8671900000D+01 0.3735100000D+00 0.7998000000D-02 0.6200000000D-02 0.5217170000D+00 0.5253300000D+01 0.3517700000D+01 0.4360600000D+01
1 2620120803201208122456142.4 0.9600000000D-02-0.1400000000D-03 0.4461700000D+01 0.1899400000D+00 0.3961000000D-02 0.2700000000D-02 0.5028559000D+01 0.3462800000D+01 0.1698600000D+01 0.4882400000D+01-0.7400000000D-02-0.1000000000D-03 0.8730400000D+01 0.3776400000D+00 0.7976000000D-02 0.6000000000D-02 0.2832144000D+01 0.1275800000D+01 0.5808800000D+01 0.2720100000D+01
1 2720120812201208212456151.4 0.1020000000D-01-0.2300000000D-03 0.4469700000D+01 0.1902100000D+00 0.4015000000D-02 0.3100000000D-02 0.1061384000D+01 0.5776300000D+01 0.3997700000D+01 0.3343700000D+01-0.1140000000D-01 0.6800000000D-03 0.8782800000D+01 0.3798400000D+00 0.8032000000D-02 0.6500000000D-02 0.5141636000D+01 0.3582700000D+01 0.1841200000D+01 0.8820000000D+00
1 2820120821201208302456160.4 0.8500000000D-02 0.1600000000D-03 0.4470600000D+01 0.1891600000D+00 0.3906000000D-02 0.2900000000D-02 0.3377963000D+01 0.1800800000D+01 0.3860000000D-01 0.1486200000D+01-0.9000000000D-02 0.5000000000D-04 0.8826900000D+01 0.3823900000D+00 0.8112000000D-02 0.5600000000D-02 0.1167300000D+01 0.5889300000D+01 0.4146700000D+01 0.5556500000D+01
1 2920120830201209082456169.4 0.7300000000D-02 0.3300000000D-03 0.4461500000D+01 0.1885900000D+00 0.3936000000D-02 0.3400000000D-02 0.5695339000D+01 0.4115300000D+01 0.2345800000D+01 0.6179900000D+01-0.6000000000D-02-0.5400000000D-03 0.8860600000D+01 0.3857500000D+00 0.8334000000D-02 0.5800000000D-02 0.3475453000D+01 0.1914700000D+01 0.1523000000D+00 0.3760100000D+01
1 3020120908201209172456178.4 0.9300000000D-02-0.1400000000D-03 0.4444600000D+01 0.1876400000D+00 0.3889000000D-02 0.3200000000D-02 0.1729975000D+01 0.1439000000D+00 0.4656000000D+01 0.4384000000D+01-0.6700000000D-02-0.2200000000D-03 0.8888500000D+01 0.3858700000D+00 0.8260000000D-02 0.5100000000D-02 0.5782466000D+01 0.4216600000D+01 0.2475000000D+01 0.2156800000D+01
1 3120120917201209262456187.4 0.9900000000D-02-0.2400000000D-03 0.4419500000D+01 0.1869100000D+00 0.3844000000D-02 0.3000000000D-02 0.4048266000D+01 0.2456100000D+01 0.6739000000D+00 0.2822600000D+01-0.8800000000D-02 0.2500000000D-03 0.8905400000D+01 0.3887600000D+00 0.8260000000D-02 0.5700000000D-02 0.1806208000D+01 0.2351000000D+00 0.4755800000D+01 0.5494000000D+00
1 3220120926201210052456196.4 0.8800000000D-02 0.2000000000D-04 0.4385900000D+01 0.1851500000D+00 0.3910000000D-02 0.2800000000D-02 0.8287700000D-01 0.4775500000D+01 0.3003900000D+01 0.9682000000D+00-0.1050000000D-01 0.5100000000D-03 0.8907700000D+01 0.3902300000D+00 0.8443000000D-02 0.4800000000D-02 0.4112091000D+01 0.2541400000D+01 0.7661000000D+00 0.5248900000D+01
1 3320121005201210142456205.4 0.7700000000D-02 0.2100000000D-03 0.4349400000D+01 0.1840600000D+00 0.3779000000D-02 0.2700000000D-02 0.2400692000D+01 0.8012000000D+00 0.5304100000D+01 0.5779300000D+01-0.7200000000D-02-0.2500000000D-03 0.8904000000D+01 0.3892500000D+00 0.8271000000D-02 0.6100000000D-02 0.1339250000D+00 0.4839100000D+01 0.3078500000D+01 0.3535200000D+01
1 3420121014201210232456214.4 0.7500000000D-02 0.1500000000D-03 0.4306600000D+01 0.1830600000D+00 0.3755000000D-02 0.2500000000D-02 0.4717974000D+01 0.3115900000D+01 0.1325500000D+01 0.4075500000D+01-0.4400000000D-02-0.6900000000D-03 0.8885900000D+01 0.3891100000D+00 0.8335000000D-02 0.5800000000D-02 0.2438556000D+01 0.8588000000D+00 0.5377400000D+01 0.1940800000D+01
1 3520121023201211012456223.4 0.9300000000D-02-0.2600000000D-03 0.4260300000D+01 0.1810000000D+00 0.3768000000D-02 0.2500000000D-02 0.7505930000D+00 0.5433100000D+01 0.3659700000D+01 0.2502200000D+01-0.8100000000D-02 0.2500000000D-03 0.8857200000D+01 0.3882900000D+00 0.8326000000D-02 0.6400000000D-02 0.4742599000D+01 0.3160200000D+01 0.1389500000D+01 0.2208000000D+00
1 3620121101201211102456232.4 0.9300000000D-02-0.2100000000D-03 0.4214000000D+01 0.1799900000D+00 0.3714000000D-02 0.2700000000D-02 0.3065639000D+01 0.1461700000D+01 0.5965400000D+01 0.7854000000D+00-0.9700000000D-02 0.5000000000D-03 0.8819600000D+01 0.3877300000D+00 0.8286000000D-02 0.5900000000D-02 0.7634170000D+00 0.5460200000D+01 0.3678000000D+01 0.4710600000D+01
1 3720121110201211192456241.4 0.7200000000D-02 0.2200000000D-03 0.4166200000D+01 0.1782800000D+00 0.3692000000D-02 0.2700000000D-02 0.5378841000D+01 0.3776000000D+01 0.2012800000D+01 0.5475800000D+01-0.7700000000D-02-0.3000000000D-04 0.8770100000D+01 0.3846800000D+00 0.8363000000D-02 0.6500000000D-02 0.3066698000D+01 0.1482000000D+01 0.5994800000D+01 0.3016500000D+01
1 3820121119201211282456250.4 0.7100000000D-02 0.1500000000D-03 0.4120500000D+01 0.1773800000D+00 0.3704000000D-02 0.3000000000D-02 0.1407358000D+01 0.6089400000D+01 0.4318200000D+01 0.3693400000D+01-0.5600000000D-02-0.3900000000D-03 0.8718800000D+01 0.3832100000D+00 0.8162000000D-02 0.5800000000D-02 0.5370230000D+01 0.3779400000D+01 0.1992500000D+01 0.1270100000D+01
1 3920121128201212072456259.4 0.8000000000D-02-0.1100000000D-03 0.4076400000D+01 0.1769100000D+00 0.3757000000D-02 0.2900000000D-02 0.3717295000D+01 0.2120600000D+01 0.3387000000D+00 0.1975700000D+01-0.4900000000D-02-0.3300000000D-03 0.8658800000D+01 0.3814400000D+00 0.8095000000D-02 0.5400000000D-02 0.1390770000D+01 0.6081100000D+01 0.4282600000D+01 0.5844100000D+01
1 4020121207201212162456268.4 0.8700000000D-02-0.2200000000D-03 0.4037300000D+01 0.1755400000D+00 0.3698000000D-02 0.3000000000D-02 0.6024763000D+01 0.4429200000D+01 0.2665200000D+01 0.2967000000D+00-0.8600000000D-02 0.4800000000D-03 0.8593900000D+01 0.3770100000D+00 0.8034000000D-02 0.5500000000D-02 0.3694030000D+01 0.2102000000D+01 0.3190000000D+00 0.4144300000D+01
1 4120121216201212252456277.4 0.8100000000D-02-0.5000000000D-04 0.4003800000D+01 0.1754400000D+00 0.3685000000D-02 0.2600000000D-02 0.2047605000D+01 0.4531000000D+00 0.4961300000D+01 0.4816500000D+01-0.9100000000D-02 0.4700000000D-03 0.8530300000D+01 0.3741600000D+00 0.7912000000D-02 0.5000000000D-02 0.5997985000D+01 0.4403600000D+01 0.2615800000D+01 0.2604600000D+01
1 4220121225201301032456286.4 0.6300000000D-02 0.2700000000D-03 0.3974100000D+01 0.1751200000D+00 0.3706000000D-02 0.2600000000D-02 0.4351399000D+01 0.2762000000D+01 0.9883000000D+00 0.3164500000D+01-0.4700000000D-02-0.4500000000D-03 0.8463900000D+01 0.3702200000D+00 0.7761000000D-02 0.5100000000D-02 0.2018978000D+01 0.4241000000D+00 0.4930900000D+01 0.9244000000D+00
1 4320130103201301122456295.4 0.7000000000D-02 0.3000000000D-04 0.3951800000D+01 0.1746100000D+00 0.3688000000D-02 0.2400000000D-02 0.3699470000D+00 0.5066700000D+01 0.3302000000D+01 0.1515600000D+01-0.4400000000D-02-0.3200000000D-03 0.8399000000D+01 0.3672200000D+00 0.7740000000D-02 0.5200000000D-02 0.4323696000D+01 0.2730500000D+01 0.9464000000D+00 0.5614800000D+01
2 4420111231201201312455926.4 0.5700000000D-02-0.1000000000D-04 0.4490900000D+01 0.4470000000D-02 0.7800000000D-04 0.1700000000D-02 0.2062859000D+01 0.1292000000D+00 0.1343900000D+01 0.6145400000D+01-0.1440000000D-01 0.2000000000D-04 0.1258450000D+02 0.1095000000D-01 0.5800000000D-04 0.4900000000D-02 0.5944289000D+01 0.2967300000D+01 0.3321000000D+00 0.3711700000D+01
2 4520120131201203022455957.4 0.5800000000D-02 0.0000000000D+00 0.4501500000D+01 0.7640000000D-02 0.5600000000D-04 0.2000000000D-02 0.3908035000D+01 0.2641800000D+01 0.3468500000D+01 0.3488200000D+01-0.1530000000D-01 0.9000000000D-04 0.1229420000D+02 0.8060000000D-02 0.8100000000D-04 0.4800000000D-02 0.1544125000D+01 0.4591100000D+01 0.1939300000D+01 0.1009600000D+01
2 4620120302201204022455988.4 0.5500000000D-02 0.1000000000D-04 0.4626700000D+01 0.1030000000D-01 0.3200000000D-04 0.1700000000D-02 0.5739250000D+01 0.4776500000D+01 0.5830300000D+01 0.6769000000D+00-0.1420000000D-01 0.3000000000D-04 0.1211690000D+02 0.4220000000D-02 0.8400000000D-04 0.3900000000D-02 0.3433462000D+01 0.5893800000D+01 0.3840000000D+01 0.5062800000D+01
2 4720120402201205032456019.4 0.5800000000D-02 0.1000000000D-04 0.4846300000D+01 0.1140000000D-01 0.2400000000D-04 0.1800000000D-02 0.1287306000D+01 0.5468000000D+00 0.2326100000D+01 0.4859400000D+01-0.1390000000D-01 0.2000000000D-04 0.1208930000D+02 0.4760000000D-02 0.7100000000D-04 0.5900000000D-02 0.5327579000D+01 0.2240000000D+00 0.5487100000D+01 0.2395700000D+01
2 4820120503201206032456050.4 0.5800000000D-02 0.4000000000D-04 0.5122700000D+01 0.1120000000D-01 0.4400000000D-04 0.2300000000D-02 0.3129618000D+01 0.2568800000D+01 0.4992000000D+01 0.1880400000D+01-0.1400000000D-01 0.0000000000D+00 0.1221370000D+02 0.8020000000D-02 0.5200000000D-04 0.4200000000D-02 0.9413070000D+00 0.1600800000D+01 0.9116000000D+00 0.5979500000D+01
2 4920120603201207042456081.4 0.5600000000D-02 0.4000000000D-04 0.5405500000D+01 0.9300000000D-02 0.6700000000D-04 0.2100000000D-02 0.4987732000D+01 0.4643300000D+01 0.9612000000D+00 0.5781600000D+01-0.1260000000D-01-0.8000000000D-04 0.1246060000D+02 0.1080000000D-01 0.3400000000D-04 0.5300000000D-02 0.2838059000D+01 0.3289300000D+01 0.1931300000D+01 0.3606000000D+01
2 5020120704201208042456112.4 0.6400000000D-02 0.0000000000D+00 0.5635200000D+01 0.6090000000D-02 0.8700000000D-04 0.2500000000D-02 0.5807670000D+00 0.6056000000D+00 0.3143800000D+01 0.3025400000D+01-0.1280000000D-01-0.4000000000D-04 0.1278160000D+02 0.1145000000D-01 0.4800000000D-04 0.4400000000D-02 0.4732171000D+01 0.5008800000D+01 0.2641300000D+01 0.1078500000D+01
2 5120120804201209042456143.4 0.6600000000D-02 0.1000000000D-04 0.5753700000D+01 0.3560000000D-02 0.9000000000D-04 0.2000000000D-02 0.2474351000D+01 0.3592000000D+01 0.5241100000D+01 0.9088000000D+00-0.1380000000D-01 0.0000000000D+00 0.1309870000D+02 0.9410000000D-02 0.8000000000D-04 0.6700000000D-02 0.3381930000D+00 0.3537000000D+00 0.3923900000D+01 0.4952600000D+01
2 5220120904201210052456174.4 0.6700000000D-02 0.0000000000D+00 0.5724000000D+01 0.6440000000D-02 0.6000000000D-04 0.2700000000D-02 0.4381774000D+01 0.2425000000D+00 0.1279900000D+01 0.4547500000D+01-0.1330000000D-01-0.4000000000D-04 0.1331910000D+02 0.5440000000D-02 0.1130000000D-03 0.5400000000D-02 0.2220720000D+01 0.1745000000D+01 0.5683700000D+01 0.2163000000D+01
2 5320121005201211052456205.4 0.7000000000D-02-0.2000000000D-04 0.5562600000D+01 0.9090000000D-02 0.3700000000D-04 0.2100000000D-02 0.1295900000D-01 0.2506200000D+01 0.4550000000D+01 0.1847000000D+01-0.1440000000D-01 0.2000000000D-04 0.1336710000D+02 0.4930000000D-02 0.9500000000D-04 0.5000000000D-02 0.4097190000D+01 0.2112700000D+01 0.1118700000D+01 0.6144300000D+01
2 5420121105201212062456236.4 0.6500000000D-02 0.0000000000D+00 0.5334700000D+01 0.8300000000D-02 0.6900000000D-04 0.2200000000D-02 0.1922931000D+01 0.4668100000D+01 0.9154000000D+00 0.5850300000D+01-0.1500000000D-01 0.4000000000D-04 0.1321780000D+02 0.9520000000D-02 0.5300000000D-04 0.6200000000D-02 0.5970375000D+01 0.3418000000D+01 0.2460600000D+01 0.3604100000D+01
2 5520121206201301062456267.4 0.5800000000D-02 0.1000000000D-04 0.5133300000D+01 0.5250000000D-02 0.8500000000D-04 0.2100000000D-02 0.3816079000D+01 0.7754000000D+00 0.3011700000D+01 0.3354500000D+01-0.1280000000D-01-0.4000000000D-04 0.1292710000D+02 0.1181000000D-01 0.4000000000D-04 0.5300000000D-02 0.1560749000D+01 0.5068100000D+01 0.2991500000D+01 0.1148400000D+01
3 5620111231201201272455926.4-0.1130000000D-01-0.2800000000D-03 0.6272200000D+01 0.5480000000D-02 0.1110000000D-03 0.1350000000D-01 0.2002261000D+01 0.2950000000D-01 0.1193900000D+01 0.1252400000D+01-0.5010000000D-01 0.9600000000D-03 0.1752060000D+02 0.1519000000D-01 0.7800000000D-04 0.3680000000D-01 0.5877403000D+01 0.2783100000D+01 0.1803000000D+00 0.5125400000D+01
3 5720120127201202232455953.4-0.1830000000D-01 0.2200000000D-03 0.6274300000D+01 0.9790000000D-02 0.8000000000D-04 0.1160000000D-01 0.5209875000D+01 0.3896900000D+01 0.4725700000D+01 0.1427400000D+01-0.2290000000D-01-0.2600000000D-03 0.1716230000D+02 0.1223000000D-01 0.1240000000D-03 0.3100000000D-01 0.2833277000D+01 0.5867100000D+01 0.3268800000D+01 0.5340900000D+01
3 5820120223201203212455980.4-0.1010000000D-01-0.6000000000D-04 0.6399000000D+01 0.1365000000D-01 0.5300000000D-04 0.1190000000D-01 0.2120996000D+01 0.1083000000D+01 0.2192500000D+01 0.1445400000D+01-0.3610000000D-01-0.6600000000D-03 0.1691840000D+02 0.7830000000D-02 0.1470000000D-03 0.3170000000D-01 0.6075916000D+01 0.2505100000D+01 0.1918000000D+00 0.5413000000D+01
3 5920120321201204172456007.4-0.1360000000D-01-0.4000000000D-03 0.6630900000D+01 0.1524000000D-01 0.3100000000D-04 0.1430000000D-01 0.5311443000D+01 0.4496200000D+01 0.5471200000D+01 0.1656300000D+01-0.5390000000D-01 0.7200000000D-03 0.1681860000D+02 0.5840000000D-02 0.8900000000D-04 0.3630000000D-01 0.3038498000D+01 0.4573100000D+01 0.3129100000D+01 0.5682300000D+01
3 6020120417201205142456034.4-0.2500000000D-01 0.2000000000D-03 0.6940800000D+01 0.1605000000D-01 0.3300000000D-04 0.1330000000D-01 0.2224100000D+01 0.1555000000D+01 0.3677800000D+01 0.1879800000D+01-0.2890000000D-01-0.3000000000D-04 0.1688760000D+02 0.8680000000D-02 0.6800000000D-04 0.3230000000D-01 0.3374000000D-02 0.7659000000D+00 0.6208700000D+01 0.5955600000D+01
3 6120120514201206102456061.4-0.1760000000D-01 0.8000000000D-04 0.7286400000D+01 0.1497000000D-01 0.5700000000D-04 0.1310000000D-01 0.5428780000D+01 0.4924000000D+01 0.1338100000D+01 0.1909900000D+01-0.3280000000D-01-0.9400000000D-03 0.1710930000D+02 0.1239000000D-01 0.6200000000D-04 0.3150000000D-01 0.3250877000D+01 0.3742800000D+01 0.2702100000D+01 0.6008600000D+01
3 6220120610201207072456088.4-0.1770000000D-01-0.4000000000D-03 0.7618700000D+01 0.1221000000D-01 0.1010000000D-03 0.1630000000D-01 0.2362990000D+01 0.2013900000D+01 0.4649700000D+01 0.2107800000D+01-0.5940000000D-01 0.5100000000D-03 0.1744500000D+02 0.1474000000D-01 0.4500000000D-04 0.3770000000D-01 0.2137130000D+00 0.5281000000D+00 0.5489300000D+01 0.6243300000D+01
3 6320120707201208032456115.4-0.3020000000D-01 0.1900000000D-03 0.7880900000D+01 0.7660000000D-02 0.1240000000D-03 0.1530000000D-01 0.5594123000D+01 0.5524000000D+01 0.1712400000D+01 0.2395600000D+01-0.4040000000D-01 0.4100000000D-03 0.1784470000D+02 0.1466000000D-01 0.8100000000D-04 0.3540000000D-01 0.3457125000D+01 0.3660700000D+01 0.1842200000D+01 0.2654000000D+00
3 6420120803201208302456142.4-0.2250000000D-01 0.2800000000D-03 0.8018300000D+01 0.4320000000D-02 0.1270000000D-03 0.1390000000D-01 0.2554713000D+01 0.3529000000D+01 0.5253000000D+01 0.2482300000D+01-0.3270000000D-01-0.9100000000D-03 0.1822400000D+02 0.1316000000D-01 0.1060000000D-03 0.3210000000D-01 0.4134250000D+00 0.3415000000D+00 0.4075300000D+01 0.3520000000D+00
3 6520120830201209262456169.4-0.1530000000D-01-0.3400000000D-03 0.8001100000D+01 0.7540000000D-02 0.1000000000D-03 0.1630000000D-01 0.5809989000D+01 0.1605000000D+01 0.2422600000D+01 0.2660400000D+01-0.6330000000D-01 0.3600000000D-03 0.1850560000D+02 0.9490000000D-02 0.1540000000D-03 0.3860000000D-01 0.3648502000D+01 0.3141600000D+01 0.5256000000D+00 0.5170000000D+00
3 6620120926201210232456196.4-0.2570000000D-01 0.7000000000D-04 0.7834400000D+01 0.1177000000D-01 0.6400000000D-04 0.1540000000D-01 0.2789867000D+01 0.5162300000D+01 0.3148000000D+00 0.3021500000D+01-0.4870000000D-01 0.7400000000D-03 0.1861940000D+02 0.5990000000D-02 0.1510000000D-03 0.3760000000D-01 0.5967650000D+00 0.5357800000D+01 0.3791400000D+01 0.8210000000D+00
3 6720121023201211192456223.4-0.2130000000D-01 0.4100000000D-03 0.7574600000D+01 0.1249000000D-01 0.7100000000D-04 0.1260000000D-01 0.6053599000D+01 0.2362600000D+01 0.4699700000D+01 0.3159500000D+01-0.2900000000D-01-0.8400000000D-03 0.1851970000D+02 0.1040000000D-01 0.1240000000D-03 0.3200000000D-01 0.3826135000D+01 0.1453300000D+01 0.3426000000D+00 0.9420000000D+00
3 6820121119201212162456250.4-0.1020000000D-01-0.2200000000D-03 0.7303400000D+01 0.1029000000D-01 0.1190000000D-03 0.1440000000D-01 0.3025788000D+01 0.5871800000D+01 0.2197200000D+01 0.3274300000D+01-0.5620000000D-01-0.3000000000D-04 0.1823890000D+02 0.1428000000D-01 0.4100000000D-04 0.3610000000D-01 0.7718370000D+00 0.4236800000D+01 0.3554500000D+01 0.1035300000D+01
3 6920121216201301122456277.4-0.1900000000D-01-0.1000000000D-03 0.7095800000D+01 0.6170000000D-02 0.1280000000D-03 0.1470000000D-01 0.6266414000D+01 0.3404300000D+01 0.5533700000D+01 0.3576800000D+01-0.5160000000D-01 0.8000000000D-03 0.1784720000D+02 0.1581000000D-01 0.3700000000D-04 0.3620000000D-01 0.4003870000D+01 0.9968000000D+00 0.4628500000D+01 0.1329200000D+01
3 7020130112201302082456304.4-0.2130000000D-01 0.3600000000D-03 0.7004600000D+01 0.6550000000D-02 0.1030000000D-03 0.1240000000D-01 0.3206207000D+01 0.1511800000D+01 0.2668200000D+01 0.3720700000D+01-0.2720000000D-01-0.6000000000D-03 0.1744340000D+02 0.1384000000D-01 0.9400000000D-04 0.2960000000D-01 0.9568770000D+00 0.4165600000D+01 0.1717200000D+01 0.1497900000D+01
4 7120111231201201172455926.2 0.3700000000D-02-0.1680000000D-02 0.1031150000D+02 0.1014000000D-01 0.2750000000D-03 0.8300000000D-02 0.2709974000D+01 0.5312000000D+00 0.2336600000D+01 0.4852100000D+01 0.2000000000D-01 0.5010000000D-02 0.2878080000D+02 0.3309000000D-01 0.6050000000D-03 0.2190000000D-01 0.3084550000D+00 0.3364000000D+01 0.1979000000D+00 0.2444900000D+01
4 7220120117201202032455943.2-0.1970000000D-01 0.2800000000D-03 0.1028030000D+02 0.1129000000D-01 0.1500000000D-03 0.8700000000D-02 0.2396298000D+01 0.9430000000D+00 0.1816600000D+01 0.3905800000D+01 0.7650000000D-01-0.5500000000D-03 0.2835680000D+02 0.2077000000D-01 0.2160000000D-03 0.2370000000D-01 0.1294600000D-01 0.2956300000D+01 0.1360900000D+01 0.1543000000D+01
4 7320120203201202202455960.2-0.1880000000D-01-0.1900000000D-03 0.1034140000D+02 0.1453000000D-01 0.1780000000D-03 0.1310000000D-01 0.2076651000D+01 0.9279000000D+00 0.1302700000D+01 0.3506700000D+01 0.9940000000D-01 0.4500000000D-03 0.2803240000D+02 0.2108000000D-01 0.2280000000D-03 0.3510000000D-01 0.6001649000D+01 0.2275400000D+01 0.5561700000D+01 0.1172400000D+01
4 7420120220201203082455977.2-0.1720000000D-01 0.6500000000D-03 0.1048620000D+02 0.2326000000D-01 0.1880000000D-03 0.1230000000D-01 0.1756000000D+01 0.6252000000D+00 0.2661900000D+01 0.3165300000D+01 0.7770000000D-01 0.1850000000D-02 0.2781900000D+02 0.1886000000D-01 0.8030000000D-03 0.3300000000D-01 0.5711869000D+01 0.2650700000D+01 0.2420000000D+00 0.8175000000D+00
4 7520120308201203252455994.2-0.1090000000D-01 0.1400000000D-03 0.1069420000D+02 0.2243000000D-01 0.9000000000D-04 0.1470000000D-01 0.1428817000D+01 0.5475000000D+00 0.1469700000D+01 0.2535200000D+01 0.1156000000D+00-0.1640000000D-02 0.2763880000D+02 0.1702000000D-01 0.3200000000D-03 0.3670000000D-01 0.5418371000D+01 0.1034500000D+01 0.4665100000D+01 0.2457000000D+00
4 7620120325201204112456011.2 0.4200000000D-02 0.2300000000D-03 0.1096600000D+02 0.2416000000D-01 0.7300000000D-04 0.1250000000D-01 0.1103182000D+01 0.3592000000D+00 0.5035000000D+00 0.2286200000D+01 0.6630000000D-01 0.2700000000D-03 0.2760280000D+02 0.1322000000D-01 0.1940000000D-03 0.3160000000D-01 0.5127861000D+01 0.3476000000D+00 0.4683900000D+01 0.5880000000D-01
4 7720120411201204282456028.2 0.3400000000D-02 0.1400000000D-03 0.1128570000D+02 0.2938000000D-01 0.2660000000D-03 0.8600000000D-02 0.7815350000D+00 0.6272800000D+01 0.2418900000D+01 0.1579400000D+01 0.6450000000D-01-0.1790000000D-02 0.2767220000D+02 0.8450000000D-02 0.6750000000D-03 0.2170000000D-01 0.4839462000D+01 0.4528600000D+01 0.5200000000D-01 0.5657800000D+01
4 7820120428201205152456045.2 0.1700000000D-01-0.1380000000D-02 0.1162700000D+02 0.2690000000D-01 0.1910000000D-03 0.8700000000D-02 0.4592760000D+00 0.3800000000D-02 0.4220200000D+01 0.9980000000D+00 0.3490000000D-01 0.1270000000D-02 0.2782920000D+02 0.2183000000D-01 0.3800000000D-03 0.2130000000D-01 0.4546237000D+01 0.5400300000D+01 0.3093400000D+01 0.5098600000D+01
4 7920120515201206012456062.2-0.9600000000D-02 0.3600000000D-03 0.1200250000D+02 0.2347000000D-01 0.9400000000D-04 0.6300000000D-02 0.1429890000D+00 0.5913300000D+01 0.1620500000D+01 0.6060600000D+01 0.4760000000D-01-0.3400000000D-03 0.2809160000D+02 0.2103000000D-01 0.1730000000D-03 0.1460000000D-01 0.4255005000D+01 0.4834700000D+01 0.3498500000D+01 0.3904500000D+01
4 8020120601201206182456079.2-0.5300000000D-02-0.1380000000D-02 0.1234470000D+02 0.2530000000D-01 0.3640000000D-03 0.1180000000D-01 0.6115538000D+01 0.5629800000D+01 0.2112600000D+01 0.5346000000D+01 0.5890000000D-01 0.2730000000D-02 0.2842490000D+02 0.2347000000D-01 0.5810000000D-03 0.2700000000D-01 0.3964019000D+01 0.3869400000D+01 0.5732700000D+01 0.3237500000D+01
4 8120120618201207052456096.2-0.1800000000D-01 0.3000000000D-03 0.1266470000D+02 0.1833000000D-01 0.2080000000D-03 0.1190000000D-01 0.5807765000D+01 0.5729600000D+01 0.3313400000D+01 0.4812200000D+01 0.7320000000D-01 0.1390000000D-02 0.2880700000D+02 0.2867000000D-01 0.6890000000D-03 0.2710000000D-01 0.3669238000D+01 0.4239100000D+01 0.2209300000D+01 0.2704900000D+01
4 8220120705201207222456113.2-0.1840000000D-01 0.1100000000D-03 0.1293070000D+02 0.1314000000D-01 0.2410000000D-03 0.1660000000D-01 0.5507103000D+01 0.5378700000D+01 0.1441700000D+01 0.4292000000D+01 0.1180000000D+00-0.6600000000D-03 0.2923020000D+02 0.2404000000D-01 0.4500000000D-04 0.3790000000D-01 0.3375238000D+01 0.3491100000D+01 0.4806600000D+01 0.2173800000D+01
4 8320120722201208082456130.2-0.7000000000D-03-0.5000000000D-04 0.1310960000D+02 0.9460000000D-02 0.1890000000D-03 0.1730000000D-01 0.5210089000D+01 0.5744800000D+01 0.1678800000D+01 0.4085200000D+01 0.8550000000D-01 0.1970000000D-02 0.2961670000D+02 0.2902000000D-01 0.4070000000D-03 0.3860000000D-01 0.3078927000D+01 0.3101800000D+01 0.6256100000D+01 0.1922400000D+01
4 8420120808201208252456147.2-0.7900000000D-02 0.7900000000D-03 0.1319580000D+02 0.9670000000D-02 0.2200000000D-03 0.1500000000D-01 0.4920312000D+01 0.6245400000D+01 0.2363300000D+01 0.3416100000D+01 0.1306000000D+00-0.4490000000D-02 0.3002830000D+02 0.1612000000D-01 0.1980000000D-03 0.3280000000D-01 0.2782181000D+01 0.2627200000D+01 0.1597200000D+01 0.1298500000D+01
4 8520120825201209112456164.2 0.1140000000D-01-0.2700000000D-03 0.1317990000D+02 0.1101000000D-01 0.1970000000D-03 0.1440000000D-01 0.4633842000D+01 0.3411000000D+00 0.8923000000D+00 0.3158200000D+01 0.7320000000D-01 0.2900000000D-03 0.3030580000D+02 0.1576000000D-01 0.2440000000D-03 0.3390000000D-01 0.2482530000D+01 0.2085900000D+01 0.5143700000D+01 0.9961000000D+00
4 8620120911201209282456181.2 0.3900000000D-02 0.3000000000D-03 0.1305870000D+02 0.1716000000D-01 0.1340000000D-03 0.8100000000D-02 0.4350349000D+01 0.2652000000D+00 0.1396100000D+01 0.2600300000D+01 0.5030000000D-01-0.6600000000D-03 0.3049450000D+02 0.6980000000D-02 0.2640000000D-03 0.1960000000D-01 0.2180984000D+01 0.1865500000D+01 0.6156500000D+01 0.3999000000D+00
4 8720120928201210152456198.2 0.1350000000D-01-0.1960000000D-02 0.1285860000D+02 0.2039000000D-01 0.5600000000D-04 0.9500000000D-02 0.4071149000D+01 0.2622000000D+00 0.2907100000D+01 0.1633200000D+01 0.5880000000D-01-0.1000000000D-03 0.3056620000D+02 0.1697000000D-01 0.3550000000D-03 0.2260000000D-01 0.1881843000D+01 0.9990000000D-01 0.3753300000D+01 0.5645200000D+01
4 8820121015201211012456215.2-0.9900000000D-02 0.2500000000D-03 0.1258370000D+02 0.2017000000D-01 0.8600000000D-04 0.6800000000D-02 0.3790553000D+01 0.6275800000D+01 0.8370000000D+00 0.7591000000D+00 0.4410000000D-01 0.7100000000D-03 0.3047630000D+02 0.1282000000D-01 0.1580000000D-03 0.1610000000D-01 0.1578400000D+01 0.5317800000D+01 0.3857400000D+01 0.4840000000D+01
4 8920121101201211182456232.2-0.2090000000D-01-0.2100000000D-03 0.1229560000D+02 0.2114000000D-01 0.1930000000D-03 0.1230000000D-01 0.3508095000D+01 0.6043800000D+01 0.2261700000D+01 0.6278600000D+01 0.8960000000D-01 0.1700000000D-03 0.3025910000D+02 0.1608000000D-01 0.2020000000D-03 0.3090000000D-01 0.1276350000D+01 0.4570700000D+01 0.5188100000D+01 0.4035200000D+01
4 9020121118201212052456249.2-0.1480000000D-01-0.3100000000D-03 0.1202340000D+02 0.1731000000D-01 0.1850000000D-03 0.1360000000D-01 0.3224443000D+01 0.6199600000D+01 0.3507900000D+01 0.5996200000D+01 0.8370000000D-01 0.2400000000D-02 0.2994280000D+02 0.2504000000D-01 0.5540000000D-03 0.3490000000D-01 0.9778060000D+00 0.4763300000D+01 0.2881200000D+01 0.3755800000D+01
4 9120121205201212222456266.2-0.2930000000D-01 0.1340000000D-02 0.1177050000D+02 0.1125000000D-01 0.3520000000D-03 0.1430000000D-01 0.2931237000D+01 0.5557300000D+01 0.1416200000D+01 0.5390800000D+01 0.1326000000D+00-0.2750000000D-02 0.2953560000D+02 0.1874000000D-01 0.3860000000D-03 0.3710000000D-01 0.6766320000D+00 0.3765800000D+01 0.4172500000D+01 0.3119200000D+01
4 9220121222201301082456283.2-0.1700000000D-02-0.2400000000D-03 0.1161350000D+02 0.8610000000D-02 0.2140000000D-03 0.1570000000D-01 0.2633622000D+01 0.6098600000D+01 0.1987800000D+01 0.5119900000D+01 0.9470000000D-01 0.5900000000D-03 0.2913690000D+02 0.2651000000D-01 0.1250000000D-03 0.3880000000D-01 0.3781700000D+00 0.3414500000D+01 0.2506000000D+00 0.2858900000D+01
4 9320130108201301252456300.2-0.4100000000D-02 0.9500000000D-03 0.1152260000D+02 0.1136000000D-01 0.1210000000D-03 0.1110000000D-01 0.2329745000D+01 0.5968000000D+00 0.3056500000D+01 0.4668000000D+01 0.9080000000D-01-0.3110000000D-02 0.2871410000D+02 0.2122000000D-01 0.6700000000D-03 0.2790000000D-01 0.8320500000D-01 0.3585600000D+01 0.1944000000D+01 0.2440900000D+01
4 9420130125201302112456317.2 0.5400000000D-02-0.2100000000D-03 0.1151930000D+02 0.8040000000D-02 0.3650000000D-03 0.1110000000D-01 0.2016525000D+01 0.9229000000D+00 0.7089000000D+00 0.4046000000D+01 0.7720000000D-01-0.1710000000D-02 0.2832870000D+02 0.2210000000D-01 0.5680000000D-03 0.2770000000D-01 0.6069576000D+01 0.2160200000D+01 0.4390900000D+01 0.1830700000D+01
5 9520111231201201222455926.4 0.1860000000D-01 0.6400000000D-03 0.1366760000D+02 0.6830000000D-02 0.3540000000D-03 0.1350000000D-01 0.4985825000D+01 0.2752100000D+01 0.3911500000D+01 0.4280300000D+01-0.2500000000D-02 0.1650000000D-02 0.3840910000D+02 0.3539000000D-01 0.7520000000D-03 0.3900000000D-01 0.2582954000D+01 0.4990100000D+01 0.1010200000D+01 0.1868600000D+01
5 9620120122201202132455948.4 0.3410000000D-01-0.1300000000D-03 0.1365290000D+02 0.1917000000D-01 0.6300000000D-04 0.1240000000D-01 0.2667516000D+01 0.1417800000D+01 0.1879100000D+01 0.6269400000D+01 0.4530000000D-01-0.5390000000D-02 0.3773420000D+02 0.1673000000D-01 0.3920000000D-03 0.3480000000D-01 0.2890520000D+00 0.2733700000D+01 0.3617700000D+01 0.3985400000D+01
5 9720120213201203062455970.4 0.2930000000D-01 0.3600000000D-03 0.1384050000D+02 0.2714000000D-01 0.2780000000D-03 0.1090000000D-01 0.3377390000D+00 0.5394700000D+01 0.9066000000D+00 0.2005900000D+01-0.5340000000D-01 0.1060000000D-02 0.3728700000D+02 0.1541000000D-01 0.3930000000D-03 0.2630000000D-01 0.4279807000D+01 0.8825000000D+00 0.5665200000D+01 0.5945100000D+01
5 9820120306201203282455992.4 0.4220000000D-01-0.2130000000D-02 0.1418850000D+02 0.2885000000D-01 0.3690000000D-03 0.5000000000D-02 0.4284826000D+01 0.3189900000D+01 0.4577500000D+01 0.4107400000D+01-0.6330000000D-01 0.3540000000D-02 0.3702770000D+02 0.2015000000D-01 0.6300000000D-03 0.1460000000D-01 0.1986961000D+01 0.4473500000D+01 0.2202200000D+01 0.1739700000D+01
5 9920120328201204192456014.4-0.3300000000D-02 0.7900000000D-03 0.1464620000D+02 0.3155000000D-01 0.1870000000D-03 0.2700000000D-02 0.1948979000D+01 0.1156600000D+01 0.1845600000D+01 0.3819100000D+01 0.1860000000D-01-0.4400000000D-03 0.3693370000D+02 0.1767000000D-01 0.3800000000D-03 0.5800000000D-02 0.5979395000D+01 0.1135900000D+01 0.5337400000D+01 0.1494700000D+01
510020120419201205112456036.4 0.1100000000D-02 0.4700000000D-03 0.1521370000D+02 0.3631000000D-01 0.1060000000D-03 0.9400000000D-02 0.5900943000D+01 0.5225800000D+01 0.1416900000D+01 0.5503800000D+01 0.4450000000D-01 0.9000000000D-03 0.3710000000D+02 0.1983000000D-01 0.1570000000D-03 0.2330000000D-01 0.3689344000D+01 0.4407000000D+01 0.3065600000D+01 0.3334900000D+01
510120120511201206022456058.4 0.2060000000D-01 0.4600000000D-03 0.1583520000D+02 0.3464000000D-01 0.1600000000D-03 0.1550000000D-01 0.3574770000D+01 0.3001800000D+01 0.5607900000D+01 0.1327900000D+01 0.6220000000D-01-0.1060000000D-02 0.3748860000D+02 0.2579000000D-01 0.6100000000D-04 0.3580000000D-01 0.1398290000D+01 0.1737500000D+01 0.1351400000D+01 0.5454800000D+01
510220120602201206242456080.4 0.3350000000D-01 0.1180000000D-02 0.1644970000D+02 0.2710000000D-01 0.1050000000D-03 0.1700000000D-01 0.1255018000D+01 0.8296000000D+00 0.2923300000D+01 0.3462400000D+01 0.8000000000D-02-0.3900000000D-03 0.3807290000D+02 0.2785000000D-01 0.1410000000D-03 0.4000000000D-01 0.5388780000D+01 0.5547400000D+01 0.5583400000D+01 0.1325000000D+01
510320120624201207162456102.4 0.6310000000D-01-0.1490000000D-02 0.1698320000D+02 0.1854000000D-01 0.9900000000D-04 0.1520000000D-01 0.5225975000D+01 0.5269000000D+01 0.3569800000D+01 0.5525900000D+01-0.8400000000D-02-0.1980000000D-02 0.3876190000D+02 0.2957000000D-01 0.4090000000D-03 0.3310000000D-01 0.3091965000D+01 0.3464600000D+01 0.2154900000D+01 0.3443500000D+01
510420120716201208072456124.4 0.1890000000D-01 0.1170000000D-02 0.1732930000D+02 0.2077000000D-01 0.4350000000D-03 0.1010000000D-01 0.2923702000D+01 0.3512900000D+01 0.5403000000D+00 0.1381000000D+01-0.1050000000D-01-0.2430000000D-02 0.3942190000D+02 0.4386000000D-01 0.8010000000D-03 0.2190000000D-01 0.7944550000D+00 0.1015800000D+01 0.4747300000D+01 0.5369500000D+01
510520120807201208292456146.4 0.5390000000D-01-0.3440000000D-02 0.1749840000D+02 0.1646000000D-01 0.6400000000D-03 0.1800000000D-02 0.6326970000D+00 0.1334100000D+01 0.3805900000D+01 0.2607200000D+01-0.9130000000D-01 0.8070000000D-02 0.4006140000D+02 0.4596000000D-01 0.1092000000D-02 0.7100000000D-02 0.4779305000D+01 0.4544600000D+01 0.1531700000D+01 0.9384000000D+00
510620120829201209202456168.4-0.1380000000D-01 0.1860000000D-02 0.1747460000D+02 0.9570000000D-02 0.5480000000D-03 0.6600000000D-02 0.4632470000D+01 0.1398000000D+00 0.1012400000D+01 0.3021400000D+01 0.7050000000D-01-0.3360000000D-02 0.4063840000D+02 0.3699000000D-01 0.1177000000D-02 0.1530000000D-01 0.2478007000D+01 0.1505000000D+01 0.4641700000D+01 0.6738000000D+00
510720120920201210122456190.4 0.8000000000D-02 0.5400000000D-03 0.1723260000D+02 0.2343000000D-01 0.1750000000D-03 0.1260000000D-01 0.2352545000D+01 0.4858400000D+01 0.4304700000D+01 0.4898900000D+01 0.2590000000D-01 0.2970000000D-02 0.4092050000D+02 0.2366000000D-01 0.6570000000D-03 0.3060000000D-01 0.1728010000D+00 0.4618500000D+01 0.1650700000D+01 0.2713900000D+01
510820121012201211032456212.4 0.2660000000D-01 0.2700000000D-03 0.1679700000D+02 0.2894000000D-01 0.1150000000D-03 0.1630000000D-01 0.7550000000D-01 0.2594500000D+01 0.5075000000D+01 0.7439000000D+00 0.8040000000D-01-0.3510000000D-02 0.4084120000D+02 0.2266000000D-01 0.1740000000D-03 0.4030000000D-01 0.4150340000D+01 0.1642700000D+01 0.5452200000D+01 0.4794500000D+01
510920121103201211252456234.4 0.4320000000D-01 0.1700000000D-03 0.1629140000D+02 0.2615000000D-01 0.1960000000D-03 0.1610000000D-01 0.4080112000D+01 0.4202000000D+00 0.2841700000D+01 0.2873200000D+01-0.9300000000D-02-0.1600000000D-03 0.4045070000D+02 0.2483000000D-01 0.1360000000D-03 0.4050000000D-01 0.1845775000D+01 0.5303200000D+01 0.5375500000D+01 0.6557000000D+00
511020121125201212172456256.4 0.4560000000D-01-0.5100000000D-03 0.1582500000D+02 0.1902000000D-01 0.2030000000D-03 0.1240000000D-01 0.1794797000D+01 0.4675000000D+01 0.8260000000D+00 0.5021500000D+01-0.3680000000D-01-0.7500000000D-03 0.3985040000D+02 0.2984000000D-01 0.1230000000D-03 0.3020000000D-01 0.5826109000D+01 0.2878500000D+01 0.2466600000D+01 0.2779200000D+01
511120121217201301082456278.4 0.2020000000D-01 0.2000000000D-04 0.1548610000D+02 0.1332000000D-01 0.2180000000D-03 0.5400000000D-02 0.5782310000D+01 0.2993700000D+01 0.5304100000D+01 0.8268000000D+00-0.1640000000D-01-0.1120000000D-02 0.3918300000D+02 0.4036000000D-01 0.3870000000D-03 0.1480000000D-01 0.3525296000D+01 0.4926000000D+00 0.4278400000D+01 0.4775200000D+01
511220130108201301302456300.4 0.2330000000D-01-0.1510000000D-02 0.1532770000D+02 0.1212000000D-01 0.4010000000D-03 0.3200000000D-02 0.3473067000D+01 0.1224900000D+01 0.3109300000D+01 0.5121000000D+00-0.3980000000D-01 0.5110000000D-02 0.3846560000D+02 0.4476000000D-01 0.7210000000D-03 0.5900000000D-02 0.1225762000D+01 0.4103500000D+01 0.1012700000D+01 0.4532500000D+01
