 7 5   2  44  56  71  95 4.4880 2.4930 1.5162 0.7217 0.4667  9.0 31.0 27.0 17.0 22.0  112 2452639.5000 2003                                                                                                                                                                                                                                                                      
1  220021231200301092452639.4 0.3300000000D-02-0.1400000000D-03 0.3566800000D+01 0.1593800000D+00 0.3445000000D-02 0.2600000000D-02 0.5243048000D+01 0.3619400000D+01 0.1805200000D+01 0.3039000000D+00 0.1330000000D-01-0.1000000000D-03 0.8605100000D+01 0.3741300000D+00 0.7807000000D-02 0.5300000000D-02 0.7878620000D+00 0.5482100000D+01 0.3709700000D+01 0.2153100000D+01
1  320030109200301182452648.4 0.2800000000D-02 0.0000000000D+00 0.3496200000D+01 0.1569300000D+00 0.3394000000D-02 0.2600000000D-02 0.1257121000D+01 0.5914400000D+01 0.4086000000D+01 0.4759100000D+01 0.1620000000D-01-0.6500000000D-03 0.8558300000D+01 0.3717200000D+00 0.7862000000D-02 0.5800000000D-02 0.3094800000D+01 0.1510400000D+01 0.6021300000D+01 0.5398000000D+00
1  420030118200301272452657.4 0.1500000000D-02 0.2100000000D-03 0.3424100000D+01 0.1534000000D+00 0.3334000000D-02 0.2600000000D-02 0.3553185000D+01 0.1928300000D+01 0.1156000000D+00 0.3133200000D+01 0.1410000000D-01-0.6000000000D-04 0.8520000000D+01 0.3690600000D+00 0.7683000000D-02 0.5500000000D-02 0.5402234000D+01 0.3818400000D+01 0.2053800000D+01 0.5129600000D+01
1  520030127200302052452666.4 0.1800000000D-02 0.8000000000D-04 0.3354300000D+01 0.1506300000D+00 0.3237000000D-02 0.2300000000D-02 0.5849168000D+01 0.4221200000D+01 0.2397600000D+01 0.1351900000D+01 0.1170000000D-01 0.3300000000D-03 0.8490500000D+01 0.3678700000D+00 0.7670000000D-02 0.6200000000D-02 0.1427435000D+01 0.6129400000D+01 0.4355300000D+01 0.3408100000D+01
1  620030205200302142452675.4 0.3400000000D-02-0.2400000000D-03 0.3285200000D+01 0.1474900000D+00 0.3139000000D-02 0.2100000000D-02 0.1861618000D+01 0.2328000000D+00 0.4698900000D+01 0.6026300000D+01 0.1110000000D-01 0.2800000000D-03 0.8466600000D+01 0.3665100000D+00 0.7779000000D-02 0.6300000000D-02 0.3736382000D+01 0.2161800000D+01 0.3896000000D+00 0.1668100000D+01
1  720030214200302232452684.4 0.2700000000D-02-0.5000000000D-04 0.3218000000D+01 0.1443600000D+00 0.3086000000D-02 0.2000000000D-02 0.4156940000D+01 0.2530900000D+01 0.7163000000D+00 0.4335200000D+01 0.1400000000D-01-0.3500000000D-03 0.8456300000D+01 0.3652300000D+00 0.7544000000D-02 0.6000000000D-02 0.6045837000D+01 0.4469600000D+01 0.2700600000D+01 0.2080000000D-01
1  820030223200303042452693.4 0.1400000000D-02 0.2000000000D-03 0.3154200000D+01 0.1414400000D+00 0.3074000000D-02 0.1800000000D-02 0.1691530000D+00 0.4831500000D+01 0.3018600000D+01 0.2819300000D+01 0.1580000000D-01-0.6000000000D-03 0.8454200000D+01 0.3642200000D+00 0.7543000000D-02 0.6000000000D-02 0.2072832000D+01 0.4994000000D+00 0.5021500000D+01 0.4436100000D+01
1  920030304200303132452702.4 0.1600000000D-02 0.8000000000D-04 0.3095400000D+01 0.1384500000D+00 0.2943000000D-02 0.2000000000D-02 0.2464725000D+01 0.8435000000D+00 0.5324700000D+01 0.1046200000D+01 0.1160000000D-01 0.3200000000D-03 0.8458900000D+01 0.3639300000D+00 0.7542000000D-02 0.5800000000D-02 0.4383601000D+01 0.2813800000D+01 0.1056600000D+01 0.2906100000D+01
1 1020030313200303222452711.4 0.2300000000D-02-0.6000000000D-04 0.3041200000D+01 0.1362900000D+00 0.2900000000D-02 0.2000000000D-02 0.4761047000D+01 0.3143700000D+01 0.1326000000D+01 0.5727900000D+01 0.1000000000D-01 0.4800000000D-03 0.8473700000D+01 0.3646300000D+00 0.7552000000D-02 0.5600000000D-02 0.4117860000D+00 0.5127900000D+01 0.3364400000D+01 0.1163700000D+01
1 1120030322200303312452720.4 0.2800000000D-02-0.1500000000D-03 0.2992000000D+01 0.1337200000D+00 0.2884000000D-02 0.2200000000D-02 0.7744780000D+00 0.5447800000D+01 0.3638800000D+01 0.3994700000D+01 0.1290000000D-01-0.2100000000D-03 0.8496900000D+01 0.3634000000D+00 0.7609000000D-02 0.5100000000D-02 0.2723310000D+01 0.1160800000D+01 0.5711800000D+01 0.5939000000D+01
1 1220030331200304092452729.4 0.1900000000D-02 0.6000000000D-04 0.2950000000D+01 0.1314500000D+00 0.2758000000D-02 0.2000000000D-02 0.3071937000D+01 0.1462600000D+01 0.5941400000D+01 0.2266600000D+01 0.1430000000D-01-0.4300000000D-03 0.8529500000D+01 0.3658700000D+00 0.7561000000D-02 0.5600000000D-02 0.5035740000D+01 0.3473600000D+01 0.1723400000D+01 0.4191800000D+01
1 1320030409200304182452738.4 0.8000000000D-03 0.2400000000D-03 0.2914000000D+01 0.1292900000D+00 0.2724000000D-02 0.2400000000D-02 0.5370399000D+01 0.3767800000D+01 0.1972700000D+01 0.5084000000D+00 0.1350000000D-01-0.1600000000D-03 0.8568000000D+01 0.3681500000D+00 0.7703000000D-02 0.5600000000D-02 0.1065142000D+01 0.5790700000D+01 0.4030500000D+01 0.2736900000D+01
1 1420030418200304272452747.4 0.2000000000D-02-0.4000000000D-04 0.2884800000D+01 0.1274800000D+00 0.2673000000D-02 0.2000000000D-02 0.1387050000D+01 0.6073400000D+01 0.4285100000D+01 0.5111100000D+01 0.1000000000D-01 0.5100000000D-03 0.8615400000D+01 0.3684800000D+00 0.7695000000D-02 0.6000000000D-02 0.3377565000D+01 0.1821400000D+01 0.8830000000D-01 0.9135000000D+00
1 1520030427200305062452756.4 0.2700000000D-02-0.1600000000D-03 0.2862500000D+01 0.1263100000D+00 0.2642000000D-02 0.2100000000D-02 0.3688588000D+01 0.2098600000D+01 0.3017000000D+00 0.3423500000D+01 0.1020000000D-01 0.3500000000D-03 0.8669400000D+01 0.3718800000D+00 0.7731000000D-02 0.6100000000D-02 0.5690491000D+01 0.4134900000D+01 0.2388500000D+01 0.5571100000D+01
1 1620030506200305152452765.4 0.2000000000D-02 0.2000000000D-04 0.2847800000D+01 0.1244100000D+00 0.2618000000D-02 0.1700000000D-02 0.5991322000D+01 0.4410200000D+01 0.2646000000D+01 0.1686500000D+01 0.1450000000D-01-0.5800000000D-03 0.8727900000D+01 0.3738300000D+00 0.7792000000D-02 0.6800000000D-02 0.1719871000D+01 0.1659000000D+00 0.4713300000D+01 0.3795300000D+01
1 1720030515200305242452774.4 0.1300000000D-02 0.1400000000D-03 0.2841300000D+01 0.1239200000D+00 0.2552000000D-02 0.1900000000D-02 0.2013409000D+01 0.4357000000D+00 0.4942900000D+01 0.1395000000D+00 0.1380000000D-01-0.2800000000D-03 0.8790700000D+01 0.3769800000D+00 0.7846000000D-02 0.5900000000D-02 0.4032553000D+01 0.2478500000D+01 0.7410000000D+00 0.2103000000D+01
1 1820030524200306022452783.4 0.1200000000D-02 0.1200000000D-03 0.2841100000D+01 0.1235400000D+00 0.2558000000D-02 0.1600000000D-02 0.4320510000D+01 0.2752000000D+01 0.9711000000D+00 0.4773800000D+01 0.1060000000D-01 0.4300000000D-03 0.8853300000D+01 0.3800900000D+00 0.8114000000D-02 0.6700000000D-02 0.6156000000D-01 0.4796000000D+01 0.3055600000D+01 0.3517000000D+00
1 1920030602200306112452792.4 0.2500000000D-02-0.1300000000D-03 0.2849100000D+01 0.1226300000D+00 0.2527000000D-02 0.1900000000D-02 0.3460600000D+00 0.5067000000D+01 0.3318700000D+01 0.3147500000D+01 0.1000000000D-01 0.4100000000D-03 0.8922100000D+01 0.3826600000D+00 0.8041000000D-02 0.5700000000D-02 0.2373438000D+01 0.8212000000D+00 0.5374100000D+01 0.5010000000D+01
1 2020030611200306202452801.4 0.2800000000D-02-0.1400000000D-03 0.2864100000D+01 0.1229100000D+00 0.2516000000D-02 0.1900000000D-02 0.2657348000D+01 0.1100600000D+01 0.5632900000D+01 0.1438600000D+01 0.1170000000D-01-0.2000000000D-04 0.8989300000D+01 0.3877800000D+00 0.8099000000D-02 0.6000000000D-02 0.4685466000D+01 0.3130900000D+01 0.1379600000D+01 0.3395700000D+01
1 2120030620200306292452810.4 0.1500000000D-02 0.1700000000D-03 0.2885100000D+01 0.1230100000D+00 0.2520000000D-02 0.2100000000D-02 0.4970165000D+01 0.3420300000D+01 0.1685000000D+01 0.6121300000D+01 0.1470000000D-01-0.5600000000D-03 0.9051900000D+01 0.3901900000D+00 0.8320000000D-02 0.5300000000D-02 0.7130830000D+00 0.5444900000D+01 0.3701700000D+01 0.1750000000D+01
1 2220030629200307082452819.4 0.1500000000D-02 0.1500000000D-03 0.2912700000D+01 0.1237900000D+00 0.2535000000D-02 0.2100000000D-02 0.1001890000D+01 0.5739600000D+01 0.4004800000D+01 0.4289400000D+01 0.1260000000D-01 0.2000000000D-04 0.9116200000D+01 0.3933500000D+00 0.8264000000D-02 0.6400000000D-02 0.3023594000D+01 0.1467000000D+01 0.6008800000D+01 0.1607000000D+00
1 2320030708200307172452828.4 0.2400000000D-02-0.5000000000D-04 0.2944100000D+01 0.1248000000D+00 0.2612000000D-02 0.2300000000D-02 0.3318113000D+01 0.1781200000D+01 0.4830000000D-01 0.2677000000D+01 0.8500000000D-02 0.7900000000D-03 0.9172600000D+01 0.3962000000D+00 0.8363000000D-02 0.5900000000D-02 0.5333435000D+01 0.3775600000D+01 0.2038100000D+01 0.4836000000D+01
1 2420030717200307262452837.4 0.3100000000D-02-0.1400000000D-03 0.2981200000D+01 0.1258500000D+00 0.2597000000D-02 0.2200000000D-02 0.5635430000D+01 0.4098700000D+01 0.2376300000D+01 0.9325000000D+00 0.1100000000D-01 0.7000000000D-04 0.9222400000D+01 0.3987200000D+00 0.8478000000D-02 0.6600000000D-02 0.1359290000D+01 0.6083400000D+01 0.4344000000D+01 0.3117100000D+01
1 2520030726200308042452846.4 0.2900000000D-02-0.3000000000D-04 0.3021100000D+01 0.1277900000D+00 0.2616000000D-02 0.2000000000D-02 0.1670960000D+01 0.1332000000D+00 0.4681700000D+01 0.5602500000D+01 0.1370000000D-01-0.4600000000D-03 0.9263300000D+01 0.4026800000D+00 0.8654000000D-02 0.6800000000D-02 0.3668090000D+01 0.2107600000D+01 0.3500000000D+00 0.1364200000D+01
1 2620030804200308132452855.4 0.1800000000D-02 0.2200000000D-03 0.3061400000D+01 0.1292100000D+00 0.2687000000D-02 0.2000000000D-02 0.3989463000D+01 0.2455000000D+01 0.7304000000D+00 0.3899600000D+01 0.1310000000D-01-0.1600000000D-03 0.9294900000D+01 0.4033600000D+00 0.8685000000D-02 0.7000000000D-02 0.5975607000D+01 0.4412800000D+01 0.2670000000D+01 0.5991800000D+01
1 2720030813200308222452864.4 0.2300000000D-02 0.7000000000D-04 0.3102900000D+01 0.1309800000D+00 0.2714000000D-02 0.2000000000D-02 0.2497300000D-01 0.4770500000D+01 0.3046300000D+01 0.2383500000D+01 0.1080000000D-01 0.3300000000D-03 0.9319200000D+01 0.4061300000D+00 0.8666000000D-02 0.6800000000D-02 0.1999710000D+01 0.4311000000D+00 0.4951200000D+01 0.4198100000D+01
1 2820030822200308312452873.4 0.3900000000D-02-0.2200000000D-03 0.3142300000D+01 0.1325700000D+00 0.2767000000D-02 0.2000000000D-02 0.2343254000D+01 0.8033000000D+00 0.5375300000D+01 0.7300000000D+00 0.8500000000D-02 0.6000000000D-03 0.9327900000D+01 0.4081600000D+00 0.8761000000D-02 0.6500000000D-02 0.4306390000D+01 0.2735600000D+01 0.9602000000D+00 0.2501800000D+01
1 2920030831200309092452882.4 0.3700000000D-02-0.7000000000D-04 0.3178300000D+01 0.1344700000D+00 0.2823000000D-02 0.2100000000D-02 0.4660761000D+01 0.3117500000D+01 0.1398400000D+01 0.5328200000D+01 0.1220000000D-01-0.2600000000D-03 0.9327100000D+01 0.4074800000D+00 0.8681000000D-02 0.6700000000D-02 0.3288060000D+00 0.5036500000D+01 0.3270900000D+01 0.8376000000D+00
1 3020030909200309182452891.4 0.2900000000D-02 0.1200000000D-03 0.3209200000D+01 0.1367700000D+00 0.2927000000D-02 0.2400000000D-02 0.6943620000D+00 0.5431300000D+01 0.3688900000D+01 0.3696500000D+01 0.1470000000D-01-0.6500000000D-03 0.9315200000D+01 0.4071600000D+00 0.8704000000D-02 0.5600000000D-02 0.2634154000D+01 0.1055200000D+01 0.5573300000D+01 0.5510200000D+01
1 3120030918200309272452900.4 0.2600000000D-02 0.1400000000D-03 0.3234200000D+01 0.1378800000D+00 0.2951000000D-02 0.2300000000D-02 0.3009242000D+01 0.1456400000D+01 0.6012400000D+01 0.1960200000D+01 0.1060000000D-01 0.3000000000D-03 0.9289500000D+01 0.4063700000D+00 0.8635000000D-02 0.6100000000D-02 0.4939006000D+01 0.3356500000D+01 0.1591500000D+01 0.3845700000D+01
1 3220030927200310062452909.4 0.3400000000D-02-0.3000000000D-04 0.3252300000D+01 0.1396300000D+00 0.2978000000D-02 0.2500000000D-02 0.5322844000D+01 0.3761400000D+01 0.2010700000D+01 0.2682000000D+00 0.8800000000D-02 0.5000000000D-03 0.9253800000D+01 0.4060000000D+00 0.8675000000D-02 0.5800000000D-02 0.9604210000D+00 0.5658900000D+01 0.3877200000D+01 0.2274400000D+01
1 3320031006200310152452918.4 0.4800000000D-02-0.2500000000D-03 0.3261100000D+01 0.1408900000D+00 0.3026000000D-02 0.2500000000D-02 0.1351528000D+01 0.6066300000D+01 0.4304100000D+01 0.4749200000D+01 0.1050000000D-01-0.2000000000D-04 0.9207200000D+01 0.4030100000D+00 0.8755000000D-02 0.6400000000D-02 0.3264388000D+01 0.1680500000D+01 0.6196100000D+01 0.6347000000D+00
1 3420031015200310242452927.4 0.3700000000D-02 0.2000000000D-04 0.3261200000D+01 0.1413600000D+00 0.3017000000D-02 0.2400000000D-02 0.3661229000D+01 0.2083400000D+01 0.3222000000D+00 0.3195100000D+01 0.1280000000D-01-0.4400000000D-03 0.9155200000D+01 0.4015700000D+00 0.8553000000D-02 0.6000000000D-02 0.5568459000D+01 0.3979200000D+01 0.2200800000D+01 0.5162100000D+01
1 3520031024200311022452936.4 0.2600000000D-02 0.2300000000D-03 0.3251500000D+01 0.1414900000D+00 0.3074000000D-02 0.2100000000D-02 0.5969014000D+01 0.4385900000D+01 0.2621800000D+01 0.1347300000D+01 0.1290000000D-01-0.3700000000D-03 0.9096200000D+01 0.4003000000D+00 0.8521000000D-02 0.7100000000D-02 0.1589419000D+01 0.6281000000D+01 0.4484500000D+01 0.3495800000D+01
1 3620031102200311112452945.4 0.3600000000D-02-0.2000000000D-04 0.3232800000D+01 0.1413400000D+00 0.3041000000D-02 0.2100000000D-02 0.1991788000D+01 0.3989000000D+00 0.4914700000D+01 0.6109300000D+01 0.8500000000D-02 0.5000000000D-03 0.9030700000D+01 0.3958700000D+00 0.8439000000D-02 0.6400000000D-02 0.3893017000D+01 0.2301000000D+01 0.5232000000D+00 0.1688800000D+01
1 3720031111200311202452954.4 0.4400000000D-02-0.1600000000D-03 0.3204700000D+01 0.1413400000D+00 0.3056000000D-02 0.2000000000D-02 0.4296044000D+01 0.2696200000D+01 0.9013000000D+00 0.4392000000D+01 0.8000000000D-02 0.3900000000D-03 0.8962400000D+01 0.3935300000D+00 0.8369000000D-02 0.6700000000D-02 0.6197003000D+01 0.4604000000D+01 0.2813000000D+01 0.2760000000D-01
1 3820031120200311292452963.4 0.4300000000D-02-0.9000000000D-04 0.3167600000D+01 0.1399000000D+00 0.3094000000D-02 0.1900000000D-02 0.3146630000D+00 0.4995400000D+01 0.3211500000D+01 0.2879800000D+01 0.1230000000D-01-0.5900000000D-03 0.8894100000D+01 0.3892200000D+00 0.8224000000D-02 0.6400000000D-02 0.2217782000D+01 0.6235000000D+00 0.5128500000D+01 0.4462600000D+01
1 3920031129200312082452972.4 0.3300000000D-02 0.1000000000D-03 0.3124500000D+01 0.1388600000D+00 0.3007000000D-02 0.2100000000D-02 0.2615095000D+01 0.1001900000D+01 0.5488700000D+01 0.1066100000D+01 0.1200000000D-01-0.4100000000D-03 0.8824900000D+01 0.3860600000D+00 0.8098000000D-02 0.6100000000D-02 0.4522298000D+01 0.2927200000D+01 0.1146000000D+01 0.2975100000D+01
1 4020031208200312172452981.4 0.2600000000D-02 0.1800000000D-03 0.3074100000D+01 0.1375700000D+00 0.2982000000D-02 0.2100000000D-02 0.4913819000D+01 0.3294700000D+01 0.1480400000D+01 0.5810300000D+01 0.9300000000D-02 0.1700000000D-03 0.8754200000D+01 0.3837100000D+00 0.8236000000D-02 0.5400000000D-02 0.5440620000D+00 0.5237800000D+01 0.3442200000D+01 0.1129700000D+01
1 4120031217200312262452990.4 0.4000000000D-02-0.1300000000D-03 0.3017900000D+01 0.1351100000D+00 0.2953000000D-02 0.2300000000D-02 0.9272170000D+00 0.5587900000D+01 0.3787000000D+01 0.3964900000D+01 0.7600000000D-02 0.3800000000D-03 0.8692900000D+01 0.3788800000D+00 0.7953000000D-02 0.5600000000D-02 0.2849125000D+01 0.1256900000D+01 0.5766500000D+01 0.5930300000D+01
1 4220031226200401042452999.4 0.4400000000D-02-0.1900000000D-03 0.2957300000D+01 0.1332600000D+00 0.2923000000D-02 0.2100000000D-02 0.3222667000D+01 0.1596400000D+01 0.6062400000D+01 0.2286300000D+01 0.8600000000D-02 0.1000000000D-04 0.8634600000D+01 0.3767900000D+00 0.7845000000D-02 0.5600000000D-02 0.5155193000D+01 0.3563200000D+01 0.1777200000D+01 0.4215600000D+01
1 4320040104200401132453008.4 0.3000000000D-02 0.1100000000D-03 0.2894000000D+01 0.1305100000D+00 0.2850000000D-02 0.2400000000D-02 0.5516287000D+01 0.3886100000D+01 0.2076700000D+01 0.5189000000D+00 0.1210000000D-01-0.6900000000D-03 0.8579300000D+01 0.3738400000D+00 0.7895000000D-02 0.5500000000D-02 0.1178355000D+01 0.5875000000D+01 0.4089300000D+01 0.2700200000D+01
2 4420021231200301312452639.4 0.8600000000D-02-0.1000000000D-04 0.5151500000D+01 0.1226000000D-01 0.1700000000D-04 0.3100000000D-02 0.2652113000D+01 0.1428000000D+00 0.1180000000D+01 0.1913000000D+00-0.1830000000D-01 0.5000000000D-04 0.1252350000D+02 0.8490000000D-02 0.8200000000D-04 0.7400000000D-02 0.4653730000D+01 0.1585700000D+01 0.5113100000D+01 0.2234400000D+01
2 4520030131200303032452670.4 0.8700000000D-02-0.2000000000D-04 0.4853200000D+01 0.1280000000D-01 0.3000000000D-04 0.3000000000D-02 0.4487397000D+01 0.2087500000D+01 0.4706700000D+01 0.3832100000D+01-0.1820000000D-01 0.1000000000D-04 0.1233200000D+02 0.4190000000D-02 0.8900000000D-04 0.8000000000D-02 0.2565610000D+00 0.3024400000D+01 0.6147000000D+00 0.6000100000D+01
2 4620030303200304032452701.4 0.8100000000D-02 0.0000000000D+00 0.4596700000D+01 0.1118000000D-01 0.5500000000D-04 0.2400000000D-02 0.3229200000D-01 0.4057200000D+01 0.6372000000D+00 0.1292800000D+01-0.1740000000D-01-0.4000000000D-04 0.1229080000D+02 0.3630000000D-02 0.7500000000D-04 0.8100000000D-02 0.2147625000D+01 0.3330000000D+01 0.2355300000D+01 0.3340100000D+01
2 4720030403200305042452732.4 0.7900000000D-02 0.0000000000D+00 0.4427100000D+01 0.7880000000D-02 0.7400000000D-04 0.2900000000D-02 0.1863397000D+01 0.6079400000D+01 0.2594600000D+01 0.5102000000D+01-0.1830000000D-01-0.2000000000D-04 0.1240470000D+02 0.7700000000D-02 0.5900000000D-04 0.6600000000D-02 0.4041808000D+01 0.4704600000D+01 0.3787200000D+01 0.9811000000D+00
2 4820030504200306042452763.4 0.7800000000D-02 0.1000000000D-04 0.4367000000D+01 0.3860000000D-02 0.8600000000D-04 0.2700000000D-02 0.3710042000D+01 0.2120600000D+01 0.4592400000D+01 0.2334400000D+01-0.1820000000D-01-0.8000000000D-04 0.1264760000D+02 0.1047000000D-01 0.2900000000D-04 0.8600000000D-02 0.5937174000D+01 0.3980000000D-01 0.5228300000D+01 0.4679800000D+01
2 4920030604200307052452794.4 0.7500000000D-02 0.4000000000D-04 0.4417700000D+01 0.3430000000D-02 0.7700000000D-04 0.2900000000D-02 0.5582221000D+01 0.5704800000D+01 0.3093000000D+00 0.6237900000D+01-0.1810000000D-01-0.8000000000D-04 0.1296790000D+02 0.1129000000D-01 0.4200000000D-04 0.8100000000D-02 0.1546722000D+01 0.1764400000D+01 0.5591100000D+01 0.2185900000D+01
2 5020030705200308052452825.4 0.7800000000D-02 0.2000000000D-04 0.4562000000D+01 0.7530000000D-02 0.4100000000D-04 0.2700000000D-02 0.1200138000D+01 0.1846400000D+01 0.2554800000D+01 0.3670600000D+01-0.2000000000D-01 0.1000000000D-04 0.1328250000D+02 0.9450000000D-02 0.9100000000D-04 0.9300000000D-02 0.3434717000D+01 0.3463900000D+01 0.7980000000D+00 0.5852900000D+01
2 5120030805200309052452856.4 0.8100000000D-02 0.1000000000D-04 0.4758900000D+01 0.9560000000D-02 0.3400000000D-04 0.3400000000D-02 0.3122392000D+01 0.3901000000D+01 0.6272500000D+01 0.1387300000D+01-0.2030000000D-01 0.0000000000D+00 0.1349780000D+02 0.5020000000D-02 0.1110000000D-03 0.7700000000D-02 0.5317111000D+01 0.4842100000D+01 0.2445700000D+01 0.3448600000D+01
2 5220030905200310062452887.4 0.8200000000D-02 0.1000000000D-04 0.4940600000D+01 0.8040000000D-02 0.8400000000D-04 0.3300000000D-02 0.5048835000D+01 0.5949300000D+01 0.2530800000D+01 0.4939600000D+01-0.2040000000D-01 0.2000000000D-04 0.1353370000D+02 0.4440000000D-02 0.9900000000D-04 0.9500000000D-02 0.9113590000D+00 0.5127100000D+01 0.4182700000D+01 0.9650000000D+00
2 5320031006200311062452918.4 0.8600000000D-02-0.1000000000D-04 0.5032100000D+01 0.3270000000D-02 0.1010000000D-03 0.3100000000D-02 0.6797470000D+00 0.2038500000D+01 0.4581900000D+01 0.2545600000D+01-0.2130000000D-01 0.8000000000D-04 0.1337710000D+02 0.9600000000D-02 0.4900000000D-04 0.8800000000D-02 0.2786318000D+01 0.1610000000D+00 0.5550500000D+01 0.4577300000D+01
2 5420031106200312072452949.4 0.8600000000D-02-0.1000000000D-04 0.4983400000D+01 0.4200000000D-02 0.8400000000D-04 0.3300000000D-02 0.2570974000D+01 0.5989100000D+01 0.2532000000D+00 0.6130000000D-01-0.1970000000D-01 0.0000000000D+00 0.1307600000D+02 0.1203000000D-01 0.3600000000D-04 0.8400000000D-02 0.4661232000D+01 0.1863600000D+01 0.6171900000D+01 0.2104300000D+01
2 5520031207200401072452980.4 0.7700000000D-02 0.1000000000D-04 0.4804900000D+01 0.9140000000D-02 0.4900000000D-04 0.3000000000D-02 0.4436160000D+01 0.1898900000D+01 0.2243700000D+01 0.3845600000D+01-0.1850000000D-01 0.0000000000D+00 0.1272850000D+02 0.1110000000D-01 0.5400000000D-04 0.7900000000D-02 0.2554900000D+00 0.3577700000D+01 0.8791000000D+00 0.5907800000D+01
3 5620021231200301272452639.4 0.3600000000D-01-0.2700000000D-03 0.7194700000D+01 0.1699000000D-01 0.2000000000D-04 0.1460000000D-01 0.2637738000D+01 0.1160000000D+00 0.1318800000D+01 0.1268400000D+01 0.1870000000D-01 0.8700000000D-03 0.1743880000D+02 0.1130000000D-01 0.8800000000D-04 0.3680000000D-01 0.4642492000D+01 0.1441500000D+01 0.5016100000D+01 0.3293300000D+01
3 5720030127200302232452666.4 0.2700000000D-01-0.3300000000D-03 0.6831900000D+01 0.1791000000D-01 0.3700000000D-04 0.1300000000D-01 0.5835117000D+01 0.3427600000D+01 0.6095500000D+01 0.1493600000D+01 0.4350000000D-01-0.2200000000D-03 0.1719470000D+02 0.6300000000D-02 0.1200000000D-03 0.3410000000D-01 0.1600329000D+01 0.4452400000D+01 0.2041100000D+01 0.3619000000D+01
3 5820030223200303222452693.4 0.1880000000D-01 0.2400000000D-03 0.6506300000D+01 0.1637000000D-01 0.6200000000D-04 0.1120000000D-01 0.2741381000D+01 0.4539000000D+00 0.3216300000D+01 0.1529000000D+01 0.3010000000D-01-0.6300000000D-03 0.1710950000D+02 0.3840000000D-02 0.1170000000D-03 0.3020000000D-01 0.4843350000D+01 0.1766000000D+00 0.4974100000D+01 0.3664700000D+01
3 5920030322200304182452720.4 0.2670000000D-01-0.8000000000D-04 0.6262700000D+01 0.1298000000D-01 0.8200000000D-04 0.1260000000D-01 0.5929749000D+01 0.3799300000D+01 0.3105000000D+00 0.1656100000D+01 0.1230000000D-01 0.7900000000D-03 0.1718920000D+02 0.7750000000D-02 0.1100000000D-03 0.3530000000D-01 0.1804910000D+01 0.2567900000D+01 0.1643900000D+01 0.3848700000D+01
3 6020030418200305152452747.4 0.2170000000D-01-0.2500000000D-03 0.6130300000D+01 0.8440000000D-02 0.1030000000D-03 0.1220000000D-01 0.2842399000D+01 0.9413000000D+00 0.3555300000D+01 0.1936100000D+01 0.3810000000D-01 0.5000000000D-04 0.1741970000D+02 0.1208000000D-01 0.8200000000D-04 0.3580000000D-01 0.5050749000D+01 0.5495500000D+01 0.4465100000D+01 0.4184500000D+01
3 6120030515200306112452774.4 0.1360000000D-01 0.3000000000D-03 0.6116600000D+01 0.4340000000D-02 0.1250000000D-03 0.1080000000D-01 0.6053734000D+01 0.4847000000D+01 0.6611000000D+00 0.2037900000D+01 0.3710000000D-01-0.9500000000D-03 0.1776330000D+02 0.1498000000D-01 0.3300000000D-04 0.3100000000D-01 0.2012076000D+01 0.2212000000D+01 0.4955000000D+00 0.4302700000D+01
3 6220030611200307082452801.4 0.2300000000D-01 0.1200000000D-03 0.6216000000D+01 0.5560000000D-02 0.1160000000D-03 0.1280000000D-01 0.3002625000D+01 0.3206700000D+01 0.4039000000D+01 0.2187200000D+01 0.1190000000D-01 0.5100000000D-03 0.1816210000D+02 0.1533000000D-01 0.5400000000D-04 0.3630000000D-01 0.5253699000D+01 0.5257500000D+01 0.2154100000D+01 0.4442300000D+01
3 6320030708200308042452828.4 0.2510000000D-01-0.2600000000D-03 0.6405600000D+01 0.1049000000D-01 0.6200000000D-04 0.1360000000D-01 0.6256797000D+01 0.6110000000D+00 0.1292900000D+01 0.2524800000D+01 0.3330000000D-01 0.4300000000D-03 0.1853400000D+02 0.1253000000D-01 0.1130000000D-03 0.3880000000D-01 0.2208638000D+01 0.2084500000D+01 0.5650700000D+01 0.4750300000D+01
3 6420030804200308312452855.4 0.1720000000D-01 0.2200000000D-03 0.6644500000D+01 0.1310000000D-01 0.4900000000D-04 0.1200000000D-01 0.3243744000D+01 0.3992100000D+01 0.6127000000D+01 0.2722200000D+01 0.4270000000D-01-0.9400000000D-03 0.1878730000D+02 0.7690000000D-02 0.1640000000D-03 0.3330000000D-01 0.5443202000D+01 0.4977100000D+01 0.2568000000D+01 0.4912400000D+01
3 6520030831200309272452882.4 0.2640000000D-01 0.2300000000D-03 0.6872100000D+01 0.1198000000D-01 0.1070000000D-03 0.1390000000D-01 0.2349110000D+00 0.1112200000D+01 0.3876900000D+01 0.2825800000D+01 0.1230000000D-01 0.3700000000D-03 0.1885820000D+02 0.4680000000D-02 0.1440000000D-03 0.3660000000D-01 0.2391624000D+01 0.4813000000D+00 0.5762000000D+01 0.4986100000D+01
3 6620030927200310242452909.4 0.3320000000D-01-0.3200000000D-03 0.7015100000D+01 0.6990000000D-02 0.1370000000D-03 0.1510000000D-01 0.3503301000D+01 0.4650300000D+01 0.1060000000D+01 0.3162400000D+01 0.2500000000D-01 0.8200000000D-03 0.1871610000D+02 0.1045000000D-01 0.9900000000D-04 0.3930000000D-01 0.5622588000D+01 0.2973400000D+01 0.2406800000D+01 0.5269200000D+01
3 6720031024200311202452936.4 0.2240000000D-01 0.3000000000D-04 0.7018100000D+01 0.3470000000D-02 0.1360000000D-03 0.1260000000D-01 0.4736500000D+00 0.3094500000D+01 0.4450500000D+01 0.3372000000D+01 0.4390000000D-01-0.8100000000D-03 0.1840150000D+02 0.1553000000D-01 0.4900000000D-04 0.3220000000D-01 0.2570851000D+01 0.6030400000D+01 0.4575400000D+01 0.5458300000D+01
3 6820031120200312172452963.4 0.2460000000D-01 0.2700000000D-03 0.6871000000D+01 0.8900000000D-02 0.1020000000D-03 0.1270000000D-01 0.3707991000D+01 0.9711000000D+00 0.1497400000D+01 0.3388600000D+01 0.1610000000D-01-0.9000000000D-04 0.1799190000D+02 0.1710000000D-01 0.9000000000D-04 0.3310000000D-01 0.5803692000D+01 0.2867700000D+01 0.4159000000D+00 0.5510800000D+01
3 6920031217200401132452990.4 0.3150000000D-01-0.2900000000D-03 0.6607600000D+01 0.1403000000D-01 0.5300000000D-04 0.1370000000D-01 0.6399680000D+00 0.4402800000D+01 0.4858400000D+01 0.3647700000D+01 0.1820000000D-01 0.7500000000D-03 0.1757840000D+02 0.1408000000D-01 0.8800000000D-04 0.3630000000D-01 0.2756236000D+01 0.5942100000D+01 0.3393300000D+01 0.5766100000D+01
3 7020040113200402092453017.4 0.2010000000D-01-0.1200000000D-03 0.6286100000D+01 0.1686000000D-01 0.1800000000D-04 0.1120000000D-01 0.3837861000D+01 0.1457200000D+01 0.2537000000D+01 0.3854900000D+01 0.4200000000D-01-0.7100000000D-03 0.1724770000D+02 0.9690000000D-02 0.8600000000D-04 0.3090000000D-01 0.5995597000D+01 0.2628100000D+01 0.6168300000D+01 0.6033800000D+01
4 7120021231200301172452639.2-0.4540000000D-01 0.3400000000D-03 0.1173870000D+02 0.2677000000D-01 0.3300000000D-04 0.1540000000D-01 0.8391300000D+00 0.4546300000D+01 0.5890000000D+01 0.5851000000D+01 0.9710000000D-01-0.6600000000D-03 0.2862250000D+02 0.2035000000D-01 0.2620000000D-03 0.3720000000D-01 0.2842386000D+01 0.5829500000D+01 0.3586400000D+01 0.1589700000D+01
4 7220030117200302032452656.2-0.4110000000D-01-0.6800000000D-03 0.1135880000D+02 0.2837000000D-01 0.8500000000D-04 0.1470000000D-01 0.5190830000D+00 0.4369600000D+01 0.2446600000D+01 0.5595900000D+01 0.5560000000D-01 0.9500000000D-03 0.2832160000D+02 0.1320000000D-01 0.4100000000D-04 0.3840000000D-01 0.2547283000D+01 0.4994200000D+01 0.8442000000D+00 0.1354900000D+01
4 7320030203200302202452673.2-0.5400000000D-01 0.1600000000D-02 0.1100490000D+02 0.2959000000D-01 0.2570000000D-03 0.1240000000D-01 0.1946250000D+00 0.3969700000D+01 0.6066700000D+01 0.4970200000D+01 0.8390000000D-01-0.3360000000D-02 0.2815750000D+02 0.1162000000D-01 0.3020000000D-03 0.3220000000D-01 0.2254972000D+01 0.4534400000D+01 0.1365700000D+01 0.7118000000D+00
4 7420030220200303092452690.2-0.3840000000D-01 0.1400000000D-03 0.1066410000D+02 0.2747000000D-01 0.1470000000D-03 0.1210000000D-01 0.6150756000D+01 0.3822400000D+01 0.5663000000D+00 0.4590100000D+01 0.2960000000D-01 0.5200000000D-03 0.2807910000D+02 0.6990000000D-02 0.2490000000D-03 0.3210000000D-01 0.1961773000D+01 0.3745800000D+01 0.2694600000D+01 0.4300000000D+00
4 7520030309200303262452707.2-0.2340000000D-01 0.7000000000D-04 0.1037950000D+02 0.2269000000D-01 0.1130000000D-03 0.7000000000D-02 0.5821350000D+01 0.3539900000D+01 0.5696900000D+01 0.3964900000D+01 0.2650000000D-01-0.6400000000D-03 0.2811210000D+02 0.1235000000D-01 0.2420000000D-03 0.1920000000D-01 0.1668523000D+01 0.2888900000D+01 0.1300400000D+01 0.6139000000D+01
4 7620030326200304122452724.2-0.3200000000D-01 0.9400000000D-03 0.1017160000D+02 0.2382000000D-01 0.2960000000D-03 0.7500000000D-02 0.5496162000D+01 0.3367500000D+01 0.6238400000D+01 0.2990800000D+01 0.2070000000D-01 0.2310000000D-02 0.2825520000D+02 0.1056000000D-01 0.2550000000D-03 0.2300000000D-01 0.1377905000D+01 0.1824000000D+01 0.1528200000D+01 0.5164900000D+01
4 7720030412200304292452741.2-0.1580000000D-01-0.3400000000D-03 0.1002000000D+02 0.1539000000D-01 0.1870000000D-03 0.5600000000D-02 0.5169805000D+01 0.3154600000D+01 0.5717900000D+01 0.2187100000D+01 0.4020000000D-01-0.1100000000D-03 0.2848260000D+02 0.1754000000D-01 0.2000000000D-03 0.1620000000D-01 0.1084461000D+01 0.1448200000D+01 0.2086300000D+01 0.4375500000D+01
4 7820030429200305162452758.2-0.2750000000D-01 0.3000000000D-04 0.9953100000D+01 0.9520000000D-02 0.1480000000D-03 0.1020000000D-01 0.4850067000D+01 0.3109800000D+01 0.5319500000D+01 0.1314000000D+01 0.7620000000D-01 0.3600000000D-03 0.2879610000D+02 0.2318000000D-01 0.2510000000D-03 0.2930000000D-01 0.7905020000D+00 0.1277300000D+01 0.6017300000D+01 0.3537700000D+01
4 7920030516200306022452775.2-0.2760000000D-01-0.9200000000D-03 0.9965400000D+01 0.1101000000D-01 0.3640000000D-03 0.1180000000D-01 0.4540599000D+01 0.3279500000D+01 0.5881600000D+01 0.9859000000D+00 0.6300000000D-01 0.2400000000D-02 0.2918220000D+02 0.2177000000D-01 0.3420000000D-03 0.3380000000D-01 0.4984540000D+00 0.3689000000D+00 0.1592400000D+01 0.3240100000D+01
4 8020030602200306192452792.2-0.4290000000D-01 0.4300000000D-03 0.1004700000D+02 0.8110000000D-02 0.1340000000D-03 0.1290000000D-01 0.4235256000D+01 0.4227800000D+01 0.5510700000D+01 0.3221000000D+00 0.1182000000D+00-0.2970000000D-02 0.2955810000D+02 0.3303000000D-01 0.5900000000D-03 0.3750000000D-01 0.2018840000D+00 0.4863000000D+00 0.4188300000D+01 0.2606700000D+01
4 8120030619200307062452809.2-0.4320000000D-01-0.2200000000D-03 0.1020070000D+02 0.1212000000D-01 0.1390000000D-03 0.1420000000D-01 0.3940631000D+01 0.4407700000D+01 0.4900700000D+01 0.9020000000D-01 0.6590000000D-01 0.8100000000D-03 0.3000290000D+02 0.2222000000D-01 0.1130000000D-03 0.4210000000D-01 0.6188758000D+01 0.1280000000D-01 0.4693500000D+01 0.2329200000D+01
4 8220030706200307232452826.2-0.4230000000D-01 0.8700000000D-03 0.1040460000D+02 0.1566000000D-01 0.3670000000D-03 0.1090000000D-01 0.3656413000D+01 0.3992200000D+01 0.5393300000D+01 0.5979900000D+01 0.6710000000D-01-0.3230000000D-02 0.3037280000D+02 0.2638000000D-01 0.6200000000D-03 0.3120000000D-01 0.5892481000D+01 0.5404000000D+01 0.1833000000D+01 0.1914400000D+01
4 8320030723200308092452843.2-0.4270000000D-01 0.1040000000D-02 0.1064010000D+02 0.2378000000D-01 0.1730000000D-03 0.1110000000D-01 0.3375495000D+01 0.4155100000D+01 0.1190000000D+01 0.5390400000D+01 0.4450000000D-01-0.9300000000D-03 0.3066260000D+02 0.2051000000D-01 0.8520000000D-03 0.3110000000D-01 0.5591429000D+01 0.5973700000D+01 0.3550500000D+01 0.1323300000D+01
4 8420030809200308262452860.2-0.1940000000D-01-0.3400000000D-03 0.1090410000D+02 0.2095000000D-01 0.7300000000D-04 0.6800000000D-02 0.3101375000D+01 0.3916000000D+01 0.5247000000D+01 0.4883900000D+01 0.1680000000D-01 0.3900000000D-03 0.3088080000D+02 0.1039000000D-01 0.2710000000D-03 0.1990000000D-01 0.5292398000D+01 0.4642600000D+01 0.1840100000D+01 0.7988000000D+00
4 8520030826200309122452877.2-0.3020000000D-01 0.8700000000D-03 0.1113100000D+02 0.2128000000D-01 0.2470000000D-03 0.7600000000D-02 0.2828280000D+01 0.3601600000D+01 0.5878300000D+01 0.3615000000D+01 0.5350000000D-01 0.1900000000D-03 0.3094890000D+02 0.6590000000D-02 0.2730000000D-03 0.2200000000D-01 0.4991396000D+01 0.3416900000D+01 0.1290400000D+01 0.5723700000D+01
4 8620030912200309292452894.2-0.1720000000D-01-0.1120000000D-02 0.1132890000D+02 0.1830000000D-01 0.2820000000D-03 0.8800000000D-02 0.2553631000D+01 0.3586400000D+01 0.3859000000D+00 0.3202500000D+01 0.4410000000D-01 0.1800000000D-02 0.3087420000D+02 0.8280000000D-02 0.7870000000D-03 0.2320000000D-01 0.4690641000D+01 0.9217000000D+00 0.2833200000D+01 0.5284300000D+01
4 8720030929200310162452911.2-0.3180000000D-01 0.4000000000D-04 0.1144460000D+02 0.1078000000D-01 0.1730000000D-03 0.1180000000D-01 0.2275091000D+01 0.3477500000D+01 0.5705300000D+01 0.2353800000D+01 0.9140000000D-01-0.6500000000D-03 0.3068230000D+02 0.1692000000D-01 0.2620000000D-03 0.3170000000D-01 0.4390789000D+01 0.1636900000D+01 0.4034000000D+00 0.4463900000D+01
4 8820031016200311022452928.2-0.4400000000D-01-0.1200000000D-03 0.1146580000D+02 0.8510000000D-02 0.2450000000D-03 0.1550000000D-01 0.1989472000D+01 0.3824100000D+01 0.6084700000D+01 0.2069600000D+01 0.7950000000D-01 0.1340000000D-02 0.3036890000D+02 0.2135000000D-01 0.2120000000D-03 0.4060000000D-01 0.4090524000D+01 0.1131800000D+01 0.1428000000D+00 0.4174500000D+01
4 8920031102200311192452945.2-0.4070000000D-01-0.1000000000D-03 0.1138810000D+02 0.8260000000D-02 0.2400000000D-03 0.1270000000D-01 0.1699701000D+01 0.4670800000D+01 0.5922100000D+01 0.1569500000D+01 0.1131000000D+00-0.4710000000D-02 0.3000390000D+02 0.3270000000D-01 0.4990000000D-03 0.3500000000D-01 0.3792029000D+01 0.6303000000D+00 0.3349600000D+01 0.3662400000D+01
4 9020031119200312062452962.2-0.4890000000D-01 0.2400000000D-03 0.1121560000D+02 0.1385000000D-01 0.1270000000D-03 0.1500000000D-01 0.1399983000D+01 0.4826900000D+01 0.5337100000D+01 0.1148100000D+01 0.6470000000D-01 0.2900000000D-03 0.2954250000D+02 0.2537000000D-01 0.2310000000D-03 0.3960000000D-01 0.3494114000D+01 0.4080000000D+00 0.5218300000D+01 0.3235900000D+01
4 9120031206200312232452979.2-0.3510000000D-01 0.1000000000D-04 0.1096310000D+02 0.1812000000D-01 0.2030000000D-03 0.1100000000D-01 0.1092312000D+01 0.4635500000D+01 0.5431300000D+01 0.8314000000D+00 0.3260000000D-01-0.5000000000D-03 0.2911050000D+02 0.2647000000D-01 0.1910000000D-03 0.2940000000D-01 0.3196318000D+01 0.6100300000D+01 0.2509600000D+01 0.2932000000D+01
4 9220031223200401092452996.2-0.4040000000D-01 0.1590000000D-02 0.1066290000D+02 0.2510000000D-01 0.3100000000D-04 0.8500000000D-02 0.7795820000D+00 0.4569000000D+01 0.5949400000D+01 0.6207100000D+01 0.5540000000D-01-0.2760000000D-02 0.2874250000D+02 0.3087000000D-01 0.7790000000D-03 0.2290000000D-01 0.2902650000D+01 0.6224100000D+01 0.3609800000D+01 0.2127100000D+01
4 9320040109200401262453013.2-0.1640000000D-01-0.5600000000D-03 0.1031960000D+02 0.2439000000D-01 0.1390000000D-03 0.6500000000D-02 0.4568170000D+00 0.4314800000D+01 0.4318700000D+01 0.5735700000D+01 0.3800000000D-02 0.2160000000D-02 0.2836180000D+02 0.1961000000D-01 0.2870000000D-03 0.1940000000D-01 0.2605951000D+01 0.5089800000D+01 0.1393500000D+01 0.1630000000D+01
4 9420040126200402122453030.2-0.2040000000D-01 0.2700000000D-03 0.9989000000D+01 0.2708000000D-01 0.9000000000D-04 0.6500000000D-02 0.1287050000D+00 0.4013500000D+01 0.5567300000D+01 0.4382300000D+01 0.5380000000D-01-0.3400000000D-03 0.2812290000D+02 0.1533000000D-01 0.1920000000D-03 0.1850000000D-01 0.2312624000D+01 0.4799700000D+01 0.2136500000D+01 0.2669000000D+00
5 9520021231200301222452639.4-0.5500000000D-02-0.4300000000D-03 0.1574290000D+02 0.3580000000D-01 0.1910000000D-03 0.1050000000D-01 0.5730639000D+01 0.3100400000D+01 0.4606100000D+01 0.5033000000D+01-0.9280000000D-01 0.2670000000D-02 0.3830940000D+02 0.3298000000D-01 0.5350000000D-03 0.2580000000D-01 0.1444676000D+01 0.4408800000D+01 0.1583500000D+01 0.7435000000D+00
5 9620030122200302132452661.4-0.5000000000D-03 0.1100000000D-03 0.1508480000D+02 0.3759000000D-01 0.5400000000D-04 0.4500000000D-02 0.3401858000D+01 0.9469000000D+00 0.2448000000D+01 0.8901000000D+00-0.4350000000D-01 0.9700000000D-03 0.3782080000D+02 0.1620000000D-01 0.1630000000D-03 0.1170000000D-01 0.5433335000D+01 0.1843700000D+01 0.5419900000D+01 0.2987400000D+01
5 9720030213200303072452683.4-0.4500000000D-02-0.4800000000D-03 0.1447070000D+02 0.3698000000D-01 0.7600000000D-04 0.2500000000D-02 0.1066580000D+01 0.5015700000D+01 0.1487200000D+01 0.6032600000D+01 0.1100000000D-02 0.1280000000D-02 0.3757320000D+02 0.8690000000D-02 0.1510000000D-03 0.7400000000D-02 0.3139636000D+01 0.5013000000D+01 0.3094200000D+01 0.1912700000D+01
5 9820030307200303292452705.4-0.2380000000D-01-0.3600000000D-03 0.1395560000D+02 0.3343000000D-01 0.1660000000D-03 0.8400000000D-02 0.5010878000D+01 0.2775300000D+01 0.5476400000D+01 0.2054800000D+01 0.1610000000D-01 0.1930000000D-02 0.3761500000D+02 0.1113000000D-01 0.4780000000D-03 0.2200000000D-01 0.8459100000D+00 0.2374900000D+01 0.8271000000D+00 0.4194100000D+01
5 9920030329200304202452727.4-0.3410000000D-01 0.1800000000D-03 0.1358760000D+02 0.2519000000D-01 0.2390000000D-03 0.1100000000D-01 0.2671368000D+01 0.4656000000D+00 0.2680400000D+01 0.4196200000D+01 0.6570000000D-01-0.4790000000D-02 0.3786810000D+02 0.2345000000D-01 0.9040000000D-03 0.3240000000D-01 0.4834690000D+01 0.6153500000D+01 0.4227100000D+01 0.2420000000D-01
510020030420200305122452749.4-0.1830000000D-01-0.5700000000D-03 0.1335390000D+02 0.1308000000D-01 0.1070000000D-03 0.1210000000D-01 0.3385220000D+00 0.4880200000D+01 0.5689200000D+01 0.6236500000D+01-0.4860000000D-01 0.1680000000D-02 0.3825130000D+02 0.4030000000D-01 0.9830000000D-03 0.3710000000D-01 0.2539943000D+01 0.3386400000D+01 0.1213000000D+01 0.2249400000D+01
510120030512200306032452771.4-0.4050000000D-01 0.2820000000D-02 0.1331100000D+02 0.1424000000D-01 0.2260000000D-03 0.1110000000D-01 0.4300718000D+01 0.3449500000D+01 0.3094000000D+00 0.2146000000D+01 0.2500000000D-02-0.5040000000D-02 0.3882770000D+02 0.4920000000D-01 0.7740000000D-03 0.2940000000D-01 0.2466650000D+00 0.5366000000D+00 0.4106600000D+01 0.4403200000D+01
510220030603200306252452793.4 0.1590000000D-01-0.1490000000D-02 0.1346820000D+02 0.1548000000D-01 0.4620000000D-03 0.6800000000D-02 0.1993310000D+01 0.1494000000D+01 0.3730000000D+01 0.4264900000D+01-0.1008000000D+00 0.4120000000D-02 0.3956850000D+02 0.4328000000D-01 0.5070000000D-03 0.2010000000D-01 0.4234315000D+01 0.4124500000D+01 0.7132000000D+00 0.1432000000D+00
510320030625200307172452815.4-0.5500000000D-02 0.3300000000D-03 0.1377150000D+02 0.1431000000D-01 0.4410000000D-03 0.2000000000D-02 0.5981562000D+01 0.6217000000D+01 0.9401000000D+00 0.1491000000D+00-0.4270000000D-01 0.2600000000D-02 0.4034110000D+02 0.2764000000D-01 0.3270000000D-03 0.5700000000D-02 0.1934808000D+01 0.1562100000D+01 0.3378300000D+01 0.2345200000D+01
510420030717200308082452837.4-0.3000000000D-02-0.1120000000D-02 0.1416410000D+02 0.2248000000D-01 0.2080000000D-03 0.4400000000D-02 0.3700469000D+01 0.4384200000D+01 0.4830700000D+01 0.5413300000D+01 0.2890000000D-01-0.4400000000D-03 0.4092320000D+02 0.2041000000D-01 0.1000000000D-03 0.1150000000D-01 0.5916458000D+01 0.5640900000D+01 0.3967100000D+01 0.1373500000D+01
510520030808200308302452859.4-0.3210000000D-01-0.1500000000D-03 0.1459210000D+02 0.2834000000D-01 0.7600000000D-04 0.1000000000D-01 0.1429085000D+01 0.2221600000D+01 0.4409800000D+01 0.1391900000D+01 0.3970000000D-01 0.1000000000D-04 0.4129180000D+02 0.1658000000D-01 0.4180000000D-03 0.2720000000D-01 0.3614188000D+01 0.3022200000D+01 0.5695000000D+00 0.3505900000D+01
510620030830200309212452881.4-0.4250000000D-01 0.3500000000D-03 0.1499530000D+02 0.2602000000D-01 0.2280000000D-03 0.1350000000D-01 0.5444353000D+01 0.6278900000D+01 0.2499100000D+01 0.3597200000D+01 0.2120000000D-01-0.1900000000D-02 0.4139200000D+02 0.1157000000D-01 0.4770000000D-03 0.3790000000D-01 0.1311219000D+01 0.6085300000D+01 0.4369800000D+01 0.5727700000D+01
510720030921200310132452903.4-0.2130000000D-01-0.3800000000D-03 0.1529350000D+02 0.1593000000D-01 0.1840000000D-03 0.1420000000D-01 0.3172914000D+01 0.4263200000D+01 0.3295000000D+00 0.5808900000D+01-0.5430000000D-01 0.1500000000D-03 0.4118780000D+02 0.1966000000D-01 0.4170000000D-03 0.3730000000D-01 0.5291377000D+01 0.2903900000D+01 0.1652300000D+01 0.1691100000D+01
510820031013200311042452925.4-0.2800000000D-01 0.1840000000D-02 0.1539010000D+02 0.1245000000D-01 0.2330000000D-03 0.1070000000D-01 0.8912700000D+00 0.2897600000D+01 0.5486600000D+01 0.1772500000D+01-0.4300000000D-01-0.1750000000D-02 0.4075540000D+02 0.3573000000D-01 0.1650000000D-03 0.2610000000D-01 0.2987646000D+01 0.1000000000D-02 0.3524800000D+01 0.3844600000D+01
510920031104200311262452947.4 0.9600000000D-02-0.9300000000D-03 0.1525220000D+02 0.1532000000D-01 0.4210000000D-03 0.4200000000D-02 0.4881785000D+01 0.1272100000D+01 0.3161100000D+01 0.3864200000D+01-0.5920000000D-01 0.1870000000D-02 0.4004340000D+02 0.3666000000D-01 0.3880000000D-03 0.1250000000D-01 0.6854090000D+00 0.3608200000D+01 0.5609600000D+01 0.5869900000D+01
511020031126200312182452969.4-0.1330000000D-01 0.2100000000D-03 0.1488690000D+02 0.1697000000D-01 0.4510000000D-03 0.1600000000D-02 0.2578288000D+01 0.5855400000D+01 0.5096000000D+00 0.3156700000D+01-0.4280000000D-01 0.4820000000D-02 0.3924780000D+02 0.2644000000D-01 0.3630000000D-03 0.4000000000D-02 0.4669573000D+01 0.1328500000D+01 0.1798600000D+01 0.5294300000D+01
511120031218200401092452991.4-0.5100000000D-02-0.1500000000D-02 0.1439670000D+02 0.2691000000D-01 0.2310000000D-03 0.7000000000D-02 0.2631770000D+00 0.4041500000D+01 0.3871800000D+01 0.5073600000D+01 0.5400000000D-01-0.2470000000D-02 0.3854540000D+02 0.2397000000D-01 0.5930000000D-03 0.1720000000D-01 0.2373639000D+01 0.5728400000D+01 0.4435200000D+01 0.8950000000D+00
511220040109200401312453013.4-0.3140000000D-01-0.1400000000D-03 0.1384050000D+02 0.3680000000D-01 0.4800000000D-04 0.1000000000D-01 0.4218468000D+01 0.1803900000D+01 0.5252200000D+01 0.8298000000D+00 0.1120000000D-01 0.1230000000D-02 0.3799880000D+02 0.3102000000D-01 0.8520000000D-03 0.2950000000D-01 0.7802600000D-01 0.3362400000D+01 0.1090000000D+01 0.2919500000D+01
