 7 5    2   18   22   26   31  4.4880  2.4930  1.5162  0.7217  0.4667 24.0 110.0 100.0 75.0 75.0   35 2456657.5000 2014                                                                                                                                                                                                                                                          
1  220131231201401242456657.4 0.4200000000D-02 0.2100000000D-03 0.4195300000D+01 0.1988200000D+00 0.3832000000D-02 0.1800000000D-02 0.1001056000D+01 0.5653900000D+01 0.3604900000D+01 0.2275900000D+01 0.2000000000D-03-0.1000000000D-04 0.8517900000D+01 0.4012300000D+00 0.7670000000D-02 0.6800000000D-02 0.5031617000D+01 0.3393200000D+01 0.1325900000D+01 0.3530000000D-01
1  320140124201402172456681.4 0.3900000000D-02 0.2200000000D-03 0.4146800000D+01 0.1988200000D+00 0.3860000000D-02 0.1400000000D-02 0.8522810000D+00 0.5516100000D+01 0.3469700000D+01 0.1701400000D+01 0.1300000000D-02-0.5000000000D-04 0.8353200000D+01 0.3912400000D+00 0.7449000000D-02 0.5600000000D-02 0.4895487000D+01 0.3261500000D+01 0.1201900000D+01 0.6061500000D+01
1  420140217201403132456705.4 0.4000000000D-02 0.2200000000D-03 0.4150300000D+01 0.2002600000D+00 0.3908000000D-02 0.1300000000D-02 0.6954000000D+00 0.5370900000D+01 0.3328300000D+01 0.1304100000D+01 0.1800000000D-02-0.7000000000D-04 0.8226000000D+01 0.3831700000D+00 0.7279000000D-02 0.4800000000D-02 0.4763831000D+01 0.3137400000D+01 0.1086600000D+01 0.5884400000D+01
1  520140313201404062456729.4 0.4200000000D-02 0.2200000000D-03 0.4204200000D+01 0.2031300000D+00 0.3971000000D-02 0.1800000000D-02 0.5356310000D+00 0.5221600000D+01 0.3182200000D+01 0.7032000000D+00 0.2600000000D-02-0.1000000000D-03 0.8153200000D+01 0.3777900000D+00 0.7169000000D-02 0.4000000000D-02 0.4636801000D+01 0.3019500000D+01 0.9785000000D+00 0.5524100000D+01
1  620140406201404302456753.4 0.4700000000D-02 0.2000000000D-03 0.4301000000D+01 0.2070800000D+00 0.4045000000D-02 0.1900000000D-02 0.3777350000D+00 0.5071900000D+01 0.3035600000D+01 0.3809000000D+00 0.3100000000D-02-0.1000000000D-03 0.8141400000D+01 0.3759200000D+00 0.7137000000D-02 0.3500000000D-02 0.4514433000D+01 0.2906400000D+01 0.8737000000D+00 0.5088500000D+01
1  720140430201405242456777.4 0.5200000000D-02 0.1800000000D-03 0.4429700000D+01 0.2117900000D+00 0.4125000000D-02 0.2400000000D-02 0.2254870000D+00 0.4924800000D+01 0.2890600000D+01 0.1445000000D+00 0.3600000000D-02-0.1100000000D-03 0.8191700000D+01 0.3774100000D+00 0.7182000000D-02 0.3200000000D-02 0.4395542000D+01 0.2796300000D+01 0.7705000000D+00 0.4702700000D+01
1  820140524201406172456801.4 0.5600000000D-02 0.1500000000D-03 0.4576000000D+01 0.2168300000D+00 0.4204000000D-02 0.2700000000D-02 0.8128700000D-01 0.4781500000D+01 0.2747100000D+01 0.6225100000D+01 0.4400000000D-02-0.1300000000D-03 0.8296700000D+01 0.3822400000D+00 0.7295000000D-02 0.3700000000D-02 0.4279053000D+01 0.2686600000D+01 0.6642000000D+00 0.4273500000D+01
1  920140617201407112456825.4 0.6000000000D-02 0.1400000000D-03 0.4721400000D+01 0.2214400000D+00 0.4271000000D-02 0.2900000000D-02 0.6229404000D+01 0.4643500000D+01 0.2607400000D+01 0.6037900000D+01 0.5000000000D-02-0.1500000000D-03 0.8445100000D+01 0.3897400000D+00 0.7472000000D-02 0.3900000000D-02 0.4163404000D+01 0.2575200000D+01 0.5536000000D+00 0.3885100000D+01
1 1020140711201408042456849.4 0.6100000000D-02 0.1300000000D-03 0.4846900000D+01 0.2250700000D+00 0.4314000000D-02 0.3100000000D-02 0.6103546000D+01 0.4509900000D+01 0.2468900000D+01 0.5888000000D+01 0.6000000000D-02-0.1900000000D-03 0.8617600000D+01 0.3991500000D+00 0.7688000000D-02 0.4000000000D-02 0.4046760000D+01 0.2459300000D+01 0.4343000000D+00 0.3607600000D+01
1 1120140804201408282456873.4 0.6100000000D-02 0.1200000000D-03 0.4929600000D+01 0.2268200000D+00 0.4322000000D-02 0.3100000000D-02 0.5985939000D+01 0.4381100000D+01 0.2334300000D+01 0.5745500000D+01 0.6900000000D-02-0.2400000000D-03 0.8790100000D+01 0.4091300000D+00 0.7914000000D-02 0.4900000000D-02 0.3927526000D+01 0.2336700000D+01 0.3054000000D+00 0.3324500000D+01
1 1220140828201409212456897.4 0.5700000000D-02 0.1200000000D-03 0.4953700000D+01 0.2263800000D+00 0.4290000000D-02 0.3000000000D-02 0.5874857000D+01 0.4256000000D+01 0.2202800000D+01 0.5512500000D+01 0.8000000000D-02-0.3000000000D-03 0.8932600000D+01 0.4181200000D+00 0.8116000000D-02 0.4800000000D-02 0.3804034000D+01 0.2206200000D+01 0.1654000000D+00 0.2937800000D+01
1 1320140921201410152456921.4 0.5300000000D-02 0.1200000000D-03 0.4910300000D+01 0.2237300000D+00 0.4223000000D-02 0.2700000000D-02 0.5767349000D+01 0.4134900000D+01 0.2076600000D+01 0.5418400000D+01 0.9000000000D-02-0.3500000000D-03 0.9017800000D+01 0.4242500000D+00 0.8241000000D-02 0.5300000000D-02 0.3675287000D+01 0.2067300000D+01 0.1640000000D-01 0.2763500000D+01
1 1420141015201411082456945.4 0.4800000000D-02 0.1200000000D-03 0.4808100000D+01 0.2195100000D+00 0.4139000000D-02 0.2600000000D-02 0.5659599000D+01 0.4016900000D+01 0.1956600000D+01 0.5070900000D+01 0.9600000000D-02-0.3700000000D-03 0.9025100000D+01 0.4262500000D+00 0.8269000000D-02 0.5800000000D-02 0.3541394000D+01 0.1922300000D+01 0.6144800000D+01 0.2424500000D+01
1 1520141108201412022456969.4 0.4200000000D-02 0.1200000000D-03 0.4670900000D+01 0.2149700000D+00 0.4064000000D-02 0.2000000000D-02 0.5547031000D+01 0.3899600000D+01 0.1838900000D+01 0.4810700000D+01 0.1010000000D-01-0.3900000000D-03 0.8953700000D+01 0.4233900000D+00 0.8179000000D-02 0.5500000000D-02 0.3403234000D+01 0.1774200000D+01 0.5990000000D+01 0.2150200000D+01
1 1620141202201412262456993.4 0.3900000000D-02 0.1200000000D-03 0.4528700000D+01 0.2110200000D+00 0.4018000000D-02 0.1900000000D-02 0.5425211000D+01 0.3780100000D+01 0.1721100000D+01 0.4472200000D+01 0.1000000000D-01-0.3500000000D-03 0.8818200000D+01 0.4166400000D+00 0.8005000000D-02 0.5700000000D-02 0.3263060000D+01 0.1627300000D+01 0.5839600000D+01 0.1981300000D+01
1 1720141226201501192457017.4 0.3600000000D-02 0.1200000000D-03 0.4411700000D+01 0.2085800000D+00 0.4006000000D-02 0.1800000000D-02 0.5291835000D+01 0.3654100000D+01 0.1596700000D+01 0.3967400000D+01 0.9900000000D-02-0.3200000000D-03 0.8650400000D+01 0.4073700000D+00 0.7776000000D-02 0.5600000000D-02 0.3123089000D+01 0.1484600000D+01 0.5697900000D+01 0.1618000000D+01
2 1820131231201404202456657.4 0.4300000000D-02 0.1000000000D-04 0.5635200000D+01 0.5340000000D-02 0.6000000000D-04 0.2600000000D-02-0.4213723000D+01-0.6252500000D+01-0.4508300000D+01-0.1367500000D+01-0.9400000000D-02-0.2000000000D-04 0.1276360000D+02 0.1291000000D-01 0.7700000000D-04 0.5200000000D-02-0.6083200000D-01-0.3017200000D+01-0.5907800000D+01-0.2144200000D+01
2 1920140420201408082456767.4 0.4200000000D-02 0.6000000000D-04 0.6070900000D+01 0.1361000000D-01 0.4900000000D-04 0.4100000000D-02-0.2787330000D+00-0.7806000000D+00-0.4370000000D+01-0.4415900000D+01-0.8900000000D-02 0.1000000000D-04 0.1219500000D+02 0.7570000000D-02 0.3500000000D-04 0.7600000000D-02-0.2281325000D+01-0.1538600000D+01-0.2602200000D+01-0.6245200000D+01
2 2020140808201411262456877.4 0.2400000000D-02 0.7000000000D-04 0.7051500000D+01 0.4750000000D-02 0.5800000000D-04 0.5100000000D-02-0.2544557000D+01-0.1160800000D+01-0.5513600000D+01-0.3139600000D+01-0.1130000000D-01 0.2000000000D-04 0.1317150000D+02 0.1141000000D-01 0.1040000000D-03 0.3800000000D-02-0.4478976000D+01-0.4458300000D+01-0.1053000000D+01-0.4190200000D+01
2 2120141126201503162456987.4 0.6000000000D-02 0.1000000000D-04 0.6503100000D+01 0.8860000000D-02 0.7800000000D-04 0.2000000000D-02-0.4715129000D+01-0.1580300000D+01-0.5224300000D+01-0.1768700000D+01-0.5400000000D-02-0.5000000000D-04 0.1325640000D+02 0.1408000000D-01 0.5000000000D-04 0.2300000000D-02-0.4491420000D+00-0.3194300000D+01-0.5944700000D+01-0.3150600000D+01
3 2220131231201404102456657.4-0.1930000000D-01-0.5000000000D-04 0.7851700000D+01 0.6500000000D-02 0.8800000000D-04 0.1610000000D-01 0.4247551000D+01 0.2091100000D+01 0.3877600000D+01-0.4557000000D+00-0.5730000000D-01 0.1200000000D-03 0.1777060000D+02 0.1757000000D-01 0.1010000000D-03 0.3170000000D-01 0.2112437000D+01 0.5325300000D+01 0.2475500000D+01-0.2759100000D+01
3 2320140410201407192456757.4-0.2720000000D-01 0.1000000000D-04 0.8331500000D+01 0.1804000000D-01 0.4900000000D-04 0.1950000000D-01 0.4969432000D+01 0.4372000000D+01 0.5990000000D+00-0.5051600000D+01-0.6260000000D-01 0.9000000000D-04 0.1695180000D+02 0.7820000000D-02 0.6700000000D-04 0.3110000000D-01 0.2947911000D+01 0.3880000000D+01 0.2726500000D+01-0.9823000000D+00
3 2420140719201410272456857.4-0.2890000000D-01-0.1000000000D-04 0.9648500000D+01 0.9060000000D-02 0.1180000000D-03 0.1520000000D-01 0.5735162000D+01 0.5996100000D+01 0.2387500000D+01-0.3668700000D+01-0.6850000000D-01 0.1000000000D-03 0.1803260000D+02 0.1895000000D-01 0.1260000000D-03 0.3420000000D-01 0.3797176000D+01 0.3890500000D+01 0.1016300000D+01-0.5450800000D+01
3 2520141027201502042456957.4-0.3410000000D-01 0.1700000000D-03 0.9424000000D+01 0.1623000000D-01 0.1000000000D-03 0.1610000000D-01 0.3243000000D+00 0.3099800000D+01 0.5857500000D+01-0.2254000000D+01-0.5680000000D-01-0.1100000000D-03 0.1875830000D+02 0.1323000000D-01 0.4400000000D-04 0.2720000000D-01 0.4607372000D+01 0.2020100000D+01 0.5490000000D+00-0.4005200000D+01
4 2620131231201403162456657.4-0.2190000000D-01 0.2500000000D-03 0.1292010000D+02 0.8180000000D-02 0.1670000000D-03 0.1210000000D-01 0.2278683000D+01 0.6072900000D+01 0.1759800000D+01 0.3945900000D+01 0.7120000000D-01 0.5500000000D-03 0.2913470000D+02 0.2655000000D-01 0.1370000000D-03 0.3150000000D-01 0.1504150000D+00 0.3236000000D+01 0.6013000000D+00 0.2250900000D+01
4 2720140316201405302456732.4 0.1610000000D-01-0.3000000000D-03 0.1325680000D+02 0.2407000000D-01 0.5400000000D-04 0.1250000000D-01 0.6079543000D+01 0.5352500000D+01 0.4426000000D+00 0.5779500000D+01 0.7380000000D-01-0.3600000000D-03 0.2786360000D+02 0.1014000000D-01 0.1690000000D-03 0.2040000000D-01 0.4028417000D+01 0.6059800000D+01 0.4048400000D+01 0.3978300000D+01
4 2820140530201408132456807.4-0.2340000000D-01 0.4200000000D-03 0.1485420000D+02 0.2777000000D-01 0.1570000000D-03 0.1560000000D-01 0.3590874000D+01 0.3250800000D+01 0.6047600000D+01 0.7786000000D+00 0.7420000000D-01 0.5800000000D-03 0.2845660000D+02 0.2422000000D-01 0.5700000000D-04 0.3200000000D-01 0.1631516000D+01 0.1996200000D+01 0.3679000000D+00 0.4944300000D+01
4 2920140813201410272456882.4 0.2180000000D-01-0.4600000000D-03 0.1612090000D+02 0.8200000000D-02 0.1800000000D-03 0.8400000000D-02 0.1160556000D+01 0.2230100000D+01 0.4114900000D+01 0.2298800000D+01 0.7420000000D-01-0.2700000000D-03 0.3021740000D+02 0.2358000000D-01 0.2240000000D-03 0.2770000000D-01 0.5504875000D+01 0.5416700000D+01 0.2531400000D+01 0.4981000000D+00
4 3020141027201501102456957.4-0.2500000000D-01 0.4200000000D-03 0.1548010000D+02 0.2568000000D-01 0.1420000000D-03 0.1620000000D-01 0.5068146000D+01 0.1480500000D+01 0.4233600000D+01 0.3400200000D+01 0.9960000000D-01 0.1000000000D-04 0.3075960000D+02 0.1690000000D-01 0.1070000000D-03 0.3030000000D-01 0.3071941000D+01 0.3781000000D+00 0.5667700000D+01 0.1760700000D+01
5 3120131231201403162456657.4 0.5460000000D-01-0.3600000000D-03 0.1717300000D+02 0.1146000000D-01 0.2170000000D-03 0.9300000000D-02 0.3438770000D+00 0.4232300000D+01 0.6158200000D+01 0.1702000000D+01 0.1970000000D-01-0.9000000000D-03 0.3899780000D+02 0.3695000000D-01 0.2100000000D-03 0.2930000000D-01 0.4499061000D+01 0.1347600000D+01 0.4971300000D+01 0.6205200000D+01
5 3220140316201405302456732.4-0.2200000000D-02 0.6300000000D-03 0.1763930000D+02 0.3242000000D-01 0.7400000000D-04 0.1340000000D-01 0.3867492000D+01 0.3124400000D+01 0.4504700000D+01 0.1891500000D+01 0.6000000000D-02 0.8800000000D-03 0.3728620000D+02 0.1325000000D-01 0.2360000000D-03 0.1390000000D-01 0.1816743000D+01 0.3915600000D+01 0.1847100000D+01 0.6103100000D+01
5 3320140530201408132456807.4 0.7330000000D-01-0.6200000000D-03 0.1977570000D+02 0.3773000000D-01 0.2150000000D-03 0.1700000000D-01 0.1101055000D+01 0.7263000000D+00 0.3557600000D+01 0.3523600000D+01 0.1460000000D-01-0.7800000000D-03 0.3807060000D+02 0.3122000000D-01 0.7000000000D-04 0.2430000000D-01 0.5425971000D+01 0.5702700000D+01 0.4301700000D+01 0.1245900000D+01
5 3420140813201410272456882.4 0.5100000000D-02 0.6100000000D-03 0.2146690000D+02 0.1000000000D-01 0.2400000000D-03 0.9900000000D-02 0.4674166000D+01 0.5717200000D+01 0.1319800000D+01 0.4095100000D+01 0.2440000000D-01 0.5700000000D-03 0.4043510000D+02 0.3092000000D-01 0.2880000000D-03 0.3100000000D-01 0.2735961000D+01 0.2606200000D+01 0.6035400000D+01 0.1809300000D+01
5 3520141027201501102456957.4 0.7240000000D-01-0.7700000000D-03 0.2060590000D+02 0.3403000000D-01 0.1860000000D-03 0.9500000000D-02 0.2021028000D+01 0.4732600000D+01 0.1199400000D+01 0.5323000000D+01-0.1350000000D-01-0.1100000000D-03 0.4115740000D+02 0.2353000000D-01 0.1390000000D-03 0.3110000000D-01 0.2572700000D-01 0.3637400000D+01 0.2552300000D+01 0.3418800000D+01
