 7 5   2  44  56  71  95 4.4880 2.4930 1.5162 0.7217 0.4667  9.0 31.0 27.0 17.0 22.0 112 2450448.5000 1997                                                                                                                                                                                                                                                                       
1  219961231199701092450448.4-0.1360000000D-01 0.4500000000D-03 0.6267400000D+01 0.2778800000D+00 0.5882000000D-02 0.4000000000D-02 0.4872911000D+01 0.3271900000D+01 0.1472400000D+01 0.1434800000D+01-0.1000000000D-03 0.2300000000D-03 0.8616000000D+01 0.3765900000D+00 0.8095000000D-02 0.5000000000D-02 0.2450720000D+00 0.4950400000D+01 0.3180900000D+01 0.3386800000D+01
1  319970109199701182450457.4-0.1080000000D-01-0.1600000000D-03 0.6205300000D+01 0.2741800000D+00 0.5801000000D-02 0.3700000000D-02 0.8902020000D+00 0.5574800000D+01 0.3790200000D+01 0.6127800000D+01-0.1500000000D-02 0.4100000000D-03 0.8593300000D+01 0.3749900000D+00 0.7845000000D-02 0.5000000000D-02 0.2550300000D+01 0.9707000000D+00 0.5487800000D+01 0.1546600000D+01
1  419970118199701272450466.4-0.9000000000D-02-0.4300000000D-03 0.6148400000D+01 0.2717400000D+00 0.5816000000D-02 0.3400000000D-02 0.3191209000D+01 0.1597000000D+01 0.6088300000D+01 0.4301000000D+01-0.3000000000D-03 0.9000000000D-04 0.8578900000D+01 0.3744400000D+00 0.7836000000D-02 0.5800000000D-02 0.4856255000D+01 0.3279400000D+01 0.1504400000D+01 0.6261800000D+01
1  519970127199702052450475.4-0.1110000000D-01 0.1100000000D-03 0.6099200000D+01 0.2683900000D+00 0.5655000000D-02 0.3100000000D-02 0.5492527000D+01 0.3898400000D+01 0.2125000000D+01 0.2735600000D+01 0.3500000000D-02-0.6100000000D-03 0.8571200000D+01 0.3731100000D+00 0.7912000000D-02 0.5700000000D-02 0.8794330000D+00 0.5591500000D+01 0.3826600000D+01 0.4455100000D+01
1  619970205199702142450484.4-0.1230000000D-01 0.3000000000D-03 0.6055400000D+01 0.2666500000D+00 0.5599000000D-02 0.3400000000D-02 0.1511557000D+01 0.6203200000D+01 0.4419900000D+01 0.1059700000D+01 0.2200000000D-02-0.1700000000D-03 0.8576200000D+01 0.3731600000D+00 0.7768000000D-02 0.5400000000D-02 0.3186592000D+01 0.1615000000D+01 0.6129800000D+01 0.2833200000D+01
1  719970214199702232450493.4-0.1180000000D-01 0.1200000000D-03 0.6017300000D+01 0.2649100000D+00 0.5696000000D-02 0.3100000000D-02 0.3814285000D+01 0.2231000000D+01 0.4432000000D+00 0.5874700000D+01-0.1600000000D-02 0.6300000000D-03 0.8589100000D+01 0.3718400000D+00 0.7785000000D-02 0.5500000000D-02 0.5494124000D+01 0.3926500000D+01 0.2178500000D+01 0.9496000000D+00
1  819970223199703042450502.4-0.9700000000D-02-0.2900000000D-03 0.5991000000D+01 0.2625200000D+00 0.5479000000D-02 0.3700000000D-02 0.6117584000D+01 0.4532500000D+01 0.2761900000D+01 0.4024100000D+01 0.0000000000D+00 0.1500000000D-03 0.8610800000D+01 0.3725400000D+00 0.7775000000D-02 0.4900000000D-02 0.1519387000D+01 0.6237300000D+01 0.4487200000D+01 0.5682900000D+01
1  919970304199703132450511.4-0.9100000000D-02-0.3000000000D-03 0.5971200000D+01 0.2613500000D+00 0.5467000000D-02 0.3700000000D-02 0.2138669000D+01 0.5581000000D+00 0.5068100000D+01 0.2498700000D+01 0.2700000000D-02-0.3900000000D-03 0.8639400000D+01 0.3746600000D+00 0.7890000000D-02 0.4800000000D-02 0.3828548000D+01 0.2267800000D+01 0.4998000000D+00 0.3901900000D+01
1 1019970313199703222450520.4-0.1220000000D-01 0.3700000000D-03 0.5959300000D+01 0.2601500000D+00 0.5479000000D-02 0.4100000000D-02 0.4443671000D+01 0.2868700000D+01 0.1100300000D+01 0.7092000000D+00 0.3400000000D-02-0.3500000000D-03 0.8678300000D+01 0.3737000000D+00 0.7874000000D-02 0.4300000000D-02 0.6137671000D+01 0.4579600000D+01 0.2843700000D+01 0.2338700000D+01
1 1119970322199703312450529.4-0.1240000000D-01 0.2900000000D-03 0.5957600000D+01 0.2597200000D+00 0.5397000000D-02 0.3600000000D-02 0.4665950000D+00 0.5176200000D+01 0.3407700000D+01 0.5302300000D+01 0.1200000000D-02 0.1600000000D-03 0.8726000000D+01 0.3766000000D+00 0.7834000000D-02 0.5100000000D-02 0.2164806000D+01 0.6062000000D+00 0.5140100000D+01 0.6970000000D+00
1 1219970331199704092450538.4-0.1000000000D-01-0.2600000000D-03 0.5962700000D+01 0.2584300000D+00 0.5466000000D-02 0.4100000000D-02 0.2773250000D+01 0.1207700000D+01 0.5743400000D+01 0.3500300000D+01-0.1100000000D-02 0.6100000000D-03 0.8777600000D+01 0.3792200000D+00 0.7936000000D-02 0.4700000000D-02 0.4475298000D+01 0.2920000000D+01 0.1163000000D+01 0.5448200000D+01
1 1319970409199704182450547.4-0.9600000000D-02-0.2500000000D-03 0.5979200000D+01 0.2589700000D+00 0.5398000000D-02 0.3400000000D-02 0.5081298000D+01 0.3516900000D+01 0.1761800000D+01 0.1854000000D+01 0.2100000000D-02-0.1800000000D-03 0.8837800000D+01 0.3799700000D+00 0.7910000000D-02 0.5800000000D-02 0.5025980000D+00 0.5230500000D+01 0.3496700000D+01 0.3660300000D+01
1 1419970418199704272450556.4-0.1070000000D-01 0.4000000000D-04 0.6002500000D+01 0.2603300000D+00 0.5422000000D-02 0.3400000000D-02 0.1107292000D+01 0.5830000000D+01 0.4060500000D+01 0.1449000000D+00 0.5100000000D-02-0.6700000000D-03 0.8899800000D+01 0.3829200000D+00 0.8096000000D-02 0.5700000000D-02 0.2813560000D+01 0.1262100000D+01 0.5807400000D+01 0.2049900000D+01
1 1519970427199705062450565.4-0.1270000000D-01 0.3800000000D-03 0.6033900000D+01 0.2598100000D+00 0.5458000000D-02 0.3200000000D-02 0.3416708000D+01 0.1861900000D+01 0.1203000000D+00 0.4756300000D+01 0.2300000000D-02 0.1100000000D-03 0.8966900000D+01 0.3854200000D+00 0.8092000000D-02 0.6200000000D-02 0.5124496000D+01 0.3572500000D+01 0.1837900000D+01 0.3254000000D+00
1 1619970506199705152450574.4-0.1190000000D-01 0.1000000000D-03 0.6075500000D+01 0.2615600000D+00 0.5415000000D-02 0.3500000000D-02 0.5727648000D+01 0.4172800000D+01 0.2425300000D+01 0.3236200000D+01 0.4000000000D-03 0.4500000000D-03 0.9036200000D+01 0.3892800000D+00 0.8150000000D-02 0.5400000000D-02 0.1152696000D+01 0.5882500000D+01 0.4138100000D+01 0.4852100000D+01
1 1719970515199705242450583.4-0.9200000000D-02-0.4600000000D-03 0.6121800000D+01 0.2629800000D+00 0.5429000000D-02 0.3300000000D-02 0.1755978000D+01 0.2038000000D+00 0.4746100000D+01 0.1588900000D+01 0.1100000000D-02 0.1800000000D-03 0.9101300000D+01 0.3921900000D+00 0.8432000000D-02 0.6000000000D-02 0.3463675000D+01 0.1915400000D+01 0.1714000000D+00 0.3135400000D+01
1 1819970524199706022450592.4-0.1050000000D-01-0.7000000000D-04 0.6174500000D+01 0.2642900000D+00 0.5494000000D-02 0.3900000000D-02 0.4068053000D+01 0.2518900000D+01 0.7880000000D+00 0.6239600000D+01 0.4200000000D-02-0.4100000000D-03 0.9172000000D+01 0.3952300000D+00 0.8290000000D-02 0.5300000000D-02 0.5774571000D+01 0.4220300000D+01 0.2475100000D+01 0.1490000000D+01
1 1919970602199706112450601.4-0.1290000000D-01 0.3900000000D-03 0.6230400000D+01 0.2668100000D+00 0.5653000000D-02 0.4100000000D-02 0.9775000000D-01 0.4836500000D+01 0.3099800000D+01 0.4540500000D+01 0.5700000000D-02-0.5100000000D-03 0.9237200000D+01 0.3986400000D+00 0.8339000000D-02 0.4900000000D-02 0.1802301000D+01 0.2456000000D+00 0.4781000000D+01 0.6109200000D+01
1 2019970611199706202450610.4-0.1270000000D-01 0.1800000000D-03 0.6290900000D+01 0.2686800000D+00 0.5624000000D-02 0.4200000000D-02 0.2410797000D+01 0.8653000000D+00 0.5421800000D+01 0.2892900000D+01 0.1300000000D-02 0.5000000000D-03 0.9294500000D+01 0.4009600000D+00 0.8497000000D-02 0.5000000000D-02 0.4112556000D+01 0.2556900000D+01 0.8121000000D+00 0.4426100000D+01
1 2119970620199706292450619.4-0.1120000000D-01-0.1500000000D-03 0.6353500000D+01 0.2720100000D+00 0.5684000000D-02 0.4100000000D-02 0.4724606000D+01 0.3177500000D+01 0.1436100000D+01 0.1067000000D+01 0.4000000000D-03 0.5300000000D-03 0.9348900000D+01 0.4040000000D+00 0.8547000000D-02 0.5200000000D-02 0.1395250000D+00 0.4863500000D+01 0.3112800000D+01 0.2913300000D+01
1 2219970629199707082450628.4-0.9800000000D-02-0.3500000000D-03 0.6412700000D+01 0.2748400000D+00 0.5837000000D-02 0.4100000000D-02 0.7550550000D+00 0.5493500000D+01 0.3748700000D+01 0.5686400000D+01 0.4500000000D-02-0.3700000000D-03 0.9393000000D+01 0.4049800000D+00 0.8602000000D-02 0.5500000000D-02 0.2449028000D+01 0.8881000000D+00 0.5439100000D+01 0.1240600000D+01
1 2319970708199707172450637.4-0.1200000000D-01 0.1500000000D-03 0.6472900000D+01 0.2771300000D+00 0.5783000000D-02 0.3900000000D-02 0.3068430000D+01 0.1518400000D+01 0.6060600000D+01 0.4012300000D+01 0.5600000000D-02-0.4000000000D-03 0.9428600000D+01 0.4081700000D+00 0.8680000000D-02 0.5700000000D-02 0.4758354000D+01 0.3194400000D+01 0.1440900000D+01 0.5881900000D+01
1 2419970717199707262450646.4-0.1440000000D-01 0.5400000000D-03 0.6528000000D+01 0.2793000000D+00 0.5867000000D-02 0.3300000000D-02 0.5381653000D+01 0.3829300000D+01 0.2096500000D+01 0.2286800000D+01 0.4100000000D-02 0.4000000000D-04 0.9451900000D+01 0.4107600000D+00 0.8856000000D-02 0.6600000000D-02 0.7840420000D+00 0.5502200000D+01 0.3734300000D+01 0.4138900000D+01
1 2519970726199708042450655.4-0.1190000000D-01-0.1000000000D-03 0.6575400000D+01 0.2818500000D+00 0.5928000000D-02 0.3800000000D-02 0.1411253000D+01 0.6139500000D+01 0.4401300000D+01 0.6829000000D+00 0.1200000000D-02 0.5700000000D-03 0.9465200000D+01 0.4105700000D+00 0.8771000000D-02 0.6000000000D-02 0.3091959000D+01 0.1522200000D+01 0.6052300000D+01 0.2485700000D+01
1 2619970804199708132450664.4-0.1030000000D-01-0.3600000000D-03 0.6615500000D+01 0.2846600000D+00 0.6042000000D-02 0.3400000000D-02 0.3723584000D+01 0.2165900000D+01 0.4129000000D+00 0.5393600000D+01 0.2100000000D-02 0.2900000000D-03 0.9468400000D+01 0.4122300000D+00 0.8770000000D-02 0.6400000000D-02 0.5399733000D+01 0.3824900000D+01 0.2055100000D+01 0.6748000000D+00
1 2719970813199708222450673.4-0.1160000000D-01 0.0000000000D+00 0.6646000000D+01 0.2853200000D+00 0.6126000000D-02 0.4000000000D-02 0.6034813000D+01 0.4474800000D+01 0.2743500000D+01 0.3784300000D+01 0.7000000000D-02-0.6500000000D-03 0.9456700000D+01 0.4122300000D+00 0.8766000000D-02 0.5600000000D-02 0.1423585000D+01 0.6128600000D+01 0.4359200000D+01 0.5243000000D+01
1 2819970822199708312450682.4-0.1330000000D-01 0.3100000000D-03 0.6667700000D+01 0.2880400000D+00 0.6107000000D-02 0.3800000000D-02 0.2062437000D+01 0.4955000000D+00 0.5021000000D+01 0.2060800000D+01 0.5700000000D-02-0.1900000000D-03 0.9433600000D+01 0.4116700000D+00 0.8725000000D-02 0.5600000000D-02 0.3729997000D+01 0.2148000000D+01 0.3759000000D+00 0.3607100000D+01
1 2919970831199709092450691.4-0.1390000000D-01 0.3400000000D-03 0.6676700000D+01 0.2897000000D+00 0.6208000000D-02 0.4700000000D-02 0.4372209000D+01 0.2802100000D+01 0.1031500000D+01 0.4401000000D+00 0.1800000000D-02 0.6500000000D-03 0.9398900000D+01 0.4097500000D+00 0.8843000000D-02 0.4600000000D-02 0.6035679000D+01 0.4453900000D+01 0.2689900000D+01 0.1822500000D+01
1 3019970909199709182450700.4-0.1080000000D-01-0.2900000000D-03 0.6675000000D+01 0.2894800000D+00 0.6180000000D-02 0.4000000000D-02 0.3974490000D+00 0.5104900000D+01 0.3348100000D+01 0.4949600000D+01 0.2600000000D-02 0.3300000000D-03 0.9355800000D+01 0.4085700000D+00 0.8666000000D-02 0.5300000000D-02 0.2057919000D+01 0.4705000000D+00 0.4985900000D+01 0.2948000000D+00
1 3119970918199709272450709.4-0.9900000000D-02-0.3800000000D-03 0.6661900000D+01 0.2901800000D+00 0.6208000000D-02 0.4500000000D-02 0.2705079000D+01 0.1124800000D+01 0.5637000000D+01 0.3243100000D+01 0.5100000000D-02-0.1700000000D-03 0.9302200000D+01 0.4085000000D+00 0.8707000000D-02 0.4700000000D-02 0.4363138000D+01 0.2774100000D+01 0.9822000000D+00 0.4914400000D+01
1 3219970927199710062450718.4-0.1310000000D-01 0.3500000000D-03 0.6637600000D+01 0.2893200000D+00 0.6171000000D-02 0.4100000000D-02 0.5011476000D+01 0.3426100000D+01 0.1662000000D+01 0.1419100000D+01 0.7000000000D-02-0.4300000000D-03 0.9241400000D+01 0.4045700000D+00 0.8737000000D-02 0.5500000000D-02 0.3840910000D+00 0.5079100000D+01 0.3306900000D+01 0.3361900000D+01
1 3319971006199710152450727.4-0.1340000000D-01 0.3300000000D-03 0.6602400000D+01 0.2892100000D+00 0.6165000000D-02 0.3900000000D-02 0.1033989000D+01 0.5727300000D+01 0.3947000000D+01 0.6118700000D+01 0.4900000000D-02 0.1300000000D-03 0.9178400000D+01 0.4029800000D+00 0.8520000000D-02 0.5400000000D-02 0.2688276000D+01 0.1094800000D+01 0.5593500000D+01 0.1535200000D+01
1 3419971015199710242450736.4-0.1140000000D-01-0.1300000000D-03 0.6556100000D+01 0.2875200000D+00 0.6275000000D-02 0.3500000000D-02 0.3338296000D+01 0.1749700000D+01 0.6253600000D+01 0.4251500000D+01 0.1300000000D-02 0.8100000000D-03 0.9109600000D+01 0.4002300000D+00 0.8486000000D-02 0.6400000000D-02 0.4991997000D+01 0.3398300000D+01 0.1612900000D+01 0.6280400000D+01
1 3519971024199711022450745.4-0.1000000000D-01-0.3000000000D-03 0.6505400000D+01 0.2856000000D+00 0.6101000000D-02 0.3500000000D-02 0.5641908000D+01 0.4045900000D+01 0.2269400000D+01 0.2784300000D+01 0.4700000000D-02-0.1000000000D-04 0.9039300000D+01 0.3965200000D+00 0.8410000000D-02 0.5600000000D-02 0.1012177000D+01 0.5701200000D+01 0.3924900000D+01 0.4418500000D+01
1 3619971102199711112450754.4-0.1040000000D-01-0.1200000000D-03 0.6446500000D+01 0.2848100000D+00 0.6057000000D-02 0.3400000000D-02 0.1661970000D+01 0.6220000000D-01 0.4545400000D+01 0.1063900000D+01 0.7600000000D-02-0.5400000000D-03 0.8966900000D+01 0.3944700000D+00 0.8449000000D-02 0.5900000000D-02 0.3315674000D+01 0.1723800000D+01 0.6218500000D+01 0.2757200000D+01
1 3719971111199711202450763.4-0.1300000000D-01 0.4200000000D-03 0.6380900000D+01 0.2813900000D+00 0.6067000000D-02 0.3500000000D-02 0.3963772000D+01 0.2365100000D+01 0.5788000000D+00 0.5838800000D+01 0.5700000000D-02 0.3000000000D-04 0.8898400000D+01 0.3900200000D+00 0.8296000000D-02 0.5700000000D-02 0.5618730000D+01 0.4026500000D+01 0.2255300000D+01 0.9306000000D+00
1 3819971120199711292450772.4-0.1230000000D-01 0.1800000000D-03 0.6313800000D+01 0.2789900000D+00 0.5947000000D-02 0.3900000000D-02 0.6265407000D+01 0.4662600000D+01 0.2871700000D+01 0.4031500000D+01 0.3800000000D-02 0.4200000000D-03 0.8833900000D+01 0.3883500000D+00 0.8185000000D-02 0.5000000000D-02 0.1639254000D+01 0.4580000000D-01 0.4540300000D+01 0.5612500000D+01
1 3919971129199712082450781.4-0.9000000000D-02-0.4700000000D-03 0.6243000000D+01 0.2757800000D+00 0.5882000000D-02 0.4000000000D-02 0.2283197000D+01 0.6800000000D+00 0.5178100000D+01 0.2506800000D+01 0.3300000000D-02 0.4000000000D-03 0.8768900000D+01 0.3857400000D+00 0.8264000000D-02 0.4900000000D-02 0.3942811000D+01 0.2354900000D+01 0.5619000000D+00 0.3802000000D+01
1 4019971208199712172450790.4-0.9700000000D-02-0.1600000000D-03 0.6171600000D+01 0.2726600000D+00 0.5822000000D-02 0.4000000000D-02 0.4583877000D+01 0.2980400000D+01 0.1194100000D+01 0.6395000000D+00 0.6600000000D-02-0.2900000000D-03 0.8715400000D+01 0.3818500000D+00 0.8032000000D-02 0.4700000000D-02 0.6246452000D+01 0.4656800000D+01 0.2879700000D+01 0.2262700000D+01
1 4119971217199712262450799.4-0.1140000000D-01 0.2400000000D-03 0.6098900000D+01 0.2706600000D+00 0.5853000000D-02 0.4000000000D-02 0.6015750000D+00 0.5283800000D+01 0.3480100000D+01 0.5218200000D+01 0.8500000000D-02-0.5300000000D-03 0.8667400000D+01 0.3796800000D+00 0.7932000000D-02 0.4900000000D-02 0.2267671000D+01 0.6788000000D+00 0.5184300000D+01 0.6370000000D+00
1 4219971226199801042450808.4-0.1170000000D-01 0.2200000000D-03 0.6029600000D+01 0.2665200000D+00 0.5707000000D-02 0.4000000000D-02 0.2901745000D+01 0.1300300000D+01 0.5797900000D+01 0.3482200000D+01 0.4600000000D-02 0.4000000000D-03 0.8623900000D+01 0.3768500000D+00 0.7922000000D-02 0.4700000000D-02 0.4572139000D+01 0.2987900000D+01 0.1216900000D+01 0.5314200000D+01
1 4319980104199801132450817.4-0.1040000000D-01-0.8000000000D-04 0.5964200000D+01 0.2641000000D+00 0.5597000000D-02 0.3500000000D-02 0.5202493000D+01 0.3599600000D+01 0.1801300000D+01 0.1738800000D+01 0.3500000000D-02 0.5000000000D-03 0.8591000000D+01 0.3753500000D+00 0.7900000000D-02 0.5600000000D-02 0.5942630000D+00 0.5295500000D+01 0.3519600000D+01 0.3609700000D+01
2 4419961231199701312450448.4 0.1930000000D-01-0.2000000000D-04 0.8811800000D+01 0.1310000000D-01 0.4800000000D-04 0.6600000000D-02 0.1055393000D+01 0.4673100000D+01 0.1266800000D+01 0.3467600000D+01-0.8800000000D-02 0.5000000000D-04 0.1271710000D+02 0.5490000000D-02 0.9400000000D-04 0.1030000000D-01 0.2653276000D+01 0.8970000000D-01 0.3029500000D+01 0.4957200000D+01
2 4519970131199703032450479.4 0.1920000000D-01-0.2000000000D-04 0.8498600000D+01 0.1012000000D-01 0.7400000000D-04 0.7200000000D-02 0.2919496000D+01 0.3400000000D+00 0.3266200000D+01 0.8698000000D+00-0.7600000000D-02-0.3000000000D-04 0.1265890000D+02 0.1420000000D-02 0.8700000000D-04 0.9900000000D-02 0.4533346000D+01 0.3595300000D+01 0.4959900000D+01 0.2483500000D+01
2 4619970303199704032450510.4 0.1760000000D-01 0.4000000000D-04 0.8301600000D+01 0.5710000000D-02 0.9000000000D-04 0.6700000000D-02 0.4787066000D+01 0.2397700000D+01 0.5202900000D+01 0.4667700000D+01-0.7300000000D-02-0.2000000000D-04 0.1276070000D+02 0.6120000000D-02 0.6100000000D-04 0.1060000000D-01 0.1346980000D+00 0.3110000000D+00 0.4058000000D+00 0.2510000000D-01
2 4719970403199705042450541.4 0.1760000000D-01 0.2000000000D-04 0.8252100000D+01 0.1950000000D-02 0.8900000000D-04 0.6900000000D-02 0.3782430000D+00 0.5636700000D+01 0.8542000000D+00 0.2104200000D+01-0.9400000000D-02 0.7000000000D-04 0.1300300000D+02 0.1012000000D-01 0.2800000000D-04 0.1010000000D-01 0.2023153000D+01 0.2263100000D+01 0.2047100000D+01 0.3853100000D+01
2 4819970504199706042450572.4 0.1850000000D-01 0.0000000000D+00 0.8358300000D+01 0.6150000000D-02 0.6200000000D-04 0.5900000000D-02 0.2261572000D+01 0.2408800000D+01 0.2887900000D+01 0.5943200000D+01-0.9600000000D-02 0.4000000000D-04 0.1333260000D+02 0.1174000000D-01 0.2000000000D-04 0.1190000000D-01 0.3913708000D+01 0.4108100000D+01 0.6617000000D+00 0.1267000000D+01
2 4919970604199707052450603.4 0.1870000000D-01 0.1000000000D-04 0.8594300000D+01 0.1006000000D-01 0.1000000000D-04 0.7800000000D-02 0.4153441000D+01 0.4505600000D+01 0.5452500000D+01 0.3477800000D+01-0.9700000000D-02 0.2000000000D-04 0.1366900000D+02 0.1025000000D-01 0.7400000000D-04 0.9400000000D-02 0.5803683000D+01 0.5994600000D+01 0.2917100000D+01 0.5007000000D+01
2 5019970705199708052450634.4 0.2000000000D-01-0.4000000000D-04 0.8889000000D+01 0.1051000000D-01 0.5600000000D-04 0.6700000000D-02 0.6051454000D+01 0.1711000000D+00 0.3053400000D+01 0.8481000000D+00-0.1030000000D-01 0.3000000000D-04 0.1391150000D+02 0.5390000000D-02 0.1100000000D-03 0.1120000000D-01 0.1408433000D+01 0.1532300000D+01 0.4735100000D+01 0.2620500000D+01
2 5119970805199709052450665.4 0.2060000000D-01-0.3000000000D-04 0.9134500000D+01 0.6890000000D-02 0.1030000000D-03 0.7200000000D-02 0.1666049000D+01 0.2171400000D+01 0.5146300000D+01 0.4712600000D+01-0.8900000000D-02-0.6000000000D-04 0.1397370000D+02 0.1560000000D-02 0.1070000000D-03 0.1060000000D-01 0.3293193000D+01 0.5846000000D+00 0.4233000000D+00 0.1690000000D-01
2 5219970905199710062450696.4 0.1950000000D-01 0.0000000000D+00 0.9227900000D+01 0.1120000000D-02 0.1150000000D-03 0.6400000000D-02 0.3558343000D+01 0.5234200000D+01 0.8649000000D+00 0.2172600000D+01-0.8700000000D-02-0.3000000000D-04 0.1383310000D+02 0.8250000000D-02 0.6100000000D-04 0.1060000000D-01 0.5174472000D+01 0.2311100000D+01 0.2413100000D+01 0.3787100000D+01
2 5319971006199711062450727.4 0.1930000000D-01-0.2000000000D-04 0.9125600000D+01 0.6810000000D-02 0.8300000000D-04 0.7100000000D-02 0.5441788000D+01 0.2587700000D+01 0.2788200000D+01 0.5931400000D+01-0.9900000000D-02 0.1000000000D-04 0.1353550000D+02 0.1228000000D-01 0.4000000000D-05 0.9100000000D-02 0.7693870000D+00 0.4233800000D+01 0.1200600000D+01 0.1144800000D+01
2 5419971106199712072450758.4 0.1870000000D-01-0.2000000000D-04 0.8854700000D+01 0.1166000000D-01 0.3800000000D-04 0.6700000000D-02 0.1032483000D+01 0.4561700000D+01 0.4809300000D+01 0.3261900000D+01-0.9100000000D-02-0.4000000000D-04 0.1317870000D+02 0.1226000000D-01 0.4300000000D-04 0.9400000000D-02 0.2645104000D+01 0.6129000000D+01 0.2903100000D+01 0.5013200000D+01
2 5519971207199801072450789.4 0.1730000000D-01 0.0000000000D+00 0.8494400000D+01 0.1394000000D-01 0.1700000000D-04 0.5700000000D-02 0.2898764000D+01 0.2036000000D+00 0.2892200000D+01 0.7686000000D+00-0.9500000000D-02 0.0000000000D+00 0.1286240000D+02 0.9320000000D-02 0.7300000000D-04 0.1010000000D-01 0.4520780000D+01 0.1737800000D+01 0.4786700000D+01 0.2421700000D+01
3 5619961231199701272450448.4 0.4050000000D-01 0.4500000000D-03 0.1227170000D+02 0.1803000000D-01 0.5800000000D-04 0.2090000000D-01 0.4934434000D+01 0.2295000000D+01 0.5388600000D+01 0.5828500000D+01 0.6120000000D-01-0.6000000000D-03 0.1771710000D+02 0.7680000000D-02 0.1450000000D-03 0.3090000000D-01 0.2508270000D+00 0.3820900000D+01 0.3750000000D+00 0.1141600000D+01
3 5719970127199702232450475.4 0.5540000000D-01 0.1100000000D-03 0.1188570000D+02 0.1479000000D-01 0.9500000000D-04 0.2350000000D-01 0.1871301000D+01 0.5579400000D+01 0.2192300000D+01 0.5917000000D+01 0.4750000000D-01 0.7900000000D-03 0.1763010000D+02 0.2200000000D-02 0.1290000000D-03 0.3580000000D-01 0.3485037000D+01 0.1945200000D+01 0.3865200000D+01 0.1272500000D+01
3 5819970223199703222450502.4 0.5520000000D-01-0.6200000000D-03 0.1161650000D+02 0.9920000000D-02 0.1190000000D-03 0.2270000000D-01 0.5092976000D+01 0.2648300000D+01 0.5323000000D+01 0.6265600000D+01 0.7620000000D-01-0.1800000000D-03 0.1771460000D+02 0.6950000000D-02 0.8600000000D-04 0.3560000000D-01 0.4387270000D+00 0.3884000000D+00 0.7539000000D+00 0.1628900000D+01
3 5919970322199704182450529.4 0.3810000000D-01 0.2300000000D-03 0.1149550000D+02 0.4690000000D-02 0.1230000000D-03 0.2010000000D-01 0.2034902000D+01 0.1430000000D+00 0.2367100000D+01 0.1068000000D+00 0.6830000000D-01-0.7900000000D-03 0.1796300000D+02 0.1194000000D-01 0.6400000000D-04 0.3170000000D-01 0.3677704000D+01 0.3689800000D+01 0.4196800000D+01 0.1772100000D+01
3 6019970418199705152450556.4 0.5000000000D-01 0.3200000000D-03 0.1154130000D+02 0.5060000000D-02 0.1120000000D-03 0.2290000000D-01 0.5265359000D+01 0.4941100000D+01 0.5733200000D+01 0.1598000000D+00 0.4530000000D-01 0.8200000000D-03 0.1832690000D+02 0.1539000000D-01 0.8000000000D-05 0.3690000000D-01 0.6341450000D+00 0.7479000000D+00 0.3822000000D+00 0.1840700000D+01
3 6119970515199706112450583.4 0.5830000000D-01-0.5300000000D-03 0.1174410000D+02 0.1026000000D-01 0.8900000000D-04 0.2430000000D-01 0.2220089000D+01 0.2320700000D+01 0.3025300000D+01 0.5072000000D+00 0.7170000000D-01 0.3800000000D-03 0.1874510000D+02 0.1593000000D-01 0.6400000000D-04 0.3880000000D-01 0.3874703000D+01 0.4033900000D+01 0.1435900000D+01 0.2176000000D+01
3 6219970611199707082450610.4 0.4110000000D-01 0.1600000000D-03 0.1206310000D+02 0.1405000000D-01 0.4000000000D-04 0.2170000000D-01 0.5464429000D+01 0.5719100000D+01 0.9624000000D+00 0.7077000000D+00 0.7610000000D-01-0.8400000000D-03 0.1913300000D+02 0.1286000000D-01 0.1150000000D-03 0.3450000000D-01 0.8317310000D+00 0.9532000000D+00 0.4325800000D+01 0.2371300000D+01
3 6319970708199708042450637.4 0.4870000000D-01 0.6800000000D-03 0.1242220000D+02 0.1415000000D-01 0.8200000000D-04 0.2430000000D-01 0.2429350000D+01 0.2808700000D+01 0.5601100000D+01 0.7345000000D+00 0.4720000000D-01 0.5700000000D-03 0.1939450000D+02 0.6750000000D-02 0.1500000000D-03 0.3700000000D-01 0.4070859000D+01 0.4018300000D+01 0.9521000000D+00 0.2396400000D+01
3 6419970804199708312450664.4 0.6520000000D-01-0.3900000000D-03 0.1271450000D+02 0.1034000000D-01 0.1520000000D-03 0.2670000000D-01 0.5678640000D+01 0.6189300000D+01 0.2810600000D+01 0.1068100000D+01 0.6750000000D-01 0.5600000000D-03 0.1946750000D+02 0.2550000000D-02 0.1310000000D-03 0.3940000000D-01 0.1025493000D+01 0.4799100000D+01 0.4119000000D+01 0.2707400000D+01
3 6519970831199709272450691.4 0.4900000000D-01-0.1200000000D-03 0.1285140000D+02 0.3540000000D-02 0.1770000000D-03 0.2350000000D-01 0.2641875000D+01 0.3772100000D+01 0.6256900000D+01 0.1329000000D+01 0.8210000000D-01-0.1040000000D-02 0.1931840000D+02 0.1005000000D-01 0.9000000000D-04 0.3470000000D-01 0.4261808000D+01 0.1348600000D+01 0.1272100000D+01 0.2954100000D+01
3 6619970927199710242450718.4 0.4800000000D-01 0.6100000000D-03 0.1278220000D+02 0.7070000000D-02 0.1180000000D-03 0.2340000000D-01 0.5882533000D+01 0.2822000000D+01 0.3210300000D+01 0.1330200000D+01 0.5100000000D-01-0.1000000000D-04 0.1898990000D+02 0.1513000000D-01 0.4100000000D-04 0.3400000000D-01 0.1213094000D+01 0.4590700000D+01 0.4336300000D+01 0.2966700000D+01
3 6719971024199711202450745.4 0.6660000000D-01-0.4200000000D-03 0.1251780000D+02 0.1394000000D-01 0.6700000000D-04 0.2570000000D-01 0.2833234000D+01 0.6235400000D+01 0.4103000000D+00 0.1594600000D+01 0.5750000000D-01 0.6700000000D-03 0.1856590000D+02 0.1648000000D-01 0.3800000000D-04 0.3770000000D-01 0.4445970000D+01 0.1467300000D+01 0.3410400000D+01 0.3230800000D+01
3 6819971120199712172450772.4 0.5210000000D-01-0.4900000000D-03 0.1211810000D+02 0.1797000000D-01 0.2700000000D-04 0.2260000000D-01 0.6060853000D+01 0.3277200000D+01 0.4354000000D+01 0.1886300000D+01 0.7770000000D-01-0.7700000000D-03 0.1814190000D+02 0.1488000000D-01 0.6900000000D-04 0.3350000000D-01 0.1396044000D+01 0.4813900000D+01 0.1597200000D+01 0.3514600000D+01
3 6919971217199801132450799.4 0.4190000000D-01 0.4400000000D-03 0.1166190000D+02 0.1902000000D-01 0.2800000000D-04 0.2060000000D-01 0.2999896000D+01 0.3260000000D+00 0.3482000000D+01 0.1912200000D+01 0.5030000000D-01-0.2100000000D-03 0.1780490000D+02 0.1120000000D-01 0.1230000000D-03 0.3110000000D-01 0.4628898000D+01 0.1839300000D+01 0.4997600000D+01 0.3506000000D+01
3 7019980113199802092450826.4 0.5680000000D-01-0.1800000000D-03 0.1122270000D+02 0.1707000000D-01 0.5000000000D-04 0.2260000000D-01 0.6218368000D+01 0.3599300000D+01 0.2621000000D+00 0.2075000000D+01 0.4610000000D-01 0.9300000000D-03 0.1760560000D+02 0.5150000000D-02 0.1390000000D-03 0.3610000000D-01 0.1579804000D+01 0.5041000000D+01 0.1765800000D+01 0.3729400000D+01
4 7119961231199701172450448.2-0.3530000000D-01-0.2300000000D-03 0.2010690000D+02 0.2977000000D-01 0.1760000000D-03 0.1930000000D-01 0.3289882000D+01 0.5739000000D+00 0.4061400000D+01 0.4046100000D+01 0.7370000000D-01-0.3600000000D-03 0.2906060000D+02 0.1105000000D-01 0.2580000000D-03 0.2850000000D-01 0.4887368000D+01 0.2051700000D+01 0.5574500000D+01 0.5639700000D+01
4 7219970117199702032450465.2-0.6510000000D-01 0.0000000000D+00 0.1968030000D+02 0.2379000000D-01 0.1530000000D-03 0.2650000000D-01 0.2981783000D+01 0.1964000000D+00 0.2134800000D+01 0.3705500000D+01 0.7220000000D-01 0.7100000000D-03 0.2894260000D+02 0.4700000000D-02 0.2430000000D-03 0.3960000000D-01 0.4588043000D+01 0.1172300000D+01 0.4422300000D+01 0.5302700000D+01
4 7319970203199702202450482.2-0.4490000000D-01-0.2660000000D-02 0.1935330000D+02 0.2896000000D-01 0.5110000000D-03 0.2340000000D-01 0.2676688000D+01 0.1299000000D+00 0.3166400000D+01 0.3298900000D+01 0.8630000000D-01-0.3650000000D-02 0.2894430000D+02 0.2870000000D-02 0.3570000000D-03 0.3370000000D-01 0.4291447000D+01 0.2818400000D+01 0.4275800000D+01 0.4897100000D+01
4 7419970220199703092450499.2-0.8560000000D-01 0.1000000000D-02 0.1905890000D+02 0.1545000000D-01 0.1800000000D-03 0.2640000000D-01 0.2367954000D+01 0.6077000000D+01 0.2244000000D+01 0.2769500000D+01 0.4580000000D-01 0.3500000000D-03 0.2903430000D+02 0.1067000000D-01 0.2290000000D-03 0.4040000000D-01 0.3993355000D+01 0.3867400000D+01 0.5233700000D+01 0.4412100000D+01
4 7519970309199703262450516.2-0.6370000000D-01-0.1800000000D-03 0.1888580000D+02 0.9690000000D-02 0.1770000000D-03 0.2070000000D-01 0.2061609000D+01 0.5966300000D+01 0.1919200000D+01 0.2496300000D+01 0.1330000000D-01-0.2500000000D-03 0.2924480000D+02 0.1583000000D-01 0.2490000000D-03 0.3190000000D-01 0.3695463000D+01 0.4040200000D+01 0.3002300000D+01 0.4122500000D+01
4 7619970326199704122450533.2-0.5900000000D-01 0.1350000000D-02 0.1882410000D+02 0.1627000000D-01 0.5560000000D-03 0.1460000000D-01 0.1759740000D+01 0.1365000000D+00 0.3074000000D+01 0.1696000000D+01 0.3270000000D-01-0.1560000000D-02 0.2956020000D+02 0.1791000000D-01 0.5220000000D-03 0.2400000000D-01 0.3400735000D+01 0.3018400000D+01 0.4333200000D+01 0.3306600000D+01
4 7719970412199704292450550.2-0.4250000000D-01-0.3200000000D-03 0.1885620000D+02 0.6160000000D-02 0.1480000000D-03 0.1440000000D-01 0.1454990000D+01 0.1189400000D+01 0.1398200000D+01 0.1222400000D+01-0.1180000000D-01 0.3250000000D-02 0.2989240000D+02 0.3219000000D-01 0.5320000000D-03 0.2250000000D-01 0.3102712000D+01 0.3418800000D+01 0.9881000000D+00 0.2795800000D+01
4 7819970429199705162450567.2-0.3220000000D-01 0.1900000000D-03 0.1900190000D+02 0.1193000000D-01 0.1510000000D-03 0.1210000000D-01 0.1155191000D+01 0.1201200000D+01 0.1322400000D+01 0.6240500000D+01 0.5080000000D-01-0.9300000000D-03 0.3034670000D+02 0.2455000000D-01 0.7800000000D-04 0.1870000000D-01 0.2806836000D+01 0.2947500000D+01 0.2616800000D+01 0.1602500000D+01
4 7919970516199706022450584.2-0.3720000000D-01-0.1000000000D-02 0.1924250000D+02 0.1951000000D-01 0.5540000000D-03 0.1940000000D-01 0.8598610000D+00 0.5437000000D+00 0.2470400000D+01 0.5659500000D+01 0.4430000000D-01 0.2870000000D-02 0.3077690000D+02 0.2889000000D-01 0.6000000000D-03 0.3150000000D-01 0.2512057000D+01 0.2220200000D+01 0.4504400000D+01 0.1048900000D+01
4 8019970602199706192450601.2-0.2990000000D-01-0.2000000000D-02 0.1954970000D+02 0.2628000000D-01 0.3120000000D-03 0.1950000000D-01 0.5638320000D+00 0.9890000000D+00 0.4947500000D+01 0.5073700000D+01 0.6800000000D-01 0.3800000000D-03 0.3117760000D+02 0.2948000000D-01 0.7720000000D-03 0.3180000000D-01 0.2213789000D+01 0.2695400000D+01 0.2728000000D+00 0.4417000000D+00
4 8119970619199707062450618.2-0.7270000000D-01 0.4100000000D-03 0.1993020000D+02 0.2287000000D-01 0.1050000000D-03 0.2770000000D-01 0.2723350000D+00 0.6095000000D+00 0.1694400000D+01 0.4615600000D+01 0.8460000000D-01 0.1000000000D-03 0.3154430000D+02 0.1883000000D-01 0.2500000000D-03 0.4310000000D-01 0.1918415000D+01 0.1978100000D+01 0.4695600000D+01 0.6242300000D+01
4 8219970706199707232450635.2-0.6190000000D-01-0.2190000000D-02 0.2028580000D+02 0.2654000000D-01 0.4360000000D-03 0.2670000000D-01 0.6265783000D+01 0.2069000000D+00 0.2608200000D+01 0.4344800000D+01 0.5640000000D-01-0.8800000000D-03 0.3180390000D+02 0.1060000000D-01 0.3070000000D-03 0.4090000000D-01 0.1621663000D+01 0.1569700000D+01 0.3894500000D+01 0.6025800000D+01
4 8319970723199708092450652.2-0.9250000000D-01 0.1780000000D-02 0.2063890000D+02 0.2089000000D-01 0.2760000000D-03 0.2470000000D-01 0.5975992000D+01 0.3135000000D+00 0.3958000000D+01 0.3728600000D+01 0.5720000000D-01-0.1550000000D-02 0.3192410000D+02 0.1377000000D-01 0.8790000000D-03 0.3910000000D-01 0.1324666000D+01 0.2638900000D+01 0.5854400000D+01 0.5384400000D+01
4 8419970809199708262450669.2-0.7460000000D-01 0.1900000000D-03 0.2089290000D+02 0.1365000000D-01 0.2220000000D-03 0.2290000000D-01 0.5686285000D+01 0.6257300000D+01 0.2131500000D+01 0.3449500000D+01 0.6900000000D-02 0.5300000000D-03 0.3191840000D+02 0.5770000000D-02 0.2390000000D-03 0.3440000000D-01 0.1028376000D+01 0.4194000000D+01 0.3682500000D+01 0.5081900000D+01
4 8519970826199709122450686.2-0.4440000000D-01 0.2200000000D-03 0.2102990000D+02 0.1178000000D-01 0.3050000000D-03 0.1260000000D-01 0.5394115000D+01 0.2976000000D+00 0.3005000000D+01 0.2736700000D+01 0.2450000000D-01-0.1290000000D-02 0.3175730000D+02 0.1209000000D-01 0.2880000000D-03 0.1890000000D-01 0.7307730000D+00 0.3859200000D+01 0.3650800000D+01 0.4327400000D+01
4 8619970912199709292450703.2-0.5450000000D-01 0.1290000000D-02 0.2104510000D+02 0.5910000000D-02 0.1880000000D-03 0.1680000000D-01 0.5103473000D+01 0.1419000000D+01 0.2594700000D+01 0.1849900000D+01-0.1450000000D-01 0.5840000000D-02 0.3151450000D+02 0.2957000000D-01 0.4990000000D-03 0.2310000000D-01 0.4338560000D+00 0.3544600000D+01 0.6269900000D+01 0.3467200000D+01
4 8719970929199710162450720.2-0.2650000000D-01-0.5900000000D-03 0.2091200000D+02 0.1270000000D-01 0.1480000000D-03 0.1360000000D-01 0.4807671000D+01 0.1514700000D+01 0.1850200000D+01 0.8928000000D+00 0.5240000000D-01-0.4800000000D-03 0.3109860000D+02 0.2320000000D-01 0.2060000000D-03 0.1990000000D-01 0.1359010000D+00 0.3360300000D+01 0.2602100000D+01 0.2525800000D+01
4 8819971016199711022450737.2-0.4980000000D-01 0.1900000000D-03 0.2065250000D+02 0.1823000000D-01 0.2630000000D-03 0.2320000000D-01 0.4509748000D+01 0.1281600000D+01 0.2297400000D+01 0.2595000000D+00 0.8040000000D-01 0.2400000000D-03 0.3066770000D+02 0.2724000000D-01 0.1950000000D-03 0.3430000000D-01 0.6120113000D+01 0.2868200000D+01 0.4814100000D+01 0.1885000000D+01
4 8919971102199711192450754.2-0.4220000000D-01-0.2420000000D-02 0.2030150000D+02 0.2540000000D-01 0.1400000000D-03 0.2350000000D-01 0.4211956000D+01 0.1448700000D+01 0.2757000000D+00 0.6265100000D+01 0.5250000000D-01 0.1730000000D-02 0.3024970000D+02 0.3681000000D-01 0.7460000000D-03 0.3580000000D-01 0.5824057000D+01 0.3052900000D+01 0.4144000000D+00 0.1546400000D+01
4 9019971119199712062450771.2-0.7630000000D-01 0.1140000000D-02 0.1986310000D+02 0.2511000000D-01 0.2180000000D-03 0.2640000000D-01 0.3908369000D+01 0.1033800000D+01 0.9932000000D+00 0.5598600000D+01 0.9040000000D-01-0.2070000000D-02 0.2977820000D+02 0.2345000000D-01 0.3260000000D-03 0.3820000000D-01 0.5523294000D+01 0.2175400000D+01 0.4295000000D+01 0.9146000000D+00
4 9119971206199712232450788.2-0.7440000000D-01-0.3000000000D-03 0.1940430000D+02 0.2918000000D-01 0.1350000000D-03 0.2560000000D-01 0.3603263000D+01 0.7073000000D+00 0.2295400000D+01 0.5329700000D+01 0.3600000000D-01 0.4600000000D-03 0.2941040000D+02 0.1989000000D-01 0.1670000000D-03 0.3950000000D-01 0.5225096000D+01 0.2047200000D+01 0.4695100000D+01 0.6907000000D+00
4 9219971223199801092450805.2-0.6760000000D-01 0.9200000000D-03 0.1893320000D+02 0.3273000000D-01 0.3490000000D-03 0.1830000000D-01 0.3298620000D+01 0.7350000000D+00 0.4838800000D+01 0.4813300000D+01 0.3810000000D-01-0.1840000000D-02 0.2911840000D+02 0.2045000000D-01 0.7170000000D-03 0.2920000000D-01 0.4928974000D+01 0.2599100000D+01 0.1053000000D+00 0.1617000000D+00
4 9319980109199801262450822.2-0.7570000000D-01 0.2020000000D-02 0.1846010000D+02 0.2207000000D-01 0.4120000000D-03 0.1820000000D-01 0.2988714000D+01 0.1011000000D+00 0.1158800000D+01 0.4248200000D+01 0.9700000000D-02 0.9700000000D-03 0.2890770000D+02 0.9580000000D-02 0.3990000000D-03 0.2950000000D-01 0.4628690000D+01 0.7860000000D+00 0.3339000000D+01 0.5882900000D+01
4 9419980126199802122450839.2-0.3230000000D-01-0.3600000000D-03 0.1807500000D+02 0.2651000000D-01 0.1840000000D-03 0.1050000000D-01 0.2680653000D+01 0.4850000000D-01 0.3104600000D+01 0.3595900000D+01 0.1740000000D-01-0.5600000000D-03 0.2881850000D+02 0.2680000000D-02 0.1930000000D-03 0.1690000000D-01 0.4331374000D+01 0.5004000000D+00 0.4192100000D+01 0.5265500000D+01
5 9519961231199701222450448.4-0.9420000000D-01 0.3570000000D-02 0.2698230000D+02 0.4637000000D-01 0.5230000000D-03 0.2280000000D-01 0.1453282000D+01 0.4936400000D+01 0.1597600000D+01 0.2041400000D+01-0.3760000000D-01-0.1470000000D-02 0.3889540000D+02 0.2226000000D-01 0.5940000000D-03 0.3050000000D-01 0.3050472000D+01 0.3843000000D+00 0.3588800000D+01 0.3634000000D+01
5 9619970122199702132450470.4-0.1320000000D-01-0.8400000000D-03 0.2624300000D+02 0.3346000000D-01 0.3640000000D-03 0.1520000000D-01 0.5424499000D+01 0.2661600000D+01 0.4942000000D+01 0.4284200000D+01-0.7130000000D-01 0.7700000000D-03 0.3869170000D+02 0.5620000000D-02 0.2650000000D-03 0.2340000000D-01 0.7492560000D+00 0.4946100000D+01 0.9779000000D+00 0.5807400000D+01
5 9719970213199703072450492.4-0.3600000000D-02 0.1500000000D-03 0.2568920000D+02 0.2590000000D-01 0.2030000000D-03 0.5100000000D-02 0.3113074000D+01 0.6524000000D+00 0.3337100000D+01 0.3130000000D+00-0.4370000000D-01 0.1990000000D-02 0.3875100000D+02 0.1356000000D-01 0.7100000000D-04 0.8700000000D-02 0.4732576000D+01 0.4402100000D+01 0.5537500000D+01 0.2041900000D+01
5 9819970307199703292450514.4-0.1190000000D-01-0.3300000000D-03 0.2534950000D+02 0.1835000000D-01 0.2870000000D-03 0.6300000000D-02 0.8019060000D+00 0.4867700000D+01 0.1215300000D+01 0.5168900000D+01 0.2660000000D-01-0.9000000000D-04 0.3907130000D+02 0.2188000000D-01 0.1800000000D-03 0.1100000000D-01 0.2433351000D+01 0.2205300000D+01 0.3433400000D+01 0.4968000000D+00
5 9919970329199704202450536.4-0.2990000000D-01-0.1770000000D-02 0.2523830000D+02 0.8420000000D-02 0.3990000000D-03 0.1570000000D-01 0.4775830000D+01 0.2945600000D+01 0.4862700000D+01 0.1210600000D+01 0.4000000000D-02 0.2590000000D-02 0.3965130000D+02 0.1885000000D-01 0.4970000000D-03 0.2510000000D-01 0.1338460000D+00 0.4350000000D-01 0.4759000000D+00 0.2865200000D+01
510019970420199705122450558.4-0.7640000000D-01 0.8800000000D-03 0.2536330000D+02 0.1048000000D-01 0.4600000000D-03 0.2090000000D-01 0.2468892000D+01 0.2947900000D+01 0.1859600000D+01 0.3416800000D+01 0.5850000000D-01-0.5110000000D-02 0.4032630000D+02 0.2425000000D-01 0.6820000000D-03 0.3450000000D-01 0.4117166000D+01 0.4624900000D+01 0.3582300000D+01 0.5071300000D+01
510119970512199706032450580.4-0.3290000000D-01-0.2510000000D-02 0.2566560000D+02 0.3383000000D-01 0.4920000000D-03 0.2270000000D-01 0.1685470000D+00 0.5386000000D+00 0.4443900000D+01 0.5559400000D+01-0.3360000000D-01-0.1280000000D-02 0.4101490000D+02 0.3767000000D-01 0.4740000000D-03 0.3440000000D-01 0.1818411000D+01 0.2210000000D+01 0.1330000000D+00 0.1017100000D+01
510219970603199706252450602.4-0.1045000000D+00 0.5910000000D-02 0.2619510000D+02 0.4350000000D-01 0.6340000000D-03 0.1970000000D-01 0.4157699000D+01 0.4248400000D+01 0.8699000000D+00 0.1532900000D+01-0.6800000000D-01 0.7000000000D-03 0.4172000000D+02 0.3926000000D-01 0.6360000000D-03 0.2770000000D-01 0.5804951000D+01 0.5773200000D+01 0.2433700000D+01 0.3056900000D+01
510319970625199707172450624.4 0.1200000000D-01-0.2300000000D-02 0.2688950000D+02 0.3657000000D-01 0.7360000000D-03 0.1050000000D-01 0.1866521000D+01 0.1786700000D+01 0.4106300000D+01 0.3722500000D+01-0.4910000000D-01-0.5000000000D-03 0.4235820000D+02 0.1849000000D-01 0.6560000000D-03 0.2060000000D-01 0.3506759000D+01 0.2913700000D+01 0.5188300000D+01 0.5241200000D+01
510419970717199708082450646.4-0.1140000000D-01 0.3200000000D-03 0.2754030000D+02 0.2283000000D-01 0.3290000000D-03 0.1900000000D-02 0.5858235000D+01 0.6099500000D+01 0.1346000000D+01 0.6196300000D+01-0.7310000000D-01 0.6160000000D-02 0.4272970000D+02 0.8030000000D-02 0.5010000000D-03 0.4600000000D-02 0.1207234000D+01 0.4864400000D+01 0.1987400000D+01 0.2093400000D+01
510519970808199708302450668.4-0.1530000000D-01-0.9600000000D-03 0.2799990000D+02 0.1899000000D-01 0.2710000000D-03 0.9800000000D-02 0.3568114000D+01 0.4168400000D+01 0.6492000000D+00 0.4580800000D+01 0.5880000000D-01-0.2350000000D-02 0.4270640000D+02 0.1339000000D-01 0.1780000000D-03 0.1530000000D-01 0.5191441000D+01 0.1703700000D+01 0.3876800000D+01 0.6250800000D+01
510619970830199709212450690.4-0.5370000000D-01-0.9200000000D-03 0.2821270000D+02 0.9620000000D-02 0.4110000000D-03 0.1990000000D-01 0.1277473000D+01 0.2331300000D+01 0.4772300000D+01 0.6287000000D+00 0.3430000000D-01-0.2400000000D-03 0.4239360000D+02 0.1825000000D-01 0.3220000000D-03 0.2930000000D-01 0.2893401000D+01 0.6061100000D+01 0.6270800000D+01 0.2223800000D+01
510719970921199710132450712.4-0.7990000000D-01 0.9000000000D-04 0.2813290000D+02 0.1052000000D-01 0.3410000000D-03 0.2430000000D-01 0.5266974000D+01 0.1809800000D+01 0.2504600000D+01 0.2879600000D+01 0.6900000000D-02-0.2100000000D-02 0.4182870000D+02 0.2609000000D-01 0.3090000000D-03 0.3730000000D-01 0.5946650000D+00 0.3830900000D+01 0.3936000000D+01 0.4489100000D+01
510819971013199711042450734.4-0.4990000000D-01-0.6400000000D-03 0.2778900000D+02 0.2781000000D-01 0.9300000000D-04 0.2330000000D-01 0.2969680000D+01 0.1780000000D-01 0.5648000000D+01 0.5088800000D+01-0.4520000000D-01-0.1570000000D-02 0.4112000000D+02 0.3668000000D-01 0.1240000000D-03 0.3320000000D-01 0.4577742000D+01 0.1473300000D+01 0.3870400000D+01 0.4401000000D+00
510919971104199711262450756.4-0.6640000000D-01 0.3670000000D-02 0.2718730000D+02 0.4170000000D-01 0.3460000000D-03 0.1600000000D-01 0.6659450000D+00 0.3881400000D+01 0.1339000000D+00 0.1077200000D+01-0.9090000000D-01 0.2830000000D-02 0.4036060000D+02 0.4211000000D-01 0.6800000000D-03 0.2360000000D-01 0.2275959000D+01 0.5190000000D+01 0.1407100000D+01 0.2558500000D+01
511019971126199712182450778.4-0.4300000000D-02-0.6000000000D-04 0.2639420000D+02 0.3859000000D-01 0.3420000000D-03 0.4700000000D-02 0.4642169000D+01 0.1596000000D+01 0.3205600000D+01 0.3104800000D+01-0.1800000000D-02-0.2230000000D-02 0.3955730000D+02 0.2788000000D-01 0.9440000000D-03 0.1110000000D-01 0.6258007000D+01 0.2436300000D+01 0.4654500000D+01 0.4892000000D+01
511119971218199801092450800.4 0.3200000000D-02-0.1930000000D-02 0.2554890000D+02 0.3500000000D-01 0.2000000000D-03 0.2800000000D-02 0.2333773000D+01 0.5874000000D+01 0.5687800000D+01 0.2143500000D+01-0.7110000000D-01 0.7640000000D-02 0.3895180000D+02 0.2210000000D-02 0.6890000000D-03 0.7600000000D-02 0.3959248000D+01 0.1451000000D+00 0.1196000000D+01 0.3424300000D+01
511219980109199801312450822.4-0.3430000000D-01-0.6000000000D-04 0.2478730000D+02 0.4230000000D-01 0.4090000000D-03 0.1210000000D-01 0.2217100000D-01 0.3750500000D+01 0.1332100000D+01 0.4081400000D+01 0.8090000000D-01-0.4540000000D-02 0.3863210000D+02 0.1369000000D-01 0.6400000000D-03 0.1990000000D-01 0.1660871000D+01 0.1555000000D+00 0.3867700000D+01 0.5820900000D+01
