 5 4    2   25   48   70  3.5516  1.7693  0.8782  0.3765 16.0 16.0 17.0 18.0   90 2453004.5000 2004                                                                                                                                                                                                                                                                              
1  220031231200401162453004.5 0.5361000000D+00-0.2230000000D-02 0.1054283000D+03 0.3198900000D+00 0.3128000000D-02 0.2325000000D+00 0.3402019000D+01 0.3402700000D+01 0.5184900000D+01 0.2852500000D+01-0.2690000000D+00 0.1500000000D-02 0.4987180000D+02 0.1492100000D+00 0.0000000000D+00 0.1130000000D+00 0.3306340000D+00 0.5624000000D+00 0.0000000000D+00 0.6077100000D+01
1  320040116200402012453020.5 0.4782000000D+00-0.3630000000D-02 0.1103900000D+03 0.3178400000D+00 0.3742000000D-02 0.2451000000D+00 0.3686101000D+01 0.3986000000D+01 0.5795100000D+01 0.3710500000D+01-0.2493000000D+00 0.2580000000D-02 0.5222460000D+02 0.1416300000D+00 0.0000000000D+00 0.1205000000D+00 0.6176810000D+00 0.1172600000D+01 0.0000000000D+00 0.6118000000D+00
1  420040201200402172453036.5 0.3861000000D+00-0.3290000000D-02 0.1147771000D+03 0.3063200000D+00 0.4093000000D-02 0.2844000000D+00 0.3983405000D+01 0.4630200000D+01 0.1709000000D+00 0.4441200000D+01-0.2092000000D+00 0.2430000000D-02 0.5416650000D+02 0.1280300000D+00 0.0000000000D+00 0.1328000000D+00 0.9168670000D+00 0.1877800000D+01 0.0000000000D+00 0.1326300000D+01
1  520040217200403042453052.5 0.2730000000D+00-0.2610000000D-02 0.1179096000D+03 0.2908400000D+00 0.4234000000D-02 0.2784000000D+00 0.4290920000D+01 0.5350400000D+01 0.9339000000D+00 0.5145700000D+01-0.1534000000D+00 0.1610000000D-02 0.5535330000D+02 0.1176300000D+00 0.0000000000D+00 0.1264000000D+00 0.1225002000D+01 0.2725500000D+01 0.0000000000D+00 0.2079400000D+01
1  620040304200403202453068.5 0.1595000000D+00-0.3510000000D-02 0.1192001000D+03 0.2743700000D+00 0.4394000000D-02 0.2840000000D+00 0.4603667000D+01 0.6129700000D+01 0.1695700000D+01 0.5979400000D+01-0.9450000000D-01 0.1300000000D-02 0.5551110000D+02 0.1229300000D+00 0.0000000000D+00 0.1346000000D+00 0.1536715000D+01 0.3612600000D+01 0.0000000000D+00 0.2923100000D+01
1  720040320200404052453084.5 0.4420000000D-01-0.4830000000D-02 0.1183916000D+03 0.2648800000D+00 0.4376000000D-02 0.2963000000D+00 0.4915199000D+01 0.6639000000D+00 0.2388300000D+01 0.4059000000D+00-0.3620000000D-01 0.1450000000D-02 0.5459180000D+02 0.1365100000D+00 0.0000000000D+00 0.1397000000D+00 0.1845627000D+01 0.4375600000D+01 0.0000000000D+00 0.3589400000D+01
1  820040405200404212453100.5-0.8460000000D-01-0.4530000000D-02 0.1156613000D+03 0.2694900000D+00 0.3707000000D-02 0.2657000000D+00 0.5219278000D+01 0.1484400000D+01 0.3004400000D+01 0.1141300000D+01 0.2370000000D-01 0.1430000000D-02 0.5281520000D+02 0.1436000000D+00 0.0000000000D+00 0.1202000000D+00 0.2146119000D+01 0.5026700000D+01 0.0000000000D+00 0.4316600000D+01
1  920040421200405072453116.5-0.2148000000D+00-0.3490000000D-02 0.1115546000D+03 0.2963100000D+00 0.2927000000D-02 0.2608000000D+00 0.5511018000D+01 0.2209700000D+01 0.3699900000D+01 0.1933000000D+01 0.8140000000D-01 0.1430000000D-02 0.5057920000D+02 0.1435300000D+00 0.0000000000D+00 0.1163000000D+00 0.2434359000D+01 0.5621600000D+01 0.0000000000D+00 0.5133300000D+01
1 1020040507200405232453132.5-0.3237000000D+00-0.3550000000D-02 0.1066979000D+03 0.3227000000D+00 0.2513000000D-02 0.2447000000D+00 0.5788207000D+01 0.2799300000D+01 0.4312300000D+01 0.2599800000D+01 0.1302000000D+00 0.1880000000D-02 0.4825960000D+02 0.1414400000D+00 0.0000000000D+00 0.1104000000D+00 0.2708839000D+01 0.6172700000D+01 0.0000000000D+00 0.5813600000D+01
1 1120040523200406082453148.5-0.4095000000D+00-0.3920000000D-02 0.1016635000D+03 0.3401800000D+00 0.2070000000D-02 0.2111000000D+00 0.6051069000D+01 0.3305700000D+01 0.4832000000D+01 0.3355500000D+01 0.1710000000D+00 0.2290000000D-02 0.4610190000D+02 0.1400700000D+00 0.0000000000D+00 0.9790000000D-01 0.2970055000D+01 0.3965000000D+00 0.0000000000D+00 0.2812000000D+00
1 1220040608200406242453164.5-0.4813000000D+00-0.2930000000D-02 0.9687020000D+02 0.3482600000D+00 0.1581000000D-02 0.2115000000D+00 0.1792300000D-01 0.3758900000D+01 0.5288500000D+01 0.4104500000D+01 0.2081000000D+00 0.1920000000D-02 0.4423060000D+02 0.1402100000D+00 0.0000000000D+00 0.9850000000D-01 0.3219624000D+01 0.8564000000D+00 0.0000000000D+00 0.1006600000D+01
1 1320040624200407102453180.5-0.5333000000D+00-0.9700000000D-03 0.9257170000D+02 0.3509300000D+00 0.1216000000D-02 0.1982000000D+00 0.2571640000D+00 0.4174000000D+01 0.5822800000D+01 0.4720600000D+01 0.2378000000D+00 0.1030000000D-02 0.4267510000D+02 0.1412000000D+00 0.0000000000D+00 0.9110000000D-01 0.3459607000D+01 0.1274200000D+01 0.0000000000D+00 0.1623500000D+01
1 1420040710200407262453196.5-0.5493000000D+00 0.1900000000D-03 0.8890210000D+02 0.3479500000D+00 0.9590000000D-03 0.1715000000D+00 0.4876400000D+00 0.4564200000D+01 0.6670000000D-01 0.5470700000D+01 0.2521000000D+00 0.4500000000D-03 0.4142520000D+02 0.1421900000D+00 0.0000000000D+00 0.7970000000D-01 0.3691988000D+01 0.1655100000D+01 0.0000000000D+00 0.2396900000D+01
1 1520040726200408112453212.5-0.5266000000D+00 0.4400000000D-03 0.8594080000D+02 0.3427900000D+00 0.8130000000D-03 0.1781000000D+00 0.7114280000D+00 0.4936600000D+01 0.6948000000D+00 0.6213400000D+01 0.2488000000D+00 0.2200000000D-03 0.4046050000D+02 0.1422500000D+00 0.0000000000D+00 0.8450000000D-01 0.3918684000D+01 0.2004400000D+01 0.0000000000D+00 0.3140500000D+01
1 1620040811200408272453228.5-0.4781000000D+00 0.1290000000D-02 0.8371750000D+02 0.3368600000D+00 0.8890000000D-03 0.1715000000D+00 0.9304360000D+00 0.5289900000D+01 0.1158100000D+01 0.5575000000D+00 0.2330000000D+00-0.3000000000D-03 0.3975240000D+02 0.1416500000D+00 0.0000000000D+00 0.8180000000D-01 0.4141571000D+01 0.2331000000D+01 0.0000000000D+00 0.3770300000D+01
1 1720040827200409122453244.5-0.4122000000D+00 0.3210000000D-02 0.8223550000D+02 0.3292100000D+00 0.9470000000D-03 0.1552000000D+00 0.1146378000D+01 0.5635900000D+01 0.1419300000D+01 0.1316600000D+01 0.2079000000D+00-0.1320000000D-02 0.3927890000D+02 0.1399400000D+00 0.0000000000D+00 0.7500000000D-01 0.4362235000D+01 0.2643300000D+01 0.0000000000D+00 0.4536200000D+01
1 1820040912200409282453260.5-0.3233000000D+00 0.4910000000D-02 0.8147530000D+02 0.3217400000D+00 0.9470000000D-03 0.1644000000D+00 0.1360968000D+01 0.5988300000D+01 0.1615800000D+01 0.2051500000D+01 0.1703000000D+00-0.2180000000D-02 0.3901610000D+02 0.1370700000D+00 0.0000000000D+00 0.7910000000D-01 0.4582241000D+01 0.2955700000D+01 0.0000000000D+00 0.5259900000D+01
1 1920040928200410142453276.5-0.2072000000D+00 0.5380000000D-02 0.8144060000D+02 0.3173700000D+00 0.9500000000D-03 0.1580000000D+00 0.1575736000D+01 0.6920000000D-01 0.1927000000D+01 0.2678200000D+01 0.1189000000D+00-0.2460000000D-02 0.3895710000D+02 0.1327400000D+00 0.0000000000D+00 0.7410000000D-01 0.4802924000D+01 0.3278900000D+01 0.0000000000D+00 0.5899100000D+01
1 2020041014200410302453292.5-0.7680000000D-01 0.5580000000D-02 0.8215210000D+02 0.3148900000D+00 0.1050000000D-02 0.1474000000D+00 0.1792067000D+01 0.4418000000D+00 0.2247700000D+01 0.3477000000D+01 0.6040000000D-01-0.2650000000D-02 0.3910950000D+02 0.1269100000D+00 0.0000000000D+00 0.6930000000D-01 0.5025595000D+01 0.3623900000D+01 0.0000000000D+00 0.4456000000D+00
1 2120041030200411152453308.5 0.5120000000D-01 0.6690000000D-02 0.8362830000D+02 0.3138400000D+00 0.1185000000D-02 0.1644000000D+00 0.2011569000D+01 0.8232000000D+00 0.2535800000D+01 0.4209000000D+01 0.2600000000D-02-0.3260000000D-02 0.3948980000D+02 0.1204800000D+00 0.0000000000D+00 0.7730000000D-01 0.5251796000D+01 0.3997200000D+01 0.0000000000D+00 0.1174400000D+01
1 2220041115200412012453324.5 0.1742000000D+00 0.8060000000D-02 0.8588180000D+02 0.3153000000D+00 0.1326000000D-02 0.1634000000D+00 0.2235861000D+01 0.1220200000D+01 0.2884500000D+01 0.4842500000D+01-0.5330000000D-01-0.3930000000D-02 0.4012110000D+02 0.1145800000D+00 0.0000000000D+00 0.7560000000D-01 0.5482975000D+01 0.4415000000D+01 0.0000000000D+00 0.1824100000D+01
1 2320041201200412172453340.5 0.2981000000D+00 0.8130000000D-02 0.8891160000D+02 0.3195500000D+00 0.1584000000D-02 0.1586000000D+00 0.2466855000D+01 0.1628800000D+01 0.3283500000D+01 0.5672200000D+01-0.1100000000D+00-0.3970000000D-02 0.4103170000D+02 0.1115100000D+00 0.0000000000D+00 0.7490000000D-01 0.5720838000D+01 0.4885900000D+01 0.0000000000D+00 0.2658200000D+01
1 2420041217200501022453356.5 0.4172000000D+00 0.6960000000D-02 0.9269060000D+02 0.3226100000D+00 0.1886000000D-02 0.1841000000D+00 0.2706087000D+01 0.2061200000D+01 0.3684900000D+01 0.1500000000D+00-0.1650000000D+00-0.3500000000D-02 0.4225460000D+02 0.1133100000D+00 0.0000000000D+00 0.8500000000D-01 0.5966726000D+01 0.5412200000D+01 0.0000000000D+00 0.3385400000D+01
2 2520031231200401162453004.5-0.2133300000D+01 0.1428000000D-01 0.1682630000D+03 0.5186500000D+00 0.4996000000D-02 0.7792000000D+00 0.6416510000D+00 0.6189000000D+00 0.2525200000D+01 0.2346000000D+00 0.1028900000D+01-0.5410000000D-02 0.7814340000D+02 0.2329300000D+00 0.0000000000D+00 0.3660000000D+00 0.3843541000D+01 0.4042800000D+01 0.0000000000D+00 0.3449200000D+01
2 2620040116200402012453020.5-0.1939900000D+01 0.2110000000D-01 0.1761958000D+03 0.5033800000D+00 0.5756000000D-02 0.7863000000D+00 0.3823641000D+01 0.4109400000D+01 0.5887000000D+01 0.5235000000D+00 0.9411000000D+00-0.9020000000D-02 0.8182930000D+02 0.2203900000D+00 0.0000000000D+00 0.3597000000D+00 0.7452580000D+00 0.1284300000D+01 0.0000000000D+00 0.3718600000D+01
2 2720040201200402172453036.5-0.1656100000D+01 0.2613000000D-01 0.1832288000D+03 0.4876900000D+00 0.6782000000D-02 0.7935000000D+00 0.7360960000D+00 0.1382100000D+01 0.3214500000D+01 0.8343000000D+00 0.8398000000D+00-0.1186000000D-01 0.8489410000D+02 0.2006100000D+00 0.0000000000D+00 0.3694000000D+00 0.3942823000D+01 0.4929000000D+01 0.0000000000D+00 0.4061500000D+01
2 2820040217200403042453052.5-0.1293900000D+01 0.2894000000D-01 0.1881743000D+03 0.4819000000D+00 0.6846000000D-02 0.7812000000D+00 0.3942452000D+01 0.5009100000D+01 0.6422000000D+00 0.1159900000D+01 0.6555000000D+00-0.1270000000D-01 0.8670030000D+02 0.1932100000D+00 0.0000000000D+00 0.3559000000D+00 0.8669230000D+00 0.2370000000D+01 0.0000000000D+00 0.4338100000D+01
2 2920040304200403202453068.5-0.8858000000D+00 0.3200000000D-01 0.1902887000D+03 0.4601700000D+00 0.7110000000D-02 0.7669000000D+00 0.8720650000D+00 0.2405600000D+01 0.4303300000D+01 0.1499000000D+01 0.4867000000D+00-0.1536000000D-01 0.8692230000D+02 0.2016000000D+00 0.0000000000D+00 0.3504000000D+00 0.4079109000D+01 0.6134000000D+01 0.0000000000D+00 0.4737400000D+01
2 3020040320200404052453084.5-0.4375000000D+00 0.3314000000D-01 0.1889382000D+03 0.4463300000D+00 0.7279000000D-02 0.7501000000D+00 0.4084258000D+01 0.6072300000D+01 0.1574300000D+01 0.1834000000D+01 0.2685000000D+00-0.1471000000D-01 0.8541690000D+02 0.2182000000D+00 0.0000000000D+00 0.3350000000D+00 0.1006067000D+01 0.3486600000D+01 0.0000000000D+00 0.5004900000D+01
2 3120040405200404212453100.5 0.3260000000D-01 0.3203000000D-01 0.1846644000D+03 0.4555500000D+00 0.5546000000D-02 0.7185000000D+00 0.1006704000D+01 0.3511600000D+01 0.5138200000D+01 0.2164700000D+01 0.5190000000D-01-0.1505000000D-01 0.8264100000D+02 0.2293300000D+00 0.0000000000D+00 0.3214000000D+00 0.4208489000D+01 0.7541000000D+00 0.0000000000D+00 0.5383200000D+01
2 3220040421200405072453116.5 0.5032000000D+00 0.2858000000D-01 0.1780364000D+03 0.4706600000D+00 0.5289000000D-02 0.6957000000D+00 0.4200281000D+01 0.7952000000D+00 0.2251300000D+01 0.2479800000D+01-0.1585000000D+00-0.1312000000D-01 0.7913460000D+02 0.2262500000D+00 0.0000000000D+00 0.3083000000D+00 0.1115686000D+01 0.4232000000D+01 0.0000000000D+00 0.5658300000D+01
2 3320040507200405232453132.5 0.9252000000D+00 0.2521000000D-01 0.1703391000D+03 0.5159200000D+00 0.4493000000D-02 0.6699000000D+00 0.1097109000D+01 0.4299400000D+01 0.5968700000D+01 0.2779600000D+01-0.3649000000D+00-0.1192000000D-01 0.7551530000D+02 0.2185700000D+00 0.0000000000D+00 0.2957000000D+00 0.4292789000D+01 0.1402500000D+01 0.0000000000D+00 0.5986900000D+01
2 3420040523200406082453148.5 0.1295800000D+01 0.1957000000D-01 0.1622614000D+03 0.5234000000D+00 0.3137000000D-02 0.6446000000D+00 0.4263249000D+01 0.1458000000D+01 0.2950500000D+01 0.3061300000D+01-0.5292000000D+00-0.9780000000D-02 0.7214250000D+02 0.2113900000D+00 0.0000000000D+00 0.2885000000D+00 0.1173492000D+01 0.4824800000D+01 0.0000000000D+00 0.6242900000D+01
2 3520040608200406242453164.5 0.1596100000D+01 0.1159000000D-01 0.1546150000D+03 0.5379300000D+00 0.2612000000D-02 0.6302000000D+00 0.1133345000D+01 0.4824600000D+01 0.2333000000D+00 0.3325400000D+01-0.6868000000D+00-0.6320000000D-02 0.6922110000D+02 0.2084700000D+00 0.0000000000D+00 0.2825000000D+00 0.4325621000D+01 0.1927900000D+01 0.0000000000D+00 0.2442000000D+00
2 3620040624200407102453180.5 0.1787500000D+01 0.4390000000D-02 0.1477437000D+03 0.5337600000D+00 0.1422000000D-02 0.6173000000D+00 0.4275594000D+01 0.1881200000D+01 0.3500900000D+01 0.3578400000D+01-0.7846000000D+00-0.3380000000D-02 0.6681820000D+02 0.2096300000D+00 0.0000000000D+00 0.2809000000D+00 0.1184586000D+01 0.5258600000D+01 0.0000000000D+00 0.4824000000D+00
2 3720040710200407262453196.5 0.1869600000D+01-0.3010000000D-02 0.1419163000D+03 0.5307500000D+00 0.2069000000D-02 0.6081000000D+00 0.1125607000D+01 0.5155800000D+01 0.6595000000D+00 0.3814100000D+01-0.8473000000D+00 0.8000000000D-04 0.6489290000D+02 0.2121700000D+00 0.0000000000D+00 0.2795000000D+00 0.4318970000D+01 0.2275200000D+01 0.0000000000D+00 0.7338000000D+00
2 3820040726200408112453212.5 0.1845400000D+01-0.1093000000D-01 0.1372009000D+03 0.5248800000D+00 0.1671000000D-02 0.6107000000D+00 0.4251995000D+01 0.2154800000D+01 0.4105700000D+01 0.4040700000D+01-0.8530000000D+00 0.3670000000D-02 0.6343010000D+02 0.2148100000D+00 0.0000000000D+00 0.2840000000D+00 0.1164084000D+01 0.5529300000D+01 0.0000000000D+00 0.9485000000D+00
2 3920040811200408272453228.5 0.1708500000D+01-0.1784000000D-01 0.1335857000D+03 0.5087100000D+00 0.1405000000D-02 0.6101000000D+00 0.1089914000D+01 0.5432100000D+01 0.8689000000D+00 0.4253000000D+01-0.8128000000D+00 0.7250000000D-02 0.6234620000D+02 0.2165600000D+00 0.0000000000D+00 0.2860000000D+00 0.4288186000D+01 0.2489500000D+01 0.0000000000D+00 0.1173600000D+01
2 4020040827200409122453244.5 0.1462800000D+01-0.2339000000D-01 0.1312059000D+03 0.4997300000D+00 0.1273000000D-02 0.6179000000D+00 0.4207519000D+01 0.2405700000D+01 0.4038500000D+01 0.4462300000D+01-0.7139000000D+00 0.1001000000D-01 0.6165720000D+02 0.2164000000D+00 0.0000000000D+00 0.2906000000D+00 0.1126258000D+01 0.5700300000D+01 0.0000000000D+00 0.1381300000D+01
2 4120040912200409282453260.5 0.1132200000D+01-0.2845000000D-01 0.1299335000D+03 0.4988100000D+00 0.1264000000D-02 0.6328000000D+00 0.1040192000D+01 0.5676300000D+01 0.1184900000D+01 0.4667900000D+01-0.5746000000D+00 0.1272000000D-01 0.6127800000D+02 0.2143700000D+00 0.0000000000D+00 0.2985000000D+00 0.4246310000D+01 0.2640700000D+01 0.0000000000D+00 0.1596700000D+01
2 4220040928200410142453276.5 0.7232000000D+00-0.3140000000D-01 0.1299097000D+03 0.4944000000D+00 0.1764000000D-02 0.6441000000D+00 0.4155356000D+01 0.2635500000D+01 0.4310300000D+01 0.4863300000D+01-0.3929000000D+00 0.1415000000D-01 0.6125590000D+02 0.2092400000D+00 0.0000000000D+00 0.3026000000D+00 0.1083148000D+01 0.5853500000D+01 0.0000000000D+00 0.1788300000D+01
2 4320041014200410302453292.5 0.2542000000D+00-0.3224000000D-01 0.1309710000D+03 0.4965500000D+00 0.1389000000D-02 0.6649000000D+00 0.9883710000D+00 0.5929000000D+01 0.1368700000D+01 0.5066200000D+01-0.1823000000D+00 0.1482000000D-01 0.6153820000D+02 0.2024000000D+00 0.0000000000D+00 0.3118000000D+00 0.4204671000D+01 0.2815800000D+01 0.0000000000D+00 0.2007600000D+01
2 4420041030200411152453308.5-0.2371000000D+00-0.3252000000D-01 0.1333483000D+03 0.4870000000D+00 0.2057000000D-02 0.6853000000D+00 0.4107029000D+01 0.2905900000D+01 0.4119200000D+01 0.5270300000D+01 0.4250000000D-01 0.1473000000D-01 0.6220350000D+02 0.1949300000D+00 0.0000000000D+00 0.3167000000D+00 0.1046113000D+01 0.6072600000D+01 0.0000000000D+00 0.2207200000D+01
2 4520041115200412012453324.5-0.7376000000D+00-0.3094000000D-01 0.1368544000D+03 0.5079500000D+00 0.1907000000D-02 0.7122000000D+00 0.9471000000D+00 0.6210100000D+01 0.1545900000D+01 0.5468700000D+01 0.2675000000D+00 0.1431000000D-01 0.6323210000D+02 0.1873600000D+00 0.0000000000D+00 0.3292000000D+00 0.4175119000D+01 0.3104400000D+01 0.0000000000D+00 0.2424300000D+01
2 4620041201200412172453340.5-0.1231300000D+01-0.2641000000D-01 0.1416790000D+03 0.5118400000D+00 0.2601000000D-02 0.7387000000D+00 0.4076288000D+01 0.3216300000D+01 0.4727800000D+01 0.5687100000D+01 0.4922000000D+00 0.1194000000D-01 0.6471560000D+02 0.1830100000D+00 0.0000000000D+00 0.3323000000D+00 0.1027187000D+01 0.1765000000D+00 0.0000000000D+00 0.2633700000D+01
2 4720041217200501022453356.5-0.1676000000D+01-0.2155000000D-01 0.1476311000D+03 0.5287000000D+00 0.2886000000D-02 0.7691000000D+00 0.9299850000D+00 0.2748000000D+00 0.2124500000D+01 0.5904600000D+01 0.6937000000D+00 0.1035000000D-01 0.6668050000D+02 0.1838900000D+00 0.0000000000D+00 0.3499000000D+00 0.4169935000D+01 0.3600400000D+01 0.0000000000D+00 0.2872600000D+01
3 4820031231200401172453004.5-0.4267000000D+00 0.3150000000D-02 0.2674400000D+03 0.8168900000D+00 0.7998000000D-02 0.3779000000D+00 0.8319510000D+00 0.7717000000D+00 0.2612200000D+01 0.5194400000D+01 0.2184000000D+00-0.2020000000D-02 0.1267461000D+03 0.3751000000D+00 0.0000000000D+00 0.1632000000D+00 0.4037349000D+01 0.4222500000D+01 0.0000000000D+00 0.2213900000D+01
3 4920040117200402032453021.5-0.3454000000D+00-0.6700000000D-03 0.2808760000D+03 0.7773900000D+00 0.9247000000D-02 0.4281000000D+00 0.3200054000D+01 0.3488100000D+01 0.5205600000D+01 0.3594200000D+01 0.1340000000D+00 0.1080000000D-02 0.1331528000D+03 0.3423100000D+00 0.0000000000D+00 0.2329000000D+00 0.1256150000D+00 0.6913000000D+00 0.0000000000D+00 0.5882000000D+00
3 5020040203200402202453038.5-0.3945000000D+00-0.1189000000D-01 0.2923355000D+03 0.7765500000D+00 0.1118100000D-01 0.4944000000D+00 0.5584001000D+01 0.6253000000D+01 0.1865500000D+01 0.2141300000D+01 0.1890000000D+00 0.4010000000D-02 0.1382469000D+03 0.3060700000D+00 0.0000000000D+00 0.2466000000D+00 0.2511733000D+01 0.3556200000D+01 0.0000000000D+00 0.5167800000D+01
3 5120040220200403082453055.5-0.5904000000D+00 0.5760000000D-02 0.3001166000D+03 0.7536800000D+00 0.1164600000D-01 0.4947000000D+00 0.1696720000D+01 0.2834300000D+01 0.4765500000D+01 0.6852000000D+00 0.2550000000D+00-0.9600000000D-03 0.1409780000D+03 0.2994000000D+00 0.0000000000D+00 0.1828000000D+00 0.4908074000D+01 0.2595000000D+00 0.0000000000D+00 0.3911900000D+01
3 5220040308200403252453072.5-0.4510000000D+00-0.1940000000D-02 0.3024797000D+03 0.7364300000D+00 0.1031600000D-01 0.5143000000D+00 0.4098675000D+01 0.5770700000D+01 0.1414000000D+01 0.5436200000D+01 0.1930000000D+00-0.5600000000D-03 0.1406396000D+03 0.3301200000D+00 0.0000000000D+00 0.2486000000D+00 0.1025062000D+01 0.3198900000D+01 0.0000000000D+00 0.2505800000D+01
3 5320040325200404112453089.5-0.5117000000D+00-0.8980000000D-02 0.2986857000D+03 0.7114700000D+00 0.1050600000D-01 0.5312000000D+00 0.2157810000D+00 0.2369400000D+01 0.4084300000D+01 0.3996500000D+01 0.2335000000D+00 0.4810000000D-02 0.1373637000D+03 0.3632100000D+00 0.0000000000D+00 0.2652000000D+00 0.3421836000D+01 0.6009700000D+01 0.0000000000D+00 0.8545000000D+00
3 5420040411200404282453106.5-0.6413000000D+00 0.3410000000D-02 0.2899379000D+03 0.7477600000D+00 0.9237000000D-02 0.4823000000D+00 0.2606622000D+01 0.5236300000D+01 0.6089000000D+00 0.2543300000D+01 0.2609000000D+00-0.1860000000D-02 0.1320570000D+03 0.3743800000D+00 0.0000000000D+00 0.2024000000D+00 0.5809004000D+01 0.2451000000D+01 0.0000000000D+00 0.5683400000D+01
3 5520040428200405152453123.5-0.5263000000D+00-0.1130000000D-02 0.2778250000D+03 0.7957900000D+00 0.8149000000D-02 0.4580000000D+00 0.4983263000D+01 0.1707200000D+01 0.3386100000D+01 0.9690000000D+00 0.2492000000D+00 0.6500000000D-03 0.1258409000D+03 0.3628500000D+00 0.0000000000D+00 0.2051000000D+00 0.1899245000D+01 0.5123200000D+01 0.0000000000D+00 0.4244000000D+01
3 5620040515200406012453140.5-0.5784000000D+00-0.7910000000D-02 0.2643058000D+03 0.8148100000D+00 0.5828000000D-02 0.4483000000D+00 0.1061214000D+01 0.4394900000D+01 0.5893200000D+01 0.5766100000D+01 0.2290000000D+00 0.4220000000D-02 0.1197129000D+03 0.3454700000D+00 0.0000000000D+00 0.2111000000D+00 0.4257957000D+01 0.1485700000D+01 0.0000000000D+00 0.2624900000D+01
3 5720040601200406182453157.5-0.6862000000D+00 0.3720000000D-02 0.2509872000D+03 0.8419400000D+00 0.4612000000D-02 0.3896000000D+00 0.3407142000D+01 0.7105000000D+00 0.2312100000D+01 0.4256000000D+01 0.3170000000D+00-0.1970000000D-02 0.1142481000D+03 0.3327900000D+00 0.0000000000D+00 0.1626000000D+00 0.3194050000D+00 0.4093100000D+01 0.0000000000D+00 0.1170200000D+01
3 5820040618200407052453174.5-0.5713000000D+00-0.2130000000D-02 0.2387708000D+03 0.8374500000D+00 0.4005000000D-02 0.3536000000D+00 0.5739403000D+01 0.3245800000D+01 0.4807400000D+01 0.2624900000D+01 0.2530000000D+00 0.1700000000D-02 0.1097052000D+03 0.3289000000D+00 0.0000000000D+00 0.1703000000D+00 0.2651790000D+01 0.3594000000D+00 0.0000000000D+00 0.5899400000D+01
3 5920040705200407222453191.5-0.6312000000D+00-0.5330000000D-02 0.2282937000D+03 0.8313800000D+00 0.2754000000D-02 0.3485000000D+00 0.1777619000D+01 0.5761000000D+01 0.1031000000D+01 0.1087400000D+01 0.2795000000D+00 0.2740000000D-02 0.1061138000D+03 0.3353700000D+00 0.0000000000D+00 0.1661000000D+00 0.4974865000D+01 0.2861000000D+01 0.0000000000D+00 0.4250900000D+01
3 6020040722200408082453208.5-0.6917000000D+00 0.5420000000D-02 0.2197797000D+03 0.8264900000D+00 0.2573000000D-02 0.2954000000D+00 0.4090312000D+01 0.1958200000D+01 0.3761700000D+01 0.5815400000D+01 0.3271000000D+00-0.2230000000D-02 0.1033178000D+03 0.3402800000D+00 0.0000000000D+00 0.1359000000D+00 0.1007368000D+01 0.5332500000D+01 0.0000000000D+00 0.2739400000D+01
3 6120040808200408252453225.5-0.5563000000D+00-0.2770000000D-02 0.2132876000D+03 0.8088100000D+00 0.1864000000D-02 0.2749000000D+00 0.1132510000D+00 0.4434600000D+01 0.6115800000D+01 0.4132600000D+01 0.2589000000D+00 0.1500000000D-02 0.1012675000D+03 0.3441000000D+00 0.0000000000D+00 0.1338000000D+00 0.3317540000D+01 0.1487000000D+01 0.0000000000D+00 0.1058500000D+01
3 6220040825200409112453242.5-0.6201000000D+00-0.2590000000D-02 0.2089584000D+03 0.7943500000D+00 0.1770000000D-02 0.2698000000D+00 0.2414646000D+01 0.6051000000D+00 0.2111700000D+01 0.2560200000D+01 0.2934000000D+00 0.1540000000D-02 0.9992360000D+02 0.3448400000D+00 0.0000000000D+00 0.1283000000D+00 0.5623894000D+01 0.3896000000D+01 0.0000000000D+00 0.5753100000D+01
3 6320040911200409282453259.5-0.6239000000D+00 0.6700000000D-02 0.2067216000D+03 0.7909600000D+00 0.2371000000D-02 0.2275000000D+00 0.4713516000D+01 0.3049500000D+01 0.4665200000D+01 0.9759000000D+00 0.3018000000D+00-0.2960000000D-02 0.9918240000D+02 0.3413500000D+00 0.0000000000D+00 0.1050000000D+00 0.1645229000D+01 0.2230000000D-01 0.0000000000D+00 0.4207800000D+01
3 6420040928200410152453276.5-0.4732000000D+00-0.3210000000D-02 0.2065284000D+03 0.7979900000D+00 0.1889000000D-02 0.2124000000D+00 0.7284870000D+00 0.5518100000D+01 0.9375000000D+00 0.5496900000D+01 0.2314000000D+00 0.1260000000D-02 0.9904020000D+02 0.3367300000D+00 0.0000000000D+00 0.1028000000D+00 0.3949674000D+01 0.2433700000D+01 0.0000000000D+00 0.2478100000D+01
3 6520041015200411012453293.5-0.5401000000D+00-0.1090000000D-02 0.2085435000D+03 0.7933700000D+00 0.2035000000D-02 0.2145000000D+00 0.3027088000D+01 0.1692200000D+01 0.3076100000D+01 0.3909200000D+01 0.2645000000D+00 0.8100000000D-03 0.9951660000D+02 0.3271000000D+00 0.0000000000D+00 0.1028000000D+00 0.6255287000D+01 0.4860100000D+01 0.0000000000D+00 0.8324000000D+00
3 6620041101200411182453310.5-0.5076000000D+00 0.6700000000D-02 0.2127418000D+03 0.7986800000D+00 0.2912000000D-02 0.1763000000D+00 0.5328666000D+01 0.4150100000D+01 0.5506700000D+01 0.2238200000D+01 0.2433000000D+00-0.3090000000D-02 0.1006259000D+03 0.3131600000D+00 0.0000000000D+00 0.7950000000D-01 0.2280740000D+01 0.1043200000D+01 0.0000000000D+00 0.5557600000D+01
3 6720041118200412052453327.5-0.3663000000D+00-0.4800000000D-02 0.2190629000D+03 0.8306300000D+00 0.3041000000D-02 0.1851000000D+00 0.1352102000D+01 0.3541000000D+00 0.2028700000D+01 0.3972000000D+00 0.1887000000D+00 0.1490000000D-02 0.1024617000D+03 0.3010100000D+00 0.0000000000D+00 0.9670000000D-01 0.4594382000D+01 0.3552600000D+01 0.0000000000D+00 0.3700500000D+01
3 6820041205200412222453344.5-0.4601000000D+00-0.5400000000D-03 0.2276835000D+03 0.8417200000D+00 0.3647000000D-02 0.1967000000D+00 0.3665396000D+01 0.2849700000D+01 0.4545500000D+01 0.5072500000D+01 0.2216000000D+00 0.1000000000D-02 0.1051479000D+03 0.2949500000D+00 0.0000000000D+00 0.9210000000D-01 0.6319160000D+00 0.6109300000D+01 0.0000000000D+00 0.1883100000D+01
3 6920041222200501082453361.5-0.4095000000D+00 0.4650000000D-02 0.2383965000D+03 0.8440100000D+00 0.4465000000D-02 0.1820000000D+00 0.5988149000D+01 0.5375300000D+01 0.7484000000D+00 0.3340200000D+01 0.1882000000D+00-0.2660000000D-02 0.1086991000D+03 0.3066600000D+00 0.0000000000D+00 0.7360000000D-01 0.2961848000D+01 0.2451100000D+01 0.0000000000D+00 0.4060000000D+00
4 7020031231200401182453004.5 0.2196500000D+01-0.1819200000D+00 0.4698519000D+03 0.1569790000D+01 0.0000000000D+00 0.2397400000D+01 0.1256563000D+01 0.1344000000D+01 0.0000000000D+00 0.5566400000D+01-0.1095400000D+01 0.7959000000D-01 0.2201749000D+03 0.7294900000D+00 0.0000000000D+00 0.1126200000D+01 0.4470542000D+01 0.4622500000D+01 0.0000000000D+00 0.2492100000D+01
4 7120040118200402052453022.5 0.1053500000D+01-0.9246000000D-01 0.4956339000D+03 0.1465230000D+01 0.0000000000D+00 0.2480500000D+01 0.1754126000D+01 0.2235700000D+01 0.0000000000D+00 0.2866000000D+00-0.4248000000D+00 0.2025000000D-01 0.2322006000D+03 0.6449700000D+00 0.0000000000D+00 0.1155800000D+01 0.4970898000D+01 0.5544100000D+01 0.0000000000D+00 0.3502400000D+01
4 7220040205200402232453040.5-0.6061000000D+00 0.1090000000D+00 0.5175498000D+03 0.1407910000D+01 0.0000000000D+00 0.2568700000D+01 0.2268203000D+01 0.3281600000D+01 0.0000000000D+00 0.1329000000D+01 0.3528000000D+00-0.7964000000D-01 0.2414876000D+03 0.6152800000D+00 0.0000000000D+00 0.1195100000D+01 0.5486296000D+01 0.3816000000D+00 0.0000000000D+00 0.4548100000D+01
4 7320040223200403122453058.5-0.1226000000D+01 0.2528200000D+00 0.5307531000D+03 0.1467990000D+01 0.0000000000D+00 0.2687300000D+01 0.2796838000D+01 0.4322900000D+01 0.0000000000D+00 0.2369800000D+01 0.4105000000D+00-0.1241400000D+00 0.2457914000D+03 0.6583200000D+00 0.0000000000D+00 0.1237900000D+01 0.6015172000D+01 0.1469800000D+01 0.0000000000D+00 0.5582200000D+01
4 7420040312200403302453076.5 0.4712000000D+00 0.1451600000D+00 0.5331518000D+03 0.1381220000D+01 0.0000000000D+00 0.2587900000D+01 0.3334332000D+01 0.5354800000D+01 0.0000000000D+00 0.3402600000D+01-0.5787000000D+00-0.4530000000D-01 0.2444730000D+03 0.6592900000D+00 0.0000000000D+00 0.1176100000D+01 0.2677710000D+00 0.2539200000D+01 0.0000000000D+00 0.3350000000D+00
4 7520040330200404172453094.5 0.2424800000D+01-0.4667000000D-01 0.5241592000D+03 0.1382980000D+01 0.0000000000D+00 0.2482000000D+01 0.3867209000D+01 0.1502000000D+00 0.0000000000D+00 0.4439600000D+01-0.1364300000D+01 0.4051000000D-01 0.2376750000D+03 0.6969700000D+00 0.0000000000D+00 0.1127000000D+01 0.7970150000D+00 0.3531400000D+01 0.0000000000D+00 0.1366500000D+01
4 7620040417200405052453112.5 0.3194300000D+01-0.1708300000D+00 0.5055773000D+03 0.1522000000D+01 0.0000000000D+00 0.2403100000D+01 0.4386267000D+01 0.1091300000D+01 0.0000000000D+00 0.5457400000D+01-0.1466600000D+01 0.7391000000D-01 0.2271545000D+03 0.7134400000D+00 0.0000000000D+00 0.1081800000D+01 0.1312348000D+01 0.4374500000D+01 0.0000000000D+00 0.2370700000D+01
4 7720040505200405232453130.5 0.2340200000D+01-0.1184800000D+00 0.4807206000D+03 0.1538210000D+01 0.0000000000D+00 0.2220500000D+01 0.4888690000D+01 0.1888400000D+01 0.0000000000D+00 0.1497000000D+00-0.9768000000D+00 0.3674000000D-01 0.2152432000D+03 0.6549000000D+00 0.0000000000D+00 0.9926000000D+00 0.1811881000D+01 0.5156000000D+01 0.0000000000D+00 0.3346200000D+01
4 7820040523200406102453148.5 0.1413800000D+01-0.3633000000D-01 0.4547588000D+03 0.1515780000D+01 0.0000000000D+00 0.2076500000D+01 0.5374189000D+01 0.2648200000D+01 0.0000000000D+00 0.1113300000D+01-0.6187000000D+00 0.2790000000D-02 0.2042458000D+03 0.6097000000D+00 0.0000000000D+00 0.9352000000D+00 0.2295258000D+01 0.5939400000D+01 0.0000000000D+00 0.4311500000D+01
4 7920040610200406282453166.5 0.5525000000D+00 0.4269000000D-01 0.4306070000D+03 0.1518980000D+01 0.0000000000D+00 0.1976200000D+01 0.5843833000D+01 0.3369500000D+01 0.0000000000D+00 0.2077200000D+01-0.3213000000D+00-0.2442000000D-01 0.1949743000D+03 0.6035100000D+00 0.0000000000D+00 0.9004000000D+00 0.2763967000D+01 0.4049000000D+00 0.0000000000D+00 0.5275100000D+01
4 8020040628200407162453184.5 0.4781000000D+00 0.3721000000D-01 0.4095917000D+03 0.1503040000D+01 0.0000000000D+00 0.1852800000D+01 0.1490800000D-01 0.3996400000D+01 0.0000000000D+00 0.2998000000D+01-0.3403000000D+00-0.1610000000D-01 0.1875098000D+03 0.6006500000D+00 0.0000000000D+00 0.8545000000D+00 0.3218834000D+01 0.1044300000D+01 0.0000000000D+00 0.6198800000D+01
4 8120040716200408032453202.5 0.5899000000D+00 0.5910000000D-02 0.3921848000D+03 0.1461230000D+01 0.0000000000D+00 0.1776900000D+01 0.4583380000D+00 0.4603600000D+01 0.0000000000D+00 0.3918500000D+01-0.4057000000D+00 0.4000000000D-04 0.1816864000D+03 0.5979700000D+00 0.0000000000D+00 0.8311000000D+00 0.3664396000D+01 0.1650300000D+01 0.0000000000D+00 0.8383000000D+00
4 8220040803200408212453220.5 0.4659000000D+00-0.1005000000D-01 0.3788488000D+03 0.1424810000D+01 0.0000000000D+00 0.1718900000D+01 0.8938780000D+00 0.5205500000D+01 0.0000000000D+00 0.4838800000D+01-0.3415000000D+00 0.6940000000D-02 0.1774154000D+03 0.6003500000D+00 0.0000000000D+00 0.8117000000D+00 0.4103273000D+01 0.2229100000D+01 0.0000000000D+00 0.1760600000D+01
4 8320040821200409082453238.5-0.8310000000D-01 0.2898000000D-01 0.3701014000D+03 0.1429520000D+01 0.0000000000D+00 0.1650200000D+01 0.1323660000D+01 0.5772200000D+01 0.0000000000D+00 0.5732600000D+01-0.7040000000D-01-0.1302000000D-01 0.1747161000D+03 0.6125500000D+00 0.0000000000D+00 0.7819000000D+00 0.4537276000D+01 0.2750000000D+01 0.0000000000D+00 0.2659200000D+01
4 8420040908200409262453256.5-0.1946000000D+00 0.1472000000D-01 0.3650491000D+03 0.1417850000D+01 0.0000000000D+00 0.1659300000D+01 0.1749997000D+01 0.7810000000D-01 0.0000000000D+00 0.3601000000D+00-0.8100000000D-02-0.7970000000D-02 0.1730399000D+03 0.6083200000D+00 0.0000000000D+00 0.7859000000D+00 0.4968711000D+01 0.3291000000D+01 0.0000000000D+00 0.3576900000D+01
4 8520040926200410142453274.5-0.1290000000D-01-0.3824000000D-01 0.3640009000D+03 0.1446730000D+01 0.0000000000D+00 0.1668600000D+01 0.2175833000D+01 0.6907000000D+00 0.0000000000D+00 0.1248000000D+01-0.7180000000D-01 0.1358000000D-01 0.1724884000D+03 0.6100500000D+00 0.0000000000D+00 0.7855000000D+00 0.5400323000D+01 0.3856300000D+01 0.0000000000D+00 0.4476200000D+01
4 8620041014200411012453292.5 0.4171000000D+00-0.1232600000D+00 0.3672920000D+03 0.1537330000D+01 0.0000000000D+00 0.1661600000D+01 0.2603044000D+01 0.1296500000D+01 0.0000000000D+00 0.2124900000D+01-0.2408000000D+00 0.4782000000D-01 0.1731861000D+03 0.6252000000D+00 0.0000000000D+00 0.7784000000D+00 0.5833795000D+01 0.4428800000D+01 0.0000000000D+00 0.5367600000D+01
4 8720041101200411192453310.5-0.7700000000D-01-0.1171600000D+00 0.3749923000D+03 0.1550660000D+01 0.0000000000D+00 0.1738300000D+01 0.3030449000D+01 0.1886300000D+01 0.0000000000D+00 0.3050000000D+01-0.7100000000D-02 0.4148000000D-01 0.1751605000D+03 0.5978100000D+00 0.0000000000D+00 0.8110000000D+00 0.6268102000D+01 0.5006600000D+01 0.0000000000D+00 0.1550000000D-01
4 8820041119200412072453328.5-0.1283000000D+01-0.2526000000D-01 0.3864942000D+03 0.1526850000D+01 0.0000000000D+00 0.1839100000D+01 0.3461938000D+01 0.2537400000D+01 0.0000000000D+00 0.3946400000D+01 0.4986000000D+00 0.1630000000D-02 0.1782934000D+03 0.5580100000D+00 0.0000000000D+00 0.8449000000D+00 0.4240320000D+00 0.5683000000D+01 0.0000000000D+00 0.9162000000D+00
4 8920041207200412252453346.5-0.2455800000D+01 0.8057000000D-01 0.4020778000D+03 0.1561440000D+01 0.0000000000D+00 0.1934500000D+01 0.3902155000D+01 0.3236700000D+01 0.0000000000D+00 0.4841400000D+01 0.9367000000D+00-0.3867000000D-01 0.1829726000D+03 0.5603100000D+00 0.0000000000D+00 0.8762000000D+00 0.8720180000D+00 0.1584000000D+00 0.0000000000D+00 0.1819500000D+01
4 9020041225200501122453364.5-0.2697600000D+01 0.8927000000D-01 0.4227757000D+03 0.1582770000D+01 0.0000000000D+00 0.2087300000D+01 0.4353982000D+01 0.3900000000D+01 0.0000000000D+00 0.5799100000D+01 0.9967000000D+00-0.3847000000D-01 0.1898999000D+03 0.5847800000D+00 0.0000000000D+00 0.9344000000D+00 0.1330937000D+01 0.8856000000D+00 0.0000000000D+00 0.2777600000D+01
