 4 2    2   13 19.7027  4.9788 36.0 36.0   23 2450448.5000 1997                                                                                                                                                                                                                                                                                                                  
1  219961231199702052450448.4-0.1494000000D+00 0.2700000000D-03 0.1002540000D+02 0.8634000000D-01 0.8560000000D-03 0.8710000000D-01-0.2941880000D+00-0.9959000000D+00-0.6068500000D+01-0.3268200000D+01 0.1502000000D+00 0.1220000000D-02 0.6405700000D+01 0.6777000000D-01 0.2970000000D-03 0.5590000000D-01-0.4292343000D+01-0.4497200000D+01-0.3618700000D+01-0.9560000000D+00
1  319970205199703132450484.4-0.1702000000D+00 0.3060000000D-02 0.1335690000D+02 0.1481400000D+00 0.1724000000D-02 0.1274000000D+00-0.1107882000D+01-0.1091400000D+01-0.5308300000D+01-0.4993300000D+01 0.2057000000D+00 0.1100000000D-03 0.9057200000D+01 0.9339000000D-01 0.1170000000D-02 0.8480000000D-01-0.5027113000D+01-0.4889700000D+01-0.2102500000D+01-0.2579800000D+01
1  419970313199704182450520.4-0.4150000000D-01 0.4770000000D-02 0.1765510000D+02 0.1405600000D+00 0.3197000000D-02 0.1284000000D+00-0.1699060000D+01-0.5786000000D+00-0.4313100000D+01-0.1917000000D+00 0.2075000000D+00-0.2520000000D-02 0.1090780000D+02 0.3716000000D-01 0.1158000000D-02 0.7330000000D-01-0.5659368000D+01-0.3402600000D+01-0.1878600000D+01-0.4291100000D+01
1  519970418199705242450556.4 0.1251000000D+00 0.1290000000D-02 0.1655930000D+02 0.1147300000D+00 0.9100000000D-03 0.1167000000D+00-0.2252352000D+01-0.5400600000D+01-0.3874700000D+01-0.1892400000D+01 0.1179000000D+00-0.1740000000D-02 0.8933000000D+01 0.6994000000D-01 0.5040000000D-03 0.5950000000D-01-0.6110000000D-01-0.2984600000D+01-0.3517000000D+00-0.5943000000D+01
1  619970524199706292450592.4 0.1564000000D+00-0.9000000000D-03 0.1247020000D+02 0.1226300000D+00 0.2110000000D-03 0.7620000000D-01-0.3045707000D+01-0.5597400000D+01-0.2900800000D+01-0.3770700000D+01 0.5470000000D-01-0.4500000000D-03 0.7133500000D+01 0.4068000000D-01 0.1570000000D-03 0.4870000000D-01-0.8658440000D+00-0.3250600000D+01-0.1644100000D+01-0.1615200000D+01
1  719970629199708042450628.4 0.1378000000D+00-0.1390000000D-02 0.9386300000D+01 0.1075100000D+00 0.2540000000D-03 0.6320000000D-01-0.4007803000D+01-0.6252500000D+01-0.2138500000D+01-0.5804900000D+01 0.3070000000D-01-0.2300000000D-03 0.6309300000D+01 0.4278000000D-01 0.1560000000D-03 0.4320000000D-01-0.1751530000D+01-0.3701600000D+01-0.4812700000D+01-0.3507200000D+01
1  819970804199709092450664.4 0.8680000000D-01-0.6000000000D-03 0.7391100000D+01 0.9917000000D-01 0.3410000000D-03 0.5030000000D-01-0.5089114000D+01-0.8304000000D+00-0.2550700000D+01-0.1795200000D+01 0.2780000000D-01-0.4300000000D-03 0.5724000000D+01 0.5032000000D-01 0.3130000000D-03 0.4130000000D-01-0.2709657000D+01-0.4620300000D+01-0.1228000000D+00-0.5541000000D+01
1  919970909199710152450700.4 0.5490000000D-01-0.1060000000D-02 0.6193700000D+01 0.9965000000D-01 0.5220000000D-03 0.3970000000D-01-0.4891000000D-02-0.1778400000D+01-0.3556100000D+01-0.4039800000D+01 0.1490000000D-01-0.1000000000D-04 0.4999300000D+01 0.5123000000D-01 0.4630000000D-03 0.3270000000D-01-0.3715076000D+01-0.5805600000D+01-0.1564500000D+01-0.1340400000D+01
1 1019971015199711202450736.4 0.2570000000D-01-0.1310000000D-02 0.5833600000D+01 0.1004800000D+00 0.6310000000D-03 0.4290000000D-01-0.1295920000D+01-0.2879600000D+01-0.4865200000D+01-0.6267300000D+01 0.1050000000D-01-0.4100000000D-03 0.3922000000D+01 0.4755000000D-01 0.5770000000D-03 0.2200000000D-01-0.4698510000D+01-0.9609000000D+00-0.3094100000D+01-0.3197900000D+01
1 1119971120199712262450772.4-0.2450000000D-01-0.3000000000D-03 0.5994000000D+01 0.9183000000D-01 0.7540000000D-03 0.4770000000D-01-0.2571319000D+01-0.4075000000D+01-0.6184200000D+01-0.2315800000D+01-0.3300000000D-02-0.7900000000D-03 0.2511200000D+01 0.4334000000D-01 0.4970000000D-03 0.1500000000D-01-0.5493962000D+01-0.2690400000D+01-0.4879300000D+01-0.4705800000D+01
1 1219971226199801312450808.4-0.4090000000D-01-0.5000000000D-03 0.6083900000D+01 0.7779000000D-01 0.5900000000D-03 0.4250000000D-01-0.3761431000D+01-0.5425100000D+01-0.1170100000D+01-0.4497900000D+01-0.3300000000D-01-0.7800000000D-03 0.1795300000D+01 0.3588000000D-01 0.4730000000D-03 0.1570000000D-01-0.5688744000D+01-0.4371000000D+01-0.3279000000D+00-0.5994300000D+01
2 1319961231199702052450448.4-0.9800000000D-02 0.1300000000D-03 0.2549770000D+02 0.2490800000D+00 0.1826000000D-02 0.7400000000D-02 0.5073266000D+01 0.4229900000D+01 0.5449700000D+01-0.5620600000D+01 0.6000000000D-02-0.1100000000D-03 0.1579180000D+02 0.1810200000D+00 0.5420000000D-03 0.4100000000D-02 0.1016532000D+01 0.6499000000D+00 0.1263100000D+01-0.2951900000D+01
2 1419970205199703132450484.4-0.1670000000D-01 0.4200000000D-03 0.3395840000D+02 0.3766400000D+00 0.4246000000D-02 0.2730000000D-01 0.1924549000D+01 0.1759300000D+01 0.3982700000D+01-0.5118500000D+01 0.1700000000D-02 0.1300000000D-03 0.2255150000D+02 0.2369200000D+00 0.2983000000D-02 0.1500000000D-01 0.4225824000D+01 0.4161900000D+01 0.8696000000D+00-0.1858500000D+01
2 1519970313199704182450520.4-0.7400000000D-02-0.1500000000D-03 0.4480930000D+02 0.2767700000D+00 0.7105000000D-02 0.3270000000D-01 0.5287029000D+01 0.5150000000D-01 0.2591900000D+01-0.4812600000D+01 0.3000000000D-02 0.9000000000D-04 0.2727100000D+02 0.5969000000D-01 0.2363000000D-02 0.2160000000D-01 0.1261516000D+01 0.4135400000D+01 0.4752700000D+01-0.1829200000D+01
2 1619970418199705242450556.4-0.3300000000D-02-0.2800000000D-03 0.4190850000D+02 0.3015200000D+00 0.2234000000D-02 0.1460000000D-01 0.2418906000D+01 0.5614900000D+01 0.8916000000D+00-0.4119800000D+01 0.6200000000D-02-0.1000000000D-03 0.2247070000D+02 0.1735100000D+00 0.1208000000D-02 0.4200000000D-02 0.4543493000D+01 0.1690900000D+01 0.4387400000D+01-0.1905800000D+01
2 1719970524199706292450592.4-0.8400000000D-02 0.1100000000D-03 0.3142920000D+02 0.3149500000D+00 0.4770000000D-03 0.2800000000D-02 0.5617768000D+01 0.3096700000D+01 0.6034400000D+01-0.2853400000D+01 0.3500000000D-02 0.1000000000D-04 0.1811510000D+02 0.1000100000D+00 0.4010000000D-03 0.1300000000D-02 0.1453798000D+01 0.5377400000D+01 0.5602000000D+00-0.4212400000D+01
2 1819970629199708042450628.4-0.5300000000D-02-0.3000000000D-04 0.2361450000D+02 0.2784300000D+00 0.6970000000D-03 0.3600000000D-02 0.2369684000D+01 0.1321000000D+00 0.4356900000D+01-0.4784900000D+01 0.2800000000D-02 0.5000000000D-04 0.1612930000D+02 0.1096300000D+00 0.4260000000D-03 0.3500000000D-02 0.4577276000D+01 0.2647700000D+01 0.1641300000D+01-0.1760400000D+01
2 1919970804199709092450664.4-0.6800000000D-02 0.7000000000D-04 0.1843760000D+02 0.2601100000D+00 0.1036000000D-02 0.1400000000D-02 0.5283679000D+01 0.3265700000D+01 0.1532500000D+01-0.4167900000D+01 0.5300000000D-02-0.1300000000D-03 0.1468930000D+02 0.1321700000D+00 0.8230000000D-03 0.1700000000D-02 0.1340341000D+01 0.5726900000D+01 0.3961000000D+01-0.2506200000D+01
2 2019970909199710152450700.4-0.2900000000D-02-0.5000000000D-04 0.1534210000D+02 0.2620100000D+00 0.1403000000D-02 0.1200000000D-02 0.1784004000D+01 0.6278400000D+01 0.4508800000D+01-0.4169400000D+01 0.6000000000D-03 0.8000000000D-04 0.1287050000D+02 0.1385500000D+00 0.1275000000D-02 0.1700000000D-02 0.4335749000D+01 0.2273900000D+01 0.1778000000D+00-0.5049800000D+01
2 2119971015199711202450736.4-0.6400000000D-02 0.1900000000D-03 0.1438720000D+02 0.2658500000D+00 0.1811000000D-02 0.3300000000D-02 0.4464698000D+01 0.2891600000D+01 0.8829000000D+00-0.5504100000D+01 0.8000000000D-03 0.2000000000D-04 0.1012810000D+02 0.1236800000D+00 0.1504000000D-02 0.3800000000D-02 0.1059873000D+01 0.4828900000D+01 0.2672600000D+01-0.1566300000D+01
2 2219971120199712262450772.4-0.1100000000D-02 0.1000000000D-04 0.1492910000D+02 0.2427700000D+00 0.2017000000D-02 0.2400000000D-02 0.8803190000D+00 0.5658400000D+01 0.3538700000D+01-0.1995300000D+01 0.3800000000D-02-0.1500000000D-03 0.6525400000D+01 0.1073100000D+00 0.1296000000D-02 0.2000000000D-02 0.4255303000D+01 0.8164000000D+00 0.4905000000D+01-0.3530600000D+01
2 2319971226199801312450808.4 0.1500000000D-02-0.3000000000D-04 0.1518980000D+02 0.2058700000D+00 0.1717000000D-02 0.3200000000D-02 0.3670583000D+01 0.2034200000D+01 0.1870000000D-01-0.4927100000D+01-0.4000000000D-03 0.1100000000D-03 0.4668300000D+01 0.8961000000D-01 0.1251000000D-02 0.2600000000D-02 0.1738181000D+01 0.3055500000D+01 0.7456000000D+00-0.5495200000D+01
