 6 8    2   33   41   48   56   63   84  115  6.6670  4.5860  3.3280  2.2960  1.3910  0.3940  0.3940  0.0790 12.0 50.0 55.0 50.0 53.0 18.0 12.0 36.0  125 2455196.5000 2010                                                                                                                                                                                                      
1  220091231201001122455196.5-0.4784000000D+00 0.1085000000D-01 0.2731450000D+02 0.4528000000D-01 0.3270000000D-03 0.2666000000D+00 0.5040612000D+01 0.5141900000D+01 0.5678700000D+01 0.1216400000D+01 0.6000000000D-03 0.1330000000D-02 0.2638400000D+01 0.1886000000D-01 0.9100000000D-04 0.2640000000D-01 0.5711042000D+01 0.5704900000D+01 0.3225700000D+01 0.1869300000D+01
1  320100112201001242455208.5-0.3521000000D+00 0.1276000000D-01 0.2787340000D+02 0.5077000000D-01 0.2570000000D-03 0.2695000000D+00 0.3366203000D+01 0.3624600000D+01 0.5901700000D+01 0.3953800000D+01 0.1720000000D-01 0.1450000000D-02 0.2853100000D+01 0.1766000000D-01 0.1290000000D-03 0.2870000000D-01 0.4031028000D+01 0.3961000000D+01 0.1039900000D+01 0.4603400000D+01
1  420100124201002052455220.5-0.1881000000D+00 0.1388000000D-01 0.2842420000D+02 0.5309000000D-01 0.6330000000D-03 0.2728000000D+00 0.1695344000D+01 0.2077500000D+01 0.4315500000D+01 0.3918000000D+00 0.3540000000D-01 0.1410000000D-02 0.3047100000D+01 0.1523000000D-01 0.1410000000D-03 0.3000000000D-01 0.2348496000D+01 0.2207000000D+01 0.5339200000D+01 0.1041700000D+01
1  520100205201002172455232.5-0.2320000000D-01 0.1478000000D-01 0.2894070000D+02 0.5005000000D-01 0.6990000000D-03 0.2774000000D+00 0.2774300000D-01 0.5675000000D+00 0.2629300000D+01 0.3131500000D+01 0.5230000000D-01 0.1340000000D-02 0.3209300000D+01 0.1192000000D-01 0.1330000000D-03 0.3130000000D-01 0.6637050000D+00 0.4522000000D+00 0.3730400000D+01 0.3762100000D+01
1  620100217201003012455244.5 0.1655000000D+00 0.1506000000D-01 0.2937980000D+02 0.4349000000D-01 0.5830000000D-03 0.2809000000D+00 0.4645923000D+01 0.5379100000D+01 0.8402000000D+00 0.5854400000D+01 0.6940000000D-01 0.1140000000D-02 0.3330100000D+01 0.8470000000D-02 0.1360000000D-03 0.3190000000D-01 0.5260478000D+01 0.4930800000D+01 0.2180100000D+01 0.1888000000D+00
1  720100301201003132455256.5 0.3395000000D+00 0.1408000000D-01 0.2971940000D+02 0.3887000000D-01 0.2470000000D-03 0.2867000000D+00 0.2981858000D+01 0.4082900000D+01 0.5795200000D+01 0.2307700000D+01 0.8160000000D-01 0.8400000000D-03 0.3406800000D+01 0.4840000000D-02 0.1460000000D-03 0.3260000000D-01 0.3572699000D+01 0.3030300000D+01 0.6128000000D+00 0.2884300000D+01
1  820100313201003252455268.5 0.5077000000D+00 0.1235000000D-01 0.2990560000D+02 0.3828000000D-01 0.4130000000D-03 0.2861000000D+00 0.1318218000D+01 0.2758700000D+01 0.5588600000D+01 0.5047800000D+01 0.9190000000D-01 0.4600000000D-03 0.3435700000D+01 0.2320000000D-02 0.1490000000D-03 0.3270000000D-01 0.1885198000D+01 0.5406000000D+00 0.5138900000D+01 0.5601500000D+01
1  920100325201004062455280.5 0.6513000000D+00 0.8880000000D-02 0.2992070000D+02 0.3523000000D-01 0.8160000000D-03 0.2882000000D+00 0.5937288000D+01 0.1277100000D+01 0.3550900000D+01 0.1497900000D+01 0.9650000000D-01-0.3000000000D-04 0.3418700000D+01 0.3150000000D-02 0.1770000000D-03 0.3260000000D-01 0.1995450000D+00 0.3988800000D+01 0.3126500000D+01 0.2023900000D+01
1 1020100406201004182455292.5 0.7528000000D+00 0.5270000000D-02 0.2980360000D+02 0.2893000000D-01 0.9000000000D-03 0.2827000000D+00 0.4271797000D+01 0.1160000000D-01 0.1625500000D+01 0.4234200000D+01 0.9620000000D-01-0.4700000000D-03 0.3364100000D+01 0.6100000000D-02 0.1750000000D-03 0.3200000000D-01 0.4800842000D+01 0.1836700000D+01 0.1047500000D+01 0.4752700000D+01
1 1120100418201004302455304.5 0.8251000000D+00 0.1020000000D-02 0.2954810000D+02 0.2823000000D-01 0.5660000000D-03 0.2774000000D+00 0.2603335000D+01 0.5249900000D+01 0.5993900000D+01 0.6619000000D+00 0.9140000000D-01-0.9400000000D-03 0.3273800000D+01 0.9180000000D-02 0.1500000000D-03 0.3050000000D-01 0.3124160000D+01 0.6197000000D+01 0.5187400000D+01 0.1185800000D+01
1 1220100430201005122455316.5 0.8340000000D+00-0.2520000000D-02 0.2917530000D+02 0.3529000000D-01 0.3350000000D-03 0.2719000000D+00 0.9306960000D+00 0.3971200000D+01 0.4478500000D+01 0.3381400000D+01 0.7980000000D-01-0.1260000000D-02 0.3154000000D+01 0.1173000000D-01 0.1160000000D-03 0.2920000000D-01 0.1454847000D+01 0.4319200000D+01 0.3322600000D+01 0.3917000000D+01
1 1320100512201005242455328.5 0.8161000000D+00-0.5400000000D-02 0.2871830000D+02 0.4552000000D-01 0.3280000000D-03 0.2669000000D+00 0.5537040000D+01 0.2514900000D+01 0.4071000000D+01 0.6072500000D+01 0.6550000000D-01-0.1510000000D-02 0.3013800000D+01 0.1388000000D-01 0.7300000000D-04 0.2750000000D-01 0.6078339000D+01 0.2497100000D+01 0.1512100000D+01 0.3592000000D+00
1 1420100524201006052455340.5 0.7445000000D+00-0.7810000000D-02 0.2819020000D+02 0.5107000000D-01 0.6360000000D-03 0.2643000000D+00 0.3855178000D+01 0.9395000000D+00 0.2662200000D+01 0.2493600000D+01 0.4620000000D-01-0.1650000000D-02 0.2862200000D+01 0.1530000000D-01 0.3600000000D-04 0.2620000000D-01 0.4429061000D+01 0.6984000000D+00 0.6018300000D+01 0.3091300000D+01
1 1520100605201006172455352.5 0.6515000000D+00-0.9170000000D-02 0.2761790000D+02 0.5163000000D-01 0.7700000000D-03 0.2587000000D+00 0.2169245000D+01 0.5680100000D+01 0.6980000000D+00 0.5195000000D+01 0.2640000000D-01-0.1660000000D-02 0.2710700000D+01 0.1593000000D-01 0.1700000000D-04 0.2480000000D-01 0.2791088000D+01 0.5221100000D+01 0.3871500000D+01 0.5849700000D+01
1 1620100617201006292455364.5 0.5355000000D+00-0.1073000000D-01 0.2703590000D+02 0.5351000000D-01 0.4510000000D-03 0.2566000000D+00 0.4800460000D+00 0.4255100000D+01 0.4738800000D+01 0.1613000000D+01 0.5500000000D-02-0.1610000000D-02 0.2570500000D+01 0.1572000000D-01 0.4100000000D-04 0.2380000000D-01 0.1163617000D+01 0.3491300000D+01 0.1577200000D+01 0.2320500000D+01
1 1720100629201007112455376.5 0.3991000000D+00-0.1132000000D-01 0.2649500000D+02 0.5925000000D-01 0.1720000000D-03 0.2476000000D+00 0.5070069000D+01 0.2725400000D+01 0.1580200000D+01 0.4311900000D+01-0.1380000000D-01-0.1430000000D-02 0.2452000000D+01 0.1518000000D-01 0.8600000000D-04 0.2290000000D-01 0.5826565000D+01 0.1763100000D+01 0.5821600000D+01 0.5098000000D+01
1 1820100711201007232455388.5 0.2684000000D+00-0.1205000000D-01 0.2599390000D+02 0.6394000000D-01 0.2620000000D-03 0.2423000000D+00 0.3373462000D+01 0.1105200000D+01 0.4255700000D+01 0.7130000000D+00-0.3080000000D-01-0.1210000000D-02 0.2359600000D+01 0.1399000000D-01 0.1250000000D-03 0.2200000000D-01 0.4210281000D+01 0.5500000000D-02 0.3837600000D+01 0.1586500000D+01
1 1920100723201008042455400.5 0.1180000000D+00-0.1200000000D-01 0.2553430000D+02 0.6359000000D-01 0.3390000000D-03 0.2363000000D+00 0.1673860000D+01 0.5756400000D+01 0.1979300000D+01 0.3400500000D+01-0.4520000000D-01-0.9000000000D-03 0.2297800000D+01 0.1207000000D-01 0.1300000000D-03 0.2180000000D-01 0.2593553000D+01 0.4471900000D+01 0.1886100000D+01 0.4359600000D+01
1 2020100804201008162455412.5-0.1340000000D-01-0.1146000000D-01 0.2514230000D+02 0.6096000000D-01 0.4350000000D-03 0.2339000000D+00 0.6255272000D+01 0.4090800000D+01 0.5902300000D+01 0.6065700000D+01-0.5550000000D-01-0.5900000000D-03 0.2270800000D+01 0.9820000000D-02 0.1270000000D-03 0.2140000000D-01 0.9717390000D+00 0.2608100000D+01 0.9000000000D-01 0.8393000000D+00
1 2120100816201008282455424.5-0.1546000000D+00-0.1067000000D-01 0.2479950000D+02 0.5619000000D-01 0.4770000000D-03 0.2330000000D+00 0.4552075000D+01 0.2489500000D+01 0.3782200000D+01 0.2474100000D+01-0.6320000000D-01-0.2700000000D-03 0.2277400000D+01 0.7560000000D-02 0.1220000000D-03 0.2160000000D-01 0.5623329000D+01 0.6299000000D+00 0.4829900000D+01 0.3582100000D+01
1 2220100828201009092455436.5-0.2780000000D+00-0.9110000000D-02 0.2452160000D+02 0.5283000000D-01 0.2700000000D-03 0.2323000000D+00 0.2848458000D+01 0.9725000000D+00 0.1299000000D+01 0.5157600000D+01-0.6630000000D-01-0.2000000000D-04 0.2316400000D+01 0.6510000000D-02 0.1320000000D-03 0.2200000000D-01 0.3978136000D+01 0.4770500000D+01 0.3252500000D+01 0.4070000000D-01
1 2320100909201009212455448.5-0.3912000000D+00-0.8010000000D-02 0.2433530000D+02 0.5593000000D-01 0.1430000000D-03 0.2334000000D+00 0.1145409000D+01 0.5690100000D+01 0.3176200000D+01 0.1575800000D+01-0.6770000000D-01 0.1800000000D-03 0.2386700000D+01 0.7050000000D-02 0.1590000000D-03 0.2290000000D-01 0.2318524000D+01 0.2609700000D+01 0.1603200000D+01 0.2748100000D+01
1 2420100921201010032455460.5-0.4945000000D+00-0.6350000000D-02 0.2423590000D+02 0.5685000000D-01 0.5090000000D-03 0.2294000000D+00 0.5725261000D+01 0.4062300000D+01 0.6391000000D+00 0.4267600000D+01-0.6510000000D-01 0.3500000000D-03 0.2485800000D+01 0.9150000000D-02 0.1800000000D-03 0.2420000000D-01 0.6444640000D+00 0.6142000000D+00 0.6179700000D+01 0.5465300000D+01
1 2520101003201010152455472.5-0.5689000000D+00-0.5270000000D-02 0.2421640000D+02 0.5242000000D-01 0.5470000000D-03 0.2298000000D+00 0.4022246000D+01 0.2434200000D+01 0.4762400000D+01 0.6804000000D+00-0.6120000000D-01 0.4800000000D-03 0.2613700000D+01 0.1222000000D-01 0.1690000000D-03 0.2560000000D-01 0.5241826000D+01 0.5045000000D+01 0.4366900000D+01 0.1886400000D+01
1 2620101015201010272455484.5-0.6399000000D+00-0.3840000000D-02 0.2426880000D+02 0.4729000000D-01 0.4590000000D-03 0.2284000000D+00 0.2320664000D+01 0.8712000000D+00 0.2640800000D+01 0.3370900000D+01-0.5480000000D-01 0.6900000000D-03 0.2771600000D+01 0.1580000000D-01 0.1080000000D-03 0.2770000000D-01 0.3547879000D+01 0.3239500000D+01 0.2682100000D+01 0.4594500000D+01
1 2720101027201011082455496.5-0.6754000000D+00-0.2300000000D-02 0.2440360000D+02 0.4154000000D-01 0.3340000000D-03 0.2319000000D+00 0.6206490000D+00 0.5658300000D+01 0.4267000000D+00 0.6054800000D+01-0.4590000000D-01 0.8800000000D-03 0.2963100000D+01 0.1879000000D-01 0.6300000000D-04 0.2920000000D-01 0.1847900000D+01 0.1489900000D+01 0.1627200000D+01 0.1013400000D+01
1 2820101108201011202455508.5-0.7055000000D+00-0.5600000000D-03 0.2461000000D+02 0.4049000000D-01 0.2070000000D-03 0.2350000000D+00 0.5206609000D+01 0.4210000000D+01 0.4616300000D+01 0.2480900000D+01-0.3580000000D-01 0.1200000000D-02 0.3186400000D+01 0.2091000000D-01 0.9400000000D-04 0.3150000000D-01 0.1450870000D+00 0.6067800000D+01 0.3294000000D+00 0.3708900000D+01
1 2920101120201012022455520.5-0.7046000000D+00 0.1890000000D-02 0.2489020000D+02 0.4507000000D-01 0.2110000000D-03 0.2410000000D+00 0.3512635000D+01 0.2718100000D+01 0.5349900000D+01 0.5182200000D+01-0.2070000000D-01 0.1500000000D-02 0.3436000000D+01 0.2279000000D-01 0.9700000000D-04 0.3360000000D-01 0.4725442000D+01 0.4406000000D+01 0.4913300000D+01 0.1251000000D+00
1 3020101202201012142455532.5-0.6842000000D+00 0.4040000000D-02 0.2526990000D+02 0.4537000000D-01 0.5490000000D-03 0.2463000000D+00 0.1821792000D+01 0.1122200000D+01 0.3282800000D+01 0.1625500000D+01-0.4600000000D-02 0.1800000000D-02 0.3710000000D+01 0.2404000000D-01 0.6100000000D-04 0.3660000000D-01 0.3025175000D+01 0.2769100000D+01 0.2991500000D+01 0.2809900000D+01
1 3120101214201012262455544.5-0.6408000000D+00 0.6740000000D-02 0.2571620000D+02 0.4230000000D-01 0.7560000000D-03 0.2484000000D+00 0.1338800000D+00 0.5860300000D+01 0.1116700000D+01 0.4341700000D+01 0.1750000000D-01 0.2040000000D-02 0.3998300000D+01 0.2491000000D-01 0.1700000000D-04 0.3950000000D-01 0.1329096000D+01 0.1138800000D+01 0.7363000000D+00 0.5524300000D+01
1 3220101226201101072455556.5-0.5605000000D+00 0.8680000000D-02 0.2620650000D+02 0.4198000000D-01 0.5490000000D-03 0.2540000000D+00 0.4732344000D+01 0.4475500000D+01 0.5522300000D+01 0.7882000000D+00 0.4100000000D-01 0.2120000000D-02 0.4291800000D+01 0.2543000000D-01 0.8000000000D-04 0.4260000000D-01 0.5921447000D+01 0.5787800000D+01 0.2535600000D+01 0.1952500000D+01
2 3320091231201002192455196.5 0.2578000000D+00 0.1400000000D-03 0.3506700000D+02 0.6991000000D-01 0.4970000000D-03 0.8350000000D-01 0.1384939000D+01 0.1164100000D+01 0.3425300000D+01-0.2107800000D+01 0.1590000000D-01-0.1000000000D-03 0.3779600000D+01 0.9820000000D-02 0.2440000000D-03 0.9100000000D-02 0.2302494000D+01 0.2509100000D+01 0.6095700000D+01-0.1159500000D+01
2 3420100219201004102455246.5 0.2670000000D+00-0.9800000000D-03 0.3787360000D+02 0.5355000000D-01 0.6940000000D-03 0.9350000000D-01 0.4498363000D+01 0.5168600000D+01 0.1470700000D+01-0.2455200000D+01 0.9200000000D-02 0.0000000000D+00 0.3794300000D+01 0.1878000000D-01 0.6400000000D-04 0.7700000000D-02 0.5339037000D+01 0.3161700000D+01 0.2650100000D+01-0.1571100000D+01
2 3520100410201005302455296.5 0.2153000000D+00-0.1520000000D-02 0.3829940000D+02 0.3825000000D-01 0.6290000000D-03 0.8750000000D-01 0.1358227000D+01 0.3900600000D+01 0.5457200000D+01-0.2793600000D+01 0.8400000000D-02-0.8000000000D-04 0.3233200000D+01 0.2274000000D-01 0.2030000000D-03 0.7400000000D-02 0.1901554000D+01 0.6126200000D+01 0.3182500000D+01-0.2429700000D+01
2 3620100530201007192455346.5 0.1353000000D+00-0.1320000000D-02 0.3586220000D+02 0.7313000000D-01 0.3430000000D-03 0.7990000000D-01 0.4458163000D+01 0.1793200000D+01 0.3145700000D+01-0.3294900000D+01 0.4800000000D-02-0.2000000000D-03 0.2896700000D+01 0.4710000000D-02 0.1730000000D-03 0.7000000000D-02 0.4826073000D+01 0.1678500000D+01 0.5974200000D+01-0.2897800000D+01
2 3720100719201009072455396.5 0.6820000000D-01-0.1030000000D-02 0.3294090000D+02 0.8530000000D-01 0.2410000000D-03 0.7420000000D-01 0.1204646000D+01 0.5297700000D+01 0.8684000000D+00-0.3774700000D+01-0.6100000000D-02-0.2500000000D-03 0.2868500000D+01 0.1582000000D-01 0.1090000000D-03 0.7000000000D-02 0.1784171000D+01 0.3043400000D+01 0.2081700000D+01-0.3044500000D+01
2 3820100907201010272455446.5 0.1740000000D-01-0.8700000000D-03 0.3126030000D+02 0.8175000000D-01 0.2930000000D-03 0.7190000000D-01 0.4192502000D+01 0.2401000000D+01 0.4479600000D+01-0.4328800000D+01-0.1930000000D-01-0.2600000000D-03 0.3468400000D+01 0.2371000000D-01 0.7800000000D-04 0.9600000000D-02 0.5130804000D+01 0.5739100000D+01 0.4492000000D+01-0.3248300000D+01
2 3920101027201012162455496.5-0.2570000000D-01-0.1040000000D-02 0.3129830000D+02 0.7259000000D-01 0.3810000000D-03 0.7340000000D-01 0.8940420000D+00 0.5879300000D+01 0.1593200000D+01-0.4825800000D+01-0.3320000000D-01-0.2000000000D-03 0.4622700000D+01 0.2759000000D-01 0.5600000000D-04 0.1270000000D-01 0.2074715000D+01 0.2275400000D+01 0.6130500000D+01-0.3625300000D+01
2 4020101216201102042455546.5-0.7870000000D-01-0.1360000000D-02 0.3312130000D+02 0.6844000000D-01 0.4470000000D-03 0.8080000000D-01 0.3912438000D+01 0.3271100000D+01 0.5304500000D+01-0.5300700000D+01-0.4400000000D-01-0.5000000000D-04 0.5879200000D+01 0.2399000000D-01 0.1810000000D-03 0.1460000000D-01 0.5208635000D+01 0.5233000000D+01 0.2179600000D+01-0.3895200000D+01
3 4120091231201002242455196.5-0.3700000000D-02 0.1200000000D-03 0.4346470000D+02 0.8740000000D-01 0.6860000000D-03 0.4400000000D-02 0.3795299000D+01 0.3922200000D+01 0.5896200000D+01-0.1591300000D+01-0.3000000000D-03 0.0000000000D+00 0.4580800000D+01 0.1046000000D-01 0.3030000000D-03 0.9000000000D-03 0.4887502000D+01 0.5415100000D+01 0.2281700000D+01-0.7376000000D+00
3 4220100224201004202455251.5 0.1900000000D-02-0.5000000000D-04 0.4719650000D+02 0.9239000000D-01 0.8970000000D-03 0.4300000000D-02 0.4672460000D+01 0.5763500000D+01 0.1742900000D+01-0.4446000000D+00-0.1600000000D-02 0.3000000000D-04 0.4313900000D+01 0.2710000000D-01 0.1200000000D-04 0.1700000000D-02 0.5676193000D+01 0.3149100000D+01 0.3419600000D+01-0.5477700000D+01
3 4320100420201006142455306.5-0.3000000000D-03-0.1000000000D-04 0.4710440000D+02 0.7811000000D-01 0.7150000000D-03 0.6800000000D-02 0.5582597000D+01 0.1668200000D+01 0.3639500000D+01-0.4710800000D+01-0.4000000000D-03 0.1000000000D-04 0.3215400000D+01 0.2415000000D-01 0.2640000000D-03 0.3000000000D-03 0.6229848000D+01 0.3979700000D+01 0.1029600000D+01-0.3666900000D+01
3 4420100614201008082455361.5-0.2000000000D-02 0.6000000000D-04 0.4330370000D+02 0.8183000000D-01 0.4380000000D-03 0.4300000000D-02 0.1504210000D+00 0.3535900000D+01 0.5472700000D+01-0.2710800000D+01 0.0000000000D+00 0.0000000000D+00 0.2776900000D+01 0.8500000000D-02 0.1730000000D-03 0.1000000000D-03 0.6528190000D+00 0.2509100000D+01 0.1568800000D+01-0.5650400000D+01
3 4520100808201010022455416.5-0.3000000000D-03 0.1000000000D-04 0.3976730000D+02 0.7667000000D-01 0.3820000000D-03 0.4100000000D-02 0.9240860000D+00 0.4976300000D+01 0.8016000000D+00-0.1343700000D+01-0.2000000000D-03 0.0000000000D+00 0.3084500000D+01 0.2459000000D-01 0.9700000000D-04 0.5000000000D-03 0.1760510000D+01 0.2652200000D+01 0.1653500000D+01-0.6051400000D+01
3 4620101002201011262455471.5 0.3000000000D-03 0.0000000000D+00 0.3848760000D+02 0.6606000000D-01 0.4560000000D-03 0.3100000000D-02 0.1661923000D+01 0.1043000000D+00 0.2094600000D+01-0.6066200000D+01-0.4000000000D-03 0.0000000000D+00 0.4338300000D+01 0.3185000000D-01 0.5000000000D-04 0.7000000000D-03 0.2824759000D+01 0.3171400000D+01 0.1348300000D+01-0.5216100000D+01
3 4720101126201101202455526.5 0.8000000000D-03-0.4000000000D-04 0.3988360000D+02 0.6763000000D-01 0.5670000000D-03 0.4300000000D-02 0.2413562000D+01 0.1744100000D+01 0.3521400000D+01-0.4673200000D+01-0.1100000000D-02 0.2000000000D-04 0.6001700000D+01 0.3171000000D-01 0.1600000000D-03 0.4000000000D-03 0.3726884000D+01 0.3828200000D+01 0.7073000000D+00-0.3672500000D+01
4 4820091231201002192455196.5-0.1690000000D+00-0.2000000000D-03 0.5559530000D+02 0.1108400000D+00 0.8270000000D-03 0.6400000000D-01 0.3056671000D+01 0.2814000000D+01 0.5056900000D+01 0.4053100000D+01-0.5400000000D-02 0.0000000000D+00 0.6014600000D+01 0.1575000000D-01 0.3830000000D-03 0.7200000000D-02 0.3969533000D+01 0.4169600000D+01 0.1472800000D+01 0.4934900000D+01
4 4920100219201004102455246.5-0.1727000000D+00 0.2900000000D-03 0.6005350000D+02 0.8709000000D-01 0.1098000000D-02 0.6860000000D-01 0.4767611000D+01 0.5474700000D+01 0.1614500000D+01 0.1153700000D+01-0.6800000000D-02-0.2000000000D-04 0.6052200000D+01 0.2925000000D-01 0.9700000000D-04 0.7000000000D-02 0.5605094000D+01 0.3416800000D+01 0.2860900000D+01 0.1454500000D+01
4 5020100410201005302455296.5-0.1637000000D+00 0.4000000000D-03 0.6071120000D+02 0.7209000000D-01 0.9530000000D-03 0.6840000000D-01 0.2331080000D+00 0.2574400000D+01 0.4308500000D+01 0.4511600000D+01-0.6500000000D-02 0.0000000000D+00 0.5161400000D+01 0.3474000000D-01 0.3260000000D-03 0.5400000000D-02 0.7771970000D+00 0.4983400000D+01 0.2052200000D+01 0.4711000000D+01
4 5120100530201007192455346.5-0.1382000000D+00 0.4100000000D-03 0.5684780000D+02 0.1062800000D+00 0.6050000000D-03 0.6440000000D-01 0.1947590000D+01 0.5364400000D+01 0.6360000000D+00 0.1526300000D+01-0.6900000000D-02 0.6000000000D-04 0.4622000000D+01 0.7790000000D-02 0.2710000000D-03 0.5900000000D-02 0.2318374000D+01 0.5196300000D+01 0.3485700000D+01 0.1960400000D+01
4 5220100719201009072455396.5-0.1214000000D+00 0.3000000000D-04 0.5222870000D+02 0.1194100000D+00 0.4550000000D-03 0.6030000000D-01 0.3595095000D+01 0.1303600000D+01 0.3110200000D+01 0.4721700000D+01-0.3300000000D-02 0.1200000000D-03 0.4571200000D+01 0.2680000000D-01 0.1650000000D-03 0.5000000000D-02 0.4177336000D+01 0.5461200000D+01 0.4495000000D+01 0.5313700000D+01
4 5320100907201010272455446.5-0.1194000000D+00 0.2000000000D-04 0.4955470000D+02 0.1164000000D+00 0.4740000000D-03 0.5820000000D-01 0.5196819000D+01 0.3382200000D+01 0.5305200000D+01 0.1606700000D+01 0.2200000000D-02 0.1000000000D-03 0.5519600000D+01 0.3839000000D-01 0.1210000000D-03 0.7800000000D-02 0.6137432000D+01 0.4961000000D+00 0.5463100000D+01 0.2728300000D+01
4 5420101027201012162455496.5-0.1170000000D+00-0.2100000000D-03 0.4962980000D+02 0.1112200000D+00 0.5720000000D-03 0.5930000000D-01 0.5052890000D+00 0.5499500000D+01 0.1133800000D+01 0.4797600000D+01 0.6200000000D-02 0.1200000000D-03 0.7344300000D+01 0.4385000000D-01 0.9800000000D-04 0.1090000000D-01 0.1687541000D+01 0.1907800000D+01 0.5791700000D+01 0.6071700000D+01
4 5520101216201102042455546.5-0.1322000000D+00-0.5000000000D-04 0.5249230000D+02 0.1104300000D+00 0.7090000000D-03 0.6290000000D-01 0.2122535000D+01 0.1472900000D+01 0.3529800000D+01 0.1755100000D+01 0.1220000000D-01 0.5000000000D-04 0.9331800000D+01 0.3780000000D-01 0.2860000000D-03 0.1090000000D-01 0.3420331000D+01 0.3441000000D+01 0.4039000000D+00 0.3114100000D+01
5 5620091231201002222455196.5-0.2590000000D-01 0.1400000000D-03 0.7766130000D+02 0.1564300000D+00 0.1216000000D-02 0.4920000000D-01 0.1773127000D+01 0.1557100000D+01 0.3804900000D+01 0.5518000000D+00 0.5600000000D-02 0.0000000000D+00 0.8210000000D+01 0.2159000000D-01 0.5310000000D-03 0.5100000000D-02 0.2744852000D+01 0.2942600000D+01 0.1890000000D+00 0.1544500000D+01
5 5720100222201004162455249.5-0.2600000000D-01 0.2600000000D-03 0.8417100000D+02 0.1253800000D+00 0.1559000000D-02 0.5200000000D-01 0.1121380000D+00 0.9527000000D+00 0.3297400000D+01 0.3602100000D+01 0.6600000000D-02-0.1200000000D-03 0.8131300000D+01 0.4392000000D-01 0.6900000000D-04 0.4000000000D-02 0.9990860000D+00 0.5007000000D+01 0.4199500000D+01 0.4173000000D+01
5 5820100416201006082455302.5-0.1810000000D-01 0.1700000000D-03 0.8442280000D+02 0.1167100000D+00 0.1244000000D-02 0.4960000000D-01 0.4775378000D+01 0.9198000000D+00 0.2708800000D+01 0.2392000000D+00 0.1600000000D-02 0.0000000000D+00 0.6694900000D+01 0.4325000000D-01 0.4730000000D-03 0.3700000000D-02 0.5342684000D+01 0.3205400000D+01 0.2746000000D+00 0.7355000000D+00
5 5920100608201007312455355.5-0.1150000000D-01-0.6000000000D-04 0.7818540000D+02 0.1499700000D+00 0.8100000000D-03 0.4280000000D-01 0.3112949000D+01 0.2643000000D+00 0.2011900000D+01 0.3160700000D+01 0.2300000000D-02 0.0000000000D+00 0.5975100000D+01 0.1438000000D-01 0.3330000000D-03 0.3400000000D-02 0.3549641000D+01 0.5623500000D+01 0.4575800000D+01 0.3630700000D+01
5 6020100731201009222455408.5-0.1580000000D-01-0.1500000000D-03 0.7175140000D+02 0.1558500000D+00 0.6520000000D-03 0.3930000000D-01 0.1378051000D+01 0.5436600000D+01 0.1030500000D+01 0.5986200000D+01 0.2700000000D-02 0.6000000000D-04 0.6259800000D+01 0.4346000000D-01 0.2030000000D-03 0.4000000000D-02 0.2107050000D+01 0.3165000000D+01 0.2110100000D+01 0.6031000000D+00
5 6120100922201011142455461.5-0.2290000000D-01-0.1700000000D-03 0.6883200000D+02 0.1497900000D+00 0.6890000000D-03 0.3870000000D-01 0.5881830000D+01 0.4213700000D+01 0.6079900000D+01 0.2484200000D+01 0.5800000000D-02 0.5000000000D-04 0.8199100000D+01 0.5721000000D-01 0.1410000000D-03 0.5400000000D-02 0.6785480000D+00 0.1134900000D+01 0.5892200000D+01 0.3689100000D+01
5 6220101114201101062455514.5-0.3490000000D-01-0.8000000000D-04 0.7034440000D+02 0.1495100000D+00 0.8540000000D-03 0.4120000000D-01 0.4100091000D+01 0.3043900000D+01 0.4954000000D+01 0.5278300000D+01 0.9500000000D-02 0.0000000000D+00 0.1113380000D+02 0.6103000000D-01 0.2070000000D-03 0.7100000000D-02 0.5375411000D+01 0.5479000000D+01 0.2591600000D+01 0.4017000000D+00
6 6320091231201001182455196.5-0.4205900000D+01 0.9354000000D-01 0.1799565000D+03 0.3757200000D+00 0.0000000000D+00 0.2803600000D+01 0.5445118000D+01 0.5142200000D+01 0.0000000000D+00 0.1880400000D+01 0.3292000000D+00 0.6530000000D-02 0.1907530000D+02 0.2265000000D-01 0.0000000000D+00 0.2996000000D+00 0.1303930000D+00 0.6274400000D+01 0.0000000000D+00 0.2852200000D+01
6 6420100118201002052455214.5-0.2933400000D+01-0.5032000000D-01 0.1852598000D+03 0.3533500000D+00 0.0000000000D+00 0.2806800000D+01 0.6245665000D+01 0.2899000000D+00 0.0000000000D+00 0.3509200000D+01 0.4526000000D+00-0.8090000000D-02 0.1947390000D+02 0.1666000000D-01 0.0000000000D+00 0.3005000000D+00 0.9361990000D+00 0.5634000000D+01 0.0000000000D+00 0.4488900000D+01
6 6520100205201002232455232.5-0.2879700000D+01-0.7360000000D-01 0.1904107000D+03 0.3631400000D+00 0.0000000000D+00 0.2899700000D+01 0.7792460000D+00 0.1410500000D+01 0.0000000000D+00 0.5140500000D+01 0.1936000000D+00 0.1843000000D-01 0.1954060000D+02 0.6682000000D-01 0.0000000000D+00 0.2760000000D+00 0.1714154000D+01 0.5396700000D+01 0.0000000000D+00 0.6071900000D+01
6 6620100223201003132455250.5-0.4371000000D+01 0.9915000000D-01 0.1958306000D+03 0.2890800000D+00 0.0000000000D+00 0.2869200000D+01 0.1600812000D+01 0.3025400000D+01 0.0000000000D+00 0.5133000000D+00 0.2803000000D+00 0.5650000000D-02 0.1874460000D+02 0.9642000000D-01 0.0000000000D+00 0.2646000000D+00 0.2480378000D+01 0.5590000000D-01 0.0000000000D+00 0.1344700000D+01
6 6720100313201003312455268.5-0.2779000000D+01-0.5443000000D-01 0.1975740000D+03 0.1946800000D+00 0.0000000000D+00 0.2832000000D+01 0.2438439000D+01 0.3906400000D+01 0.0000000000D+00 0.2124600000D+01 0.4091000000D+00-0.1908000000D-01 0.1767550000D+02 0.1256300000D+00 0.0000000000D+00 0.2355000000D+00 0.3225654000D+01 0.9813000000D+00 0.0000000000D+00 0.2892300000D+01
6 6820100331201004182455286.5-0.4023900000D+01 0.1147600000D+00 0.1967478000D+03 0.3369800000D+00 0.0000000000D+00 0.2903000000D+01 0.3264174000D+01 0.5089800000D+01 0.0000000000D+00 0.3746100000D+01 0.5990000000D-01 0.9400000000D-02 0.1620170000D+02 0.9220000000D-01 0.0000000000D+00 0.2275000000D+00 0.3937203000D+01 0.1850100000D+01 0.0000000000D+00 0.4356600000D+01
6 6920100418201005062455304.5-0.2460000000D+01-0.3211000000D-01 0.1956026000D+03 0.3334100000D+00 0.0000000000D+00 0.2894100000D+01 0.4096454000D+01 0.3719000000D+00 0.0000000000D+00 0.5407300000D+01 0.4190000000D-01 0.6740000000D-02 0.1524480000D+02 0.6898000000D-01 0.0000000000D+00 0.2219000000D+00 0.4650763000D+01 0.2578900000D+01 0.0000000000D+00 0.5903900000D+01
6 7020100506201005242455322.5-0.2107000000D+01-0.7029000000D-01 0.1915397000D+03 0.3819400000D+00 0.0000000000D+00 0.2827800000D+01 0.4920153000D+01 0.1484500000D+01 0.0000000000D+00 0.7448000000D+00 0.2920000000D-01 0.6080000000D-02 0.1453950000D+02 0.3575000000D-01 0.0000000000D+00 0.2160000000D+00 0.5387787000D+01 0.3160400000D+01 0.0000000000D+00 0.1177200000D+01
6 7120100524201006112455340.5-0.3548800000D+01 0.1045600000D+00 0.1859734000D+03 0.3193300000D+00 0.0000000000D+00 0.2821700000D+01 0.5744871000D+01 0.2943700000D+01 0.0000000000D+00 0.2390000000D+01 0.2330000000D-01 0.7350000000D-02 0.1405380000D+02 0.1411000000D-01 0.0000000000D+00 0.2115000000D+00 0.6168295000D+01 0.2649000000D+01 0.0000000000D+00 0.2780900000D+01
6 7220100611201006292455358.5-0.1709600000D+01-0.9350000000D-01 0.1791739000D+03 0.2484600000D+00 0.0000000000D+00 0.2656000000D+01 0.2617600000D+00 0.3433400000D+01 0.0000000000D+00 0.4036700000D+01 0.2283000000D+00-0.1396000000D-01 0.1357080000D+02 0.5227000000D-01 0.0000000000D+00 0.2074000000D+00 0.7090580000D+00 0.2058200000D+01 0.0000000000D+00 0.4506000000D+01
6 7320100629201007172455376.5-0.3158100000D+01 0.6451000000D-01 0.1750818000D+03 0.3824400000D+00 0.0000000000D+00 0.2503600000D+01 0.1062153000D+01 0.4600700000D+01 0.0000000000D+00 0.5616200000D+01 0.1444000000D+00-0.1600000000D-02 0.1362290000D+02 0.7423000000D-01 0.0000000000D+00 0.2053000000D+00 0.1581822000D+01 0.2912200000D+01 0.0000000000D+00 0.6186100000D+01
6 7420100717201008042455394.5-0.2947900000D+01 0.4854000000D-01 0.1698761000D+03 0.3637600000D+00 0.0000000000D+00 0.2449400000D+01 0.1854199000D+01 0.5597500000D+01 0.0000000000D+00 0.9323000000D+00 0.2092000000D+00-0.2390000000D-02 0.1393390000D+02 0.9183000000D-01 0.0000000000D+00 0.2140000000D+00 0.2488520000D+01 0.3602200000D+01 0.0000000000D+00 0.1599500000D+01
6 7520100804201008222455412.5-0.1517600000D+01-0.1321900000D+00 0.1655662000D+03 0.4265700000D+00 0.0000000000D+00 0.2302600000D+01 0.2648314000D+01 0.6642000000D+00 0.0000000000D+00 0.2501000000D+01 0.2189000000D+00 0.4780000000D-02 0.1466580000D+02 0.1118100000D+00 0.0000000000D+00 0.2314000000D+00 0.3402212000D+01 0.4337900000D+01 0.0000000000D+00 0.3301400000D+01
6 7620100822201009092455430.5-0.3509500000D+01 0.6523000000D-01 0.1612706000D+03 0.2453400000D+00 0.0000000000D+00 0.2337600000D+01 0.3419205000D+01 0.1625500000D+01 0.0000000000D+00 0.4046400000D+01 0.2636000000D+00 0.1039000000D-01 0.1587110000D+02 0.1269500000D+00 0.0000000000D+00 0.2478000000D+00 0.4313329000D+01 0.5046100000D+01 0.0000000000D+00 0.4984900000D+01
6 7720100909201009272455448.5-0.2663700000D+01-0.4474000000D-01 0.1603198000D+03 0.3129500000D+00 0.0000000000D+00 0.2366900000D+01 0.4196133000D+01 0.2355800000D+01 0.0000000000D+00 0.5650900000D+01 0.5442000000D+00-0.1197000000D-01 0.1767040000D+02 0.1258200000D+00 0.0000000000D+00 0.2824000000D+00 0.5197938000D+01 0.5916900000D+01 0.0000000000D+00 0.3666000000D+00
6 7820100927201010152455466.5-0.3071700000D+01-0.2724000000D-01 0.1593468000D+03 0.3059700000D+00 0.0000000000D+00 0.2346000000D+01 0.4971032000D+01 0.3381700000D+01 0.0000000000D+00 0.9527000000D+00 0.3497000000D+00 0.1901000000D-01 0.1973820000D+02 0.1214100000D+00 0.0000000000D+00 0.3188000000D+00 0.6084421000D+01 0.1256000000D+00 0.0000000000D+00 0.2092200000D+01
6 7920101015201011022455484.5-0.4090800000D+01 0.6766000000D-01 0.1597063000D+03 0.3889800000D+00 0.0000000000D+00 0.2414100000D+01 0.5750311000D+01 0.4429100000D+01 0.0000000000D+00 0.2546900000D+01 0.5174000000D+00 0.1241000000D-01 0.2194450000D+02 0.1284700000D+00 0.0000000000D+00 0.3463000000D+00 0.6498170000D+00 0.8833000000D+00 0.0000000000D+00 0.3743500000D+01
6 8020101102201011202455502.5-0.2914100000D+01-0.8828000000D-01 0.1604686000D+03 0.2925600000D+00 0.0000000000D+00 0.2396300000D+01 0.2356910000D+00 0.5690100000D+01 0.0000000000D+00 0.4168100000D+01 0.7143000000D+00-0.4500000000D-03 0.2422730000D+02 0.1391600000D+00 0.0000000000D+00 0.3841000000D+00 0.1486026000D+01 0.1622900000D+01 0.0000000000D+00 0.5393800000D+01
6 8120101120201012082455520.5-0.4402600000D+01 0.4920000000D-01 0.1645279000D+03 0.2891900000D+00 0.0000000000D+00 0.2370700000D+01 0.1015740000D+01 0.6257000000D+01 0.0000000000D+00 0.5739000000D+01 0.6457000000D+00 0.1555000000D-01 0.2668510000D+02 0.1239900000D+00 0.0000000000D+00 0.4089000000D+00 0.2304262000D+01 0.2480300000D+01 0.0000000000D+00 0.7566000000D+00
6 8220101208201012262455538.5-0.3755700000D+01-0.4780000000D-01 0.1676867000D+03 0.3587000000D+00 0.0000000000D+00 0.2468700000D+01 0.1802352000D+01 0.1150200000D+01 0.0000000000D+00 0.1033700000D+01 0.9281000000D+00-0.8640000000D-02 0.2906200000D+02 0.1092600000D+00 0.0000000000D+00 0.4248000000D+00 0.3127375000D+01 0.3062700000D+01 0.0000000000D+00 0.2356700000D+01
6 8320101226201101132455556.5-0.3670600000D+01-0.9872000000D-01 0.1725235000D+03 0.3957300000D+00 0.0000000000D+00 0.2507900000D+01 0.2594727000D+01 0.2097700000D+01 0.0000000000D+00 0.2636200000D+01 0.7247000000D+00 0.2102000000D-01 0.3083940000D+02 0.1067700000D+00 0.0000000000D+00 0.4601000000D+00 0.3935414000D+01 0.4035000000D+01 0.0000000000D+00 0.3954300000D+01
7 8420091231201001122455196.5 0.3349010000D+02-0.6782350000D+01 0.1807975000D+03 0.1346347000D+02 0.0000000000D+00 0.3712000000D+00 0.1564150000D+01 0.5920400000D+01 0.0000000000D+00 0.5658300000D+01-0.3847500000D+01-0.1770300000D+00 0.1963600000D+02 0.1516450000D+01 0.0000000000D+00 0.7200000000D-01 0.2666830000D+01 0.7078000000D+00 0.0000000000D+00 0.1473000000D+00
7 8520100112201001242455208.5-0.2402860000D+02 0.8507100000D+01 0.1838013000D+03 0.9343040000D+01 0.0000000000D+00 0.2831300000D+01 0.5051888000D+01 0.3218000000D+01 0.0000000000D+00 0.3362700000D+01 0.3292500000D+01-0.3382200000D+00 0.2113910000D+02 0.1152750000D+01 0.0000000000D+00 0.2482000000D+00 0.6039246000D+01 0.3969800000D+01 0.0000000000D+00 0.4076500000D+01
7 8620100124201002052455220.5 0.1154900000D+02-0.6247970000D+01 0.1813601000D+03 0.1406856000D+02 0.0000000000D+00 0.1810000000D+00 0.2456790000D+01 0.7188000000D+00 0.0000000000D+00 0.1106600000D+01-0.6894000000D+01 0.3203400000D+00 0.1885450000D+02 0.1358210000D+01 0.0000000000D+00 0.6350000000D-01 0.3412709000D+01 0.1558300000D+01 0.0000000000D+00 0.5843200000D+01
7 8720100205201002172455232.5 0.5701350000D+02-0.3589700000D+01 0.2337651000D+03 0.1432997000D+02 0.0000000000D+00 0.5402000000D+00 0.5826188000D+01 0.3638300000D+01 0.0000000000D+00 0.4046400000D+01 0.5355100000D+01-0.1000640000D+01 0.1943910000D+02 0.1058540000D+01 0.0000000000D+00 0.6090000000D-01 0.5242660000D+00 0.4553600000D+01 0.0000000000D+00 0.5355000000D+00
7 8820100217201003012455244.5-0.5686070000D+02 0.4171040000D+01 0.2037770000D+03 0.1187254000D+02 0.0000000000D+00 0.2524200000D+01 0.3086451000D+01 0.1255800000D+01 0.0000000000D+00 0.5594300000D+01-0.9719200000D+01 0.1156290000D+01 0.1508850000D+02 0.7044800000D+00 0.0000000000D+00 0.1837000000D+00 0.4041307000D+01 0.2315900000D+01 0.0000000000D+00 0.6209500000D+01
7 8920100301201003132455256.5 0.6140800000D+02-0.7078980000D+01 0.2200686000D+03 0.1467421000D+02 0.0000000000D+00 0.3952000000D+00 0.4461130000D+00 0.4592200000D+01 0.0000000000D+00 0.3020700000D+01 0.1583500000D+01-0.6649000000D+00 0.1768690000D+02 0.1198240000D+01 0.0000000000D+00 0.2180000000D-01 0.1488230000D+01 0.5654500000D+01 0.0000000000D+00 0.4818200000D+01
7 9020100313201003252455268.5-0.7274960000D+02 0.1089883000D+02 0.1935124000D+03 0.8752820000D+01 0.0000000000D+00 0.2977400000D+01 0.3891864000D+01 0.1996400000D+01 0.0000000000D+00 0.9761000000D+00-0.4887700000D+01 0.8298800000D+00 0.1500180000D+02 0.8042000000D+00 0.0000000000D+00 0.2411000000D+00 0.4934689000D+01 0.3139500000D+01 0.0000000000D+00 0.2108800000D+01
7 9120100325201004062455280.5 0.4280640000D+02-0.7374700000D+01 0.2000529000D+03 0.1452746000D+02 0.0000000000D+00 0.3484000000D+00 0.1406553000D+01 0.5727000000D+01 0.0000000000D+00 0.5166700000D+01-0.5262000000D+00-0.4516300000D+00 0.1537110000D+02 0.1191750000D+01 0.0000000000D+00 0.5990000000D-01 0.2294443000D+01 0.2984000000D+00 0.0000000000D+00 0.6035100000D+01
7 9220100406201004182455292.5-0.3807950000D+02 0.1032862000D+02 0.1896878000D+03 0.9058020000D+01 0.0000000000D+00 0.2981600000D+01 0.4901593000D+01 0.3084500000D+01 0.0000000000D+00 0.3168800000D+01-0.1629000000D+00 0.3024400000D+00 0.1525550000D+02 0.8776200000D+00 0.0000000000D+00 0.2270000000D+00 0.5660286000D+01 0.3690100000D+01 0.0000000000D+00 0.3646800000D+01
7 9320100418201004302455304.5 0.2166840000D+02-0.7368540000D+01 0.1851681000D+03 0.1424404000D+02 0.0000000000D+00 0.2661000000D+00 0.2331680000D+01 0.5673000000D+00 0.0000000000D+00 0.1085300000D+01-0.2478200000D+01-0.1636400000D+00 0.1365930000D+02 0.1079800000D+01 0.0000000000D+00 0.3920000000D-01 0.2963588000D+01 0.1094500000D+01 0.0000000000D+00 0.1425000000D+00
7 9420100430201005122455316.5 0.4625080000D+02-0.1505610000D+01 0.2315526000D+03 0.1396260000D+02 0.0000000000D+00 0.8755000000D+00 0.5710996000D+01 0.3532600000D+01 0.0000000000D+00 0.4085600000D+01 0.4200000000D+01-0.4837100000D+00 0.1501510000D+02 0.8929400000D+00 0.0000000000D+00 0.1700000000D-01 0.6222832000D+01 0.3967700000D+01 0.0000000000D+00 0.4891400000D+01
7 9520100512201005242455328.5-0.4054260000D+02 0.1250700000D+01 0.1955850000D+03 0.1237435000D+02 0.0000000000D+00 0.1986700000D+01 0.2997614000D+01 0.1189200000D+01 0.0000000000D+00 0.5455900000D+01-0.5672000000D+01 0.5049300000D+00 0.1219020000D+02 0.6878000000D+00 0.0000000000D+00 0.1446000000D+00 0.3450618000D+01 0.1616100000D+01 0.0000000000D+00 0.5719400000D+01
7 9620100524201006052455340.5 0.6187850000D+02-0.6262670000D+01 0.2114129000D+03 0.1410653000D+02 0.0000000000D+00 0.4752000000D+00 0.2618880000D+00 0.4361500000D+01 0.0000000000D+00 0.2715400000D+01 0.2856600000D+01-0.5116800000D+00 0.1318710000D+02 0.8557600000D+00 0.0000000000D+00 0.1170000000D-01 0.8220500000D+00 0.4959000000D+01 0.0000000000D+00 0.2887300000D+01
7 9720100605201006172455352.5-0.7322550000D+02 0.9867830000D+01 0.1797476000D+03 0.8350530000D+01 0.0000000000D+00 0.2859900000D+01 0.3661214000D+01 0.1708800000D+01 0.0000000000D+00 0.4987000000D+00-0.4762600000D+01 0.6946400000D+00 0.1115310000D+02 0.5094600000D+00 0.0000000000D+00 0.1691000000D+00 0.4288294000D+01 0.2536500000D+01 0.0000000000D+00 0.1183100000D+01
7 9820100617201006292455364.5 0.4863950000D+02-0.6934180000D+01 0.1812964000D+03 0.1313441000D+02 0.0000000000D+00 0.3982000000D+00 0.1149517000D+01 0.5406600000D+01 0.0000000000D+00 0.4449800000D+01 0.6004000000D+00-0.3697900000D+00 0.1265630000D+02 0.9353200000D+00 0.0000000000D+00 0.3340000000D-01 0.1793860000D+01 0.6095400000D+01 0.0000000000D+00 0.5680900000D+01
7 9920100629201007112455376.5-0.4966820000D+02 0.1069956000D+02 0.1614775000D+03 0.7266650000D+01 0.0000000000D+00 0.2507600000D+01 0.4575869000D+01 0.2742100000D+01 0.0000000000D+00 0.2649000000D+01-0.1360600000D+01 0.3948100000D+00 0.1265870000D+02 0.6743100000D+00 0.0000000000D+00 0.2242000000D+00 0.5304849000D+01 0.3498700000D+01 0.0000000000D+00 0.3233500000D+01
710020100711201007232455388.5 0.3335710000D+02-0.7362330000D+01 0.1590642000D+03 0.1229764000D+02 0.0000000000D+00 0.3010000000D+00 0.2003475000D+01 0.1851000000D+00 0.0000000000D+00 0.5869000000D+00-0.1542600000D+01-0.2031300000D+00 0.1299080000D+02 0.1022100000D+01 0.0000000000D+00 0.3000000000D-01 0.2727491000D+01 0.8997000000D+00 0.0000000000D+00 0.7416000000D+00
710120100723201008042455400.5 0.1578970000D+02 0.3341850000D+01 0.1891017000D+03 0.1095288000D+02 0.0000000000D+00 0.1575200000D+01 0.5405547000D+01 0.3320800000D+01 0.0000000000D+00 0.3902600000D+01 0.3866000000D+01-0.4999900000D+00 0.1565830000D+02 0.8603300000D+00 0.0000000000D+00 0.7190000000D-01 0.6071378000D+01 0.3872300000D+01 0.0000000000D+00 0.4672000000D+01
710220100804201008162455412.5-0.2380100000D+01-0.3875740000D+01 0.1613441000D+03 0.1188303000D+02 0.0000000000D+00 0.7048000000D+00 0.2721647000D+01 0.9893000000D+00 0.0000000000D+00 0.5136700000D+01-0.5624700000D+01 0.4411900000D+00 0.1375200000D+02 0.8497900000D+00 0.0000000000D+00 0.1178000000D+00 0.3447187000D+01 0.1708400000D+01 0.0000000000D+00 0.5459300000D+01
710320100816201008282455424.5 0.5839150000D+02-0.4075040000D+01 0.1945597000D+03 0.1308454000D+02 0.0000000000D+00 0.4317000000D+00 0.6102651000D+01 0.3889400000D+01 0.0000000000D+00 0.2517400000D+01 0.2939800000D+01-0.7240200000D+00 0.1605350000D+02 0.9667000000D+00 0.0000000000D+00 0.2850000000D-01 0.7898260000D+00 0.4936500000D+01 0.0000000000D+00 0.7901000000D+00
710420100828201009092455436.5-0.5923730000D+02 0.6487850000D+01 0.1690999000D+03 0.8906200000D+01 0.0000000000D+00 0.2817100000D+01 0.3196741000D+01 0.1243000000D+01 0.0000000000D+00 0.6015000000D+01-0.6847900000D+01 0.9795400000D+00 0.1408010000D+02 0.6470300000D+00 0.0000000000D+00 0.1949000000D+00 0.4305063000D+01 0.2720400000D+01 0.0000000000D+00 0.7552000000D+00
710520100909201009212455448.5 0.5733980000D+02-0.5806130000D+01 0.1720591000D+03 0.1248029000D+02 0.0000000000D+00 0.5538000000D+00 0.6064560000D+00 0.4788800000D+01 0.0000000000D+00 0.3586200000D+01-0.8534000000D+00-0.4745200000D+00 0.1869370000D+02 0.1387810000D+01 0.0000000000D+00 0.6080000000D-01 0.1810361000D+01 0.6080100000D+01 0.0000000000D+00 0.5706700000D+01
710620100921201010032455460.5-0.5508630000D+02 0.9518900000D+01 0.1553362000D+03 0.7218580000D+01 0.0000000000D+00 0.2460000000D+01 0.3956835000D+01 0.2010800000D+01 0.0000000000D+00 0.1508200000D+01-0.1961000000D+01 0.5272700000D+00 0.1941460000D+02 0.1095790000D+01 0.0000000000D+00 0.3675000000D+00 0.5286348000D+01 0.3501900000D+01 0.0000000000D+00 0.2837600000D+01
710720101003201010152455472.5 0.4993780000D+02-0.6984180000D+01 0.1522765000D+03 0.1158139000D+02 0.0000000000D+00 0.2565000000D+00 0.1390673000D+01 0.5763600000D+01 0.0000000000D+00 0.5447100000D+01-0.4270500000D+01-0.1964600000D+00 0.2145750000D+02 0.1732580000D+01 0.0000000000D+00 0.8370000000D-01 0.2660083000D+01 0.7524000000D+00 0.0000000000D+00 0.3857000000D+00
710820101015201010272455484.5-0.2779880000D+02 0.9477180000D+01 0.1525630000D+03 0.7286360000D+01 0.0000000000D+00 0.2188100000D+01 0.4809283000D+01 0.2911000000D+01 0.0000000000D+00 0.3446600000D+01 0.5191800000D+01-0.5874400000D+00 0.2542870000D+02 0.1407590000D+01 0.0000000000D+00 0.2537000000D+00 0.5987728000D+01 0.3888600000D+01 0.0000000000D+00 0.4210700000D+01
710920101027201011082455496.5 0.3762580000D+02-0.7835410000D+01 0.1422132000D+03 0.1114945000D+02 0.0000000000D+00 0.2810000000D+00 0.2175320000D+01 0.4977000000D+00 0.0000000000D+00 0.2013700000D+01-0.8855200000D+01 0.4492300000D+00 0.2360130000D+02 0.1741190000D+01 0.0000000000D+00 0.7400000000D-01 0.3353606000D+01 0.1566500000D+01 0.0000000000D+00 0.5520000000D+01
711020101108201011202455508.5 0.4176910000D+02 0.2571100000D+00 0.1954934000D+03 0.1267636000D+02 0.0000000000D+00 0.5092000000D+00 0.5541904000D+01 0.3371100000D+01 0.0000000000D+00 0.3634800000D+01 0.7635000000D+01-0.1483510000D+01 0.2708610000D+02 0.1531870000D+01 0.0000000000D+00 0.7850000000D-01 0.4648240000D+00 0.4525700000D+01 0.0000000000D+00 0.6260000000D+00
711120101120201012022455520.5-0.1754740000D+02-0.5971300000D+00 0.1702700000D+03 0.1091407000D+02 0.0000000000D+00 0.2058100000D+01 0.2746587000D+01 0.9646000000D+00 0.0000000000D+00 0.5351200000D+01-0.1460240000D+02 0.1804280000D+01 0.2285300000D+02 0.1045090000D+01 0.0000000000D+00 0.3159000000D+00 0.3945283000D+01 0.2314400000D+01 0.0000000000D+00 0.6111100000D+01
711220101202201012142455532.5 0.6433980000D+02-0.4146090000D+01 0.1944070000D+03 0.1396359000D+02 0.0000000000D+00 0.6863000000D+00 0.6271577000D+01 0.4120700000D+01 0.0000000000D+00 0.2933300000D+01 0.1758900000D+01-0.1104490000D+01 0.2989670000D+02 0.2083900000D+01 0.0000000000D+00 0.5140000000D-01 0.1432126000D+01 0.5641900000D+01 0.0000000000D+00 0.5297000000D+01
711320101214201012262455544.5-0.5556250000D+02 0.7631000000D+01 0.1809417000D+03 0.9284500000D+01 0.0000000000D+00 0.3148400000D+01 0.3332187000D+01 0.1352700000D+01 0.0000000000D+00 0.3697000000D+00-0.7779600000D+01 0.1378120000D+01 0.2846370000D+02 0.1542480000D+01 0.0000000000D+00 0.5035000000D+00 0.4882063000D+01 0.3150000000D+01 0.0000000000D+00 0.2028400000D+01
711420101226201101072455556.5 0.6599740000D+02-0.6355850000D+01 0.1797129000D+03 0.1346512000D+02 0.0000000000D+00 0.5006000000D+00 0.7609190000D+00 0.5036800000D+01 0.0000000000D+00 0.4092200000D+01-0.3297500000D+01-0.7017400000D+00 0.3253550000D+02 0.2565460000D+01 0.0000000000D+00 0.1367000000D+00 0.2270867000D+01 0.2983000000D+00 0.0000000000D+00 0.6139500000D+01
811520091231201002052455196.5-0.4007700000D+01-0.1877500000D+00 0.5371311000D+03 0.0000000000D+00 0.0000000000D+00 0.1336300000D+02 0.7891950000D+00 0.0000000000D+00 0.0000000000D+00 0.4371800000D+01-0.9633000000D+00 0.2789400000D+00 0.1390933000D+03 0.0000000000D+00 0.0000000000D+00 0.3229600000D+01 0.3166635000D+01 0.0000000000D+00 0.0000000000D+00 0.7591000000D+00
811620100205201003132455232.5 0.1032440000D+02 0.3535800000D+00 0.5662837000D+03 0.0000000000D+00 0.0000000000D+00 0.6514200000D+01 0.3656604000D+01 0.0000000000D+00 0.0000000000D+00 0.3700900000D+01 0.7954000000D+00-0.6721000000D-01 0.1435484000D+03 0.0000000000D+00 0.0000000000D+00 0.2225300000D+01 0.6087204000D+01 0.0000000000D+00 0.0000000000D+00 0.5958100000D+01
811720100313201004182455268.5-0.1050170000D+02 0.1808600000D+00 0.5754425000D+03 0.0000000000D+00 0.0000000000D+00 0.8596800000D+01 0.2853650000D+00 0.0000000000D+00 0.0000000000D+00 0.3957600000D+01 0.1107610000D+02-0.1524200000D+00 0.1371614000D+03 0.0000000000D+00 0.0000000000D+00 0.1747600000D+01 0.2743925000D+01 0.0000000000D+00 0.0000000000D+00 0.3012000000D+00
811820100418201005242455304.5 0.2848360000D+02-0.7921900000D+00 0.5545344000D+03 0.0000000000D+00 0.0000000000D+00 0.1249760000D+02 0.3195063000D+01 0.0000000000D+00 0.0000000000D+00 0.2941800000D+01-0.2754800000D+01 0.4051000000D-01 0.1273653000D+03 0.0000000000D+00 0.0000000000D+00 0.3366800000D+01 0.5624678000D+01 0.0000000000D+00 0.0000000000D+00 0.5596300000D+01
811920100524201006292455340.5-0.2571160000D+02 0.1447730000D+01 0.5116864000D+03 0.0000000000D+00 0.0000000000D+00 0.5918100000D+01 0.6078611000D+01 0.0000000000D+00 0.0000000000D+00 0.2299100000D+01 0.6211600000D+01-0.1356900000D+00 0.1164173000D+03 0.0000000000D+00 0.0000000000D+00 0.1645900000D+01 0.2189372000D+01 0.0000000000D+00 0.0000000000D+00 0.4315800000D+01
812020100629201008042455376.5 0.2719480000D+02-0.1121120000D+01 0.4763907000D+03 0.0000000000D+00 0.0000000000D+00 0.8654200000D+01 0.2603217000D+01 0.0000000000D+00 0.0000000000D+00 0.2174700000D+01-0.1859100000D+01 0.2857600000D+00 0.1105283000D+03 0.0000000000D+00 0.0000000000D+00 0.1638900000D+01 0.4979737000D+01 0.0000000000D+00 0.0000000000D+00 0.4494400000D+01
812120100804201009092455412.5-0.1680510000D+02 0.1107170000D+01 0.4464110000D+03 0.0000000000D+00 0.0000000000D+00 0.8068300000D+01 0.5390587000D+01 0.0000000000D+00 0.0000000000D+00 0.9299000000D+00 0.1003230000D+02-0.4978100000D+00 0.1092485000D+03 0.0000000000D+00 0.0000000000D+00 0.1789900000D+01 0.1442820000D+01 0.0000000000D+00 0.0000000000D+00 0.3497500000D+01
812220100909201010152455448.5 0.2610660000D+02-0.1420660000D+01 0.4303029000D+03 0.0000000000D+00 0.0000000000D+00 0.6154500000D+01 0.1873690000D+01 0.0000000000D+00 0.0000000000D+00 0.5635000000D+00-0.5845600000D+01 0.5374900000D+00 0.1173104000D+03 0.0000000000D+00 0.0000000000D+00 0.1623200000D+01 0.4193460000D+01 0.0000000000D+00 0.0000000000D+00 0.2662000000D+01
812320101015201011202455484.5-0.2764300000D+02 0.1673530000D+01 0.4289496000D+03 0.0000000000D+00 0.0000000000D+00 0.6419500000D+01 0.4630479000D+01 0.0000000000D+00 0.0000000000D+00 0.6229900000D+01 0.1412320000D+02-0.5140300000D+00 0.1285107000D+03 0.0000000000D+00 0.0000000000D+00 0.2283500000D+01 0.6695070000D+00 0.0000000000D+00 0.0000000000D+00 0.2469500000D+01
812420101120201012262455520.5 0.1600740000D+02-0.1121900000D+01 0.4626604000D+03 0.0000000000D+00 0.0000000000D+00 0.8568800000D+01 0.1133213000D+01 0.0000000000D+00 0.0000000000D+00 0.5113800000D+01-0.5447200000D+01 0.4768000000D+00 0.1437193000D+03 0.0000000000D+00 0.0000000000D+00 0.2611300000D+01 0.3466068000D+01 0.0000000000D+00 0.0000000000D+00 0.1131400000D+01
812520101226201101312455556.5-0.6954900000D+01 0.7037600000D+00 0.5026359000D+03 0.0000000000D+00 0.0000000000D+00 0.5882300000D+01 0.3952835000D+01 0.0000000000D+00 0.0000000000D+00 0.5406700000D+01 0.1361690000D+02-0.4415200000D+00 0.1581672000D+03 0.0000000000D+00 0.0000000000D+00 0.1795700000D+01 0.1026200000D-01 0.0000000000D+00 0.0000000000D+00 0.1184100000D+01
