 5 4    2   25   48   70  3.5516  1.7693  0.8782  0.3765 16.0 16.0 17.0 18.0   90 2454465.5000 2008                                                                                                                                                                                                                                                                              
1  220071231200801162454465.5-0.3950000000D+00-0.8520000000D-02 0.9334210000D+02 0.3689400000D+00 0.6400000000D-03 0.1983000000D+00 0.4841450000D+00 0.5271800000D+01 0.8268000000D+00 0.4854100000D+01-0.2700000000D-01-0.1150000000D-02 0.4882900000D+01 0.1624300000D+00 0.0000000000D+00 0.1440000000D-01 0.5974392000D+01 0.3753000000D+00 0.0000000000D+00 0.4169900000D+01
1  320080116200802012454481.5-0.4897000000D+00-0.7030000000D-02 0.9411740000D+02 0.3653000000D+00 0.8440000000D-03 0.2086000000D+00 0.6992390000D+00 0.5620700000D+01 0.1252100000D+01 0.5590300000D+01-0.4030000000D-01-0.1340000000D-02 0.7089000000D+01 0.1644100000D+00 0.0000000000D+00 0.1790000000D-01 0.2027740000D+00 0.5287000000D+00 0.0000000000D+00 0.5102800000D+01
1  420080201200802172454497.5-0.5621000000D+00-0.4120000000D-02 0.9567520000D+02 0.3614900000D+00 0.1232000000D-02 0.2075000000D+00 0.9175760000D+00 0.5974500000D+01 0.1506400000D+01 0.6221500000D+01-0.5600000000D-01-0.1200000000D-02 0.9621000000D+01 0.1657200000D+00 0.0000000000D+00 0.2300000000D-01 0.5677140000D+00 0.7000000000D+00 0.0000000000D+00 0.5903500000D+01
1  520080217200803042454513.5-0.6102000000D+00 0.2000000000D-04 0.9804290000D+02 0.3562000000D+00 0.1598000000D-02 0.1907000000D+00 0.1140699000D+01 0.6450000000D-01 0.1707700000D+01 0.6898000000D+00-0.7190000000D-01-0.6300000000D-03 0.1226010000D+02 0.1648600000D+00 0.0000000000D+00 0.2540000000D-01 0.8731610000D+00 0.8927000000D+00 0.0000000000D+00 0.4279000000D+00
1  620080304200803202454529.5-0.6184000000D+00 0.3520000000D-02 0.1012168000D+03 0.3540000000D+00 0.1868000000D-02 0.2066000000D+00 0.1370279000D+01 0.4722000000D+00 0.2004800000D+01 0.1454400000D+01-0.8310000000D-01 0.1300000000D-03 0.1490520000D+02 0.1604000000D+00 0.0000000000D+00 0.3160000000D-01 0.1153433000D+01 0.1110100000D+01 0.0000000000D+00 0.1271800000D+01
1  720080320200804052454545.5-0.5800000000D+00 0.5570000000D-02 0.1052132000D+03 0.3574400000D+00 0.2149000000D-02 0.2053000000D+00 0.1608007000D+01 0.9128000000D+00 0.2442800000D+01 0.2100200000D+01-0.8500000000D-01 0.7800000000D-03 0.1747660000D+02 0.1500300000D+00 0.0000000000D+00 0.3600000000D-01 0.1424002000D+01 0.1358300000D+01 0.0000000000D+00 0.1939400000D+01
1  820080405200804212454561.5-0.5105000000D+00 0.7750000000D-02 0.1100107000D+03 0.3655900000D+00 0.2444000000D-02 0.1925000000D+00 0.1855508000D+01 0.1389800000D+01 0.2978900000D+01 0.2937100000D+01-0.7700000000D-01 0.1370000000D-02 0.1988260000D+02 0.1305600000D+00 0.0000000000D+00 0.3540000000D-01 0.1693126000D+01 0.1646500000D+01 0.0000000000D+00 0.2772700000D+01
1  920080421200805072454577.5-0.4230000000D+00 0.1098000000D-01 0.1154991000D+03 0.3772400000D+00 0.2895000000D-02 0.2219000000D+00 0.2114614000D+01 0.1892000000D+01 0.3591900000D+01 0.3732100000D+01-0.6070000000D-01 0.1980000000D-02 0.2198640000D+02 0.9930000000D-01 0.0000000000D+00 0.4330000000D-01 0.1965827000D+01 0.1995500000D+01 0.0000000000D+00 0.3600000000D+01
1 1020080507200805232454593.5-0.3119000000D+00 0.1352000000D-01 0.1214362000D+03 0.3878900000D+00 0.3546000000D-02 0.2253000000D+00 0.2386610000D+01 0.2419500000D+01 0.4246100000D+01 0.4429800000D+01-0.3580000000D-01 0.2210000000D-02 0.2360460000D+02 0.5590000000D-01 0.0000000000D+00 0.4570000000D-01 0.2244922000D+01 0.2514700000D+01 0.0000000000D+00 0.4235400000D+01
1 1120080523200806082454609.5-0.1700000000D+00 0.1371000000D-01 0.1273765000D+03 0.3867300000D+00 0.4232000000D-02 0.2261000000D+00 0.2672036000D+01 0.2977000000D+01 0.4879600000D+01 0.5317400000D+01-0.3300000000D-02 0.1780000000D-02 0.2450230000D+02 0.2562000000D-01 0.0000000000D+00 0.3950000000D-01 0.2531599000D+01 0.4235300000D+01 0.0000000000D+00 0.5049600000D+01
1 1220080608200806242454625.5-0.1410000000D-01 0.1296000000D-01 0.1326582000D+03 0.3709900000D+00 0.4644000000D-02 0.2553000000D+00 0.2969603000D+01 0.3599300000D+01 0.5598200000D+01 0.6089000000D+01 0.2910000000D-01 0.1190000000D-02 0.2446450000D+02 0.7095000000D-01 0.0000000000D+00 0.3940000000D-01 0.2824886000D+01 0.5531100000D+01 0.0000000000D+00 0.5943100000D+01
1 1320080624200807102454641.5 0.1314000000D+00 0.1316000000D-01 0.1364611000D+03 0.3462500000D+00 0.5431000000D-02 0.2387000000D+00 0.3276431000D+01 0.4283600000D+01 0.6580000000D-01 0.5783000000D+00 0.5260000000D-01 0.1050000000D-02 0.2341740000D+02 0.1177400000D+00 0.0000000000D+00 0.3710000000D-01 0.3121927000D+01 0.6039800000D+01 0.0000000000D+00 0.4864000000D+00
1 1420080710200807262454657.5 0.2700000000D+00 0.1274000000D-01 0.1381064000D+03 0.3108300000D+00 0.5781000000D-02 0.2475000000D+00 0.3587905000D+01 0.5059900000D+01 0.7239000000D+00 0.1476800000D+01 0.6620000000D-01 0.1190000000D-02 0.2153810000D+02 0.1411100000D+00 0.0000000000D+00 0.3650000000D-01 0.3418199000D+01 0.1617000000D+00 0.0000000000D+00 0.1305900000D+01
1 1520080726200808112454673.5 0.4113000000D+00 0.9870000000D-02 0.1372652000D+03 0.2921100000D+00 0.5352000000D-02 0.2485000000D+00 0.3897788000D+01 0.5933000000D+01 0.1360700000D+01 0.2195000000D+01 0.7540000000D-01 0.1020000000D-02 0.1926250000D+02 0.1346000000D+00 0.0000000000D+00 0.3240000000D-01 0.3708638000D+01 0.5219000000D+00 0.0000000000D+00 0.1969500000D+01
1 1620080811200808272454689.5 0.5386000000D+00 0.6180000000D-02 0.1341243000D+03 0.3109600000D+00 0.4454000000D-02 0.2183000000D+00 0.4200019000D+01 0.5064000000D+00 0.2025400000D+01 0.3029400000D+01 0.8220000000D-01 0.5600000000D-03 0.1710480000D+02 0.1024700000D+00 0.0000000000D+00 0.2510000000D-01 0.3991036000D+01 0.8479000000D+00 0.0000000000D+00 0.2810700000D+01
1 1720080827200809122454705.5 0.6268000000D+00 0.3890000000D-02 0.1292764000D+03 0.3503700000D+00 0.3698000000D-02 0.2368000000D+00 0.4490006000D+01 0.1221200000D+01 0.2680400000D+01 0.3872100000D+01 0.8590000000D-01 0.2400000000D-03 0.1547260000D+02 0.5727000000D-01 0.0000000000D+00 0.2770000000D-01 0.4267467000D+01 0.1153700000D+01 0.0000000000D+00 0.3719200000D+01
1 1820080912200809282454721.5 0.6786000000D+00 0.2000000000D-02 0.1235009000D+03 0.3861000000D+00 0.2930000000D-02 0.2311000000D+00 0.4765482000D+01 0.1812200000D+01 0.3271200000D+01 0.4531300000D+01 0.8800000000D-01 0.1000000000D-03 0.1456610000D+02 0.1117000000D-01 0.0000000000D+00 0.2980000000D-01 0.4541875000D+01 0.1621600000D+01 0.0000000000D+00 0.4332600000D+01
1 1920080928200810142454737.5 0.7088000000D+00-0.1510000000D-02 0.1174986000D+03 0.4098200000D+00 0.2372000000D-02 0.2122000000D+00 0.5026308000D+01 0.2310700000D+01 0.3771200000D+01 0.5337900000D+01 0.9100000000D-01-0.9000000000D-04 0.1439610000D+02 0.3000000000D-01 0.0000000000D+00 0.2790000000D-01 0.4815556000D+01 0.4616200000D+01 0.0000000000D+00 0.5064500000D+01
1 2020081014200810302454753.5 0.7103000000D+00-0.5690000000D-02 0.1117538000D+03 0.4214500000D+00 0.1705000000D-02 0.2302000000D+00 0.5273837000D+01 0.2758100000D+01 0.4161500000D+01 0.6074700000D+01 0.9470000000D-01-0.4600000000D-03 0.1487010000D+02 0.6253000000D-01 0.0000000000D+00 0.3150000000D-01 0.5085808000D+01 0.4865600000D+01 0.0000000000D+00 0.5865500000D+01
1 2120081030200811152454769.5 0.6671000000D+00-0.8360000000D-02 0.1065749000D+03 0.4280100000D+00 0.1096000000D-02 0.2225000000D+00 0.5510055000D+01 0.3167000000D+01 0.4655200000D+01 0.4311000000D+00 0.9580000000D-01-0.8100000000D-03 0.1585190000D+02 0.8849000000D-01 0.0000000000D+00 0.3460000000D-01 0.5348842000D+01 0.5059700000D+01 0.0000000000D+00 0.2671000000D+00
1 2220081115200812012454785.5 0.5801000000D+00-0.9540000000D-02 0.1021155000D+03 0.4290500000D+00 0.7720000000D-03 0.2112000000D+00 0.5737015000D+01 0.3541600000D+01 0.5294000000D+01 0.1187400000D+01 0.9150000000D-01-0.1130000000D-02 0.1721550000D+02 0.1092200000D+00 0.0000000000D+00 0.3670000000D-01 0.5602380000D+01 0.5235600000D+01 0.0000000000D+00 0.1058900000D+01
1 2320081201200812172454801.5 0.4680000000D+00-0.1088000000D-01 0.9843710000D+02 0.4235800000D+00 0.6940000000D-03 0.2271000000D+00 0.5956643000D+01 0.3891500000D+01 0.5886000000D+01 0.1854100000D+01 0.8150000000D-01-0.1670000000D-02 0.1885550000D+02 0.1263500000D+00 0.0000000000D+00 0.4550000000D-01 0.5846146000D+01 0.5406800000D+01 0.0000000000D+00 0.1777500000D+01
1 2420081217200901022454817.5 0.3414000000D+00-0.1263000000D-01 0.9556730000D+02 0.4129800000D+00 0.5750000000D-03 0.2160000000D+00 0.6171099000D+01 0.4228900000D+01 0.2550000000D-01 0.2448100000D+01 0.6510000000D-01-0.2490000000D-02 0.2069660000D+02 0.1404700000D+00 0.0000000000D+00 0.4980000000D-01 0.6081619000D+01 0.5579200000D+01 0.0000000000D+00 0.2384500000D+01
2 2520071231200801162454465.5 0.1436500000D+01 0.1952000000D-01 0.1485756000D+03 0.5834900000D+00 0.1482000000D-02 0.6557000000D+00 0.1419426000D+01 0.6200800000D+01 0.1697200000D+01 0.3705500000D+01 0.1050000000D+00 0.2680000000D-02 0.7091100000D+01 0.2571800000D+00 0.0000000000D+00 0.3820000000D-01 0.4774590000D+00 0.1308700000D+01 0.0000000000D+00 0.3048300000D+01
2 2620080116200802012454481.5 0.1791800000D+01 0.1291000000D-01 0.1498756000D+03 0.5654100000D+00 0.1682000000D-02 0.6720000000D+00 0.4533747000D+01 0.3163000000D+01 0.4452600000D+01 0.3939500000D+01 0.1453000000D+00 0.2980000000D-02 0.1033470000D+02 0.2603400000D+00 0.0000000000D+00 0.5300000000D-01 0.3953076000D+01 0.4359900000D+01 0.0000000000D+00 0.3431500000D+01
2 2720080201200802172454497.5 0.2036300000D+01 0.5500000000D-02 0.1523300000D+03 0.5873700000D+00 0.2008000000D-02 0.6877000000D+00 0.1368591000D+01 0.1450000000D+00 0.2129300000D+01 0.4164700000D+01 0.2023000000D+00 0.2710000000D-02 0.1426560000D+02 0.2622900000D+00 0.0000000000D+00 0.7510000000D-01 0.9620590000D+00 0.1139500000D+01 0.0000000000D+00 0.3817500000D+01
2 2820080217200803042454513.5 0.2145800000D+01-0.1080000000D-02 0.1561357000D+03 0.5643900000D+00 0.1757000000D-02 0.7165000000D+00 0.4489968000D+01 0.3430300000D+01 0.4775500000D+01 0.4401200000D+01 0.2446000000D+00 0.1690000000D-02 0.1842220000D+02 0.2605100000D+00 0.0000000000D+00 0.9110000000D-01 0.4178329000D+01 0.4227200000D+01 0.0000000000D+00 0.4127500000D+01
2 2920080304200803202454529.5 0.2129700000D+01-0.8320000000D-02 0.1611949000D+03 0.5851200000D+00 0.3440000000D-02 0.7555000000D+00 0.1335255000D+01 0.4210000000D+00 0.2196600000D+01 0.4642700000D+01 0.2739000000D+00 0.2200000000D-03 0.2259700000D+02 0.2540300000D+00 0.0000000000D+00 0.1138000000D+00 0.1080135000D+01 0.1055000000D+01 0.0000000000D+00 0.4394000000D+01
2 3020080320200804052454545.5 0.1985100000D+01-0.1484000000D-01 0.1676335000D+03 0.5693600000D+00 0.3254000000D-02 0.7965000000D+00 0.4470747000D+01 0.3765000000D+01 0.5189900000D+01 0.4881500000D+01 0.2759000000D+00-0.1720000000D-02 0.2667150000D+02 0.2365900000D+00 0.0000000000D+00 0.1334000000D+00 0.4252125000D+01 0.4196400000D+01 0.0000000000D+00 0.4693000000D+01
2 3120080405200804212454561.5 0.1715000000D+01-0.1976000000D-01 0.1752438000D+03 0.5938700000D+00 0.4345000000D-02 0.8490000000D+00 0.1333242000D+01 0.8404000000D+00 0.2515800000D+01 0.5137100000D+01 0.2386000000D+00-0.3130000000D-02 0.3046140000D+02 0.2067400000D+00 0.0000000000D+00 0.1491000000D+00 0.1137790000D+01 0.1095000000D+01 0.0000000000D+00 0.4930400000D+01
2 3220080421200805072454577.5 0.1341900000D+01-0.2390000000D-01 0.1840581000D+03 0.5941300000D+00 0.3955000000D-02 0.9053000000D+00 0.4490209000D+01 0.4253400000D+01 0.5862900000D+01 0.5402400000D+01 0.1833000000D+00-0.4940000000D-02 0.3377640000D+02 0.1564300000D+00 0.0000000000D+00 0.1728000000D+00 0.4309567000D+01 0.4322400000D+01 0.0000000000D+00 0.5248500000D+01
2 3320080507200805232454593.5 0.8975000000D+00-0.2808000000D-01 0.1934889000D+03 0.6100600000D+00 0.5869000000D-02 0.9648000000D+00 0.1377049000D+01 0.1383300000D+01 0.3126600000D+01 0.5668000000D+01 0.8320000000D-01-0.5190000000D-02 0.3628840000D+02 0.8793000000D-01 0.0000000000D+00 0.1721000000D+00 0.1203588000D+01 0.1426600000D+01 0.0000000000D+00 0.5479500000D+01
2 3420080523200806082454609.5 0.3797000000D+00-0.2887000000D-01 0.2029746000D+03 0.5995800000D+00 0.6645000000D-02 0.1020700000D+01 0.4560753000D+01 0.4851000000D+01 0.3703000000D+00 0.5955500000D+01-0.4700000000D-02-0.5920000000D-02 0.3766010000D+02 0.3325000000D-01 0.0000000000D+00 0.1952000000D+00 0.4388552000D+01 0.6134800000D+01 0.0000000000D+00 0.5791700000D+01
2 3520080608200806242454625.5-0.1723000000D+00-0.2768000000D-01 0.2113187000D+03 0.5981500000D+00 0.7681000000D-02 0.1066500000D+01 0.1473323000D+01 0.2113000000D+01 0.4094700000D+01 0.6245700000D+01-0.1225000000D+00-0.3750000000D-02 0.3755410000D+02 0.1115400000D+00 0.0000000000D+00 0.1719000000D+00 0.1296207000D+01 0.4068600000D+01 0.0000000000D+00 0.6059500000D+01
2 3620080624200807102454641.5-0.7014000000D+00-0.2809000000D-01 0.2174036000D+03 0.5470400000D+00 0.7903000000D-02 0.1090900000D+01 0.4679932000D+01 0.5711100000D+01 0.1406400000D+01 0.2564000000D+00-0.1956000000D+00-0.3590000000D-02 0.3585570000D+02 0.1872400000D+00 0.0000000000D+00 0.1785000000D+00 0.4491031000D+01 0.1169800000D+01 0.0000000000D+00 0.5630000000D-01
2 3720080710200807262454657.5-0.1217400000D+01-0.2528000000D-01 0.2200138000D+03 0.5197700000D+00 0.8861000000D-02 0.1094100000D+01 0.1607936000D+01 0.3105400000D+01 0.5061100000D+01 0.5618000000D+00-0.2576000000D+00-0.1580000000D-02 0.3285880000D+02 0.2248800000D+00 0.0000000000D+00 0.1522000000D+00 0.1400650000D+01 0.4451500000D+01 0.0000000000D+00 0.3352000000D+00
2 3820080726200808112454673.5-0.1684000000D+01-0.2100000000D-01 0.2186096000D+03 0.4730800000D+00 0.7636000000D-02 0.1071000000D+01 0.4819054000D+01 0.5714000000D+00 0.2178200000D+01 0.8510000000D+00-0.2947000000D+00-0.2100000000D-03 0.2922720000D+02 0.2107500000D+00 0.0000000000D+00 0.1340000000D+00 0.4587632000D+01 0.1414700000D+01 0.0000000000D+00 0.6295000000D+00
2 3920080811200808272454689.5-0.2072100000D+01-0.1627000000D-01 0.2136031000D+03 0.5224700000D+00 0.7663000000D-02 0.1032500000D+01 0.1738842000D+01 0.4249100000D+01 0.5856200000D+01 0.1141900000D+01-0.2989000000D+00-0.3500000000D-03 0.2582880000D+02 0.1587100000D+00 0.0000000000D+00 0.1249000000D+00 0.1483735000D+01 0.4622600000D+01 0.0000000000D+00 0.8287000000D+00
2 4020080827200809122454705.5-0.2357800000D+01-0.1135000000D-01 0.2058451000D+03 0.5634100000D+00 0.5313000000D-02 0.9818000000D+00 0.4931164000D+01 0.1600800000D+01 0.3130600000D+01 0.1421400000D+01-0.3062000000D+00 0.4100000000D-03 0.2328300000D+02 0.8563000000D-01 0.0000000000D+00 0.1069000000D+00 0.4659106000D+01 0.1505100000D+01 0.0000000000D+00 0.1218900000D+01
2 4120080912200809282454721.5-0.2541300000D+01-0.4860000000D-02 0.1966782000D+03 0.6070800000D+00 0.5702000000D-02 0.9283000000D+00 0.1825615000D+01 0.5057600000D+01 0.3041000000D+00 0.1677400000D+01-0.2990000000D+00-0.6300000000D-03 0.2192010000D+02 0.1376000000D-01 0.0000000000D+00 0.1068000000D+00 0.1552008000D+01 0.4451300000D+01 0.0000000000D+00 0.1336500000D+01
2 4220080928200810142454737.5-0.2608100000D+01 0.2450000000D-02 0.1870732000D+03 0.6330000000D+00 0.2980000000D-02 0.8728000000D+00 0.4989711000D+01 0.2237500000D+01 0.3722800000D+01 0.1930400000D+01-0.3071000000D+00-0.1500000000D-03 0.2171730000D+02 0.5107000000D-01 0.0000000000D+00 0.1067000000D+00 0.4730171000D+01 0.4748100000D+01 0.0000000000D+00 0.1741000000D+01
2 4320081014200810302454753.5-0.2537200000D+01 0.8640000000D-02 0.1779923000D+03 0.6461500000D+00 0.3366000000D-02 0.8204000000D+00 0.1856624000D+01 0.5566200000D+01 0.6829000000D+00 0.2171800000D+01-0.3043000000D+00-0.6000000000D-03 0.2255020000D+02 0.1010300000D+00 0.0000000000D+00 0.1072000000D+00 0.1623571000D+01 0.1528000000D+01 0.0000000000D+00 0.1914800000D+01
2 4420081030200811152454769.5-0.2351700000D+01 0.1601000000D-01 0.1697680000D+03 0.6672700000D+00 0.2176000000D-02 0.7797000000D+00 0.4995658000D+01 0.2612800000D+01 0.4545700000D+01 0.2395300000D+01-0.3103000000D+00 0.5700000000D-03 0.2417800000D+02 0.1420600000D+00 0.0000000000D+00 0.1218000000D+00 0.4793235000D+01 0.4603400000D+01 0.0000000000D+00 0.2230300000D+01
2 4520081115200812012454785.5-0.2046500000D+01 0.2217000000D-01 0.1626877000D+03 0.6580600000D+00 0.1957000000D-02 0.7373000000D+00 0.1841680000D+01 0.5887600000D+01 0.1304400000D+01 0.2626400000D+01-0.2904000000D+00 0.1550000000D-02 0.2642980000D+02 0.1729900000D+00 0.0000000000D+00 0.1246000000D+00 0.1669795000D+01 0.1382200000D+01 0.0000000000D+00 0.2467400000D+01
2 4620081201200812172454801.5-0.1632400000D+01 0.2632000000D-01 0.1568154000D+03 0.6448800000D+00 0.1231000000D-02 0.7086000000D+00 0.4963294000D+01 0.2874200000D+01 0.4677500000D+01 0.2846100000D+01-0.2595000000D+00 0.3340000000D-02 0.2910990000D+02 0.1995800000D+00 0.0000000000D+00 0.1427000000D+00 0.4818683000D+01 0.4449100000D+01 0.0000000000D+00 0.2708900000D+01
2 4720081217200901022454817.5-0.1146900000D+01 0.3018000000D-01 0.1522766000D+03 0.6368100000D+00 0.1286000000D-02 0.6856000000D+00 0.1796566000D+01 0.6115200000D+01 0.1536200000D+01 0.3068200000D+01-0.1876000000D+00 0.5260000000D-02 0.3212240000D+02 0.2211200000D+00 0.0000000000D+00 0.1520000000D+00 0.1675497000D+01 0.1223700000D+01 0.0000000000D+00 0.2973700000D+01
3 4820071231200801172454465.5-0.3385000000D+00-0.5010000000D-02 0.2368933000D+03 0.9307000000D+00 0.1543000000D-02 0.1332000000D+00 0.3176100000D+00 0.5110500000D+01 0.4810000000D+00 0.5270500000D+01 0.1480000000D-01-0.1620000000D-02 0.1238790000D+02 0.4143600000D+00 0.0000000000D+00 0.2110000000D-01 0.5743157000D+01 0.2076000000D+00 0.0000000000D+00 0.4139800000D+01
3 4920080117200802032454482.5-0.4353000000D+00-0.4700000000D-02 0.2391249000D+03 0.9238500000D+00 0.1789000000D-02 0.1589000000D+00 0.2614902000D+01 0.1259300000D+01 0.2728600000D+01 0.3700900000D+01-0.4000000000D-03-0.5700000000D-03 0.1820870000D+02 0.4159300000D+00 0.0000000000D+00 0.5400000000D-02 0.2087905000D+01 0.2437900000D+01 0.0000000000D+00 0.3368700000D+01
3 5020080203200802202454499.5-0.4755000000D+00 0.7380000000D-02 0.2435352000D+03 0.9279100000D+00 0.3098000000D-02 0.1527000000D+00 0.4915269000D+01 0.3696500000D+01 0.5290800000D+01 0.2335200000D+01-0.2870000000D-01 0.4900000000D-03 0.2500780000D+02 0.4194300000D+00 0.0000000000D+00 0.2400000000D-01 0.4547994000D+01 0.4677100000D+01 0.0000000000D+00 0.1928200000D+01
3 5120080220200803082454516.5-0.3061000000D+00-0.4820000000D-02 0.2501576000D+03 0.9410400000D+00 0.3364000000D-02 0.1307000000D+00 0.9373580000D+00 0.6173900000D+01 0.1642800000D+01 0.6891000000D+00-0.5400000000D-02-0.1610000000D-02 0.3209760000D+02 0.4186600000D+00 0.0000000000D+00 0.1110000000D-01 0.6565510000D+00 0.6660000000D+00 0.0000000000D+00 0.1864000000D+00
3 5220080308200803252454533.5-0.3962000000D+00-0.1950000000D-02 0.2592465000D+03 0.9367800000D+00 0.3846000000D-02 0.1559000000D+00 0.3249331000D+01 0.2385600000D+01 0.4016700000D+01 0.5403100000D+01-0.2430000000D-01-0.2500000000D-03 0.3922760000D+02 0.4009900000D+00 0.0000000000D+00 0.2900000000D-01 0.3020627000D+01 0.2967200000D+01 0.0000000000D+00 0.5269200000D+01
3 5320080325200804112454550.5-0.3743000000D+00 0.9490000000D-02 0.2707034000D+03 0.9382400000D+00 0.5526000000D-02 0.1510000000D+00 0.5570631000D+01 0.4904300000D+01 0.1896000000D+00 0.4124300000D+01-0.3330000000D-01 0.1850000000D-02 0.4608270000D+02 0.3666400000D+00 0.0000000000D+00 0.1610000000D-01 0.5375393000D+01 0.5296500000D+01 0.0000000000D+00 0.3847200000D+01
3 5420080411200804282454567.5-0.1741000000D+00-0.5620000000D-02 0.2842964000D+03 0.9678400000D+00 0.6940000000D-02 0.1205000000D+00 0.1620403000D+01 0.1184700000D+01 0.2935400000D+01 0.2527500000D+01-0.1900000000D-02-0.1830000000D-02 0.5231390000D+02 0.3070300000D+00 0.0000000000D+00 0.3380000000D-01 0.1445891000D+01 0.1395800000D+01 0.0000000000D+00 0.2813600000D+01
3 5520080428200805152454584.5-0.2854000000D+00 0.4400000000D-03 0.2997427000D+03 0.9742800000D+00 0.8648000000D-02 0.1423000000D+00 0.3966822000D+01 0.3784600000D+01 0.5576800000D+01 0.9661000000D+00 0.5900000000D-02 0.6100000000D-03 0.5753430000D+02 0.2057100000D+00 0.0000000000D+00 0.3190000000D-01 0.3803585000D+01 0.3882100000D+01 0.0000000000D+00 0.2630000000D+00
3 5620080515200806012454601.5-0.2084000000D+00 0.7810000000D-02 0.3159342000D+03 0.9699400000D+00 0.9838000000D-02 0.1388000000D+00 0.4509800000D-01 0.1630000000D+00 0.1997000000D+01 0.6002200000D+01-0.2860000000D-01 0.2300000000D-02 0.6110180000D+02 0.7494000000D-01 0.0000000000D+00 0.3470000000D-01 0.6170175000D+01 0.5271000000D+00 0.0000000000D+00 0.5210000000D+00
3 5720080601200806182454618.5-0.4580000000D-01-0.6100000000D-02 0.3311701000D+03 0.9601200000D+00 0.1216000000D-01 0.9260000000D-01 0.2421907000D+01 0.2868600000D+01 0.4846500000D+01 0.4503900000D+01 0.5350000000D-01-0.2580000000D-02 0.6221700000D+02 0.1187400000D+00 0.0000000000D+00 0.5760000000D-01 0.2263022000D+01 0.4888000000D+01 0.0000000000D+00 0.4135800000D+01
3 5820080618200807052454635.5-0.1753000000D+00-0.1610000000D-02 0.3433815000D+03 0.8752400000D+00 0.1288200000D-01 0.1146000000D+00 0.4812081000D+01 0.5659400000D+01 0.1287200000D+01 0.2813200000D+01 0.1380000000D-01 0.1060000000D-02 0.6042420000D+02 0.2582600000D+00 0.0000000000D+00 0.2750000000D-01 0.4644259000D+01 0.1263400000D+01 0.0000000000D+00 0.1240000000D+01
3 5920080705200807222454652.5-0.1346000000D+00 0.8960000000D-02 0.3500124000D+03 0.8158500000D+00 0.1328200000D-01 0.1113000000D+00 0.9274990000D+00 0.2269300000D+01 0.4190700000D+01 0.1713600000D+01 0.1790000000D-01 0.1300000000D-02 0.5602430000D+02 0.3484200000D+00 0.0000000000D+00 0.1560000000D-01 0.7433380000D+00 0.3753500000D+01 0.0000000000D+00 0.2281800000D+01
3 6020080722200808082454669.5 0.4160000000D-01-0.8970000000D-02 0.3496013000D+03 0.7885800000D+00 0.1352800000D-01 0.6220000000D-01 0.3327687000D+01 0.5210500000D+01 0.7130000000D+00 0.1716000000D+00 0.4430000000D-01-0.1640000000D-02 0.5002670000D+02 0.3493500000D+00 0.0000000000D+00 0.1600000000D-01 0.3121712000D+01 0.6203600000D+01 0.0000000000D+00 0.6011000000D+00
3 6120080808200808252454686.5-0.1374000000D+00 0.1280000000D-02 0.3424375000D+03 0.8286000000D+00 0.9962000000D-02 0.7490000000D-01 0.5722281000D+01 0.1904300000D+01 0.3539100000D+01 0.4675200000D+01 0.3490000000D-01-0.4100000000D-03 0.4399240000D+02 0.2704500000D+00 0.0000000000D+00 0.3440000000D-01 0.5491909000D+01 0.2319300000D+01 0.0000000000D+00 0.4188500000D+01
3 6220080825200809112454703.5-0.6620000000D-01 0.9080000000D-02 0.3298390000D+03 0.8872300000D+00 0.9347000000D-02 0.8080000000D-01 0.1821605000D+01 0.4703000000D+01 0.6207400000D+01 0.3673200000D+01 0.3380000000D-01 0.1620000000D-02 0.3937510000D+02 0.1568700000D+00 0.0000000000D+00 0.2020000000D-01 0.1573680000D+01 0.4676500000D+01 0.0000000000D+00 0.7249000000D+00
3 6320080911200809282454720.5 0.1008000000D+00-0.7120000000D-02 0.3144132000D+03 0.9507800000D+00 0.7920000000D-02 0.4030000000D-01 0.4188828000D+01 0.1122500000D+01 0.2565200000D+01 0.2388700000D+01 0.2510000000D-01-0.1480000000D-02 0.3677960000D+02 0.3309000000D-01 0.0000000000D+00 0.2060000000D-01 0.3939604000D+01 0.7388000000D+00 0.0000000000D+00 0.2835200000D+01
3 6420080928200810152454737.5-0.5050000000D-01 0.2330000000D-02 0.2983332000D+03 0.1029890000D+01 0.6457000000D-02 0.4640000000D-01 0.2569650000D+00 0.3742000000D+01 0.5495200000D+01 0.3618000000D+00 0.4520000000D-01-0.3600000000D-03 0.3624640000D+02 0.8059000000D-01 0.0000000000D+00 0.1660000000D-01 0.2209900000D-01 0.6261900000D+01 0.0000000000D+00 0.5097300000D+01
3 6520081015200811012454754.5 0.2950000000D-01 0.7170000000D-02 0.2827998000D+03 0.1030740000D+01 0.4174000000D-02 0.5610000000D-01 0.2593483000D+01 0.3460000000D-01 0.1597900000D+01 0.5673600000D+01 0.2280000000D-01 0.1530000000D-02 0.3760240000D+02 0.1649800000D+00 0.0000000000D+00 0.1940000000D-01 0.2383930000D+01 0.2272000000D+01 0.0000000000D+00 0.4052000000D+00
3 6620081101200811182454771.5 0.1401000000D+00-0.6850000000D-02 0.2690431000D+03 0.1040950000D+01 0.3515000000D-02 0.2660000000D-01 0.4916932000D+01 0.2538700000D+01 0.4180700000D+01 0.4775400000D+01 0.3350000000D-01-0.1610000000D-02 0.4042740000D+02 0.2282800000D+00 0.0000000000D+00 0.1210000000D-01 0.4738947000D+01 0.4510500000D+01 0.0000000000D+00 0.3564700000D+01
3 6720081118200812052454788.5-0.4900000000D-02 0.1700000000D-02 0.2573970000D+03 0.1043520000D+01 0.3933000000D-02 0.1950000000D-01 0.9464950000D+00 0.4997500000D+01 0.5447000000D+00 0.2278000000D+01 0.2970000000D-01 0.5000000000D-04 0.4426000000D+02 0.2838500000D+00 0.0000000000D+00 0.7000000000D-02 0.7995170000D+00 0.4674000000D+00 0.0000000000D+00 0.4480000000D+01
3 6820081205200812222454805.5 0.6010000000D-01 0.4060000000D-02 0.2478810000D+03 0.1025640000D+01 0.1986000000D-02 0.3340000000D-01 0.3251303000D+01 0.1191600000D+01 0.3113200000D+01 0.1317700000D+01 0.2430000000D-01 0.1240000000D-02 0.4884450000D+02 0.3271500000D+00 0.0000000000D+00 0.1920000000D-01 0.3130689000D+01 0.2721000000D+01 0.0000000000D+00 0.9173000000D+00
3 6920081222200901082454822.5 0.1029000000D+00-0.7720000000D-02 0.2407769000D+03 0.1009970000D+01 0.2391000000D-02 0.2270000000D-01 0.5550019000D+01 0.3617900000D+01 0.5514500000D+01 0.1071700000D+01 0.2870000000D-01-0.2180000000D-02 0.5399770000D+02 0.3608900000D+00 0.0000000000D+00 0.7100000000D-02 0.5452309000D+01 0.4965200000D+01 0.0000000000D+00 0.2658900000D+01
4 7020071231200801182454465.5-0.4318600000D+01-0.3050000000D-01 0.4165233000D+03 0.1684090000D+01 0.0000000000D+00 0.1513200000D+01 0.2865517000D+01 0.1406900000D+01 0.0000000000D+00 0.3911900000D+01-0.1699000000D+00 0.5780000000D-02 0.2062320000D+02 0.7070500000D+00 0.0000000000D+00 0.9980000000D-01 0.2092007000D+01 0.2769200000D+01 0.0000000000D+00 0.3073300000D+01
4 7120080118200802052454483.5-0.4574400000D+01-0.6970000000D-02 0.4205260000D+03 0.1669660000D+01 0.0000000000D+00 0.1490300000D+01 0.3288604000D+01 0.1988000000D+01 0.0000000000D+00 0.4811900000D+01-0.2037000000D+00-0.5770000000D-02 0.3196880000D+02 0.7171700000D+00 0.0000000000D+00 0.1268000000D+00 0.2839374000D+01 0.3112500000D+01 0.0000000000D+00 0.4338500000D+01
4 7220080205200802232454501.5-0.4579300000D+01-0.1910000000D-01 0.4291997000D+03 0.1681100000D+01 0.0000000000D+00 0.1518300000D+01 0.3715402000D+01 0.2568800000D+01 0.0000000000D+00 0.5713700000D+01-0.2265000000D+00-0.2000000000D-01 0.4494930000D+02 0.7169600000D+00 0.0000000000D+00 0.1779000000D+00 0.3410122000D+01 0.3472800000D+01 0.0000000000D+00 0.5442000000D+01
4 7320080223200803122454519.5-0.4953400000D+01 0.8080000000D-02 0.4421519000D+03 0.1694160000D+01 0.0000000000D+00 0.1527200000D+01 0.4147719000D+01 0.3188700000D+01 0.0000000000D+00 0.3608000000D+00-0.3186000000D+00-0.2591000000D-01 0.5826930000D+02 0.7041900000D+00 0.0000000000D+00 0.2296000000D+00 0.3917232000D+01 0.3870200000D+01 0.0000000000D+00 0.1404000000D+00
4 7420080312200803302454537.5-0.5424800000D+01 0.5432000000D-01 0.4596537000D+03 0.1730970000D+01 0.0000000000D+00 0.1553400000D+01 0.4588396000D+01 0.3849500000D+01 0.0000000000D+00 0.1289300000D+01-0.4847000000D+00-0.1987000000D-01 0.7131050000D+02 0.6747100000D+00 0.0000000000D+00 0.2691000000D+00 0.4401261000D+01 0.4317500000D+01 0.0000000000D+00 0.1083200000D+01
4 7520080330200804172454555.5-0.5995700000D+01 0.1074900000D+00 0.4819066000D+03 0.1798270000D+01 0.0000000000D+00 0.1642600000D+01 0.5040375000D+01 0.4527800000D+01 0.0000000000D+00 0.2217900000D+01-0.6147000000D+00-0.1462000000D-01 0.8364740000D+02 0.6072900000D+00 0.0000000000D+00 0.3091000000D+00 0.4879793000D+01 0.4809500000D+01 0.0000000000D+00 0.2015500000D+01
4 7620080417200805052454573.5-0.5748000000D+01 0.8340000000D-01 0.5087995000D+03 0.1783440000D+01 0.0000000000D+00 0.1680800000D+01 0.5504559000D+01 0.5253600000D+01 0.0000000000D+00 0.3166400000D+01-0.4765000000D+00-0.3512000000D-01 0.9463560000D+02 0.4687200000D+00 0.0000000000D+00 0.3243000000D+00 0.5359442000D+01 0.5400400000D+01 0.0000000000D+00 0.2966700000D+01
4 7720080505200805232454591.5-0.4861600000D+01-0.2802000000D-01 0.5384548000D+03 0.1744950000D+01 0.0000000000D+00 0.1742500000D+01 0.5984000000D+01 0.6072100000D+01 0.0000000000D+00 0.4122500000D+01-0.1773000000D+00-0.7863000000D-01 0.1030314000D+03 0.2834500000D+00 0.0000000000D+00 0.3345000000D+00 0.5846577000D+01 0.6278200000D+01 0.0000000000D+00 0.3948300000D+01
4 7820080523200806102454609.5-0.3883800000D+01-0.1920400000D+00 0.5677827000D+03 0.1781990000D+01 0.0000000000D+00 0.1882200000D+01 0.1977450000D+00 0.6840000000D+00 0.0000000000D+00 0.5119200000D+01-0.1329000000D+00-0.1013700000D+00 0.1074558000D+03 0.1976100000D+00 0.0000000000D+00 0.3537000000D+00 0.6372800000D-01 0.1666500000D+01 0.0000000000D+00 0.4934800000D+01
4 7920080610200806282454627.5-0.4314400000D+01-0.2307400000D+00 0.5941089000D+03 0.1717650000D+01 0.0000000000D+00 0.1973100000D+01 0.7131630000D+00 0.1591300000D+01 0.0000000000D+00 0.6108100000D+01-0.6607000000D+00-0.5394000000D-01 0.1071408000D+03 0.3693200000D+00 0.0000000000D+00 0.3334000000D+00 0.5776340000D+00 0.3176800000D+01 0.0000000000D+00 0.5911700000D+01
4 8020080628200807162454645.5-0.6326700000D+01-0.7720000000D-01 0.6128490000D+03 0.1519290000D+01 0.0000000000D+00 0.2010300000D+01 0.1241540000D+01 0.2632600000D+01 0.0000000000D+00 0.8265000000D+00-0.1203500000D+01 0.1796000000D-01 0.1014819000D+03 0.5969600000D+00 0.0000000000D+00 0.3097000000D+00 0.1096443000D+01 0.4012700000D+01 0.0000000000D+00 0.6802000000D+00
4 8120080716200808032454663.5-0.8841100000D+01 0.2135200000D+00 0.6187947000D+03 0.1567450000D+01 0.0000000000D+00 0.2084200000D+01 0.1773699000D+01 0.3816400000D+01 0.0000000000D+00 0.1907000000D+01-0.1074700000D+01 0.3240000000D-01 0.9124040000D+02 0.6594400000D+00 0.0000000000D+00 0.3060000000D+00 0.1614047000D+01 0.4652100000D+01 0.0000000000D+00 0.1715100000D+01
4 8220080803200808212454681.5-0.8560500000D+01 0.2675200000D+00 0.6086455000D+03 0.1681160000D+01 0.0000000000D+00 0.2079400000D+01 0.2303919000D+01 0.4812100000D+01 0.0000000000D+00 0.2923400000D+01-0.3510000000D+00-0.2652000000D-01 0.7959110000D+02 0.5190900000D+00 0.0000000000D+00 0.2690000000D+00 0.2129342000D+01 0.5286300000D+01 0.0000000000D+00 0.2666700000D+01
4 8320080821200809082454699.5-0.6623100000D+01 0.1140200000D+00 0.5869424000D+03 0.1701150000D+01 0.0000000000D+00 0.1975800000D+01 0.2824596000D+01 0.5761000000D+01 0.0000000000D+00 0.3936400000D+01 0.3850000000D-01-0.6922000000D-01 0.7022270000D+02 0.3128700000D+00 0.0000000000D+00 0.2393000000D+00 0.2635303000D+01 0.5963700000D+01 0.0000000000D+00 0.3673400000D+01
4 8420080908200809262454717.5-0.4730000000D+01-0.7621000000D-01 0.5592899000D+03 0.1818220000D+01 0.0000000000D+00 0.1901300000D+01 0.3328761000D+01 0.3762000000D+00 0.0000000000D+00 0.4993200000D+01-0.1440000000D-01-0.7015000000D-01 0.6474580000D+02 0.1135000000D+00 0.0000000000D+00 0.2302000000D+00 0.3131579000D+01 0.6113000000D+00 0.0000000000D+00 0.4693900000D+01
4 8520080926200810142454735.5-0.4333300000D+01-0.1090700000D+00 0.5289380000D+03 0.1899730000D+01 0.0000000000D+00 0.1798000000D+01 0.3812616000D+01 0.1107100000D+01 0.0000000000D+00 0.5968700000D+01-0.2313000000D+00-0.5155000000D-01 0.6334260000D+02 0.1184800000D+00 0.0000000000D+00 0.2218000000D+00 0.3623200000D+01 0.3075600000D+01 0.0000000000D+00 0.5678200000D+01
4 8620081014200811012454753.5-0.4722500000D+01-0.5390000000D-01 0.4993350000D+03 0.1880310000D+01 0.0000000000D+00 0.1674900000D+01 0.4279319000D+01 0.1775100000D+01 0.0000000000D+00 0.6463000000D+00-0.4109000000D+00-0.3731000000D-01 0.6559280000D+02 0.2671700000D+00 0.0000000000D+00 0.2260000000D+00 0.4110951000D+01 0.3799900000D+01 0.0000000000D+00 0.4133000000D+00
4 8720081101200811192454771.5-0.5214700000D+01 0.3335000000D-01 0.4729444000D+03 0.1830530000D+01 0.0000000000D+00 0.1569800000D+01 0.4731997000D+01 0.2426200000D+01 0.0000000000D+00 0.1635100000D+01-0.5952000000D+00-0.2249000000D-01 0.7063920000D+02 0.3940000000D+00 0.0000000000D+00 0.2442000000D+00 0.4590254000D+01 0.4259500000D+01 0.0000000000D+00 0.1470700000D+01
4 8820081119200812072454789.5-0.4696900000D+01 0.1535000000D-01 0.4515177000D+03 0.1819540000D+01 0.0000000000D+00 0.1465700000D+01 0.5171963000D+01 0.3011000000D+01 0.0000000000D+00 0.2558900000D+01-0.6855000000D+00-0.1950000000D-01 0.7781830000D+02 0.4878600000D+00 0.0000000000D+00 0.2731000000D+00 0.5057241000D+01 0.4655800000D+01 0.0000000000D+00 0.2445200000D+01
4 8920081207200812252454807.5-0.4350000000D+01 0.7200000000D-02 0.4343521000D+03 0.1784050000D+01 0.0000000000D+00 0.1395300000D+01 0.5602939000D+01 0.3585000000D+01 0.0000000000D+00 0.3490900000D+01-0.8368000000D+00-0.1133000000D-01 0.8639480000D+02 0.5694800000D+00 0.0000000000D+00 0.3097000000D+00 0.5512610000D+01 0.5033400000D+01 0.0000000000D+00 0.3381700000D+01
4 9020081225200901122454825.5-0.4233400000D+01 0.2863000000D-01 0.4218148000D+03 0.1767780000D+01 0.0000000000D+00 0.1332300000D+01 0.6028050000D+01 0.4154800000D+01 0.0000000000D+00 0.4423900000D+01-0.1006900000D+01 0.1560000000D-02 0.9599330000D+02 0.6405500000D+00 0.0000000000D+00 0.3358000000D+00 0.5958143000D+01 0.5403700000D+01 0.0000000000D+00 0.4306100000D+01
