 5 4    2   25   48   70  3.5516  1.7693  0.8782  0.3765 16.0 16.0 17.0 18.0   90 2456292.5000 2013                                                                                                                                                                                                                                                                              
1  220121231201301162456292.5-0.7525000000D+00 0.2570000000D-02 0.1366016000D+03 0.3653400000D+00 0.4584000000D-02 0.2756000000D+00 0.2248996000D+01 0.4825900000D+01 0.9160000000D-01 0.3215600000D+01-0.1339000000D+00-0.1450000000D-02 0.2361100000D+02 0.9530000000D-02 0.0000000000D+00 0.5240000000D-01 0.2563908000D+01 0.2007300000D+01 0.0000000000D+00 0.3438500000D+01
1  320130116201302012456308.5-0.6457000000D+00 0.3500000000D-02 0.1310644000D+03 0.3922800000D+00 0.3561000000D-02 0.2357000000D+00 0.2542340000D+01 0.5521200000D+01 0.8148000000D+00 0.4034300000D+01-0.1283000000D+00-0.8200000000D-03 0.2374200000D+02 0.5506000000D-01 0.0000000000D+00 0.4380000000D-01 0.2836554000D+01 0.6192600000D+01 0.0000000000D+00 0.4219000000D+01
1  420130201201302172456324.5-0.5200000000D+00 0.5250000000D-02 0.1247397000D+03 0.4125800000D+00 0.3059000000D-02 0.2355000000D+00 0.2820212000D+01 0.6108800000D+01 0.1507000000D+01 0.4815100000D+01-0.1147000000D+00 0.1100000000D-03 0.2286250000D+02 0.1035900000D+00 0.0000000000D+00 0.4000000000D-01 0.3104321000D+01 0.1434000000D+00 0.0000000000D+00 0.4999400000D+01
1  520130217201303052456340.5-0.3887000000D+00 0.8190000000D-02 0.1184073000D+03 0.4189000000D+00 0.2576000000D-02 0.2051000000D+00 0.3082583000D+01 0.3418000000D+00 0.2015000000D+01 0.5488600000D+01-0.9480000000D-01 0.9900000000D-03 0.2120900000D+02 0.1363700000D+00 0.0000000000D+00 0.3160000000D-01 0.3366392000D+01 0.3821000000D+00 0.0000000000D+00 0.5784600000D+01
1  620130305201303212456356.5-0.2407000000D+00 0.1002000000D-01 0.1125941000D+03 0.4194300000D+00 0.2042000000D-02 0.1802000000D+00 0.3331097000D+01 0.8057000000D+00 0.2455900000D+01 0.6910000000D-01-0.6860000000D-01 0.1300000000D-02 0.1903970000D+02 0.1554900000D+00 0.0000000000D+00 0.2880000000D-01 0.3624591000D+01 0.6011000000D+00 0.0000000000D+00 0.4532000000D+00
1  720130321201304062456372.5-0.7570000000D-01 0.9880000000D-02 0.1075509000D+03 0.4162700000D+00 0.1491000000D-02 0.1923000000D+00 0.3568119000D+01 0.1232100000D+01 0.2874500000D+01 0.8069000000D+00-0.4010000000D-01 0.1040000000D-02 0.1656110000D+02 0.1644400000D+00 0.0000000000D+00 0.2750000000D-01 0.3882986000D+01 0.7990000000D+00 0.0000000000D+00 0.1164400000D+01
1  820130406201304222456388.5 0.8590000000D-01 0.9400000000D-02 0.1033737000D+03 0.4115700000D+00 0.1098000000D-02 0.1765000000D+00 0.3796180000D+01 0.1624600000D+01 0.3302500000D+01 0.1467400000D+01-0.1590000000D-01 0.6400000000D-03 0.1392700000D+02 0.1671400000D+00 0.0000000000D+00 0.2170000000D-01 0.4148260000D+01 0.9760000000D+00 0.0000000000D+00 0.1954600000D+01
1  920130422201305082456404.5 0.2254000000D+00 0.9780000000D-02 0.1000577000D+03 0.4058100000D+00 0.7340000000D-03 0.1686000000D+00 0.4017544000D+01 0.1996400000D+01 0.3855200000D+01 0.2315000000D+01 0.0000000000D+00 0.2600000000D-03 0.1124330000D+02 0.1663700000D+00 0.0000000000D+00 0.2010000000D-01 0.4431877000D+01 0.1134800000D+01 0.0000000000D+00 0.2840200000D+01
1 1020130508201305242456420.5 0.3441000000D+00 0.9770000000D-02 0.9759310000D+02 0.4014400000D+00 0.7180000000D-03 0.1874000000D+00 0.4234335000D+01 0.2341900000D+01 0.4573400000D+01 0.3018200000D+01 0.8200000000D-02-0.2000000000D-03 0.8610000000D+01 0.1647300000D+00 0.0000000000D+00 0.1650000000D-01 0.4756409000D+01 0.1279000000D+01 0.0000000000D+00 0.3512100000D+01
1 1120130524201306092456436.5 0.4481000000D+00 0.7900000000D-02 0.9592620000D+02 0.3941800000D+00 0.8080000000D-03 0.1805000000D+00 0.4448280000D+01 0.2666200000D+01 0.4868500000D+01 0.3693800000D+01 0.9200000000D-02-0.7100000000D-03 0.6171100000D+01 0.1632100000D+00 0.0000000000D+00 0.1000000000D-01 0.5174872000D+01 0.1415200000D+01 0.0000000000D+00 0.4387500000D+01
1 1220130609201306252456452.5 0.5279000000D+00 0.4960000000D-02 0.9499910000D+02 0.3861800000D+00 0.8780000000D-03 0.1864000000D+00 0.4661030000D+01 0.2986300000D+01 0.5083800000D+01 0.4489800000D+01 0.3200000000D-02-0.1020000000D-02 0.4311700000D+01 0.1623200000D+00 0.0000000000D+00 0.5700000000D-02 0.5812369000D+01 0.1548700000D+01 0.0000000000D+00 0.5757400000D+01
1 1320130625201307112456468.5 0.5667000000D+00 0.2630000000D-02 0.9477360000D+02 0.3776200000D+00 0.9020000000D-03 0.2080000000D+00 0.4874048000D+01 0.3312400000D+01 0.5278100000D+01 0.5137600000D+01-0.7300000000D-02-0.1070000000D-02 0.3958500000D+01 0.1621900000D+00 0.0000000000D+00 0.8900000000D-02 0.4420640000D+00 0.1685200000D+01 0.0000000000D+00 0.1292700000D+01
1 1420130711201307272456484.5 0.5618000000D+00 0.9000000000D-03 0.9523860000D+02 0.3709300000D+00 0.1017000000D-02 0.2017000000D+00 0.5088587000D+01 0.3649900000D+01 0.5603900000D+01 0.5774800000D+01-0.1840000000D-01-0.9400000000D-03 0.5398200000D+01 0.1626300000D+00 0.0000000000D+00 0.1560000000D-01 0.1193035000D+01 0.1830800000D+01 0.0000000000D+00 0.2111800000D+01
1 1520130727201308122456500.5 0.5270000000D+00-0.1760000000D-02 0.9642100000D+02 0.3630300000D+00 0.1173000000D-02 0.2112000000D+00 0.5305841000D+01 0.4000900000D+01 0.5861600000D+01 0.2636000000D+00-0.2700000000D-01-0.6000000000D-03 0.7657200000D+01 0.1631900000D+00 0.0000000000D+00 0.1970000000D-01 0.1673426000D+01 0.1991300000D+01 0.0000000000D+00 0.2940700000D+01
1 1620130812201308282456516.5 0.4679000000D+00-0.5540000000D-02 0.9834410000D+02 0.3566800000D+00 0.1316000000D-02 0.2377000000D+00 0.5527304000D+01 0.4374000000D+01 0.6191500000D+01 0.9016000000D+00-0.3120000000D-01 0.4000000000D-04 0.1017760000D+02 0.1623500000D+00 0.0000000000D+00 0.2710000000D-01 0.2029866000D+01 0.2171400000D+01 0.0000000000D+00 0.3737800000D+01
1 1720130828201309132456532.5 0.3758000000D+00-0.8650000000D-02 0.1010490000D+03 0.3540500000D+00 0.1670000000D-02 0.2365000000D+00 0.5754545000D+01 0.4766000000D+01 0.2685000000D+00 0.1543000000D+01-0.2820000000D-01 0.7800000000D-03 0.1276210000D+02 0.1587900000D+00 0.0000000000D+00 0.3290000000D-01 0.2334681000D+01 0.2374300000D+01 0.0000000000D+00 0.4422200000D+01
1 1820130913201309292456548.5 0.2484000000D+00-0.1010000000D-01 0.1045688000D+03 0.3533000000D+00 0.2098000000D-02 0.2483000000D+00 0.5989185000D+01 0.5186400000D+01 0.6195000000D+00 0.2309500000D+01-0.1540000000D-01 0.1300000000D-02 0.1531090000D+02 0.1500300000D+00 0.0000000000D+00 0.3740000000D-01 0.2617545000D+01 0.2603900000D+01 0.0000000000D+00 0.5215700000D+01
1 1920130929201310152456564.5 0.1016000000D+00-0.1117000000D-01 0.1088958000D+03 0.3547500000D+00 0.2533000000D-02 0.2745000000D+00 0.6232819000D+01 0.5647600000D+01 0.1005100000D+01 0.2976600000D+01 0.6400000000D-02 0.1560000000D-02 0.1772560000D+02 0.1333700000D+00 0.0000000000D+00 0.4450000000D-01 0.2892051000D+01 0.2869700000D+01 0.0000000000D+00 0.5942900000D+01
1 2020131015201310312456580.5-0.4530000000D-01-0.1308000000D-01 0.1139677000D+03 0.3623400000D+00 0.2853000000D-02 0.2676000000D+00 0.2041580000D+00 0.6159100000D+01 0.1558400000D+01 0.3677200000D+01 0.3310000000D-01 0.1730000000D-02 0.1987410000D+02 0.1054800000D+00 0.0000000000D+00 0.4570000000D-01 0.3165860000D+01 0.3189200000D+01 0.0000000000D+00 0.4038000000D+00
1 2120131031201311162456596.5-0.1947000000D+00-0.1433000000D-01 0.1196053000D+03 0.3741800000D+00 0.3485000000D-02 0.2854000000D+00 0.4714930000D+00 0.4204000000D+00 0.2217400000D+01 0.4482700000D+01 0.6170000000D-01 0.1620000000D-02 0.2157210000D+02 0.6426000000D-01 0.0000000000D+00 0.5120000000D-01 0.3443741000D+01 0.3627800000D+01 0.0000000000D+00 0.1267900000D+01
1 2220131116201312022456612.5-0.3534000000D+00-0.1316000000D-01 0.1254270000D+03 0.3791200000D+00 0.4286000000D-02 0.3016000000D+00 0.7528920000D+00 0.9943000000D+00 0.2856000000D+01 0.5167800000D+01 0.8910000000D-01 0.1100000000D-02 0.2257950000D+02 0.2099000000D-01 0.0000000000D+00 0.5780000000D-01 0.3728408000D+01 0.4984200000D+01 0.0000000000D+00 0.1931200000D+01
1 2320131202201312182456628.5-0.5049000000D+00-0.1081000000D-01 0.1307947000D+03 0.3692300000D+00 0.4898000000D-02 0.2809000000D+00 0.1048054000D+01 0.1621300000D+01 0.3524600000D+01 0.5950900000D+01 0.1085000000D+00 0.5600000000D-03 0.2266460000D+02 0.6282000000D-01 0.0000000000D+00 0.5110000000D-01 0.4019860000D+01 0.5123000000D+00 0.0000000000D+00 0.2593500000D+01
1 2420131218201401032456644.5-0.6218000000D+00-0.9540000000D-02 0.1348403000D+03 0.3429200000D+00 0.5143000000D-02 0.3056000000D+00 0.1354491000D+01 0.2328300000D+01 0.4240200000D+01 0.5212000000D+00 0.1144000000D+00 0.3700000000D-03 0.2169810000D+02 0.1174100000D+00 0.0000000000D+00 0.4520000000D-01 0.4314664000D+01 0.1021200000D+01 0.0000000000D+00 0.3435100000D+01
2 2520121231201301162456292.5 0.2976700000D+01-0.2696000000D-01 0.2170757000D+03 0.5917500000D+00 0.7209000000D-02 0.1073100000D+01 0.1720924000D+01 0.4254300000D+01 0.5805800000D+01 0.5583400000D+01 0.5687000000D+00-0.1020000000D-02 0.3918800000D+02 0.1073000000D-01 0.0000000000D+00 0.1891000000D+00 0.2048993000D+01 0.1527000000D+01 0.0000000000D+00 0.5863200000D+01
2 2620130116201302012456308.5 0.2610400000D+01-0.3302000000D-01 0.2083217000D+03 0.6435400000D+00 0.6412000000D-02 0.1032100000D+01 0.4915611000D+01 0.1534700000D+01 0.3295000000D+01 0.5853700000D+01 0.5525000000D+00-0.4820000000D-02 0.3933820000D+02 0.9232000000D-01 0.0000000000D+00 0.2035000000D+00 0.5223207000D+01 0.2227300000D+01 0.0000000000D+00 0.6176900000D+01
2 2720130201201302172456324.5 0.2130000000D+01-0.3614000000D-01 0.1981935000D+03 0.6359200000D+00 0.4790000000D-02 0.9898000000D+00 0.1812618000D+01 0.5035500000D+01 0.3009000000D+00 0.6095300000D+01 0.4943000000D+00-0.5960000000D-02 0.3786760000D+02 0.1703200000D+00 0.0000000000D+00 0.1801000000D+00 0.2110396000D+01 0.5382900000D+01 0.0000000000D+00 0.9750000000D-01
2 2820130217201303052456340.5 0.1580800000D+01-0.3814000000D-01 0.1881677000D+03 0.6449000000D+00 0.4983000000D-02 0.9442000000D+00 0.4977485000D+01 0.2161500000D+01 0.3810100000D+01 0.4340000000D-01 0.3980000000D+00-0.7240000000D-02 0.3515180000D+02 0.2215500000D+00 0.0000000000D+00 0.1752000000D+00 0.5276131000D+01 0.2254900000D+01 0.0000000000D+00 0.3444000000D+00
2 2920130305201303212456356.5 0.9954000000D+00-0.3950000000D-01 0.1789512000D+03 0.6507700000D+00 0.2812000000D-02 0.8932000000D+00 0.1845914000D+01 0.5573100000D+01 0.1123400000D+01 0.2652000000D+00 0.2898000000D+00-0.7020000000D-02 0.3162570000D+02 0.2517100000D+00 0.0000000000D+00 0.1487000000D+00 0.2155448000D+01 0.5382600000D+01 0.0000000000D+00 0.5970000000D+00
2 3020130321201304062456372.5 0.3763000000D+00-0.3684000000D-01 0.1709300000D+03 0.6363000000D+00 0.2555000000D-02 0.8534000000D+00 0.4985411000D+01 0.2618500000D+01 0.4339700000D+01 0.4705000000D+00 0.1827000000D+00-0.6040000000D-02 0.2760210000D+02 0.2641300000D+00 0.0000000000D+00 0.1298000000D+00 0.5318907000D+01 0.2207100000D+01 0.0000000000D+00 0.8035000000D+00
2 3120130406201304222456388.5-0.2280000000D+00-0.3265000000D-01 0.1643465000D+03 0.6330800000D+00 0.1815000000D-02 0.8129000000D+00 0.1832673000D+01 0.5921600000D+01 0.1619400000D+01 0.6780000000D+00 0.8350000000D-01-0.4090000000D-02 0.2336650000D+02 0.2691900000D+00 0.0000000000D+00 0.1070000000D+00 0.2206346000D+01 0.5288700000D+01 0.0000000000D+00 0.1102700000D+01
2 3220130422201305082456404.5-0.7789000000D+00-0.2814000000D-01 0.1591048000D+03 0.6118500000D+00 0.1771000000D-02 0.7738000000D+00 0.4956046000D+01 0.2907200000D+01 0.4406900000D+01 0.8782000000D+00 0.2200000000D-01-0.2340000000D-02 0.1905750000D+02 0.2669500000D+00 0.0000000000D+00 0.8170000000D-01 0.5395878000D+01 0.2071100000D+01 0.0000000000D+00 0.1349700000D+01
2 3320130508201305242456420.5-0.1261400000D+01-0.2161000000D-01 0.1552452000D+03 0.6113000000D+00 0.1489000000D-02 0.7490000000D+00 0.1791585000D+01 0.6157700000D+01 0.1721100000D+01 0.1080400000D+01-0.2090000000D-01-0.4000000000D-03 0.1486760000D+02 0.2647100000D+00 0.0000000000D+00 0.6510000000D-01 0.2341676000D+01 0.5120000000D+01 0.0000000000D+00 0.1727800000D+01
2 3420130524201306092456436.5-0.1655000000D+01-0.1339000000D-01 0.1525509000D+03 0.6044100000D+00 0.8060000000D-03 0.7163000000D+00 0.4907254000D+01 0.3135200000D+01 0.5212800000D+01 0.1280300000D+01-0.2040000000D-01 0.1030000000D-02 0.1100480000D+02 0.2609900000D+00 0.0000000000D+00 0.4200000000D-01 0.5655805000D+01 0.1874000000D+01 0.0000000000D+00 0.2211900000D+01
2 3520130609201306252456452.5-0.1922300000D+01-0.5570000000D-02 0.1511258000D+03 0.5902700000D+00 0.1052000000D-02 0.6954000000D+00 0.1737730000D+01 0.6770000000D-01 0.1814700000D+01 0.1488100000D+01-0.9700000000D-02 0.1990000000D-02 0.8048800000D+01 0.2593200000D+00 0.0000000000D+00 0.3520000000D-01 0.2865485000D+01 0.4909200000D+01 0.0000000000D+00 0.2836500000D+01
2 3620130625201307112456468.5-0.2060100000D+01 0.2760000000D-02 0.1507677000D+03 0.5915900000D+00 0.1395000000D-02 0.6817000000D+00 0.4851696000D+01 0.3300300000D+01 0.5338300000D+01 0.1703900000D+01 0.3100000000D-01 0.2030000000D-02 0.7187200000D+01 0.2588200000D+00 0.0000000000D+00 0.3640000000D-01 0.3002820000D+00 0.1659300000D+01 0.0000000000D+00 0.3782000000D+01
2 3720130711201307272456484.5-0.2064100000D+01 0.1113000000D-01 0.1515660000D+03 0.5689400000D+00 0.1586000000D-02 0.6664000000D+00 0.1682922000D+01 0.2456000000D+00 0.1691100000D+01 0.1919900000D+01 0.6060000000D-01 0.1480000000D-02 0.9031000000D+01 0.2589400000D+00 0.0000000000D+00 0.4440000000D-01 0.3942853000D+01 0.4704100000D+01 0.0000000000D+00 0.4322000000D+01
2 3820130727201308122456500.5-0.1923100000D+01 0.1784000000D-01 0.1534090000D+03 0.5789300000D+00 0.1521000000D-02 0.6634000000D+00 0.4800385000D+01 0.3511700000D+01 0.5552600000D+01 0.2154500000D+01 0.9290000000D-01 0.3200000000D-03 0.1237770000D+02 0.2603800000D+00 0.0000000000D+00 0.6280000000D-01 0.1069110000D+01 0.1475500000D+01 0.0000000000D+00 0.4787100000D+01
2 3920130812201308282456516.5-0.1655100000D+01 0.2372000000D-01 0.1565266000D+03 0.5538000000D+00 0.1689000000D-02 0.6650000000D+00 0.1637740000D+01 0.4908000000D+00 0.1711600000D+01 0.2401500000D+01 0.9440000000D-01-0.1300000000D-02 0.1630190000D+02 0.2583200000D+00 0.0000000000D+00 0.7520000000D-01 0.4346412000D+01 0.4549200000D+01 0.0000000000D+00 0.5182200000D+01
2 4020130828201309132456532.5-0.1282100000D+01 0.2941000000D-01 0.1608091000D+03 0.5742600000D+00 0.2987000000D-02 0.6741000000D+00 0.4764329000D+01 0.3762100000D+01 0.5630700000D+01 0.2648900000D+01 0.7720000000D-01-0.3080000000D-02 0.2038100000D+02 0.2541500000D+00 0.0000000000D+00 0.9190000000D-01 0.1280142000D+01 0.1362700000D+01 0.0000000000D+00 0.5467400000D+01
2 4120130913201309292456548.5-0.8053000000D+00 0.3200000000D-01 0.1664239000D+03 0.5583400000D+00 0.3136000000D-02 0.6941000000D+00 0.1613973000D+01 0.8034000000D+00 0.2325500000D+01 0.2922800000D+01 0.2400000000D-01-0.4620000000D-02 0.2444890000D+02 0.2399900000D+00 0.0000000000D+00 0.1093000000D+00 0.4469797000D+01 0.4484000000D+01 0.0000000000D+00 0.5815800000D+01
2 4220130929201310152456564.5-0.2582000000D+00 0.3277000000D-01 0.1732673000D+03 0.5747000000D+00 0.4232000000D-02 0.7223000000D+00 0.4755857000D+01 0.4159100000D+01 0.5909200000D+01 0.3201200000D+01-0.5850000000D-01-0.5270000000D-02 0.2830540000D+02 0.2145200000D+00 0.0000000000D+00 0.1183000000D+00 0.1364400000D+01 0.1360900000D+01 0.0000000000D+00 0.6112500000D+01
2 4320131015201310312456580.5 0.3188000000D+00 0.3318000000D-01 0.1813727000D+03 0.5696800000D+00 0.4041000000D-02 0.7578000000D+00 0.1625348000D+01 0.1287200000D+01 0.2807800000D+01 0.3489900000D+01-0.1508000000D+00-0.6110000000D-02 0.3175440000D+02 0.1695900000D+00 0.0000000000D+00 0.1409000000D+00 0.4540008000D+01 0.4554300000D+01 0.0000000000D+00 0.1186000000D+00
2 4420131031201311162456596.5 0.9044000000D+00 0.3186000000D-01 0.1903479000D+03 0.5876400000D+00 0.5672000000D-02 0.8044000000D+00 0.4790850000D+01 0.4714100000D+01 0.1518000000D+00 0.3800200000D+01-0.2646000000D+00-0.4740000000D-02 0.3448900000D+02 0.1020000000D+00 0.0000000000D+00 0.1385000000D+00 0.1434355000D+01 0.1570800000D+01 0.0000000000D+00 0.4880000000D+00
2 4520131116201312022456612.5 0.1484700000D+01 0.2723000000D-01 0.1995842000D+03 0.5940900000D+00 0.6854000000D-02 0.8496000000D+00 0.1687491000D+01 0.1898200000D+01 0.3696400000D+01 0.4105300000D+01-0.3494000000D+00-0.4010000000D-02 0.3611800000D+02 0.2542000000D-01 0.0000000000D+00 0.1582000000D+00 0.4617335000D+01 0.5786900000D+01 0.0000000000D+00 0.6938000000D+00
2 4620131202201312182456628.5 0.2005700000D+01 0.2180000000D-01 0.2081454000D+03 0.5879400000D+00 0.7733000000D-02 0.8993000000D+00 0.4880605000D+01 0.5461700000D+01 0.1082500000D+01 0.4429000000D+01-0.4301000000D+00-0.5200000000D-03 0.3627810000D+02 0.9972000000D-01 0.0000000000D+00 0.1460000000D+00 0.1521616000D+01 0.4379900000D+01 0.0000000000D+00 0.1131600000D+01
2 4720131218201401032456644.5 0.2428000000D+01 0.1693000000D-01 0.2145377000D+03 0.5555500000D+00 0.8322000000D-02 0.9414000000D+00 0.1802995000D+01 0.2776800000D+01 0.4687100000D+01 0.4758600000D+01-0.4521000000D+00 0.5800000000D-03 0.3472260000D+02 0.1860400000D+00 0.0000000000D+00 0.1473000000D+00 0.4711491000D+01 0.1465100000D+01 0.0000000000D+00 0.1316200000D+01
3 4820121231201301172456292.5 0.5407000000D+00 0.5630000000D-02 0.3465254000D+03 0.9707100000D+00 0.1241200000D-01 0.4156000000D+00 0.6169112000D+01 0.2388200000D+01 0.4046600000D+01 0.2468800000D+01 0.4880000000D-01 0.1580000000D-02 0.6066540000D+02 0.1525000000D-01 0.0000000000D+00 0.9460000000D-01 0.1973490000D+00 0.4068000000D+00 0.0000000000D+00 0.2613200000D+01
3 4920130117201302032456309.5 0.6307000000D+00-0.9950000000D-02 0.3315035000D+03 0.1007090000D+01 0.1001000000D-01 0.3946000000D+00 0.2269503000D+01 0.5167800000D+01 0.4988000000D+00 0.9422000000D+00 0.1422000000D+00-0.2810000000D-02 0.6095000000D+02 0.1573300000D+00 0.0000000000D+00 0.4220000000D-01 0.2560650000D+01 0.5827300000D+01 0.0000000000D+00 0.1232000000D+01
3 5020130203201302202456326.5 0.4711000000D+00 0.3730000000D-02 0.3143972000D+03 0.1032620000D+01 0.7163000000D-02 0.3176000000D+00 0.4636836000D+01 0.1597100000D+01 0.3317200000D+01 0.5589000000D+01 0.7830000000D-01 0.9500000000D-03 0.5828110000D+02 0.2781500000D+00 0.0000000000D+00 0.7220000000D-01 0.4918528000D+01 0.1914100000D+01 0.0000000000D+00 0.6179900000D+01
3 5120130220201303092456343.5 0.6099000000D+00 0.3090000000D-02 0.2974499000D+03 0.1021090000D+01 0.5789000000D-02 0.3203000000D+00 0.7039940000D+00 0.4224400000D+01 0.5898500000D+01 0.3832300000D+01 0.8580000000D-01 0.4000000000D-03 0.5351850000D+02 0.3576800000D+00 0.0000000000D+00 0.6160000000D-01 0.9862890000D+00 0.4240400000D+01 0.0000000000D+00 0.3982100000D+01
3 5220130309201303262456360.5 0.6604000000D+00-0.8100000000D-02 0.2822022000D+03 0.1006020000D+01 0.4812000000D-02 0.3148000000D+00 0.3039026000D+01 0.5070000000D+00 0.2124700000D+01 0.2234400000D+01 0.1148000000D+00-0.2220000000D-02 0.4744170000D+02 0.4049600000D+00 0.0000000000D+00 0.4860000000D-01 0.3334078000D+01 0.2692000000D+00 0.0000000000D+00 0.2697400000D+01
3 5320130326201304122456377.5 0.5349000000D+00 0.5290000000D-02 0.2693274000D+03 0.1013800000D+01 0.4000000000D-02 0.2859000000D+00 0.5361815000D+01 0.3034800000D+01 0.4983100000D+01 0.5178000000D+00 0.7850000000D-01 0.1400000000D-03 0.4057040000D+02 0.4216900000D+00 0.0000000000D+00 0.4670000000D-01 0.5683868000D+01 0.2559200000D+01 0.0000000000D+00 0.7710000000D+00
3 5420130412201304292456394.5 0.6907000000D+00 0.1240000000D-02 0.2588514000D+03 0.9934100000D+00 0.2516000000D-02 0.3161000000D+00 0.1391643000D+01 0.5538100000D+01 0.1139800000D+01 0.5057900000D+01 0.6820000000D-01-0.2800000000D-03 0.3336410000D+02 0.4246400000D+00 0.0000000000D+00 0.3080000000D-01 0.1759965000D+01 0.4814200000D+01 0.0000000000D+00 0.5573500000D+01
3 5520130429201305162456411.5 0.7007000000D+00-0.7570000000D-02 0.2509056000D+03 0.9690200000D+00 0.1883000000D-02 0.3270000000D+00 0.3697071000D+01 0.1712100000D+01 0.3320100000D+01 0.3485600000D+01 0.7840000000D-01-0.2080000000D-02 0.2616350000D+02 0.4250000000D+00 0.0000000000D+00 0.4260000000D-01 0.4146005000D+01 0.7702000000D+00 0.0000000000D+00 0.4033200000D+01
3 5620130516201306022456428.5 0.5902000000D+00 0.4740000000D-02 0.2453501000D+03 0.9692500000D+00 0.2439000000D-02 0.3180000000D+00 0.5997811000D+01 0.4138500000D+01 0.6064900000D+01 0.1781700000D+01 0.4760000000D-01-0.4000000000D-03 0.1922550000D+02 0.4191000000D+00 0.0000000000D+00 0.1830000000D-01 0.3131360000D+00 0.3001500000D+01 0.0000000000D+00 0.1867600000D+01
3 5720130602201306192456445.5 0.7235000000D+00-0.1670000000D-02 0.2418249000D+03 0.9621900000D+00 0.1426000000D-02 0.3629000000D+00 0.2012532000D+01 0.3033000000D+00 0.2431000000D+01 0.1183000000D+00 0.1870000000D-01-0.8400000000D-03 0.1319370000D+02 0.4126000000D+00 0.0000000000D+00 0.2110000000D-01 0.2917213000D+01 0.5213000000D+01 0.0000000000D+00 0.1660600000D+01
3 5820130619201307062456462.5 0.6731000000D+00-0.8360000000D-02 0.2404797000D+03 0.9471800000D+00 0.1427000000D-02 0.3726000000D+00 0.4308797000D+01 0.2719600000D+01 0.4671800000D+01 0.4841000000D+01 0.2780000000D-01-0.1370000000D-02 0.1000790000D+02 0.4126500000D+00 0.0000000000D+00 0.1170000000D-01 0.5833964000D+01 0.1138400000D+01 0.0000000000D+00 0.5908100000D+01
3 5920130706201307232456479.5 0.5577000000D+00 0.3210000000D-02 0.2411747000D+03 0.9376100000D+00 0.2422000000D-02 0.3760000000D+00 0.3223390000D+00 0.5127300000D+01 0.5895000000D+00 0.3178600000D+01-0.4600000000D-02-0.5600000000D-03 0.1210920000D+02 0.4145400000D+00 0.0000000000D+00 0.2890000000D-01 0.2530564000D+01 0.3362300000D+01 0.0000000000D+00 0.6078800000D+01
3 6020130723201308092456496.5 0.6530000000D+00-0.5710000000D-02 0.2437792000D+03 0.9394600000D+00 0.2221000000D-02 0.4252000000D+00 0.2621066000D+01 0.1290400000D+01 0.3215100000D+01 0.1548100000D+01-0.3020000000D-01-0.3500000000D-03 0.1765160000D+02 0.4130900000D+00 0.0000000000D+00 0.4060000000D-01 0.5191845000D+01 0.5595200000D+01 0.0000000000D+00 0.4038800000D+01
3 6120130809201308262456513.5 0.5223000000D+00-0.8530000000D-02 0.2486005000D+03 0.9321200000D+00 0.3513000000D-02 0.4409000000D+00 0.4923159000D+01 0.3721900000D+01 0.5549100000D+01 0.1900000000D-01-0.1380000000D-01-0.1400000000D-03 0.2430220000D+02 0.4106100000D+00 0.0000000000D+00 0.4710000000D-01 0.1385269000D+01 0.1555100000D+01 0.0000000000D+00 0.2939300000D+01
3 6220130826201309122456530.5 0.4127000000D+00 0.2140000000D-02 0.2555793000D+03 0.9199300000D+00 0.4202000000D-02 0.4513000000D+00 0.9473660000D+00 0.6192100000D+01 0.1527500000D+01 0.4657700000D+01-0.2970000000D-01-0.3300000000D-03 0.3122090000D+02 0.4049400000D+00 0.0000000000D+00 0.6710000000D-01 0.3786243000D+01 0.3828100000D+01 0.0000000000D+00 0.1182900000D+01
3 6320130912201309292456547.5 0.4857000000D+00-0.8970000000D-02 0.2648108000D+03 0.9238500000D+00 0.4671000000D-02 0.5129000000D+00 0.3262060000D+01 0.2425100000D+01 0.4114500000D+01 0.3074200000D+01-0.5130000000D-01 0.1100000000D-02 0.3811590000D+02 0.3808400000D+00 0.0000000000D+00 0.7500000000D-01 0.6156104000D+01 0.6135900000D+01 0.0000000000D+00 0.6026300000D+01
3 6420130929201310162456564.5 0.2889000000D+00-0.6970000000D-02 0.2764987000D+03 0.9165100000D+00 0.7330000000D-02 0.5372000000D+00 0.5586707000D+01 0.4941400000D+01 0.2690000000D+00 0.1569000000D+01-0.1130000000D-01 0.3000000000D-03 0.4464270000D+02 0.3352900000D+00 0.0000000000D+00 0.1018000000D+00 0.2232560000D+01 0.2183300000D+01 0.0000000000D+00 0.4444800000D+01
3 6520131016201311022456581.5 0.2127000000D+00 0.3210000000D-02 0.2902128000D+03 0.9285300000D+00 0.7731000000D-02 0.5455000000D+00 0.1640184000D+01 0.1265600000D+01 0.2913400000D+01 0.6259700000D+01-0.6300000000D-02 0.2000000000D-03 0.5036150000D+02 0.2613400000D+00 0.0000000000D+00 0.8030000000D-01 0.4590200000D+01 0.4574500000D+01 0.0000000000D+00 0.2803600000D+01
3 6620131102201311192456598.5 0.2956000000D+00-0.8170000000D-02 0.3055159000D+03 0.9454700000D+00 0.8948000000D-02 0.6147000000D+00 0.3991350000D+01 0.3919600000D+01 0.5711500000D+01 0.4721600000D+01-0.5350000000D-01 0.1410000000D-02 0.5480380000D+02 0.1411600000D+00 0.0000000000D+00 0.1187000000D+00 0.6680550000D+00 0.8522000000D+00 0.0000000000D+00 0.1548800000D+01
3 6720131119201312062456615.5 0.1121000000D+00-0.5020000000D-02 0.3212164000D+03 0.9134400000D+00 0.1069400000D-01 0.6301000000D+00 0.7565000000D-01 0.3350000000D+00 0.2026100000D+01 0.3259500000D+01 0.4390000000D-01-0.2400000000D-03 0.5723520000D+02 0.5481000000D-01 0.0000000000D+00 0.1108000000D+00 0.3037631000D+01 0.5157400000D+01 0.0000000000D+00 0.5953000000D+01
3 6820131206201312232456632.5 0.5910000000D-01 0.1050000000D-01 0.3349571000D+03 0.9238000000D+00 0.1317000000D-01 0.6208000000D+00 0.2458868000D+01 0.3102100000D+01 0.5053800000D+01 0.1724900000D+01-0.1250000000D-01-0.2000000000D-04 0.5682280000D+02 0.2062100000D+00 0.0000000000D+00 0.7090000000D-01 0.5415397000D+01 0.2048200000D+01 0.0000000000D+00 0.4962800000D+01
3 6920131223201401092456649.5 0.2478000000D+00-0.7610000000D-02 0.3444337000D+03 0.8789500000D+00 0.1445000000D-01 0.6508000000D+00 0.4854691000D+01 0.5966400000D+01 0.1655700000D+01 0.2249000000D+00-0.1180000000D-01 0.7400000000D-03 0.5334250000D+02 0.3314300000D+00 0.0000000000D+00 0.1149000000D+00 0.1511698000D+01 0.4552700000D+01 0.0000000000D+00 0.3291900000D+01
4 7020121231201301182456292.5 0.5576500000D+01 0.9707000000D-01 0.6107890000D+03 0.1866620000D+01 0.0000000000D+00 0.2047100000D+01 0.3126529000D+01 0.5800600000D+01 0.0000000000D+00 0.1548400000D+01 0.1599000000D+00 0.9044000000D-01 0.1037719000D+03 0.1059600000D+00 0.0000000000D+00 0.3480000000D+00 0.3408285000D+01 0.4552600000D+01 0.0000000000D+00 0.1741400000D+01
4 7120130118201302052456310.5 0.7338100000D+01-0.1504800000D+00 0.5835073000D+03 0.1941460000D+01 0.0000000000D+00 0.1867800000D+01 0.3643991000D+01 0.4734000000D+00 0.0000000000D+00 0.2503400000D+01 0.7639000000D+00 0.2769000000D-01 0.1044986000D+03 0.2774800000D+00 0.0000000000D+00 0.3208000000D+00 0.3905797000D+01 0.7058000000D+00 0.0000000000D+00 0.2684100000D+01
4 7220130205201302232456328.5 0.7365900000D+01-0.2286400000D+00 0.5516114000D+03 0.2012640000D+01 0.0000000000D+00 0.1740000000D+01 0.4140433000D+01 0.1254800000D+01 0.0000000000D+00 0.3498700000D+01 0.1088500000D+01-0.1929000000D-01 0.9961170000D+02 0.5235600000D+00 0.0000000000D+00 0.2846000000D+00 0.4394015000D+01 0.1328100000D+01 0.0000000000D+00 0.3738500000D+01
4 7320130223201303132456346.5 0.5801500000D+01-0.1175300000D+00 0.5192289000D+03 0.1899710000D+01 0.0000000000D+00 0.1657100000D+01 0.4618549000D+01 0.1978200000D+01 0.0000000000D+00 0.4424600000D+01 0.9360000000D+00-0.1979000000D-01 0.9036900000D+02 0.6532600000D+00 0.0000000000D+00 0.2620000000D+00 0.4875022000D+01 0.1826800000D+01 0.0000000000D+00 0.4744900000D+01
4 7420130313201303312456364.5 0.4446500000D+01 0.1593000000D-01 0.4907514000D+03 0.1808450000D+01 0.0000000000D+00 0.1585800000D+01 0.5081192000D+01 0.2697600000D+01 0.0000000000D+00 0.5329200000D+01 0.6910000000D+00-0.5330000000D-02 0.7867470000D+02 0.7110000000D+00 0.0000000000D+00 0.2392000000D+00 0.5352439000D+01 0.2287200000D+01 0.0000000000D+00 0.5711600000D+01
4 7520130331201304182456382.5 0.3966200000D+01 0.6596000000D-01 0.4677999000D+03 0.1796640000D+01 0.0000000000D+00 0.1511200000D+01 0.5529912000D+01 0.3351800000D+01 0.0000000000D+00 0.6269500000D+01 0.5200000000D+00 0.2960000000D-02 0.6577360000D+02 0.7320700000D+00 0.0000000000D+00 0.2065000000D+00 0.5831828000D+01 0.2710300000D+01 0.0000000000D+00 0.4222000000D+00
4 7620130418201305062456400.5 0.4216900000D+01 0.4157000000D-01 0.4498322000D+03 0.1749480000D+01 0.0000000000D+00 0.1486100000D+01 0.5966912000D+01 0.3939900000D+01 0.0000000000D+00 0.8932000000D+00 0.4665000000D+00-0.2230000000D-02 0.5233510000D+02 0.7313900000D+00 0.0000000000D+00 0.1725000000D+00 0.4035800000D-01 0.3089200000D+01 0.0000000000D+00 0.1375300000D+01
4 7720130506201305242456418.5 0.4526900000D+01 0.1278000000D-01 0.4366398000D+03 0.1708390000D+01 0.0000000000D+00 0.1498100000D+01 0.1137540000D+00 0.4510800000D+01 0.0000000000D+00 0.1802500000D+01 0.4664000000D+00-0.1482000000D-01 0.3891030000D+02 0.7189600000D+00 0.0000000000D+00 0.1302000000D+00 0.5704260000D+00 0.3440800000D+01 0.0000000000D+00 0.2360000000D+01
4 7820130524201306112456436.5 0.4621800000D+01-0.7100000000D-03 0.4279406000D+03 0.1686780000D+01 0.0000000000D+00 0.1487500000D+01 0.5395750000D+00 0.5074800000D+01 0.0000000000D+00 0.2722500000D+01 0.5088000000D+00-0.3586000000D-01 0.2622270000D+02 0.6973100000D+00 0.0000000000D+00 0.7870000000D-01 0.1206546000D+01 0.3771700000D+01 0.0000000000D+00 0.3589400000D+01
4 7920130611201306292456454.5 0.4427900000D+01 0.2104000000D-01 0.4237123000D+03 0.1680050000D+01 0.0000000000D+00 0.1512300000D+01 0.9628550000D+00 0.5615800000D+01 0.0000000000D+00 0.3621800000D+01 0.4754000000D+00-0.5152000000D-01 0.1676950000D+02 0.6792500000D+00 0.0000000000D+00 0.6510000000D-01 0.2148519000D+01 0.4105200000D+01 0.0000000000D+00 0.5288000000D+01
4 8020130629201307172456472.5 0.4613100000D+01 0.8650000000D-02 0.4232035000D+03 0.1668090000D+01 0.0000000000D+00 0.1560900000D+01 0.1385583000D+01 0.6172800000D+01 0.0000000000D+00 0.4547100000D+01 0.3214000000D+00-0.5507000000D-01 0.1694360000D+02 0.6748200000D+00 0.0000000000D+00 0.8780000000D-01 0.3437247000D+01 0.4448700000D+01 0.0000000000D+00 0.5068000000D+00
4 8120130717201308042456490.5 0.4786900000D+01-0.9390000000D-02 0.4266421000D+03 0.1666580000D+01 0.0000000000D+00 0.1599300000D+01 0.1809727000D+01 0.4598000000D+00 0.0000000000D+00 0.5471400000D+01 0.2240000000D-01-0.4131000000D-01 0.2617040000D+02 0.6891500000D+00 0.0000000000D+00 0.1260000000D+00 0.4362355000D+01 0.4801900000D+01 0.0000000000D+00 0.1812000000D+01
4 8220130804201308222456508.5 0.5147600000D+01-0.3977000000D-01 0.4341613000D+03 0.1695940000D+01 0.0000000000D+00 0.1680900000D+01 0.2237516000D+01 0.1043400000D+01 0.0000000000D+00 0.1044000000D+00-0.3027000000D+00-0.2233000000D-01 0.3826580000D+02 0.7049600000D+00 0.0000000000D+00 0.1842000000D+00 0.5001480000D+01 0.5163800000D+01 0.0000000000D+00 0.2877600000D+01
4 8320130822201309092456526.5 0.5380600000D+01-0.6519000000D-01 0.4460430000D+03 0.1710000000D+01 0.0000000000D+00 0.1781400000D+01 0.2669921000D+01 0.1645800000D+01 0.0000000000D+00 0.1045300000D+01-0.5280000000D+00-0.1022000000D-01 0.5111800000D+02 0.7041700000D+00 0.0000000000D+00 0.2385000000D+00 0.5537210000D+01 0.5553400000D+01 0.0000000000D+00 0.3868100000D+01
4 8420130909201309272456544.5 0.5440500000D+01-0.7661000000D-01 0.4625165000D+03 0.1720390000D+01 0.0000000000D+00 0.1855300000D+01 0.3109771000D+01 0.2276400000D+01 0.0000000000D+00 0.1984900000D+01-0.5887000000D+00-0.1449000000D-01 0.6391030000D+02 0.6733600000D+00 0.0000000000D+00 0.2803000000D+00 0.6033414000D+01 0.5989300000D+01 0.0000000000D+00 0.4856600000D+01
4 8520130927201310152456562.5 0.4801800000D+01 0.3290000000D-02 0.4829572000D+03 0.1720120000D+01 0.0000000000D+00 0.2028700000D+01 0.3558903000D+01 0.2996300000D+01 0.0000000000D+00 0.2952600000D+01-0.5225000000D+00-0.3542000000D-01 0.7592300000D+02 0.6089400000D+00 0.0000000000D+00 0.3273000000D+00 0.2331140000D+00 0.2065000000D+00 0.0000000000D+00 0.5862800000D+01
4 8620131015201311022456580.5 0.3746800000D+01 0.1538300000D+00 0.5072601000D+03 0.1790350000D+01 0.0000000000D+00 0.2233300000D+01 0.4021612000D+01 0.3790200000D+01 0.0000000000D+00 0.3918100000D+01-0.5020000000D+00-0.5544000000D-01 0.8651860000D+02 0.4881000000D+00 0.0000000000D+00 0.3658000000D+00 0.7166070000D+00 0.7775000000D+00 0.0000000000D+00 0.5992000000D+00
4 8720131102201311202456598.5 0.3371400000D+01 0.2684200000D+00 0.5353622000D+03 0.1876030000D+01 0.0000000000D+00 0.2324600000D+01 0.4501630000D+01 0.4582800000D+01 0.0000000000D+00 0.4898700000D+01-0.8073000000D+00-0.4111000000D-01 0.9485230000D+02 0.2755300000D+00 0.0000000000D+00 0.3803000000D+00 0.1207015000D+01 0.1511000000D+01 0.0000000000D+00 0.1662500000D+01
4 8820131120201312082456616.5 0.5676100000D+01 0.1017200000D+00 0.5660298000D+03 0.1719210000D+01 0.0000000000D+00 0.2549200000D+01 0.4997862000D+01 0.5477300000D+01 0.0000000000D+00 0.5950900000D+01-0.1535300000D+01 0.3165000000D-01 0.9943960000D+02 0.1638800000D+00 0.0000000000D+00 0.4229000000D+00 0.1704287000D+01 0.3793700000D+01 0.0000000000D+00 0.2752900000D+01
4 8920131208201312262456634.5 0.8375700000D+01-0.1765300000D+00 0.5923277000D+03 0.1662100000D+01 0.0000000000D+00 0.2703500000D+01 0.5511081000D+01 0.2606000000D+00 0.0000000000D+00 0.6935000000D+00-0.1813600000D+01 0.8080000000D-01 0.9818080000D+02 0.4502900000D+00 0.0000000000D+00 0.4196000000D+00 0.2212037000D+01 0.4964500000D+01 0.0000000000D+00 0.3750200000D+01
4 9020131226201401132456652.5 0.8960000000D+01-0.2861200000D+00 0.6082235000D+03 0.1696380000D+01 0.0000000000D+00 0.2639300000D+01 0.6040881000D+01 0.1288700000D+01 0.0000000000D+00 0.1733700000D+01-0.1258600000D+01 0.4457000000D-01 0.9095700000D+02 0.6298800000D+00 0.0000000000D+00 0.3559000000D+00 0.2730709000D+01 0.5699900000D+01 0.0000000000D+00 0.4764900000D+01
