 5 4    2   25   48   70  3.5516  1.7693  0.8782  0.3765 16.0 16.0 17.0 18.0   90 2455196.5000 2010                                                                                                                                                                                                                                                                              
1  220091231201001162455196.5 0.5662000000D+00-0.9100000000D-03 0.9584610000D+02 0.4284700000D+00 0.1058000000D-02 0.1955000000D+00 0.7901220000D+00 0.4952700000D+01 0.4506000000D+00 0.3476400000D+01 0.2316000000D+00-0.7000000000D-04 0.3868200000D+02 0.1431400000D+00 0.0000000000D+00 0.8140000000D-01 0.8135610000D+00 0.5529500000D+01 0.0000000000D+00 0.3492800000D+01
1  320100116201002012455212.5 0.5081000000D+00-0.3380000000D-02 0.9269300000D+02 0.4156500000D+00 0.8450000000D-03 0.1925000000D+00 0.1003045000D+01 0.5302700000D+01 0.8933000000D+00 0.4232100000D+01 0.2167000000D+00-0.1080000000D-02 0.3876190000D+02 0.1521100000D+00 0.0000000000D+00 0.8240000000D-01 0.1031401000D+01 0.5846100000D+01 0.0000000000D+00 0.4253700000D+01
1  420100201201002172455228.5 0.4137000000D+00-0.4730000000D-02 0.9043660000D+02 0.4020900000D+00 0.7990000000D-03 0.2092000000D+00 0.1212224000D+01 0.5640600000D+01 0.1230700000D+01 0.4867900000D+01 0.1849000000D+00-0.1730000000D-02 0.3908710000D+02 0.1587200000D+00 0.0000000000D+00 0.9180000000D-01 0.1246234000D+01 0.6138000000D+01 0.0000000000D+00 0.4894200000D+01
1  520100217201003052455244.5 0.2904000000D+00-0.5250000000D-02 0.8904590000D+02 0.3897500000D+00 0.7790000000D-03 0.1984000000D+00 0.1419618000D+01 0.5979400000D+01 0.1483000000D+01 0.5474400000D+01 0.1375000000D+00-0.2080000000D-02 0.3962030000D+02 0.1634900000D+00 0.0000000000D+00 0.8880000000D-01 0.1459830000D+01 0.1380000000D+00 0.0000000000D+00 0.5513500000D+01
1  620100305201003212455260.5 0.1567000000D+00-0.6420000000D-02 0.8851470000D+02 0.3808300000D+00 0.8480000000D-03 0.1965000000D+00 0.1626974000D+01 0.3830000000D-01 0.1783100000D+01 0.6203400000D+01 0.8210000000D-01-0.2730000000D-02 0.4034660000D+02 0.1665200000D+00 0.0000000000D+00 0.9060000000D-01 0.1673749000D+01 0.4239000000D+00 0.0000000000D+00 0.6255400000D+01
1  720100321201004062455276.5 0.2230000000D-01-0.8300000000D-02 0.8882860000D+02 0.3740400000D+00 0.9820000000D-03 0.2168000000D+00 0.1835759000D+01 0.3883000000D+00 0.2070800000D+01 0.5614000000D+00 0.2290000000D-01-0.3690000000D-02 0.4126200000D+02 0.1677800000D+00 0.0000000000D+00 0.1018000000D+00 0.1889370000D+01 0.7222000000D+00 0.0000000000D+00 0.6105000000D+00
1  820100406201004222455292.5-0.1170000000D+00-0.9360000000D-02 0.8999790000D+02 0.3689400000D+00 0.1232000000D-02 0.2116000000D+00 0.2047393000D+01 0.7446000000D+00 0.2342500000D+01 0.1166600000D+01-0.4190000000D-01-0.4180000000D-02 0.4237770000D+02 0.1674300000D+00 0.0000000000D+00 0.9980000000D-01 0.2108014000D+01 0.1038600000D+01 0.0000000000D+00 0.1220100000D+01
1  920100422201005082455308.5-0.2613000000D+00-0.8780000000D-02 0.9202450000D+02 0.3646700000D+00 0.1339000000D-02 0.2095000000D+00 0.2263350000D+01 0.1120300000D+01 0.2606000000D+01 0.1907800000D+01-0.1111000000D+00-0.3920000000D-02 0.4371660000D+02 0.1657200000D+00 0.0000000000D+00 0.9930000000D-01 0.2331110000D+01 0.1379200000D+01 0.0000000000D+00 0.1970400000D+01
1 1020100508201005242455324.5-0.3929000000D+00-0.7960000000D-02 0.9490700000D+02 0.3667600000D+00 0.1546000000D-02 0.2293000000D+00 0.2485440000D+01 0.1508100000D+01 0.3049800000D+01 0.2570400000D+01-0.1760000000D+00-0.3550000000D-02 0.4529780000D+02 0.1642600000D+00 0.0000000000D+00 0.1075000000D+00 0.2560225000D+01 0.1751000000D+01 0.0000000000D+00 0.2638600000D+01
1 1120100524201006092455340.5-0.4959000000D+00-0.8010000000D-02 0.9864530000D+02 0.3711600000D+00 0.1950000000D-02 0.2200000000D+00 0.2715134000D+01 0.1909700000D+01 0.3494400000D+01 0.3218300000D+01-0.2284000000D+00-0.3640000000D-02 0.4715050000D+02 0.1643100000D+00 0.0000000000D+00 0.1023000000D+00 0.2796745000D+01 0.2161400000D+01 0.0000000000D+00 0.3318900000D+01
1 1220100609201006252455356.5-0.5722000000D+00-0.7830000000D-02 0.1031959000D+03 0.3757400000D+00 0.2446000000D-02 0.2171000000D+00 0.2954029000D+01 0.2335400000D+01 0.3939900000D+01 0.4011200000D+01-0.2688000000D+00-0.3670000000D-02 0.4929770000D+02 0.1667200000D+00 0.0000000000D+00 0.1044000000D+00 0.3042061000D+01 0.2614500000D+01 0.0000000000D+00 0.4129100000D+01
1 1320100625201007112455372.5-0.6322000000D+00-0.5770000000D-02 0.1084645000D+03 0.3770700000D+00 0.2843000000D-02 0.2376000000D+00 0.3203678000D+01 0.2800000000D+01 0.4411100000D+01 0.4699900000D+01-0.3015000000D+00-0.2980000000D-02 0.5174580000D+02 0.1715900000D+00 0.0000000000D+00 0.1142000000D+00 0.3297542000D+01 0.3107400000D+01 0.0000000000D+00 0.4790500000D+01
1 1420100711201007272455388.5-0.6693000000D+00-0.2670000000D-02 0.1142512000D+03 0.3772700000D+00 0.3220000000D-02 0.2195000000D+00 0.3465814000D+01 0.3312400000D+01 0.5041500000D+01 0.5397500000D+01-0.3222000000D+00-0.2080000000D-02 0.5445990000D+02 0.1773000000D+00 0.0000000000D+00 0.1020000000D+00 0.3564610000D+01 0.3633900000D+01 0.0000000000D+00 0.5491200000D+01
1 1520100727201008122455404.5-0.6643000000D+00-0.8500000000D-03 0.1201925000D+03 0.3702200000D+00 0.3684000000D-02 0.2224000000D+00 0.3741781000D+01 0.3878500000D+01 0.5711400000D+01 0.1110000000D-01-0.3234000000D+00-0.1790000000D-02 0.5730890000D+02 0.1794200000D+00 0.0000000000D+00 0.1032000000D+00 0.3844469000D+01 0.4186200000D+01 0.0000000000D+00 0.1398000000D+00
1 1620100812201008282455420.5-0.6192000000D+00 0.1000000000D-04 0.1256940000D+03 0.3610900000D+00 0.4347000000D-02 0.2444000000D+00 0.4031810000D+01 0.4508900000D+01 0.1912000000D+00 0.7436000000D+00-0.3087000000D+00-0.1500000000D-02 0.6003730000D+02 0.1712000000D+00 0.0000000000D+00 0.1156000000D+00 0.4137232000D+01 0.4780600000D+01 0.0000000000D+00 0.8893000000D+00
1 1720100828201009132455436.5-0.5547000000D+00 0.2200000000D-02 0.1300102000D+03 0.3454800000D+00 0.5190000000D-02 0.2266000000D+00 0.4334514000D+01 0.5194900000D+01 0.8986000000D+00 0.1548800000D+01-0.2890000000D+00 0.1300000000D-03 0.6226100000D+02 0.1513000000D+00 0.0000000000D+00 0.1119000000D+00 0.4441108000D+01 0.5472300000D+01 0.0000000000D+00 0.1680700000D+01
1 1820100913201009292455452.5-0.4758000000D+00 0.5550000000D-02 0.1324087000D+03 0.3233200000D+00 0.5456000000D-02 0.2415000000D+00 0.4645925000D+01 0.5964000000D+01 0.1593700000D+01 0.2453200000D+01-0.2642000000D+00 0.2800000000D-02 0.6354510000D+02 0.1322700000D+00 0.0000000000D+00 0.1160000000D+00 0.4751827000D+01 0.5060000000D-01 0.0000000000D+00 0.2521000000D+01
1 1920100929201010152455468.5-0.3670000000D+00 0.7550000000D-02 0.1323983000D+03 0.3143200000D+00 0.5263000000D-02 0.2405000000D+00 0.4959605000D+01 0.5235000000D+00 0.2330100000D+01 0.3180800000D+01-0.2208000000D+00 0.4590000000D-02 0.6356540000D+02 0.1357900000D+00 0.0000000000D+00 0.1079000000D+00 0.5062860000D+01 0.9914000000D+00 0.0000000000D+00 0.3285300000D+01
1 2020101015201010312455484.5-0.2310000000D+00 0.8070000000D-02 0.1299224000D+03 0.3275900000D+00 0.5057000000D-02 0.2200000000D+00 0.5268486000D+01 0.1349500000D+01 0.3050600000D+01 0.4050100000D+01-0.1570000000D+00 0.5020000000D-02 0.6228480000D+02 0.1553000000D+00 0.0000000000D+00 0.1043000000D+00 0.5367748000D+01 0.1800200000D+01 0.0000000000D+00 0.4214000000D+01
1 2120101031201011162455500.5-0.9230000000D-01 0.9310000000D-02 0.1254544000D+03 0.3523400000D+00 0.4424000000D-02 0.2328000000D+00 0.5566433000D+01 0.2100500000D+01 0.3666000000D+01 0.4834400000D+01-0.8570000000D-01 0.5210000000D-02 0.6000850000D+02 0.1738800000D+00 0.0000000000D+00 0.1145000000D+00 0.5661278000D+01 0.2464900000D+01 0.0000000000D+00 0.4937800000D+01
1 2220101116201012022455516.5 0.3960000000D-01 0.1114000000D-01 0.1197727000D+03 0.3811500000D+00 0.3426000000D-02 0.2064000000D+00 0.5849482000D+01 0.2756200000D+01 0.4265600000D+01 0.5524800000D+01-0.1510000000D-01 0.5530000000D-02 0.5720070000D+02 0.1859200000D+00 0.0000000000D+00 0.9830000000D-01 0.5940374000D+01 0.3035200000D+01 0.0000000000D+00 0.5600100000D+01
1 2320101202201012182455532.5 0.1734000000D+00 0.1131000000D-01 0.1136803000D+03 0.4062400000D+00 0.2613000000D-02 0.1907000000D+00 0.6116261000D+01 0.3311400000D+01 0.4886300000D+01 0.9410000000D-01 0.5570000000D-01 0.5250000000D-02 0.5428440000D+02 0.1933300000D+00 0.0000000000D+00 0.8950000000D-01 0.6204319000D+01 0.3531600000D+01 0.0000000000D+00 0.1837000000D+00
1 2420101218201101032455548.5 0.3068000000D+00 0.9420000000D-02 0.1077865000D+03 0.4191400000D+00 0.2035000000D-02 0.2035000000D+00 0.8426700000D-01 0.3790700000D+01 0.5464400000D+01 0.8023000000D+00 0.1246000000D+00 0.4300000000D-02 0.5152500000D+02 0.1965900000D+00 0.0000000000D+00 0.9570000000D-01 0.1708780000D+00 0.3965000000D+01 0.0000000000D+00 0.8984000000D+00
2 2520091231201001162455196.5-0.2124100000D+01 0.1682000000D-01 0.1525091000D+03 0.6573300000D+00 0.1176000000D-02 0.6816000000D+00 0.5817124000D+01 0.3684500000D+01 0.5575400000D+01 0.3968400000D+01-0.8567000000D+00 0.4910000000D-02 0.6145210000D+02 0.2128700000D+00 0.0000000000D+00 0.2813000000D+00 0.5817520000D+01 0.4278700000D+01 0.0000000000D+00 0.3965700000D+01
2 2620100116201002012455212.5-0.1894500000D+01 0.2365000000D-01 0.1474897000D+03 0.6416600000D+00 0.1514000000D-02 0.6525000000D+00 0.2648998000D+01 0.6454000000D+00 0.2402800000D+01 0.4185100000D+01-0.7937000000D+00 0.8030000000D-02 0.6165780000D+02 0.2319000000D+00 0.0000000000D+00 0.2767000000D+00 0.2655037000D+01 0.1214900000D+01 0.0000000000D+00 0.4201600000D+01
2 2720100201201002172455228.5-0.1563200000D+01 0.3014000000D-01 0.1438922000D+03 0.6345800000D+00 0.1697000000D-02 0.6393000000D+00 0.5759843000D+01 0.3885100000D+01 0.6008600000D+01 0.4406500000D+01-0.6847000000D+00 0.1171000000D-01 0.6225730000D+02 0.2451500000D+00 0.0000000000D+00 0.2816000000D+00 0.5771970000D+01 0.4404300000D+01 0.0000000000D+00 0.4418300000D+01
2 2820100217201003052455244.5-0.1131500000D+01 0.3382000000D-01 0.1415877000D+03 0.6141000000D+00 0.1357000000D-02 0.6246000000D+00 0.2584894000D+01 0.8572000000D+00 0.2762600000D+01 0.4623700000D+01-0.5202000000D+00 0.1405000000D-01 0.6316440000D+02 0.2564900000D+00 0.0000000000D+00 0.2823000000D+00 0.2603896000D+01 0.1310700000D+01 0.0000000000D+00 0.4649800000D+01
2 2920100305201003212455260.5-0.6260000000D+00 0.3521000000D-01 0.1407385000D+03 0.6017700000D+00 0.1694000000D-02 0.6239000000D+00 0.5692340000D+01 0.4089500000D+01 0.5917700000D+01 0.4847600000D+01-0.3114000000D+00 0.1557000000D-01 0.6440810000D+02 0.2623200000D+00 0.0000000000D+00 0.2888000000D+00 0.5718521000D+01 0.4490900000D+01 0.0000000000D+00 0.4874900000D+01
2 3020100321201004062455276.5-0.8730000000D-01 0.3576000000D-01 0.1411469000D+03 0.5870900000D+00 0.1185000000D-02 0.6315000000D+00 0.2517431000D+01 0.1078500000D+01 0.2376800000D+01 0.5076600000D+01-0.7450000000D-01 0.1642000000D-01 0.6593250000D+02 0.2681100000D+00 0.0000000000D+00 0.2978000000D+00 0.2551298000D+01 0.1403600000D+01 0.0000000000D+00 0.5116800000D+01
2 3120100406201004222455292.5 0.4663000000D+00 0.3412000000D-01 0.1430189000D+03 0.5906900000D+00 0.2038000000D-02 0.6448000000D+00 0.5628338000D+01 0.4312200000D+01 0.5968700000D+01 0.5299200000D+01 0.1798000000D+00 0.1629000000D-01 0.6780330000D+02 0.2687900000D+00 0.0000000000D+00 0.3082000000D+00 0.5669677000D+01 0.4608800000D+01 0.0000000000D+00 0.5342300000D+01
2 3220100422201005082455308.5 0.1013000000D+01 0.2990000000D-01 0.1461323000D+03 0.5972800000D+00 0.1568000000D-02 0.6689000000D+00 0.2459846000D+01 0.1320900000D+01 0.3086700000D+01 0.5533600000D+01 0.4357000000D+00 0.1469000000D-01 0.6999500000D+02 0.2700600000D+00 0.0000000000D+00 0.3204000000D+00 0.2508926000D+01 0.1561500000D+01 0.0000000000D+00 0.5588100000D+01
2 3320100508201005242455324.5 0.1509200000D+01 0.2514000000D-01 0.1507471000D+03 0.5889400000D+00 0.2646000000D-02 0.6991000000D+00 0.5579827000D+01 0.4579800000D+01 0.6067900000D+01 0.5772900000D+01 0.6815000000D+00 0.1268000000D-01 0.7259840000D+02 0.2681300000D+00 0.0000000000D+00 0.3386000000D+00 0.5636599000D+01 0.4825300000D+01 0.0000000000D+00 0.5827900000D+01
2 3420100524201006092455340.5 0.1938200000D+01 0.1875000000D-01 0.1566052000D+03 0.6014400000D+00 0.2686000000D-02 0.7405000000D+00 0.2424051000D+01 0.1609000000D+01 0.3187700000D+01 0.6004900000D+01 0.8881000000D+00 0.9910000000D-02 0.7560590000D+02 0.2703900000D+00 0.0000000000D+00 0.3562000000D+00 0.2488245000D+01 0.1845000000D+01 0.0000000000D+00 0.6080000000D+01
2 3520100609201006252455356.5 0.2281100000D+01 0.1098000000D-01 0.1638378000D+03 0.5998300000D+00 0.3365000000D-02 0.7879000000D+00 0.5560251000D+01 0.4930700000D+01 0.1838000000D+00 0.6257200000D+01 0.1073300000D+01 0.6280000000D-02 0.7909900000D+02 0.2728200000D+00 0.0000000000D+00 0.3820000000D+00 0.5631470000D+01 0.5187900000D+01 0.0000000000D+00 0.4000000000D-01
2 3620100625201007112455372.5 0.2509900000D+01 0.3740000000D-02 0.1721331000D+03 0.6225600000D+00 0.4506000000D-02 0.8416000000D+00 0.2424435000D+01 0.2000000000D+01 0.3907300000D+01 0.2245000000D+00 0.1187400000D+01 0.3390000000D-02 0.8305870000D+02 0.2786600000D+00 0.0000000000D+00 0.4018000000D+00 0.2501747000D+01 0.2285700000D+01 0.0000000000D+00 0.3178000000D+00
2 3720100711201007272455388.5 0.2619200000D+01-0.3510000000D-02 0.1813577000D+03 0.6011600000D+00 0.4534000000D-02 0.8998000000D+00 0.5584004000D+01 0.5416900000D+01 0.9373000000D+00 0.4872000000D+00 0.1272700000D+01-0.5000000000D-03 0.8744300000D+02 0.2834700000D+00 0.0000000000D+00 0.4366000000D+00 0.5666898000D+01 0.5700400000D+01 0.0000000000D+00 0.5608000000D+00
2 3820100727201008122455404.5 0.2615300000D+01-0.1163000000D-01 0.1907783000D+03 0.5832500000D+00 0.7015000000D-02 0.9548000000D+00 0.2474953000D+01 0.2558000000D+01 0.4365400000D+01 0.7693000000D+00 0.1281700000D+01-0.3490000000D-02 0.9203120000D+02 0.2829900000D+00 0.0000000000D+00 0.4556000000D+00 0.2561542000D+01 0.2879000000D+01 0.0000000000D+00 0.8791000000D+00
2 3920100812201008282455420.5 0.2492800000D+01-0.1911000000D-01 0.1994796000D+03 0.5688700000D+00 0.7137000000D-02 0.1000500000D+01 0.5663141000D+01 0.6113200000D+01 0.1751100000D+01 0.1050300000D+01 0.1256900000D+01-0.8500000000D-02 0.9640660000D+02 0.2694700000D+00 0.0000000000D+00 0.4892000000D+00 0.5752484000D+01 0.1052000000D+00 0.0000000000D+00 0.1123900000D+01
2 4020100828201009132455436.5 0.2235700000D+01-0.2304000000D-01 0.2064091000D+03 0.5372600000D+00 0.8241000000D-02 0.1036400000D+01 0.2581339000D+01 0.3440700000D+01 0.5286300000D+01 0.1351700000D+01 0.1159100000D+01-0.9750000000D-02 0.9998400000D+02 0.2444800000D+00 0.0000000000D+00 0.4941000000D+00 0.2671252000D+01 0.3737000000D+01 0.0000000000D+00 0.1461200000D+01
2 4120100913201009292455452.5 0.1897800000D+01-0.2857000000D-01 0.2101855000D+03 0.5290200000D+00 0.9114000000D-02 0.1048100000D+01 0.5792245000D+01 0.8211000000D+00 0.2749800000D+01 0.1659100000D+01 0.9957000000D+00-0.1366000000D-01 0.1019744000D+03 0.2210400000D+00 0.0000000000D+00 0.5169000000D+00 0.5881212000D+01 0.1194700000D+01 0.0000000000D+00 0.1735600000D+01
2 4220100929201010152455468.5 0.1475600000D+01-0.3289000000D-01 0.2102776000D+03 0.5193700000D+00 0.7587000000D-02 0.1043300000D+01 0.2723118000D+01 0.4588200000D+01 0.4550000000D-01 0.1954900000D+01 0.8245000000D+00-0.1623000000D-01 0.1019537000D+03 0.2309800000D+00 0.0000000000D+00 0.4963000000D+00 0.2809101000D+01 0.4995100000D+01 0.0000000000D+00 0.2042700000D+01
2 4320101015201010312455484.5 0.9713000000D+00-0.3369000000D-01 0.2062130000D+03 0.5203600000D+00 0.7843000000D-02 0.1015500000D+01 0.5933429000D+01 0.1970300000D+01 0.3552800000D+01 0.2248800000D+01 0.5563000000D+00-0.1641000000D-01 0.9981410000D+02 0.2532900000D+00 0.0000000000D+00 0.5004000000D+00 0.6015349000D+01 0.2393200000D+01 0.0000000000D+00 0.2325900000D+01
2 4420101031201011162455500.5 0.4306000000D+00-0.3346000000D-01 0.1992302000D+03 0.5826900000D+00 0.7082000000D-02 0.9686000000D+00 0.2849717000D+01 0.5601600000D+01 0.1030600000D+01 0.2527300000D+01 0.3107000000D+00-0.1733000000D-01 0.9617650000D+02 0.2795400000D+00 0.0000000000D+00 0.4572000000D+00 0.2927487000D+01 0.5950700000D+01 0.0000000000D+00 0.2595700000D+01
2 4520101116201012022455516.5-0.1191000000D+00-0.3125000000D-01 0.1901267000D+03 0.5902900000D+00 0.5599000000D-02 0.9167000000D+00 0.6035266000D+01 0.2871000000D+01 0.4314800000D+01 0.2782700000D+01 0.2480000000D-01-0.1540000000D-01 0.9167840000D+02 0.2918900000D+00 0.0000000000D+00 0.4502000000D+00 0.6108981000D+01 0.3136800000D+01 0.0000000000D+00 0.2855300000D+01
2 4620101202201012182455532.5-0.6442000000D+00-0.2725000000D-01 0.1805197000D+03 0.6332500000D+00 0.4607000000D-02 0.8566000000D+00 0.2921582000D+01 0.4470000000D-01 0.1660700000D+01 0.3033500000D+01-0.2317000000D+00-0.1436000000D-01 0.8704350000D+02 0.2996900000D+00 0.0000000000D+00 0.4070000000D+00 0.2992627000D+01 0.2584000000D+00 0.0000000000D+00 0.3099900000D+01
2 4720101218201101032455548.5-0.1122400000D+01-0.2100000000D-01 0.1711178000D+03 0.6403900000D+00 0.2649000000D-02 0.8007000000D+00 0.6075864000D+01 0.3459000000D+01 0.5034900000D+01 0.3262800000D+01-0.4754000000D+00-0.1095000000D-01 0.8264890000D+02 0.3004600000D+00 0.0000000000D+00 0.3907000000D+00 0.6145514000D+01 0.3602600000D+01 0.0000000000D+00 0.3332900000D+01
3 4820091231201001172455196.5 0.4105000000D+00 0.8150000000D-02 0.2431379000D+03 0.1040230000D+01 0.2318000000D-02 0.1570000000D+00 0.4715620000D+00 0.4614000000D+01 0.6750000000D-01 0.2200100000D+01 0.1680000000D+00 0.3360000000D-02 0.9839300000D+02 0.3417900000D+00 0.0000000000D+00 0.6170000000D-01 0.4885600000D+00 0.5216200000D+01 0.0000000000D+00 0.2344200000D+01
3 4920100117201002032455213.5 0.5403000000D+00-0.4500000000D-02 0.2347945000D+03 0.1033460000D+01 0.3104000000D-02 0.1588000000D+00 0.2770116000D+01 0.7671000000D+00 0.2870000000D+01 0.8095000000D+00 0.2186000000D+00-0.1250000000D-02 0.9866340000D+02 0.3699100000D+00 0.0000000000D+00 0.7500000000D-01 0.2792570000D+01 0.1341400000D+01 0.0000000000D+00 0.8379000000D+00
3 5020100203201002202455230.5 0.4083000000D+00-0.7300000000D-03 0.2288232000D+03 0.1003640000D+01 0.2001000000D-02 0.1308000000D+00 0.5063778000D+01 0.3223600000D+01 0.5314700000D+01 0.5493700000D+01 0.1695000000D+00-0.1600000000D-03 0.9961320000D+02 0.3955900000D+00 0.0000000000D+00 0.5610000000D-01 0.5092762000D+01 0.3720000000D+01 0.0000000000D+00 0.5510000000D+01
3 5120100220201003092455247.5 0.4120000000D+00 0.5370000000D-02 0.2254312000D+03 0.9772600000D+00 0.1857000000D-02 0.1465000000D+00 0.1071189000D+01 0.5656100000D+01 0.1284300000D+01 0.3810400000D+01 0.1791000000D+00 0.2600000000D-02 0.1011598000D+03 0.4123500000D+00 0.0000000000D+00 0.6830000000D-01 0.1107343000D+01 0.6088100000D+01 0.0000000000D+00 0.3866700000D+01
3 5220100309201003262455264.5 0.4857000000D+00-0.6550000000D-02 0.2245256000D+03 0.9622200000D+00 0.2927000000D-02 0.1501000000D+00 0.3361197000D+01 0.1793800000D+01 0.3551800000D+01 0.2380900000D+01 0.2124000000D+00-0.2820000000D-02 0.1032510000D+03 0.4236700000D+00 0.0000000000D+00 0.7200000000D-01 0.3404805000D+01 0.2179100000D+01 0.0000000000D+00 0.2406800000D+01
3 5320100326201004122455281.5 0.3299000000D+00 0.3200000000D-03 0.2259382000D+03 0.9612300000D+00 0.2256000000D-02 0.1208000000D+00 0.5652538000D+01 0.4254100000D+01 0.6087900000D+01 0.7684000000D+00 0.1492000000D+00 0.2000000000D-04 0.1058900000D+03 0.4306900000D+00 0.0000000000D+00 0.5660000000D-01 0.5703774000D+01 0.4563800000D+01 0.0000000000D+00 0.7980000000D+00
3 5420100412201004292455298.5 0.3644000000D+00 0.3940000000D-02 0.2298996000D+03 0.9600900000D+00 0.3115000000D-02 0.1400000000D+00 0.1663512000D+01 0.4090000000D+00 0.2146400000D+01 0.5296400000D+01 0.1564000000D+00 0.2120000000D-02 0.1091324000D+03 0.4308000000D+00 0.0000000000D+00 0.6450000000D-01 0.1722442000D+01 0.6846000000D+00 0.0000000000D+00 0.5456300000D+01
3 5520100429201005162455315.5 0.4064000000D+00-0.6460000000D-02 0.2362999000D+03 0.9550000000D+00 0.3739000000D-02 0.1416000000D+00 0.3962487000D+01 0.2868000000D+01 0.4372800000D+01 0.3856000000D+01 0.1829000000D+00-0.3590000000D-02 0.1130383000D+03 0.4304500000D+00 0.0000000000D+00 0.7760000000D-01 0.4029386000D+01 0.3114000000D+01 0.0000000000D+00 0.3891200000D+01
3 5620100516201006022455332.5 0.2563000000D+00 0.3950000000D-02 0.2451000000D+03 0.9734000000D+00 0.3849000000D-02 0.1151000000D+00 0.6268444000D+01 0.5356300000D+01 0.7187000000D+00 0.2155100000D+01 0.1168000000D+00 0.1680000000D-02 0.1176488000D+03 0.4316100000D+00 0.0000000000D+00 0.5070000000D-01 0.5990200000D-01 0.5586200000D+01 0.0000000000D+00 0.2081400000D+01
3 5720100602201006192455349.5 0.3645000000D+00 0.4090000000D-02 0.2564094000D+03 0.9758200000D+00 0.5962000000D-02 0.1425000000D+00 0.2300241000D+01 0.1551900000D+01 0.3163800000D+01 0.3603000000D+00 0.1334000000D+00 0.2060000000D-02 0.1230504000D+03 0.4354300000D+00 0.0000000000D+00 0.7110000000D-01 0.2381959000D+01 0.1827600000D+01 0.0000000000D+00 0.6300000000D+00
3 5820100619201007062455366.5 0.4022000000D+00-0.4660000000D-02 0.2698476000D+03 0.9785100000D+00 0.6279000000D-02 0.1510000000D+00 0.4626223000D+01 0.4099500000D+01 0.5768500000D+01 0.5239200000D+01 0.1922000000D+00-0.3410000000D-02 0.1293656000D+03 0.4389900000D+00 0.0000000000D+00 0.8530000000D-01 0.4714426000D+01 0.4396900000D+01 0.0000000000D+00 0.5130000000D+01
3 5920100706201007232455383.5 0.2894000000D+00 0.7570000000D-02 0.2850100000D+03 0.9799400000D+00 0.7610000000D-02 0.1297000000D+00 0.6825960000D+00 0.4015000000D+00 0.2251100000D+01 0.3479100000D+01 0.9590000000D-01 0.3810000000D-02 0.1365208000D+03 0.4445600000D+00 0.0000000000D+00 0.4070000000D-01 0.7766020000D+00 0.7192000000D+00 0.0000000000D+00 0.3251900000D+01
3 6020100723201008092455400.5 0.4632000000D+00 0.5950000000D-02 0.3010780000D+03 0.9281700000D+00 0.9876000000D-02 0.1695000000D+00 0.3037687000D+01 0.3032500000D+01 0.4786000000D+01 0.1805500000D+01 0.1828000000D+00 0.1700000000D-02 0.1441917000D+03 0.4461500000D+00 0.0000000000D+00 0.7860000000D-01 0.3136454000D+01 0.3363300000D+01 0.0000000000D+00 0.2328100000D+01
3 6120100809201008262455417.5 0.5378000000D+00-0.7110000000D-02 0.3162176000D+03 0.9146700000D+00 0.1171400000D-01 0.1737000000D+00 0.5409122000D+01 0.5765700000D+01 0.1439300000D+01 0.4002000000D+00 0.2217000000D+00-0.2680000000D-02 0.1517148000D+03 0.4281700000D+00 0.0000000000D+00 0.1231000000D+00 0.5511246000D+01 0.6065500000D+01 0.0000000000D+00 0.5278000000D+00
3 6220100826201009122455434.5 0.3988000000D+00 0.9410000000D-02 0.3285534000D+03 0.8687700000D+00 0.1312300000D-01 0.1516000000D+00 0.1512895000D+01 0.2306700000D+01 0.4267100000D+01 0.4955000000D+01 0.1305000000D+00 0.2420000000D-02 0.1579999000D+03 0.3866300000D+00 0.0000000000D+00 0.8780000000D-01 0.1616327000D+01 0.2593300000D+01 0.0000000000D+00 0.4526900000D+01
3 6320100912201009292455451.5 0.6137000000D+00 0.2800000000D-02 0.3357097000D+03 0.8330800000D+00 0.1187100000D-01 0.1942000000D+00 0.3911333000D+01 0.5247300000D+01 0.8269000000D+00 0.3372600000D+01 0.2640000000D+00 0.2660000000D-02 0.1617053000D+03 0.3552800000D+00 0.0000000000D+00 0.5810000000D-01 0.4013710000D+01 0.5563800000D+01 0.0000000000D+00 0.3601100000D+01
3 6420100929201010162455468.5 0.6488000000D+00-0.9020000000D-02 0.3357388000D+03 0.8232100000D+00 0.1352900000D-01 0.1836000000D+00 0.3146700000D-01 0.1859900000D+01 0.3599900000D+01 0.1934000000D+01 0.2180000000D+00-0.4590000000D-02 0.1618347000D+03 0.3694800000D+00 0.0000000000D+00 0.1143000000D+00 0.1307900000D+00 0.2312700000D+01 0.0000000000D+00 0.2192100000D+01
3 6520101016201011022455485.5 0.4967000000D+00 0.6000000000D-02 0.3288845000D+03 0.8640400000D+00 0.1235700000D-01 0.1731000000D+00 0.2430574000D+01 0.4780500000D+01 0.1761000000D+00 0.1086000000D+00 0.2297000000D+00 0.2340000000D-02 0.1582763000D+03 0.4160600000D+00 0.0000000000D+00 0.9470000000D-01 0.2526106000D+01 0.5225200000D+01 0.0000000000D+00 0.6229300000D+01
3 6620101102201011192455502.5 0.6693000000D+00 0.2120000000D-02 0.3164843000D+03 0.9342900000D+00 0.1101700000D-01 0.2150000000D+00 0.4817815000D+01 0.1320200000D+01 0.3020000000D+01 0.4855100000D+01 0.2328000000D+00 0.2200000000D-02 0.1519145000D+03 0.4539700000D+00 0.0000000000D+00 0.7880000000D-01 0.4909180000D+01 0.1694800000D+01 0.0000000000D+00 0.4970600000D+01
3 6720101119201012062455519.5 0.6918000000D+00-0.7370000000D-02 0.3008399000D+03 0.9594300000D+00 0.8303000000D-02 0.1999000000D+00 0.9058910000D+00 0.4070000000D+01 0.5570900000D+01 0.3351900000D+01 0.3128000000D+00-0.4220000000D-02 0.1441764000D+03 0.4694300000D+00 0.0000000000D+00 0.1137000000D+00 0.9931020000D+00 0.4351600000D+01 0.0000000000D+00 0.3602000000D+01
3 6820101206201012232455536.5 0.5806000000D+00 0.5730000000D-02 0.2844811000D+03 0.1003640000D+01 0.6795000000D-02 0.2054000000D+00 0.3259241000D+01 0.4342000000D+00 0.2001200000D+01 0.1609500000D+01 0.2287000000D+00 0.3690000000D-02 0.1363250000D+03 0.4754300000D+00 0.0000000000D+00 0.1156000000D+00 0.3343520000D+01 0.6550000000D+00 0.0000000000D+00 0.1545800000D+01
3 6920101223201101092455553.5 0.7435000000D+00 0.1240000000D-02 0.2689798000D+03 0.1011870000D+01 0.5803000000D-02 0.2433000000D+00 0.5595648000D+01 0.3004900000D+01 0.4594600000D+01 0.7140000000D-01 0.3178000000D+00 0.4900000000D-03 0.1290709000D+03 0.4758100000D+00 0.0000000000D+00 0.1005000000D+00 0.5678753000D+01 0.3178300000D+01 0.0000000000D+00 0.8760000000D-01
4 7020091231201001182455196.5-0.2979700000D+01 0.7398000000D-01 0.4285495000D+03 0.1879920000D+01 0.0000000000D+00 0.1174900000D+01 0.6830370000D+00 0.4866900000D+01 0.0000000000D+00 0.5472000000D+00-0.1281000000D+01 0.2763000000D-01 0.1716013000D+03 0.6211700000D+00 0.0000000000D+00 0.4764000000D+00 0.7105050000D+00 0.5406500000D+01 0.0000000000D+00 0.5539000000D+00
4 7120100118201002052455214.5-0.2153300000D+01 0.2373000000D-01 0.4126676000D+03 0.1800790000D+01 0.0000000000D+00 0.1138800000D+01 0.1108199000D+01 0.5455300000D+01 0.0000000000D+00 0.1469500000D+01-0.1052100000D+01 0.1335000000D-01 0.1719644000D+03 0.6645700000D+00 0.0000000000D+00 0.4761000000D+00 0.1140616000D+01 0.5961400000D+01 0.0000000000D+00 0.1493400000D+01
4 7220100205201002232455232.5-0.1504700000D+01-0.9290000000D-02 0.4019819000D+03 0.1757290000D+01 0.0000000000D+00 0.1072700000D+01 0.1528203000D+01 0.6037700000D+01 0.0000000000D+00 0.2409100000D+01-0.8899000000D+00 0.8320000000D-02 0.1737381000D+03 0.7044500000D+00 0.0000000000D+00 0.4680000000D+00 0.1566246000D+01 0.1926000000D+00 0.0000000000D+00 0.2452700000D+01
4 7320100223201003132455250.5-0.1297500000D+01-0.5470000000D-02 0.3964875000D+03 0.1728280000D+01 0.0000000000D+00 0.1063100000D+01 0.1944876000D+01 0.3181000000D+00 0.0000000000D+00 0.3328300000D+01-0.8664000000D+00 0.1531000000D-01 0.1767327000D+03 0.7269400000D+00 0.0000000000D+00 0.4811000000D+00 0.1989177000D+01 0.6863000000D+00 0.0000000000D+00 0.3376400000D+01
4 7420100313201003312455268.5-0.8608000000D+00-0.2044000000D-01 0.3957372000D+03 0.1732420000D+01 0.0000000000D+00 0.1052300000D+01 0.2361576000D+01 0.8913000000D+00 0.0000000000D+00 0.4278700000D+01-0.6737000000D+00 0.7340000000D-02 0.1807356000D+03 0.7545200000D+00 0.0000000000D+00 0.4872000000D+00 0.2412932000D+01 0.1193300000D+01 0.0000000000D+00 0.4334100000D+01
4 7520100331201004182455286.5-0.4692000000D+00-0.3560000000D-01 0.3998384000D+03 0.1738320000D+01 0.0000000000D+00 0.1037800000D+01 0.2779555000D+01 0.1465100000D+01 0.0000000000D+00 0.5225400000D+01-0.4711000000D+00-0.3960000000D-02 0.1858641000D+03 0.7707500000D+00 0.0000000000D+00 0.4887000000D+00 0.2838456000D+01 0.1710400000D+01 0.0000000000D+00 0.5290200000D+01
4 7620100418201005062455304.5-0.2857000000D+00-0.3462000000D-01 0.4087799000D+03 0.1747860000D+01 0.0000000000D+00 0.1060500000D+01 0.3201141000D+01 0.2046000000D+01 0.0000000000D+00 0.6147900000D+01-0.3749000000D+00-0.7210000000D-02 0.1922030000D+03 0.7759600000D+00 0.0000000000D+00 0.5044000000D+00 0.3267738000D+01 0.2246000000D+01 0.0000000000D+00 0.6218200000D+01
4 7720100506201005242455322.5-0.4310000000D+00 0.5850000000D-02 0.4221342000D+03 0.1757440000D+01 0.0000000000D+00 0.1055100000D+01 0.3628447000D+01 0.2668000000D+01 0.0000000000D+00 0.8415000000D+00-0.4586000000D+00 0.1072000000D-01 0.1996552000D+03 0.7766500000D+00 0.0000000000D+00 0.5039000000D+00 0.3702787000D+01 0.2842300000D+01 0.0000000000D+00 0.9204000000D+00
4 7820100524201006112455340.5-0.5242000000D+00 0.3897000000D-01 0.4404112000D+03 0.1782630000D+01 0.0000000000D+00 0.1066600000D+01 0.4064599000D+01 0.3309100000D+01 0.0000000000D+00 0.1815300000D+01-0.4965000000D+00 0.2266000000D-01 0.2086809000D+03 0.7837800000D+00 0.0000000000D+00 0.5089000000D+00 0.4146572000D+01 0.3471800000D+01 0.0000000000D+00 0.1899200000D+01
4 7920100611201006292455358.5-0.8263000000D+00 0.1019900000D+00 0.4632147000D+03 0.1827880000D+01 0.0000000000D+00 0.1127600000D+01 0.4512146000D+01 0.3983500000D+01 0.0000000000D+00 0.2773700000D+01-0.6378000000D+00 0.4813000000D-01 0.2193157000D+03 0.8093100000D+00 0.0000000000D+00 0.5353000000D+00 0.4601345000D+01 0.4147800000D+01 0.0000000000D+00 0.2863900000D+01
4 8020100629201007172455376.5-0.6501000000D+00 0.1313200000D+00 0.4902980000D+03 0.1831920000D+01 0.0000000000D+00 0.1135800000D+01 0.4973252000D+01 0.4692700000D+01 0.0000000000D+00 0.3764600000D+01-0.5634000000D+00 0.5811000000D-01 0.2317427000D+03 0.8315800000D+00 0.0000000000D+00 0.5383000000D+00 0.5068923000D+01 0.4862600000D+01 0.0000000000D+00 0.3866000000D+01
4 8120100717201008042455394.5 0.1740000000D-01 0.9229000000D-01 0.5201485000D+03 0.1753710000D+01 0.0000000000D+00 0.1121900000D+01 0.5450363000D+01 0.5469600000D+01 0.0000000000D+00 0.4757200000D+01-0.2815000000D+00 0.3796000000D-01 0.2455805000D+03 0.8311600000D+00 0.0000000000D+00 0.5336000000D+00 0.5551426000D+01 0.5631300000D+01 0.0000000000D+00 0.4860400000D+01
4 8220100804201008222455412.5 0.1814600000D+01-0.1040100000D+00 0.5495816000D+03 0.1654820000D+01 0.0000000000D+00 0.1200700000D+01 0.5943666000D+01 0.1403000000D+00 0.0000000000D+00 0.5787700000D+01 0.5259000000D+00-0.5622000000D-01 0.2595646000D+03 0.8178700000D+00 0.0000000000D+00 0.5710000000D+00 0.6048480000D+01 0.2598000000D+00 0.0000000000D+00 0.5883100000D+01
4 8320100822201009092455430.5 0.2869200000D+01-0.2834300000D+00 0.5741307000D+03 0.1687120000D+01 0.0000000000D+00 0.1210400000D+01 0.1736040000D+00 0.1138800000D+01 0.0000000000D+00 0.4817000000D+00 0.9232000000D+00-0.1336000000D+00 0.2717174000D+03 0.8100700000D+00 0.0000000000D+00 0.5671000000D+00 0.2802900000D+00 0.1203100000D+01 0.0000000000D+00 0.5799000000D+00
4 8420100909201009272455448.5 0.1479100000D+01-0.2309200000D+00 0.5902645000D+03 0.1600660000D+01 0.0000000000D+00 0.1143000000D+01 0.7038670000D+00 0.2146900000D+01 0.0000000000D+00 0.1461100000D+01 0.1416000000D+00-0.9398000000D-01 0.2800687000D+03 0.7115800000D+00 0.0000000000D+00 0.5356000000D+00 0.8097960000D+00 0.2236100000D+01 0.0000000000D+00 0.1574300000D+01
4 8520100927201010152455466.5-0.1778900000D+01 0.9081000000D-01 0.5948051000D+03 0.1584110000D+01 0.0000000000D+00 0.1222000000D+01 0.1240202000D+01 0.3337800000D+01 0.0000000000D+00 0.2515700000D+01-0.1379600000D+01 0.6291000000D-01 0.2823966000D+03 0.7140400000D+00 0.0000000000D+00 0.5812000000D+00 0.1342790000D+01 0.3514200000D+01 0.0000000000D+00 0.2616600000D+01
4 8620101015201011022455484.5-0.2935500000D+01 0.2524800000D+00 0.5833121000D+03 0.1789620000D+01 0.0000000000D+00 0.1220900000D+01 0.1772163000D+01 0.4350900000D+01 0.0000000000D+00 0.3466100000D+01-0.1697700000D+01 0.1208100000D+00 0.2764582000D+03 0.8323200000D+00 0.0000000000D+00 0.5744000000D+00 0.1870656000D+01 0.4527000000D+01 0.0000000000D+00 0.3556400000D+01
4 8720101102201011202455502.5-0.1885300000D+01 0.1741200000D+00 0.5593246000D+03 0.1814450000D+01 0.0000000000D+00 0.1171800000D+01 0.2293562000D+01 0.5244000000D+01 0.0000000000D+00 0.4444800000D+01-0.1039100000D+01 0.6730000000D-01 0.2646096000D+03 0.8498300000D+00 0.0000000000D+00 0.5525000000D+00 0.2387864000D+01 0.5413100000D+01 0.0000000000D+00 0.4536200000D+01
4 8820101120201012082455520.5 0.5400000000D-02-0.1964000000D-01 0.5296357000D+03 0.1810930000D+01 0.0000000000D+00 0.1197200000D+01 0.2798287000D+01 0.6135800000D+01 0.0000000000D+00 0.5484200000D+01-0.1838000000D+00-0.2031000000D-01 0.2504139000D+03 0.8570800000D+00 0.0000000000D+00 0.5679000000D+00 0.2888398000D+01 0.6278200000D+01 0.0000000000D+00 0.5564600000D+01
4 8920101208201012262455538.5 0.5488000000D+00-0.8575000000D-01 0.4990093000D+03 0.1869030000D+01 0.0000000000D+00 0.1156500000D+01 0.3280735000D+01 0.6080000000D+00 0.0000000000D+00 0.1594000000D+00-0.2770000000D-01-0.3830000000D-01 0.2360349000D+03 0.8730100000D+00 0.0000000000D+00 0.5457000000D+00 0.3367776000D+01 0.7152000000D+00 0.0000000000D+00 0.2378000000D+00
4 9020101226201101132455556.5 0.3436000000D+00-0.6687000000D-01 0.4702897000D+03 0.1860710000D+01 0.0000000000D+00 0.1127600000D+01 0.3743979000D+01 0.1283000000D+01 0.0000000000D+00 0.1107500000D+01-0.1659000000D+00-0.2135000000D-01 0.2227036000D+03 0.8609200000D+00 0.0000000000D+00 0.5339000000D+00 0.3829955000D+01 0.1364400000D+01 0.0000000000D+00 0.1190000000D+01
