 5 4    2   25   48   70  3.5516  1.7693  0.8782  0.3765 16.0 16.0 17.0 18.0   90 2454100.5000 2007                                                                                                                                                                                                                                                                              
1  220061231200701162454100.5-0.5313000000D+00 0.1380000000D-02 0.9283280000D+02 0.3503700000D+00 0.1055000000D-02 0.1940000000D+00 0.5210627000D+01 0.4095400000D+01 0.5559800000D+01 0.2831900000D+01 0.9550000000D-01-0.2900000000D-03 0.1573230000D+02 0.1091300000D+00 0.0000000000D+00 0.3070000000D-01 0.2381419000D+01 0.5555600000D+01 0.0000000000D+00 0.3600000000D-02
1  320070116200702012454116.5-0.4623000000D+00 0.1880000000D-02 0.9567600000D+02 0.3527200000D+00 0.1162000000D-02 0.1820000000D+00 0.5435862000D+01 0.4478500000D+01 0.5911500000D+01 0.3619200000D+01 0.8020000000D-01-0.1900000000D-03 0.1398170000D+02 0.9649000000D-01 0.0000000000D+00 0.2550000000D-01 0.2655083000D+01 0.5685100000D+01 0.0000000000D+00 0.8261000000D+00
1  420070201200702172454132.5-0.3725000000D+00 0.3580000000D-02 0.9930180000D+02 0.3571400000D+00 0.1441000000D-02 0.1993000000D+00 0.5667769000D+01 0.4875600000D+01 0.7690000000D-01 0.4354000000D+01 0.6590000000D-01-0.1600000000D-03 0.1244620000D+02 0.8071000000D-01 0.0000000000D+00 0.2200000000D-01 0.2946880000D+01 0.5812800000D+01 0.0000000000D+00 0.1540500000D+01
1  520070217200703052454148.5-0.2630000000D+00 0.5800000000D-02 0.1036831000D+03 0.3642400000D+00 0.1784000000D-02 0.1890000000D+00 0.5907909000D+01 0.5302100000D+01 0.6058000000D+00 0.5013600000D+01 0.5270000000D-01-0.3000000000D-04 0.1120770000D+02 0.5989000000D-01 0.0000000000D+00 0.1540000000D-01 0.3256634000D+01 0.5919500000D+01 0.0000000000D+00 0.2411400000D+01
1  620070305200703212454164.5-0.1258000000D+00 0.6670000000D-02 0.1087611000D+03 0.3720700000D+00 0.2343000000D-02 0.1831000000D+00 0.6158070000D+01 0.5754300000D+01 0.1172300000D+01 0.5889700000D+01 0.4020000000D-01 0.2400000000D-03 0.1036690000D+02 0.3380000000D-01 0.0000000000D+00 0.1570000000D-01 0.3577940000D+01 0.5893400000D+01 0.0000000000D+00 0.3529200000D+01
1  720070321200704062454180.5 0.3320000000D-01 0.6230000000D-02 0.1143866000D+03 0.3777900000D+00 0.3078000000D-02 0.2118000000D+00 0.1365660000D+00 0.6238500000D+01 0.1759800000D+01 0.3996000000D+00 0.2930000000D-01 0.3900000000D-03 0.1001440000D+02 0.1733000000D-01 0.0000000000D+00 0.1830000000D-01 0.3896093000D+01 0.4690600000D+01 0.0000000000D+00 0.4327600000D+01
1  820070406200704222454196.5 0.1888000000D+00 0.6490000000D-02 0.1202730000D+03 0.3723000000D+00 0.3840000000D-02 0.2057000000D+00 0.4110590000D+00 0.4753000000D+00 0.2308500000D+01 0.1161900000D+01 0.2030000000D-01 0.1500000000D-03 0.1022360000D+02 0.5038000000D-01 0.0000000000D+00 0.2070000000D-01 0.4192736000D+01 0.4058500000D+01 0.0000000000D+00 0.5109200000D+01
1  920070422200705082454212.5 0.3285000000D+00 0.7680000000D-02 0.1259038000D+03 0.3548100000D+00 0.4102000000D-02 0.2228000000D+00 0.6983730000D+00 0.1069100000D+01 0.2948900000D+01 0.2085600000D+01 0.1090000000D-01-0.4500000000D-03 0.1104290000D+02 0.9079000000D-01 0.0000000000D+00 0.2440000000D-01 0.4458786000D+01 0.4182900000D+01 0.0000000000D+00 0.5769200000D+01
1 1020070508200705242454228.5 0.4619000000D+00 0.7460000000D-02 0.1305565000D+03 0.3347800000D+00 0.4640000000D-02 0.2485000000D+00 0.9973120000D+00 0.1729400000D+01 0.3706900000D+01 0.2833400000D+01-0.3600000000D-02-0.1010000000D-02 0.1246890000D+02 0.1210700000D+00 0.0000000000D+00 0.2470000000D-01 0.4702434000D+01 0.4424500000D+01 0.0000000000D+00 0.1505000000D+00
1 1120070524200706092454244.5 0.5858000000D+00 0.5480000000D-02 0.1335121000D+03 0.3107200000D+00 0.5157000000D-02 0.2374000000D+00 0.1304823000D+01 0.2465400000D+01 0.4423200000D+01 0.3676400000D+01-0.2530000000D-01-0.1240000000D-02 0.1436810000D+02 0.1276800000D+00 0.0000000000D+00 0.2820000000D-01 0.4941581000D+01 0.4703700000D+01 0.0000000000D+00 0.1030400000D+01
1 1220070609200706252454260.5 0.6756000000D+00 0.4250000000D-02 0.1342404000D+03 0.2922200000D+00 0.5216000000D-02 0.2648000000D+00 0.1615882000D+01 0.3274500000D+01 0.5090100000D+01 0.4516000000D+01-0.5150000000D-01-0.1140000000D-02 0.1639290000D+02 0.1052000000D+00 0.0000000000D+00 0.3530000000D-01 0.5189331000D+01 0.4988100000D+01 0.0000000000D+00 0.1680900000D+01
1 1320070625200707112454276.5 0.7192000000D+00 0.4460000000D-02 0.1326385000D+03 0.2942400000D+00 0.4736000000D-02 0.2634000000D+00 0.1924446000D+01 0.4110300000D+01 0.5774200000D+01 0.5185000000D+01-0.7680000000D-01-0.8500000000D-03 0.1807830000D+02 0.5979000000D-01 0.0000000000D+00 0.3280000000D-01 0.5447881000D+01 0.5225100000D+01 0.0000000000D+00 0.2305300000D+01
1 1420070711200707272454292.5 0.7349000000D+00 0.3620000000D-02 0.1290519000D+03 0.3136200000D+00 0.4211000000D-02 0.2400000000D+00 0.2224979000D+01 0.4875800000D+01 0.1553000000D+00 0.6018400000D+01-0.9760000000D-01-0.3200000000D-03 0.1903680000D+02 0.1125000000D-01 0.0000000000D+00 0.3150000000D-01 0.5713384000D+01 0.4499700000D+01 0.0000000000D+00 0.3269700000D+01
1 1520070727200708122454308.5 0.7331000000D+00 0.7900000000D-03 0.1241496000D+03 0.3370700000D+00 0.3502000000D-02 0.2583000000D+00 0.2513461000D+01 0.5548000000D+01 0.7834000000D+00 0.4943000000D+00-0.1101000000D+00 0.3000000000D-03 0.1910570000D+02 0.4824000000D-01 0.0000000000D+00 0.3740000000D-01 0.5980661000D+01 0.3083100000D+01 0.0000000000D+00 0.4029800000D+01
1 1620070812200708282454324.5 0.6985000000D+00-0.1680000000D-02 0.1186617000D+03 0.3545200000D+00 0.2931000000D-02 0.2417000000D+00 0.2788007000D+01 0.6127700000D+01 0.1325200000D+01 0.1144500000D+01-0.1114000000D+00 0.6900000000D-03 0.1834770000D+02 0.8839000000D-01 0.0000000000D+00 0.3580000000D-01 0.6246479000D+01 0.3251600000D+01 0.0000000000D+00 0.4712200000D+01
1 1720070828200709132454340.5 0.6209000000D+00-0.2570000000D-02 0.1131912000D+03 0.3647400000D+00 0.2227000000D-02 0.2253000000D+00 0.3048705000D+01 0.3630000000D+00 0.1771000000D+01 0.1948400000D+01-0.1016000000D+00 0.8000000000D-03 0.1693270000D+02 0.1169100000D+00 0.0000000000D+00 0.3500000000D-01 0.2271670000D+00 0.3464400000D+01 0.0000000000D+00 0.5488700000D+01
1 1820070913200709292454356.5 0.5161000000D+00-0.3480000000D-02 0.1081518000D+03 0.3741600000D+00 0.1509000000D-02 0.2358000000D+00 0.3296924000D+01 0.8341000000D+00 0.2263200000D+01 0.2658000000D+01-0.8580000000D-01 0.9200000000D-03 0.1505500000D+02 0.1354800000D+00 0.0000000000D+00 0.3290000000D-01 0.4913780000D+00 0.3668800000D+01 0.0000000000D+00 0.6140500000D+01
1 1920070929200710152454372.5 0.4015000000D+00-0.5760000000D-02 0.1037788000D+03 0.3831800000D+00 0.1126000000D-02 0.2177000000D+00 0.3534493000D+01 0.1253500000D+01 0.2897700000D+01 0.3302700000D+01-0.6820000000D-01 0.1130000000D-02 0.1287750000D+02 0.1464000000D+00 0.0000000000D+00 0.2580000000D-01 0.7614980000D+00 0.3855900000D+01 0.0000000000D+00 0.5577000000D+00
1 2020071015200710312454388.5 0.2737000000D+00-0.8120000000D-02 0.1001416000D+03 0.3870100000D+00 0.1036000000D-02 0.2107000000D+00 0.3763311000D+01 0.1636900000D+01 0.3426200000D+01 0.4077100000D+01-0.5020000000D-01 0.1130000000D-02 0.1052800000D+02 0.1521700000D+00 0.0000000000D+00 0.2120000000D-01 0.1048232000D+01 0.4023900000D+01 0.0000000000D+00 0.1344700000D+01
1 2120071031200711162454404.5 0.1260000000D+00-0.8890000000D-02 0.9727480000D+02 0.3856900000D+00 0.8960000000D-03 0.2226000000D+00 0.3985405000D+01 0.2000700000D+01 0.3809100000D+01 0.4726600000D+01-0.3390000000D-01 0.8600000000D-03 0.8126400000D+01 0.1550100000D+00 0.0000000000D+00 0.1480000000D-01 0.1374097000D+01 0.4174900000D+01 0.0000000000D+00 0.2061900000D+01
1 2220071116200712022454420.5-0.3040000000D-01-0.8640000000D-02 0.9517840000D+02 0.3813100000D+00 0.7600000000D-03 0.2067000000D+00 0.4202688000D+01 0.2350700000D+01 0.4149900000D+01 0.5341800000D+01-0.2320000000D-01 0.4700000000D-03 0.5835600000D+01 0.1566200000D+00 0.0000000000D+00 0.8700000000D-02 0.1793380000D+01 0.4313900000D+01 0.0000000000D+00 0.3262200000D+01
1 2320071202200712182454436.5-0.1753000000D+00-0.8880000000D-02 0.9385160000D+02 0.3762000000D+00 0.6910000000D-03 0.2023000000D+00 0.4417049000D+01 0.2689600000D+01 0.4464500000D+01 0.6090700000D+01-0.2000000000D-01 0.9000000000D-04 0.4058500000D+01 0.1582200000D+00 0.0000000000D+00 0.9000000000D-02 0.2438885000D+01 0.4448000000D+01 0.0000000000D+00 0.4588700000D+01
1 2420071218200801032454452.5-0.3001000000D+00-0.9490000000D-02 0.9327720000D+02 0.3691400000D+00 0.6350000000D-03 0.2190000000D+00 0.4630180000D+01 0.3027000000D+01 0.4634400000D+01 0.4608000000D+00-0.2360000000D-01-0.3300000000D-03 0.3765600000D+01 0.1599700000D+00 0.0000000000D+00 0.1110000000D-01 0.3373901000D+01 0.4583900000D+01 0.0000000000D+00 0.5795700000D+01
2 2520061231200701162454100.5 0.1865900000D+01-0.1517000000D-01 0.1475399000D+03 0.5594100000D+00 0.1877000000D-02 0.6788000000D+00 0.3209436000D+01 0.2083700000D+01 0.3595400000D+01 0.2210400000D+01-0.3416000000D+00 0.3300000000D-02 0.2596040000D+02 0.1722600000D+00 0.0000000000D+00 0.1145000000D+00 0.3419040000D+00 0.3556700000D+01 0.0000000000D+00 0.5660400000D+01
2 2620070116200702012454116.5 0.1671400000D+01-0.2314000000D-01 0.1520440000D+03 0.5714400000D+00 0.2305000000D-02 0.7173000000D+00 0.5032700000D-01 0.5358600000D+01 0.5666000000D+00 0.2443300000D+01-0.2965000000D+00 0.3920000000D-02 0.2321150000D+02 0.1502400000D+00 0.0000000000D+00 0.9880000000D-01 0.3509509000D+01 0.3094000000D+00 0.0000000000D+00 0.5924800000D+01
2 2720070201200702172454132.5 0.1352700000D+01-0.2932000000D-01 0.1578373000D+03 0.5743600000D+00 0.2253000000D-02 0.7611000000D+00 0.3180150000D+01 0.2379900000D+01 0.3854500000D+01 0.2677500000D+01-0.2361000000D+00 0.3400000000D-02 0.2080960000D+02 0.1247300000D+00 0.0000000000D+00 0.9630000000D-01 0.4096550000D+00 0.3337900000D+01 0.0000000000D+00 0.6198400000D+01
2 2820070217200703052454148.5 0.9405000000D+00-0.3493000000D-01 0.1647945000D+03 0.5933900000D+00 0.2927000000D-02 0.8134000000D+00 0.3529700000D-01 0.5693900000D+01 0.1070600000D+01 0.2910900000D+01-0.1929000000D+00 0.3200000000D-02 0.1886350000D+02 0.9013000000D-01 0.0000000000D+00 0.8570000000D-01 0.3608961000D+01 0.5790000000D-01 0.0000000000D+00 0.2605000000D+00
2 2920070305200703212454164.5 0.4457000000D+00-0.3834000000D-01 0.1729732000D+03 0.5893600000D+00 0.4043000000D-02 0.8675000000D+00 0.3183145000D+01 0.2745600000D+01 0.4394000000D+01 0.3160200000D+01-0.1403000000D+00 0.2810000000D-02 0.1755040000D+02 0.4827000000D-01 0.0000000000D+00 0.8440000000D-01 0.5357170000D+00 0.2913300000D+01 0.0000000000D+00 0.4816000000D+00
2 3020070321200704062454180.5-0.1088000000D+00-0.3914000000D-01 0.1818712000D+03 0.6060100000D+00 0.5279000000D-02 0.9240000000D+00 0.5951400000D-01 0.6126600000D+01 0.1686700000D+01 0.3409100000D+01-0.1126000000D+00 0.2960000000D-02 0.1700550000D+02 0.2865000000D-01 0.0000000000D+00 0.8670000000D-01 0.3744369000D+01 0.4372400000D+01 0.0000000000D+00 0.8668000000D+00
2 3120070406200704222454196.5-0.6884000000D+00-0.3795000000D-01 0.1912978000D+03 0.5773200000D+00 0.5022000000D-02 0.9791000000D+00 0.3231501000D+01 0.3302200000D+01 0.5070200000D+01 0.3677200000D+01-0.5890000000D-01 0.3390000000D-02 0.1738780000D+02 0.8541000000D-01 0.0000000000D+00 0.8650000000D-01 0.6536140000D+00 0.5438000000D+00 0.0000000000D+00 0.1044200000D+01
2 3220070422200705082454212.5-0.1250700000D+01-0.3540000000D-01 0.2001121000D+03 0.5745200000D+00 0.6923000000D-02 0.1021400000D+01 0.1339300000D+00 0.4907000000D+00 0.2442500000D+01 0.3955800000D+01-0.2330000000D-01 0.4790000000D-02 0.1876940000D+02 0.1500000000D+00 0.0000000000D+00 0.1035000000D+00 0.3821982000D+01 0.3599100000D+01 0.0000000000D+00 0.1365500000D+01
2 3320070508200705242454228.5-0.1791000000D+01-0.2820000000D-01 0.2075756000D+03 0.5259700000D+00 0.7188000000D-02 0.1053800000D+01 0.3331760000D+01 0.4068500000D+01 0.5989800000D+01 0.4239200000D+01 0.5520000000D-01 0.5400000000D-02 0.2115530000D+02 0.1954100000D+00 0.0000000000D+00 0.1117000000D+00 0.6894280000D+00 0.4714000000D+00 0.0000000000D+00 0.1553100000D+01
2 3420070524200706092454244.5-0.2247500000D+01-0.2069000000D-01 0.2122175000D+03 0.4994700000D+00 0.8708000000D-02 0.1065000000D+01 0.2552850000D+00 0.1407900000D+01 0.3279500000D+01 0.4539400000D+01 0.1385000000D+00 0.6250000000D-02 0.2426510000D+02 0.2046800000D+00 0.0000000000D+00 0.1283000000D+00 0.3836950000D+01 0.3669600000D+01 0.0000000000D+00 0.1812000000D+01
2 3520070609200706252454260.5-0.2589000000D+01-0.1358000000D-01 0.2134617000D+03 0.4867700000D+00 0.7308000000D-02 0.1054000000D+01 0.3466449000D+01 0.5169600000D+01 0.7285000000D+00 0.4838900000D+01 0.2299000000D+00 0.6000000000D-02 0.2753990000D+02 0.1676000000D+00 0.0000000000D+00 0.1483000000D+00 0.7096530000D+00 0.5875000000D+00 0.0000000000D+00 0.2070200000D+01
2 3620070625200707112454276.5-0.2830200000D+01-0.3620000000D-02 0.2108285000D+03 0.4973100000D+00 0.7280000000D-02 0.1032500000D+01 0.3924000000D+00 0.2556500000D+01 0.4264000000D+01 0.5128400000D+01 0.3383000000D+00 0.4220000000D-02 0.3021390000D+02 0.9537000000D-01 0.0000000000D+00 0.1460000000D+00 0.3874933000D+01 0.3772100000D+01 0.0000000000D+00 0.2304500000D+01
2 3720070711200707272454292.5-0.2940200000D+01 0.5610000000D-02 0.2050768000D+03 0.5156000000D+00 0.6012000000D-02 0.9859000000D+00 0.3594617000D+01 0.6209400000D+01 0.1570500000D+01 0.5418800000D+01 0.3981000000D+00 0.2550000000D-02 0.3171120000D+02 0.1176000000D-01 0.0000000000D+00 0.1642000000D+00 0.7630730000D+00 0.6138800000D+01 0.0000000000D+00 0.2576300000D+01
2 3820070727200708122454308.5-0.2915200000D+01 0.1347000000D-01 0.1972623000D+03 0.5334100000D+00 0.5648000000D-02 0.9355000000D+00 0.5014520000D+00 0.3457300000D+01 0.4950800000D+01 0.5689100000D+01 0.4574000000D+00-0.6300000000D-03 0.3179200000D+02 0.7674000000D-01 0.0000000000D+00 0.1439000000D+00 0.3934551000D+01 0.9561000000D+00 0.0000000000D+00 0.2845000000D+01
2 3920070812200708282454324.5-0.2761100000D+01 0.2004000000D-01 0.1885587000D+03 0.5596800000D+00 0.4342000000D-02 0.8830000000D+00 0.3678534000D+01 0.6775000000D+00 0.2293500000D+01 0.5949600000D+01 0.4476000000D+00-0.2130000000D-02 0.3054540000D+02 0.1420500000D+00 0.0000000000D+00 0.1455000000D+00 0.8207160000D+00 0.4082100000D+01 0.0000000000D+00 0.3073200000D+01
2 4020070828200709132454340.5-0.2504100000D+01 0.2706000000D-01 0.1799453000D+03 0.5786100000D+00 0.3739000000D-02 0.8273000000D+00 0.5584030000D+00 0.4090400000D+01 0.5779900000D+01 0.6204600000D+01 0.4264000000D+00-0.4370000000D-02 0.2826050000D+02 0.1892500000D+00 0.0000000000D+00 0.1237000000D+00 0.3986898000D+01 0.9312000000D+00 0.0000000000D+00 0.3374900000D+01
2 4120070913200709292454356.5-0.2138200000D+01 0.3205000000D-01 0.1718812000D+03 0.5768300000D+00 0.2605000000D-02 0.7819000000D+00 0.3709164000D+01 0.1202200000D+01 0.2815800000D+01 0.1584000000D+00 0.3602000000D+00-0.5100000000D-02 0.2521900000D+02 0.2179100000D+00 0.0000000000D+00 0.1085000000D+00 0.8689730000D+00 0.4049300000D+01 0.0000000000D+00 0.3592700000D+01
2 4220070929200710152454372.5-0.1677400000D+01 0.3500000000D-01 0.1649776000D+03 0.5793900000D+00 0.2717000000D-02 0.7413000000D+00 0.5655210000D+00 0.4511700000D+01 0.6004300000D+01 0.4018000000D+00 0.2886000000D+00-0.5150000000D-02 0.2171610000D+02 0.2362000000D+00 0.0000000000D+00 0.9150000000D-01 0.4038300000D+01 0.8648000000D+00 0.0000000000D+00 0.3903500000D+01
2 4320071015200710312454388.5-0.1159200000D+01 0.3735000000D-01 0.1591477000D+03 0.5839000000D+00 0.1357000000D-02 0.7054000000D+00 0.3696612000D+01 0.1561400000D+01 0.3149000000D+01 0.6360000000D+00 0.2061000000D+00-0.4540000000D-02 0.1792590000D+02 0.2445900000D+00 0.0000000000D+00 0.6930000000D-01 0.9372620000D+00 0.3939700000D+01 0.0000000000D+00 0.4208500000D+01
2 4420071031200711162454404.5-0.5939000000D+00 0.3701000000D-01 0.1546937000D+03 0.5913100000D+00 0.1850000000D-02 0.6836000000D+00 0.5373000000D+00 0.4810500000D+01 0.2700000000D+00 0.8658000000D+00 0.1403000000D+00-0.2990000000D-02 0.1404950000D+02 0.2495700000D+00 0.0000000000D+00 0.5550000000D-01 0.4151224000D+01 0.7174000000D+00 0.0000000000D+00 0.4509000000D+01
2 4520071116200712022454420.5-0.1000000000D-01 0.3442000000D-01 0.1513471000D+03 0.5880700000D+00 0.9370000000D-03 0.6623000000D+00 0.3656011000D+01 0.1808600000D+01 0.3790900000D+01 0.1098100000D+01 0.8940000000D-01-0.1470000000D-02 0.1028060000D+02 0.2517000000D+00 0.0000000000D+00 0.3740000000D-01 0.1155189000D+01 0.3760400000D+01 0.0000000000D+00 0.5117300000D+01
2 4620071202200712182454436.5 0.5490000000D+00 0.3107000000D-01 0.1493243000D+03 0.5789500000D+00 0.1699000000D-02 0.6521000000D+00 0.4881230000D+00 0.5027600000D+01 0.1581000000D+00 0.1328800000D+01 0.6980000000D-01 0.5900000000D-03 0.7112100000D+01 0.2535800000D+00 0.0000000000D+00 0.2480000000D-01 0.4623778000D+01 0.5163000000D+00 0.0000000000D+00 0.5663900000D+01
2 4720071218200801032454452.5 0.1063300000D+01 0.2579000000D-01 0.1484070000D+03 0.5807300000D+00 0.1133000000D-02 0.6541000000D+00 0.3601875000D+01 0.2003300000D+01 0.3699400000D+01 0.1559900000D+01 0.7670000000D-01 0.1700000000D-02 0.5842700000D+01 0.2561800000D+00 0.0000000000D+00 0.3180000000D-01 0.2123836000D+01 0.3551400000D+01 0.0000000000D+00 0.4177000000D+00
3 4820061231200701172454100.5-0.7104000000D+00 0.8020000000D-02 0.2355334000D+03 0.9035200000D+00 0.3248000000D-02 0.2186000000D+00 0.6373480000D+00 0.5781500000D+01 0.9184000000D+00 0.6137200000D+01 0.1541000000D+00-0.2420000000D-02 0.4072790000D+02 0.2767200000D+00 0.0000000000D+00 0.4680000000D-01 0.4087385000D+01 0.9821000000D+00 0.0000000000D+00 0.3473800000D+01
3 4920070117200702032454117.5-0.5375000000D+00-0.1200000000D-02 0.2432038000D+03 0.9322600000D+00 0.3100000000D-02 0.1913000000D+00 0.2944127000D+01 0.1973700000D+01 0.3578700000D+01 0.4504700000D+01 0.1222000000D+00-0.4300000000D-03 0.3603300000D+02 0.2386200000D+00 0.0000000000D+00 0.2550000000D-01 0.1631770000D+00 0.3203300000D+01 0.0000000000D+00 0.1436100000D+01
3 5020070203200702202454134.5-0.5895000000D+00-0.1360000000D-02 0.2532431000D+03 0.9413400000D+00 0.5080000000D-02 0.2104000000D+00 0.5257712000D+01 0.4432800000D+01 0.6011500000D+01 0.2891900000D+01 0.9270000000D-01 0.4500000000D-03 0.3196380000D+02 0.1912100000D+00 0.0000000000D+00 0.3140000000D-01 0.2540151000D+01 0.5390500000D+01 0.0000000000D+00 0.5540000000D+00
3 5120070220200703092454151.5-0.5835000000D+00 0.9600000000D-02 0.2653915000D+03 0.9496900000D+00 0.5440000000D-02 0.1945000000D+00 0.1296973000D+01 0.6708000000D+00 0.2257800000D+01 0.1500800000D+01 0.1098000000D+00-0.1930000000D-02 0.2883430000D+02 0.1356900000D+00 0.0000000000D+00 0.2960000000D-01 0.4935369000D+01 0.1264400000D+01 0.0000000000D+00 0.4520400000D+01
3 5220070309200703262454168.5-0.3897000000D+00-0.2430000000D-02 0.2794445000D+03 0.9662400000D+00 0.6307000000D-02 0.1549000000D+00 0.3630831000D+01 0.3227700000D+01 0.5004700000D+01 0.6113800000D+01 0.9880000000D-01 0.3300000000D-03 0.2688790000D+02 0.6043000000D-01 0.0000000000D+00 0.8700000000D-02 0.1059231000D+01 0.3203100000D+01 0.0000000000D+00 0.4749300000D+01
3 5320070326200704122454185.5-0.4707000000D+00-0.1390000000D-02 0.2950087000D+03 0.9338600000D+00 0.8332000000D-02 0.1686000000D+00 0.5978153000D+01 0.5809700000D+01 0.1215400000D+01 0.4477200000D+01 0.6180000000D-01 0.1040000000D-02 0.2634110000D+02 0.7111000000D-01 0.0000000000D+00 0.3330000000D-01 0.3457611000D+01 0.3579000000D+01 0.0000000000D+00 0.1721700000D+01
3 5420070412200704292454202.5-0.4653000000D+00 0.1090000000D-01 0.3106725000D+03 0.9294100000D+00 0.9631000000D-02 0.1474000000D+00 0.2057024000D+01 0.2192500000D+01 0.4122000000D+01 0.3073200000D+01 0.1115000000D+00-0.1710000000D-02 0.2748540000D+02 0.1795000000D+00 0.0000000000D+00 0.1500000000D-01 0.5826453000D+01 0.5608500000D+01 0.0000000000D+00 0.4378500000D+01
3 5520070429200705162454219.5-0.2659000000D+00-0.5250000000D-02 0.3249870000D+03 0.8804700000D+00 0.1124500000D-01 0.1077000000D+00 0.4434080000D+01 0.4930800000D+01 0.6596000000D+00 0.1204600000D+01 0.8760000000D-01 0.6200000000D-03 0.3049060000D+02 0.2736200000D+00 0.0000000000D+00 0.1810000000D-01 0.1882523000D+01 0.1599400000D+01 0.0000000000D+00 0.6196200000D+01
3 5620070516200706022454236.5-0.4014000000D+00-0.2370000000D-02 0.3357283000D+03 0.7980400000D+00 0.1078100000D-01 0.1348000000D+00 0.5407720000D+00 0.1506600000D+01 0.3387700000D+01 0.5860800000D+01 0.8560000000D-01 0.1380000000D-02 0.3507830000D+02 0.3261500000D+00 0.0000000000D+00 0.1870000000D-01 0.4207021000D+01 0.3952700000D+01 0.0000000000D+00 0.3246200000D+01
3 5720070602200706192454253.5-0.4255000000D+00 0.1206000000D-01 0.3405256000D+03 0.7619200000D+00 0.1294000000D-01 0.1120000000D+00 0.2939063000D+01 0.4379500000D+01 0.6180900000D+01 0.4426400000D+01 0.9920000000D-01-0.1750000000D-02 0.4056490000D+02 0.2971200000D+00 0.0000000000D+00 0.2530000000D-01 0.2513960000D+00 0.6400000000D-01 0.0000000000D+00 0.1648100000D+01
3 5820070619200707062454270.5-0.2283000000D+00-0.5030000000D-02 0.3387438000D+03 0.7769800000D+00 0.1193000000D-01 0.1100000000D+00 0.5338703000D+01 0.1044400000D+01 0.2762400000D+01 0.2419600000D+01 0.1044000000D+00-0.7600000000D-03 0.4566120000D+02 0.1910100000D+00 0.0000000000D+00 0.3060000000D-01 0.2593647000D+01 0.2417700000D+01 0.0000000000D+00 0.4719100000D+01
3 5920070706200707232454287.5-0.3781000000D+00-0.5100000000D-03 0.3307292000D+03 0.8402200000D+00 0.1057300000D-01 0.1388000000D+00 0.1449268000D+01 0.3912200000D+01 0.5681600000D+01 0.9803000000D+00 0.8970000000D-01 0.1600000000D-02 0.4891240000D+02 0.5653000000D-01 0.0000000000D+00 0.2200000000D-01 0.4946645000D+01 0.4525200000D+01 0.0000000000D+00 0.9130000000D-01
3 6020070723200708092454304.5-0.3696000000D+00 0.9990000000D-02 0.3182100000D+03 0.8520200000D+00 0.8745000000D-02 0.1081000000D+00 0.3832019000D+01 0.4122000000D+00 0.1994300000D+01 0.5752600000D+01 0.8420000000D-01-0.2570000000D-02 0.4970490000D+02 0.9043000000D-01 0.0000000000D+00 0.4030000000D-01 0.1019318000D+01 0.4344900000D+01 0.0000000000D+00 0.3153800000D+01
3 6120070809200708262454321.5-0.2190000000D+00-0.3240000000D-02 0.3036771000D+03 0.8887900000D+00 0.7654000000D-02 0.1159000000D+00 0.6200134000D+01 0.3112800000D+01 0.4738400000D+01 0.3846600000D+01 0.9200000000D-01-0.5300000000D-03 0.4812780000D+02 0.2128600000D+00 0.0000000000D+00 0.1660000000D-01 0.3375408000D+01 0.3218000000D+00 0.0000000000D+00 0.2455000000D+00
3 6220070826200709122454338.5-0.3417000000D+00-0.1160000000D-02 0.2888774000D+03 0.9012500000D+00 0.6826000000D-02 0.1406000000D+00 0.2269588000D+01 0.5738800000D+01 0.1083100000D+01 0.2434500000D+01 0.6380000000D-01 0.6800000000D-03 0.4452010000D+02 0.2959400000D+00 0.0000000000D+00 0.2660000000D-01 0.5730602000D+01 0.2656300000D+01 0.0000000000D+00 0.1869000000D+00
3 6320070912200709292454355.5-0.3423000000D+00 0.7680000000D-02 0.2751473000D+03 0.9024700000D+00 0.4577000000D-02 0.1092000000D+00 0.4608223000D+01 0.2058800000D+01 0.3569100000D+01 0.8561000000D+00 0.7130000000D-01-0.1920000000D-02 0.3947450000D+02 0.3445500000D+00 0.0000000000D+00 0.2270000000D-01 0.1801984000D+01 0.4958200000D+01 0.0000000000D+00 0.4032200000D+01
3 6420070929200710162454372.5-0.2353000000D+00-0.5950000000D-02 0.2632918000D+03 0.9154600000D+00 0.3649000000D-02 0.1272000000D+00 0.6512960000D+00 0.4597700000D+01 0.6167400000D+01 0.5317800000D+01 0.5960000000D-01-0.2800000000D-03 0.3357880000D+02 0.3752200000D+00 0.0000000000D+00 0.1260000000D-01 0.4161852000D+01 0.9487000000D+00 0.0000000000D+00 0.3028000000D+01
3 6520071016200711022454389.5-0.3962000000D+00 0.2700000000D-03 0.2535043000D+03 0.9106500000D+00 0.2850000000D-02 0.1427000000D+00 0.2967206000D+01 0.8196000000D+00 0.2222900000D+01 0.3877700000D+01 0.5180000000D-01 0.1400000000D-03 0.2721230000D+02 0.3915000000D+00 0.0000000000D+00 0.2390000000D-01 0.2577130000D+00 0.3212000000D+01 0.0000000000D+00 0.1012600000D+01
3 6620071102200711192454406.5-0.3780000000D+00 0.5240000000D-02 0.2460261000D+03 0.9156500000D+00 0.2079000000D-02 0.1203000000D+00 0.5275229000D+01 0.3291800000D+01 0.4642900000D+01 0.2322000000D+01 0.4110000000D-01-0.1340000000D-02 0.2070300000D+02 0.3963400000D+00 0.0000000000D+00 0.1200000000D-02 0.2681315000D+01 0.5450400000D+01 0.0000000000D+00 0.5020300000D+01
3 6720071119200712062454423.5-0.3187000000D+00-0.6940000000D-02 0.2407569000D+03 0.9274100000D+00 0.2089000000D-02 0.1390000000D+00 0.1294429000D+01 0.5737900000D+01 0.1097200000D+01 0.5625000000D+00 0.4380000000D-01-0.7800000000D-03 0.1459990000D+02 0.4005600000D+00 0.0000000000D+00 0.1650000000D-01 0.5213469000D+01 0.1382300000D+01 0.0000000000D+00 0.4693100000D+01
3 6820071206200712232454440.5-0.4884000000D+00 0.2850000000D-02 0.2375865000D+03 0.9314800000D+00 0.1387000000D-02 0.1544000000D+00 0.3593055000D+01 0.1905000000D+01 0.3609900000D+01 0.5455500000D+01 0.1620000000D-01 0.9000000000D-04 0.1027640000D+02 0.4070900000D+00 0.0000000000D+00 0.8300000000D-02 0.1726278000D+01 0.3599900000D+01 0.0000000000D+00 0.8811000000D+00
3 6920071223200801092454457.5-0.4303000000D+00 0.5310000000D-02 0.2366616000D+03 0.9230500000D+00 0.1501000000D-02 0.1324000000D+00 0.5889552000D+01 0.4329800000D+01 0.5728000000D+01 0.3920100000D+01 0.9400000000D-02-0.1050000000D-02 0.1055050000D+02 0.4095400000D+00 0.0000000000D+00 0.1830000000D-01 0.4765033000D+01 0.5819900000D+01 0.0000000000D+00 0.3292500000D+01
4 7020061231200701182454100.5-0.4330200000D+01-0.1723000000D-01 0.4141217000D+03 0.1642880000D+01 0.0000000000D+00 0.1690300000D+01 0.4101496000D+01 0.3018000000D+01 0.0000000000D+00 0.5984400000D+01 0.9147000000D+00-0.2859000000D-01 0.6961270000D+02 0.4588400000D+00 0.0000000000D+00 0.2665000000D+00 0.1250929000D+01 0.4485900000D+01 0.0000000000D+00 0.3186100000D+01
4 7120070118200702052454118.5-0.4738400000D+01-0.2470000000D-02 0.4285837000D+03 0.1676540000D+01 0.0000000000D+00 0.1743400000D+01 0.4534718000D+01 0.3621200000D+01 0.0000000000D+00 0.6248000000D+00 0.9092000000D+00-0.3692000000D-01 0.6090340000D+02 0.3867500000D+00 0.0000000000D+00 0.2279000000D+00 0.1737724000D+01 0.4842800000D+01 0.0000000000D+00 0.4194100000D+01
4 7220070205200702232454136.5-0.5324900000D+01 0.4353000000D-01 0.4472728000D+03 0.1735570000D+01 0.0000000000D+00 0.1802100000D+01 0.4976130000D+01 0.4257400000D+01 0.0000000000D+00 0.1547700000D+01 0.8715000000D+00-0.4160000000D-01 0.5352840000D+02 0.3019900000D+00 0.0000000000D+00 0.1994000000D+00 0.2246007000D+01 0.5214100000D+01 0.0000000000D+00 0.5204500000D+01
4 7320070223200703132454154.5-0.5929200000D+01 0.8956000000D-01 0.4704135000D+03 0.1791980000D+01 0.0000000000D+00 0.1930700000D+01 0.5428234000D+01 0.4905700000D+01 0.0000000000D+00 0.2477800000D+01 0.8734000000D+00-0.4841000000D-01 0.4799560000D+02 0.1894500000D+00 0.0000000000D+00 0.1853000000D+00 0.2774661000D+01 0.5617500000D+01 0.0000000000D+00 0.6226000000D+01
4 7420070313200703312454172.5-0.5504700000D+01 0.3026000000D-01 0.4973492000D+03 0.1739850000D+01 0.0000000000D+00 0.1998200000D+01 0.5891208000D+01 0.5634000000D+01 0.0000000000D+00 0.3430700000D+01 0.8937000000D+00-0.5695000000D-01 0.4489040000D+02 0.4063000000D-01 0.0000000000D+00 0.1777000000D+00 0.3310473000D+01 0.6043200000D+01 0.0000000000D+00 0.9702000000D+00
4 7520070331200704182454190.5-0.4550400000D+01-0.1025800000D+00 0.5261707000D+03 0.1702920000D+01 0.0000000000D+00 0.2105600000D+01 0.8639900000D-01 0.1751000000D+00 0.0000000000D+00 0.4402000000D+01 0.8677000000D+00-0.6128000000D-01 0.4472080000D+02 0.1452400000D+00 0.0000000000D+00 0.1824000000D+00 0.3830837000D+01 0.3380300000D+01 0.0000000000D+00 0.1950200000D+01
4 7620070418200705062454208.5-0.3991800000D+01-0.2324500000D+00 0.5544380000D+03 0.1713190000D+01 0.0000000000D+00 0.2290800000D+01 0.5828910000D+00 0.1043800000D+01 0.0000000000D+00 0.5393100000D+01 0.5920000000D+00-0.3094000000D-01 0.4765510000D+02 0.3608900000D+00 0.0000000000D+00 0.2154000000D+00 0.4317716000D+01 0.3933300000D+01 0.0000000000D+00 0.2911700000D+01
4 7720070506200705242454226.5-0.5301600000D+01-0.1623700000D+00 0.5799559000D+03 0.1551400000D+01 0.0000000000D+00 0.2357400000D+01 0.1096751000D+01 0.1979100000D+01 0.0000000000D+00 0.1106000000D+00 0.3103000000D+00 0.1504000000D-01 0.5404020000D+02 0.5461700000D+00 0.0000000000D+00 0.2533000000D+00 0.4777604000D+01 0.4473800000D+01 0.0000000000D+00 0.3772700000D+01
4 7820070524200706112454244.5-0.7410300000D+01 0.4652000000D-01 0.5970364000D+03 0.1432660000D+01 0.0000000000D+00 0.2409200000D+01 0.1622527000D+01 0.3100700000D+01 0.0000000000D+00 0.1140300000D+01 0.5031000000D+00 0.1941000000D-01 0.6347290000D+02 0.5840400000D+00 0.0000000000D+00 0.2747000000D+00 0.5228122000D+01 0.5027400000D+01 0.0000000000D+00 0.4683900000D+01
4 7920070611200706292454262.5-0.8825700000D+01 0.2536300000D+00 0.6006270000D+03 0.1576030000D+01 0.0000000000D+00 0.2490100000D+01 0.2153863000D+01 0.4203400000D+01 0.0000000000D+00 0.2198700000D+01 0.1232400000D+01-0.4578000000D-01 0.7362530000D+02 0.4361300000D+00 0.0000000000D+00 0.3172000000D+00 0.5685879000D+01 0.5676500000D+01 0.0000000000D+00 0.5733100000D+01
4 8020070629200707172454280.5-0.7476300000D+01 0.1947500000D+00 0.5899112000D+03 0.1593050000D+01 0.0000000000D+00 0.2411600000D+01 0.2685739000D+01 0.5167800000D+01 0.0000000000D+00 0.3218100000D+01 0.1569500000D+01-0.8949000000D-01 0.8131770000D+02 0.2123000000D+00 0.0000000000D+00 0.3438000000D+00 0.6164050000D+01 0.1831000000D+00 0.0000000000D+00 0.4293000000D+00
4 8120070717200708042454298.5-0.5457100000D+01 0.1965000000D-01 0.5693875000D+03 0.1599300000D+01 0.0000000000D+00 0.2287300000D+01 0.3207788000D+01 0.6125700000D+01 0.0000000000D+00 0.4240200000D+01 0.1281300000D+01-0.6967000000D-01 0.8478910000D+02 0.7570000000D-01 0.0000000000D+00 0.3407000000D+00 0.3721060000D+00 0.2883800000D+01 0.0000000000D+00 0.1450200000D+01
4 8220070804200708222454316.5-0.4187100000D+01-0.1201300000D+00 0.5434663000D+03 0.1692630000D+01 0.0000000000D+00 0.2203300000D+01 0.3713225000D+01 0.7154000000D+00 0.0000000000D+00 0.5274700000D+01 0.8320000000D+00-0.2451000000D-01 0.8352780000D+02 0.3067500000D+00 0.0000000000D+00 0.3439000000D+00 0.8632690000D+00 0.4016100000D+01 0.0000000000D+00 0.2502100000D+01
4 8320070822200709092454334.5-0.4253700000D+01-0.1106700000D+00 0.5152351000D+03 0.1701190000D+01 0.0000000000D+00 0.2061700000D+01 0.4200173000D+01 0.1457400000D+01 0.0000000000D+00 0.6241700000D+01 0.6558000000D+00-0.8220000000D-02 0.7784240000D+02 0.4776600000D+00 0.0000000000D+00 0.3192000000D+00 0.1349336000D+01 0.4537500000D+01 0.0000000000D+00 0.3460900000D+01
4 8420070909200709272454352.5-0.4774200000D+01-0.4722000000D-01 0.4884610000D+03 0.1658000000D+01 0.0000000000D+00 0.1917600000D+01 0.4671237000D+01 0.2165000000D+01 0.0000000000D+00 0.9238000000D+00 0.6344000000D+00-0.1211000000D-01 0.6901300000D+02 0.5761000000D+00 0.0000000000D+00 0.2765000000D+00 0.1833722000D+01 0.4999700000D+01 0.0000000000D+00 0.4425100000D+01
4 8520070927200710152454370.5-0.5351400000D+01 0.3608000000D-01 0.4652994000D+03 0.1630750000D+01 0.0000000000D+00 0.1823700000D+01 0.5128502000D+01 0.2854500000D+01 0.0000000000D+00 0.1903100000D+01 0.5640000000D+00-0.1576000000D-01 0.5828330000D+02 0.6308800000D+00 0.0000000000D+00 0.2235000000D+00 0.2321282000D+01 0.5420700000D+01 0.0000000000D+00 0.5403600000D+01
4 8620071015200711022454388.5-0.4996300000D+01 0.2091000000D-01 0.4469030000D+03 0.1634820000D+01 0.0000000000D+00 0.1712800000D+01 0.5572849000D+01 0.3464900000D+01 0.0000000000D+00 0.2820700000D+01 0.3141000000D+00-0.2380000000D-02 0.4648800000D+02 0.6646300000D+00 0.0000000000D+00 0.1560000000D+00 0.2822803000D+01 0.5793600000D+01 0.0000000000D+00 0.1326000000D+00
4 8720071102200711202454406.5-0.4756500000D+01 0.5350000000D-02 0.4327480000D+03 0.1631760000D+01 0.0000000000D+00 0.1642200000D+01 0.6008339000D+01 0.4058000000D+01 0.0000000000D+00 0.3751000000D+01 0.4910000000D-01 0.1303000000D-01 0.3426730000D+02 0.6771600000D+00 0.0000000000D+00 0.1080000000D+00 0.3370877000D+01 0.6142100000D+01 0.0000000000D+00 0.1369900000D+01
4 8820071120200712082454424.5-0.4807000000D+01 0.2166000000D-01 0.4231292000D+03 0.1648910000D+01 0.0000000000D+00 0.1583600000D+01 0.1544520000D+00 0.4632700000D+01 0.0000000000D+00 0.4672700000D+01-0.1329000000D+00 0.2020000000D-01 0.2277410000D+02 0.6819100000D+00 0.0000000000D+00 0.8390000000D-01 0.4053137000D+01 0.2031000000D+00 0.0000000000D+00 0.2771900000D+01
4 8920071208200712262454442.5-0.5140000000D+01 0.7184000000D-01 0.4181298000D+03 0.1701680000D+01 0.0000000000D+00 0.1507800000D+01 0.5799240000D+00 0.5181700000D+01 0.0000000000D+00 0.5559300000D+01-0.2658000000D+00 0.2171000000D-01 0.1522140000D+02 0.6873200000D+00 0.0000000000D+00 0.8060000000D-01 0.5104633000D+01 0.5478000000D+00 0.0000000000D+00 0.4245800000D+01
4 9020071226200801132454460.5-0.4943600000D+01 0.5533000000D-01 0.4167114000D+03 0.1691230000D+01 0.0000000000D+00 0.1502000000D+01 0.1002619000D+01 0.5748700000D+01 0.0000000000D+00 0.1999000000D+00-0.3603000000D+00 0.1953000000D-01 0.1814380000D+02 0.6980800000D+00 0.0000000000D+00 0.1020000000D+00 0.8441600000D-01 0.8957000000D+00 0.0000000000D+00 0.5630600000D+01
