 4 2    2   13 19.7027  4.9788 36.0 36.0   23 2456292.5000 2013                                                                                                                                                                                                                                                                                                                  
1  220121231201302052456292.4-0.7140000000D-01 0.6200000000D-03 0.5783800000D+01 0.7280000000D-01 0.5890000000D-03 0.3980000000D-01-0.3308208000D+01-0.4911700000D+01-0.6051000000D+00-0.1309300000D+01 0.3790000000D-01-0.3000000000D-04 0.1703400000D+01 0.3532000000D-01 0.4730000000D-03 0.1670000000D-01-0.5218818000D+01-0.3840000000D+01-0.6111800000D+01-0.2742900000D+01
1  320130205201303132456328.4-0.5740000000D-01 0.7100000000D-03 0.5514500000D+01 0.6779000000D-01 0.4410000000D-03 0.3690000000D-01-0.4439365000D+01-0.6229000000D+01-0.1776600000D+01-0.3353500000D+01 0.3520000000D-01 0.1300000000D-03 0.2435000000D+01 0.2832000000D-01 0.4020000000D-03 0.2090000000D-01-0.5599594000D+01-0.5719800000D+01-0.1470700000D+01-0.4449600000D+01
1  420130313201304182456364.4-0.2760000000D-01 0.3400000000D-03 0.4947800000D+01 0.6681000000D-01 0.4020000000D-03 0.3610000000D-01-0.5582265000D+01-0.1120500000D+01-0.2821100000D+01-0.5559400000D+01 0.4390000000D-01 0.0000000000D+00 0.3197300000D+01 0.3006000000D-01 0.3600000000D-03 0.2580000000D-01-0.1920030000D+00-0.1220900000D+01-0.3038500000D+01-0.3940000000D-01
1  520130418201305242456400.4-0.1280000000D-01 0.9700000000D-03 0.4433500000D+01 0.6922000000D-01 0.3530000000D-03 0.3050000000D-01-0.5042730000D+00-0.2251800000D+01-0.3935700000D+01-0.1602400000D+01 0.4300000000D-01 0.1200000000D-03 0.3481800000D+01 0.3413000000D-01 0.3170000000D-03 0.2650000000D-01-0.1198954000D+01-0.2781700000D+01-0.4859800000D+01-0.2132300000D+01
1  620130524201306292456436.4 0.1490000000D-01 0.8500000000D-03 0.4248100000D+01 0.7118000000D-01 0.3840000000D-03 0.2950000000D-01-0.1784245000D+01-0.3328600000D+01-0.5172300000D+01-0.3787400000D+01 0.4460000000D-01-0.4000000000D-03 0.3281000000D+01 0.3046000000D-01 0.3480000000D-03 0.2120000000D-01-0.2219076000D+01-0.4241300000D+01-0.1318000000D+00-0.4079000000D+01
1  720130629201308042456472.4 0.5130000000D-01 0.3600000000D-03 0.4554000000D+01 0.6912000000D-01 0.3620000000D-03 0.3660000000D-01-0.3053332000D+01-0.4432000000D+01-0.1586000000D+00-0.6021700000D+01 0.3220000000D-01-0.6300000000D-03 0.2662100000D+01 0.2568000000D-01 0.3360000000D-03 0.1740000000D-01-0.3148093000D+01-0.5908300000D+01-0.1709100000D+01-0.5855300000D+01
1  820130804201309092456508.4 0.6640000000D-01 0.7100000000D-03 0.5128400000D+01 0.6166000000D-01 0.3150000000D-03 0.4070000000D-01-0.4228368000D+01-0.5530200000D+01-0.1260000000D+01-0.1931100000D+01 0.8600000000D-02-0.7900000000D-03 0.1869200000D+01 0.2511000000D-01 0.3080000000D-03 0.1320000000D-01-0.3806572000D+01-0.1344700000D+01-0.3178000000D+01-0.1007900000D+01
1  920130909201310152456544.4 0.8400000000D-01 0.4400000000D-03 0.5705800000D+01 0.5542000000D-01 0.2090000000D-03 0.4240000000D-01-0.5302083000D+01-0.3221000000D+00-0.2192200000D+01-0.3895500000D+01-0.1970000000D-01-0.9000000000D-03 0.1688600000D+01 0.2833000000D-01 0.2750000000D-03 0.1570000000D-01-0.4020542000D+01-0.2913100000D+01-0.4521900000D+01-0.2296900000D+01
1 1020131015201311202456580.4 0.1049000000D+00 0.2000000000D-04 0.6257300000D+01 0.5248000000D-01 0.1500000000D-03 0.5030000000D-01-0.3326600000D-01-0.1299900000D+01-0.2531600000D+01-0.5857400000D+01-0.5540000000D-01-0.8200000000D-03 0.2563000000D+01 0.3357000000D-01 0.2690000000D-03 0.2400000000D-01-0.4433020000D+01-0.4250600000D+01-0.5560200000D+01-0.3815100000D+01
1 1120131120201312262456616.4 0.1099000000D+00 0.6500000000D-03 0.6948600000D+01 0.5689000000D-01 0.1810000000D-03 0.5410000000D-01-0.1015683000D+01-0.2192400000D+01-0.2367900000D+01-0.1566300000D+01-0.8450000000D-01-0.1240000000D-02 0.3898200000D+01 0.4243000000D-01 0.2330000000D-03 0.3630000000D-01-0.5158709000D+01-0.5416800000D+01-0.6176000000D+01-0.5636900000D+01
1 1220131226201401312456652.4 0.1227000000D+00 0.1120000000D-02 0.8075400000D+01 0.7074000000D-01 0.3550000000D-03 0.6860000000D-01-0.1983879000D+01-0.2950000000D+01-0.2347200000D+01-0.3389700000D+01-0.1222000000D+00-0.1550000000D-02 0.5578200000D+01 0.5530000000D-01 0.3050000000D-03 0.4830000000D-01-0.5977969000D+01-0.5520000000D-01-0.5700000000D-02-0.1064600000D+01
2 1320121231201302052456292.4-0.4100000000D-02 0.4000000000D-04 0.1449260000D+02 0.1947700000D+00 0.1645000000D-02 0.8000000000D-03 0.3491816000D+01 0.1883900000D+01 0.6182000000D+01-0.4337800000D+01-0.8000000000D-03 0.7000000000D-04 0.4485600000D+01 0.8649000000D-01 0.1210000000D-02 0.1900000000D-02 0.1616561000D+01 0.2906700000D+01 0.6337000000D+00-0.5312200000D+01
2 1420130205201303132456328.4-0.3000000000D-02 0.2000000000D-04 0.1375330000D+02 0.1795200000D+00 0.1299000000D-02 0.2100000000D-02 0.5760300000D-01 0.4557100000D+01 0.2733200000D+01-0.1341900000D+01-0.2000000000D-03 0.1000000000D-04 0.6408700000D+01 0.7278000000D-01 0.1140000000D-02 0.2300000000D-02 0.5187137000D+01 0.5011200000D+01 0.3018600000D+01-0.1738600000D+01
2 1520130313201304182456364.4-0.2100000000D-02 0.4000000000D-04 0.1223650000D+02 0.1784500000D+00 0.1120000000D-02 0.9000000000D-03 0.2892603000D+01 0.1057400000D+01 0.5629700000D+01-0.3822000000D+01 0.1300000000D-02-0.3000000000D-04 0.8318700000D+01 0.8255000000D-01 0.9290000000D-03 0.1900000000D-02 0.2011147000D+01 0.8998000000D+00 0.5392000000D+01-0.3772200000D+01
2 1620130418201305242456400.4-0.1200000000D-02 0.8000000000D-04 0.1081330000D+02 0.1845500000D+00 0.1084000000D-02 0.2000000000D-02 0.5652303000D+01 0.3916800000D+01 0.2217300000D+01-0.1381200000D+01-0.2000000000D-03 0.8000000000D-04 0.8972000000D+01 0.9287000000D-01 0.8580000000D-03 0.1300000000D-02 0.4987308000D+01 0.3384000000D+01 0.1331100000D+01-0.5359000000D+00
2 1720130524201306292456436.4 0.2000000000D-02-0.2000000000D-04 0.1039470000D+02 0.1904800000D+00 0.1108000000D-02 0.1200000000D-02 0.2044851000D+01 0.5123000000D+00 0.4967700000D+01-0.3976500000D+01 0.2000000000D-02-0.5000000000D-04 0.8390800000D+01 0.8450000000D-01 0.9500000000D-03 0.1600000000D-02 0.1674576000D+01 0.5923600000D+01 0.3665100000D+01-0.2273600000D+01
2 1820130629201308042456472.4 0.1200000000D-02 0.1000000000D-03 0.1132850000D+02 0.1857000000D+00 0.1122000000D-02 0.1100000000D-02 0.4738434000D+01 0.3374800000D+01 0.1402900000D+01-0.1565800000D+01 0.1400000000D-02-0.1000000000D-04 0.6744300000D+01 0.6701000000D-01 0.9260000000D-03 0.1400000000D-02 0.4742047000D+01 0.1994500000D+01 0.6121900000D+01-0.4585800000D+01
2 1920130804201309092456508.4 0.4400000000D-02-0.4000000000D-04 0.1289610000D+02 0.1697500000D+00 0.1005000000D-02 0.1500000000D-02 0.1256040000D+01 0.6217700000D+01 0.4256500000D+01-0.2086300000D+01-0.2000000000D-03 0.2000000000D-04 0.4766200000D+01 0.6118000000D-01 0.8290000000D-03 0.1800000000D-02 0.1812435000D+01 0.4194800000D+01 0.2272900000D+01-0.1202200000D+01
2 2020130909201310152456544.4 0.2800000000D-02 0.5000000000D-04 0.1431930000D+02 0.1561200000D+00 0.7900000000D-03 0.1200000000D-02 0.4150061000D+01 0.2800000000D+01 0.1047300000D+01-0.3513900000D+01 0.8000000000D-03-0.7000000000D-04 0.4572800000D+01 0.6749000000D-01 0.8100000000D-03 0.2000000000D-03 0.5561938000D+01 0.2324000000D+00 0.4848100000D+01-0.4108900000D+01
2 2120131015201311202456580.4 0.4500000000D-02-0.1000000000D-04 0.1554770000D+02 0.1552500000D+00 0.6440000000D-03 0.2200000000D-02 0.8095210000D+00 0.5744400000D+01 0.4400800000D+01-0.2272800000D+01-0.1500000000D-02 0.5000000000D-04 0.6875900000D+01 0.8427000000D-01 0.8010000000D-03 0.1000000000D-02 0.2771913000D+01 0.2760300000D+01 0.1413600000D+01-0.2846000000D+00
2 2220131120201312262456616.4 0.4100000000D-02-0.4000000000D-04 0.1705980000D+02 0.1707800000D+00 0.6620000000D-03 0.2100000000D-02 0.3767028000D+01 0.2501500000D+01 0.1757000000D+01-0.3208700000D+01-0.3000000000D-03 0.0000000000D+00 0.1017650000D+02 0.1113000000D+00 0.7490000000D-03 0.1800000000D-02 0.5974318000D+01 0.5529200000D+01 0.4592100000D+01-0.8205000000D+00
2 2320131226201401312456652.4 0.8000000000D-03 0.1200000000D-03 0.1971930000D+02 0.2089400000D+00 0.7990000000D-03 0.3500000000D-02 0.4457380000D+00 0.5637100000D+01 0.5813300000D+01-0.2386400000D+01 0.1200000000D-02-0.8000000000D-04 0.1424640000D+02 0.1476000000D+00 0.7680000000D-03 0.1200000000D-02 0.2808019000D+01 0.2243800000D+01 0.2079600000D+01-0.9300000000D-01
