 4 2    2   13 19.7027  4.9788 36.0 36.0   23 2455561.5000 2011                                                                                                                                                                                                                                                                                                                  
1  220101231201102052455561.4-0.1214000000D+00-0.6000000000D-04 0.5231900000D+01 0.7265000000D-01 0.5530000000D-03 0.3730000000D-01-0.4214039000D+01-0.5649700000D+01-0.1394300000D+01-0.4080600000D+01 0.3260000000D-01-0.7800000000D-03 0.1734900000D+01 0.3325000000D-01 0.4220000000D-03 0.1100000000D-01-0.5149920000D+00-0.4483000000D+01-0.2485000000D+00-0.6165300000D+01
1  320110205201103132455597.4-0.1164000000D+00-0.2000000000D-04 0.5442100000D+01 0.6496000000D-01 0.5110000000D-03 0.4040000000D-01-0.5364079000D+01-0.6576000000D+00-0.2539300000D+01-0.6134700000D+01 0.4900000000D-02-0.5600000000D-03 0.1756500000D+01 0.3233000000D-01 0.4240000000D-03 0.1560000000D-01-0.6123070000D+00-0.6207600000D+01-0.2059300000D+01-0.1102600000D+01
1  420110313201104182455633.4-0.1191000000D+00 0.7100000000D-03 0.5271200000D+01 0.6348000000D-01 0.4030000000D-03 0.3840000000D-01-0.2006350000D+00-0.1934200000D+01-0.3616400000D+01-0.2072000000D+01-0.1720000000D-01-0.4000000000D-04 0.2723600000D+01 0.3022000000D-01 0.3790000000D-03 0.2370000000D-01-0.1240849000D+01-0.1690500000D+01-0.3588500000D+01-0.2965700000D+01
1  520110418201105242455669.4-0.9860000000D-01 0.4300000000D-03 0.4879100000D+01 0.6656000000D-01 0.3960000000D-03 0.3190000000D-01-0.1352571000D+01-0.3088100000D+01-0.4635700000D+01-0.4244300000D+01-0.1940000000D-01-0.1500000000D-03 0.3454200000D+01 0.3359000000D-01 0.3370000000D-03 0.2630000000D-01-0.2181617000D+01-0.3328500000D+01-0.5257500000D+01-0.4993200000D+01
1  620110524201106292455705.4-0.7470000000D-01 0.3400000000D-03 0.4590900000D+01 0.7376000000D-01 0.3830000000D-03 0.3250000000D-01-0.2577401000D+01-0.4190700000D+01-0.5807000000D+01-0.1299000000D+00-0.2060000000D-01 0.0000000000D+00 0.3692600000D+01 0.3351000000D-01 0.3430000000D-03 0.2510000000D-01-0.3193534000D+01-0.4791500000D+01-0.6796000000D+00-0.6639000000D+00
1  720110629201108042455741.4-0.6500000000D-01 0.8500000000D-03 0.4750800000D+01 0.7746000000D-01 0.3830000000D-03 0.3920000000D-01-0.3861138000D+01-0.5265600000D+01-0.7295000000D+00-0.2458000000D+01-0.2310000000D-01 0.0000000000D+00 0.3440500000D+01 0.2806000000D-01 0.3780000000D-03 0.2310000000D-01-0.4172465000D+01-0.7950000000D-01-0.2319100000D+01-0.2524200000D+01
1  820110804201109092455777.4-0.4020000000D-01 0.2100000000D-03 0.5450700000D+01 0.7706000000D-01 0.3350000000D-03 0.4230000000D-01-0.5087781000D+01-0.5420000000D-01-0.2049200000D+01-0.4658200000D+01-0.2410000000D-01-0.3900000000D-03 0.2748100000D+01 0.2384000000D-01 0.3600000000D-03 0.1800000000D-01-0.5003755000D+01-0.1921000000D+01-0.3749900000D+01-0.4251600000D+01
1  920110909201110152455813.4-0.2260000000D-01-0.1600000000D-03 0.6438600000D+01 0.6958000000D-01 0.2280000000D-03 0.5110000000D-01-0.6204457000D+01-0.1079900000D+01-0.2886800000D+01-0.3223000000D+00-0.3860000000D-01-0.4800000000D-03 0.2105100000D+01 0.3013000000D-01 0.3430000000D-03 0.1580000000D-01-0.5474430000D+01-0.3627800000D+01-0.5174300000D+01-0.5507100000D+01
1 1020111015201111202455849.4-0.3110000000D-01 0.1200000000D-03 0.7543500000D+01 0.6699000000D-01 0.7200000000D-04 0.6310000000D-01-0.9396540000D+00-0.2027300000D+01-0.2578800000D+01-0.2341500000D+01-0.5470000000D-01-0.7000000000D-03 0.2518200000D+01 0.3901000000D-01 0.3100000000D-03 0.2460000000D-01-0.5693793000D+01-0.5019100000D+01-0.6174900000D+01-0.5132000000D+00
1 1120111120201112262455885.4-0.3480000000D-01-0.6600000000D-03 0.8953200000D+01 0.7212000000D-01 0.3220000000D-03 0.7000000000D-01-0.1895404000D+01-0.2788000000D+01-0.1994700000D+01-0.4186500000D+01-0.7890000000D-01-0.4400000000D-03 0.4035000000D+01 0.5193000000D-01 0.2650000000D-03 0.3740000000D-01-0.6224170000D+01-0.6142400000D+01-0.4009000000D+00-0.2195400000D+01
1 1220111226201201312455921.4-0.4480000000D-01-0.2950000000D-02 0.1120880000D+02 0.9794000000D-01 0.9880000000D-03 0.9800000000D-01-0.2781858000D+01-0.3337700000D+01-0.1947600000D+01-0.6027400000D+01-0.1062000000D+00 0.4200000000D-03 0.6189200000D+01 0.7489000000D-01 0.2050000000D-03 0.5560000000D-01-0.6426910000D+00-0.6992000000D+00-0.5014700000D+01-0.3830800000D+01
2 1320101231201102052455561.4-0.4500000000D-02 0.7000000000D-04 0.1305570000D+02 0.1942900000D+00 0.1662000000D-02 0.1100000000D-02 0.3501664000D+01 0.2085800000D+01 0.5400000000D-01-0.4939300000D+01-0.8000000000D-03 0.1000000000D-03 0.4638600000D+01 0.8307000000D-01 0.1075000000D-02 0.1600000000D-02 0.9934600000D+00 0.3222700000D+01 0.1097200000D+01-0.5860300000D+01
2 1420110205201103132455597.4-0.2900000000D-02 0.2000000000D-04 0.1361910000D+02 0.1747500000D+00 0.1436000000D-02 0.2700000000D-02 0.4792100000D-01 0.4739000000D+01 0.2866400000D+01-0.1412800000D+01 0.1100000000D-02-0.3000000000D-04 0.4859700000D+01 0.7908000000D-01 0.1158000000D-02 0.2400000000D-02 0.4830140000D+01 0.5451400000D+01 0.3338300000D+01-0.2015600000D+01
2 1520110313201104182455633.4-0.1700000000D-02 0.2000000000D-04 0.1304710000D+02 0.1721600000D+00 0.1232000000D-02 0.9000000000D-03 0.2902880000D+01 0.1163600000D+01 0.5755000000D+01-0.4204600000D+01 0.1400000000D-02-0.1000000000D-04 0.7269500000D+01 0.7910000000D-01 0.1071000000D-02 0.2100000000D-02 0.1877022000D+01 0.1328500000D+01 0.5769700000D+01-0.4195400000D+01
2 1620110418201105242455669.4-0.1300000000D-02 0.1000000000D-03 0.1191150000D+02 0.1827600000D+00 0.1172000000D-02 0.2200000000D-02 0.5715646000D+01 0.3970600000D+01 0.2378700000D+01-0.1526900000D+01 0.0000000000D+00 0.1000000000D-03 0.9010400000D+01 0.9290000000D-01 0.9050000000D-03 0.1800000000D-02 0.4914878000D+01 0.3676700000D+01 0.1803900000D+01-0.1066100000D+01
2 1720110524201106292455705.4 0.2200000000D-02-0.2000000000D-04 0.1115380000D+02 0.1995300000D+00 0.1184000000D-02 0.1100000000D-02 0.2152875000D+01 0.5519000000D+00 0.5198900000D+01-0.4203300000D+01 0.3200000000D-02-0.7000000000D-04 0.9488900000D+01 0.9606000000D-01 0.9410000000D-03 0.1600000000D-02 0.1599207000D+01 0.6219200000D+01 0.4013500000D+01-0.2706400000D+01
2 1820110629201108042455741.4 0.9000000000D-03 0.1400000000D-03 0.1174190000D+02 0.2113200000D+00 0.1203000000D-02 0.1400000000D-02 0.4819712000D+01 0.3430500000D+01 0.1631500000D+01-0.1583800000D+01 0.1400000000D-02 0.2000000000D-04 0.8684800000D+01 0.7854000000D-01 0.1043000000D-02 0.1400000000D-02 0.4600206000D+01 0.2413500000D+01 0.1231000000D+00-0.4788900000D+01
2 1920110804201109092455777.4 0.5600000000D-02-0.5000000000D-04 0.1372190000D+02 0.2078400000D+00 0.1136000000D-02 0.2200000000D-02 0.1274681000D+01 0.2210000000D-01 0.4409400000D+01-0.2152100000D+01 0.8000000000D-03 0.1000000000D-04 0.6836200000D+01 0.6246000000D-01 0.9880000000D-03 0.2500000000D-02 0.1475550000D+01 0.4588400000D+01 0.2576800000D+01-0.1446500000D+01
2 2020110909201110152455813.4 0.3700000000D-02 0.6000000000D-04 0.1622630000D+02 0.1958900000D+00 0.8810000000D-03 0.1500000000D-02 0.4128802000D+01 0.2917200000D+01 0.1156900000D+01-0.3552100000D+01 0.1700000000D-02-0.8000000000D-04 0.5315500000D+01 0.6973000000D-01 0.9520000000D-03 0.6000000000D-03 0.5004201000D+01 0.4610000000D+00 0.5101300000D+01-0.4128400000D+01
2 2120111015201111202455849.4 0.4900000000D-02 0.1000000000D-04 0.1886000000D+02 0.1929300000D+00 0.5500000000D-03 0.3400000000D-02 0.7827420000D+00 0.5897400000D+01 0.4699500000D+01-0.2150100000D+01-0.9000000000D-03 0.4000000000D-04 0.6634000000D+01 0.9288000000D-01 0.9470000000D-03 0.1100000000D-02 0.2424512000D+01 0.2924100000D+01 0.1659000000D+01-0.5622000000D+00
2 2220111120201112262455885.4 0.6600000000D-02-0.1000000000D-03 0.2219970000D+02 0.2110200000D+00 0.6380000000D-03 0.3300000000D-02 0.3772568000D+01 0.2736000000D+01 0.3108800000D+01-0.3657300000D+01-0.2000000000D-03 0.0000000000D+00 0.1047400000D+02 0.1304700000D+00 0.7900000000D-03 0.2800000000D-02 0.5802242000D+01 0.5689300000D+01 0.4947100000D+01-0.1026900000D+01
2 2320111226201201312455921.4 0.5100000000D-02 0.0000000000D+00 0.2765280000D+02 0.2730700000D+00 0.2217000000D-02 0.1200000000D-01 0.5404930000D+00 0.6075300000D+01 0.1286800000D+01-0.2337900000D+01-0.1900000000D-02 0.7000000000D-04 0.1581050000D+02 0.1912800000D+00 0.3740000000D-03 0.7000000000D-02 0.2744722000D+01 0.2488100000D+01 0.4808100000D+01-0.5691200000D+01
