 6 8    2   33   41   48   56   63   84  115  6.6670  4.5860  3.3280  2.2960  1.3910  0.3940  0.3940  0.0790 12.0 50.0 55.0 50.0 53.0 18.0 12.0 36.0  125 2458118.5000 2018                                                                                                                                                                                                      
1  220171231201801122458118.5-0.6552000000D+00 0.3110000000D-02 0.2312220000D+02 0.5319000000D-01 0.6390000000D-03 0.2211000000D+00 0.2818000000D-01 0.4766200000D+01 0.8514000000D+00 0.4460600000D+01 0.1018000000D+00 0.4770000000D-02 0.1097360000D+02 0.1254000000D-01 0.6900000000D-04 0.1045000000D+00 0.1733479000D+01 0.7661000000D+00 0.4219400000D+01 0.6164700000D+01
1  320180112201801242458130.5-0.6177000000D+00 0.4370000000D-02 0.2320920000D+02 0.4633000000D-01 0.5470000000D-03 0.2229000000D+00 0.4608767000D+01 0.3199200000D+01 0.5060700000D+01 0.8819000000D+00 0.1574000000D+00 0.4210000000D-02 0.1104880000D+02 0.1152000000D-01 0.1570000000D-03 0.1051000000D+00 0.4553400000D-01 0.5582900000D+01 0.2442000000D+01 0.2592800000D+01
1  420180124201802052458142.5-0.5724000000D+00 0.5860000000D-02 0.2336450000D+02 0.4190000000D-01 0.3170000000D-03 0.2219000000D+00 0.2908991000D+01 0.1715600000D+01 0.3055200000D+01 0.3581100000D+01 0.2124000000D+00 0.3700000000D-02 0.1113730000D+02 0.9990000000D-02 0.2170000000D-03 0.1078000000D+00 0.4644782000D+01 0.3950400000D+01 0.7390000000D-01 0.5304800000D+01
1  520180205201802172458154.5-0.4921000000D+00 0.7100000000D-02 0.2359130000D+02 0.3983000000D-01 0.8100000000D-04 0.2251000000D+00 0.1211984000D+01 0.2907000000D+00 0.1352700000D+01 0.6271900000D+01 0.2574000000D+00 0.2900000000D-02 0.1123330000D+02 0.7050000000D-02 0.2660000000D-03 0.1084000000D+00 0.2963465000D+01 0.2493900000D+01 0.4039300000D+01 0.1755600000D+01
1  620180217201803012458166.5-0.4093000000D+00 0.8510000000D-02 0.2389100000D+02 0.4056000000D-01 0.1350000000D-03 0.2285000000D+00 0.5801915000D+01 0.5094300000D+01 0.1410100000D+01 0.2704800000D+01 0.2919000000D+00 0.2210000000D-02 0.1132910000D+02 0.6340000000D-02 0.1960000000D-03 0.1093000000D+00 0.1285081000D+01 0.1490500000D+01 0.1806800000D+01 0.4483200000D+01
1  720180301201803132458178.5-0.2978000000D+00 0.1023000000D-01 0.2425650000D+02 0.4272000000D-01 0.4720000000D-03 0.2347000000D+00 0.4112798000D+01 0.3529600000D+01 0.5718500000D+01 0.5410100000D+01 0.3185000000D+00 0.1110000000D-02 0.1142060000D+02 0.9580000000D-02 0.3600000000D-04 0.1103000000D+00 0.5893195000D+01 0.1048000000D+00 0.1027000000D+00 0.9403000000D+00
1  820180313201803252458190.5-0.1779000000D+00 0.1145000000D-01 0.2469670000D+02 0.3938000000D-01 0.6680000000D-03 0.2408000000D+00 0.2427061000D+01 0.2001200000D+01 0.3658500000D+01 0.1859000000D+01 0.3273000000D+00-0.1000000000D-04 0.1152110000D+02 0.1207000000D-01 0.1050000000D-03 0.1097000000D+00 0.4220887000D+01 0.4836700000D+01 0.8511000000D+00 0.3663800000D+01
1  920180325201804062458202.5-0.4290000000D-01 0.1278000000D-01 0.2517370000D+02 0.3651000000D-01 0.6390000000D-03 0.2437000000D+00 0.7451050000D+00 0.5993000000D+00 0.1521900000D+01 0.4586000000D+01 0.3289000000D+00-0.1390000000D-02 0.1162600000D+02 0.1280000000D-01 0.1350000000D-03 0.1112000000D+00 0.2551178000D+01 0.3214800000D+01 0.4996300000D+01 0.1144000000D+00
1 1020180406201804182458214.5 0.1085000000D+00 0.1288000000D-01 0.2566060000D+02 0.4192000000D-01 0.2750000000D-03 0.2497000000D+00 0.5350454000D+01 0.5511100000D+01 0.6254600000D+01 0.1041100000D+01 0.3096000000D+00-0.2770000000D-02 0.1173310000D+02 0.1321000000D-01 0.1650000000D-03 0.1116000000D+00 0.8830890000D+00 0.1599300000D+01 0.2961500000D+01 0.2846900000D+01
1 1120180418201804302458226.5 0.2557000000D+00 0.1259000000D-01 0.2616630000D+02 0.4697000000D-01 0.2880000000D-03 0.2506000000D+00 0.3677352000D+01 0.4022300000D+01 0.6212200000D+01 0.3772200000D+01 0.2807000000D+00-0.3920000000D-02 0.1184720000D+02 0.1273000000D-01 0.9500000000D-04 0.1141000000D+00 0.5499376000D+01 0.1303000000D+00 0.5134000000D+00 0.5575700000D+01
1 1220180430201805122458238.5 0.4150000000D+00 0.1120000000D-01 0.2666010000D+02 0.4940000000D-01 0.5640000000D-03 0.2553000000D+00 0.2008286000D+01 0.2474800000D+01 0.4506300000D+01 0.2156000000D+00 0.2336000000D+00-0.4960000000D-02 0.1195070000D+02 0.1353000000D-01 0.1140000000D-03 0.1148000000D+00 0.3832806000D+01 0.4923700000D+01 0.3531200000D+01 0.2039200000D+01
1 1320180512201805242458250.5 0.5471000000D+00 0.9250000000D-02 0.2712580000D+02 0.4897000000D-01 0.6660000000D-03 0.2581000000D+00 0.3425640000D+00 0.9706000000D+00 0.2855600000D+01 0.2956000000D+01 0.1750000000D+00-0.5480000000D-02 0.1203740000D+02 0.1480000000D-01 0.1640000000D-03 0.1159000000D+00 0.2166518000D+01 0.3283000000D+01 0.4785000000D+00 0.4775800000D+01
1 1420180524201806052458262.5 0.6701000000D+00 0.6910000000D-02 0.2753690000D+02 0.4411000000D-01 0.4880000000D-03 0.2636000000D+00 0.4963025000D+01 0.5809800000D+01 0.1043500000D+01 0.5680900000D+01 0.1084000000D+00-0.5980000000D-02 0.1210570000D+02 0.1294000000D-01 0.2220000000D-03 0.1166000000D+00 0.5007080000D+00 0.1558400000D+01 0.4209600000D+01 0.1238800000D+01
1 1520180605201806172458274.5 0.7506000000D+00 0.3810000000D-02 0.2785740000D+02 0.4282000000D-01 0.1360000000D-03 0.2672000000D+00 0.3301431000D+01 0.4460100000D+01 0.5890700000D+01 0.2143700000D+01 0.3210000000D-01-0.6030000000D-02 0.1215460000D+02 0.9610000000D-02 0.2450000000D-03 0.1150000000D+00 0.5116779000D+01 0.6213500000D+01 0.1978200000D+01 0.3964300000D+01
1 1620180617201806292458286.5 0.7963000000D+00 0.7700000000D-03 0.2805010000D+02 0.4380000000D-01 0.3940000000D-03 0.2674000000D+00 0.1640647000D+01 0.3038900000D+01 0.5897400000D+01 0.4883000000D+01-0.3930000000D-01-0.5990000000D-02 0.1217580000D+02 0.6050000000D-02 0.1720000000D-03 0.1150000000D+00 0.3447755000D+01 0.4956300000D+01 0.3374000000D+00 0.4095000000D+00
1 1720180629201807112458298.5 0.8016000000D+00-0.3110000000D-02 0.2809790000D+02 0.3963000000D-01 0.7330000000D-03 0.2694000000D+00 0.6263107000D+01 0.1494700000D+01 0.3764800000D+01 0.1341500000D+01-0.1152000000D+00-0.5600000000D-02 0.1215830000D+02 0.4920000000D-02 0.1060000000D-03 0.1136000000D+00 0.1776076000D+01 0.4185400000D+01 0.5621000000D+01 0.3124100000D+01
1 1820180711201807232458310.5 0.7554000000D+00-0.6470000000D-02 0.2803460000D+02 0.3284000000D-01 0.8240000000D-03 0.2634000000D+00 0.4600832000D+01 0.1126000000D+00 0.1847700000D+01 0.4073300000D+01-0.1778000000D+00-0.4820000000D-02 0.1210670000D+02 0.8070000000D-02 0.2110000000D-03 0.1140000000D+00 0.1007340000D+00 0.3062400000D+01 0.4809100000D+01 0.5828400000D+01
1 1920180723201808042458322.5 0.6830000000D+00-0.9780000000D-02 0.2784910000D+02 0.2864000000D-01 0.5330000000D-03 0.2609000000D+00 0.2935840000D+01 0.5246500000D+01 0.1169000000D+00 0.5087000000D+00-0.2362000000D+00-0.3870000000D-02 0.1201150000D+02 0.1018000000D-01 0.3260000000D-03 0.1130000000D+00 0.4704934000D+01 0.1709400000D+01 0.3152500000D+01 0.2264300000D+01
1 2020180804201808162458334.5 0.5600000000D+00-0.1202000000D-01 0.2754980000D+02 0.3123000000D-01 0.3310000000D-03 0.2555000000D+00 0.1266726000D+01 0.4036900000D+01 0.5030200000D+01 0.3228000000D+01-0.2803000000D+00-0.2480000000D-02 0.1188270000D+02 0.1137000000D-01 0.3180000000D-03 0.1128000000D+00 0.3022183000D+01 0.4505000000D+00 0.9723000000D+00 0.4966900000D+01
1 2120180816201808282458346.5 0.4275000000D+00-0.1310000000D-01 0.2717180000D+02 0.3956000000D-01 0.4250000000D-03 0.2534000000D+00 0.5876207000D+01 0.2660200000D+01 0.4409300000D+01 0.5923200000D+01-0.3099000000D+00-0.1310000000D-02 0.1174520000D+02 0.1624000000D-01 0.1910000000D-03 0.1113000000D+00 0.1335776000D+01 0.5323800000D+01 0.5066900000D+01 0.1399200000D+01
1 2220180828201809092458358.5 0.2671000000D+00-0.1344000000D-01 0.2671130000D+02 0.4382000000D-01 0.7070000000D-03 0.2504000000D+00 0.4197335000D+01 0.1159400000D+01 0.2899700000D+01 0.2354500000D+01-0.3293000000D+00 0.2000000000D-04 0.1160090000D+02 0.2099000000D-01 0.5900000000D-04 0.1085000000D+00 0.5928154000D+01 0.3737500000D+01 0.1411500000D+01 0.4089300000D+01
1 2320180909201809212458370.5 0.1083000000D+00-0.1250000000D-01 0.2620050000D+02 0.4360000000D-01 0.7710000000D-03 0.2465000000D+00 0.2513795000D+01 0.5972900000D+01 0.8559000000D+00 0.5055100000D+01-0.3279000000D+00 0.9800000000D-03 0.1145710000D+02 0.2286000000D-01 0.9100000000D-04 0.1070000000D+00 0.4233284000D+01 0.2083600000D+01 0.4701000000D+01 0.5031000000D+00
1 2420180921201810032458382.5-0.4480000000D-01-0.1170000000D-01 0.2568360000D+02 0.4826000000D-01 0.4570000000D-03 0.2437000000D+00 0.8263850000D+00 0.4588600000D+01 0.5001100000D+01 0.1482000000D+01-0.3210000000D+00 0.1840000000D-02 0.1132160000D+02 0.2349000000D-01 0.1350000000D-03 0.1049000000D+00 0.2535718000D+01 0.4202000000D+00 0.2228000000D+01 0.3176800000D+01
1 2520181003201810152458394.5-0.1941000000D+00-0.1015000000D-01 0.2518840000D+02 0.5560000000D-01 0.1130000000D-03 0.2352000000D+00 0.5417299000D+01 0.3077500000D+01 0.1687300000D+01 0.4174800000D+01-0.2950000000D+00 0.2610000000D-02 0.1119720000D+02 0.2216000000D-01 0.1660000000D-03 0.1052000000D+00 0.8358090000D+00 0.5053300000D+01 0.6267600000D+01 0.5857000000D+01
1 2620181015201810272458406.5-0.3126000000D+00-0.9000000000D-02 0.2472510000D+02 0.6018000000D-01 0.2010000000D-03 0.2311000000D+00 0.3720722000D+01 0.1460700000D+01 0.4354700000D+01 0.5824000000D+00-0.2646000000D+00 0.3170000000D-02 0.1108550000D+02 0.2086000000D-01 0.1500000000D-03 0.1044000000D+00 0.5418520000D+01 0.3461400000D+01 0.3919900000D+01 0.2265100000D+01
1 2720181027201811082458418.5-0.4287000000D+00-0.7560000000D-02 0.2429830000D+02 0.6139000000D-01 0.3210000000D-03 0.2253000000D+00 0.2020758000D+01 0.6115100000D+01 0.2015500000D+01 0.3263300000D+01-0.2233000000D+00 0.3940000000D-02 0.1098990000D+02 0.2169000000D-01 0.1000000000D-03 0.1053000000D+00 0.3718722000D+01 0.1910900000D+01 0.3145000000D+00 0.4954700000D+01
1 2820181108201811202458430.5-0.5087000000D+00-0.5940000000D-02 0.2392910000D+02 0.5900000000D-01 0.4380000000D-03 0.2246000000D+00 0.3177980000D+00 0.4460600000D+01 0.6061100000D+01 0.5934000000D+01-0.1744000000D+00 0.4390000000D-02 0.1092040000D+02 0.2204000000D-01 0.2130000000D-03 0.1039000000D+00 0.2019265000D+01 0.2296000000D+00 0.3848500000D+01 0.1376000000D+01
1 2920181120201812022458442.5-0.5817000000D+00-0.4370000000D-02 0.2360710000D+02 0.5554000000D-01 0.4650000000D-03 0.2228000000D+00 0.4896476000D+01 0.2869300000D+01 0.3955900000D+01 0.2344600000D+01-0.1238000000D+00 0.4970000000D-02 0.1086490000D+02 0.2068000000D-01 0.2440000000D-03 0.1029000000D+00 0.3207590000D+00 0.4770200000D+01 0.1519500000D+01 0.4066300000D+01
1 3020181202201812142458454.5-0.6282000000D+00-0.2160000000D-02 0.2334440000D+02 0.5473000000D-01 0.1780000000D-03 0.2234000000D+00 0.3191411000D+01 0.1361600000D+01 0.1322700000D+01 0.5028700000D+01-0.6280000000D-01 0.5150000000D-02 0.1081490000D+02 0.1736000000D-01 0.1770000000D-03 0.1020000000D+00 0.4906953000D+01 0.3072300000D+01 0.5827400000D+01 0.4864000000D+00
1 3120181214201812262458466.5-0.6544000000D+00-0.4900000000D-03 0.2317660000D+02 0.5736000000D-01 0.2220000000D-03 0.2224000000D+00 0.1486372000D+01 0.6044400000D+01 0.3361900000D+01 0.1450100000D+01-0.6000000000D-02 0.5150000000D-02 0.1077590000D+02 0.1362000000D-01 0.7400000000D-04 0.1012000000D+00 0.3212368000D+01 0.1346400000D+01 0.3585400000D+01 0.3168400000D+01
1 3220181226201901072458478.5-0.6670000000D+00 0.1600000000D-02 0.2308600000D+02 0.5761000000D-01 0.5200000000D-03 0.2193000000D+00 0.6064391000D+01 0.4396900000D+01 0.8652000000D+00 0.4137300000D+01 0.5800000000D-01 0.4890000000D-02 0.1073780000D+02 0.1022000000D-01 0.2100000000D-04 0.1019000000D+00 0.1520506000D+01 0.5986800000D+01 0.2261000000D+00 0.5874000000D+01
2 3320171231201802192458118.5-0.2156000000D+00-0.4000000000D-04 0.2964400000D+02 0.7963000000D-01 0.3400000000D-03 0.7190000000D-01 0.3021021000D+01 0.1522800000D+01 0.3687300000D+01-0.2123600000D+01 0.2040000000D-01 0.4100000000D-03 0.1356700000D+02 0.3086000000D-01 0.1500000000D-03 0.3360000000D-01 0.4762824000D+01 0.3142600000D+01 0.5473500000D+01-0.3350000000D+00
2 3420180219201804102458168.5-0.2192000000D+00 0.6000000000D-04 0.3079060000D+02 0.6817000000D-01 0.4400000000D-03 0.7960000000D-01 0.6014797000D+01 0.5076100000D+01 0.9053000000D+00-0.2565100000D+01 0.4120000000D-01 0.5100000000D-03 0.1383780000D+02 0.2347000000D-01 0.1920000000D-03 0.3470000000D-01 0.1491298000D+01 0.4730000000D+00 0.2405800000D+01-0.7853000000D+00
2 3520180410201805302458218.5-0.2197000000D+00 0.7600000000D-03 0.3324440000D+02 0.6119000000D-01 0.4930000000D-03 0.8380000000D-01 0.2784897000D+01 0.2651800000D+01 0.4875800000D+01-0.2939300000D+01 0.6740000000D-01 0.5800000000D-03 0.1474330000D+02 0.2607000000D-01 0.1490000000D-03 0.3890000000D-01 0.4554590000D+01 0.4452300000D+01 0.1200000000D+00-0.1179900000D+01
2 3620180530201807192458268.5-0.1818000000D+00 0.1530000000D-02 0.3566240000D+02 0.4998000000D-01 0.5940000000D-03 0.9220000000D-01 0.5907577000D+01 0.4806000000D+00 0.2940000000D+01-0.3304200000D+01 0.9760000000D-01 0.4000000000D-03 0.1591830000D+02 0.2432000000D-01 0.2680000000D-03 0.3920000000D-01 0.1390045000D+01 0.1938000000D+01 0.4696800000D+01-0.1489900000D+01
2 3720180719201809072458318.5-0.1005000000D+00 0.1660000000D-02 0.3589620000D+02 0.3695000000D-01 0.6170000000D-03 0.8820000000D-01 0.2774026000D+01 0.5228700000D+01 0.6829000000D+00-0.3603000000D+01 0.1168000000D+00-0.8000000000D-04 0.1630910000D+02 0.1024000000D-01 0.2760000000D-03 0.3850000000D-01 0.4526944000D+01 0.6796000000D+00 0.2229800000D+01-0.1914600000D+01
2 3820180907201810272458368.5-0.1680000000D-01 0.1220000000D-02 0.3371960000D+02 0.6615000000D-01 0.3780000000D-03 0.7790000000D-01 0.5874567000D+01 0.3255100000D+01 0.4469900000D+01-0.4078200000D+01 0.1115000000D+00-0.3000000000D-03 0.1547870000D+02 0.2967000000D-01 0.1300000000D-03 0.3760000000D-01 0.1337516000D+01 0.5025300000D+01 0.5965400000D+01-0.2343200000D+01
2 3920181027201812162458418.5 0.4270000000D-01 0.7700000000D-03 0.3112640000D+02 0.8570000000D-01 0.2210000000D-03 0.7410000000D-01 0.2614583000D+01 0.5076000000D+00 0.2231600000D+01-0.4587600000D+01 0.9530000000D-01-0.2900000000D-03 0.1423500000D+02 0.3830000000D-01 0.6500000000D-04 0.3390000000D-01 0.4366579000D+01 0.2131400000D+01 0.4318200000D+01-0.2847600000D+01
2 4020181216201902042458468.5 0.8020000000D-01 0.7400000000D-03 0.2970290000D+02 0.8421000000D-01 0.2840000000D-03 0.7190000000D-01 0.5589012000D+01 0.3865000000D+01 0.6023300000D+01-0.5145100000D+01 0.7980000000D-01-0.2800000000D-03 0.1330680000D+02 0.3455000000D-01 0.1260000000D-03 0.3240000000D-01 0.1074991000D+01 0.5377900000D+01 0.1711000000D+01-0.3325500000D+01
3 4120171231201802242458118.5 0.0000000000D+00 0.0000000000D+00 0.3670370000D+02 0.7146000000D-01 0.4570000000D-03 0.2800000000D-02 0.1228404000D+01 0.6041800000D+01 0.1842800000D+01-0.9106000000D+00-0.1000000000D-02 0.0000000000D+00 0.1741750000D+02 0.2341000000D-01 0.2030000000D-03 0.1400000000D-02 0.2968675000D+01 0.1323200000D+01 0.3612200000D+01-0.5119800000D+01
3 4220180224201804202458173.5 0.7000000000D-03-0.5000000000D-04 0.3833400000D+02 0.6657000000D-01 0.5950000000D-03 0.3800000000D-02 0.1975378000D+01 0.1373700000D+01 0.3269400000D+01-0.5466200000D+01-0.1800000000D-02 0.0000000000D+00 0.1783290000D+02 0.2005000000D-01 0.2470000000D-03 0.1400000000D-02 0.3745366000D+01 0.3287000000D+01 0.4782700000D+01-0.3826400000D+01
3 4320180420201806142458228.5-0.3300000000D-02 0.7000000000D-04 0.4179310000D+02 0.8251000000D-01 0.6760000000D-03 0.4100000000D-02 0.2794614000D+01 0.3209800000D+01 0.5169300000D+01-0.4197700000D+01-0.2400000000D-02 0.3000000000D-04 0.1917560000D+02 0.3807000000D-01 0.2250000000D-03 0.2700000000D-02 0.4580560000D+01 0.5041000000D+01 0.6111000000D+00-0.2108400000D+01
3 4420180614201808082458283.5-0.8000000000D-03 0.2000000000D-04 0.4456690000D+02 0.8838000000D-01 0.7980000000D-03 0.7100000000D-02 0.3693418000D+01 0.5074500000D+01 0.1048000000D+01-0.2039700000D+01-0.7000000000D-03-0.3000000000D-04 0.2062710000D+02 0.3849000000D-01 0.3880000000D-03 0.2300000000D-02 0.5476410000D+01 0.3556000000D+00 0.2734600000D+01-0.2560000000D+00
3 4520180808201810022458338.5 0.6000000000D-03-0.6000000000D-04 0.4356780000D+02 0.7098000000D-01 0.6820000000D-03 0.4800000000D-02 0.4603730000D+01 0.8768000000D+00 0.2862700000D+01-0.6181300000D+01-0.2800000000D-02 0.3000000000D-04 0.2045490000D+02 0.2979000000D-01 0.2830000000D-03 0.2300000000D-02 0.9292900000D-01 0.2644300000D+01 0.4398000000D+01-0.4773700000D+01
3 4620181002201811262458393.5-0.2300000000D-02 0.4000000000D-04 0.3999940000D+02 0.7692000000D-01 0.4090000000D-03 0.3900000000D-02 0.5435151000D+01 0.2781000000D+01 0.4560800000D+01-0.4903900000D+01-0.1900000000D-02 0.2000000000D-04 0.1877560000D+02 0.3744000000D-01 0.1280000000D-03 0.1800000000D-02 0.9279860000D+00 0.4415900000D+01 0.6242300000D+01-0.2754500000D+01
3 4720181126201901202458448.5-0.1800000000D-02 0.3000000000D-04 0.3718090000D+02 0.7907000000D-01 0.3640000000D-03 0.2800000000D-02 0.6184726000D+01 0.4191100000D+01 0.6255100000D+01-0.3170800000D+01-0.1100000000D-02 0.0000000000D+00 0.1709330000D+02 0.3588000000D-01 0.1390000000D-03 0.1600000000D-02 0.1696852000D+01 0.5617300000D+01 0.1982200000D+01-0.1619500000D+01
4 4820171231201802192458118.5 0.1505000000D+00 0.1300000000D-03 0.4700360000D+02 0.1189100000D+00 0.5030000000D-03 0.5130000000D-01 0.5464514000D+01 0.3972000000D+01 0.6015200000D+01 0.6167400000D+01-0.1770000000D-01 0.3000000000D-04 0.2149250000D+02 0.4553000000D-01 0.2200000000D-03 0.2340000000D-01 0.9235180000D+00 0.5578600000D+01 0.1496500000D+01 0.1661500000D+01
4 4920180219201804102458168.5 0.1589000000D+00 0.2300000000D-03 0.4881490000D+02 0.1079300000D+00 0.6830000000D-03 0.5660000000D-01 0.7764170000D+00 0.6123400000D+01 0.1944800000D+01 0.3131300000D+01-0.1720000000D-01-0.8000000000D-04 0.2191320000D+02 0.3723000000D-01 0.2950000000D-03 0.2450000000D-01 0.2536383000D+01 0.1521500000D+01 0.3436000000D+01 0.4914000000D+01
4 5020180410201805302458218.5 0.1662000000D+00 0.2300000000D-03 0.5270130000D+02 0.9741000000D-01 0.8270000000D-03 0.6380000000D-01 0.2426564000D+01 0.2272300000D+01 0.4475900000D+01 0.1481000000D+00-0.1990000000D-01-0.1800000000D-03 0.2335510000D+02 0.4116000000D-01 0.2630000000D-03 0.2740000000D-01 0.4195961000D+01 0.4066000000D+01 0.6016200000D+01 0.1982900000D+01
4 5120180530201807192458268.5 0.1863000000D+00-0.8000000000D-04 0.5652190000D+02 0.8383000000D-01 0.9540000000D-03 0.6750000000D-01 0.4147251000D+01 0.5028600000D+01 0.1064100000D+01 0.3474800000D+01-0.3130000000D-01-0.1900000000D-03 0.2521290000D+02 0.3960000000D-01 0.4190000000D-03 0.2770000000D-01 0.5912419000D+01 0.2270000000D+00 0.2827500000D+01 0.5279300000D+01
4 5220180719201809072458318.5 0.1723000000D+00-0.3400000000D-03 0.5692610000D+02 0.7085000000D-01 0.9440000000D-03 0.6210000000D-01 0.5903030000D+01 0.1898500000D+01 0.3791400000D+01 0.5304000000D+00-0.4140000000D-01-0.7000000000D-04 0.2583440000D+02 0.2164000000D-01 0.4210000000D-03 0.2720000000D-01 0.1371971000D+01 0.3548400000D+01 0.5325200000D+01 0.2340900000D+01
4 5320180907201810272458368.5 0.1611000000D+00-0.3100000000D-03 0.5347190000D+02 0.9685000000D-01 0.6400000000D-03 0.5560000000D-01 0.1335226000D+01 0.4807900000D+01 0.6266000000D+01 0.3805200000D+01-0.4560000000D-01 0.1000000000D-04 0.2451740000D+02 0.4261000000D-01 0.2290000000D-03 0.2450000000D-01 0.3079990000D+01 0.2834000000D+00 0.1515300000D+01 0.5593900000D+01
4 5420181027201812162458418.5 0.1413000000D+00-0.4000000000D-04 0.4935270000D+02 0.1200600000D+00 0.4080000000D-03 0.4990000000D-01 0.2975009000D+01 0.7902000000D+00 0.2447200000D+01 0.7632000000D+00-0.4560000000D-01 0.9000000000D-04 0.2256240000D+02 0.5405000000D-01 0.1230000000D-03 0.2150000000D-01 0.4725926000D+01 0.2396900000D+01 0.4354200000D+01 0.2519100000D+01
4 5520181216201902042458468.5 0.1388000000D+00 0.0000000000D+00 0.4709070000D+02 0.1224400000D+00 0.4260000000D-03 0.4760000000D-01 0.4562715000D+01 0.2830200000D+01 0.4794100000D+01 0.4009000000D+01-0.4040000000D-01 0.2000000000D-04 0.2109740000D+02 0.5045000000D-01 0.1870000000D-03 0.2120000000D-01 0.4735300000D-01 0.4319200000D+01 0.5229000000D+00 0.5763200000D+01
5 5620171231201802222458118.5-0.7040000000D-01 0.3000000000D-04 0.6566470000D+02 0.1587900000D+00 0.6990000000D-03 0.2370000000D-01 0.5397822000D+01 0.3911200000D+01 0.5916300000D+01 0.3009600000D+01-0.1510000000D-01-0.8000000000D-04 0.2976530000D+02 0.6057000000D-01 0.3060000000D-03 0.1050000000D-01 0.8486830000D+00 0.5508800000D+01 0.1395900000D+01 0.4746800000D+01
5 5720180222201804162458171.5-0.7140000000D-01 0.0000000000D+00 0.6845080000D+02 0.1475400000D+00 0.9690000000D-03 0.2430000000D-01 0.3614745000D+01 0.2738800000D+01 0.4843900000D+01 0.5799000000D+01-0.1910000000D-01-0.7000000000D-04 0.3045490000D+02 0.5083000000D-01 0.4110000000D-03 0.1080000000D-01 0.5366347000D+01 0.4423500000D+01 0.3480000000D-01 0.1326900000D+01
5 5820180416201806082458224.5-0.7720000000D-01 0.2000000000D-04 0.7437200000D+02 0.1352700000D+00 0.1213000000D-02 0.2480000000D-01 0.1893121000D+01 0.1883700000D+01 0.4087500000D+01 0.2496900000D+01-0.2370000000D-01-0.2000000000D-04 0.3269630000D+02 0.5924000000D-01 0.3960000000D-03 0.1190000000D-01 0.3653316000D+01 0.3639400000D+01 0.5692600000D+01 0.4175300000D+01
5 5920180608201807312458277.5-0.8510000000D-01 0.1100000000D-03 0.7955430000D+02 0.1207600000D+00 0.1353000000D-02 0.2970000000D-01 0.2506250000D+00 0.1396700000D+01 0.3645900000D+01 0.5404900000D+01-0.2560000000D-01 0.7000000000D-04 0.3531340000D+02 0.5342000000D-01 0.6240000000D-03 0.1200000000D-01 0.2003679000D+01 0.2824900000D+01 0.5342400000D+01 0.8867000000D+00
5 6020180731201809222458330.5-0.8640000000D-01 0.2000000000D-03 0.7872320000D+02 0.1121800000D+00 0.1220000000D-02 0.2620000000D-01 0.4919605000D+01 0.1159800000D+01 0.3024600000D+01 0.2133500000D+01-0.2320000000D-01 0.7000000000D-04 0.3559340000D+02 0.3887000000D-01 0.5130000000D-03 0.1290000000D-01 0.3763130000D+00 0.2900200000D+01 0.4535900000D+01 0.3862300000D+01
5 6120180922201811142458383.5-0.7830000000D-01 0.1900000000D-03 0.7286060000D+02 0.1403500000D+00 0.8050000000D-03 0.2580000000D-01 0.3247447000D+01 0.5603000000D+00 0.2148900000D+01 0.5072800000D+01-0.2100000000D-01 0.4000000000D-04 0.3318510000D+02 0.6306000000D-01 0.2660000000D-03 0.1120000000D-01 0.4983778000D+01 0.2265200000D+01 0.3733400000D+01 0.4830000000D+00
5 6220181114201901062458436.5-0.6840000000D-01 0.9000000000D-04 0.6742540000D+02 0.1605500000D+00 0.5900000000D-03 0.2380000000D-01 0.1494571000D+01 0.5724300000D+01 0.1225900000D+01 0.1619600000D+01-0.1980000000D-01-0.2000000000D-04 0.3045480000D+02 0.7058000000D-01 0.1940000000D-03 0.1020000000D-01 0.3240699000D+01 0.9940000000D+00 0.3191600000D+01 0.3383000000D+01
6 6320171231201801182458118.5-0.5685900000D+01-0.6159000000D-01 0.1519211000D+03 0.2637700000D+00 0.0000000000D+00 0.2127600000D+01 0.5502801000D+01 0.4049100000D+01 0.0000000000D+00 0.3453700000D+01-0.2934000000D+00-0.1474000000D-01 0.6849920000D+02 0.1153200000D+00 0.0000000000D+00 0.9763000000D+00 0.9730570000D+00 0.5769900000D+01 0.0000000000D+00 0.5189000000D+01
6 6420180118201802052458136.5-0.6687000000D+01 0.5116000000D-01 0.1534743000D+03 0.3608400000D+00 0.0000000000D+00 0.2133100000D+01 0.6279986000D+01 0.4961500000D+01 0.0000000000D+00 0.5004600000D+01-0.7212000000D+00 0.2498000000D-01 0.6886300000D+02 0.9890000000D-01 0.0000000000D+00 0.9598000000D+00 0.1747531000D+01 0.1430000000D+00 0.0000000000D+00 0.5115000000D+00
6 6520180205201802232458154.5-0.6436900000D+01 0.3054000000D-01 0.1555659000D+03 0.3409600000D+00 0.0000000000D+00 0.2182500000D+01 0.7700530000D+00 0.5971200000D+01 0.0000000000D+00 0.3126000000D+00-0.9130000000D-01-0.5766000000D-01 0.6923760000D+02 0.1614200000D+00 0.0000000000D+00 0.9438000000D+00 0.2538255000D+01 0.1372100000D+01 0.0000000000D+00 0.2059200000D+01
6 6620180223201803132458172.5-0.5162900000D+01-0.1313900000D+00 0.1576684000D+03 0.4318800000D+00 0.0000000000D+00 0.2194300000D+01 0.1552763000D+01 0.9525000000D+00 0.0000000000D+00 0.1866200000D+01-0.8958000000D+00 0.1933000000D-01 0.6983680000D+02 0.1166100000D+00 0.0000000000D+00 0.1001900000D+01 0.3314408000D+01 0.2806400000D+01 0.0000000000D+00 0.3636300000D+01
6 6720180313201803312458190.5-0.7212800000D+01 0.7587000000D-01 0.1627043000D+03 0.2543600000D+00 0.0000000000D+00 0.2378400000D+01 0.2328549000D+01 0.2207500000D+01 0.0000000000D+00 0.3451000000D+01-0.8749000000D+00 0.1509000000D-01 0.7135670000D+02 0.1225000000D+00 0.0000000000D+00 0.1021700000D+01 0.4105955000D+01 0.3830700000D+01 0.0000000000D+00 0.5246200000D+01
6 6820180331201804182458208.5-0.6310000000D+01-0.3629000000D-01 0.1679898000D+03 0.2707900000D+00 0.0000000000D+00 0.2466200000D+01 0.3130574000D+01 0.2925900000D+01 0.0000000000D+00 0.5089400000D+01-0.5091000000D+00-0.3119000000D-01 0.7353690000D+02 0.8954000000D-01 0.0000000000D+00 0.1070600000D+01 0.4901252000D+01 0.4966900000D+01 0.0000000000D+00 0.5567000000D+00
6 6920180418201805062458226.5-0.6657800000D+01-0.2269000000D-01 0.1729878000D+03 0.2643200000D+00 0.0000000000D+00 0.2527500000D+01 0.3935760000D+01 0.4093900000D+01 0.0000000000D+00 0.4231000000D+00-0.1198600000D+01 0.4492000000D-01 0.7556180000D+02 0.1348300000D+00 0.0000000000D+00 0.1130300000D+01 0.5716747000D+01 0.5538900000D+01 0.0000000000D+00 0.2209200000D+01
6 7020180506201805242458244.5-0.7801500000D+01 0.9399000000D-01 0.1769754000D+03 0.3515800000D+00 0.0000000000D+00 0.2637200000D+01 0.4753855000D+01 0.5100600000D+01 0.0000000000D+00 0.2073400000D+01-0.4755000000D+00-0.3395000000D-01 0.7738380000D+02 0.1641300000D+00 0.0000000000D+00 0.1125100000D+01 0.2403710000D+00 0.7394000000D+00 0.0000000000D+00 0.3860700000D+01
6 7120180524201806112458262.5-0.6023700000D+01-0.1246000000D+00 0.1816223000D+03 0.3666200000D+00 0.0000000000D+00 0.2583800000D+01 0.5568019000D+01 0.4974000000D+00 0.0000000000D+00 0.3737300000D+01-0.7560000000D+00-0.6100000000D-02 0.7976810000D+02 0.1357800000D+00 0.0000000000D+00 0.1144800000D+01 0.1062690000D+01 0.1805500000D+01 0.0000000000D+00 0.5479300000D+01
6 7220180611201806292458280.5-0.7610600000D+01 0.2124000000D-01 0.1849335000D+03 0.2473200000D+00 0.0000000000D+00 0.2564000000D+01 0.1227140000D+00 0.1619000000D+01 0.0000000000D+00 0.5349100000D+01-0.1059300000D+01 0.3509000000D-01 0.8166420000D+02 0.1224700000D+00 0.0000000000D+00 0.1152600000D+01 0.1887062000D+01 0.3222700000D+01 0.0000000000D+00 0.8495000000D+00
6 7320180629201807172458298.5-0.7412500000D+01-0.8960000000D-02 0.1854007000D+03 0.2707000000D+00 0.0000000000D+00 0.2590800000D+01 0.9567370000D+00 0.2743800000D+01 0.0000000000D+00 0.7049000000D+00-0.4785000000D+00-0.1952000000D-01 0.8257560000D+02 0.6992000000D-01 0.0000000000D+00 0.1130800000D+01 0.2723325000D+01 0.4253800000D+01 0.0000000000D+00 0.2470800000D+01
6 7420180717201808042458316.5-0.7403200000D+01-0.6890000000D-02 0.1842213000D+03 0.2569900000D+00 0.0000000000D+00 0.2553200000D+01 0.1791159000D+01 0.3962600000D+01 0.0000000000D+00 0.2346000000D+01-0.9859000000D+00 0.4806000000D-01 0.8214930000D+02 0.1137200000D+00 0.0000000000D+00 0.1150300000D+01 0.3547698000D+01 0.5290700000D+01 0.0000000000D+00 0.4077200000D+01
6 7520180804201808222458334.5-0.8244200000D+01 0.1118000000D+00 0.1813579000D+03 0.3515100000D+00 0.0000000000D+00 0.2546900000D+01 0.2615192000D+01 0.5049500000D+01 0.0000000000D+00 0.3957300000D+01-0.2083000000D+00-0.3218000000D-01 0.8195980000D+02 0.1356600000D+00 0.0000000000D+00 0.1170100000D+01 0.4373325000D+01 0.7984000000D+00 0.0000000000D+00 0.5733400000D+01
6 7620180822201809092458352.5-0.6237300000D+01-0.9460000000D-01 0.1782082000D+03 0.3540400000D+00 0.0000000000D+00 0.2575300000D+01 0.3444797000D+01 0.4153000000D+00 0.0000000000D+00 0.5614200000D+01-0.3999000000D+00-0.1349000000D-01 0.8017350000D+02 0.1305300000D+00 0.0000000000D+00 0.1133700000D+01 0.5194271000D+01 0.1924000000D+01 0.0000000000D+00 0.1080500000D+01
6 7720180909201809272458370.5-0.7345400000D+01 0.4167000000D-01 0.1719606000D+03 0.2560300000D+00 0.0000000000D+00 0.2447700000D+01 0.4256061000D+01 0.1380100000D+01 0.0000000000D+00 0.9722000000D+00-0.7747000000D+00 0.3145000000D-01 0.7813480000D+02 0.1398100000D+00 0.0000000000D+00 0.1128400000D+01 0.6010324000D+01 0.3273300000D+01 0.0000000000D+00 0.2704300000D+01
6 7820180927201810152458388.5-0.6876600000D+01 0.1775000000D-01 0.1670936000D+03 0.2907400000D+00 0.0000000000D+00 0.2369100000D+01 0.5057097000D+01 0.2407400000D+01 0.0000000000D+00 0.2572400000D+01-0.1321000000D+00-0.4222000000D-01 0.7532360000D+02 0.9813000000D-01 0.0000000000D+00 0.1080700000D+01 0.5248900000D+00 0.3929100000D+01 0.0000000000D+00 0.4351800000D+01
6 7920181015201811022458406.5-0.5959900000D+01-0.6726000000D-01 0.1623173000D+03 0.2890700000D+00 0.0000000000D+00 0.2286000000D+01 0.5845176000D+01 0.3172600000D+01 0.0000000000D+00 0.4193900000D+01-0.8839000000D+00 0.3796000000D-01 0.7376790000D+02 0.1754600000D+00 0.0000000000D+00 0.1002700000D+01 0.1318560000D+01 0.4864100000D+01 0.0000000000D+00 0.5937500000D+01
6 8020181102201811202458424.5-0.7530200000D+01 0.1382000000D+00 0.1594430000D+03 0.4582000000D+00 0.0000000000D+00 0.2121600000D+01 0.3544890000D+00 0.4403800000D+01 0.0000000000D+00 0.5760000000D+01-0.5424000000D+00-0.8200000000D-03 0.7138740000D+02 0.1588000000D+00 0.0000000000D+00 0.9867000000D+00 0.2110750000D+01 0.5975500000D+01 0.0000000000D+00 0.1231600000D+01
6 8120181120201812082458442.5-0.5699900000D+01-0.3284000000D-01 0.1546075000D+03 0.3425800000D+00 0.0000000000D+00 0.2139800000D+01 0.1131359000D+01 0.5600300000D+01 0.0000000000D+00 0.1022600000D+01-0.2610000000D+00-0.4436000000D-01 0.6955860000D+02 0.1808600000D+00 0.0000000000D+00 0.9370000000D+00 0.2898407000D+01 0.7872000000D+00 0.0000000000D+00 0.2820300000D+01
6 8220181208201812262458460.5-0.5655700000D+01-0.2884000000D-01 0.1525523000D+03 0.3497100000D+00 0.0000000000D+00 0.2116000000D+01 0.1903328000D+01 0.2506000000D+00 0.0000000000D+00 0.2610800000D+01-0.1024500000D+01 0.3114000000D-01 0.6743710000D+02 0.1063700000D+00 0.0000000000D+00 0.9320000000D+00 0.3671299000D+01 0.1759800000D+01 0.0000000000D+00 0.4361800000D+01
6 8320181226201901132458478.5-0.6335000000D+01 0.6247000000D-01 0.1515636000D+03 0.2720700000D+00 0.0000000000D+00 0.2129400000D+01 0.2667650000D+01 0.1085000000D+01 0.0000000000D+00 0.4166100000D+01-0.5837000000D+00-0.2494000000D-01 0.6677180000D+02 0.1305000000D+00 0.0000000000D+00 0.9510000000D+00 0.4447145000D+01 0.2346600000D+01 0.0000000000D+00 0.5962500000D+01
7 8420171231201801122458118.5-0.4693190000D+02-0.1487430000D+01 0.1894910000D+03 0.1328623000D+02 0.0000000000D+00 0.4028000000D+00 0.2046773000D+01 0.6074700000D+01 0.0000000000D+00 0.4128400000D+01-0.1530000000D+02 0.3134990000D+01 0.7657930000D+02 0.5032620000D+01 0.0000000000D+00 0.3330000000D+00 0.3712590000D+01 0.1413000000D+01 0.0000000000D+00 0.4955600000D+01
7 8520180112201801242458130.5-0.1854710000D+02 0.2875670000D+01 0.1566559000D+03 0.8732320000D+01 0.0000000000D+00 0.3966300000D+01 0.5442866000D+01 0.3692800000D+01 0.0000000000D+00 0.1755400000D+01 0.4292300000D+02-0.5496730000D+01 0.5611760000D+02 0.1603200000D+01 0.0000000000D+00 0.1638300000D+01 0.6720990000D+00 0.5223000000D+01 0.0000000000D+00 0.3149600000D+01
7 8620180124201802052458142.5-0.6135520000D+02 0.6175200000D+00 0.1799504000D+03 0.1443724000D+02 0.0000000000D+00 0.9733000000D+00 0.2826906000D+01 0.6826000000D+00 0.0000000000D+00 0.5975300000D+01-0.4416600000D+01 0.2278280000D+01 0.7228510000D+02 0.5634980000D+01 0.0000000000D+00 0.2807000000D+00 0.4600644000D+01 0.2475700000D+01 0.0000000000D+00 0.1474800000D+01
7 8720180205201802172458154.5 0.6382500000D+01-0.1813910000D+01 0.1740499000D+03 0.9830460000D+01 0.0000000000D+00 0.5324700000D+01 0.6177924000D+01 0.4275000000D+01 0.0000000000D+00 0.3634800000D+01 0.1735530000D+02-0.2989260000D+01 0.6815230000D+02 0.3571600000D+01 0.0000000000D+00 0.2162500000D+01 0.1689188000D+01 0.6161800000D+01 0.0000000000D+00 0.5429100000D+01
7 8820180217201803012458166.5-0.7118480000D+02 0.2772900000D+01 0.1666760000D+03 0.1424095000D+02 0.0000000000D+00 0.7732000000D+00 0.3557394000D+01 0.1576200000D+01 0.0000000000D+00 0.1138000000D+01 0.3183300000D+01 0.1772980000D+01 0.6937150000D+02 0.6036510000D+01 0.0000000000D+00 0.3671000000D+00 0.5400043000D+01 0.3445600000D+01 0.0000000000D+00 0.3241400000D+01
7 8920180301201803132458178.5 0.5504840000D+02-0.1273181000D+02 0.1607360000D+03 0.5908710000D+01 0.0000000000D+00 0.2759200000D+01 0.3994330000D+00 0.4294300000D+01 0.0000000000D+00 0.5880100000D+01-0.7500000000D-02-0.1510150000D+01 0.7459940000D+02 0.3733700000D+01 0.0000000000D+00 0.1718600000D+01 0.2462010000D+01 0.5262000000D+00 0.0000000000D+00 0.1052400000D+01
7 9020180313201803252458190.5-0.8797710000D+02 0.7140660000D+01 0.1429506000D+03 0.1124743000D+02 0.0000000000D+00 0.9675000000D+00 0.4238300000D+01 0.2570100000D+01 0.0000000000D+00 0.4735200000D+01 0.7668300000D+01 0.1757180000D+01 0.6666150000D+02 0.6101580000D+01 0.0000000000D+00 0.3332000000D+00 0.6183322000D+01 0.4468000000D+01 0.0000000000D+00 0.5441500000D+01
7 9120180325201804062458202.5-0.1091410000D+02-0.7083630000D+01 0.1878315000D+03 0.1076120000D+02 0.0000000000D+00 0.1275000000D+01 0.1441577000D+01 0.5488300000D+01 0.0000000000D+00 0.1277100000D+01-0.2845910000D+02 0.3982250000D+01 0.8751510000D+02 0.5362380000D+01 0.0000000000D+00 0.5512000000D+00 0.3049842000D+01 0.6493000000D+00 0.0000000000D+00 0.3968900000D+01
7 9220180406201804182458214.5-0.9064110000D+02 0.1238593000D+02 0.1253169000D+03 0.7973380000D+01 0.0000000000D+00 0.2497400000D+01 0.4995131000D+01 0.3825500000D+01 0.0000000000D+00 0.3148000000D+00 0.4237990000D+02-0.4410890000D+01 0.6726160000D+02 0.2712400000D+01 0.0000000000D+00 0.1750500000D+01 0.1900780000D+00 0.4715100000D+01 0.0000000000D+00 0.2287800000D+01
7 9320180418201804302458226.5-0.5875050000D+02-0.7416900000D+00 0.2108718000D+03 0.1590142000D+02 0.0000000000D+00 0.8172000000D+00 0.2330559000D+01 0.1475000000D+00 0.0000000000D+00 0.5180100000D+01-0.1136400000D+02 0.2568070000D+01 0.8348370000D+02 0.6080010000D+01 0.0000000000D+00 0.2422000000D+00 0.4073316000D+01 0.1889900000D+01 0.0000000000D+00 0.3168000000D+00
7 9420180430201805122458238.5 0.4572200000D+01-0.1551160000D+01 0.2042273000D+03 0.1105209000D+02 0.0000000000D+00 0.6058400000D+01 0.5685741000D+01 0.3725600000D+01 0.0000000000D+00 0.2670900000D+01 0.2405370000D+02-0.3544620000D+01 0.7572730000D+02 0.3712540000D+01 0.0000000000D+00 0.2339200000D+01 0.1189038000D+01 0.5647700000D+01 0.0000000000D+00 0.4502200000D+01
7 9520180512201805242458250.5-0.7216280000D+02 0.1463400000D+01 0.2000319000D+03 0.1654904000D+02 0.0000000000D+00 0.9671000000D+00 0.3171732000D+01 0.1134400000D+01 0.0000000000D+00 0.4733000000D+00-0.2288900000D+01 0.2138100000D+01 0.8034360000D+02 0.6636260000D+01 0.0000000000D+00 0.3550000000D+00 0.4981389000D+01 0.2973400000D+01 0.0000000000D+00 0.2543700000D+01
7 9620180524201806052458262.5 0.3084260000D+02-0.7232310000D+01 0.1994922000D+03 0.9124500000D+01 0.0000000000D+00 0.4603900000D+01 0.1891050000D+00 0.4424300000D+01 0.0000000000D+00 0.4761000000D+01 0.1740870000D+02-0.4175900000D+01 0.7327700000D+02 0.3573370000D+01 0.0000000000D+00 0.2389300000D+01 0.2162443000D+01 0.5569000000D+00 0.0000000000D+00 0.4767000000D+00
7 9720180605201806172458274.5-0.8253760000D+02 0.4258830000D+01 0.1806957000D+03 0.1498307000D+02 0.0000000000D+00 0.3363000000D+00 0.3983317000D+01 0.2174500000D+01 0.0000000000D+00 0.3350000000D+01 0.2275000000D+01 0.2421200000D+01 0.7576880000D+02 0.6807870000D+01 0.0000000000D+00 0.4329000000D+00 0.5877418000D+01 0.4111200000D+01 0.0000000000D+00 0.4809200000D+01
7 9820180617201806292458286.5 0.2470150000D+02-0.1212111000D+02 0.1883350000D+03 0.8137900000D+01 0.0000000000D+00 0.2738200000D+01 0.1061277000D+01 0.5040700000D+01 0.0000000000D+00 0.8939000000D+00-0.3080950000D+02 0.3698330000D+01 0.1016559000D+03 0.5877570000D+01 0.0000000000D+00 0.5388000000D+00 0.2763803000D+01 0.3712000000D+00 0.0000000000D+00 0.2944200000D+01
7 9920180629201807112458298.5-0.1179276000D+03 0.1482392000D+02 0.1260342000D+03 0.8008650000D+01 0.0000000000D+00 0.2851800000D+01 0.4727735000D+01 0.3657700000D+01 0.0000000000D+00 0.5867000000D+01 0.3270140000D+02-0.2149230000D+01 0.7699390000D+02 0.4458890000D+01 0.0000000000D+00 0.1323800000D+01 0.1218060000D+00 0.4751800000D+01 0.0000000000D+00 0.1944700000D+01
710020180711201807232458310.5-0.5641240000D+02-0.1139470000D+01 0.2291729000D+03 0.1637919000D+02 0.0000000000D+00 0.6571000000D+00 0.2107368000D+01 0.6167900000D+01 0.0000000000D+00 0.4527500000D+01-0.1541390000D+02 0.2909720000D+01 0.9303070000D+02 0.6361820000D+01 0.0000000000D+00 0.2712000000D+00 0.3814294000D+01 0.1578900000D+01 0.0000000000D+00 0.5546000000D+01
710120180723201808042458322.5-0.4731500000D+01-0.3405000000D-01 0.2079723000D+03 0.1106850000D+02 0.0000000000D+00 0.5984700000D+01 0.5513900000D+01 0.3570100000D+01 0.0000000000D+00 0.2235900000D+01 0.3490460000D+02-0.4748810000D+01 0.7547530000D+02 0.3031320000D+01 0.0000000000D+00 0.2152400000D+01 0.9173130000D+00 0.5390000000D+01 0.0000000000D+00 0.3932400000D+01
710220180804201808162458334.5-0.6663810000D+02 0.6821700000D+00 0.2054895000D+03 0.1654219000D+02 0.0000000000D+00 0.9717000000D+00 0.3019337000D+01 0.9375000000D+00 0.0000000000D+00 0.1055000000D+00-0.4705400000D+01 0.2270650000D+01 0.8450800000D+02 0.6701200000D+01 0.0000000000D+00 0.3141000000D+00 0.4791912000D+01 0.2733600000D+01 0.0000000000D+00 0.2025200000D+01
710320180816201808282458346.5 0.1207660000D+02-0.3365850000D+01 0.1975163000D+03 0.1018436000D+02 0.0000000000D+00 0.5412400000D+01 0.1209980000D+00 0.4457300000D+01 0.0000000000D+00 0.4359900000D+01 0.2159140000D+02-0.4394680000D+01 0.7260490000D+02 0.3437780000D+01 0.0000000000D+00 0.2322800000D+01 0.1971544000D+01 0.3464000000D+00 0.0000000000D+00 0.4900000000D-01
710420180828201809092458358.5-0.7433990000D+02 0.3053930000D+01 0.1773230000D+03 0.1483343000D+02 0.0000000000D+00 0.3967000000D+00 0.3854789000D+01 0.1974700000D+01 0.0000000000D+00 0.2031600000D+01 0.5807000000D+00 0.2365560000D+01 0.7472450000D+02 0.6521800000D+01 0.0000000000D+00 0.3546000000D+00 0.5705706000D+01 0.3875100000D+01 0.0000000000D+00 0.4347800000D+01
710520180909201809212458370.5 0.4291880000D+02-0.1321691000D+02 0.1667265000D+03 0.6309750000D+01 0.0000000000D+00 0.2888100000D+01 0.8213480000D+00 0.4674500000D+01 0.0000000000D+00 0.6614000000D+00-0.2274050000D+02 0.2131010000D+01 0.9446070000D+02 0.5226320000D+01 0.0000000000D+00 0.6730000000D+00 0.2639444000D+01 0.3085000000D+00 0.0000000000D+00 0.2030100000D+01
710620180921201810032458382.5-0.1099739000D+03 0.1275573000D+02 0.1176933000D+03 0.7270260000D+01 0.0000000000D+00 0.2454700000D+01 0.4537962000D+01 0.3319700000D+01 0.0000000000D+00 0.5564100000D+01 0.2041160000D+02-0.2677100000D+00 0.7129280000D+02 0.5040430000D+01 0.0000000000D+00 0.7367000000D+00 0.7314900000D-01 0.4700500000D+01 0.0000000000D+00 0.1662300000D+01
710720181003201810152458394.5-0.4155410000D+02-0.2227070000D+01 0.2024588000D+03 0.1408245000D+02 0.0000000000D+00 0.4084000000D+00 0.1912925000D+01 0.5956200000D+01 0.0000000000D+00 0.3990400000D+01-0.1855850000D+02 0.2868190000D+01 0.8483500000D+02 0.5642310000D+01 0.0000000000D+00 0.3383000000D+00 0.3578926000D+01 0.1294100000D+01 0.0000000000D+00 0.5011300000D+01
710820181015201810272458406.5-0.2365270000D+02 0.3011160000D+01 0.1715240000D+03 0.9228000000D+01 0.0000000000D+00 0.4638900000D+01 0.5342601000D+01 0.3509500000D+01 0.0000000000D+00 0.1880200000D+01 0.3778070000D+02-0.4962220000D+01 0.6512390000D+02 0.2240950000D+01 0.0000000000D+00 0.1821600000D+01 0.6159990000D+00 0.4998000000D+01 0.0000000000D+00 0.3384300000D+01
710920181027201811082458418.5-0.5504990000D+02-0.2590200000D+00 0.1821671000D+03 0.1462601000D+02 0.0000000000D+00 0.9052000000D+00 0.2790064000D+01 0.6805000000D+00 0.0000000000D+00 0.6074100000D+01-0.8572100000D+01 0.2170610000D+01 0.7457080000D+02 0.5821600000D+01 0.0000000000D+00 0.2729000000D+00 0.4541535000D+01 0.2444800000D+01 0.0000000000D+00 0.1513100000D+01
711020181108201811202458430.5-0.1733900000D+01-0.4014200000D+00 0.1734040000D+03 0.9714410000D+01 0.0000000000D+00 0.5163700000D+01 0.6195266000D+01 0.4309500000D+01 0.0000000000D+00 0.3942500000D+01 0.1979260000D+02-0.3809160000D+01 0.6445510000D+02 0.3001140000D+01 0.0000000000D+00 0.1975300000D+01 0.1669140000D+01 0.6226900000D+01 0.0000000000D+00 0.5800800000D+01
711120181120201812022458442.5-0.6368890000D+02 0.1648720000D+01 0.1605883000D+03 0.1375352000D+02 0.0000000000D+00 0.6055000000D+00 0.3583321000D+01 0.1659600000D+01 0.0000000000D+00 0.1455700000D+01-0.3609200000D+01 0.2152970000D+01 0.6533240000D+02 0.5648040000D+01 0.0000000000D+00 0.2868000000D+00 0.5412933000D+01 0.3534700000D+01 0.0000000000D+00 0.3780700000D+01
711220181202201812142458454.5 0.5299130000D+02-0.1255935000D+02 0.1551207000D+03 0.6330750000D+01 0.0000000000D+00 0.2347800000D+01 0.4202490000D+00 0.4177200000D+01 0.0000000000D+00 0.2381000000D+00-0.1036120000D+02-0.2258200000D+00 0.7785960000D+02 0.4070620000D+01 0.0000000000D+00 0.1027900000D+01 0.2427089000D+01 0.2506000000D+00 0.0000000000D+00 0.1365800000D+01
711320181214201812262458466.5-0.9666640000D+02 0.9262320000D+01 0.1198726000D+03 0.7648270000D+01 0.0000000000D+00 0.1880400000D+01 0.4175436000D+01 0.2696000000D+01 0.0000000000D+00 0.5236100000D+01 0.4911100000D+01 0.1579540000D+01 0.6111680000D+02 0.5141270000D+01 0.0000000000D+00 0.2954000000D+00 0.6174547000D+01 0.4535800000D+01 0.0000000000D+00 0.6215000000D+00
711420181226201901072458478.5-0.1943240000D+02-0.4528660000D+01 0.1785081000D+03 0.1178358000D+02 0.0000000000D+00 0.3262000000D+00 0.1535256000D+01 0.5578900000D+01 0.0000000000D+00 0.2216500000D+01-0.2317400000D+02 0.2719300000D+01 0.7836240000D+02 0.5174760000D+01 0.0000000000D+00 0.3880000000D+00 0.3189493000D+01 0.8589000000D+00 0.0000000000D+00 0.4583500000D+01
811520171231201802052458118.5-0.4715130000D+02 0.1586610000D+01 0.4133665000D+03 0.0000000000D+00 0.0000000000D+00 0.6550700000D+01 0.4429430000D+01 0.0000000000D+00 0.0000000000D+00 0.7051000000D+00 0.7011600000D+01 0.8398000000D-01 0.1169755000D+03 0.0000000000D+00 0.0000000000D+00 0.2051700000D+01 0.5100870000D+00 0.0000000000D+00 0.0000000000D+00 0.2744500000D+01
811620180205201803132458154.5 0.5169900000D+01-0.1406690000D+01 0.4403637000D+03 0.0000000000D+00 0.0000000000D+00 0.5046900000D+01 0.9211670000D+00 0.0000000000D+00 0.0000000000D+00 0.9860000000D-01 0.3672700000D+01-0.1295000000D+00 0.1144440000D+03 0.0000000000D+00 0.0000000000D+00 0.8583000000D+00 0.3290319000D+01 0.0000000000D+00 0.0000000000D+00 0.2752100000D+01
811720180313201804182458190.5-0.3656820000D+02 0.1109650000D+01 0.4782374000D+03 0.0000000000D+00 0.0000000000D+00 0.7885200000D+01 0.3733909000D+01 0.0000000000D+00 0.0000000000D+00 0.6103400000D+01 0.8233000000D+01-0.2222800000D+00 0.1183088000D+03 0.0000000000D+00 0.0000000000D+00 0.2307500000D+01 0.6047159000D+01 0.0000000000D+00 0.0000000000D+00 0.1845700000D+01
811820180418201805242458226.5-0.1064980000D+02-0.1002170000D+01 0.5145108000D+03 0.0000000000D+00 0.0000000000D+00 0.1016290000D+02 0.3102740000D+00 0.0000000000D+00 0.0000000000D+00 0.5004200000D+01-0.6467800000D+01 0.5002900000D+00 0.1292707000D+03 0.0000000000D+00 0.0000000000D+00 0.1477600000D+01 0.2589314000D+01 0.0000000000D+00 0.0000000000D+00 0.9943000000D+00
811920180524201806292458262.5-0.2416000000D+02 0.7249700000D+00 0.5406914000D+03 0.0000000000D+00 0.0000000000D+00 0.3870600000D+01 0.3206265000D+01 0.0000000000D+00 0.0000000000D+00 0.4460600000D+01 0.1282790000D+02-0.3852500000D+00 0.1388861000D+03 0.0000000000D+00 0.0000000000D+00 0.1202500000D+01 0.5490886000D+01 0.0000000000D+00 0.0000000000D+00 0.1146200000D+01
812020180629201808042458298.5-0.4146670000D+02 0.4246700000D+00 0.5348501000D+03 0.0000000000D+00 0.0000000000D+00 0.1175690000D+02 0.6146606000D+01 0.0000000000D+00 0.0000000000D+00 0.4428200000D+01 0.2621000000D+01 0.7167000000D-01 0.1416148000D+03 0.0000000000D+00 0.0000000000D+00 0.3781200000D+01 0.2143177000D+01 0.0000000000D+00 0.0000000000D+00 0.2792000000D+00
812120180804201809092458334.5 0.8485300000D+01-0.1047880000D+01 0.5068048000D+03 0.0000000000D+00 0.0000000000D+00 0.7149500000D+01 0.2770275000D+01 0.0000000000D+00 0.0000000000D+00 0.3274900000D+01 0.5156700000D+01-0.1670200000D+00 0.1437643000D+03 0.0000000000D+00 0.0000000000D+00 0.2227800000D+01 0.5037905000D+01 0.0000000000D+00 0.0000000000D+00 0.5675400000D+01
812220180909201810152458370.5-0.4688360000D+02 0.1058870000D+01 0.4713720000D+03 0.0000000000D+00 0.0000000000D+00 0.4856000000D+01 0.5612454000D+01 0.0000000000D+00 0.0000000000D+00 0.3262400000D+01 0.5437600000D+01 0.1927600000D+00 0.1361390000D+03 0.0000000000D+00 0.0000000000D+00 0.6684000000D+00 0.1618252000D+01 0.0000000000D+00 0.0000000000D+00 0.5166600000D+01
812320181015201811202458406.5 0.1313100000D+01-0.8343700000D+00 0.4441864000D+03 0.0000000000D+00 0.0000000000D+00 0.8875700000D+01 0.2128173000D+01 0.0000000000D+00 0.0000000000D+00 0.2710900000D+01-0.1054300000D+01-0.8789000000D-01 0.1207500000D+03 0.0000000000D+00 0.0000000000D+00 0.2985900000D+01 0.4439115000D+01 0.0000000000D+00 0.0000000000D+00 0.4955800000D+01
812420181120201812262458442.5-0.4293560000D+02 0.1201440000D+01 0.4198424000D+03 0.0000000000D+00 0.0000000000D+00 0.5498100000D+01 0.4893678000D+01 0.0000000000D+00 0.0000000000D+00 0.1407700000D+01 0.1069510000D+02-0.5468000000D-01 0.1050593000D+03 0.0000000000D+00 0.0000000000D+00 0.5880000000D+00 0.9250820000D+00 0.0000000000D+00 0.0000000000D+00 0.3068400000D+01
812520181226201901312458478.5 0.7890300000D+01-0.1355430000D+01 0.4165290000D+03 0.0000000000D+00 0.0000000000D+00 0.5913800000D+01 0.1362440000D+01 0.0000000000D+00 0.0000000000D+00 0.1451400000D+01 0.2111800000D+01-0.2447100000D+00 0.9688770000D+02 0.0000000000D+00 0.0000000000D+00 0.1784600000D+01 0.3724486000D+01 0.0000000000D+00 0.0000000000D+00 0.4056500000D+01
