 7 5    2   18   22   26   31  4.4880  2.4930  1.5162  0.7217  0.4667 24.0 110.0 100.0 75.0 75.0   35 2451543.5000 2000                                                                                                                                                                                                                                                          
1  219991231200001242451543.4-0.3200000000D-02-0.1600000000D-03 0.5280200000D+01 0.2508100000D+00 0.4804000000D-02 0.3100000000D-02 0.2836564000D+01 0.1178800000D+01 0.5378900000D+01 0.2424400000D+01 0.1610000000D-01-0.1500000000D-03 0.8630300000D+01 0.4052500000D+00 0.7702000000D-02 0.2700000000D-02 0.4542659000D+01 0.2914100000D+01 0.8557000000D+00 0.3616100000D+01
1  320000124200002172451567.4-0.3100000000D-02-0.1600000000D-03 0.5094700000D+01 0.2416000000D+00 0.4615000000D-02 0.2800000000D-02 0.2688596000D+01 0.1034200000D+01 0.5238300000D+01 0.2056300000D+01 0.1620000000D-01-0.1400000000D-03 0.8548700000D+01 0.3997700000D+00 0.7583000000D-02 0.3100000000D-02 0.4411026000D+01 0.2791000000D+01 0.7398000000D+00 0.3107900000D+01
1  420000217200003122451591.4-0.2800000000D-02-0.1500000000D-03 0.4937700000D+01 0.2333400000D+00 0.4442000000D-02 0.2300000000D-02 0.2542702000D+01 0.8957000000D+00 0.5106900000D+01 0.1802000000D+01 0.1620000000D-01-0.1300000000D-03 0.8531100000D+01 0.3972400000D+00 0.7539000000D-02 0.3200000000D-02 0.4283840000D+01 0.2673600000D+01 0.6309000000D+00 0.2649100000D+01
1  520000312200004052451615.4-0.2900000000D-02-0.1400000000D-03 0.4822900000D+01 0.2267100000D+00 0.4304000000D-02 0.2100000000D-02 0.2401010000D+01 0.7655000000D+00 0.4987000000D+01 0.1477000000D+01 0.1660000000D-01-0.1200000000D-03 0.8579400000D+01 0.3981400000D+00 0.7568000000D-02 0.4200000000D-02 0.4160984000D+01 0.2559800000D+01 0.5247000000D+00 0.2476800000D+01
1  620000405200004292451639.4-0.2800000000D-02-0.1300000000D-03 0.4762300000D+01 0.2224900000D+00 0.4211000000D-02 0.2100000000D-02 0.2265639000D+01 0.6436000000D+00 0.4876700000D+01 0.1010500000D+01 0.1680000000D-01-0.1000000000D-03 0.8686600000D+01 0.4023400000D+00 0.7676000000D-02 0.4600000000D-02 0.4041407000D+01 0.2447900000D+01 0.4185000000D+00 0.2153100000D+01
1  720000429200005232451663.4-0.2900000000D-02-0.1200000000D-03 0.4760200000D+01 0.2209600000D+00 0.4180000000D-02 0.1800000000D-02 0.2137600000D+01 0.5306000000D+00 0.4775500000D+01 0.6784000000D+00 0.1740000000D-01-0.1000000000D-03 0.8840800000D+01 0.4093400000D+00 0.7845000000D-02 0.5200000000D-02 0.3923423000D+01 0.2334500000D+01 0.3083000000D+00 0.2011400000D+01
1  820000523200006162451687.4-0.3000000000D-02-0.1000000000D-03 0.4816500000D+01 0.2224500000D+00 0.4213000000D-02 0.2200000000D-02 0.2017573000D+01 0.4237000000D+00 0.4677800000D+01 0.3696000000D+00 0.1820000000D-01-0.1200000000D-03 0.9020300000D+01 0.4182600000D+00 0.8051000000D-02 0.5500000000D-02 0.3805260000D+01 0.2216900000D+01 0.1897000000D+00 0.1841200000D+01
1  920000616200007102451711.4-0.3000000000D-02-0.9000000000D-04 0.4922000000D+01 0.2266800000D+00 0.4312000000D-02 0.2100000000D-02 0.1904126000D+01 0.3196000000D+00 0.4578400000D+01 0.6229400000D+01 0.1900000000D-01-0.1600000000D-03 0.9197800000D+01 0.4275100000D+00 0.8259000000D-02 0.5900000000D-02 0.3685157000D+01 0.2093200000D+01 0.6220000000D-01 0.1661000000D+01
1 1020000710200008032451735.4-0.3100000000D-02-0.7000000000D-04 0.5056200000D+01 0.2331200000D+00 0.4461000000D-02 0.2100000000D-02 0.1794805000D+01 0.2125000000D+00 0.4469200000D+01 0.5901200000D+01 0.2040000000D-01-0.2200000000D-03 0.9341900000D+01 0.4355600000D+00 0.8426000000D-02 0.5800000000D-02 0.3561707000D+01 0.1961800000D+01 0.6206600000D+01 0.1504900000D+01
1 1120000803200008272451759.4-0.3200000000D-02-0.5000000000D-04 0.5190100000D+01 0.2402300000D+00 0.4625000000D-02 0.2500000000D-02 0.1685469000D+01 0.9770000000D-01 0.4346900000D+01 0.5565400000D+01 0.2140000000D-01-0.3000000000D-03 0.9421700000D+01 0.4406100000D+00 0.8519000000D-02 0.5700000000D-02 0.3434358000D+01 0.1823800000D+01 0.6060600000D+01 0.1353100000D+01
1 1220000827200009202451783.4-0.3400000000D-02-0.1000000000D-04 0.5288800000D+01 0.2464800000D+00 0.4766000000D-02 0.2800000000D-02 0.1572332000D+01 0.6255500000D+01 0.4209100000D+01 0.5098900000D+01 0.2260000000D-01-0.4000000000D-03 0.9421000000D+01 0.4417200000D+00 0.8518000000D-02 0.5600000000D-02 0.3302882000D+01 0.1680800000D+01 0.5909100000D+01 0.1127600000D+01
1 1320000920200010142451807.4-0.3600000000D-02 0.3000000000D-04 0.5325000000D+01 0.2499200000D+00 0.4843000000D-02 0.3300000000D-02 0.1451994000D+01 0.6119300000D+01 0.4060200000D+01 0.4865100000D+01 0.2340000000D-01-0.4700000000D-03 0.9337300000D+01 0.4386600000D+00 0.8424000000D-02 0.4500000000D-02 0.3167944000D+01 0.1535700000D+01 0.5757400000D+01 0.9213000000D+00
1 1420001014200011072451831.4-0.3900000000D-02 0.7000000000D-04 0.5285400000D+01 0.2497500000D+00 0.4838000000D-02 0.3900000000D-02 0.1323350000D+01 0.5974500000D+01 0.3903200000D+01 0.4625700000D+01 0.2370000000D-01-0.5200000000D-03 0.9189900000D+01 0.4321700000D+00 0.8263000000D-02 0.4500000000D-02 0.3030548000D+01 0.1391600000D+01 0.5609000000D+01 0.6753000000D+00
1 1520001107200012012451855.4-0.4200000000D-02 0.1200000000D-03 0.5175200000D+01 0.2457000000D+00 0.4751000000D-02 0.4200000000D-02 0.1186322000D+01 0.5824100000D+01 0.3744500000D+01 0.4394800000D+01 0.2380000000D-01-0.5500000000D-03 0.9009600000D+01 0.4236200000D+00 0.8060000000D-02 0.3600000000D-02 0.2892122000D+01 0.1250300000D+01 0.5466200000D+01 0.2112000000D+00
1 1620001201200012252451879.4-0.4500000000D-02 0.1500000000D-03 0.5013200000D+01 0.2386200000D+00 0.4597000000D-02 0.4100000000D-02 0.1042672000D+01 0.5670700000D+01 0.3586300000D+01 0.4276500000D+01 0.2300000000D-01-0.5300000000D-03 0.8827600000D+01 0.4144600000D+00 0.7858000000D-02 0.3200000000D-02 0.2754426000D+01 0.1114400000D+01 0.5331900000D+01 0.6160200000D+01
1 1720001225200101182451903.4-0.4500000000D-02 0.1800000000D-03 0.4823200000D+01 0.2295800000D+00 0.4404000000D-02 0.4200000000D-02 0.8945530000D+00 0.5517900000D+01 0.3433200000D+01 0.4063200000D+01 0.2250000000D-01-0.5000000000D-03 0.8675800000D+01 0.4062500000D+00 0.7675000000D-02 0.3700000000D-02 0.2619212000D+01 0.9841000000D+00 0.5205500000D+01 0.5730000000D+01
2 1819991231200004192451543.4 0.1200000000D-01 0.0000000000D+00 0.6981100000D+01 0.1549000000D-01 0.5700000000D-04 0.6600000000D-02-0.2486079000D+01-0.5113400000D+01-0.2143500000D+01-0.3419000000D+01-0.1420000000D-01 0.0000000000D+00 0.1263460000D+02 0.6710000000D-02 0.8200000000D-04 0.1000000000D-01-0.7502020000D+00-0.3757200000D+01-0.4643000000D+00-0.2100200000D+01
2 1920000419200008072451653.4 0.1240000000D-01-0.3000000000D-04 0.6172600000D+01 0.2810000000D-02 0.5600000000D-04 0.7700000000D-02-0.4812985000D+01-0.5524500000D+01-0.4025200000D+01-0.1978000000D+01-0.9700000000D-02-0.6000000000D-04 0.1280870000D+02 0.1409000000D-01 0.4800000000D-04 0.1450000000D-01-0.2967802000D+01-0.2657200000D+01-0.5521600000D+01-0.6410000000D-01
2 2020000807200011252451763.4 0.1230000000D-01 0.0000000000D+00 0.6850900000D+01 0.1020000000D-01 0.1000000000D-03 0.4800000000D-02-0.7225060000D+00-0.8990000000D-01-0.3340900000D+01-0.2415000000D+00-0.1420000000D-01 0.3000000000D-04 0.1380210000D+02 0.3260000000D-02 0.6100000000D-04 0.1320000000D-01-0.5187360000D+01-0.9866000000D+00-0.1969500000D+01-0.4865100000D+01
2 2120001125200103152451873.4 0.8400000000D-02 0.1000000000D-04 0.6745300000D+01 0.1384000000D-01 0.1800000000D-04 0.4000000000D-02-0.2941882000D+01-0.5616700000D+01-0.3010500000D+01-0.3877300000D+01-0.1580000000D-01 0.0000000000D+00 0.1293770000D+02 0.1276000000D-01 0.8100000000D-04 0.8500000000D-02-0.1161924000D+01-0.4060300000D+01-0.7886000000D+00-0.2869400000D+01
3 2219991231200004092451543.4 0.3480000000D-01 0.4000000000D-04 0.9732300000D+01 0.2114000000D-01 0.7500000000D-04 0.2020000000D-01 0.6216346000D+01 0.3575500000D+01 0.1840000000D+00-0.4196100000D+01 0.4930000000D-01-0.3000000000D-04 0.1759630000D+02 0.9580000000D-02 0.1150000000D-03 0.3240000000D-01 0.1672472000D+01 0.4926900000D+01 0.1896000000D+01-0.2448300000D+01
3 2320000409200007182451643.4 0.3690000000D-01-0.1000000000D-04 0.8633400000D+01 0.5650000000D-02 0.1020000000D-03 0.1910000000D-01 0.6622640000D+00 0.5307600000D+01 0.1393500000D+01-0.2503400000D+01 0.3870000000D-01 0.1200000000D-03 0.1773850000D+02 0.1632000000D-01 0.3300000000D-04 0.3600000000D-01 0.2503192000D+01 0.2743200000D+01 0.2411000000D+00-0.6132000000D+00
3 2420000718200010262451743.4 0.3870000000D-01 0.0000000000D+00 0.9321300000D+01 0.1742000000D-01 0.1200000000D-03 0.2110000000D-01 0.1494642000D+01 0.2052900000D+01 0.5058900000D+01-0.8396000000D+00 0.4720000000D-01 0.7000000000D-04 0.1909850000D+02 0.6740000000D-02 0.1250000000D-03 0.3100000000D-01 0.3333655000D+01 0.2920500000D+01 0.2407000000D+00-0.5408600000D+01
3 2520001026200102032451843.4 0.4940000000D-01-0.1300000000D-03 0.9720600000D+01 0.1182000000D-01 0.4700000000D-04 0.1440000000D-01 0.2363108000D+01 0.5800200000D+01 0.8430000000D-01-0.5742500000D+01 0.4880000000D-01-0.8000000000D-04 0.1850550000D+02 0.1962000000D-01 0.7600000000D-04 0.3100000000D-01 0.4139212000D+01 0.1186100000D+01 0.4457500000D+01-0.3839700000D+01
4 2619991231200003152451543.4-0.4070000000D-01 0.1700000000D-03 0.1589430000D+02 0.3202000000D-01 0.9600000000D-04 0.1380000000D-01 0.1751090000D+01 0.5351100000D+01 0.1875400000D+01 0.1566300000D+01 0.3600000000D-02 0.9500000000D-03 0.2887130000D+02 0.1572000000D-01 0.1900000000D-03 0.1520000000D-01 0.3488541000D+01 0.2898000000D+00 0.3672000000D+01 0.2919800000D+01
4 2720000315200005292451618.4-0.4840000000D-01-0.8000000000D-04 0.1432780000D+02 0.1828000000D-01 0.1970000000D-03 0.1430000000D-01 0.5544839000D+01 0.3253500000D+01 0.6077500000D+01 0.3010400000D+01 0.8790000000D-01-0.8200000000D-03 0.2872790000D+02 0.1629000000D-01 0.8700000000D-04 0.3920000000D-01 0.1076342000D+01 0.1468500000D+01 0.8328000000D+00 0.4540400000D+01
4 2820000529200008122451693.4-0.3570000000D-01 0.6000000000D-04 0.1437310000D+02 0.1609000000D-01 0.8500000000D-04 0.1060000000D-01 0.3090957000D+01 0.3293000000D+01 0.4298100000D+01 0.3684000000D+01 0.4500000000D-02 0.1100000000D-02 0.3029380000D+02 0.2953000000D-01 0.1810000000D-03 0.3330000000D-01 0.4950010000D+01 0.4966200000D+01 0.1914200000D+01 0.6175100000D+01
4 2920000812200010262451768.4-0.6030000000D-01 0.6000000000D-04 0.1570830000D+02 0.2250000000D-01 0.2250000000D-03 0.2310000000D-01 0.7113980000D+00 0.1425900000D+01 0.4313500000D+01 0.5672200000D+01 0.1017000000D+00-0.1210000000D-02 0.3151990000D+02 0.4830000000D-02 0.1790000000D-03 0.3780000000D-01 0.2526654000D+01 0.2770000000D+00 0.5569500000D+01 0.1697600000D+01
4 3020001026200101092451843.4-0.3350000000D-01 0.2000000000D-04 0.1588160000D+02 0.1656000000D-01 0.1160000000D-03 0.1500000000D-01 0.4607484000D+01 0.1578200000D+01 0.2254500000D+01 0.9657000000D+00 0.9200000000D-02 0.1030000000D-02 0.3035820000D+02 0.3012000000D-01 0.9800000000D-04 0.1190000000D-01 0.9901800000D-01 0.3283300000D+01 0.4375000000D+00 0.2424900000D+01
5 3119991231200003152451543.4-0.3450000000D-01-0.2500000000D-03 0.2130550000D+02 0.4187000000D-01 0.1170000000D-03 0.1430000000D-01 0.3405273000D+01 0.7215000000D+00 0.3469800000D+01 0.5391900000D+01 0.5290000000D-01-0.1400000000D-02 0.3862340000D+02 0.2151000000D-01 0.2540000000D-03 0.2320000000D-01 0.5138892000D+01 0.1839700000D+01 0.5186800000D+01 0.1140200000D+01
5 3220000315200005292451618.4-0.1530000000D-01 0.1100000000D-03 0.1920790000D+02 0.2470000000D-01 0.2570000000D-03 0.5800000000D-02 0.6398470000D+00 0.4676000000D+01 0.1186600000D+01 0.7427000000D+00-0.8880000000D-01 0.1630000000D-02 0.3842420000D+02 0.2105000000D-01 0.1250000000D-03 0.7100000000D-02 0.2450373000D+01 0.2771400000D+01 0.2156100000D+01 0.2769700000D+01
5 3320000529200008122451693.4-0.4250000000D-01-0.1200000000D-03 0.1925920000D+02 0.2294000000D-01 0.1080000000D-03 0.1240000000D-01 0.4190133000D+01 0.4349700000D+01 0.5537300000D+01 0.9990000000D+00 0.6320000000D-01-0.1850000000D-02 0.4051740000D+02 0.3903000000D-01 0.2350000000D-03 0.2820000000D-01 0.6044350000D+01 0.6055500000D+01 0.3083500000D+01 0.2688900000D+01
5 3420000812200010262451768.4-0.1400000000D-01 0.3000000000D-04 0.2105860000D+02 0.2897000000D-01 0.2960000000D-03 0.3700000000D-02 0.1533425000D+01 0.2159100000D+01 0.5039400000D+01 0.2778500000D+01-0.8720000000D-01 0.1690000000D-02 0.4212340000D+02 0.6050000000D-02 0.2530000000D-03 0.9800000000D-02 0.3343152000D+01 0.1363100000D+01 0.1113000000D+00 0.4307500000D+01
5 3520001026200101092451843.4-0.5620000000D-01 0.2500000000D-03 0.2130230000D+02 0.2241000000D-01 0.1500000000D-03 0.1530000000D-01 0.5152035000D+01 0.2142900000D+01 0.2782800000D+01 0.2665700000D+01 0.4750000000D-01-0.1600000000D-02 0.4057950000D+02 0.3894000000D-01 0.1170000000D-03 0.2800000000D-01 0.6397930000D+00 0.3828900000D+01 0.9587000000D+00 0.4579600000D+01
