 7 5    2   18   22   26   31  4.4880  2.4930  1.5162  0.7217  0.4667 24.0 110.0 100.0 75.0 75.0   35 2454465.5000 2008                                                                                                                                                                                                                                                          
1  220071231200801242454465.4 0.4500000000D-02-0.1200000000D-03 0.2042900000D+01 0.1021600000D+00 0.2063000000D-02 0.1300000000D-02 0.2960048000D+01 0.1343200000D+01 0.5572500000D+01 0.1091900000D+01-0.1920000000D-01 0.4300000000D-03 0.8549800000D+01 0.3999400000D+00 0.7587000000D-02 0.5700000000D-02 0.6233815000D+01 0.4597300000D+01 0.2532800000D+01 0.4326700000D+01
1  320080124200802172454489.4 0.4400000000D-02-0.1200000000D-03 0.2059000000D+01 0.1050000000D+00 0.2137000000D-02 0.1100000000D-02 0.2760124000D+01 0.1153200000D+01 0.5379600000D+01 0.8121000000D+00-0.1890000000D-01 0.4000000000D-03 0.8405200000D+01 0.3910900000D+00 0.7384000000D-02 0.5200000000D-02 0.6101896000D+01 0.4470700000D+01 0.2413000000D+01 0.4136100000D+01
1  420080217200803122454513.4 0.4300000000D-02-0.1200000000D-03 0.2107400000D+01 0.1081900000D+00 0.2204000000D-02 0.1100000000D-02 0.2548197000D+01 0.9535000000D+00 0.5180900000D+01 0.3341000000D+00-0.1880000000D-01 0.3800000000D-03 0.8312900000D+01 0.3848800000D+00 0.7240000000D-02 0.5400000000D-02 0.5975262000D+01 0.4351200000D+01 0.2301600000D+01 0.3810700000D+01
1  520080312200804052454537.4 0.4000000000D-02-0.1100000000D-03 0.2188300000D+01 0.1117800000D+00 0.2268000000D-02 0.1000000000D-02 0.2337198000D+01 0.7547000000D+00 0.4984800000D+01 0.5985400000D+01-0.1870000000D-01 0.3500000000D-03 0.8280700000D+01 0.3820600000D+00 0.7179000000D-02 0.4500000000D-02 0.5853559000D+01 0.4237800000D+01 0.2195900000D+01 0.3506700000D+01
1  620080405200804292454561.4 0.3700000000D-02-0.9000000000D-04 0.2295400000D+01 0.1156300000D+00 0.2325000000D-02 0.1100000000D-02 0.2137905000D+01 0.5634000000D+00 0.4796100000D+01 0.5572900000D+01-0.1870000000D-01 0.3200000000D-03 0.8312500000D+01 0.3830200000D+00 0.7202000000D-02 0.4500000000D-02 0.5735940000D+01 0.4127800000D+01 0.2092100000D+01 0.3226600000D+01
1  720080429200805232454585.4 0.3400000000D-02-0.7000000000D-04 0.2416400000D+01 0.1192900000D+00 0.2371000000D-02 0.1400000000D-02 0.1956571000D+01 0.3847000000D+00 0.4618600000D+01 0.5137800000D+01-0.1890000000D-01 0.3200000000D-03 0.8401800000D+01 0.3873400000D+00 0.7309000000D-02 0.4300000000D-02 0.5620588000D+01 0.4019100000D+01 0.1987700000D+01 0.2827500000D+01
1  820080523200806162454609.4 0.3100000000D-02-0.4000000000D-04 0.2535000000D+01 0.1223100000D+00 0.2395000000D-02 0.1700000000D-02 0.1796407000D+01 0.2205000000D+00 0.4453000000D+01 0.4780300000D+01-0.1930000000D-01 0.3100000000D-03 0.8538200000D+01 0.3949900000D+00 0.7491000000D-02 0.4100000000D-02 0.5505857000D+01 0.3908400000D+01 0.1877300000D+01 0.2375600000D+01
1  920080616200807102454633.4 0.2900000000D-02-0.1000000000D-04 0.2634300000D+01 0.1239900000D+00 0.2388000000D-02 0.1900000000D-02 0.1657555000D+01 0.7170000000D-01 0.4302100000D+01 0.4612200000D+01-0.1950000000D-01 0.3000000000D-03 0.8701600000D+01 0.4044600000D+00 0.7722000000D-02 0.4700000000D-02 0.5389317000D+01 0.3793100000D+01 0.1759900000D+01 0.2010900000D+01
1 1020080710200808032454657.4 0.2800000000D-02 0.1000000000D-04 0.2698800000D+01 0.1240800000D+00 0.2350000000D-02 0.2200000000D-02 0.1539177000D+01 0.6222500000D+01 0.4166500000D+01 0.4377600000D+01-0.1990000000D-01 0.2900000000D-03 0.8868800000D+01 0.4149600000D+00 0.7975000000D-02 0.5600000000D-02 0.5269399000D+01 0.3670700000D+01 0.1631400000D+01 0.1634100000D+01
1 1120080803200808272454681.4 0.2800000000D-02 0.3000000000D-04 0.2719700000D+01 0.1224900000D+00 0.2285000000D-02 0.2400000000D-02 0.1438324000D+01 0.6106500000D+01 0.4050800000D+01 0.4222500000D+01-0.1970000000D-01 0.2600000000D-03 0.9008600000D+01 0.4242300000D+00 0.8203000000D-02 0.6800000000D-02 0.5144216000D+01 0.3539900000D+01 0.1492800000D+01 0.1354600000D+01
1 1220080827200809202454705.4 0.2800000000D-02 0.4000000000D-04 0.2697800000D+01 0.1199400000D+00 0.2216000000D-02 0.2400000000D-02 0.1350687000D+01 0.6006300000D+01 0.3954600000D+01 0.4099300000D+01-0.1900000000D-01 0.2000000000D-03 0.9093700000D+01 0.4305600000D+00 0.8353000000D-02 0.7500000000D-02 0.5013344000D+01 0.3400700000D+01 0.1344900000D+01 0.1178800000D+01
1 1320080920200810142454729.4 0.3000000000D-02 0.5000000000D-04 0.2644700000D+01 0.1174000000D+00 0.2173000000D-02 0.2500000000D-02 0.1268383000D+01 0.5917700000D+01 0.3874000000D+01 0.3932300000D+01-0.1830000000D-01 0.1200000000D-03 0.9102900000D+01 0.4324500000D+00 0.8399000000D-02 0.8700000000D-02 0.4876996000D+01 0.3255300000D+01 0.1191900000D+01 0.9889000000D+00
1 1420081014200811072454753.4 0.3000000000D-02 0.6000000000D-04 0.2578600000D+01 0.1159300000D+00 0.2172000000D-02 0.2300000000D-02 0.1180932000D+01 0.5830100000D+01 0.3793500000D+01 0.3799300000D+01-0.1670000000D-01 0.2000000000D-04 0.9032300000D+01 0.4291200000D+00 0.8315000000D-02 0.8500000000D-02 0.4736529000D+01 0.3106600000D+01 0.1038800000D+01 0.8418000000D+00
1 1520081107200812012454777.4 0.2900000000D-02 0.7000000000D-04 0.2516800000D+01 0.1159500000D+00 0.2217000000D-02 0.2300000000D-02 0.1077039000D+01 0.5730800000D+01 0.3696900000D+01 0.3628600000D+01-0.1560000000D-01-0.6000000000D-04 0.8895000000D+01 0.4215800000D+00 0.8134000000D-02 0.8400000000D-02 0.4594390000D+01 0.2958900000D+01 0.8898000000D+00 0.6854000000D+00
1 1620081201200812252454801.4 0.2800000000D-02 0.9000000000D-04 0.2473100000D+01 0.1172500000D+00 0.2289000000D-02 0.2000000000D-02 0.9484410000D+00 0.5609500000D+01 0.3575000000D+01 0.3426000000D+01-0.1430000000D-01-0.1400000000D-03 0.8719400000D+01 0.4111500000D+00 0.7889000000D-02 0.7700000000D-02 0.4452707000D+01 0.2815400000D+01 0.7495000000D+00 0.5095000000D+00
1 1720081225200901182454825.4 0.2500000000D-02 0.1100000000D-03 0.2456500000D+01 0.1195200000D+00 0.2370000000D-02 0.1700000000D-02 0.7935440000D+00 0.5463900000D+01 0.3427200000D+01 0.3134100000D+01-0.1330000000D-01-0.2100000000D-03 0.8537300000D+01 0.4001000000D+00 0.7630000000D-02 0.6500000000D-02 0.4313996000D+01 0.2678400000D+01 0.6181000000D+00 0.2749000000D+00
2 1820071231200804192454465.4 0.8600000000D-02-0.4000000000D-04 0.3351800000D+01 0.1016000000D-01 0.2100000000D-04 0.3000000000D-02-0.1383130000D+01-0.3282300000D+01-0.1951300000D+01-0.6014000000D+00-0.1670000000D-01-0.1000000000D-04 0.1243520000D+02 0.1091000000D-01 0.8100000000D-04 0.6500000000D-02-0.4695294000D+01-0.1564300000D+01-0.4330500000D+01-0.4547300000D+01
2 1920080419200808072454575.4 0.5100000000D-02 0.0000000000D+00 0.3406700000D+01 0.1135000000D-01 0.7700000000D-04 0.1600000000D-02-0.3962803000D+01-0.5038200000D+01-0.2152400000D+01-0.7895000000D+00-0.2330000000D-01 0.6000000000D-04 0.1213640000D+02 0.1116000000D-01 0.3500000000D-04 0.7400000000D-02-0.6144530000D+00-0.6218200000D+01-0.1969500000D+01-0.2989500000D+01
2 2020080807200811252454685.4 0.7600000000D-02-0.6000000000D-04 0.3781600000D+01 0.1044000000D-01 0.4000000000D-04 0.3000000000D-02-0.6250679000D+01-0.4513300000D+01-0.1881900000D+01-0.2447700000D+01-0.2060000000D-01 0.0000000000D+00 0.1317000000D+02 0.7500000000D-02 0.9200000000D-04 0.8600000000D-02-0.2816803000D+01-0.3301200000D+01-0.5855500000D+01-0.1471900000D+01
2 2120081125200903152454795.4 0.8100000000D-02-0.5000000000D-04 0.3502300000D+01 0.4120000000D-02 0.5500000000D-04 0.2300000000D-02-0.2007354000D+01-0.4501000000D+01-0.3220000000D+01-0.1909500000D+01-0.1770000000D-01 0.1000000000D-04 0.1284510000D+02 0.1406000000D-01 0.6700000000D-04 0.9400000000D-02-0.5084233000D+01-0.1682000000D+01-0.4460000000D+01-0.5569500000D+01
3 2220071231200804092454465.4-0.3000000000D-03 0.3000000000D-04 0.4712800000D+01 0.1339000000D-01 0.3600000000D-04 0.1220000000D-01 0.5665741000D+01 0.3732500000D+01 0.4888800000D+01-0.4546700000D+01 0.1500000000D-02-0.1400000000D-03 0.1731260000D+02 0.1503000000D-01 0.1090000000D-03 0.3310000000D-01 0.2354161000D+01 0.5426100000D+01 0.2670400000D+01-0.1601900000D+01
3 2320080409200807182454565.4-0.3000000000D-02 0.0000000000D+00 0.4728600000D+01 0.1700000000D-01 0.9800000000D-04 0.1240000000D-01 0.6172711000D+01 0.4982700000D+01 0.1580600000D+01-0.3255100000D+01-0.1280000000D-01 0.0000000000D+00 0.1683390000D+02 0.1215000000D-01 0.5100000000D-04 0.3730000000D-01 0.3203019000D+01 0.3907000000D+01 0.2385300000D+01-0.6099700000D+01
3 2420080718200810262454665.4-0.6900000000D-02 0.0000000000D+00 0.5278800000D+01 0.9060000000D-02 0.4400000000D-04 0.9700000000D-02 0.5947540000D+00 0.2054400000D+01 0.3528900000D+01-0.1261000000D+01-0.1860000000D-01 0.9000000000D-04 0.1808250000D+02 0.1534000000D-01 0.1370000000D-03 0.3800000000D-01 0.4049400000D+01 0.3870200000D+01 0.1091300000D+01-0.4585400000D+01
3 2520081026200902032454765.4 0.4000000000D-02-0.3000000000D-04 0.5053200000D+01 0.8350000000D-02 0.1140000000D-03 0.8300000000D-02 0.1608813000D+01 0.3884700000D+01 0.2342000000D+00-0.1477000000D+00-0.1510000000D-01 0.2000000000D-04 0.1828170000D+02 0.1667000000D-01 0.5200000000D-04 0.3030000000D-01 0.4844594000D+01 0.2087900000D+01 0.6117600000D+01-0.3026900000D+01
4 2620071231200803152454465.4-0.1210000000D-01-0.1700000000D-03 0.7673900000D+01 0.1879000000D-01 0.8700000000D-04 0.6500000000D-02 0.4642305000D+01 0.2671000000D+01 0.3577800000D+01 0.1360400000D+01 0.3310000000D-01 0.9700000000D-03 0.2840910000D+02 0.2513000000D-01 0.1770000000D-03 0.2330000000D-01 0.1341022000D+01 0.4283500000D+01 0.1664500000D+01 0.4411100000D+01
4 2720080315200805292454540.4-0.2120000000D-01 0.2400000000D-03 0.7554300000D+01 0.2834000000D-01 0.9800000000D-04 0.8500000000D-02 0.1995210000D+01 0.6221000000D+00 0.3315200000D+01 0.3222600000D+01 0.9310000000D-01-0.8800000000D-03 0.2751220000D+02 0.1316000000D-01 0.1500000000D-03 0.3140000000D-01 0.5227755000D+01 0.3242000000D+00 0.5035100000D+01 0.2057000000D+00
4 2820080529200808122454615.4-0.1020000000D-01-0.2200000000D-03 0.8241000000D+01 0.1511000000D-01 0.1950000000D-03 0.6900000000D-02 0.5669667000D+01 0.4968700000D+01 0.1387800000D+01 0.4217700000D+01 0.4370000000D-01 0.9800000000D-03 0.2850210000D+02 0.2746000000D-01 0.9700000000D-04 0.2670000000D-01 0.2834631000D+01 0.3083300000D+01 0.6395000000D+00 0.1545400000D+01
4 2920080812200810262454690.4-0.1760000000D-01 0.1300000000D-03 0.8659600000D+01 0.2077000000D-01 0.6600000000D-04 0.6700000000D-02 0.3274887000D+01 0.4990000000D+01 0.7289000000D+00 0.5993400000D+01 0.9580000000D-01-0.9500000000D-03 0.3014840000D+02 0.1628000000D-01 0.2290000000D-03 0.2030000000D-01 0.4158590000D+00 0.6216700000D+01 0.3576600000D+01 0.3257800000D+01
4 3020081026200901092454765.4-0.1550000000D-01-0.1500000000D-03 0.8250800000D+01 0.1529000000D-01 0.2000000000D-03 0.8100000000D-02 0.1013045000D+01 0.3191000000D+01 0.5893200000D+01 0.7281000000D+00 0.5790000000D-01 0.6400000000D-03 0.2998110000D+02 0.2367000000D-01 0.8400000000D-04 0.2900000000D-01 0.4258606000D+01 0.1384800000D+01 0.6002900000D+01 0.3956400000D+01
5 3120071231200803152454465.4-0.1380000000D-01 0.4500000000D-03 0.1020300000D+02 0.2480000000D-01 0.1170000000D-03 0.6700000000D-02 0.2530788000D+01 0.5621000000D+00 0.1408100000D+01 0.4800900000D+01 0.4170000000D-01-0.1490000000D-02 0.3801100000D+02 0.3393000000D-01 0.2380000000D-03 0.2640000000D-01 0.5503749000D+01 0.2144300000D+01 0.5761100000D+01 0.1489600000D+01
5 3220080315200805292454540.4 0.1240000000D-01-0.3300000000D-03 0.1002830000D+02 0.3837000000D-01 0.1330000000D-03 0.5200000000D-02 0.5889040000D+01 0.4506100000D+01 0.9225000000D+00 0.5366400000D+01-0.5010000000D-01 0.1580000000D-02 0.3680980000D+02 0.1644000000D-01 0.2080000000D-03 0.1860000000D-01 0.2830570000D+01 0.4211500000D+01 0.2630900000D+01 0.2411600000D+01
5 3320080529200808122454615.4 0.5000000000D-03 0.3600000000D-03 0.1093570000D+02 0.2022000000D-01 0.2570000000D-03 0.7900000000D-02 0.3000179000D+01 0.2270100000D+01 0.4989000000D+01 0.3832000000D+00 0.4280000000D-01-0.1620000000D-02 0.3813440000D+02 0.3616000000D-01 0.1360000000D-03 0.3060000000D-01 0.1592120000D+00 0.3739000000D+00 0.4322900000D+01 0.3771200000D+01
5 3420080812200810262454690.4 0.7500000000D-02-0.2200000000D-03 0.1148760000D+02 0.2735000000D-01 0.8600000000D-04 0.3300000000D-02 0.3258080000D+00 0.2037500000D+01 0.4015800000D+01 0.1281100000D+01-0.3610000000D-01 0.1390000000D-02 0.4033240000D+02 0.2230000000D-01 0.3030000000D-03 0.9900000000D-02 0.3744111000D+01 0.3213000000D+01 0.5915000000D+00 0.4471700000D+01
5 3520081026200901092454765.4-0.1400000000D-02 0.2900000000D-03 0.1095370000D+02 0.2055000000D-01 0.2720000000D-03 0.5500000000D-02 0.4072013000D+01 0.6237500000D+01 0.2661200000D+01 0.2066600000D+01 0.1510000000D-01-0.1100000000D-02 0.4011580000D+02 0.3153000000D-01 0.1000000000D-03 0.1950000000D-01 0.1026922000D+01 0.4416700000D+01 0.2790900000D+01 0.5288900000D+01
