 5 4    2   25   48   70  3.5516  1.7693  0.8782  0.3765 16.0 16.0 17.0 18.0   90 2453370.5000 2005                                                                                                                                                                                                                                                                              
1  220041231200501162453370.5 0.4883000000D+00 0.8020000000D-02 0.9651940000D+02 0.3298800000D+00 0.2163000000D-02 0.1956000000D+00 0.2138245000D+01 0.1687400000D+01 0.3459900000D+01 0.5595300000D+01-0.1970000000D+00-0.4310000000D-02 0.4358950000D+02 0.1218800000D+00 0.0000000000D+00 0.9210000000D-01 0.5404201000D+01 0.5116700000D+01 0.0000000000D+00 0.2579500000D+01
1  320050116200502012453386.5 0.5708000000D+00 0.6240000000D-02 0.1014068000D+03 0.3296700000D+00 0.2579000000D-02 0.2185000000D+00 0.2397977000D+01 0.2183600000D+01 0.3997700000D+01 0.6300000000D-02-0.2378000000D+00-0.3640000000D-02 0.4546130000D+02 0.1351200000D+00 0.0000000000D+00 0.9890000000D-01 0.5669346000D+01 0.5660700000D+01 0.0000000000D+00 0.3248400000D+01
1  420050201200502172453402.5 0.6181000000D+00 0.5270000000D-02 0.1065205000D+03 0.3247900000D+00 0.3009000000D-02 0.2162000000D+00 0.2670628000D+01 0.2735700000D+01 0.4638900000D+01 0.7998000000D+00-0.2673000000D+00-0.3080000000D-02 0.4764080000D+02 0.1482600000D+00 0.0000000000D+00 0.9540000000D-01 0.5946133000D+01 0.6197800000D+01 0.0000000000D+00 0.4074100000D+01
1  520050217200503052453418.5 0.6403000000D+00 0.3560000000D-02 0.1113973000D+03 0.3161200000D+00 0.3668000000D-02 0.2450000000D+00 0.2956915000D+01 0.3343000000D+01 0.5344300000D+01 0.1614800000D+01-0.2905000000D+00-0.1860000000D-02 0.4998090000D+02 0.1542800000D+00 0.0000000000D+00 0.1106000000D+00 0.6234859000D+01 0.4528000000D+00 0.0000000000D+00 0.4909300000D+01
1  620050305200503212453434.5 0.6463000000D+00 0.9000000000D-04 0.1154338000D+03 0.2989600000D+00 0.4285000000D-02 0.2507000000D+00 0.3255882000D+01 0.4008300000D+01 0.5981800000D+01 0.2311400000D+01-0.3073000000D+00 0.9000000000D-04 0.5219800000D+02 0.1464200000D+00 0.0000000000D+00 0.1160000000D+00 0.2512080000D+00 0.1017700000D+01 0.0000000000D+00 0.5607700000D+01
1  720050321200504062453450.5 0.6222000000D+00-0.3170000000D-02 0.1179896000D+03 0.2773000000D+00 0.4358000000D-02 0.2400000000D+00 0.3564254000D+01 0.4749300000D+01 0.3443000000D+00 0.3184100000D+01-0.3065000000D+00 0.1530000000D-02 0.5391530000D+02 0.1225700000D+00 0.0000000000D+00 0.1144000000D+00 0.5584560000D+00 0.1668200000D+01 0.0000000000D+00 0.1663000000D+00
1  820050406200504222453466.5 0.5565000000D+00-0.4670000000D-02 0.1186212000D+03 0.2643300000D+00 0.4077000000D-02 0.2674000000D+00 0.3876669000D+01 0.5556700000D+01 0.1051100000D+01 0.3971700000D+01-0.2811000000D+00 0.1770000000D-02 0.5479130000D+02 0.9706000000D-01 0.0000000000D+00 0.1231000000D+00 0.8682110000D+00 0.2532900000D+01 0.0000000000D+00 0.9371000000D+00
1  920050422200505082453482.5 0.4633000000D+00-0.6030000000D-02 0.1172250000D+03 0.2676300000D+00 0.3746000000D-02 0.2555000000D+00 0.4186726000D+01 0.8340000000D-01 0.1800700000D+01 0.4678100000D+01-0.2399000000D+00 0.1950000000D-02 0.5463760000D+02 0.9658000000D-01 0.0000000000D+00 0.1173000000D+00 0.1174355000D+01 0.3558200000D+01 0.0000000000D+00 0.1694400000D+01
1 1020050508200505242453498.5 0.3613000000D+00-0.8590000000D-02 0.1141124000D+03 0.2815800000D+00 0.3565000000D-02 0.2482000000D+00 0.4488609000D+01 0.8258000000D+00 0.2480500000D+01 0.5522300000D+01-0.1937000000D+00 0.2980000000D-02 0.5351480000D+02 0.1190300000D+00 0.0000000000D+00 0.1220000000D+00 0.1471644000D+01 0.4383000000D+01 0.0000000000D+00 0.2530800000D+01
1 1120050524200506092453514.5 0.2462000000D+00-0.1076000000D-01 0.1098381000D+03 0.2940400000D+00 0.3179000000D-02 0.2593000000D+00 0.4778391000D+01 0.1490100000D+01 0.3012200000D+01 0.6239300000D+01-0.1414000000D+00 0.4120000000D-02 0.5166840000D+02 0.1414600000D+00 0.0000000000D+00 0.1268000000D+00 0.1756916000D+01 0.4992000000D+01 0.0000000000D+00 0.3196700000D+01
1 1220050609200506252453530.5 0.1104000000D+00-0.1092000000D-01 0.1050358000D+03 0.3070800000D+00 0.2423000000D-02 0.2359000000D+00 0.5054404000D+01 0.2095600000D+01 0.3521000000D+01 0.6525000000D+00-0.7950000000D-01 0.4550000000D-02 0.4941790000D+02 0.1564900000D+00 0.0000000000D+00 0.1120000000D+00 0.2029226000D+01 0.5494700000D+01 0.0000000000D+00 0.3889000000D+01
1 1320050625200507112453546.5-0.3040000000D-01-0.1020000000D-01 0.1002429000D+03 0.3190800000D+00 0.1832000000D-02 0.2330000000D+00 0.5316410000D+01 0.2621700000D+01 0.4071900000D+01 0.1424500000D+01-0.1470000000D-01 0.4600000000D-02 0.4704550000D+02 0.1648400000D+00 0.0000000000D+00 0.1096000000D+00 0.2288888000D+01 0.5928300000D+01 0.0000000000D+00 0.4664600000D+01
1 1420050711200507272453562.5-0.1562000000D+00-0.1012000000D-01 0.9581150000D+02 0.3257400000D+00 0.1473000000D-02 0.2312000000D+00 0.5565785000D+01 0.3085300000D+01 0.4573600000D+01 0.2053600000D+01 0.4430000000D-01 0.4830000000D-02 0.4473290000D+02 0.1685800000D+00 0.0000000000D+00 0.1068000000D+00 0.2537444000D+01 0.2740000000D-01 0.0000000000D+00 0.5297100000D+01
1 1520050727200508122453578.5-0.2659000000D+00-0.9870000000D-02 0.9195860000D+02 0.3275100000D+00 0.1199000000D-02 0.2036000000D+00 0.5804496000D+01 0.3507200000D+01 0.4986400000D+01 0.2716100000D+01 0.9730000000D-01 0.4760000000D-02 0.4257780000D+02 0.1687800000D+00 0.0000000000D+00 0.9350000000D-01 0.2776810000D+01 0.3690000000D+00 0.0000000000D+00 0.5978500000D+01
1 1620050812200508282453594.5-0.3666000000D+00-0.7940000000D-02 0.8878760000D+02 0.3273900000D+00 0.9290000000D-03 0.2006000000D+00 0.6034807000D+01 0.3906500000D+01 0.5402000000D+01 0.3462000000D+01 0.1465000000D+00 0.3810000000D-02 0.4061570000D+02 0.1659800000D+00 0.0000000000D+00 0.9210000000D-01 0.3009091000D+01 0.6828000000D+00 0.0000000000D+00 0.4299000000D+00
1 1720050828200509132453610.5-0.4519000000D+00-0.4740000000D-02 0.8634620000D+02 0.3266200000D+00 0.8720000000D-03 0.2019000000D+00 0.6258698000D+01 0.4282900000D+01 0.5846100000D+01 0.4067600000D+01 0.1876000000D+00 0.2310000000D-02 0.3885140000D+02 0.1607000000D+00 0.0000000000D+00 0.8920000000D-01 0.3236239000D+01 0.9774000000D+00 0.0000000000D+00 0.1027800000D+01
1 1820050913200509292453626.5-0.5048000000D+00-0.2030000000D-02 0.8463830000D+02 0.3237600000D+00 0.7690000000D-03 0.1776000000D+00 0.1947310000D+00 0.4655300000D+01 0.6194600000D+01 0.4721900000D+01 0.2130000000D+00 0.1060000000D-02 0.3727740000D+02 0.1526900000D+00 0.0000000000D+00 0.7590000000D-01 0.3459881000D+01 0.1257700000D+01 0.0000000000D+00 0.1713900000D+01
1 1920050929200510152453642.5-0.5197000000D+00-0.9000000000D-04 0.8368250000D+02 0.3226800000D+00 0.7440000000D-03 0.1760000000D+00 0.4111690000D+00 0.5019300000D+01 0.3481000000D+00 0.5487500000D+01 0.2208000000D+00 0.1600000000D-03 0.3588810000D+02 0.1427300000D+00 0.0000000000D+00 0.7470000000D-01 0.3681815000D+01 0.1526400000D+01 0.0000000000D+00 0.2485200000D+01
1 2020051015200510312453658.5-0.5060000000D+00 0.2350000000D-02 0.8348430000D+02 0.3228200000D+00 0.8410000000D-03 0.1782000000D+00 0.6264200000D+00 0.5375300000D+01 0.7286000000D+00 0.6130600000D+01 0.2161000000D+00-0.9200000000D-03 0.3467480000D+02 0.1311900000D+00 0.0000000000D+00 0.7250000000D-01 0.3903634000D+01 0.1788800000D+01 0.0000000000D+00 0.3124000000D+01
1 2120051031200511162453674.5-0.4704000000D+00 0.5790000000D-02 0.8404700000D+02 0.3237100000D+00 0.1052000000D-02 0.1585000000D+00 0.8420980000D+00 0.5727100000D+01 0.1001600000D+01 0.5455000000D+00 0.2020000000D+00-0.2270000000D-02 0.3363250000D+02 0.1181000000D+00 0.0000000000D+00 0.6230000000D-01 0.4126915000D+01 0.2052900000D+01 0.0000000000D+00 0.3847200000D+01
1 2220051116200512022453690.5-0.4047000000D+00 0.8830000000D-02 0.8535680000D+02 0.3243900000D+00 0.1192000000D-02 0.1627000000D+00 0.1059691000D+01 0.6090400000D+01 0.1179200000D+01 0.1348000000D+01 0.1763000000D+00-0.3280000000D-02 0.3275930000D+02 0.1030800000D+00 0.0000000000D+00 0.6200000000D-01 0.4353182000D+01 0.2332200000D+01 0.0000000000D+00 0.4633000000D+01
1 2320051202200512182453706.5-0.3025000000D+00 0.1023000000D-01 0.8741830000D+02 0.3292200000D+00 0.1225000000D-02 0.1675000000D+00 0.1280765000D+01 0.1889000000D+00 0.1540600000D+01 0.1997400000D+01 0.1387000000D+00-0.3640000000D-02 0.3206850000D+02 0.8553000000D-01 0.0000000000D+00 0.5840000000D-01 0.4583779000D+01 0.2651200000D+01 0.0000000000D+00 0.5282900000D+01
1 2420051218200601032453722.5-0.1751000000D+00 0.1087000000D-01 0.9025470000D+02 0.3351300000D+00 0.1300000000D-02 0.1508000000D+00 0.1506923000D+01 0.5842000000D+00 0.1970700000D+01 0.2767200000D+01 0.9540000000D-01-0.3780000000D-02 0.3159630000D+02 0.6643000000D-01 0.0000000000D+00 0.5000000000D-01 0.4820209000D+01 0.3055100000D+01 0.0000000000D+00 0.6121700000D+01
2 2520041231200501162453370.5-0.2024700000D+01-0.1520000000D-01 0.1537675000D+03 0.5269300000D+00 0.3516000000D-02 0.7941000000D+00 0.5413030000D+00 0.6500000000D-01 0.1842400000D+01 0.5323100000D+01 0.8531000000D+00 0.7760000000D-02 0.6884390000D+02 0.1935500000D+00 0.0000000000D+00 0.3584000000D+00 0.3786210000D+01 0.3473700000D+01 0.0000000000D+00 0.2302200000D+01
2 2620050116200502012453386.5-0.2324400000D+01-0.9460000000D-02 0.1615372000D+03 0.5236200000D+00 0.4232000000D-02 0.8247000000D+00 0.3698792000D+01 0.3447600000D+01 0.5254200000D+01 0.5571600000D+01 0.1000400000D+01 0.5070000000D-02 0.7181890000D+02 0.2133900000D+00 0.0000000000D+00 0.3619000000D+00 0.6654790000D+00 0.6283000000D+00 0.0000000000D+00 0.2528900000D+01
2 2720050201200502172453402.5-0.2532200000D+01-0.2490000000D-02 0.1697014000D+03 0.5022700000D+00 0.4794000000D-02 0.8482000000D+00 0.5857060000D+00 0.6248000000D+00 0.2381400000D+01 0.5829800000D+01 0.1111700000D+01 0.3080000000D-02 0.7526560000D+02 0.2337800000D+00 0.0000000000D+00 0.3815000000D+00 0.3839518000D+01 0.4077300000D+01 0.0000000000D+00 0.2813800000D+01
2 2820050217200503052453418.5-0.2636800000D+01 0.5150000000D-02 0.1773902000D+03 0.4944700000D+00 0.6557000000D-02 0.8727000000D+00 0.3770451000D+01 0.4098000000D+01 0.6006300000D+01 0.6103800000D+01 0.1180800000D+01-0.4600000000D-03 0.7893190000D+02 0.2437700000D+00 0.0000000000D+00 0.3870000000D+00 0.7434180000D+00 0.1221700000D+01 0.0000000000D+00 0.3064500000D+01
2 2920050305200503212453434.5-0.2611000000D+01 0.1099000000D-01 0.1838757000D+03 0.4771200000D+00 0.6500000000D-02 0.8784000000D+00 0.6839750000D+00 0.1449100000D+01 0.3440000000D+01 0.1161000000D+00 0.1217600000D+01-0.3120000000D-02 0.8244580000D+02 0.2301400000D+00 0.0000000000D+00 0.3930000000D+00 0.3941363000D+01 0.4711600000D+01 0.0000000000D+00 0.3388200000D+01
2 3020050321200504062453450.5-0.2474300000D+01 0.1690000000D-01 0.1879186000D+03 0.4398000000D+00 0.7330000000D-02 0.8663000000D+00 0.3891746000D+01 0.5057800000D+01 0.5579000000D+00 0.4144000000D+00 0.1172600000D+01-0.5570000000D-02 0.8513710000D+02 0.1972100000D+00 0.0000000000D+00 0.3973000000D+00 0.8647900000D+00 0.1992300000D+01 0.0000000000D+00 0.3647800000D+01
2 3120050406200504222453466.5-0.2236800000D+01 0.2297000000D-01 0.1890280000D+03 0.4496200000D+00 0.6390000000D-02 0.8482000000D+00 0.8203940000D+00 0.2516100000D+01 0.4362700000D+01 0.7273000000D+00 0.1113000000D+01-0.9950000000D-02 0.8652640000D+02 0.1647200000D+00 0.0000000000D+00 0.3835000000D+00 0.4074419000D+01 0.5761900000D+01 0.0000000000D+00 0.4003800000D+01
2 3220050422200505082453482.5-0.1883300000D+01 0.2568000000D-01 0.1867086000D+03 0.4370300000D+00 0.6254000000D-02 0.8062000000D+00 0.4031316000D+01 0.6157100000D+01 0.1503200000D+01 0.1038700000D+01 0.9605000000D+00-0.1071000000D-01 0.8621500000D+02 0.1624400000D+00 0.0000000000D+00 0.3771000000D+00 0.9981760000D+00 0.3311500000D+01 0.0000000000D+00 0.4257400000D+01
2 3320050508200505242453498.5-0.1461200000D+01 0.2848000000D-01 0.1818215000D+03 0.4718200000D+00 0.6284000000D-02 0.7634000000D+00 0.9514120000D+00 0.3499800000D+01 0.5277000000D+01 0.1351000000D+01 0.7820000000D+00-0.1360000000D-01 0.8443310000D+02 0.1905300000D+00 0.0000000000D+00 0.3508000000D+00 0.4197316000D+01 0.7569000000D+00 0.0000000000D+00 0.4619500000D+01
2 3420050524200506092453514.5-0.9860000000D+00 0.3001000000D-01 0.1749693000D+03 0.4676300000D+00 0.4381000000D-02 0.7251000000D+00 0.4143505000D+01 0.8023000000D+00 0.2318800000D+01 0.1653900000D+01 0.5668000000D+00-0.1393000000D-01 0.8149610000D+02 0.2184600000D+00 0.0000000000D+00 0.3394000000D+00 0.1101479000D+01 0.4271900000D+01 0.0000000000D+00 0.4873600000D+01
2 3520050609200506252453530.5-0.4750000000D+00 0.2890000000D-01 0.1673904000D+03 0.4967300000D+00 0.3877000000D-02 0.6778000000D+00 0.1038764000D+01 0.4293100000D+01 0.5980600000D+01 0.1946000000D+01 0.3225000000D+00-0.1405000000D-01 0.7798540000D+02 0.2413300000D+00 0.0000000000D+00 0.3139000000D+00 0.4276274000D+01 0.1408000000D+01 0.0000000000D+00 0.5192000000D+01
2 3620050625200507112453546.5 0.3850000000D-01 0.2624000000D-01 0.1597164000D+03 0.4959200000D+00 0.2935000000D-02 0.6455000000D+00 0.4203205000D+01 0.1432500000D+01 0.2997300000D+01 0.2229000000D+01 0.8340000000D-01-0.1270000000D-01 0.7427420000D+02 0.2515800000D+00 0.0000000000D+00 0.3007000000D+00 0.1154958000D+01 0.4741100000D+01 0.0000000000D+00 0.5454300000D+01
2 3720050711200507272453562.5 0.5150000000D+00 0.2354000000D-01 0.1526533000D+03 0.5046200000D+00 0.2945000000D-02 0.6167000000D+00 0.1072439000D+01 0.4802500000D+01 0.1601000000D+00 0.2502500000D+01-0.1518000000D+00-0.1139000000D-01 0.7066520000D+02 0.2573700000D+00 0.0000000000D+00 0.2835000000D+00 0.4306251000D+01 0.1761100000D+01 0.0000000000D+00 0.5740400000D+01
2 3820050727200508122453578.5 0.9413000000D+00 0.1946000000D-01 0.1464833000D+03 0.5016900000D+00 0.2416000000D-02 0.5933000000D+00 0.4213892000D+01 0.1856100000D+01 0.3482000000D+01 0.2759000000D+01-0.3520000000D+00-0.9470000000D-02 0.6730540000D+02 0.2563300000D+00 0.0000000000D+00 0.2725000000D+00 0.1164638000D+01 0.5012300000D+01 0.0000000000D+00 0.5989100000D+01
2 3920050812200508282453594.5 0.1305700000D+01 0.1324000000D-01 0.1413637000D+03 0.5066900000D+00 0.1456000000D-02 0.5823000000D+00 0.1064056000D+01 0.5197900000D+01 0.7637000000D+00 0.3012700000D+01-0.5296000000D+00-0.6310000000D-02 0.6424140000D+02 0.2523300000D+00 0.0000000000D+00 0.2619000000D+00 0.4299180000D+01 0.1963700000D+01 0.0000000000D+00 0.6247800000D+01
2 4020050828200509132453610.5 0.1570200000D+01 0.7560000000D-02 0.1374661000D+03 0.4932300000D+00 0.1601000000D-02 0.5760000000D+00 0.4189687000D+01 0.2184900000D+01 0.3653500000D+01 0.3255300000D+01-0.6549000000D+00-0.3580000000D-02 0.6152000000D+02 0.2447800000D+00 0.0000000000D+00 0.2561000000D+00 0.1144528000D+01 0.5158900000D+01 0.0000000000D+00 0.2096000000D+00
2 4120050913200509292453626.5 0.1726600000D+01 0.1880000000D-02 0.1347126000D+03 0.5037900000D+00 0.1333000000D-02 0.5757000000D+00 0.1028027000D+01 0.5475900000D+01 0.1084700000D+01 0.3485300000D+01-0.7288000000D+00-0.7400000000D-03 0.5908490000D+02 0.2344500000D+00 0.0000000000D+00 0.2478000000D+00 0.4269614000D+01 0.2069600000D+01 0.0000000000D+00 0.4462000000D+00
2 4220050929200510152453642.5 0.1779500000D+01-0.4860000000D-02 0.1332053000D+03 0.4907000000D+00 0.1989000000D-02 0.5870000000D+00 0.4145432000D+01 0.2435900000D+01 0.3794400000D+01 0.3716300000D+01-0.7528000000D+00 0.2080000000D-02 0.5696060000D+02 0.2218400000D+00 0.0000000000D+00 0.2485000000D+00 0.1109038000D+01 0.5240800000D+01 0.0000000000D+00 0.6777000000D+00
2 4320051015200510312453658.5 0.1715100000D+01-0.1111000000D-01 0.1327910000D+03 0.5095300000D+00 0.1222000000D-02 0.5992000000D+00 0.9787650000D+00 0.5731000000D+01 0.1320400000D+01 0.3929500000D+01-0.7250000000D+00 0.4830000000D-02 0.5508730000D+02 0.2053600000D+00 0.0000000000D+00 0.2421000000D+00 0.4231118000D+01 0.2134900000D+01 0.0000000000D+00 0.9048000000D+00
2 4420051031200511162453674.5 0.1531600000D+01-0.1642000000D-01 0.1336594000D+03 0.4978500000D+00 0.1542000000D-02 0.6208000000D+00 0.4094245000D+01 0.2703700000D+01 0.3697900000D+01 0.4147600000D+01-0.6495000000D+00 0.6520000000D-02 0.5350830000D+02 0.1874900000D+00 0.0000000000D+00 0.2442000000D+00 0.1070723000D+01 0.5301900000D+01 0.0000000000D+00 0.1123400000D+01
2 4520051116200512022453690.5 0.1248500000D+01-0.2181000000D-01 0.1356815000D+03 0.5255300000D+00 0.1661000000D-02 0.6485000000D+00 0.9286990000D+00 0.5965700000D+01 0.1420800000D+01 0.4365300000D+01-0.5369000000D+00 0.8330000000D-02 0.5218310000D+02 0.1642200000D+00 0.0000000000D+00 0.2424000000D+00 0.4195772000D+01 0.2208900000D+01 0.0000000000D+00 0.1364100000D+01
2 4620051202200512182453706.5 0.8698000000D+00-0.2584000000D-01 0.1389754000D+03 0.5255400000D+00 0.1933000000D-02 0.6791000000D+00 0.4048670000D+01 0.2948200000D+01 0.4286700000D+01 0.4573500000D+01-0.3963000000D+00 0.8930000000D-02 0.5117250000D+02 0.1393800000D+00 0.0000000000D+00 0.2447000000D+00 0.1041518000D+01 0.5427100000D+01 0.0000000000D+00 0.1558900000D+01
2 4720051218200601032453722.5 0.4103000000D+00-0.2820000000D-01 0.1434509000D+03 0.5422000000D+00 0.2322000000D-02 0.7162000000D+00 0.8901760000D+00 0.6232200000D+01 0.1509400000D+01 0.4794100000D+01-0.2369000000D+00 0.9410000000D-02 0.5049290000D+02 0.1099100000D+00 0.0000000000D+00 0.2471000000D+00 0.4175500000D+01 0.2451000000D+01 0.0000000000D+00 0.1818400000D+01
3 4820041231200501172453370.5-0.3438000000D+00 0.0000000000D+00 0.2448151000D+03 0.8553100000D+00 0.6188000000D-02 0.2014000000D+00 0.1309186000D+01 0.7906000000D+00 0.2592400000D+01 0.1353000000D+00 0.1869000000D+00-0.1330000000D-02 0.1109908000D+03 0.3146400000D+00 0.0000000000D+00 0.1083000000D+00 0.4568683000D+01 0.4239100000D+01 0.0000000000D+00 0.3550100000D+01
3 4920050117200502032453387.5-0.4064000000D+00-0.4270000000D-02 0.2579844000D+03 0.8464600000D+00 0.7216000000D-02 0.2487000000D+00 0.3650980000D+01 0.3385100000D+01 0.5264400000D+01 0.4834700000D+01 0.1819000000D+00 0.3090000000D-02 0.1161206000D+03 0.3439600000D+00 0.0000000000D+00 0.1259000000D+00 0.6331500000D+00 0.5941000000D+00 0.0000000000D+00 0.1638700000D+01
3 5020050203200502202453404.5-0.4902000000D+00 0.6620000000D-02 0.2717206000D+03 0.8242200000D+00 0.8848000000D-02 0.2585000000D+00 0.6007752000D+01 0.6040500000D+01 0.1739000000D+01 0.3259100000D+01 0.2276000000D+00-0.3640000000D-02 0.1220588000D+03 0.3752900000D+00 0.0000000000D+00 0.9310000000D-01 0.2994404000D+01 0.3229000000D+01 0.0000000000D+00 0.1693000000D+00
3 5120050220200503092453421.5-0.3693000000D+00-0.2060000000D-02 0.2846692000D+03 0.7549800000D+00 0.1032800000D-01 0.3016000000D+00 0.2097394000D+01 0.2480600000D+01 0.4323200000D+01 0.1574700000D+01 0.1875000000D+00 0.1070000000D-02 0.1283510000D+03 0.3851200000D+00 0.0000000000D+00 0.1357000000D+00 0.5369516000D+01 0.5876900000D+01 0.0000000000D+00 0.5024200000D+01
3 5220050309200503262453438.5-0.4707000000D+00-0.6820000000D-02 0.2947828000D+03 0.7216700000D+00 0.1107200000D-01 0.3655000000D+00 0.4484543000D+01 0.5316700000D+01 0.9192000000D+00 0.1164000000D+00 0.1933000000D+00 0.2620000000D-02 0.1341377000D+03 0.3532300000D+00 0.0000000000D+00 0.1948000000D+00 0.1473793000D+01 0.2301900000D+01 0.0000000000D+00 0.3381500000D+01
3 5320050326200504122453455.5-0.5883000000D+00 0.8200000000D-02 0.3002942000D+03 0.7103600000D+00 0.1136200000D-01 0.3600000000D+00 0.5987640000D+00 0.1934400000D+01 0.3788500000D+01 0.4923000000D+01 0.2990000000D+00-0.2860000000D-02 0.1382390000D+03 0.2983700000D+00 0.0000000000D+00 0.1562000000D+00 0.3869208000D+01 0.5160400000D+01 0.0000000000D+00 0.1744200000D+01
3 5420050412200504292453472.5-0.4384000000D+00-0.3100000000D-02 0.3001942000D+03 0.7112100000D+00 0.8920000000D-02 0.3901000000D+00 0.3000304000D+01 0.4889000000D+01 0.3487000000D+00 0.3363500000D+01 0.1673000000D+00 0.9800000000D-03 0.1397050000D+03 0.2655500000D+00 0.0000000000D+00 0.1739000000D+00 0.6266971000D+01 0.1931300000D+01 0.0000000000D+00 0.4522000000D+00
3 5520050429200505162453489.5-0.5404000000D+00-0.7020000000D-02 0.2942644000D+03 0.7160600000D+00 0.9211000000D-02 0.4192000000D+00 0.5398097000D+01 0.1440500000D+01 0.3078900000D+01 0.1933700000D+01 0.2732000000D+00 0.2970000000D-02 0.1381178000D+03 0.2873300000D+00 0.0000000000D+00 0.2202000000D+00 0.2377149000D+01 0.4962600000D+01 0.0000000000D+00 0.5136800000D+01
3 5620050516200506022453506.5-0.6460000000D+00 0.6780000000D-02 0.2842290000D+03 0.7480900000D+00 0.8137000000D-02 0.3827000000D+00 0.1502200000D+01 0.4241800000D+01 0.5872100000D+01 0.4477000000D+00 0.2703000000D+00-0.2080000000D-02 0.1339847000D+03 0.3355400000D+00 0.0000000000D+00 0.1595000000D+00 0.4759820000D+01 0.1495300000D+01 0.0000000000D+00 0.3604300000D+01
3 5720050602200506192453523.5-0.5093000000D+00-0.4040000000D-02 0.2718725000D+03 0.7939700000D+00 0.7200000000D-02 0.3800000000D+00 0.3875269000D+01 0.6819000000D+00 0.2505400000D+01 0.5153700000D+01 0.2460000000D+00 0.8200000000D-03 0.1282711000D+03 0.3733900000D+00 0.0000000000D+00 0.1697000000D+00 0.8453760000D+00 0.4147600000D+01 0.0000000000D+00 0.2237600000D+01
3 5820050619200507062453540.5-0.6195000000D+00-0.6150000000D-02 0.2587478000D+03 0.7828000000D+00 0.5135000000D-02 0.3824000000D+00 0.6233220000D+01 0.3356400000D+01 0.4965700000D+01 0.3679500000D+01 0.2743000000D+00 0.3750000000D-02 0.1219376000D+03 0.3966100000D+00 0.0000000000D+00 0.1952000000D+00 0.3199857000D+01 0.4240000000D+00 0.0000000000D+00 0.6443000000D+00
3 5920050706200507232453557.5-0.6946000000D+00 0.4350000000D-02 0.2464280000D+03 0.7989500000D+00 0.4599000000D-02 0.3353000000D+00 0.2293237000D+01 0.5947600000D+01 0.1390600000D+01 0.2160300000D+01 0.3137000000D+00-0.2270000000D-02 0.1156400000D+03 0.4093200000D+00 0.0000000000D+00 0.1543000000D+00 0.5541583000D+01 0.2929200000D+01 0.0000000000D+00 0.5341000000D+01
3 6020050723200508092453574.5-0.5964000000D+00-0.4290000000D-02 0.2355631000D+03 0.7961700000D+00 0.4617000000D-02 0.3272000000D+00 0.4623430000D+01 0.2199400000D+01 0.3917200000D+01 0.5288000000D+00 0.2775000000D+00 0.1830000000D-02 0.1097056000D+03 0.4108800000D+00 0.0000000000D+00 0.1461000000D+00 0.1589022000D+01 0.5391000000D+01 0.0000000000D+00 0.3810400000D+01
3 6120050809200508262453591.5-0.7068000000D+00-0.4240000000D-02 0.2265333000D+03 0.7881100000D+00 0.2930000000D-02 0.3253000000D+00 0.6602570000D+00 0.4741400000D+01 0.7710000000D-01 0.5307100000D+01 0.3112000000D+00 0.2130000000D-02 0.1042949000D+03 0.4044600000D+00 0.0000000000D+00 0.1512000000D+00 0.3910797000D+01 0.1536900000D+01 0.0000000000D+00 0.2274700000D+01
3 6220050826200509122453608.5-0.7442000000D+00 0.4760000000D-02 0.2196520000D+03 0.7907300000D+00 0.3128000000D-02 0.2852000000D+00 0.2971947000D+01 0.9412000000D+00 0.2619000000D+01 0.3765400000D+01 0.3407000000D+00-0.2330000000D-02 0.9946360000D+02 0.3924900000D+00 0.0000000000D+00 0.1264000000D+00 0.6225828000D+01 0.3938700000D+01 0.0000000000D+00 0.7154000000D+00
3 6320050912200509292453625.5-0.6440000000D+00-0.4580000000D-02 0.2148587000D+03 0.7793900000D+00 0.2763000000D-02 0.2726000000D+00 0.5277282000D+01 0.3420300000D+01 0.4826500000D+01 0.2094400000D+01 0.2833000000D+00 0.1660000000D-02 0.9520170000D+02 0.3746900000D+00 0.0000000000D+00 0.1176000000D+00 0.2252685000D+01 0.3170000000D-01 0.0000000000D+00 0.5383900000D+01
3 6420050929200510162453642.5-0.7510000000D+00-0.7800000000D-03 0.2122192000D+03 0.7865000000D+00 0.2088000000D-02 0.2785000000D+00 0.1295580000D+01 0.5895900000D+01 0.8979000000D+00 0.5754000000D+00 0.3274000000D+00 0.2100000000D-03 0.9148570000D+02 0.3544000000D+00 0.0000000000D+00 0.1217000000D+00 0.4560067000D+01 0.2393700000D+01 0.0000000000D+00 0.3855500000D+01
3 6520051016200511022453659.5-0.7241000000D+00 0.5760000000D-02 0.2117625000D+03 0.7967900000D+00 0.2847000000D-02 0.2418000000D+00 0.3594755000D+01 0.2054900000D+01 0.3426900000D+01 0.5288800000D+01 0.3148000000D+00-0.2550000000D-02 0.8825800000D+02 0.3279400000D+00 0.0000000000D+00 0.9740000000D-01 0.5832870000D+00 0.4752100000D+01 0.0000000000D+00 0.2216300000D+01
3 6620051102200511192453676.5-0.6121000000D+00-0.4600000000D-02 0.2133624000D+03 0.8161300000D+00 0.2067000000D-02 0.2343000000D+00 0.5893579000D+01 0.4528000000D+01 0.5809200000D+01 0.3606900000D+01 0.2541000000D+00 0.1130000000D-02 0.8549680000D+02 0.2960200000D+00 0.0000000000D+00 0.8790000000D-01 0.2890515000D+01 0.8357000000D+00 0.0000000000D+00 0.6425000000D+00
3 6720051119200512062453693.5-0.7087000000D+00 0.1960000000D-02 0.2172140000D+03 0.8337600000D+00 0.2200000000D-02 0.2395000000D+00 0.1910581000D+01 0.6988000000D+00 0.1885800000D+01 0.2071100000D+01 0.2947000000D+00-0.9000000000D-03 0.8325120000D+02 0.2569600000D+00 0.0000000000D+00 0.9420000000D-01 0.5200067000D+01 0.3212800000D+01 0.0000000000D+00 0.5325800000D+01
3 6820051206200512232453710.5-0.6230000000D+00 0.6370000000D-02 0.2232785000D+03 0.8471000000D+00 0.3416000000D-02 0.2006000000D+00 0.4214077000D+01 0.3148200000D+01 0.4360000000D+01 0.4965000000D+00 0.2513000000D+00-0.2270000000D-02 0.8156920000D+02 0.2111100000D+00 0.0000000000D+00 0.5920000000D-01 0.1230695000D+01 0.5630700000D+01 0.0000000000D+00 0.3785800000D+01
3 6920051223200601092453727.5-0.5059000000D+00-0.5420000000D-02 0.2314623000D+03 0.8930400000D+00 0.3185000000D-02 0.1954000000D+00 0.2401930000D+00 0.5629200000D+01 0.9507000000D+00 0.5026300000D+01 0.1977000000D+00 0.9900000000D-03 0.8053350000D+02 0.1677000000D+00 0.0000000000D+00 0.6970000000D-01 0.3551259000D+01 0.1885400000D+01 0.0000000000D+00 0.2230900000D+01
4 7020041231200501182453370.5-0.1365900000D+01-0.2951000000D-01 0.4309765000D+03 0.1535280000D+01 0.0000000000D+00 0.2070600000D+01 0.3185690000D+00 0.6199300000D+01 0.0000000000D+00 0.4042700000D+01 0.4150000000D+00 0.6940000000D-02 0.1928105000D+03 0.5803600000D+00 0.0000000000D+00 0.9206000000D+00 0.3580841000D+01 0.3207700000D+01 0.0000000000D+00 0.1032900000D+01
4 7120050118200502052453388.5-0.6813000000D+00-0.1286900000D+00 0.4549859000D+03 0.1554600000D+01 0.0000000000D+00 0.2221900000D+01 0.7888010000D+00 0.6971000000D+00 0.0000000000D+00 0.5012000000D+01 0.1290000000D+00 0.4519000000D-01 0.2019269000D+03 0.6571600000D+00 0.0000000000D+00 0.9848000000D+00 0.4057215000D+01 0.4010300000D+01 0.0000000000D+00 0.2007200000D+01
4 7220050205200502232453406.5-0.6109000000D+00-0.1853500000D+00 0.4805213000D+03 0.1529660000D+01 0.0000000000D+00 0.2405700000D+01 0.1276630000D+01 0.1509100000D+01 0.0000000000D+00 0.5991400000D+01 0.4950000000D-01 0.7226000000D-01 0.2128213000D+03 0.7268300000D+00 0.0000000000D+00 0.1071200000D+01 0.4549307000D+01 0.4776800000D+01 0.0000000000D+00 0.2988300000D+01
4 7320050223200503132453424.5-0.2235200000D+01-0.4502000000D-01 0.5052253000D+03 0.1362340000D+01 0.0000000000D+00 0.2471600000D+01 0.1780683000D+01 0.2469200000D+01 0.0000000000D+00 0.7292000000D+00 0.7085000000D+00 0.1634000000D-01 0.2247587000D+03 0.7008200000D+00 0.0000000000D+00 0.1111800000D+01 0.5055205000D+01 0.5615900000D+01 0.0000000000D+00 0.4005300000D+01
4 7420050313200503312453442.5-0.3757200000D+01 0.1494900000D+00 0.5233053000D+03 0.1350180000D+01 0.0000000000D+00 0.2572700000D+01 0.2300097000D+01 0.3567700000D+01 0.0000000000D+00 0.1767400000D+01 0.1402700000D+01-0.7105000000D-01 0.2351044000D+03 0.6494400000D+00 0.0000000000D+00 0.1166200000D+01 0.5573917000D+01 0.2969000000D+00 0.0000000000D+00 0.5035800000D+01
4 7520050331200504182453460.5-0.3886100000D+01 0.2407700000D+00 0.5309231000D+03 0.1426990000D+01 0.0000000000D+00 0.2650200000D+01 0.2831708000D+01 0.4596600000D+01 0.0000000000D+00 0.2803500000D+01 0.1507600000D+01-0.1163400000D+00 0.2414497000D+03 0.5933200000D+00 0.0000000000D+00 0.1209200000D+01 0.6102493000D+01 0.1335000000D+01 0.0000000000D+00 0.6067200000D+01
4 7620050418200505062453478.5-0.1972700000D+01 0.1005000000D+00 0.5274573000D+03 0.1366530000D+01 0.0000000000D+00 0.2532300000D+01 0.3368206000D+01 0.5622800000D+01 0.0000000000D+00 0.3839500000D+01 0.6529000000D+00-0.5152000000D-01 0.2425841000D+03 0.5196100000D+00 0.0000000000D+00 0.1162700000D+01 0.3511520000D+00 0.2506100000D+01 0.0000000000D+00 0.8207000000D+00
4 7720050506200505242453496.5-0.2228000000D+00-0.7466000000D-01 0.5138179000D+03 0.1413030000D+01 0.0000000000D+00 0.2434200000D+01 0.3896572000D+01 0.3523000000D+00 0.0000000000D+00 0.4874000000D+01-0.1481000000D+00 0.3165000000D-01 0.2381690000D+03 0.5852400000D+00 0.0000000000D+00 0.1129400000D+01 0.8742060000D+00 0.3654600000D+01 0.0000000000D+00 0.1854200000D+01
4 7820050524200506112453514.5 0.2409000000D+00-0.1563900000D+00 0.4926482000D+03 0.1500310000D+01 0.0000000000D+00 0.2352800000D+01 0.4409889000D+01 0.1224000000D+01 0.0000000000D+00 0.5882000000D+01-0.3320000000D+00 0.6848000000D-01 0.2292227000D+03 0.6863600000D+00 0.0000000000D+00 0.1097000000D+01 0.1382668000D+01 0.4529900000D+01 0.0000000000D+00 0.2856200000D+01
4 7920050611200506292453532.5-0.5493000000D+00-0.8868000000D-01 0.4676401000D+03 0.1463200000D+01 0.0000000000D+00 0.2157600000D+01 0.4906726000D+01 0.2003400000D+01 0.0000000000D+00 0.5708000000D+00 0.5040000000D-01 0.3637000000D-01 0.2176683000D+03 0.7114300000D+00 0.0000000000D+00 0.1006000000D+01 0.1875914000D+01 0.5272900000D+01 0.0000000000D+00 0.3826900000D+01
4 8020050629200507172453550.5-0.1365500000D+01-0.4190000000D-02 0.4432735000D+03 0.1426050000D+01 0.0000000000D+00 0.2030400000D+01 0.5387463000D+01 0.2768200000D+01 0.0000000000D+00 0.1546500000D+01 0.3933000000D+00 0.1390000000D-02 0.2057416000D+03 0.7206600000D+00 0.0000000000D+00 0.9467000000D+00 0.2354367000D+01 0.5971500000D+01 0.0000000000D+00 0.4798300000D+01
4 8120050717200508042453568.5-0.1880100000D+01 0.4935000000D-01 0.4216813000D+03 0.1425740000D+01 0.0000000000D+00 0.1943800000D+01 0.5852528000D+01 0.3479100000D+01 0.0000000000D+00 0.2500200000D+01 0.5497000000D+00-0.1348000000D-01 0.1944055000D+03 0.7238000000D+00 0.0000000000D+00 0.8948000000D+00 0.2818501000D+01 0.3151000000D+00 0.0000000000D+00 0.5747700000D+01
4 8220050804200508222453586.5-0.1728600000D+01 0.2929000000D-01 0.4036975000D+03 0.1410970000D+01 0.0000000000D+00 0.1814500000D+01 0.2039100000D-01 0.4111000000D+01 0.0000000000D+00 0.3421800000D+01 0.4236000000D+00 0.3390000000D-02 0.1840040000D+03 0.7052200000D+00 0.0000000000D+00 0.8205000000D+00 0.3270427000D+01 0.8665000000D+00 0.0000000000D+00 0.3926000000D+00
4 8320050822200509092453604.5-0.1666400000D+01 0.9330000000D-02 0.3897112000D+03 0.1399990000D+01 0.0000000000D+00 0.1759200000D+01 0.4619240000D+00 0.4732800000D+01 0.0000000000D+00 0.4347200000D+01 0.3720000000D+00 0.1607000000D-01 0.1747280000D+03 0.6797100000D+00 0.0000000000D+00 0.7828000000D+00 0.3714638000D+01 0.1406100000D+01 0.0000000000D+00 0.1323600000D+01
4 8420050909200509272453622.5-0.1981100000D+01 0.2371000000D-01 0.3801426000D+03 0.1410950000D+01 0.0000000000D+00 0.1699700000D+01 0.8961110000D+00 0.5330200000D+01 0.0000000000D+00 0.5257700000D+01 0.5375000000D+00 0.7700000000D-02 0.1667167000D+03 0.6595600000D+00 0.0000000000D+00 0.7356000000D+00 0.4152978000D+01 0.1917000000D+01 0.0000000000D+00 0.2237700000D+01
4 8520050927200510152453640.5-0.2337500000D+01 0.5022000000D-01 0.3748724000D+03 0.1434200000D+01 0.0000000000D+00 0.1640300000D+01 0.1325120000D+01 0.5904800000D+01 0.0000000000D+00 0.6159400000D+01 0.7254000000D+00-0.7920000000D-02 0.1597905000D+03 0.6360200000D+00 0.0000000000D+00 0.6846000000D+00 0.4587367000D+01 0.2399400000D+01 0.0000000000D+00 0.3149500000D+01
4 8620051015200511022453658.5-0.2170800000D+01 0.6420000000D-02 0.3732673000D+03 0.1456680000D+01 0.0000000000D+00 0.1670800000D+01 0.1751771000D+01 0.2314000000D+00 0.0000000000D+00 0.7817000000D+00 0.7016000000D+00 0.3200000000D-02 0.1536308000D+03 0.5880900000D+00 0.0000000000D+00 0.6691000000D+00 0.5020625000D+01 0.2902100000D+01 0.0000000000D+00 0.4069300000D+01
4 8720051102200511202453676.5-0.1716600000D+01-0.7525000000D-01 0.3758819000D+03 0.1545270000D+01 0.0000000000D+00 0.1666700000D+01 0.2178918000D+01 0.8469000000D+00 0.0000000000D+00 0.1659000000D+01 0.5573000000D+00 0.2789000000D-01 0.1484216000D+03 0.5414200000D+00 0.0000000000D+00 0.6383000000D+00 0.5455590000D+01 0.3436300000D+01 0.0000000000D+00 0.4966500000D+01
4 8820051120200512082453694.5-0.1547000000D+01-0.1355900000D+00 0.3830859000D+03 0.1636820000D+01 0.0000000000D+00 0.1668600000D+01 0.2606739000D+01 0.1433400000D+01 0.0000000000D+00 0.2553000000D+01 0.5113000000D+00 0.4274000000D-01 0.1442718000D+03 0.4860400000D+00 0.0000000000D+00 0.6158000000D+00 0.5892436000D+01 0.3970400000D+01 0.0000000000D+00 0.5876900000D+01
4 8920051208200512262453712.5-0.2488400000D+01-0.8246000000D-01 0.3945495000D+03 0.1628770000D+01 0.0000000000D+00 0.1778500000D+01 0.3035555000D+01 0.2032400000D+01 0.0000000000D+00 0.3474400000D+01 0.7855000000D+00 0.2365000000D-01 0.1411415000D+03 0.3946900000D+00 0.0000000000D+00 0.6277000000D+00 0.4880800000D-01 0.4522500000D+01 0.0000000000D+00 0.5162000000D+00
4 9020051226200601132453730.5-0.3767500000D+01 0.1872000000D-01 0.4098465000D+03 0.1633580000D+01 0.0000000000D+00 0.1864500000D+01 0.3470684000D+01 0.2691600000D+01 0.0000000000D+00 0.4360400000D+01 0.1121900000D+01-0.6000000000D-02 0.1391720000D+03 0.2975000000D+00 0.0000000000D+00 0.6230000000D+00 0.4957920000D+00 0.5254900000D+01 0.0000000000D+00 0.1404300000D+01
