 4 2   2  56 19.7027 4.9788  7.0  7.0 109 2450813.5000 1998                                                                                                                                                                                                                                                                                                                      
1  219971231199801072450813.4-0.4280000000D-01-0.5300000000D-03 0.6044900000D+01 0.7469000000D-01 0.6930000000D-03 0.4580000000D-01 0.4406790000D+00 0.5074900000D+01 0.3147300000D+01-0.2011200000D+01-0.3660000000D-01-0.8000000000D-03 0.1852900000D+01 0.3262000000D-01 0.4810000000D-03 0.1450000000D-01 0.4948164000D+01 0.6078200000D+01 0.4125600000D+01-0.3697800000D+01
1  319980107199801142450820.4-0.4550000000D-01-0.5700000000D-03 0.5993900000D+01 0.7218000000D-01 0.6790000000D-03 0.4510000000D-01 0.4414500000D-01 0.4643600000D+01 0.2875000000D+01-0.2781800000D+01-0.4200000000D-01-0.7800000000D-03 0.1975700000D+01 0.3092000000D-01 0.4910000000D-03 0.1560000000D-01 0.4732808000D+01 0.5561700000D+01 0.3628800000D+01-0.4303600000D+01
1  419980114199801212450827.4-0.4840000000D-01-0.4300000000D-03 0.5927400000D+01 0.7038000000D-01 0.5750000000D-03 0.4470000000D-01 0.5932427000D+01 0.4204200000D+01 0.2562800000D+01-0.3551300000D+01-0.4740000000D-01-0.7100000000D-03 0.2137900000D+01 0.2917000000D-01 0.4760000000D-03 0.1700000000D-01 0.4486372000D+01 0.5030500000D+01 0.3179900000D+01-0.4934600000D+01
1  519980121199801282450834.4-0.5120000000D-01-0.2000000000D-03 0.5844400000D+01 0.6965000000D-01 0.4690000000D-03 0.4420000000D-01 0.5538827000D+01 0.3770100000D+01 0.2071000000D+01-0.4312100000D+01-0.5250000000D-01-0.6200000000D-03 0.2320300000D+01 0.2786000000D-01 0.4440000000D-03 0.1840000000D-01 0.4211111000D+01 0.4485000000D+01 0.2688600000D+01-0.5588800000D+01
1  619980128199802042450841.4-0.5330000000D-01-0.3000000000D-04 0.5745200000D+01 0.6923000000D-01 0.4760000000D-03 0.4320000000D-01 0.5145769000D+01 0.3352200000D+01 0.1508400000D+01-0.5070600000D+01-0.5720000000D-01-0.5500000000D-03 0.2508800000D+01 0.2707000000D-01 0.4380000000D-03 0.1970000000D-01 0.3912000000D+01 0.3939600000D+01 0.2148000000D+01-0.6269500000D+01
1  719980204199802112450848.4-0.5470000000D-01-0.2000000000D-04 0.5633300000D+01 0.6832000000D-01 0.5320000000D-03 0.4210000000D-01 0.4752479000D+01 0.2942900000D+01 0.1149300000D+01-0.5838300000D+01-0.6140000000D-01-0.5200000000D-03 0.2693800000D+01 0.2649000000D-01 0.4580000000D-03 0.2110000000D-01 0.3594368000D+01 0.3397700000D+01 0.1656500000D+01-0.6868000000D+00
1  819980211199802182450855.4-0.5540000000D-01-0.1200000000D-03 0.5512700000D+01 0.6721000000D-01 0.5350000000D-03 0.4130000000D-01 0.4358584000D+01 0.2530000000D+01 0.9152000000D+00-0.3268000000D+00-0.6520000000D-01-0.5100000000D-03 0.2868200000D+01 0.2611000000D-01 0.4640000000D-03 0.2250000000D-01 0.3262754000D+01 0.2850900000D+01 0.1232100000D+01-0.1394700000D+01
1  919980218199802252450862.4-0.5620000000D-01-0.2200000000D-03 0.5385600000D+01 0.6665000000D-01 0.4770000000D-03 0.4050000000D-01 0.3963906000D+01 0.2112900000D+01 0.6594000000D+00-0.1090300000D+01-0.6860000000D-01-0.4700000000D-03 0.3027000000D+01 0.2629000000D-01 0.4360000000D-03 0.2360000000D-01 0.2920539000D+01 0.2300900000D+01 0.7954000000D+00-0.2106500000D+01
1 1019980225199803042450869.4-0.5740000000D-01-0.2500000000D-03 0.5252900000D+01 0.6694000000D-01 0.4060000000D-03 0.3940000000D-01 0.3568093000D+01 0.1701400000D+01 0.2412000000D+00-0.1850300000D+01-0.7170000000D-01-0.3900000000D-03 0.3167100000D+01 0.2711000000D-01 0.3980000000D-03 0.2440000000D-01 0.2570073000D+01 0.1765600000D+01 0.2634000000D+00-0.2833300000D+01
1 1119980304199803112450876.4-0.5870000000D-01-0.2300000000D-03 0.5115800000D+01 0.6752000000D-01 0.3990000000D-03 0.3800000000D-01 0.3170459000D+01 0.1301800000D+01 0.5961400000D+01-0.2624700000D+01-0.7450000000D-01-0.3100000000D-03 0.3287500000D+01 0.2812000000D-01 0.3940000000D-03 0.2530000000D-01 0.2213108000D+01 0.1254500000D+01 0.5962700000D+01-0.3570500000D+01
1 1219980311199803182450883.4-0.6010000000D-01-0.2200000000D-03 0.4977300000D+01 0.6779000000D-01 0.4490000000D-03 0.3720000000D-01 0.2770265000D+01 0.9088000000D+00 0.5495500000D+01-0.3405300000D+01-0.7670000000D-01-0.2500000000D-03 0.3388000000D+01 0.2891000000D-01 0.4070000000D-03 0.2610000000D-01 0.1851163000D+01 0.7573000000D+00 0.5455400000D+01-0.4302700000D+01
1 1319980318199803252450890.4-0.6150000000D-01-0.2000000000D-03 0.4840900000D+01 0.6773000000D-01 0.4800000000D-03 0.3640000000D-01 0.2367023000D+01 0.5144000000D+00 0.5159400000D+01-0.4177000000D+01-0.7840000000D-01-0.1800000000D-03 0.3468300000D+01 0.2953000000D-01 0.3980000000D-03 0.2660000000D-01 0.1485519000D+01 0.2649000000D+00 0.5019600000D+01-0.5035100000D+01
1 1419980325199804012450897.4-0.6300000000D-01-0.1700000000D-03 0.4709400000D+01 0.6769000000D-01 0.4530000000D-03 0.3520000000D-01 0.1960477000D+01 0.1160000000D+00 0.4866200000D+01-0.4949300000D+01-0.7970000000D-01-0.8000000000D-04 0.3528400000D+01 0.3018000000D-01 0.3530000000D-03 0.2670000000D-01 0.1117215000D+01 0.6060400000D+01 0.4570200000D+01-0.5778500000D+01
1 1519980401199804082450904.4-0.6460000000D-01-0.1300000000D-03 0.4585300000D+01 0.6803000000D-01 0.3750000000D-03 0.3400000000D-01 0.1550510000D+01 0.6000100000D+01 0.4523600000D+01-0.5737000000D+01-0.8060000000D-01 0.1000000000D-04 0.3568200000D+01 0.3093000000D-01 0.3030000000D-03 0.2700000000D-01 0.7470910000D+00 0.5585900000D+01 0.3996400000D+01-0.2433000000D+00
1 1619980408199804152450911.4-0.6630000000D-01-0.1200000000D-03 0.4470000000D+01 0.6875000000D-01 0.3090000000D-03 0.3330000000D-01 0.1136985000D+01 0.5607500000D+01 0.4016200000D+01-0.2473000000D+00-0.8100000000D-01 0.7000000000D-04 0.3587900000D+01 0.3143000000D-01 0.3050000000D-03 0.2730000000D-01 0.3757480000D+00 0.5128600000D+01 0.3361300000D+01-0.9819000000D+00
1 1719980415199804222450918.4-0.6780000000D-01-0.2100000000D-03 0.4365600000D+01 0.6937000000D-01 0.3270000000D-03 0.3280000000D-01 0.7196070000D+00 0.5224500000D+01 0.3472200000D+01-0.1032600000D+01-0.8070000000D-01 0.6000000000D-04 0.3588300000D+01 0.3135000000D-01 0.3400000000D-03 0.2710000000D-01 0.3730000000D-02 0.4679600000D+01 0.2881400000D+01-0.1719300000D+01
1 1819980422199804292450925.4-0.6940000000D-01-0.3800000000D-03 0.4275600000D+01 0.6949000000D-01 0.3860000000D-03 0.3200000000D-01 0.2982340000D+00 0.4845600000D+01 0.3128900000D+01-0.1820800000D+01-0.8010000000D-01 0.3000000000D-04 0.3570700000D+01 0.3081000000D-01 0.3470000000D-03 0.2670000000D-01 0.5914941000D+01 0.4224500000D+01 0.2505200000D+01-0.2464200000D+01
1 1919980429199805062450932.4-0.7140000000D-01-0.5100000000D-03 0.4204100000D+01 0.6923000000D-01 0.4100000000D-03 0.3130000000D-01 0.6156463000D+01 0.4462200000D+01 0.2911500000D+01-0.2621100000D+01-0.7920000000D-01 0.6000000000D-04 0.3535800000D+01 0.3022000000D-01 0.3120000000D-03 0.2640000000D-01 0.5543893000D+01 0.3758900000D+01 0.2075600000D+01-0.3209400000D+01
1 2019980506199805132450939.4-0.7400000000D-01-0.5100000000D-03 0.4153800000D+01 0.6917000000D-01 0.3630000000D-03 0.3110000000D-01 0.5728967000D+01 0.4071500000D+01 0.2667600000D+01-0.3426600000D+01-0.7830000000D-01 0.1900000000D-03 0.3483300000D+01 0.2979000000D-01 0.2850000000D-03 0.2610000000D-01 0.5174590000D+01 0.3292100000D+01 0.1466700000D+01-0.3947400000D+01
1 2119980513199805202450946.4-0.7720000000D-01-0.4000000000D-03 0.4124500000D+01 0.6963000000D-01 0.2910000000D-03 0.3110000000D-01 0.5300012000D+01 0.3682100000D+01 0.2190600000D+01-0.4223100000D+01-0.7700000000D-01 0.3400000000D-03 0.3412800000D+01 0.2916000000D-01 0.3220000000D-03 0.2550000000D-01 0.4807543000D+01 0.2833200000D+01 0.8583000000D+00-0.4678700000D+01
1 2219980520199805272450953.4-0.8040000000D-01-0.2900000000D-03 0.4115700000D+01 0.7008000000D-01 0.3030000000D-03 0.3110000000D-01 0.4870289000D+01 0.3301800000D+01 0.1517100000D+01-0.5015700000D+01-0.7510000000D-01 0.4500000000D-03 0.3325200000D+01 0.2802000000D-01 0.3690000000D-03 0.2460000000D-01 0.4443225000D+01 0.2370600000D+01 0.4325000000D+00-0.5411100000D+01
1 2319980527199806032450960.4-0.8330000000D-01-0.2700000000D-03 0.4128700000D+01 0.6983000000D-01 0.3770000000D-03 0.3100000000D-01 0.4440579000D+01 0.2926100000D+01 0.1082200000D+01-0.5817000000D+01-0.7250000000D-01 0.4700000000D-03 0.3222000000D+01 0.2663000000D-01 0.3690000000D-03 0.2380000000D-01 0.4082523000D+01 0.1887200000D+01 0.6170000000D-01-0.6143200000D+01
1 2419980603199806102450967.4-0.8600000000D-01-0.3600000000D-03 0.4164300000D+01 0.6887000000D-01 0.4140000000D-03 0.3140000000D-01 0.4012239000D+01 0.2545300000D+01 0.8302000000D+00-0.3389000000D+00-0.6940000000D-01 0.4400000000D-03 0.3104500000D+01 0.2553000000D-01 0.3350000000D-03 0.2290000000D-01 0.3726666000D+01 0.1383700000D+01 0.5896100000D+01-0.5846000000D+00
1 2519980610199806172450974.4-0.8870000000D-01-0.4700000000D-03 0.4221000000D+01 0.6783000000D-01 0.3890000000D-03 0.3220000000D-01 0.3586820000D+01 0.2155800000D+01 0.5718000000D+00-0.1129700000D+01-0.6610000000D-01 0.4300000000D-03 0.2973200000D+01 0.2483000000D-01 0.3210000000D-03 0.2190000000D-01 0.3376888000D+01 0.8768000000D+00 0.5344500000D+01-0.1296000000D+01
1 2619980617199806242450981.4-0.9170000000D-01-0.5300000000D-03 0.4294500000D+01 0.6719000000D-01 0.3370000000D-03 0.3270000000D-01 0.3165359000D+01 0.1764100000D+01 0.1337000000D+00-0.1909200000D+01-0.6270000000D-01 0.4900000000D-03 0.2829100000D+01 0.2422000000D-01 0.3440000000D-03 0.2070000000D-01 0.3034305000D+01 0.3737000000D+00 0.4831000000D+01-0.2000400000D+01
1 2719980624199807012450988.4-0.9500000000D-01-0.5200000000D-03 0.4380900000D+01 0.6664000000D-01 0.3400000000D-03 0.3320000000D-01 0.2748200000D+01 0.1377800000D+01 0.5803400000D+01-0.2696800000D+01-0.5900000000D-01 0.5800000000D-03 0.2675100000D+01 0.2356000000D-01 0.3620000000D-03 0.1950000000D-01 0.2700176000D+01 0.6146700000D+01 0.4417300000D+01-0.2703300000D+01
1 2819980701199807082450995.4-0.9830000000D-01-0.4900000000D-03 0.4478000000D+01 0.6560000000D-01 0.4010000000D-03 0.3410000000D-01 0.2335518000D+01 0.9953000000D+00 0.5295900000D+01-0.3484500000D+01-0.5500000000D-01 0.6500000000D-03 0.2514900000D+01 0.2318000000D-01 0.3500000000D-03 0.1840000000D-01 0.2376291000D+01 0.5624200000D+01 0.4011500000D+01-0.3392600000D+01
1 2919980708199807152451002.4-0.1016000000D+00-0.4500000000D-03 0.4583100000D+01 0.6396000000D-01 0.4510000000D-03 0.3520000000D-01 0.1927552000D+01 0.6101000000D+00 0.4929000000D+01-0.4255900000D+01-0.5060000000D-01 0.6900000000D-03 0.2352800000D+01 0.2326000000D-01 0.3270000000D-03 0.1720000000D-01 0.2064934000D+01 0.5103000000D+01 0.3539600000D+01-0.4062200000D+01
1 3019980715199807222451009.4-0.1047000000D+00-0.4000000000D-03 0.4693500000D+01 0.6202000000D-01 0.4410000000D-03 0.3590000000D-01 0.1524469000D+01 0.2174000000D+00 0.4604200000D+01-0.5017300000D+01-0.4590000000D-01 0.7000000000D-03 0.2193400000D+01 0.2361000000D-01 0.3190000000D-03 0.1600000000D-01 0.1768597000D+01 0.4594800000D+01 0.3016800000D+01-0.4716600000D+01
1 3119980722199807292451016.4-0.1077000000D+00-0.3200000000D-03 0.4805800000D+01 0.6023000000D-01 0.3710000000D-03 0.3650000000D-01 0.1126250000D+01 0.6101400000D+01 0.4216100000D+01-0.5784700000D+01-0.4090000000D-01 0.7100000000D-03 0.2043000000D+01 0.2398000000D-01 0.3230000000D-03 0.1490000000D-01 0.1489717000D+01 0.4097800000D+01 0.2516100000D+01-0.5357600000D+01
1 3219980729199808052451023.4-0.1106000000D+00-0.2400000000D-03 0.4916500000D+01 0.5875000000D-01 0.3090000000D-03 0.3740000000D-01 0.7326050000D+00 0.5703800000D+01 0.3678900000D+01-0.2674000000D+00-0.3590000000D-01 0.7200000000D-03 0.1909400000D+01 0.2434000000D-01 0.3180000000D-03 0.1400000000D-01 0.1230210000D+01 0.3605700000D+01 0.2058500000D+01-0.5977500000D+01
1 3319980805199808122451030.4-0.1131000000D+00-0.2300000000D-03 0.5023300000D+01 0.5732000000D-01 0.3130000000D-03 0.3840000000D-01 0.3430290000D+00 0.5314300000D+01 0.3133600000D+01-0.1020200000D+01-0.3080000000D-01 0.7400000000D-03 0.1801700000D+01 0.2481000000D-01 0.2980000000D-03 0.1330000000D-01 0.9906850000D+00 0.3118900000D+01 0.1594100000D+01-0.2892000000D+00
1 3419980812199808192451037.4-0.1151000000D+00-0.3200000000D-03 0.5125400000D+01 0.5565000000D-01 0.3480000000D-03 0.3910000000D-01 0.6240188000D+01 0.4931200000D+01 0.2791000000D+01-0.1766800000D+01-0.2560000000D-01 0.7700000000D-03 0.1728600000D+01 0.2538000000D-01 0.2830000000D-03 0.1290000000D-01 0.7692900000D+00 0.2643100000D+01 0.1093800000D+01-0.8695000000D+00
1 3519980819199808262451044.4-0.1170000000D+00-0.4300000000D-03 0.5223200000D+01 0.5369000000D-01 0.3520000000D-03 0.3960000000D-01 0.5857355000D+01 0.4546600000D+01 0.2608100000D+01-0.2515000000D+01-0.2030000000D-01 0.7900000000D-03 0.1697600000D+01 0.2588000000D-01 0.2810000000D-03 0.1280000000D-01 0.5605690000D+00 0.2177600000D+01 0.6109000000D+00-0.1444200000D+01
1 3619980826199809022451051.4-0.1192000000D+00-0.4500000000D-03 0.5316800000D+01 0.5192000000D-01 0.2990000000D-03 0.4020000000D-01 0.5477605000D+01 0.4153900000D+01 0.2440500000D+01-0.3264200000D+01-0.1490000000D-01 0.7800000000D-03 0.1712600000D+01 0.2626000000D-01 0.2800000000D-03 0.1310000000D-01 0.3556950000D+00 0.1716800000D+01 0.1862000000D+00-0.2018100000D+01
1 3719980902199809092451058.4-0.1216000000D+00-0.3500000000D-03 0.5405000000D+01 0.5090000000D-01 0.2230000000D-03 0.4110000000D-01 0.5100704000D+01 0.3759700000D+01 0.2074700000D+01-0.4005500000D+01-0.9500000000D-02 0.7600000000D-03 0.1773100000D+01 0.2667000000D-01 0.2680000000D-03 0.1380000000D-01 0.1449250000D+00 0.1258400000D+01 0.6067800000D+01-0.2598100000D+01
1 3819980909199809162451065.4-0.1240000000D+00-0.1900000000D-03 0.5486800000D+01 0.5043000000D-01 0.1980000000D-03 0.4170000000D-01 0.4726090000D+01 0.3375500000D+01 0.1419600000D+01-0.4740100000D+01-0.4000000000D-02 0.7300000000D-03 0.1874800000D+01 0.2722000000D-01 0.2530000000D-03 0.1470000000D-01 0.6203915000D+01 0.8057000000D+00 0.5636800000D+01-0.3193600000D+01
1 3919980916199809232451072.4-0.1261000000D+00-0.8000000000D-04 0.5563400000D+01 0.4992000000D-01 0.2330000000D-03 0.4210000000D-01 0.4353138000D+01 0.3003000000D+01 0.9532000000D+00-0.5475200000D+01 0.1200000000D-02 0.7300000000D-03 0.2011100000D+01 0.2787000000D-01 0.2520000000D-03 0.1570000000D-01 0.5962547000D+01 0.3622000000D+00 0.5172300000D+01-0.3812400000D+01
1 4019980923199809302451079.4-0.1276000000D+00-0.1000000000D-03 0.5637300000D+01 0.4907000000D-01 0.2540000000D-03 0.4260000000D-01 0.3981499000D+01 0.2633400000D+01 0.8025000000D+00-0.6214600000D+01 0.6400000000D-02 0.7400000000D-03 0.2174700000D+01 0.2847000000D-01 0.2680000000D-03 0.1710000000D-01 0.5703573000D+01 0.6209300000D+01 0.4752800000D+01-0.4447900000D+01
1 4119980930199810072451086.4-0.1288000000D+00-0.1900000000D-03 0.5710200000D+01 0.4824000000D-01 0.2390000000D-03 0.4340000000D-01 0.3611123000D+01 0.2257900000D+01 0.7923000000D+00-0.6682000000D+00 0.1150000000D-01 0.7600000000D-03 0.2358900000D+01 0.2907000000D-01 0.2790000000D-03 0.1860000000D-01 0.5428493000D+01 0.5774600000D+01 0.4402100000D+01-0.5090200000D+01
1 4219981007199810142451093.4-0.1301000000D+00-0.2900000000D-03 0.5782100000D+01 0.4809000000D-01 0.1980000000D-03 0.4410000000D-01 0.3241917000D+01 0.1879700000D+01 0.7372000000D+00-0.1396200000D+01 0.1670000000D-01 0.7500000000D-03 0.2558200000D+01 0.2987000000D-01 0.2720000000D-03 0.2010000000D-01 0.5139533000D+01 0.5340400000D+01 0.4063700000D+01-0.5745200000D+01
1 4319981014199810212451100.4-0.1317000000D+00-0.3300000000D-03 0.5853200000D+01 0.4864000000D-01 0.1580000000D-03 0.4450000000D-01 0.2873489000D+01 0.1510600000D+01 0.4515000000D+00-0.2124900000D+01 0.2190000000D-01 0.7400000000D-03 0.2768800000D+01 0.3096000000D-01 0.2550000000D-03 0.2170000000D-01 0.4839017000D+01 0.4912100000D+01 0.3668300000D+01-0.1345000000D+00
1 4419981021199810282451107.4-0.1335000000D+00-0.3100000000D-03 0.5925500000D+01 0.4949000000D-01 0.1540000000D-03 0.4490000000D-01 0.2505397000D+01 0.1153500000D+01 0.6179700000D+01-0.2860200000D+01 0.2710000000D-01 0.7400000000D-03 0.2988500000D+01 0.3225000000D-01 0.2450000000D-03 0.2350000000D-01 0.4529087000D+01 0.4494800000D+01 0.3194100000D+01-0.8162000000D+00
1 4519981028199811042451114.4-0.1355000000D+00-0.2800000000D-03 0.6001300000D+01 0.5036000000D-01 0.1960000000D-03 0.4570000000D-01 0.2137350000D+01 0.8033000000D+00 0.5670800000D+01-0.3596800000D+01 0.3220000000D-01 0.7500000000D-03 0.3215700000D+01 0.3352000000D-01 0.2550000000D-03 0.2530000000D-01 0.4211632000D+01 0.4087900000D+01 0.2722900000D+01-0.1496500000D+01
1 4619981104199811112451121.4-0.1375000000D+00-0.2900000000D-03 0.6083200000D+01 0.5120000000D-01 0.2350000000D-03 0.4660000000D-01 0.1769195000D+01 0.4514000000D+00 0.5389200000D+01-0.4324900000D+01 0.3730000000D-01 0.7600000000D-03 0.3449400000D+01 0.3469000000D-01 0.2680000000D-03 0.2710000000D-01 0.3888290000D+01 0.3684800000D+01 0.2377400000D+01-0.2180000000D+01
1 4719981111199811182451128.4-0.1395000000D+00-0.3000000000D-03 0.6173300000D+01 0.5225000000D-01 0.2340000000D-03 0.4720000000D-01 0.1400835000D+01 0.9470000000D-01 0.5271500000D+01-0.5050500000D+01 0.4250000000D-01 0.7300000000D-03 0.3689100000D+01 0.3597000000D-01 0.2570000000D-03 0.2880000000D-01 0.3560342000D+01 0.3282600000D+01 0.2134500000D+01-0.2874900000D+01
1 4819981118199811252451135.4-0.1419000000D+00-0.2900000000D-03 0.6273100000D+01 0.5375000000D-01 0.2030000000D-03 0.4770000000D-01 0.1032164000D+01 0.6021200000D+01 0.5270100000D+01-0.5784200000D+01 0.4780000000D-01 0.6800000000D-03 0.3934500000D+01 0.3754000000D-01 0.2210000000D-03 0.3070000000D-01 0.3228751000D+01 0.2886300000D+01 0.1919300000D+01-0.3574400000D+01
1 4919981125199812022451142.4-0.1444000000D+00-0.2800000000D-03 0.6384700000D+01 0.5578000000D-01 0.1680000000D-03 0.4860000000D-01 0.6630730000D+00 0.5671100000D+01 0.5283100000D+01-0.2379000000D+00 0.5310000000D-01 0.6700000000D-03 0.4185900000D+01 0.3940000000D-01 0.1770000000D-03 0.3280000000D-01 0.2894269000D+01 0.2502400000D+01 0.1630200000D+01-0.4272000000D+01
1 5019981202199812092451149.4-0.1471000000D+00-0.3200000000D-03 0.6509900000D+01 0.5827000000D-01 0.1350000000D-03 0.4990000000D-01 0.2934250000D+00 0.5332000000D+01 0.5100100000D+01-0.9687000000D+00 0.5820000000D-01 0.7300000000D-03 0.4444200000D+01 0.4134000000D-01 0.1590000000D-03 0.3480000000D-01 0.2557525000D+01 0.2133900000D+01 0.1198100000D+01-0.4967300000D+01
1 5119981209199812162451156.4-0.1500000000D+00-0.4600000000D-03 0.6652400000D+01 0.6086000000D-01 0.1460000000D-03 0.5100000000D-01 0.6206234000D+01 0.5004200000D+01 0.4544300000D+01-0.1694200000D+01 0.6340000000D-01 0.8600000000D-03 0.4711500000D+01 0.4315000000D-01 0.1880000000D-03 0.3660000000D-01 0.2219167000D+01 0.1776900000D+01 0.8235000000D+00-0.5666100000D+01
1 5219981216199812232451163.4-0.1531000000D+00-0.6900000000D-03 0.6817300000D+01 0.6336000000D-01 0.2320000000D-03 0.5210000000D-01 0.5835225000D+01 0.4679800000D+01 0.4155000000D+01-0.2425800000D+01 0.6890000000D-01 0.9900000000D-03 0.4989500000D+01 0.4491000000D-01 0.2290000000D-03 0.3870000000D-01 0.1879917000D+01 0.1423500000D+01 0.6429000000D+00-0.8640000000D-01
1 5319981223199812302451170.4-0.1570000000D+00-0.9000000000D-03 0.7009400000D+01 0.6618000000D-01 0.3220000000D-03 0.5360000000D-01 0.5463979000D+01 0.4352000000D+01 0.4006700000D+01-0.3161800000D+01 0.7500000000D-01 0.1050000000D-02 0.5279500000D+01 0.4695000000D-01 0.2410000000D-03 0.4110000000D-01 0.1540382000D+01 0.1071500000D+01 0.5648000000D+00-0.7884000000D+00
1 5419981230199901062451177.4-0.1621000000D+00-0.9700000000D-03 0.7232200000D+01 0.6984000000D-01 0.3700000000D-03 0.5560000000D-01 0.5092905000D+01 0.4021500000D+01 0.3969400000D+01-0.3894300000D+01 0.8180000000D-01 0.1020000000D-02 0.5582700000D+01 0.4949000000D-01 0.2240000000D-03 0.4350000000D-01 0.1200945000D+01 0.7254000000D+00 0.5630000000D+00-0.1486100000D+01
1 5519990106199901132451184.4-0.1684000000D+00-0.9200000000D-03 0.7489200000D+01 0.7450000000D-01 0.3710000000D-03 0.5790000000D-01 0.4722235000D+01 0.3698100000D+01 0.3960800000D+01-0.4621700000D+01 0.8910000000D-01 0.9800000000D-03 0.5901500000D+01 0.5253000000D-01 0.1990000000D-03 0.4590000000D-01 0.8618130000D+00 0.3936000000D+00 0.5440000000D+00-0.2181100000D+01
2 5619971231199801072450813.4 0.4000000000D-03-0.3000000000D-04 0.1512270000D+02 0.1984100000D+00 0.1940000000D-02 0.1500000000D-02 0.3365367000D+01 0.1725700000D+01 0.6121500000D+01 0.4207000000D+00 0.1500000000D-02-0.4000000000D-04 0.4812900000D+01 0.7745000000D-01 0.1239000000D-02 0.1000000000D-03 0.1584658000D+01 0.2729500000D+01 0.8463000000D+00 0.5035300000D+01
2 5719980107199801142450820.4 0.7000000000D-03-0.4000000000D-04 0.1500170000D+02 0.1916300000D+00 0.1615000000D-02 0.1300000000D-02 0.4271630000D+00 0.5027400000D+01 0.3339900000D+01 0.5609000000D+00 0.1600000000D-02-0.4000000000D-04 0.5101500000D+01 0.7398000000D-01 0.1324000000D-02 0.4000000000D-03 0.5108565000D+01 0.5938900000D+01 0.4015300000D+01 0.4390000000D-01
2 5819980114199801212450827.4 0.1000000000D-02-0.5000000000D-04 0.1483210000D+02 0.1904300000D+00 0.1735000000D-02 0.7000000000D-03 0.3773987000D+01 0.2059900000D+01 0.1905000000D+00 0.8971000000D+00 0.1600000000D-02-0.2000000000D-04 0.5490000000D+01 0.6971000000D-01 0.1185000000D-02 0.6000000000D-03 0.2320078000D+01 0.2837500000D+01 0.1012500000D+01 0.2556000000D+00
2 5919980121199801282450834.4 0.1400000000D-02-0.1100000000D-03 0.1462200000D+02 0.1845100000D+00 0.1471000000D-02 0.5000000000D-03 0.8379750000D+00 0.5369700000D+01 0.3783400000D+01 0.2263800000D+01 0.1900000000D-02-0.5000000000D-04 0.5931400000D+01 0.6756000000D-01 0.1328000000D-02 0.6000000000D-03 0.5786354000D+01 0.6033100000D+01 0.4219900000D+01 0.3871000000D+00
2 6019980128199802042450841.4 0.1800000000D-02-0.1400000000D-03 0.1437420000D+02 0.1852200000D+00 0.1559000000D-02 0.1000000000D-02 0.4186107000D+01 0.2409200000D+01 0.5658000000D+00 0.3010300000D+01 0.2000000000D-02-0.4000000000D-04 0.6390700000D+01 0.6557000000D-01 0.1124000000D-02 0.4000000000D-03 0.2946696000D+01 0.2906000000D+01 0.1217600000D+01 0.7842000000D+00
2 6119980204199802112450848.4 0.2100000000D-02-0.1200000000D-03 0.1409550000D+02 0.1810700000D+00 0.1372000000D-02 0.1400000000D-02 0.1250380000D+01 0.5729500000D+01 0.4115800000D+01 0.3310200000D+01 0.2100000000D-02-0.4000000000D-04 0.6839900000D+01 0.6570000000D-01 0.1238000000D-02 0.2000000000D-03 0.8798500000D-01 0.6097500000D+01 0.4440400000D+01 0.2316200000D+01
2 6219980211199802182450855.4 0.2300000000D-02-0.1400000000D-03 0.1379160000D+02 0.1808700000D+00 0.1355000000D-02 0.1400000000D-02 0.4597632000D+01 0.2774600000D+01 0.1071500000D+01 0.3455200000D+01 0.2200000000D-02-0.4000000000D-04 0.7264000000D+01 0.6631000000D-01 0.1137000000D-02 0.6000000000D-03 0.3498462000D+01 0.2989100000D+01 0.1458900000D+01 0.3099300000D+01
2 6319980218199802252450862.4 0.2700000000D-02-0.1900000000D-03 0.1346770000D+02 0.1796000000D+00 0.1290000000D-02 0.1100000000D-02 0.1660440000D+01 0.6105400000D+01 0.4464300000D+01 0.3798400000D+01 0.2400000000D-02-0.7000000000D-04 0.7648000000D+01 0.6895000000D-01 0.1103000000D-02 0.8000000000D-03 0.6145910000D+00 0.6189300000D+01 0.4639500000D+01 0.3345400000D+01
2 6419980225199803042450869.4 0.2800000000D-02-0.1500000000D-03 0.1313030000D+02 0.1789800000D+00 0.1216000000D-02 0.8000000000D-03 0.5004875000D+01 0.3156900000D+01 0.1554200000D+01 0.4360500000D+01 0.2400000000D-02-0.4000000000D-04 0.7988600000D+01 0.7091000000D-01 0.1102000000D-02 0.1000000000D-02 0.4005248000D+01 0.3122900000D+01 0.1718500000D+01 0.3547800000D+01
2 6519980304199803112450876.4 0.2900000000D-02-0.1200000000D-03 0.1278580000D+02 0.1795900000D+00 0.1228000000D-02 0.8000000000D-03 0.2064164000D+01 0.2140000000D+00 0.4809700000D+01 0.5480700000D+01 0.2500000000D-02-0.4000000000D-04 0.8278900000D+01 0.7515000000D-01 0.9790000000D-03 0.8000000000D-03 0.1106383000D+01 0.6780000000D-01 0.4826600000D+01 0.3814700000D+01
2 6619980311199803182450883.4 0.3100000000D-02-0.1400000000D-03 0.1244040000D+02 0.1779500000D+00 0.1139000000D-02 0.1300000000D-02 0.5403880000D+01 0.3553800000D+01 0.2103900000D+01 0.5943900000D+01 0.2500000000D-02-0.3000000000D-04 0.8519200000D+01 0.7673000000D-01 0.1082000000D-02 0.6000000000D-03 0.4485129000D+01 0.3326100000D+01 0.2000400000D+01 0.4605400000D+01
2 6719980318199803252450890.4 0.3200000000D-02-0.1300000000D-03 0.1210080000D+02 0.1807100000D+00 0.1168000000D-02 0.1600000000D-02 0.2457944000D+01 0.6170000000D+00 0.5165400000D+01 0.6207600000D+01 0.2500000000D-02-0.2000000000D-04 0.8707900000D+01 0.8180000000D-01 0.8940000000D-03 0.7000000000D-03 0.1577410000D+01 0.2952000000D+00 0.4952700000D+01 0.5509100000D+01
2 6819980325199804012450897.4 0.3000000000D-02-0.8000000000D-04 0.1177170000D+02 0.1789200000D+00 0.1121000000D-02 0.1600000000D-02 0.5791305000D+01 0.3963100000D+01 0.2529000000D+01 0.1366000000D+00 0.2400000000D-02 0.0000000000D+00 0.8845700000D+01 0.8228000000D-01 0.9870000000D-03 0.1000000000D-02 0.4949179000D+01 0.3577900000D+01 0.2209600000D+01 0.6023400000D+01
2 6919980401199804082450904.4 0.3100000000D-02-0.8000000000D-04 0.1146260000D+02 0.1815900000D+00 0.1075000000D-02 0.1300000000D-02 0.2838394000D+01 0.1028300000D+01 0.5637800000D+01 0.3663000000D+00 0.2300000000D-02 0.0000000000D+00 0.8934800000D+01 0.8600000000D-01 0.8640000000D-03 0.1200000000D-02 0.2036285000D+01 0.5708000000D+00 0.5182100000D+01 0.6247100000D+01
2 7019980408199804152450911.4 0.3100000000D-02-0.7000000000D-04 0.1117700000D+02 0.1806900000D+00 0.1155000000D-02 0.9000000000D-03 0.6164434000D+01 0.4381800000D+01 0.2906400000D+01 0.9237000000D+00 0.2200000000D-02 0.2000000000D-04 0.8975000000D+01 0.8562000000D-01 0.9480000000D-03 0.1100000000D-02 0.5404608000D+01 0.3866300000D+01 0.2378900000D+01 0.2243000000D+00
2 7119980415199804222450918.4 0.3100000000D-02-0.4000000000D-04 0.1092590000D+02 0.1828100000D+00 0.1017000000D-02 0.8000000000D-03 0.3203881000D+01 0.1445300000D+01 0.6122600000D+01 0.1821900000D+01 0.2100000000D-02 0.4000000000D-04 0.8969900000D+01 0.8756000000D-01 0.8390000000D-03 0.8000000000D-03 0.2489561000D+01 0.8668000000D+00 0.5394600000D+01 0.6443000000D+00
2 7219980422199804292450925.4 0.3000000000D-02-0.2000000000D-04 0.1070980000D+02 0.1832700000D+00 0.1146000000D-02 0.1100000000D-02 0.2394220000D+00 0.4803000000D+01 0.3213800000D+01 0.2539800000D+01 0.2000000000D-02 0.4000000000D-04 0.8917400000D+01 0.8652000000D-01 0.9240000000D-03 0.6000000000D-03 0.5857217000D+01 0.4167500000D+01 0.2462900000D+01 0.1576800000D+01
2 7319980429199805062450932.4 0.3000000000D-02-0.2000000000D-04 0.1054100000D+02 0.1832700000D+00 0.1019000000D-02 0.1500000000D-02 0.3554856000D+01 0.1867600000D+01 0.3928000000D+00 0.2819600000D+01 0.1900000000D-02 0.3000000000D-04 0.8822700000D+01 0.8541000000D-01 0.8090000000D-03 0.9000000000D-03 0.2942400000D+01 0.1168700000D+01 0.5714000000D+01 0.2403900000D+01
2 7419980506199805132450939.4 0.2900000000D-02 0.1000000000D-04 0.1041870000D+02 0.1853700000D+00 0.1160000000D-02 0.1600000000D-02 0.5847730000D+00 0.5225900000D+01 0.3505800000D+01 0.3071500000D+01 0.1700000000D-02 0.6000000000D-04 0.8683000000D+01 0.8438000000D-01 0.9880000000D-03 0.1200000000D-02 0.2891900000D-01 0.4470700000D+01 0.2577300000D+01 0.2779400000D+01
2 7519980513199805202450946.4 0.2700000000D-02 0.3000000000D-04 0.1035140000D+02 0.1837000000D+00 0.1064000000D-02 0.1500000000D-02 0.3895666000D+01 0.2291500000D+01 0.8131000000D+00 0.3300700000D+01 0.1600000000D-02 0.5000000000D-04 0.8503300000D+01 0.8100000000D-01 0.8250000000D-03 0.1400000000D-02 0.3400230000D+01 0.1461800000D+01 0.5953800000D+01 0.3035700000D+01
2 7619980520199805272450953.4 0.2700000000D-02 0.4000000000D-04 0.1033660000D+02 0.1857200000D+00 0.1123000000D-02 0.1200000000D-02 0.9231480000D+00 0.5645800000D+01 0.3873800000D+01 0.3647500000D+01 0.1500000000D-02 0.5000000000D-04 0.8281100000D+01 0.7936000000D-01 0.1005000000D-02 0.1200000000D-02 0.4914160000D+00 0.4753000000D+01 0.2780400000D+01 0.3286900000D+01
2 7719980527199806032450960.4 0.2500000000D-02 0.9000000000D-04 0.1037660000D+02 0.1830700000D+00 0.1105000000D-02 0.1000000000D-02 0.4233580000D+01 0.2714500000D+01 0.1200900000D+01 0.4306100000D+01 0.1300000000D-02 0.8000000000D-04 0.8020400000D+01 0.7487000000D-01 0.8310000000D-03 0.8000000000D-03 0.3868718000D+01 0.1731500000D+01 0.6185400000D+01 0.3797600000D+01
2 7819980603199806102450967.4 0.2300000000D-02 0.1100000000D-03 0.1046810000D+02 0.1844700000D+00 0.1128000000D-02 0.1100000000D-02 0.1262941000D+01 0.6065000000D+01 0.4225900000D+01 0.4991400000D+01 0.1100000000D-02 0.8000000000D-04 0.7722600000D+01 0.7275000000D-01 0.1026000000D-02 0.7000000000D-03 0.9677550000D+00 0.5009400000D+01 0.3035600000D+01 0.4609700000D+01
2 7919980610199806172450974.4 0.2100000000D-02 0.1100000000D-03 0.1060650000D+02 0.1813500000D+00 0.1127000000D-02 0.1500000000D-02 0.4577437000D+01 0.3133100000D+01 0.1481500000D+01 0.5504800000D+01 0.1000000000D-02 0.7000000000D-04 0.7390900000D+01 0.6856000000D-01 0.8880000000D-03 0.9000000000D-03 0.4354870000D+01 0.1970700000D+01 0.9520000000D-01 0.5379400000D+01
2 8019980617199806242450981.4 0.1900000000D-02 0.1200000000D-03 0.1078550000D+02 0.1804400000D+00 0.1116000000D-02 0.1800000000D-02 0.1612442000D+01 0.1979000000D+00 0.4694600000D+01 0.5768100000D+01 0.9000000000D-03 0.8000000000D-04 0.7029400000D+01 0.6582000000D-01 0.9470000000D-03 0.1100000000D-02 0.1465763000D+01 0.5221900000D+01 0.3323500000D+01 0.5717800000D+01
2 8119980624199807012450988.4 0.1600000000D-02 0.1600000000D-03 0.1099800000D+02 0.1779600000D+00 0.1138000000D-02 0.1700000000D-02 0.4934365000D+01 0.3547100000D+01 0.1756000000D+01 0.6046700000D+01 0.7000000000D-03 0.9000000000D-04 0.6643700000D+01 0.6285000000D-01 0.9210000000D-03 0.1000000000D-02 0.4867773000D+01 0.2174500000D+01 0.3218000000D+00 0.6037800000D+01
2 8219980701199807082450995.4 0.1500000000D-02 0.1300000000D-03 0.1123650000D+02 0.1749800000D+00 0.1120000000D-02 0.1500000000D-02 0.1977448000D+01 0.6109000000D+00 0.5120900000D+01 0.1004000000D+00 0.7000000000D-03 0.7000000000D-04 0.6241800000D+01 0.6048000000D-01 0.8840000000D-03 0.8000000000D-03 0.1996459000D+01 0.5402100000D+01 0.3572900000D+01 0.1429000000D+00
2 8319980708199807152451002.4 0.1400000000D-02 0.1100000000D-03 0.1149260000D+02 0.1727800000D+00 0.1129000000D-02 0.1100000000D-02 0.5308343000D+01 0.3956000000D+01 0.2053700000D+01 0.6766000000D+00 0.6000000000D-03 0.6000000000D-04 0.5833300000D+01 0.5859000000D-01 0.9250000000D-03 0.5000000000D-03 0.5420364000D+01 0.2350600000D+01 0.5775000000D+00 0.9742000000D+00
2 8419980715199807222451009.4 0.1100000000D-02 0.1300000000D-03 0.1175870000D+02 0.1679500000D+00 0.1122000000D-02 0.1300000000D-02 0.2360238000D+01 0.1020800000D+01 0.5617700000D+01 0.1502900000D+01 0.6000000000D-03 0.6000000000D-04 0.5430600000D+01 0.5740000000D-01 0.8000000000D-03 0.6000000000D-03 0.2575142000D+01 0.5560200000D+01 0.3784700000D+01 0.1879700000D+01
2 8519980722199807292451016.4 0.9000000000D-03 0.1300000000D-03 0.1202910000D+02 0.1668800000D+00 0.1071000000D-02 0.1700000000D-02 0.5700074000D+01 0.4361000000D+01 0.2353900000D+01 0.2019000000D+01 0.5000000000D-03 0.7000000000D-04 0.5048700000D+01 0.5624000000D-01 0.9060000000D-03 0.8000000000D-03 0.6030412000D+01 0.2515700000D+01 0.8348000000D+00 0.2346800000D+01
2 8619980729199808052451023.4 0.9000000000D-03 0.8000000000D-04 0.1229710000D+02 0.1613200000D+00 0.1108000000D-02 0.2100000000D-02 0.2760232000D+01 0.1429300000D+01 0.6006700000D+01 0.2354800000D+01 0.6000000000D-03 0.5000000000D-04 0.4706400000D+01 0.5619000000D-01 0.7830000000D-03 0.8000000000D-03 0.3221097000D+01 0.5725900000D+01 0.4013400000D+01 0.2672300000D+01
2 8719980805199808122451030.4 0.7000000000D-03 0.9000000000D-04 0.1256100000D+02 0.1597000000D+00 0.9740000000D-03 0.2200000000D-02 0.6107873000D+01 0.4767400000D+01 0.2836300000D+01 0.2576500000D+01 0.5000000000D-03 0.6000000000D-04 0.4425100000D+01 0.5579000000D-01 0.8360000000D-03 0.6000000000D-03 0.4324580000D+00 0.2680600000D+01 0.1067800000D+01 0.3082800000D+01
2 8819980812199808192451037.4 0.4000000000D-03 0.9000000000D-04 0.1281320000D+02 0.1555600000D+00 0.1075000000D-02 0.1800000000D-02 0.3175316000D+01 0.1838500000D+01 0.9160000000D-01 0.2892600000D+01 0.5000000000D-03 0.7000000000D-04 0.4226100000D+01 0.5650000000D-01 0.7860000000D-03 0.4000000000D-03 0.3945419000D+01 0.5907300000D+01 0.4271700000D+01 0.4054300000D+01
2 8919980819199808262451044.4 0.3000000000D-03 0.6000000000D-04 0.1305810000D+02 0.1534300000D+00 0.8640000000D-03 0.1400000000D-02 0.2460910000D+00 0.5176900000D+01 0.3360900000D+01 0.3391700000D+01 0.5000000000D-03 0.7000000000D-04 0.4129200000D+01 0.5692000000D-01 0.7980000000D-03 0.5000000000D-03 0.1189271000D+01 0.2864500000D+01 0.1310400000D+01 0.4972900000D+01
2 9019980826199809022451051.4 0.1000000000D-03 0.4000000000D-04 0.1328840000D+02 0.1513900000D+00 0.9780000000D-03 0.1200000000D-02 0.3602570000D+01 0.2250300000D+01 0.4027000000D+00 0.4295100000D+01 0.6000000000D-03 0.6000000000D-04 0.4145900000D+01 0.5806000000D-01 0.7830000000D-03 0.7000000000D-03 0.4721396000D+01 0.6105900000D+01 0.4577300000D+01 0.5432800000D+01
2 9119980902199809092451058.4 0.0000000000D+00 0.4000000000D-04 0.1351120000D+02 0.1477000000D+00 0.8440000000D-03 0.1700000000D-02 0.6780940000D+00 0.5597500000D+01 0.4069600000D+01 0.4914000000D+01 0.6000000000D-03 0.8000000000D-04 0.4277300000D+01 0.5965000000D-01 0.8020000000D-03 0.6000000000D-03 0.1965635000D+01 0.3074200000D+01 0.1549800000D+01 0.5775800000D+01
2 9219980909199809162451065.4-0.2000000000D-03 0.1000000000D-04 0.1372070000D+02 0.1489400000D+00 0.8850000000D-03 0.2100000000D-02 0.4039167000D+01 0.2669600000D+01 0.7147000000D+00 0.5267100000D+01 0.6000000000D-03 0.8000000000D-04 0.4513400000D+01 0.6113000000D-01 0.7480000000D-03 0.5000000000D-03 0.5480461000D+01 0.4100000000D-01 0.4926300000D+01 0.1672000000D+00
2 9319980916199809232451072.4-0.3000000000D-03-0.2000000000D-04 0.1392420000D+02 0.1448800000D+00 0.8200000000D-03 0.2200000000D-02 0.1118127000D+01 0.6026900000D+01 0.4630800000D+01 0.5542800000D+01 0.7000000000D-03 0.8000000000D-04 0.4838400000D+01 0.6380000000D-01 0.8260000000D-03 0.5000000000D-03 0.2694492000D+01 0.3313500000D+01 0.1864400000D+01 0.1269200000D+01
2 9419980923199809302451079.4-0.5000000000D-03-0.4000000000D-04 0.1412050000D+02 0.1472900000D+00 0.7520000000D-03 0.1900000000D-02 0.4482217000D+01 0.3101100000D+01 0.1203300000D+01 0.5840900000D+01 0.9000000000D-03 0.7000000000D-04 0.5234300000D+01 0.6614000000D-01 0.7290000000D-03 0.8000000000D-03 0.6173835000D+01 0.2906000000D+00 0.5271800000D+01 0.1863700000D+01
2 9519980930199810072451086.4-0.6000000000D-03-0.8000000000D-04 0.1431390000D+02 0.1440100000D+00 0.8410000000D-03 0.1500000000D-02 0.1563577000D+01 0.1857000000D+00 0.5220600000D+01 0.1831000000D+00 0.9000000000D-03 0.1100000000D-03 0.5684700000D+01 0.6959000000D-01 0.8450000000D-03 0.1000000000D-02 0.3352490000D+01 0.3584700000D+01 0.2215600000D+01 0.2168100000D+01
2 9619981007199810142451093.4-0.7000000000D-03-0.1300000000D-03 0.1450680000D+02 0.1479600000D+00 0.6390000000D-03 0.1500000000D-02 0.4929602000D+01 0.3544600000D+01 0.1719700000D+01 0.9426000000D+00 0.1000000000D-02 0.1100000000D-03 0.6176700000D+01 0.7282000000D-01 0.7220000000D-03 0.9000000000D-03 0.5169300000D+00 0.5774000000D+00 0.5650200000D+01 0.2482800000D+01
2 9719981014199810212451100.4-0.8000000000D-03-0.1300000000D-03 0.1470160000D+02 0.1465400000D+00 0.7690000000D-03 0.2000000000D-02 0.2012336000D+01 0.6371000000D+00 0.5656000000D+01 0.1537000000D+01 0.1200000000D-02 0.1100000000D-03 0.6699700000D+01 0.7702000000D-01 0.8040000000D-03 0.7000000000D-03 0.3951889000D+01 0.3886700000D+01 0.2638500000D+01 0.2947800000D+01
2 9819981021199810282451107.4-0.1000000000D-02-0.1500000000D-03 0.1490410000D+02 0.1496300000D+00 0.5810000000D-03 0.2400000000D-02 0.5379015000D+01 0.4003900000D+01 0.2616300000D+01 0.1800800000D+01 0.1200000000D-02 0.1300000000D-03 0.7248100000D+01 0.8122000000D-01 0.7870000000D-03 0.7000000000D-03 0.1093950000D+01 0.9099000000D+00 0.6015700000D+01 0.3927700000D+01
2 9919981028199811042451114.4-0.1100000000D-02-0.1900000000D-03 0.1511540000D+02 0.1515700000D+00 0.7350000000D-03 0.2200000000D-02 0.2462390000D+01 0.1102900000D+01 0.6052700000D+01 0.2048000000D+01 0.1200000000D-02 0.1500000000D-03 0.7816100000D+01 0.8610000000D-01 0.7320000000D-03 0.1000000000D-02 0.4511199000D+01 0.4224800000D+01 0.3081000000D+01 0.4550900000D+01
210019981104199811112451121.4-0.1300000000D-02-0.1900000000D-03 0.1534340000D+02 0.1541300000D+00 0.6450000000D-03 0.1900000000D-02 0.5828980000D+01 0.4474600000D+01 0.3438400000D+01 0.2349500000D+01 0.1400000000D-02 0.1400000000D-03 0.8401800000D+01 0.9082000000D-01 0.8260000000D-03 0.1300000000D-02 0.1638727000D+01 0.1275500000D+01 0.1652000000D+00 0.4935300000D+01
210119981111199811182451128.4-0.1600000000D-02-0.1700000000D-03 0.1558770000D+02 0.1593100000D+00 0.6280000000D-03 0.1200000000D-02 0.2912213000D+01 0.1576300000D+01 0.2423000000D+00 0.2937000000D+01 0.1600000000D-02 0.1200000000D-03 0.9003900000D+01 0.9658000000D-01 0.6660000000D-03 0.1300000000D-02 0.5044650000D+01 0.4601000000D+01 0.3568200000D+01 0.5162700000D+01
210219981118199811252451135.4-0.1800000000D-02-0.2200000000D-03 0.1585900000D+02 0.1612300000D+00 0.8350000000D-03 0.1300000000D-02 0.6277973000D+01 0.4960400000D+01 0.4162500000D+01 0.3923200000D+01 0.1700000000D-02 0.1500000000D-03 0.9622800000D+01 0.1016100000D+00 0.9030000000D-03 0.1000000000D-02 0.2162999000D+01 0.1677700000D+01 0.6216000000D+00 0.5550500000D+01
210319981125199812022451142.4-0.1900000000D-02-0.2500000000D-03 0.1615930000D+02 0.1695700000D+00 0.5520000000D-03 0.1900000000D-02 0.3360579000D+01 0.2061800000D+01 0.8228000000D+00 0.4456800000D+01 0.1800000000D-02 0.1400000000D-03 0.1026050000D+02 0.1083100000D+00 0.5720000000D-03 0.8000000000D-03 0.5562000000D+01 0.5009800000D+01 0.4112900000D+01 0.4260000000D-01
210419981202199812092451149.4-0.2300000000D-02-0.2200000000D-03 0.1649680000D+02 0.1726500000D+00 0.8980000000D-03 0.2400000000D-02 0.4421620000D+00 0.5455600000D+01 0.4697200000D+01 0.4746900000D+01 0.2100000000D-02 0.1100000000D-03 0.1091700000D+02 0.1136400000D+00 0.8670000000D-03 0.1000000000D-02 0.2674861000D+01 0.2105700000D+01 0.1115300000D+01 0.9771000000D+00
210519981209199812162451156.4-0.2500000000D-02-0.2500000000D-03 0.1687840000D+02 0.1815800000D+00 0.6440000000D-03 0.2400000000D-02 0.3806870000D+01 0.2560000000D+01 0.1750500000D+01 0.4926800000D+01 0.2300000000D-02 0.1200000000D-03 0.1159810000D+02 0.1204600000D+00 0.6310000000D-03 0.1600000000D-02 0.6069757000D+01 0.5457500000D+01 0.4723000000D+01 0.1360200000D+01
210619981216199812232451163.4-0.2600000000D-02-0.3200000000D-03 0.1731180000D+02 0.1881400000D+00 0.8670000000D-03 0.2000000000D-02 0.8876160000D+00 0.5961100000D+01 0.5278600000D+01 0.5246200000D+01 0.2400000000D-02 0.1400000000D-03 0.1230420000D+02 0.1273600000D+00 0.7450000000D-03 0.1800000000D-02 0.3179918000D+01 0.2563100000D+01 0.1635300000D+01 0.1579100000D+01
210719981223199812302451170.4-0.2900000000D-02-0.3000000000D-03 0.1780960000D+02 0.1972900000D+00 0.8060000000D-03 0.1500000000D-02 0.4251483000D+01 0.3074700000D+01 0.2486100000D+01 0.5744800000D+01 0.2600000000D-02 0.1100000000D-03 0.1304600000D+02 0.1336900000D+00 0.6980000000D-03 0.1800000000D-02 0.2897640000D+00 0.5936800000D+01 0.5337700000D+01 0.1806400000D+01
210819981230199901062451177.4-0.3300000000D-02-0.2600000000D-03 0.1837910000D+02 0.2073400000D+00 0.7780000000D-03 0.1400000000D-02 0.1332107000D+01 0.1948000000D+00 0.5961700000D+01 0.3743000000D+00 0.2800000000D-02 0.1100000000D-03 0.1382110000D+02 0.1420900000D+00 0.5620000000D-03 0.1300000000D-02 0.3682591000D+01 0.3046900000D+01 0.2393800000D+01 0.2107800000D+01
210919990106199901132451184.4-0.3500000000D-02-0.3000000000D-03 0.1903400000D+02 0.2162100000D+00 0.1102000000D-02 0.2100000000D-02 0.4696023000D+01 0.3607200000D+01 0.3192000000D+01 0.8740000000D+00 0.2900000000D-02 0.1200000000D-03 0.1464340000D+02 0.1480400000D+00 0.8770000000D-03 0.1000000000D-02 0.7923780000D+00 0.1701000000D+00 0.5922200000D+01 0.2995900000D+01
