 4 2   2  56 19.7027 4.9788  7.0  7.0  109 2457387.5000 2016                                                                                                                                                                                                                                                                                                                     
1  220151231201601072457387.4 0.1403000000D+00 0.7200000000D-03 0.6389600000D+01 0.6845000000D-01 0.3960000000D-03 0.4890000000D-01 0.2201953000D+01 0.1019800000D+01 0.5441000000D+00-0.1212000000D+00-0.6510000000D-01-0.7300000000D-03 0.4968500000D+01 0.4169000000D-01 0.1750000000D-03 0.3850000000D-01 0.4639479000D+01 0.3956500000D+01 0.3367800000D+01-0.3950600000D+01
1  320160107201601142457394.4 0.1443000000D+00 0.7300000000D-03 0.6588800000D+01 0.7269000000D-01 0.4110000000D-03 0.5070000000D-01 0.1820306000D+01 0.6733000000D+00 0.4255000000D+00-0.8641000000D+00-0.6980000000D-01-0.6600000000D-03 0.5201600000D+01 0.4333000000D-01 0.1250000000D-03 0.4040000000D-01 0.4291424000D+01 0.3607200000D+01 0.3332800000D+01-0.4656100000D+01
1  420160114201601212457401.4 0.1491000000D+00 0.6400000000D-03 0.6819700000D+01 0.7783000000D-01 0.3690000000D-03 0.5270000000D-01 0.1438225000D+01 0.3348000000D+00 0.1983000000D+00-0.1602100000D+01-0.7480000000D-01-0.5800000000D-03 0.5442900000D+01 0.4501000000D-01 0.7000000000D-04 0.4220000000D-01 0.3944082000D+01 0.3274000000D+01 0.3074500000D+01-0.5360600000D+01
1  520160121201601282457408.4 0.1543000000D+00 0.6000000000D-03 0.7087400000D+01 0.8336000000D-01 0.3360000000D-03 0.5470000000D-01 0.1055865000D+01 0.4900000000D-02 0.6099400000D+01-0.2341100000D+01-0.7980000000D-01-0.5900000000D-03 0.5694700000D+01 0.4642000000D-01 0.6000000000D-04 0.4400000000D-01 0.3597744000D+01 0.2952400000D+01 0.2567300000D+01-0.6066700000D+01
1  620160128201602042457415.4 0.1598000000D+00 0.7300000000D-03 0.7399100000D+01 0.8881000000D-01 0.3840000000D-03 0.5700000000D-01 0.6735950000D+00 0.5963800000D+01 0.5663400000D+01-0.3086700000D+01-0.8470000000D-01-0.7400000000D-03 0.5959500000D+01 0.4758000000D-01 0.1070000000D-03 0.4600000000D-01 0.3252825000D+01 0.2637800000D+01 0.2414200000D+01-0.4919000000D+00
1  720160204201602112457422.4 0.1657000000D+00 0.9900000000D-03 0.7762300000D+01 0.9424000000D-01 0.5000000000D-03 0.6020000000D-01 0.2922520000D+00 0.5640100000D+01 0.5374000000D+01-0.3831700000D+01-0.9010000000D-01-0.9300000000D-03 0.6239400000D+01 0.4890000000D-01 0.1820000000D-03 0.4840000000D-01 0.2909786000D+01 0.2327000000D+01 0.2403400000D+01-0.1193700000D+01
1  820160211201602182457429.4 0.1728000000D+00 0.1310000000D-02 0.8182700000D+01 0.1002900000D+00 0.6120000000D-03 0.6390000000D-01 0.6196027000D+01 0.5315600000D+01 0.5193400000D+01-0.4565700000D+01-0.9630000000D-01-0.1090000000D-02 0.6536600000D+01 0.5082000000D-01 0.2520000000D-03 0.5080000000D-01 0.2568905000D+01 0.2022800000D+01 0.2342400000D+01-0.1888200000D+01
1  920160218201602252457436.4 0.1814000000D+00 0.1600000000D-02 0.8664500000D+01 0.1074900000D+00 0.6680000000D-03 0.6770000000D-01 0.5819285000D+01 0.4994900000D+01 0.5050800000D+01-0.5296300000D+01-0.1036000000D+00-0.1210000000D-02 0.6854400000D+01 0.5346000000D-01 0.3100000000D-03 0.5310000000D-01 0.2230279000D+01 0.1729200000D+01 0.2198900000D+01-0.2584700000D+01
1 1020160225201603032457443.4 0.1919000000D+00 0.1860000000D-02 0.9214200000D+01 0.1157600000D+00 0.6520000000D-03 0.7180000000D-01 0.5445764000D+01 0.4684600000D+01 0.4917800000D+01-0.6031200000D+01-0.1119000000D+00-0.1330000000D-02 0.7197600000D+01 0.5695000000D-01 0.3540000000D-03 0.5570000000D-01 0.1893998000D+01 0.1448400000D+01 0.1973100000D+01-0.3284700000D+01
1 1120160303201603102457450.4 0.2043000000D+00 0.2150000000D-02 0.9840100000D+01 0.1245100000D+00 0.5760000000D-03 0.7700000000D-01 0.5076240000D+01 0.4388100000D+01 0.4801200000D+01-0.4826000000D+00-0.1211000000D+00-0.1500000000D-02 0.7573500000D+01 0.6139000000D-01 0.3820000000D-03 0.5900000000D-01 0.1560216000D+01 0.1178600000D+01 0.1674500000D+01-0.3980800000D+01
1 1220160310201603172457457.4 0.2187000000D+00 0.2500000000D-02 0.1055010000D+02 0.1328400000D+00 0.5150000000D-03 0.8320000000D-01 0.4711806000D+01 0.4103900000D+01 0.4694100000D+01-0.1203600000D+01-0.1314000000D+00-0.1740000000D-02 0.7990200000D+01 0.6678000000D-01 0.4260000000D-03 0.6250000000D-01 0.1229119000D+01 0.9124000000D+00 0.1302400000D+01-0.4667500000D+01
1 1320160317201603242457464.4 0.2356000000D+00 0.2880000000D-02 0.1134920000D+02 0.1403900000D+00 0.5840000000D-03 0.8960000000D-01 0.4353650000D+01 0.3828100000D+01 0.4627700000D+01-0.1913200000D+01-0.1432000000D+00-0.1980000000D-02 0.8456300000D+01 0.7319000000D-01 0.5530000000D-03 0.6610000000D-01 0.9007920000D+00 0.6417000000D+00 0.9314000000D+00-0.5352300000D+01
1 1420160324201603312457471.4 0.2554000000D+00 0.3200000000D-02 0.1223860000D+02 0.1473600000D+00 0.8170000000D-03 0.9620000000D-01 0.4002791000D+01 0.3564500000D+01 0.4597800000D+01-0.2620900000D+01-0.1570000000D+00-0.2180000000D-02 0.8981200000D+01 0.8118000000D-01 0.7470000000D-03 0.7010000000D-01 0.5751330000D+00 0.3660000000D+00 0.6209000000D+00-0.6040200000D+01
1 1520160331201604072457478.4 0.2783000000D+00 0.3450000000D-02 0.1321630000D+02 0.1537200000D+00 0.1203000000D-02 0.1036000000D+00 0.3660385000D+01 0.3321400000D+01 0.4578300000D+01-0.3324900000D+01-0.1729000000D+00-0.2380000000D-02 0.9576500000D+01 0.9128000000D-01 0.9390000000D-03 0.7480000000D-01 0.2520250000D+00 0.8600000000D-01 0.3669000000D+00-0.4450000000D+00
1 1620160407201604142457485.4 0.3041000000D+00 0.3690000000D-02 0.1427290000D+02 0.1591200000D+00 0.1688000000D-02 0.1120000000D+00 0.3327753000D+01 0.3108400000D+01 0.4559400000D+01-0.4016900000D+01-0.1908000000D+00-0.2650000000D-02 0.1025350000D+02 0.1035700000D+00 0.1018000000D-02 0.8050000000D-01 0.6214517000D+01 0.6087000000D+01 0.1562000000D+00-0.1127900000D+01
1 1720160414201604212457492.4 0.3321000000D+00 0.3970000000D-02 0.1538730000D+02 0.1630700000D+00 0.2237000000D-02 0.1208000000D+00 0.3006112000D+01 0.2932600000D+01 0.4530900000D+01-0.4691400000D+01-0.2107000000D+00-0.3070000000D-02 0.1102000000D+02 0.1170000000D+00 0.9450000000D-03 0.8660000000D-01 0.5896073000D+01 0.5806700000D+01 0.6245900000D+01-0.1803500000D+01
1 1820160421201604282457499.4 0.3614000000D+00 0.4250000000D-02 0.1652750000D+02 0.1654800000D+00 0.2825000000D-02 0.1289000000D+00 0.2696442000D+01 0.2803200000D+01 0.4499500000D+01-0.5355000000D+01-0.2328000000D+00-0.3650000000D-02 0.1187790000D+02 0.1299800000D+00 0.7040000000D-03 0.9300000000D-01 0.5579881000D+01 0.5530700000D+01 0.6129100000D+01-0.2479300000D+01
1 1920160428201605052457506.4 0.3909000000D+00 0.4240000000D-02 0.1764680000D+02 0.1666400000D+00 0.3411000000D-02 0.1368000000D+00 0.2399670000D+01 0.2727200000D+01 0.4469000000D+01-0.6009300000D+01-0.2574000000D+00-0.4170000000D-02 0.1281680000D+02 0.1398000000D+00 0.4200000000D-03 0.1000000000D+00 0.5266298000D+01 0.5259800000D+01 0.3376000000D+00-0.3157200000D+01
1 2020160505201605122457513.4 0.4188000000D+00 0.3510000000D-02 0.1867840000D+02 0.1671800000D+00 0.3811000000D-02 0.1439000000D+00 0.2116209000D+01 0.2704700000D+01 0.4459000000D+01-0.3686000000D+00-0.2845000000D+00-0.4270000000D-02 0.1380270000D+02 0.1422400000D+00 0.8400000000D-03 0.1074000000D+00 0.4955908000D+01 0.4996200000D+01 0.1193500000D+01-0.3833200000D+01
1 2120160512201605192457520.4 0.4415000000D+00 0.1920000000D-02 0.1953860000D+02 0.1671900000D+00 0.3920000000D-02 0.1493000000D+00 0.1844993000D+01 0.2716400000D+01 0.4481200000D+01-0.1001900000D+01-0.3128000000D+00-0.3740000000D-02 0.1476700000D+02 0.1329500000D+00 0.1692000000D-02 0.1145000000D+00 0.4649065000D+01 0.4745400000D+01 0.1170500000D+01-0.4503900000D+01
1 2220160519201605262457527.4 0.4547000000D+00-0.1700000000D-03 0.2014930000D+02 0.1659600000D+00 0.3895000000D-02 0.1529000000D+00 0.1582810000D+01 0.2738900000D+01 0.4569600000D+01-0.1628700000D+01-0.3391000000D+00-0.2690000000D-02 0.1561500000D+02 0.1107500000D+00 0.2583000000D-02 0.1202000000D+00 0.4345390000D+01 0.4522800000D+01 0.1018700000D+01-0.5170200000D+01
1 2320160526201606022457534.4 0.4547000000D+00-0.2170000000D-02 0.2045820000D+02 0.1605600000D+00 0.3956000000D-02 0.1541000000D+00 0.1324901000D+01 0.2764000000D+01 0.4716300000D+01-0.2253900000D+01-0.3597000000D+00-0.1460000000D-02 0.1625200000D+02 0.7686000000D-01 0.3220000000D-02 0.1237000000D+00 0.4043855000D+01 0.4370000000D+01 0.8743000000D+00-0.5838200000D+01
1 2420160602201606092457541.4 0.4408000000D+00-0.3540000000D-02 0.2044660000D+02 0.1484800000D+00 0.4122000000D-02 0.1526000000D+00 0.1065605000D+01 0.2806300000D+01 0.4854000000D+01-0.2884600000D+01-0.3715000000D+00-0.3700000000D-03 0.1660410000D+02 0.3730000000D-01 0.3319000000D-02 0.1250000000D+00 0.3742926000D+01 0.4483900000D+01 0.7510000000D+00-0.2266000000D+00
1 2520160609201606162457548.4 0.4157000000D+00-0.4100000000D-02 0.2013200000D+02 0.1317700000D+00 0.4103000000D-02 0.1491000000D+00 0.7989780000D+00 0.2892400000D+01 0.4902800000D+01-0.3528400000D+01-0.3739000000D+00 0.4900000000D-03 0.1663850000D+02 0.2650000000D-01 0.2835000000D-02 0.1242000000D+00 0.3440546000D+01 0.5793700000D+01 0.6378000000D+00-0.9017000000D+00
1 2620160616201606232457555.4 0.3849000000D+00-0.4150000000D-02 0.1956920000D+02 0.1194600000D+00 0.3794000000D-02 0.1443000000D+00 0.5200470000D+00 0.3027900000D+01 0.4856600000D+01-0.4186200000D+01-0.3687000000D+00 0.1270000000D-02 0.1637840000D+02 0.5730000000D-01 0.2134000000D-02 0.1214000000D+00 0.3134491000D+01 0.6159400000D+01 0.5110000000D+00-0.1579400000D+01
1 2720160623201606302457562.4 0.3534000000D+00-0.4010000000D-02 0.1883070000D+02 0.1183500000D+00 0.3247000000D-02 0.1381000000D+00 0.2260430000D+00 0.3160300000D+01 0.4736900000D+01-0.4856800000D+01-0.3579000000D+00 0.2040000000D-02 0.1588740000D+02 0.8405000000D-01 0.1500000000D-02 0.1165000000D+00 0.2823109000D+01 0.6058500000D+01 0.3277000000D+00-0.2264600000D+01
1 2820160630201607072457569.4 0.3239000000D+00-0.3730000000D-02 0.1798610000D+02 0.1270200000D+00 0.2565000000D-02 0.1310000000D+00 0.6199137000D+01 0.3212900000D+01 0.4560400000D+01-0.5548900000D+01-0.3429000000D+00 0.2660000000D-02 0.1523890000D+02 0.1026500000D+00 0.1022000000D-02 0.1111000000D+00 0.2505534000D+01 0.5860000000D+01 0.8010000000D-01-0.2962800000D+01
1 2920160707201607142457576.4 0.2975000000D+00-0.3250000000D-02 0.1709720000D+02 0.1394000000D+00 0.1834000000D-02 0.1247000000D+00 0.5872865000D+01 0.3161200000D+01 0.4320200000D+01-0.6261400000D+01-0.3248000000D+00 0.2950000000D-02 0.1449720000D+02 0.1144500000D+00 0.6560000000D-03 0.1060000000D+00 0.2181607000D+01 0.5617600000D+01 0.6104900000D+01-0.3664100000D+01
1 3020160714201607212457583.4 0.2749000000D+00-0.2640000000D-02 0.1621660000D+02 0.1508100000D+00 0.1233000000D-02 0.1190000000D+00 0.5531173000D+01 0.3017500000D+01 0.3991800000D+01-0.6991000000D+00-0.3048000000D+00 0.2970000000D-02 0.1371160000D+02 0.1211200000D+00 0.3630000000D-03 0.1002000000D+00 0.1851735000D+01 0.5346900000D+01 0.5858300000D+01-0.4364500000D+01
1 3120160721201607282457590.4 0.2566000000D+00-0.2070000000D-02 0.1538100000D+02 0.1598300000D+00 0.8390000000D-03 0.1128000000D+00 0.5175619000D+01 0.2806500000D+01 0.3607000000D+01-0.1428000000D+01-0.2845000000D+00 0.2880000000D-02 0.1291360000D+02 0.1244500000D+00 0.9000000000D-04 0.9370000000D-01 0.1516732000D+01 0.5055000000D+01 0.5618200000D+01-0.5072900000D+01
1 3220160728201608042457597.4 0.2426000000D+00-0.1640000000D-02 0.1461010000D+02 0.1670500000D+00 0.5770000000D-03 0.1064000000D+00 0.4807956000D+01 0.2550800000D+01 0.3357600000D+01-0.2174400000D+01-0.2646000000D+00 0.2830000000D-02 0.1211860000D+02 0.1255900000D+00 0.2000000000D-03 0.8740000000D-01 0.1177552000D+01 0.4746400000D+01 0.2220900000D+01-0.5793400000D+01
1 3320160804201608112457604.4 0.2323000000D+00-0.1340000000D-02 0.1391290000D+02 0.1726100000D+00 0.2970000000D-03 0.1013000000D+00 0.4429664000D+01 0.2270200000D+01 0.3492600000D+01-0.2939400000D+01-0.2454000000D+00 0.2790000000D-02 0.1133270000D+02 0.1245000000D+00 0.4700000000D-03 0.8210000000D-01 0.8350690000D+00 0.4422800000D+01 0.2050200000D+01-0.2310000000D+00
1 3420160811201608182457611.4 0.2247000000D+00-0.9700000000D-03 0.1329430000D+02 0.1754200000D+00 0.1720000000D-03 0.9780000000D-01 0.4042071000D+01 0.1973200000D+01 0.4942500000D+01-0.3706100000D+01-0.2265000000D+00 0.2650000000D-02 0.1056040000D+02 0.1212500000D+00 0.6270000000D-03 0.7670000000D-01 0.4901930000D+00 0.4079400000D+01 0.1906600000D+01-0.9443000000D+00
1 3520160818201608252457618.4 0.2189000000D+00-0.4300000000D-03 0.1275690000D+02 0.1752100000D+00 0.4120000000D-03 0.9410000000D-01 0.3646684000D+01 0.1659600000D+01 0.5657600000D+01-0.4472200000D+01-0.2079000000D+00 0.2420000000D-02 0.9804300000D+01 0.1170600000D+00 0.6650000000D-03 0.7070000000D-01 0.1441480000D+00 0.3712900000D+01 0.1715400000D+01-0.1661100000D+01
1 3620160825201609012457625.4 0.2149000000D+00 0.1200000000D-03 0.1229910000D+02 0.1729200000D+00 0.6100000000D-03 0.9040000000D-01 0.3245141000D+01 0.1326100000D+01 0.5719100000D+01-0.5247800000D+01-0.1899000000D+00 0.2250000000D-02 0.9063700000D+01 0.1132200000D+00 0.6460000000D-03 0.6500000000D-01 0.6081609000D+01 0.3327200000D+01 0.1371200000D+01-0.2384100000D+01
1 3720160901201609082457632.4 0.2133000000D+00 0.4100000000D-03 0.1191630000D+02 0.1699700000D+00 0.6640000000D-03 0.8750000000D-01 0.2839098000D+01 0.9724000000D+00 0.5551900000D+01-0.6034900000D+01-0.1728000000D+00 0.2270000000D-02 0.8335700000D+01 0.1098200000D+00 0.6830000000D-03 0.5970000000D-01 0.5737843000D+01 0.2931000000D+01 0.8641000000D+00-0.3103700000D+01
1 3820160908201609152457639.4 0.2140000000D+00 0.3100000000D-03 0.1159930000D+02 0.1673300000D+00 0.6290000000D-03 0.8580000000D-01 0.2430297000D+01 0.6041000000D+00 0.5089400000D+01-0.5383000000D+00-0.1563000000D+00 0.2430000000D-02 0.7619000000D+01 0.1060000000D+00 0.8160000000D-03 0.5470000000D-01 0.5397801000D+01 0.2529100000D+01 0.4068000000D+00-0.3811400000D+01
1 3920160915201609222457646.4 0.2158000000D+00-0.2000000000D-04 0.1133370000D+02 0.1646600000D+00 0.7480000000D-03 0.8440000000D-01 0.2020218000D+01 0.2301000000D+00 0.4441600000D+01-0.1315900000D+01-0.1398000000D+00 0.2580000000D-02 0.6915500000D+01 0.1011800000D+00 0.9320000000D-03 0.4940000000D-01 0.5063433000D+01 0.2117300000D+01 0.6740000000D-01-0.4510100000D+01
1 4020160922201609292457653.4 0.2172000000D+00-0.2900000000D-03 0.1110600000D+02 0.1607100000D+00 0.9990000000D-03 0.8240000000D-01 0.1609831000D+01 0.6135000000D+01 0.4006900000D+01-0.2095400000D+01-0.1229000000D+00 0.2590000000D-02 0.6230900000D+01 0.9600000000D-01 0.9410000000D-03 0.4410000000D-01 0.4737177000D+01 0.1689100000D+01 0.6010100000D+01-0.5206100000D+01
1 4120160929201610062457660.4 0.2173000000D+00-0.2800000000D-03 0.1090680000D+02 0.1549900000D+00 0.1169000000D-02 0.8070000000D-01 0.1199868000D+01 0.5747000000D+01 0.3727600000D+01-0.2883300000D+01-0.1057000000D+00 0.2440000000D-02 0.5573600000D+01 0.9123000000D-01 0.8770000000D-03 0.3940000000D-01 0.4422308000D+01 0.1247400000D+01 0.5559800000D+01-0.5891600000D+01
1 4220161006201610132457667.4 0.2166000000D+00-0.8000000000D-04 0.1072810000D+02 0.1483400000D+00 0.1167000000D-02 0.7990000000D-01 0.7912420000D+00 0.5342400000D+01 0.3469200000D+01-0.3669700000D+01-0.8870000000D-01 0.2250000000D-02 0.4954200000D+01 0.8670000000D-01 0.8450000000D-03 0.3520000000D-01 0.4122999000D+01 0.8012000000D+00 0.5007000000D+01-0.2710000000D+00
1 4320161013201610202457674.4 0.2157000000D+00 0.6000000000D-04 0.1055800000D+02 0.1425500000D+00 0.1060000000D-02 0.7910000000D-01 0.3849130000D+00 0.4923600000D+01 0.3102300000D+01-0.4441600000D+01-0.7240000000D-01 0.2130000000D-02 0.4387100000D+01 0.8172000000D-01 0.8780000000D-03 0.3120000000D-01 0.3843979000D+01 0.3559000000D+00 0.4479700000D+01-0.9065000000D+00
1 4420161020201610272457681.4 0.2150000000D+00 0.2000000000D-04 0.1038280000D+02 0.1380800000D+00 0.1024000000D-02 0.7730000000D-01 0.6264423000D+01 0.4501900000D+01 0.2586200000D+01-0.5212600000D+01-0.5680000000D-01 0.2080000000D-02 0.3890600000D+01 0.7593000000D-01 0.8960000000D-03 0.2770000000D-01 0.3589636000D+01 0.6190600000D+01 0.4027500000D+01-0.1521000000D+01
1 4520161027201611032457688.4 0.2141000000D+00-0.1400000000D-03 0.1019370000D+02 0.1336900000D+00 0.1138000000D-02 0.7560000000D-01 0.5863082000D+01 0.4083300000D+01 0.2091800000D+01-0.5993700000D+01-0.4200000000D-01 0.2060000000D-02 0.3486600000D+01 0.6971000000D-01 0.8580000000D-03 0.2510000000D-01 0.3362463000D+01 0.5732200000D+01 0.3567800000D+01-0.2114900000D+01
1 4620161103201611102457695.4 0.2124000000D+00-0.3400000000D-03 0.9988800000D+01 0.1284700000D+00 0.1250000000D-02 0.7460000000D-01 0.5463748000D+01 0.3662300000D+01 0.1712500000D+01-0.4878000000D+00-0.2760000000D-01 0.2010000000D-02 0.3196700000D+01 0.6349000000D-01 0.8090000000D-03 0.2350000000D-01 0.3160339000D+01 0.5264600000D+01 0.3043600000D+01-0.2683500000D+01
1 4720161110201611172457702.4 0.2098000000D+00-0.5200000000D-03 0.9767800000D+01 0.1230300000D+00 0.1233000000D-02 0.7320000000D-01 0.5066395000D+01 0.3231600000D+01 0.1375800000D+01-0.1251900000D+01-0.1390000000D-01 0.1880000000D-02 0.3033700000D+01 0.5715000000D-01 0.7990000000D-03 0.2270000000D-01 0.2973620000D+01 0.4792100000D+01 0.2503600000D+01-0.3241400000D+01
1 4820161117201611242457709.4 0.2062000000D+00-0.6900000000D-03 0.9529000000D+01 0.1186500000D+00 0.1070000000D-02 0.7080000000D-01 0.4671049000D+01 0.2791800000D+01 0.9851000000D+00-0.2015600000D+01-0.1000000000D-02 0.1670000000D-02 0.2993900000D+01 0.5049000000D-01 0.7960000000D-03 0.2280000000D-01 0.2786126000D+01 0.4311200000D+01 0.2015400000D+01-0.3810700000D+01
1 4920161124201612012457716.4 0.2019000000D+00-0.8600000000D-03 0.9269800000D+01 0.1156600000D+00 0.9020000000D-03 0.6860000000D-01 0.4277418000D+01 0.2355500000D+01 0.4589000000D+00-0.2789800000D+01 0.1070000000D-01 0.1450000000D-02 0.3055500000D+01 0.4383000000D-01 0.7640000000D-03 0.2360000000D-01 0.2581829000D+01 0.3809900000D+01 0.1548800000D+01-0.4401800000D+01
1 5020161201201612082457723.4 0.1968000000D+00-0.9500000000D-03 0.8990700000D+01 0.1129000000D+00 0.8650000000D-03 0.6690000000D-01 0.3884901000D+01 0.1931300000D+01 0.6190500000D+01-0.3559900000D+01 0.2120000000D-01 0.1280000000D-02 0.3187600000D+01 0.3774000000D-01 0.7170000000D-03 0.2480000000D-01 0.2351326000D+01 0.3277900000D+01 0.1048400000D+01-0.5019100000D+01
1 5120161208201612152457730.4 0.1909000000D+00-0.8800000000D-03 0.8695700000D+01 0.1095200000D+00 0.8900000000D-03 0.6480000000D-01 0.3492944000D+01 0.1515800000D+01 0.5787200000D+01-0.4320000000D+01 0.3030000000D-01 0.1180000000D-02 0.3359600000D+01 0.3256000000D-01 0.6970000000D-03 0.2610000000D-01 0.2092771000D+01 0.2714300000D+01 0.5282000000D+00-0.5663500000D+01
1 5220161215201612222457737.4 0.1844000000D+00-0.7200000000D-03 0.8389800000D+01 0.1057300000D+00 0.8510000000D-03 0.6220000000D-01 0.3101149000D+01 0.1101000000D+01 0.5510400000D+01-0.5081400000D+01 0.3830000000D-01 0.1090000000D-02 0.3546900000D+01 0.2823000000D-01 0.6900000000D-03 0.2750000000D-01 0.1809088000D+01 0.2114900000D+01 0.6460000000D-01-0.5060000000D-01
1 5320161222201612292457744.4 0.1780000000D+00-0.6300000000D-03 0.8077800000D+01 0.1025200000D+00 0.7100000000D-03 0.5950000000D-01 0.2709251000D+01 0.6831000000D+00 0.5233400000D+01-0.5852000000D+01 0.4530000000D-01 0.9500000000D-03 0.3730700000D+01 0.2515000000D-01 0.6440000000D-03 0.2890000000D-01 0.1504816000D+01 0.1464400000D+01 0.5931500000D+01-0.7391000000D+00
1 5420161229201701052457751.4 0.1721000000D+00-0.7100000000D-03 0.7762200000D+01 0.1004800000D+00 0.5550000000D-03 0.5740000000D-01 0.2317030000D+01 0.2697000000D+00 0.4790200000D+01-0.3392000000D+00 0.5160000000D-01 0.7200000000D-03 0.3898500000D+01 0.2421000000D-01 0.5630000000D-03 0.3010000000D-01 0.1184151000D+01 0.7837000000D+00 0.5459900000D+01-0.1438200000D+01
1 5520170105201701122457758.4 0.1665000000D+00-0.9300000000D-03 0.7444600000D+01 0.9900000000D-01 0.5320000000D-03 0.5530000000D-01 0.1924041000D+01 0.6152700000D+01 0.4189200000D+01-0.1101400000D+01 0.5690000000D-01 0.4700000000D-03 0.4043300000D+01 0.2517000000D-01 0.5140000000D-03 0.3110000000D-01 0.8504410000D+00 0.1373000000D+00 0.4893400000D+01-0.2148600000D+01
2 5620151231201601072457387.4 0.2400000000D-02-0.1000000000D-04 0.1554820000D+02 0.2026800000D+00 0.1305000000D-02 0.2200000000D-02 0.1381342000D+01 0.1396000000D+00 0.5774900000D+01 0.5258800000D+01-0.8000000000D-03 0.1000000000D-03 0.1260990000D+02 0.1172700000D+00 0.6650000000D-03 0.1800000000D-02 0.3898277000D+01 0.3042600000D+01 0.2125800000D+01 0.1850700000D+01
2 5720160107201601142457394.4 0.2400000000D-02-0.3000000000D-04 0.1604810000D+02 0.2174300000D+00 0.8940000000D-03 0.1800000000D-02 0.4729399000D+01 0.3523600000D+01 0.2790800000D+01 0.5570000000D+01-0.7000000000D-03 0.1100000000D-03 0.1315740000D+02 0.1230300000D+00 0.2750000000D-03 0.1900000000D-02 0.1001147000D+01 0.1339000000D+00 0.5179100000D+01 0.2052300000D+01
2 5820160114201601212457401.4 0.2300000000D-02-0.8000000000D-04 0.1663960000D+02 0.2267400000D+00 0.1491000000D-02 0.1500000000D-02 0.1793198000D+01 0.6403000000D+00 0.1090000000D-01 0.6262700000D+01-0.8000000000D-03 0.1700000000D-03 0.1372420000D+02 0.1242800000D+00 0.6030000000D-03 0.1600000000D-02 0.4387471000D+01 0.3541500000D+01 0.2658200000D+01 0.2435900000D+01
2 5920160121201601282457408.4 0.2400000000D-02-0.1500000000D-03 0.1733620000D+02 0.2436500000D+00 0.1025000000D-02 0.1700000000D-02 0.5140925000D+01 0.4025000000D+01 0.3484800000D+01 0.7114000000D+00-0.9000000000D-03 0.2000000000D-03 0.1431250000D+02 0.1295400000D+00 0.1590000000D-03 0.1300000000D-02 0.1492338000D+01 0.6433000000D+00 0.6085200000D+01 0.3074500000D+01
2 6020160128201602042457415.4 0.2400000000D-02-0.1500000000D-03 0.1814920000D+02 0.2567000000D+00 0.1452000000D-02 0.2500000000D-02 0.2205568000D+01 0.1147100000D+01 0.5837000000D+00 0.1228800000D+01-0.8000000000D-03 0.1900000000D-03 0.1492650000D+02 0.1314500000D+00 0.3850000000D-03 0.1500000000D-02 0.4881351000D+01 0.4063000000D+01 0.3411200000D+01 0.3956200000D+01
2 6120160204201602112457422.4 0.2200000000D-02-0.1800000000D-03 0.1909840000D+02 0.2734500000D+00 0.1370000000D-02 0.3200000000D-02 0.5555128000D+01 0.4543600000D+01 0.4167700000D+01 0.1464200000D+01-0.7000000000D-03 0.2100000000D-03 0.1557320000D+02 0.1353300000D+00 0.3020000000D-03 0.2300000000D-02 0.1989212000D+01 0.1193300000D+01 0.1085100000D+01 0.4392000000D+01
2 6220160211201602182457429.4 0.2300000000D-02-0.2600000000D-03 0.2019470000D+02 0.2916200000D+00 0.1288000000D-02 0.3300000000D-02 0.2623595000D+01 0.1670600000D+01 0.1216900000D+01 0.1716400000D+01-0.9000000000D-03 0.2700000000D-03 0.1625900000D+02 0.1396900000D+00 0.2530000000D-03 0.2600000000D-02 0.5382215000D+01 0.4623400000D+01 0.4814700000D+01 0.4662700000D+01
2 6320160218201602252457436.4 0.2100000000D-02-0.2600000000D-03 0.2145950000D+02 0.3079000000D+00 0.1613000000D-02 0.3000000000D-02 0.5978266000D+01 0.5081100000D+01 0.4812900000D+01 0.2028500000D+01-0.7000000000D-03 0.2300000000D-03 0.1699390000D+02 0.1430800000D+00 0.5400000000D-03 0.2600000000D-02 0.2494257000D+01 0.1781600000D+01 0.1954200000D+01 0.4951500000D+01
2 6420160225201603032457443.4 0.1800000000D-02-0.2600000000D-03 0.2290120000D+02 0.3299900000D+00 0.1187000000D-02 0.2400000000D-02 0.3053795000D+01 0.2213100000D+01 0.2156300000D+01 0.2597100000D+01-0.4000000000D-03 0.2200000000D-03 0.1778640000D+02 0.1506200000D+00 0.5930000000D-03 0.2000000000D-02 0.5892159000D+01 0.5222700000D+01 0.5986000000D+01 0.5355300000D+01
2 6520160303201603102457450.4 0.1800000000D-02-0.3500000000D-03 0.2454330000D+02 0.3464600000D+00 0.1692000000D-02 0.2800000000D-02 0.1336430000D+00 0.5647200000D+01 0.5538500000D+01 0.3458300000D+01-0.5000000000D-03 0.2700000000D-03 0.1865440000D+02 0.1566300000D+00 0.9460000000D-03 0.1800000000D-02 0.3009112000D+01 0.2414700000D+01 0.2584700000D+01 0.6246300000D+01
2 6620160310201603172457457.4 0.1800000000D-02-0.4200000000D-03 0.2639580000D+02 0.3698200000D+00 0.1266000000D-02 0.4000000000D-02 0.3502889000D+01 0.2791400000D+01 0.3359800000D+01 0.4018600000D+01-0.5000000000D-03 0.3100000000D-03 0.1961570000D+02 0.1694600000D+00 0.1129000000D-02 0.2500000000D-02 0.1292670000D+00 0.5862600000D+01 0.2728000000D+00 0.7082000000D+00
2 6720160317201603242457464.4 0.1400000000D-02-0.3900000000D-03 0.2846870000D+02 0.3858300000D+00 0.1469000000D-02 0.5500000000D-02 0.5951040000D+00 0.6250200000D+01 0.3854000000D+00 0.4377000000D+01-0.1000000000D-03 0.2500000000D-03 0.2069080000D+02 0.1822500000D+00 0.1406000000D-02 0.3700000000D-02 0.3534774000D+01 0.3068400000D+01 0.3294100000D+01 0.1131900000D+01
2 6820160324201603312457471.4 0.1300000000D-02-0.4500000000D-03 0.3076700000D+02 0.4044200000D+00 0.1853000000D-02 0.6000000000D-02 0.3978500000D+01 0.3423700000D+01 0.4488500000D+01 0.4654500000D+01-0.2000000000D-03 0.3300000000D-03 0.2190660000D+02 0.2011300000D+00 0.1791000000D-02 0.4300000000D-02 0.6600910000D+00 0.2450000000D+00 0.6118000000D+00 0.1413600000D+01
2 6920160331201604072457478.4 0.1700000000D-02-0.6400000000D-03 0.3328300000D+02 0.4184600000D+00 0.2305000000D-02 0.5700000000D-02 0.1087146000D+01 0.6289000000D+00 0.2001400000D+01 0.5113100000D+01-0.4000000000D-03 0.4000000000D-03 0.2328920000D+02 0.2251400000D+00 0.2032000000D-02 0.4100000000D-02 0.4070796000D+01 0.3719300000D+01 0.3966300000D+01 0.1811900000D+01
2 7020160407201604142457485.4 0.1300000000D-02-0.5200000000D-03 0.3599900000D+02 0.4260000000D+00 0.3276000000D-02 0.5400000000D-02 0.4489018000D+01 0.4140100000D+01 0.5767200000D+01 0.5735300000D+01-0.3000000000D-03 0.3700000000D-03 0.2487490000D+02 0.2528300000D+00 0.2251000000D-02 0.3700000000D-02 0.1200678000D+01 0.9007000000D+00 0.1094700000D+01 0.2393000000D+01
2 7120160414201604212457492.4 0.1200000000D-02-0.5400000000D-03 0.3885580000D+02 0.4265700000D+00 0.4875000000D-02 0.6700000000D-02 0.1619008000D+01 0.1397100000D+01 0.3193500000D+01 0.2460000000D+00-0.1000000000D-03 0.3400000000D-03 0.2668050000D+02 0.2842200000D+00 0.2176000000D-02 0.4200000000D-02 0.4616058000D+01 0.4354400000D+01 0.4662500000D+01 0.3218100000D+01
2 7220160421201604282457499.4 0.1200000000D-02-0.5800000000D-03 0.4176770000D+02 0.4173900000D+00 0.5794000000D-02 0.9200000000D-02 0.5044204000D+01 0.4997600000D+01 0.5994000000D+00 0.7371000000D+00-0.3000000000D-03 0.4000000000D-03 0.2871240000D+02 0.3137900000D+00 0.1748000000D-02 0.5900000000D-02 0.1750259000D+01 0.1539700000D+01 0.1613500000D+01 0.3762300000D+01
2 7320160428201605052457506.4 0.1500000000D-02-0.5700000000D-03 0.4460790000D+02 0.4004800000D+00 0.8636000000D-02 0.1050000000D-01 0.2199728000D+01 0.2344600000D+01 0.4218900000D+01 0.1170500000D+01-0.4000000000D-03 0.3800000000D-03 0.3094750000D+02 0.3390200000D+00 0.1243000000D-02 0.7200000000D-02 0.5170679000D+01 0.4978700000D+01 0.6195800000D+01 0.4183300000D+01
2 7420160505201605122457513.4 0.1400000000D-02-0.5500000000D-03 0.4720010000D+02 0.3831000000D+00 0.8880000000D-02 0.1000000000D-01 0.5651414000D+01 0.6090100000D+01 0.1733500000D+01 0.1630000000D+01-0.2000000000D-03 0.3400000000D-03 0.3330710000D+02 0.3465000000D+00 0.1571000000D-02 0.7400000000D-02 0.2310504000D+01 0.2178300000D+01 0.5107200000D+01 0.4590200000D+01
2 7520160512201605192457520.4 0.8000000000D-03-0.4100000000D-03 0.4933670000D+02 0.3594400000D+00 0.9832000000D-02 0.8600000000D-02 0.2832996000D+01 0.3579000000D+01 0.5380200000D+01 0.2427100000D+01 0.0000000000D+00 0.2300000000D-03 0.3563780000D+02 0.3249600000D+00 0.4105000000D-02 0.6500000000D-02 0.5737845000D+01 0.5629000000D+01 0.2184200000D+01 0.5215200000D+01
2 7620160519201605262457527.4 0.2100000000D-02-0.6300000000D-03 0.5081820000D+02 0.3548800000D+00 0.9585000000D-02 0.1030000000D-01 0.2372600000D-01 0.1123900000D+01 0.3036400000D+01 0.3259800000D+01-0.8000000000D-03 0.4400000000D-03 0.3770780000D+02 0.2708500000D+00 0.6432000000D-02 0.6800000000D-02 0.2885309000D+01 0.2846700000D+01 0.5944500000D+01 0.6065800000D+01
2 7720160526201606022457534.4 0.2500000000D-02-0.6700000000D-03 0.5153430000D+02 0.3354900000D+00 0.9063000000D-02 0.1260000000D-01 0.3503253000D+01 0.4953700000D+01 0.5551000000D+00 0.3870900000D+01-0.5000000000D-03 0.2900000000D-03 0.3929070000D+02 0.1794600000D+00 0.7512000000D-02 0.8800000000D-02 0.3642300000D-01 0.2510000000D-01 0.3102500000D+01 0.4458000000D+00
2 7820160602201606092457541.4 0.1900000000D-02-0.3700000000D-03 0.5142830000D+02 0.3178300000D+00 0.9661000000D-02 0.1300000000D-01 0.6989010000D+00 0.2500200000D+01 0.4466300000D+01 0.4286100000D+01-0.5000000000D-03 0.2500000000D-03 0.4017480000D+02 0.7286000000D-01 0.8190000000D-02 0.1030000000D-01 0.3471974000D+01 0.3535700000D+01 0.4235000000D+00 0.8923000000D+00
2 7920160609201606162457548.4 0.3300000000D-02-0.6700000000D-03 0.5057810000D+02 0.2932100000D+00 0.9562000000D-02 0.1040000000D-01 0.4171436000D+01 0.9340000000D-01 0.2014800000D+01 0.4842500000D+01-0.1300000000D-02 0.4100000000D-03 0.4029000000D+02 0.4281000000D-01 0.6816000000D-02 0.9400000000D-02 0.6238880000D+00 0.3881400000D+01 0.4040300000D+01 0.1306300000D+01
2 8020160616201606232457555.4 0.3600000000D-02-0.6600000000D-03 0.4912090000D+02 0.2755600000D+00 0.8196000000D-02 0.8900000000D-02 0.1349429000D+01 0.4007400000D+01 0.5646700000D+01 0.5578900000D+01-0.1200000000D-02 0.3300000000D-03 0.3967070000D+02 0.1381300000D+00 0.5286000000D-02 0.7500000000D-02 0.4056233000D+01 0.1153100000D+01 0.1186600000D+01 0.1862900000D+01
2 8120160623201606302457562.4 0.3100000000D-02-0.4600000000D-03 0.4725730000D+02 0.2899500000D+00 0.7853000000D-02 0.9100000000D-02 0.4795780000D+01 0.1566200000D+01 0.3019900000D+01 0.3860000000D-01-0.1000000000D-02 0.2500000000D-03 0.3848710000D+02 0.2114300000D+00 0.3928000000D-02 0.6300000000D-02 0.1200386000D+01 0.4603200000D+01 0.4939500000D+01 0.2616100000D+01
2 8220160630201607072457569.4 0.3000000000D-02-0.4700000000D-03 0.4515980000D+02 0.3220000000D+00 0.5504000000D-02 0.1020000000D-01 0.1943790000D+01 0.5350500000D+01 0.3014000000D+00 0.5111000000D+00-0.8000000000D-03 0.2300000000D-03 0.3690310000D+02 0.2642300000D+00 0.2136000000D-02 0.7100000000D-02 0.4622696000D+01 0.1826200000D+01 0.1908400000D+01 0.3292900000D+01
2 8320160707201607142457576.4 0.2700000000D-02-0.4200000000D-03 0.4297350000D+02 0.3535000000D+00 0.5240000000D-02 0.9200000000D-02 0.5358879000D+01 0.2708300000D+01 0.3816100000D+01 0.8700000000D+00-0.6000000000D-03 0.1800000000D-03 0.3507450000D+02 0.2930300000D+00 0.1822000000D-02 0.7400000000D-02 0.1755456000D+01 0.5268700000D+01 0.5871800000D+01 0.3699800000D+01
2 8420160714201607212457583.4 0.2400000000D-02-0.3800000000D-03 0.4082640000D+02 0.3914900000D+00 0.2549000000D-02 0.7500000000D-02 0.2476539000D+01 0.2780000000D-01 0.1170500000D+01 0.1285400000D+01-0.3000000000D-03 0.1300000000D-03 0.3312580000D+02 0.3142600000D+00 0.4200000000D-03 0.6600000000D-02 0.5166480000D+01 0.2466200000D+01 0.1163600000D+01 0.4067500000D+01
2 8520160721201607282457590.4 0.1300000000D-02-0.2300000000D-03 0.3879170000D+02 0.4078000000D+00 0.2363000000D-02 0.5500000000D-02 0.5863389000D+01 0.3544700000D+01 0.4362000000D+01 0.1866300000D+01 0.4000000000D-03 0.3000000000D-04 0.3113530000D+02 0.3160700000D+00 0.3130000000D-03 0.5100000000D-02 0.2288652000D+01 0.5886600000D+01 0.5848300000D+01 0.4486900000D+01
2 8620160728201608042457597.4 0.1000000000D-02-0.2400000000D-03 0.3692820000D+02 0.4303100000D+00 0.9920000000D-03 0.5400000000D-02 0.2955885000D+01 0.7504000000D+00 0.1774800000D+01 0.2642900000D+01 0.5000000000D-03 0.6000000000D-04 0.2915490000D+02 0.3202500000D+00 0.9450000000D-03 0.3700000000D-02 0.5690545000D+01 0.3035300000D+01 0.8652000000D+00 0.5213800000D+01
2 8720160804201608112457604.4 0.6000000000D-03-0.2400000000D-03 0.3524150000D+02 0.4378900000D+00 0.6140000000D-03 0.6300000000D-02 0.3782500000D-01 0.4214100000D+01 0.4006700000D+01 0.3156800000D+01 0.8000000000D-03 0.0000000000D+00 0.2719300000D+02 0.3129000000D+00 0.1030000000D-02 0.4100000000D-02 0.2805727000D+01 0.1538000000D+00 0.4580600000D+01 0.5959600000D+01
2 8820160811201608182457611.4-0.2000000000D-03-0.1000000000D-03 0.3376470000D+02 0.4457400000D+00 0.2990000000D-03 0.6900000000D-02 0.3394372000D+01 0.1362000000D+01 0.6257100000D+01 0.3509000000D+01 0.1200000000D-02-0.4000000000D-04 0.2527320000D+02 0.3087200000D+00 0.1495000000D-02 0.4600000000D-02 0.6202293000D+01 0.3543400000D+01 0.1347500000D+01 0.1563000000D+00
2 8920160818201608252457618.4-0.6000000000D-03-0.1100000000D-03 0.3247650000D+02 0.4475500000D+00 0.1362000000D-02 0.6700000000D-02 0.4606580000D+00 0.4787900000D+01 0.2933400000D+01 0.3770600000D+01 0.1200000000D-02-0.2000000000D-04 0.2338480000D+02 0.2975500000D+00 0.1945000000D-02 0.4800000000D-02 0.3314730000D+01 0.6400000000D+00 0.4940700000D+01 0.4606000000D+00
2 9020160825201609012457625.4-0.1100000000D-02-0.5000000000D-04 0.3138020000D+02 0.4415800000D+00 0.1208000000D-02 0.5500000000D-02 0.3804425000D+01 0.1897900000D+01 0.3868000000D+00 0.4097800000D+01 0.1300000000D-02-0.4000000000D-04 0.2153870000D+02 0.2874100000D+00 0.1712000000D-02 0.3900000000D-02 0.4275490000D+00 0.3986200000D+01 0.1898400000D+01 0.7654000000D+00
2 9120160901201609082457632.4-0.1800000000D-02 0.3000000000D-04 0.3044090000D+02 0.4434200000D+00 0.2272000000D-02 0.4400000000D-02 0.8614470000D+00 0.5294400000D+01 0.3246300000D+01 0.4587300000D+01 0.1500000000D-02-0.1000000000D-03 0.1971970000D+02 0.2765900000D+00 0.2496000000D-02 0.2800000000D-02 0.3826112000D+01 0.1062800000D+01 0.5345000000D+01 0.1240300000D+01
2 9220160908201609152457639.4-0.2600000000D-02 0.1000000000D-03 0.2964780000D+02 0.4301700000D+00 0.2007000000D-02 0.3800000000D-02 0.4198244000D+01 0.2382400000D+01 0.6564000000D+00 0.5233900000D+01 0.1500000000D-02-0.1000000000D-03 0.1793800000D+02 0.2637400000D+00 0.2068000000D-02 0.2100000000D-02 0.9448750000D+00 0.4379100000D+01 0.2312300000D+01 0.1972600000D+01
2 9320160915201609222457646.4-0.3100000000D-02 0.1200000000D-03 0.2896980000D+02 0.4265200000D+00 0.2756000000D-02 0.4500000000D-02 0.1251002000D+01 0.5751300000D+01 0.3705900000D+01 0.5833500000D+01 0.1500000000D-02-0.1000000000D-03 0.1619660000D+02 0.2513400000D+00 0.2591000000D-02 0.2300000000D-02 0.4353715000D+01 0.1428400000D+01 0.5689200000D+01 0.2700300000D+01
2 9420160922201609292457653.4-0.3900000000D-02 0.2500000000D-03 0.2837840000D+02 0.4101500000D+00 0.2584000000D-02 0.5000000000D-02 0.4586064000D+01 0.2820100000D+01 0.1036900000D+01 0.6175600000D+01 0.1400000000D-02-0.1400000000D-03 0.1451050000D+02 0.2376500000D+00 0.2216000000D-02 0.2400000000D-02 0.1488048000D+01 0.4725600000D+01 0.2655700000D+01 0.3094800000D+01
2 9520160929201610062457660.4-0.4600000000D-02 0.2800000000D-03 0.2784340000D+02 0.4035900000D+00 0.3029000000D-02 0.5100000000D-02 0.1638968000D+01 0.6166700000D+01 0.4137300000D+01 0.2022000000D+00 0.1500000000D-02-0.1500000000D-03 0.1289820000D+02 0.2245500000D+00 0.2565000000D-02 0.2100000000D-02 0.4919029000D+01 0.1754300000D+01 0.5983700000D+01 0.3443700000D+01
2 9620161006201610132457667.4-0.5000000000D-02 0.2700000000D-03 0.2733790000D+02 0.3877700000D+00 0.2975000000D-02 0.4500000000D-02 0.4975674000D+01 0.3220700000D+01 0.1319200000D+01 0.4795000000D+00 0.1200000000D-02-0.1100000000D-03 0.1138850000D+02 0.2102000000D+00 0.2328000000D-02 0.1500000000D-02 0.2083797000D+01 0.5039900000D+01 0.2934600000D+01 0.3845100000D+01
2 9720161013201610202457674.4-0.5400000000D-02 0.3000000000D-03 0.2684080000D+02 0.3753300000D+00 0.3017000000D-02 0.3300000000D-02 0.2030970000D+01 0.2672000000D+00 0.4613700000D+01 0.9478000000D+00 0.1000000000D-02-0.1000000000D-03 0.1002510000D+02 0.1957600000D+00 0.2383000000D-02 0.9000000000D-03 0.5554764000D+01 0.2046200000D+01 0.6180400000D+01 0.4784400000D+01
2 9820161020201610272457681.4-0.6000000000D-02 0.3800000000D-03 0.2632960000D+02 0.3629100000D+00 0.3193000000D-02 0.2900000000D-02 0.5371284000D+01 0.3592700000D+01 0.1633800000D+01 0.1670700000D+01 0.8000000000D-03-0.1100000000D-03 0.8857500000D+01 0.1796200000D+00 0.2250000000D-02 0.1100000000D-02 0.2770166000D+01 0.5325700000D+01 0.3192700000D+01 0.5655800000D+01
2 9920161027201611032457688.4-0.6000000000D-02 0.3000000000D-03 0.2578900000D+02 0.3481600000D+00 0.2890000000D-02 0.3300000000D-02 0.2430185000D+01 0.6264000000D+00 0.5042800000D+01 0.2325600000D+01 0.5000000000D-03-0.8000000000D-04 0.7946200000D+01 0.1649500000D+00 0.2270000000D-02 0.1300000000D-02 0.1539800000D-01 0.2315000000D+01 0.8470000000D-01 0.6164100000D+01
210020161103201611102457695.4-0.6000000000D-02 0.2700000000D-03 0.2520900000D+02 0.3390200000D+00 0.3086000000D-02 0.4200000000D-02 0.5774352000D+01 0.3946300000D+01 0.1958600000D+01 0.2722800000D+01 0.1000000000D-03-0.7000000000D-04 0.7338900000D+01 0.1475500000D+00 0.2124000000D-02 0.1100000000D-02 0.3569556000D+01 0.5579700000D+01 0.3396800000D+01 0.2024000000D+00
210120161110201611172457702.4-0.6200000000D-02 0.3100000000D-03 0.2458610000D+02 0.3233400000D+00 0.2687000000D-02 0.4200000000D-02 0.2836624000D+01 0.9772000000D+00 0.5470100000D+01 0.2960100000D+01 0.0000000000D+00-0.7000000000D-04 0.7061900000D+01 0.1328200000D+00 0.2191000000D-02 0.8000000000D-03 0.8514890000D+00 0.2547100000D+01 0.2619000000D+00 0.9003000000D+00
210220161117201611242457709.4-0.6400000000D-02 0.3000000000D-03 0.2392120000D+02 0.3172500000D+00 0.2820000000D-02 0.3700000000D-02 0.6184105000D+01 0.4295000000D+01 0.2298300000D+01 0.3232100000D+01-0.2000000000D-03-0.8000000000D-04 0.7087500000D+01 0.1150300000D+00 0.1928000000D-02 0.7000000000D-03 0.4409166000D+01 0.5779500000D+01 0.3594700000D+01 0.1955300000D+01
210320161124201612012457716.4-0.6000000000D-02 0.2100000000D-03 0.2321090000D+02 0.3035500000D+00 0.2498000000D-02 0.2700000000D-02 0.3249095000D+01 0.1329800000D+01 0.5810800000D+01 0.3559200000D+01-0.4000000000D-03-0.6000000000D-04 0.7347400000D+01 0.1016600000D+00 0.2040000000D-02 0.1100000000D-02 0.1659159000D+01 0.2712100000D+01 0.4941000000D+00 0.2618100000D+01
210420161201201612082457723.4-0.6100000000D-02 0.2500000000D-03 0.2246850000D+02 0.2968500000D+00 0.2319000000D-02 0.1800000000D-02 0.3153290000D+00 0.4648900000D+01 0.2724900000D+01 0.4316600000D+01-0.6000000000D-03-0.7000000000D-04 0.7756800000D+01 0.8748000000D-01 0.1813000000D-02 0.1200000000D-02 0.5162608000D+01 0.5885000000D+01 0.3790400000D+01 0.2919800000D+01
210520161208201612152457730.4-0.6100000000D-02 0.2500000000D-03 0.2169310000D+02 0.2874100000D+00 0.2334000000D-02 0.2000000000D-02 0.3665060000D+01 0.1696000000D+01 0.6111700000D+01 0.5146900000D+01-0.7000000000D-03-0.7000000000D-04 0.8238600000D+01 0.7796000000D-01 0.1835000000D-02 0.9000000000D-03 0.2353180000D+01 0.2749100000D+01 0.7086000000D+00 0.3276200000D+01
210620161215201612222457737.4-0.5900000000D-02 0.1800000000D-03 0.2090350000D+02 0.2792900000D+00 0.1950000000D-02 0.2500000000D-02 0.7318030000D+00 0.5018900000D+01 0.3161000000D+01 0.5640500000D+01-0.8000000000D-03-0.9000000000D-04 0.8737000000D+01 0.7018000000D-01 0.1675000000D-02 0.6000000000D-03 0.5802411000D+01 0.5852900000D+01 0.4023400000D+01 0.4008200000D+01
210720161222201612292457744.4-0.5600000000D-02 0.1400000000D-03 0.2009730000D+02 0.2733700000D+00 0.2110000000D-02 0.2800000000D-02 0.4081683000D+01 0.2075100000D+01 0.1381000000D+00 0.5892600000D+01-0.1000000000D-02-0.5000000000D-04 0.9209300000D+01 0.6808000000D-01 0.1562000000D-02 0.8000000000D-03 0.2948613000D+01 0.2660100000D+01 0.9226000000D+00 0.5172200000D+01
210820161229201701052457751.4-0.5500000000D-02 0.1300000000D-03 0.1929030000D+02 0.2635800000D+00 0.1596000000D-02 0.2400000000D-02 0.1147372000D+01 0.5405300000D+01 0.3663000000D+01 0.6126200000D+01-0.1000000000D-02-0.8000000000D-04 0.9635400000D+01 0.6781000000D-01 0.1585000000D-02 0.1200000000D-02 0.7938400000D-01 0.5776400000D+01 0.4295000000D+01 0.5610600000D+01
210920170105201701122457758.4-0.5200000000D-02 0.7000000000D-04 0.1848720000D+02 0.2609400000D+00 0.1966000000D-02 0.1700000000D-02 0.4495767000D+01 0.2472500000D+01 0.4597000000D+00 0.2426000000D+00-0.1000000000D-02-0.9000000000D-04 0.9998100000D+01 0.7325000000D-01 0.1314000000D-02 0.1300000000D-02 0.3481949000D+01 0.2619300000D+01 0.1094700000D+01 0.5880100000D+01
