 4 2   2  56 19.7027 4.9788  7.0  7.0  109 2453004.5000 2004                                                                                                                                                                                                                                                                                                                     
1  220031231200401072453004.4 0.5010000000D-01-0.5000000000D-04 0.1033700000D+02 0.1572900000D+00 0.8040000000D-03 0.7480000000D-01 0.1444399000D+01 0.5442200000D+01 0.3103700000D+01-0.3250100000D+01 0.1456000000D+00-0.7500000000D-03 0.7377800000D+01 0.6703000000D-01 0.2760000000D-03 0.5460000000D-01 0.5939490000D+00 0.4727600000D+01 0.3642900000D+01-0.4085700000D+01
1  320040107200401142453011.4 0.4950000000D-01 0.2600000000D-03 0.9643200000D+01 0.1482700000D+00 0.6300000000D-03 0.7030000000D-01 0.1050578000D+01 0.5080700000D+01 0.2805600000D+01-0.4020200000D+01 0.1394000000D+00-0.6500000000D-03 0.7119000000D+01 0.6810000000D-01 0.2390000000D-03 0.5260000000D-01 0.2277810000D+00 0.4357800000D+01 0.2975900000D+01-0.4824200000D+01
1  420040114200401212453018.4 0.5030000000D-01 0.3900000000D-03 0.9018100000D+01 0.1412000000D+00 0.5670000000D-03 0.6570000000D-01 0.6534020000D+00 0.4718600000D+01 0.2336400000D+01-0.4787000000D+01 0.1340000000D+00-0.6900000000D-03 0.6856200000D+01 0.6862000000D-01 0.3060000000D-03 0.5030000000D-01 0.6142750000D+01 0.3990700000D+01 0.2229500000D+01-0.5569900000D+01
1  520040121200401282453025.4 0.5200000000D-01 0.3900000000D-03 0.8454300000D+01 0.1351100000D+00 0.6540000000D-03 0.6110000000D-01 0.2526730000D+00 0.4361500000D+01 0.1909500000D+01-0.5568800000D+01 0.1288000000D+00-0.7600000000D-03 0.6590800000D+01 0.6818000000D-01 0.4170000000D-03 0.4830000000D-01 0.5772600000D+01 0.3620400000D+01 0.1777500000D+01-0.4170000000D-01
1  620040128200402042453032.4 0.5420000000D-01 0.3700000000D-03 0.7948600000D+01 0.1287700000D+00 0.7520000000D-03 0.5780000000D-01 0.6131218000D+01 0.4005500000D+01 0.1637300000D+01-0.7870000000D-01 0.1234000000D+00-0.7900000000D-03 0.6325400000D+01 0.6694000000D-01 0.4700000000D-03 0.4670000000D-01 0.5400870000D+01 0.3237700000D+01 0.1443400000D+01-0.7894000000D+00
1  720040204200402112453039.4 0.5650000000D-01 0.3600000000D-03 0.7500100000D+01 0.1221900000D+00 0.7580000000D-03 0.5510000000D-01 0.5722728000D+01 0.3642800000D+01 0.1411000000D+01-0.8623000000D+00 0.1179000000D+00-0.7900000000D-03 0.6060500000D+01 0.6548000000D-01 0.4470000000D-03 0.4470000000D-01 0.5028170000D+01 0.2841800000D+01 0.1063700000D+01-0.1531300000D+01
1  820040211200402182453046.4 0.5900000000D-01 0.3100000000D-03 0.7106100000D+01 0.1161200000D+00 0.6710000000D-03 0.5220000000D-01 0.5310814000D+01 0.3271000000D+01 0.1143500000D+01-0.1643900000D+01 0.1125000000D+00-0.8100000000D-03 0.5795200000D+01 0.6408000000D-01 0.4020000000D-03 0.4230000000D-01 0.4655049000D+01 0.2440000000D+01 0.5523000000D+00-0.2282100000D+01
1  920040218200402252453053.4 0.6170000000D-01 0.2400000000D-03 0.6762400000D+01 0.1111200000D+00 0.5480000000D-03 0.4930000000D-01 0.4895982000D+01 0.2894000000D+01 0.7371000000D+00-0.2439900000D+01 0.1071000000D+00-0.8500000000D-03 0.5528500000D+01 0.6259000000D-01 0.4090000000D-03 0.4030000000D-01 0.4281923000D+01 0.2039800000D+01 0.6224400000D+01-0.3039400000D+01
1 1020040225200403032453060.4 0.6440000000D-01 0.2100000000D-03 0.6464600000D+01 0.1070000000D+00 0.5010000000D-03 0.4740000000D-01 0.4478708000D+01 0.2518900000D+01 0.1877000000D+00-0.3243600000D+01 0.1016000000D+00-0.8500000000D-03 0.5260300000D+01 0.6053000000D-01 0.4680000000D-03 0.3860000000D-01 0.3909109000D+01 0.1642400000D+01 0.5745500000D+01-0.3787000000D+01
1 1120040303200403102453067.4 0.6680000000D-01 0.3000000000D-03 0.6208700000D+01 0.1030300000D+00 0.5530000000D-03 0.4600000000D-01 0.4059393000D+01 0.2149200000D+01 0.6042400000D+01-0.4036200000D+01 0.9590000000D-01-0.7800000000D-03 0.4991300000D+01 0.5777000000D-01 0.5010000000D-03 0.3660000000D-01 0.3536968000D+01 0.1239700000D+01 0.5426300000D+01-0.4527100000D+01
1 1220040310200403172453074.4 0.6910000000D-01 0.5000000000D-03 0.5992300000D+01 0.9866000000D-01 0.6010000000D-03 0.4440000000D-01 0.3638458000D+01 0.1780100000D+01 0.5809300000D+01-0.4826800000D+01 0.9020000000D-01-0.6700000000D-03 0.4722500000D+01 0.5479000000D-01 0.4700000000D-03 0.3430000000D-01 0.3166070000D+01 0.8244000000D+00 0.5129800000D+01-0.5274500000D+01
1 1320040317200403242453081.4 0.7170000000D-01 0.6600000000D-03 0.5813600000D+01 0.9416000000D-01 0.5810000000D-03 0.4280000000D-01 0.3216591000D+01 0.1404000000D+01 0.5627600000D+01-0.5627200000D+01 0.8460000000D-01-0.6500000000D-03 0.4454200000D+01 0.5219000000D-01 0.4110000000D-03 0.3230000000D-01 0.2797175000D+01 0.3990000000D+00 0.4712700000D+01-0.6023800000D+01
1 1420040324200403312453088.4 0.7490000000D-01 0.6300000000D-03 0.5670100000D+01 0.9018000000D-01 0.4890000000D-03 0.4190000000D-01 0.2794830000D+01 0.1017900000D+01 0.5357300000D+01-0.1480000000D+00 0.7930000000D-01-0.7400000000D-03 0.4185900000D+01 0.4997000000D-01 0.3960000000D-03 0.3050000000D-01 0.2431099000D+01 0.6255700000D+01 0.4154400000D+01-0.4813000000D+00
1 1520040331200404072453095.4 0.7860000000D-01 0.4400000000D-03 0.5556400000D+01 0.8713000000D-01 0.4120000000D-03 0.4150000000D-01 0.2374251000D+01 0.6286000000D+00 0.4855500000D+01-0.9421000000D+00 0.7400000000D-01-0.8800000000D-03 0.3917000000D+01 0.4763000000D-01 0.4420000000D-03 0.2850000000D-01 0.2068543000D+01 0.5832700000D+01 0.3667500000D+01-0.1212500000D+01
1 1620040407200404142453102.4 0.8200000000D-01 0.2400000000D-03 0.5465900000D+01 0.8448000000D-01 0.4520000000D-03 0.4080000000D-01 0.1955370000D+01 0.2451000000D+00 0.4302700000D+01-0.1727800000D+01 0.6840000000D-01-0.9600000000D-03 0.3648200000D+01 0.4485000000D-01 0.4740000000D-03 0.2640000000D-01 0.1710100000D+01 0.5405300000D+01 0.3323500000D+01-0.1941900000D+01
1 1720040414200404212453109.4 0.8480000000D-01 0.1700000000D-03 0.5395200000D+01 0.8138000000D-01 0.5310000000D-03 0.4010000000D-01 0.1538343000D+01 0.6148600000D+01 0.3965600000D+01-0.2519800000D+01 0.6230000000D-01-0.9400000000D-03 0.3381400000D+01 0.4201000000D-01 0.4490000000D-03 0.2430000000D-01 0.1356694000D+01 0.4963300000D+01 0.2984700000D+01-0.2671700000D+01
1 1820040421200404282453116.4 0.8690000000D-01 0.2400000000D-03 0.5342700000D+01 0.7775000000D-01 0.5470000000D-03 0.3980000000D-01 0.1123608000D+01 0.5762900000D+01 0.3741100000D+01-0.3315900000D+01 0.5590000000D-01-0.8500000000D-03 0.3118800000D+01 0.3958000000D-01 0.3960000000D-03 0.2250000000D-01 0.1009815000D+01 0.4509700000D+01 0.2537700000D+01-0.3392500000D+01
1 1920040428200405052453123.4 0.8870000000D-01 0.3500000000D-03 0.5305200000D+01 0.7427000000D-01 0.4930000000D-03 0.3990000000D-01 0.7119280000D+00 0.5366300000D+01 0.3489900000D+01-0.4100800000D+01 0.4960000000D-01-0.7900000000D-03 0.2861700000D+01 0.3751000000D-01 0.3730000000D-03 0.2070000000D-01 0.6712830000D+00 0.4055700000D+01 0.1999000000D+01-0.4097600000D+01
1 2020040505200405122453130.4 0.9070000000D-01 0.3700000000D-03 0.5277500000D+01 0.7157000000D-01 0.4250000000D-03 0.3970000000D-01 0.3038060000D+00 0.4964500000D+01 0.3083300000D+01-0.4872600000D+01 0.4360000000D-01-0.8000000000D-03 0.2612000000D+01 0.3545000000D-01 0.3870000000D-03 0.1880000000D-01 0.3429800000D+00 0.3605600000D+01 0.1518100000D+01-0.4789900000D+01
1 2120040512200405192453137.4 0.9280000000D-01 0.3300000000D-03 0.5254700000D+01 0.6945000000D-01 0.4250000000D-03 0.3930000000D-01 0.6182312000D+01 0.4567100000D+01 0.2530400000D+01-0.5651200000D+01 0.3770000000D-01-0.8500000000D-03 0.2372800000D+01 0.3325000000D-01 0.3950000000D-03 0.1700000000D-01 0.2693000000D-01 0.3151700000D+01 0.1123200000D+01-0.5476700000D+01
1 2220040519200405262453144.4 0.9480000000D-01 0.2600000000D-03 0.5234600000D+01 0.6714000000D-01 0.4850000000D-03 0.3920000000D-01 0.5780699000D+01 0.4174400000D+01 0.2068800000D+01-0.1512000000D+00 0.3160000000D-01-0.8800000000D-03 0.2148700000D+01 0.3112000000D-01 0.3720000000D-03 0.1540000000D-01 0.6008862000D+01 0.2685900000D+01 0.7227000000D+00-0.6148600000D+01
1 2320040526200406022453151.4 0.9630000000D-01 0.2000000000D-03 0.5216300000D+01 0.6440000000D-01 0.5220000000D-03 0.3940000000D-01 0.5382046000D+01 0.3779200000D+01 0.1726600000D+01-0.9210000000D+00 0.2550000000D-01-0.8900000000D-03 0.1945300000D+01 0.2930000000D-01 0.3410000000D-03 0.1410000000D-01 0.5725512000D+01 0.2212900000D+01 0.2486000000D+00-0.5102000000D+00
1 2420040602200406092453158.4 0.9760000000D-01 0.1300000000D-03 0.5198400000D+01 0.6157000000D-01 0.4980000000D-03 0.3920000000D-01 0.4986411000D+01 0.3375800000D+01 0.1418600000D+01-0.1681100000D+01 0.1940000000D-01-0.8600000000D-03 0.1768500000D+01 0.2768000000D-01 0.3290000000D-03 0.1280000000D-01 0.5462906000D+01 0.1740700000D+01 0.6024600000D+01-0.1132900000D+01
1 2520040609200406162453165.4 0.9870000000D-01 0.3000000000D-04 0.5178900000D+01 0.5918000000D-01 0.4140000000D-03 0.3880000000D-01 0.4593777000D+01 0.2965500000D+01 0.1042700000D+01-0.2447000000D+01 0.1330000000D-01-0.8200000000D-03 0.1624800000D+01 0.2610000000D-01 0.3310000000D-03 0.1180000000D-01 0.5222284000D+01 0.1268500000D+01 0.5554200000D+01-0.1738600000D+01
1 2620040616200406232453172.4 0.9940000000D-01-0.5000000000D-04 0.5155800000D+01 0.5735000000D-01 0.3390000000D-03 0.3870000000D-01 0.4203923000D+01 0.2557700000D+01 0.5080000000D+00-0.3215800000D+01 0.7400000000D-02-0.7900000000D-03 0.1520800000D+01 0.2456000000D-01 0.3230000000D-03 0.1120000000D-01 0.5001737000D+01 0.7890000000D+00 0.5112600000D+01-0.2327700000D+01
1 2720040623200406302453179.4 0.9970000000D-01-0.7000000000D-04 0.5127900000D+01 0.5569000000D-01 0.3390000000D-03 0.3870000000D-01 0.3816461000D+01 0.2160200000D+01 0.6249700000D+01-0.3973000000D+01 0.1700000000D-02-0.7700000000D-03 0.1461800000D+01 0.2320000000D-01 0.3020000000D-03 0.1100000000D-01 0.4794902000D+01 0.3004000000D+00 0.4649400000D+01-0.2903300000D+01
1 2820040630200407072453186.4 0.9950000000D-01 0.1000000000D-04 0.5095500000D+01 0.5380000000D-01 0.3700000000D-03 0.3840000000D-01 0.3430999000D+01 0.1769800000D+01 0.5921600000D+01-0.4724300000D+01-0.3600000000D-02-0.7700000000D-03 0.1449500000D+01 0.2208000000D-01 0.2860000000D-03 0.1100000000D-01 0.4591515000D+01 0.6092400000D+01 0.4155200000D+01-0.3479400000D+01
1 2920040707200407142453193.4 0.9910000000D-01 0.1100000000D-03 0.5059500000D+01 0.5174000000D-01 0.3670000000D-03 0.3790000000D-01 0.3047264000D+01 0.1377200000D+01 0.5728100000D+01-0.5478800000D+01-0.9000000000D-02-0.7600000000D-03 0.1480400000D+01 0.2109000000D-01 0.2830000000D-03 0.1140000000D-01 0.4380490000D+01 0.5602300000D+01 0.3695400000D+01-0.4071100000D+01
1 3020040714200407212453200.4 0.9900000000D-01 0.1300000000D-03 0.5020800000D+01 0.4996000000D-01 0.3080000000D-03 0.3760000000D-01 0.2665170000D+01 0.9767000000D+00 0.5530600000D+01-0.6236100000D+01-0.1420000000D-01-0.7200000000D-03 0.1547300000D+01 0.2019000000D-01 0.2760000000D-03 0.1200000000D-01 0.4153482000D+01 0.5106600000D+01 0.3289800000D+01-0.4680400000D+01
1 3120040721200407282453207.4 0.9910000000D-01 0.2000000000D-04 0.4979100000D+01 0.4890000000D-01 0.2300000000D-03 0.3740000000D-01 0.2284678000D+01 0.5756000000D+00 0.5127700000D+01-0.7044000000D+00-0.1930000000D-01-0.6600000000D-03 0.1641300000D+01 0.1954000000D-01 0.2550000000D-03 0.1280000000D-01 0.3906438000D+01 0.4603400000D+01 0.2874200000D+01-0.5306100000D+01
1 3220040728200408042453214.4 0.9920000000D-01-0.1200000000D-03 0.4933200000D+01 0.4831000000D-01 0.2180000000D-03 0.3710000000D-01 0.1905438000D+01 0.1859000000D+00 0.4485800000D+01-0.1448400000D+01-0.2410000000D-01-0.6000000000D-03 0.1754200000D+01 0.1922000000D-01 0.2370000000D-03 0.1370000000D-01 0.3639138000D+01 0.4101900000D+01 0.2401800000D+01-0.5950600000D+01
1 3320040804200408112453221.4 0.9890000000D-01-0.2200000000D-03 0.4883500000D+01 0.4761000000D-01 0.2610000000D-03 0.3660000000D-01 0.1526882000D+01 0.6089600000D+01 0.4059200000D+01-0.2194400000D+01-0.2860000000D-01-0.5700000000D-03 0.1879000000D+01 0.1911000000D-01 0.2380000000D-03 0.1470000000D-01 0.3353715000D+01 0.3610200000D+01 0.1926900000D+01-0.3327000000D+00
1 3420040811200408182453228.4 0.9810000000D-01-0.2000000000D-03 0.4831900000D+01 0.4658000000D-01 0.2800000000D-03 0.3610000000D-01 0.1148607000D+01 0.5710300000D+01 0.3871100000D+01-0.2946200000D+01-0.3280000000D-01-0.5600000000D-03 0.2010400000D+01 0.1908000000D-01 0.2500000000D-03 0.1570000000D-01 0.3053176000D+01 0.3125100000D+01 0.1515600000D+01-0.1013400000D+01
1 3520040818200408252453235.4 0.9710000000D-01-0.1000000000D-03 0.4779900000D+01 0.4560000000D-01 0.2570000000D-03 0.3590000000D-01 0.7705460000D+00 0.5323900000D+01 0.3768900000D+01-0.3697300000D+01-0.3670000000D-01-0.5600000000D-03 0.2144400000D+01 0.1917000000D-01 0.2520000000D-03 0.1680000000D-01 0.2740403000D+01 0.2639200000D+01 0.1149100000D+01-0.1697200000D+01
1 3620040825200409012453242.4 0.9610000000D-01-0.2000000000D-04 0.4727400000D+01 0.4520000000D-01 0.2120000000D-03 0.3570000000D-01 0.3927180000D+00 0.4934500000D+01 0.3583000000D+01-0.4438700000D+01-0.4050000000D-01-0.5300000000D-03 0.2277700000D+01 0.1955000000D-01 0.2370000000D-03 0.1770000000D-01 0.2417718000D+01 0.2154200000D+01 0.7455000000D+00-0.2388000000D+01
1 3720040901200409082453249.4 0.9550000000D-01 0.0000000000D+00 0.4673700000D+01 0.4541000000D-01 0.1810000000D-03 0.3510000000D-01 0.1481000000D-01 0.4552700000D+01 0.3136100000D+01-0.5181300000D+01-0.4420000000D-01-0.4800000000D-03 0.2408200000D+01 0.2020000000D-01 0.2210000000D-03 0.1860000000D-01 0.2086925000D+01 0.1680400000D+01 0.2580000000D+00-0.3094600000D+01
1 3820040908200409152453256.4 0.9500000000D-01-0.2000000000D-04 0.4619100000D+01 0.4576000000D-01 0.2000000000D-03 0.3460000000D-01 0.5919415000D+01 0.4180600000D+01 0.2583100000D+01-0.5934000000D+01-0.4760000000D-01-0.4500000000D-03 0.2534900000D+01 0.2093000000D-01 0.2220000000D-03 0.1970000000D-01 0.1749529000D+01 0.1221600000D+01 0.6013500000D+01-0.3807600000D+01
1 3920040915200409222453263.4 0.9460000000D-01-0.4000000000D-04 0.4564900000D+01 0.4597000000D-01 0.2480000000D-03 0.3430000000D-01 0.5539708000D+01 0.3811700000D+01 0.2190300000D+01-0.4047000000D+00-0.5080000000D-01-0.4200000000D-03 0.2657100000D+01 0.2158000000D-01 0.2380000000D-03 0.2070000000D-01 0.1406797000D+01 0.7727000000D+00 0.5535800000D+01-0.4517100000D+01
1 4020040922200409292453270.4 0.9420000000D-01-0.5000000000D-04 0.4512700000D+01 0.4611000000D-01 0.2810000000D-03 0.3410000000D-01 0.5158633000D+01 0.3438300000D+01 0.1927600000D+01-0.1150300000D+01-0.5370000000D-01-0.3900000000D-03 0.2774100000D+01 0.2212000000D-01 0.2440000000D-03 0.2140000000D-01 0.1059803000D+01 0.3247000000D+00 0.5145800000D+01-0.5228400000D+01
1 4120040929200410062453277.4 0.9380000000D-01-0.6000000000D-04 0.4463200000D+01 0.4650000000D-01 0.2680000000D-03 0.3360000000D-01 0.4776017000D+01 0.3057000000D+01 0.1715000000D+01-0.1895300000D+01-0.5650000000D-01-0.3300000000D-03 0.2885000000D+01 0.2273000000D-01 0.2210000000D-03 0.2210000000D-01 0.7093980000D+00 0.6157500000D+01 0.4788300000D+01-0.5951400000D+01
1 4220041006200410132453284.4 0.9350000000D-01-0.9000000000D-04 0.4416300000D+01 0.4738000000D-01 0.2150000000D-03 0.3310000000D-01 0.4391587000D+01 0.2674300000D+01 0.1466100000D+01-0.2652300000D+01-0.5910000000D-01-0.2600000000D-03 0.2988800000D+01 0.2353000000D-01 0.1830000000D-03 0.2300000000D-01 0.3561260000D+00 0.5715100000D+01 0.4336700000D+01-0.3940000000D+00
1 4320041013200410202453291.4 0.9330000000D-01-0.1000000000D-03 0.4372300000D+01 0.4861000000D-01 0.1700000000D-03 0.3290000000D-01 0.4004935000D+01 0.2298900000D+01 0.1052900000D+01-0.3412600000D+01-0.6140000000D-01-0.2200000000D-03 0.3085300000D+01 0.2433000000D-01 0.1700000000D-03 0.2380000000D-01 0.3780000000D-03 0.5288500000D+01 0.3740100000D+01-0.1114700000D+01
1 4420041020200410272453298.4 0.9310000000D-01-0.4000000000D-04 0.4332200000D+01 0.4991000000D-01 0.1820000000D-03 0.3270000000D-01 0.3615616000D+01 0.1932500000D+01 0.5351000000D+00-0.4166900000D+01-0.6320000000D-01-0.2400000000D-03 0.3174300000D+01 0.2488000000D-01 0.1960000000D-03 0.2430000000D-01 0.5925741000D+01 0.4873500000D+01 0.3229100000D+01-0.1836000000D+01
1 4520041027200411032453305.4 0.9280000000D-01 0.6000000000D-04 0.4297600000D+01 0.5109000000D-01 0.2430000000D-03 0.3240000000D-01 0.3223191000D+01 0.1569100000D+01 0.2309000000D+00-0.4920600000D+01-0.6480000000D-01-0.2900000000D-03 0.3255900000D+01 0.2510000000D-01 0.2210000000D-03 0.2480000000D-01 0.5566341000D+01 0.4456400000D+01 0.2912100000D+01-0.2562700000D+01
1 4620041103200411102453312.4 0.9280000000D-01 0.1900000000D-03 0.4271200000D+01 0.5225000000D-01 0.2980000000D-03 0.3200000000D-01 0.2827392000D+01 0.1199900000D+01 0.9540000000D-01-0.5685000000D+01-0.6640000000D-01-0.2900000000D-03 0.3329700000D+01 0.2525000000D-01 0.2090000000D-03 0.2530000000D-01 0.5205934000D+01 0.4029500000D+01 0.2631000000D+01-0.3293000000D+01
1 4720041110200411172453319.4 0.9330000000D-01 0.2400000000D-03 0.4254900000D+01 0.5390000000D-01 0.3050000000D-03 0.3190000000D-01 0.2428267000D+01 0.8239000000D+00 0.6236600000D+01-0.1735000000D+00-0.6810000000D-01-0.2200000000D-03 0.3394300000D+01 0.2558000000D-01 0.1730000000D-03 0.2580000000D-01 0.4844955000D+01 0.3601900000D+01 0.2148000000D+01-0.4019100000D+01
1 4820041117200411242453326.4 0.9440000000D-01 0.1900000000D-03 0.4249800000D+01 0.5626000000D-01 0.2680000000D-03 0.3210000000D-01 0.2025851000D+01 0.4494000000D+00 0.5943800000D+01-0.9409000000D+00-0.6960000000D-01-0.1000000000D-03 0.3448600000D+01 0.2588000000D-01 0.1750000000D-03 0.2620000000D-01 0.4483623000D+01 0.3184300000D+01 0.1405500000D+01-0.4741600000D+01
1 4920041124200412012453333.4 0.9570000000D-01 0.9000000000D-04 0.4257300000D+01 0.5900000000D-01 0.2420000000D-03 0.3220000000D-01 0.1619947000D+01 0.8200000000D-01 0.5414600000D+01-0.1707100000D+01-0.7080000000D-01-0.1000000000D-04 0.3492100000D+01 0.2578000000D-01 0.2210000000D-03 0.2640000000D-01 0.4122164000D+01 0.2771600000D+01 0.8329000000D+00-0.5465700000D+01
1 5020041201200412082453340.4 0.9700000000D-01 0.5000000000D-04 0.4280200000D+01 0.6157000000D-01 0.2880000000D-03 0.3220000000D-01 0.1210338000D+01 0.6002600000D+01 0.4883400000D+01-0.2482000000D+01-0.7140000000D-01 0.1000000000D-04 0.3524400000D+01 0.2514000000D-01 0.2520000000D-03 0.2650000000D-01 0.3760996000D+01 0.2350400000D+01 0.4618000000D+00-0.6193900000D+01
1 5120041208200412152453347.4 0.9820000000D-01 0.1200000000D-03 0.4322700000D+01 0.6381000000D-01 0.3670000000D-03 0.3260000000D-01 0.7973300000D+00 0.5636800000D+01 0.4576500000D+01-0.3267300000D+01-0.7170000000D-01-0.1000000000D-04 0.3544600000D+01 0.2420000000D-01 0.2430000000D-03 0.2670000000D-01 0.3400830000D+01 0.1909700000D+01 0.9200000000D-01-0.6366000000D+00
1 5220041215200412222453354.4 0.9940000000D-01 0.2600000000D-03 0.4388100000D+01 0.6616000000D-01 0.4140000000D-03 0.3350000000D-01 0.3818750000D+00 0.5263200000D+01 0.4355600000D+01-0.4048100000D+01-0.7180000000D-01-0.4000000000D-04 0.3550700000D+01 0.2329000000D-01 0.2280000000D-03 0.2680000000D-01 0.3042412000D+01 0.1454400000D+01 0.5848200000D+01-0.1353400000D+01
1 5320041222200412292453361.4 0.1011000000D+00 0.4000000000D-03 0.4477600000D+01 0.6910000000D-01 0.4070000000D-03 0.3430000000D-01 0.6248142000D+01 0.4886200000D+01 0.4074200000D+01-0.4822500000D+01-0.7180000000D-01-0.2000000000D-04 0.3540700000D+01 0.2234000000D-01 0.2540000000D-03 0.2660000000D-01 0.2686283000D+01 0.9930000000D+00 0.5246600000D+01-0.2069100000D+01
1 5420041229200501052453368.4 0.1033000000D+00 0.4600000000D-03 0.4591800000D+01 0.7253000000D-01 0.3740000000D-03 0.3500000000D-01 0.5830389000D+01 0.4512900000D+01 0.3625900000D+01-0.5603400000D+01-0.7170000000D-01 0.3000000000D-04 0.3513100000D+01 0.2106000000D-01 0.3100000000D-03 0.2630000000D-01 0.2332985000D+01 0.5192000000D+00 0.4764000000D+01-0.2787500000D+01
1 5520050105200501122453375.4 0.1060000000D+00 0.4800000000D-03 0.4732400000D+01 0.7591000000D-01 0.3820000000D-03 0.3610000000D-01 0.5412412000D+01 0.4144800000D+01 0.3009500000D+01-0.1103000000D+00-0.7140000000D-01 0.1200000000D-03 0.3467400000D+01 0.1950000000D-01 0.3610000000D-03 0.2590000000D-01 0.1983395000D+01 0.1280000000D-01 0.4360200000D+01-0.3502300000D+01
2 5620031231200401072453004.4 0.4000000000D-03 0.4100000000D-03 0.2588680000D+02 0.4050000000D+00 0.2405000000D-02 0.5000000000D-03 0.5886076000D+01 0.3593400000D+01 0.1134900000D+01 0.6993000000D+00 0.4800000000D-02 0.1600000000D-03 0.1899250000D+02 0.1748800000D+00 0.8870000000D-03 0.1200000000D-02 0.4994643000D+01 0.2869100000D+01 0.1057500000D+01 0.5383400000D+01
2 5720040107200401142453011.4 0.1100000000D-02 0.3000000000D-03 0.2410220000D+02 0.3794700000D+00 0.1684000000D-02 0.1300000000D-02 0.2954451000D+01 0.6908000000D+00 0.4575400000D+01 0.1575600000D+01 0.5000000000D-02 0.7000000000D-04 0.1834460000D+02 0.1725400000D+00 0.7300000000D-03 0.6000000000D-03 0.2091417000D+01 0.6235900000D+01 0.4990500000D+01 0.5817700000D+01
2 5820040114200401212453018.4 0.1500000000D-02 0.2800000000D-03 0.2248770000D+02 0.3624900000D+00 0.2051000000D-02 0.2000000000D-02 0.1946800000D-01 0.4080700000D+01 0.1663500000D+01 0.1668400000D+01 0.4900000000D-02 0.6000000000D-04 0.1769000000D+02 0.1760600000D+00 0.9740000000D-03 0.7000000000D-03 0.5469928000D+01 0.3331200000D+01 0.1410900000D+01 0.1134500000D+01
2 5920040121200401282453025.4 0.1700000000D-02 0.3100000000D-03 0.2102890000D+02 0.3414800000D+00 0.1580000000D-02 0.2100000000D-02 0.3363254000D+01 0.1178200000D+01 0.5184400000D+01 0.1738200000D+01 0.4700000000D-02 0.5000000000D-04 0.1702600000D+02 0.1717200000D+00 0.8530000000D-03 0.1400000000D-02 0.2562983000D+01 0.4101000000D+00 0.5179500000D+01 0.1431900000D+01
2 6020040128200402042453032.4 0.2000000000D-02 0.2500000000D-03 0.1972350000D+02 0.3273900000D+00 0.1748000000D-02 0.2000000000D-02 0.4201510000D+00 0.4561000000D+01 0.2187800000D+01 0.1878500000D+01 0.4700000000D-02 0.0000000000D+00 0.1636100000D+02 0.1726000000D+00 0.1021000000D-02 0.1700000000D-02 0.5938424000D+01 0.3775200000D+01 0.1736700000D+01 0.1621700000D+01
2 6120040204200402112453039.4 0.2400000000D-02 0.1900000000D-03 0.1855740000D+02 0.3108600000D+00 0.1646000000D-02 0.1400000000D-02 0.3755939000D+01 0.1659600000D+01 0.5703000000D+01 0.2024900000D+01 0.4600000000D-02-0.1000000000D-04 0.1568910000D+02 0.1671600000D+00 0.1060000000D-02 0.1800000000D-02 0.3029331000D+01 0.8525000000D+00 0.5318400000D+01 0.1708300000D+01
2 6220040211200402182453046.4 0.2500000000D-02 0.2000000000D-03 0.1753070000D+02 0.2965300000D+00 0.1376000000D-02 0.8000000000D-03 0.8046870000D+00 0.5032900000D+01 0.2825200000D+01 0.2679200000D+01 0.4300000000D-02 0.0000000000D+00 0.1501910000D+02 0.1637000000D+00 0.9220000000D-03 0.1300000000D-02 0.1199590000D+00 0.4197700000D+01 0.2222800000D+01 0.1863300000D+01
2 6320040218200402252453053.4 0.2700000000D-02 0.1500000000D-03 0.1662940000D+02 0.2858400000D+00 0.1675000000D-02 0.9000000000D-03 0.4133209000D+01 0.2131300000D+01 0.6173700000D+01 0.3617600000D+01 0.4200000000D-02-0.4000000000D-04 0.1434200000D+02 0.1592500000D+00 0.1262000000D-02 0.8000000000D-03 0.3493818000D+01 0.1275800000D+01 0.5570100000D+01 0.2356000000D+01
2 6420040225200403032453060.4 0.3000000000D-02 0.8000000000D-04 0.1585320000D+02 0.2718300000D+00 0.1267000000D-02 0.1300000000D-02 0.1174803000D+01 0.5499700000D+01 0.3412600000D+01 0.4202700000D+01 0.4100000000D-02-0.6000000000D-04 0.1366720000D+02 0.1527700000D+00 0.9450000000D-03 0.6000000000D-03 0.5845620000D+00 0.4606400000D+01 0.2621500000D+01 0.3550200000D+01
2 6520040303200403102453067.4 0.3200000000D-02 0.5000000000D-04 0.1519250000D+02 0.2637000000D+00 0.1594000000D-02 0.1700000000D-02 0.4497413000D+01 0.2592800000D+01 0.3610000000D+00 0.4408800000D+01 0.3800000000D-02-0.6000000000D-04 0.1298820000D+02 0.1481300000D+00 0.1324000000D-02 0.1100000000D-02 0.3959841000D+01 0.1675900000D+01 0.5883800000D+01 0.4212000000D+01
2 6620040310200403172453074.4 0.3300000000D-02 0.1000000000D-04 0.1464170000D+02 0.2502300000D+00 0.1215000000D-02 0.1600000000D-02 0.1534327000D+01 0.5958000000D+01 0.4015600000D+01 0.4568700000D+01 0.3700000000D-02-0.9000000000D-04 0.1230930000D+02 0.1399000000D+00 0.9420000000D-03 0.1300000000D-02 0.1052854000D+01 0.4994300000D+01 0.3025200000D+01 0.4400700000D+01
2 6720040317200403242453081.4 0.3600000000D-02-0.4000000000D-04 0.1419170000D+02 0.2445400000D+00 0.1537000000D-02 0.1400000000D-02 0.4854040000D+01 0.3044300000D+01 0.8123000000D+00 0.4835500000D+01 0.3600000000D-02-0.1200000000D-03 0.1162760000D+02 0.1353600000D+00 0.1354000000D-02 0.1300000000D-02 0.4431771000D+01 0.2055000000D+01 0.6237500000D+01 0.4623700000D+01
2 6820040324200403312453088.4 0.3800000000D-02-0.7000000000D-04 0.1383290000D+02 0.2324700000D+00 0.1276000000D-02 0.1000000000D-02 0.1889647000D+01 0.1241000000D+00 0.4440400000D+01 0.5208900000D+01 0.3400000000D-02-0.1200000000D-03 0.1094480000D+02 0.1270500000D+00 0.1038000000D-02 0.1000000000D-02 0.1529544000D+01 0.5364200000D+01 0.3337100000D+01 0.4851400000D+01
2 6920040331200404072453095.4 0.3800000000D-02-0.9000000000D-04 0.1355700000D+02 0.2258300000D+00 0.1385000000D-02 0.9000000000D-03 0.5209727000D+01 0.3485600000D+01 0.1332900000D+01 0.6142300000D+01 0.3200000000D-02-0.1200000000D-03 0.1026210000D+02 0.1212400000D+00 0.1228000000D-02 0.6000000000D-03 0.4914495000D+01 0.2406200000D+01 0.3199000000D+00 0.5595900000D+01
2 7020040407200404142453102.4 0.4000000000D-02-0.1500000000D-03 0.1335080000D+02 0.2159700000D+00 0.1353000000D-02 0.1300000000D-02 0.2247883000D+01 0.5629000000D+00 0.4855200000D+01 0.4423000000D+00 0.3100000000D-02-0.1400000000D-03 0.9581000000D+01 0.1137900000D+00 0.1085000000D-02 0.7000000000D-03 0.2020296000D+01 0.5710800000D+01 0.3687200000D+01 0.2514000000D+00
2 7120040414200404212453109.4 0.4000000000D-02-0.1500000000D-03 0.1320470000D+02 0.2087000000D+00 0.1286000000D-02 0.1600000000D-02 0.5571860000D+01 0.3915700000D+01 0.1837300000D+01 0.7968000000D+00 0.2800000000D-02-0.1300000000D-03 0.8904500000D+01 0.1078900000D+00 0.1123000000D-02 0.1000000000D-02 0.5414949000D+01 0.2734700000D+01 0.6539000000D+00 0.7463000000D+00
2 7220040421200404282453116.4 0.3900000000D-02-0.1400000000D-03 0.1310420000D+02 0.2010300000D+00 0.1382000000D-02 0.1900000000D-02 0.2615451000D+01 0.9889000000D+00 0.5199300000D+01 0.9801000000D+00 0.2500000000D-02-0.1000000000D-03 0.8235400000D+01 0.1012900000D+00 0.1116000000D-02 0.1100000000D-02 0.2532966000D+01 0.6036000000D+01 0.4007400000D+01 0.9608000000D+00
2 7320040428200405052453123.4 0.3800000000D-02-0.1600000000D-03 0.1304150000D+02 0.1920000000D+00 0.1203000000D-02 0.1700000000D-02 0.5945439000D+01 0.4336700000D+01 0.2396300000D+01 0.1162500000D+01 0.2300000000D-02-0.1000000000D-03 0.7580800000D+01 0.9530000000D-01 0.9730000000D-03 0.9000000000D-03 0.5942223000D+01 0.3038300000D+01 0.9494000000D+00 0.1165600000D+01
2 7420040505200405122453130.4 0.3800000000D-02-0.1900000000D-03 0.1300300000D+02 0.1866800000D+00 0.1377000000D-02 0.1300000000D-02 0.2996187000D+01 0.1403300000D+01 0.5552300000D+01 0.1493400000D+01 0.2200000000D-02-0.1100000000D-03 0.6946300000D+01 0.8941000000D-01 0.1088000000D-02 0.6000000000D-03 0.3078595000D+01 0.5750000000D-01 0.4334600000D+01 0.1570100000D+01
2 7520040512200405192453137.4 0.3600000000D-02-0.1600000000D-03 0.1298050000D+02 0.1772600000D+00 0.1192000000D-02 0.9000000000D-03 0.5013700000D-01 0.4748000000D+01 0.2853500000D+01 0.2103600000D+01 0.1900000000D-02-0.7000000000D-04 0.6342000000D+01 0.8403000000D-01 0.9070000000D-03 0.4000000000D-03 0.2265670000D+00 0.3328800000D+01 0.1248300000D+01 0.2571200000D+01
2 7620040519200405262453144.4 0.3400000000D-02-0.1700000000D-03 0.1296540000D+02 0.1725300000D+00 0.1246000000D-02 0.1100000000D-02 0.3391340000D+01 0.1807200000D+01 0.5987500000D+01 0.3085400000D+01 0.1800000000D-02-0.8000000000D-04 0.5777900000D+01 0.7867000000D-01 0.9810000000D-03 0.6000000000D-03 0.3672655000D+01 0.3381000000D+00 0.4611700000D+01 0.3500700000D+01
2 7720040526200406022453151.4 0.3400000000D-02-0.2100000000D-03 0.1295000000D+02 0.1644100000D+00 0.1172000000D-02 0.1600000000D-02 0.4523770000D+00 0.5152000000D+01 0.3253000000D+01 0.3532200000D+01 0.1600000000D-02-0.8000000000D-04 0.5267900000D+01 0.7384000000D-01 0.8610000000D-03 0.7000000000D-03 0.8519500000D+00 0.3604200000D+01 0.1524100000D+01 0.3816900000D+01
2 7820040602200406092453158.4 0.3200000000D-02-0.1900000000D-03 0.1293170000D+02 0.1596600000D+00 0.1127000000D-02 0.1900000000D-02 0.3800217000D+01 0.2205800000D+01 0.1743000000D+00 0.3830600000D+01 0.1600000000D-02-0.8000000000D-04 0.4827900000D+01 0.6882000000D-01 0.8810000000D-03 0.6000000000D-03 0.4333514000D+01 0.6014000000D+00 0.4885200000D+01 0.4145900000D+01
2 7920040609200406162453165.4 0.2900000000D-02-0.1600000000D-03 0.1290220000D+02 0.1537800000D+00 0.1122000000D-02 0.1900000000D-02 0.8676440000D+00 0.5549000000D+01 0.3583600000D+01 0.4033900000D+01 0.1400000000D-02-0.5000000000D-04 0.4474000000D+01 0.6455000000D-01 0.8250000000D-03 0.4000000000D-03 0.1550557000D+01 0.3863900000D+01 0.1834500000D+01 0.4581600000D+01
2 8020040616200406232453172.4 0.2800000000D-02-0.1800000000D-03 0.1286240000D+02 0.1479400000D+00 0.9870000000D-03 0.1500000000D-02 0.4220887000D+01 0.2603200000D+01 0.7677000000D+00 0.4360300000D+01 0.1400000000D-02-0.6000000000D-04 0.4221400000D+01 0.6044000000D-01 0.8150000000D-03 0.4000000000D-03 0.5067459000D+01 0.8425000000D+00 0.5107100000D+01 0.5818400000D+01
2 8120040623200406302453179.4 0.2700000000D-02-0.1700000000D-03 0.1280830000D+02 0.1452500000D+00 0.1076000000D-02 0.1300000000D-02 0.1293561000D+01 0.5946300000D+01 0.3896400000D+01 0.4966200000D+01 0.1300000000D-02-0.5000000000D-04 0.4080200000D+01 0.5635000000D-01 0.7610000000D-03 0.5000000000D-03 0.2311761000D+01 0.4094400000D+01 0.2148500000D+01 0.2103000000D+00
2 8220040630200407072453186.4 0.2300000000D-02-0.1200000000D-03 0.1274100000D+02 0.1389200000D+00 0.9080000000D-03 0.1200000000D-02 0.4651015000D+01 0.3003100000D+01 0.1288400000D+01 0.5747300000D+01 0.1300000000D-02-0.4000000000D-04 0.4052100000D+01 0.5337000000D-01 0.7850000000D-03 0.7000000000D-03 0.5840694000D+01 0.1059400000D+01 0.5364900000D+01 0.5748000000D+00
2 8320040707200407142453193.4 0.2000000000D-02-0.1000000000D-03 0.1265930000D+02 0.1378100000D+00 0.9650000000D-03 0.1700000000D-02 0.1727534000D+01 0.6280000000D-01 0.4309400000D+01 0.1350000000D-01 0.1200000000D-02-0.3000000000D-04 0.4126900000D+01 0.4997000000D-01 0.7000000000D-03 0.6000000000D-03 0.3079160000D+01 0.4291400000D+01 0.2455100000D+01 0.8894000000D+00
2 8420040714200407212453200.4 0.1800000000D-02-0.8000000000D-04 0.1256330000D+02 0.1319500000D+00 0.8420000000D-03 0.1900000000D-02 0.5088025000D+01 0.3408100000D+01 0.1852600000D+01 0.2837000000D+00 0.1300000000D-02-0.5000000000D-04 0.4288500000D+01 0.4838000000D-01 0.7790000000D-03 0.4000000000D-03 0.3027640000D+00 0.1247400000D+01 0.5649700000D+01 0.1605000000D+01
2 8520040721200407282453207.4 0.1400000000D-02-0.4000000000D-04 0.1245610000D+02 0.1326000000D+00 0.8650000000D-03 0.1900000000D-02 0.2167068000D+01 0.4701000000D+00 0.4695900000D+01 0.5735000000D+00 0.1300000000D-02-0.5000000000D-04 0.4516000000D+01 0.4621000000D-01 0.6490000000D-03 0.4000000000D-03 0.3792360000D+01 0.4456300000D+01 0.2748900000D+01 0.2661800000D+01
2 8620040728200408042453214.4 0.1100000000D-02-0.1000000000D-04 0.1233620000D+02 0.1277700000D+00 0.8060000000D-03 0.1500000000D-02 0.5529376000D+01 0.3822000000D+01 0.2246400000D+01 0.8984000000D+00 0.1300000000D-02-0.4000000000D-04 0.4789700000D+01 0.4581000000D-01 0.7300000000D-03 0.7000000000D-03 0.9801620000D+00 0.1407900000D+01 0.5980500000D+01 0.3252300000D+01
2 8720040804200408112453221.4 0.8000000000D-03-0.2000000000D-04 0.1220860000D+02 0.1278800000D+00 0.6960000000D-03 0.1100000000D-02 0.2609500000D+01 0.8846000000D+00 0.5320000000D+01 0.1615600000D+01 0.1400000000D-02-0.5000000000D-04 0.5092500000D+01 0.4553000000D-01 0.6570000000D-03 0.8000000000D-03 0.4434987000D+01 0.4621600000D+01 0.3030400000D+01 0.3543800000D+01
2 8820040811200408182453228.4 0.5000000000D-03 0.1000000000D-04 0.1206980000D+02 0.1257200000D+00 0.8040000000D-03 0.1300000000D-02 0.5972583000D+01 0.4246000000D+01 0.2611300000D+01 0.2472600000D+01 0.1600000000D-02-0.7000000000D-04 0.5410900000D+01 0.4629000000D-01 0.6760000000D-03 0.7000000000D-03 0.1592128000D+01 0.1571900000D+01 0.3410000000D-01 0.3931700000D+01
2 8920040818200408252453235.4 0.2000000000D-03 0.3000000000D-04 0.1192790000D+02 0.1253100000D+00 0.6070000000D-03 0.1700000000D-02 0.3052479000D+01 0.1309200000D+01 0.5962300000D+01 0.2986200000D+01 0.1600000000D-02-0.7000000000D-04 0.5735300000D+01 0.4756000000D-01 0.6620000000D-03 0.6000000000D-03 0.5020542000D+01 0.4809000000D+01 0.3354900000D+01 0.4533300000D+01
2 9020040825200409012453242.4 0.1000000000D-03 0.2000000000D-04 0.1177820000D+02 0.1254700000D+00 0.7660000000D-03 0.2000000000D-02 0.1318890000D+00 0.4676000000D+01 0.2955700000D+01 0.3264200000D+01 0.1700000000D-02-0.5000000000D-04 0.6058400000D+01 0.4955000000D-01 0.6090000000D-03 0.6000000000D-03 0.2155887000D+01 0.1770400000D+01 0.3419000000D+00 0.5486400000D+01
2 9120040901200409082453249.4-0.1000000000D-03 0.4000000000D-04 0.1162810000D+02 0.1239600000D+00 0.6150000000D-03 0.1900000000D-02 0.3493448000D+01 0.1743000000D+01 0.4676000000D+00 0.3514000000D+01 0.1800000000D-02-0.7000000000D-04 0.6374600000D+01 0.5139000000D-01 0.7110000000D-03 0.1000000000D-02 0.5566034000D+01 0.5045200000D+01 0.3717500000D+01 0.5998800000D+01
2 9220040908200409152453256.4-0.4000000000D-03 0.8000000000D-04 0.1147420000D+02 0.1268400000D+00 0.7380000000D-03 0.1600000000D-02 0.5711460000D+00 0.5112300000D+01 0.3354100000D+01 0.3885500000D+01 0.1900000000D-02-0.7000000000D-04 0.6680200000D+01 0.5463000000D-01 0.5380000000D-03 0.1200000000D-02 0.2686640000D+01 0.2017400000D+01 0.6418000000D+00 0.4320000000D-01
2 9320040915200409222453263.4-0.6000000000D-03 0.7000000000D-04 0.1132240000D+02 0.1255100000D+00 0.6590000000D-03 0.1200000000D-02 0.3929941000D+01 0.2185700000D+01 0.9645000000D+00 0.4456200000D+01 0.2000000000D-02-0.6000000000D-04 0.6972700000D+01 0.5669000000D-01 0.7000000000D-03 0.1200000000D-02 0.6084308000D+01 0.5321900000D+01 0.4051200000D+01 0.3155000000D+00
2 9420040922200409292453270.4-0.8000000000D-03 0.8000000000D-04 0.1117280000D+02 0.1288200000D+00 0.6820000000D-03 0.1200000000D-02 0.1004282000D+01 0.5552600000D+01 0.3966700000D+01 0.5307400000D+01 0.2000000000D-02-0.6000000000D-04 0.7251000000D+01 0.6020000000D-01 0.5430000000D-03 0.9000000000D-03 0.3194626000D+01 0.2317600000D+01 0.9913000000D+00 0.7146000000D+00
2 9520040929200410062453277.4-0.1100000000D-02 0.1300000000D-03 0.1102810000D+02 0.1290200000D+00 0.7060000000D-03 0.1600000000D-02 0.4359174000D+01 0.2631500000D+01 0.1454200000D+01 0.5779700000D+01 0.2200000000D-02-0.8000000000D-04 0.7512000000D+01 0.6256000000D-01 0.6690000000D-03 0.7000000000D-03 0.3006030000D+00 0.5635200000D+01 0.4346600000D+01 0.1515700000D+01
2 9620041006200410132453284.4-0.1400000000D-02 0.1300000000D-03 0.1089050000D+02 0.1329000000D+00 0.6870000000D-03 0.1800000000D-02 0.1428753000D+01 0.5997300000D+01 0.4582100000D+01 0.6132100000D+01 0.2300000000D-02-0.7000000000D-04 0.7756900000D+01 0.6567000000D-01 0.5580000000D-03 0.9000000000D-03 0.3686823000D+01 0.2649900000D+01 0.1357300000D+01 0.2342300000D+01
2 9720041013200410202453291.4-0.1500000000D-02 0.1100000000D-03 0.1076290000D+02 0.1351400000D+00 0.7280000000D-03 0.1700000000D-02 0.4778312000D+01 0.3079400000D+01 0.1833400000D+01 0.1074000000D+00 0.2300000000D-02-0.6000000000D-04 0.7982200000D+01 0.6849000000D-01 0.5950000000D-03 0.1300000000D-02 0.7868970000D+00 0.5972600000D+01 0.4581200000D+01 0.2806200000D+01
2 9820041020200410272453298.4-0.1800000000D-02 0.1300000000D-03 0.1064910000D+02 0.1383300000D+00 0.7670000000D-03 0.1300000000D-02 0.1841542000D+01 0.1616000000D+00 0.5293200000D+01 0.4916000000D+00 0.2500000000D-02-0.7000000000D-04 0.8190000000D+01 0.7017000000D-01 0.6350000000D-03 0.1400000000D-02 0.4167811000D+01 0.3010000000D+01 0.1754300000D+01 0.3074200000D+01
2 9920041027200411032453305.4-0.2100000000D-02 0.1400000000D-03 0.1055270000D+02 0.1432700000D+00 0.7720000000D-03 0.1100000000D-02 0.5184583000D+01 0.3527700000D+01 0.2225400000D+01 0.1150500000D+01 0.2600000000D-02-0.7000000000D-04 0.8376800000D+01 0.7359000000D-01 0.5540000000D-03 0.1200000000D-02 0.1264009000D+01 0.4520000000D-01 0.4723600000D+01 0.3424700000D+01
210020041103200411102453312.4-0.2200000000D-02 0.1000000000D-03 0.1047770000D+02 0.1464800000D+00 0.8810000000D-03 0.1100000000D-02 0.2240363000D+01 0.6096000000D+00 0.5848000000D+01 0.1899400000D+01 0.2600000000D-02-0.4000000000D-04 0.8542800000D+01 0.7378000000D-01 0.6520000000D-03 0.1000000000D-02 0.4641442000D+01 0.3376300000D+01 0.2065300000D+01 0.3884700000D+01
210120041110200411172453319.4-0.2200000000D-02 0.8000000000D-04 0.1043000000D+02 0.1531800000D+00 0.8170000000D-03 0.1500000000D-02 0.5575751000D+01 0.3974400000D+01 0.2708600000D+01 0.2400100000D+01 0.2600000000D-02-0.3000000000D-04 0.8686200000D+01 0.7669000000D-01 0.5650000000D-03 0.9000000000D-03 0.1735170000D+01 0.4115000000D+00 0.4944000000D+01 0.4746100000D+01
210220041117200411242453326.4-0.2500000000D-02 0.1000000000D-03 0.1041450000D+02 0.1568200000D+00 0.1039000000D-02 0.1800000000D-02 0.2623487000D+01 0.1058600000D+01 0.4980000000D-01 0.2655900000D+01 0.2600000000D-02-0.2000000000D-04 0.8805100000D+01 0.7550000000D-01 0.6880000000D-03 0.1200000000D-02 0.5110825000D+01 0.3746200000D+01 0.2347800000D+01 0.5341800000D+01
210320041124200412012453333.4-0.2600000000D-02 0.7000000000D-04 0.1043960000D+02 0.1650000000D+00 0.8680000000D-03 0.1700000000D-02 0.5951120000D+01 0.4418200000D+01 0.3206700000D+01 0.2918500000D+01 0.2600000000D-02 0.0000000000D+00 0.8898400000D+01 0.7767000000D-01 0.6090000000D-03 0.1400000000D-02 0.2203777000D+01 0.7746000000D+00 0.5120400000D+01 0.5720900000D+01
210420041201200412082453340.4-0.2600000000D-02 0.4000000000D-04 0.1050820000D+02 0.1699900000D+00 0.1126000000D-02 0.1500000000D-02 0.2991433000D+01 0.1503700000D+01 0.4295000000D+00 0.3175100000D+01 0.2500000000D-02 0.1000000000D-04 0.8961000000D+01 0.7534000000D-01 0.7020000000D-03 0.1500000000D-02 0.5579493000D+01 0.4103600000D+01 0.2463700000D+01 0.5985100000D+01
210520041208200412152453347.4-0.2800000000D-02 0.4000000000D-04 0.1063180000D+02 0.1777000000D+00 0.1019000000D-02 0.1000000000D-02 0.2902600000D-01 0.4860700000D+01 0.3788000000D+01 0.3683200000D+01 0.2500000000D-02 0.0000000000D+00 0.8992900000D+01 0.7503000000D-01 0.6500000000D-03 0.1100000000D-02 0.2673294000D+01 0.1123700000D+01 0.5472000000D+01 0.3300000000D-02
210620041215200412222453354.4-0.3000000000D-02 0.3000000000D-04 0.1081150000D+02 0.1851400000D+00 0.1184000000D-02 0.9000000000D-03 0.3347215000D+01 0.1945500000D+01 0.7533000000D+00 0.4494300000D+01 0.2500000000D-02 0.2000000000D-04 0.8987400000D+01 0.7242000000D-01 0.8150000000D-03 0.8000000000D-03 0.6051335000D+01 0.4441900000D+01 0.2543200000D+01 0.6410000000D+00
210720041222200412292453361.4-0.2900000000D-02-0.1000000000D-04 0.1105900000D+02 0.1918000000D+00 0.1190000000D-02 0.1200000000D-02 0.3807170000D+00 0.5300800000D+01 0.4246000000D+01 0.5186900000D+01 0.2400000000D-02 0.3000000000D-04 0.8945500000D+01 0.6947000000D-01 0.7320000000D-03 0.8000000000D-03 0.3148390000D+01 0.1438600000D+01 0.5757300000D+01 0.1621100000D+01
210820041229200501052453368.4-0.3100000000D-02-0.1000000000D-04 0.1137140000D+02 0.2008400000D+00 0.1205000000D-02 0.1700000000D-02 0.3697038000D+01 0.2379400000D+01 0.1107500000D+01 0.5536500000D+01 0.2400000000D-02 0.2000000000D-04 0.8858300000D+01 0.6651000000D-01 0.9560000000D-03 0.1100000000D-02 0.2483720000D+00 0.4729500000D+01 0.2674000000D+01 0.2243200000D+01
210920050105200501122453375.4-0.3100000000D-02-0.4000000000D-04 0.1175670000D+02 0.2061100000D+00 0.1406000000D-02 0.1800000000D-02 0.7302190000D+00 0.5737500000D+01 0.4669400000D+01 0.5761400000D+01 0.2300000000D-02 0.4000000000D-04 0.8727400000D+01 0.6119000000D-01 0.8090000000D-03 0.1300000000D-02 0.3635036000D+01 0.1686600000D+01 0.6058400000D+01 0.2511200000D+01
