 4 2   2  56 19.7027 4.9788  7.0  7.0  109 2453735.5000 2006                                                                                                                                                                                                                                                                                                                     
1  220051231200601072453735.4 0.3049000000D+00-0.3200000000D-02 0.1344690000D+02 0.1765800000D+00 0.9920000000D-03 0.9820000000D-01 0.2029175000D+01 0.5697900000D+01 0.1652300000D+01-0.7229000000D+00 0.2162000000D+00-0.1950000000D-02 0.1142650000D+02 0.1410500000D+00 0.7370000000D-03 0.8330000000D-01 0.1421286000D+01 0.4928800000D+01 0.1662400000D+01-0.1317100000D+01
1  320060107200601142453742.4 0.2830000000D+00-0.3190000000D-02 0.1243700000D+02 0.1696500000D+00 0.7830000000D-03 0.9080000000D-01 0.1666690000D+01 0.5444400000D+01 0.1849100000D+01-0.1460200000D+01 0.2041000000D+00-0.2120000000D-02 0.1053970000D+02 0.1313000000D+00 0.6110000000D-03 0.7650000000D-01 0.1077201000D+01 0.4632000000D+01 0.1628700000D+01-0.2039700000D+01
1  420060114200601212453749.4 0.2627000000D+00-0.3000000000D-02 0.1153380000D+02 0.1609600000D+00 0.6170000000D-03 0.8380000000D-01 0.1294783000D+01 0.5166600000D+01 0.1996300000D+01-0.2212400000D+01 0.1911000000D+00-0.2000000000D-02 0.9726500000D+01 0.1220600000D+00 0.4950000000D-03 0.7050000000D-01 0.7291730000D+00 0.4316400000D+01 0.1424200000D+01-0.2769600000D+01
1  520060121200601282453756.4 0.2438000000D+00-0.2530000000D-02 0.1073740000D+02 0.1521200000D+00 0.4680000000D-03 0.7810000000D-01 0.9148390000D+00 0.4864800000D+01 0.1926900000D+01-0.2977900000D+01 0.1780000000D+00-0.1680000000D-02 0.8981500000D+01 0.1141800000D+00 0.4720000000D-03 0.6530000000D-01 0.3782410000D+00 0.3987700000D+01 0.1046600000D+01-0.3500100000D+01
1  620060128200602042453763.4 0.2269000000D+00-0.1950000000D-02 0.1004180000D+02 0.1444100000D+00 0.3870000000D-03 0.7360000000D-01 0.5282830000D+00 0.4546000000D+01 0.1551600000D+01-0.3745600000D+01 0.1657000000D+00-0.1390000000D-02 0.8295000000D+01 0.1072300000D+00 0.5440000000D-03 0.6050000000D-01 0.2525300000D-01 0.3654100000D+01 0.7346000000D+00-0.4226200000D+01
1  720060204200602112453770.4 0.2124000000D+00-0.1480000000D-02 0.9436500000D+01 0.1378200000D+00 0.4440000000D-03 0.6950000000D-01 0.1363550000D+00 0.4221200000D+01 0.1202600000D+01-0.4509100000D+01 0.1546000000D+00-0.1270000000D-02 0.7658300000D+01 0.1002000000D+00 0.6130000000D-03 0.5560000000D-01 0.5953922000D+01 0.3317500000D+01 0.5803000000D+00-0.4953100000D+01
1  820060211200602182453777.4 0.2006000000D+00-0.1230000000D-02 0.8911700000D+01 0.1314400000D+00 0.5420000000D-03 0.6540000000D-01 0.6023166000D+01 0.3894200000D+01 0.1076700000D+01-0.5282200000D+01 0.1446000000D+00-0.1300000000D-02 0.7066700000D+01 0.9288000000D-01 0.6150000000D-03 0.5110000000D-01 0.5598347000D+01 0.2969900000D+01 0.4667000000D+00-0.5690200000D+01
1  920060218200602252453784.4 0.1908000000D+00-0.1140000000D-02 0.8459700000D+01 0.1247400000D+00 0.6100000000D-03 0.6210000000D-01 0.5623116000D+01 0.3561000000D+01 0.1025200000D+01-0.6069100000D+01 0.1351000000D+00-0.1360000000D-02 0.6516000000D+01 0.8597000000D-01 0.5630000000D-03 0.4730000000D-01 0.5242421000D+01 0.2605800000D+01 0.2862000000D+00-0.1452000000D+00
1 1020060225200603042453791.4 0.1824000000D+00-0.1090000000D-02 0.8074100000D+01 0.1180200000D+00 0.6310000000D-03 0.5990000000D-01 0.5220285000D+01 0.3216400000D+01 0.9266000000D+00-0.5707000000D+00 0.1258000000D+00-0.1370000000D-02 0.6001300000D+01 0.8000000000D-01 0.5100000000D-03 0.4380000000D-01 0.4887059000D+01 0.2227900000D+01 0.6252500000D+01-0.8734000000D+00
1 1120060304200603112453798.4 0.1748000000D+00-0.1020000000D-02 0.7747900000D+01 0.1118600000D+00 0.6000000000D-03 0.5780000000D-01 0.4815736000D+01 0.2858600000D+01 0.7072000000D+00-0.1344800000D+01 0.1166000000D+00-0.1300000000D-02 0.5517300000D+01 0.7483000000D-01 0.5050000000D-03 0.4000000000D-01 0.4533206000D+01 0.1843000000D+01 0.5815900000D+01-0.1596800000D+01
1 1220060311200603182453805.4 0.1681000000D+00-0.9400000000D-03 0.7472700000D+01 0.1066700000D+00 0.5370000000D-03 0.5540000000D-01 0.4410585000D+01 0.2490200000D+01 0.2997000000D+00-0.2123700000D+01 0.1078000000D+00-0.1220000000D-02 0.5059900000D+01 0.7000000000D-01 0.5500000000D-03 0.3640000000D-01 0.4181769000D+01 0.1455200000D+01 0.5382100000D+01-0.2327700000D+01
1 1320060318200603252453812.4 0.1621000000D+00-0.8900000000D-03 0.7238600000D+01 0.1022600000D+00 0.5310000000D-03 0.5360000000D-01 0.4005633000D+01 0.2118900000D+01 0.6040700000D+01-0.2914400000D+01 0.9940000000D-01-0.1150000000D-02 0.4626100000D+01 0.6509000000D-01 0.5930000000D-03 0.3340000000D-01 0.3833573000D+01 0.1062200000D+01 0.5019000000D+01-0.3058100000D+01
1 1420060325200604012453819.4 0.1567000000D+00-0.7900000000D-03 0.7037500000D+01 0.9790000000D-01 0.5920000000D-03 0.5260000000D-01 0.3601296000D+01 0.1749200000D+01 0.5600600000D+01-0.3698400000D+01 0.9140000000D-01-0.1080000000D-02 0.4214900000D+01 0.6014000000D-01 0.5850000000D-03 0.3050000000D-01 0.3489612000D+01 0.6584000000D+00 0.4682800000D+01-0.3773400000D+01
1 1520060401200604082453826.4 0.1517000000D+00-0.6200000000D-03 0.6864200000D+01 0.9310000000D-01 0.6380000000D-03 0.5140000000D-01 0.3197893000D+01 0.1378800000D+01 0.5326400000D+01-0.4471500000D+01 0.8380000000D-01-0.1000000000D-02 0.3825900000D+01 0.5544000000D-01 0.5310000000D-03 0.2760000000D-01 0.3151287000D+01 0.2421000000D+00 0.4309600000D+01-0.4479500000D+01
1 1620060408200604152453833.4 0.1471000000D+00-0.4000000000D-03 0.6714900000D+01 0.8799000000D-01 0.6000000000D-03 0.5000000000D-01 0.2795891000D+01 0.9999000000D+00 0.5132200000D+01-0.5245700000D+01 0.7650000000D-01-0.9200000000D-03 0.3459700000D+01 0.5122000000D-01 0.4690000000D-03 0.2470000000D-01 0.2820410000D+01 0.6100900000D+01 0.3860100000D+01-0.5184100000D+01
1 1720060415200604222453840.4 0.1432000000D+00-0.2500000000D-03 0.6585000000D+01 0.8344000000D-01 0.4880000000D-03 0.4890000000D-01 0.2395904000D+01 0.6093000000D+00 0.4878200000D+01-0.6027100000D+01 0.6970000000D-01-0.8800000000D-03 0.3117200000D+01 0.4744000000D-01 0.4460000000D-03 0.2220000000D-01 0.2499093000D+01 0.5675100000D+01 0.3370000000D+01-0.5881900000D+01
1 1820060422200604292453847.4 0.1401000000D+00-0.2700000000D-03 0.6468300000D+01 0.8005000000D-01 0.4010000000D-03 0.4830000000D-01 0.1998321000D+01 0.2157000000D+00 0.4396000000D+01-0.5193000000D+00 0.6320000000D-01-0.8700000000D-03 0.2799700000D+01 0.4377000000D-01 0.4530000000D-03 0.2010000000D-01 0.2189646000D+01 0.5249900000D+01 0.2948700000D+01-0.2761000000D+00
1 1920060429200605062453854.4 0.1377000000D+00-0.4200000000D-03 0.6359500000D+01 0.7725000000D-01 0.4400000000D-03 0.4770000000D-01 0.1603038000D+01 0.6112500000D+01 0.3841900000D+01-0.1284100000D+01 0.5700000000D-01-0.8800000000D-03 0.2510000000D+01 0.4007000000D-01 0.4460000000D-03 0.1800000000D-01 0.1894564000D+01 0.4818400000D+01 0.2591100000D+01-0.9329000000D+00
1 2020060506200605132453861.4 0.1353000000D+00-0.5700000000D-03 0.6256000000D+01 0.7415000000D-01 0.5170000000D-03 0.4670000000D-01 0.1209756000D+01 0.5730600000D+01 0.3500800000D+01-0.2048300000D+01 0.5100000000D-01-0.8600000000D-03 0.2253100000D+01 0.3657000000D-01 0.4100000000D-03 0.1610000000D-01 0.1616488000D+01 0.4375300000D+01 0.2213100000D+01-0.1577500000D+01
1 2120060513200605202453868.4 0.1324000000D+00-0.5700000000D-03 0.6157400000D+01 0.7058000000D-01 0.5210000000D-03 0.4580000000D-01 0.8183550000D+00 0.5342900000D+01 0.3287100000D+01-0.2818100000D+01 0.4520000000D-01-0.8100000000D-03 0.2034500000D+01 0.3349000000D-01 0.3740000000D-03 0.1460000000D-01 0.1357662000D+01 0.3923200000D+01 0.1761700000D+01-0.2205600000D+01
1 2220060520200605272453875.4 0.1292000000D+00-0.4300000000D-03 0.6062900000D+01 0.6726000000D-01 0.4360000000D-03 0.4530000000D-01 0.4289970000D+00 0.4943400000D+01 0.3060400000D+01-0.3586200000D+01 0.3960000000D-01-0.7400000000D-03 0.1859700000D+01 0.3077000000D-01 0.3630000000D-03 0.1360000000D-01 0.1118859000D+01 0.3467000000D+01 0.1276900000D+01-0.2810800000D+01
1 2320060527200606032453882.4 0.1261000000D+00-0.2700000000D-03 0.5969600000D+01 0.6488000000D-01 0.3370000000D-03 0.4480000000D-01 0.4181000000D-01 0.4541100000D+01 0.2657000000D+01-0.4342700000D+01 0.3430000000D-01-0.6700000000D-03 0.1733800000D+01 0.2818000000D-01 0.3650000000D-03 0.1280000000D-01 0.8978690000D+00 0.3005600000D+01 0.8297000000D+00-0.3397600000D+01
1 2420060603200606102453889.4 0.1235000000D+00-0.1900000000D-03 0.5875100000D+01 0.6310000000D-01 0.3180000000D-03 0.4400000000D-01 0.5939725000D+01 0.4147600000D+01 0.2103000000D+01-0.5097300000D+01 0.2940000000D-01-0.6200000000D-03 0.1659500000D+01 0.2569000000D-01 0.3530000000D-03 0.1240000000D-01 0.6882490000D+00 0.2532300000D+01 0.4155000000D+00-0.3981300000D+01
1 2520060610200606172453896.4 0.1213000000D+00-0.2200000000D-03 0.5779100000D+01 0.6127000000D-01 0.3660000000D-03 0.4310000000D-01 0.5555916000D+01 0.3762900000D+01 0.1697100000D+01-0.5859400000D+01 0.2490000000D-01-0.6000000000D-03 0.1636200000D+01 0.2349000000D-01 0.3290000000D-03 0.1240000000D-01 0.4800710000D+00 0.2044000000D+01 0.6258200000D+01-0.4571400000D+01
1 2620060617200606242453903.4 0.1193000000D+00-0.3000000000D-03 0.5682500000D+01 0.5919000000D-01 0.4100000000D-03 0.4250000000D-01 0.5173251000D+01 0.3379000000D+01 0.1434800000D+01-0.3391000000D+00 0.2060000000D-01-0.5800000000D-03 0.1658500000D+01 0.2168000000D-01 0.3130000000D-03 0.1280000000D-01 0.2631610000D+00 0.1545600000D+01 0.5783300000D+01-0.5168800000D+01
1 2720060624200607012453910.4 0.1172000000D+00-0.3500000000D-03 0.5586400000D+01 0.5717000000D-01 0.4070000000D-03 0.4210000000D-01 0.4791633000D+01 0.2988400000D+01 0.1186800000D+01-0.1090900000D+01 0.1660000000D-01-0.5600000000D-03 0.1717900000D+01 0.2015000000D-01 0.3090000000D-03 0.1330000000D-01 0.3032300000D-01 0.1038700000D+01 0.5327800000D+01-0.5783600000D+01
1 2820060701200607082453917.4 0.1149000000D+00-0.3600000000D-03 0.5490600000D+01 0.5566000000D-01 0.3490000000D-03 0.4120000000D-01 0.4411056000D+01 0.2591600000D+01 0.8462000000D+00-0.1838600000D+01 0.1270000000D-01-0.5000000000D-03 0.1804600000D+01 0.1887000000D-01 0.2970000000D-03 0.1400000000D-01 0.6061505000D+01 0.5192000000D+00 0.4911900000D+01-0.1389000000D+00
1 2920060708200607152453924.4 0.1126000000D+00-0.3800000000D-03 0.5394400000D+01 0.5470000000D-01 0.2860000000D-03 0.4030000000D-01 0.4031320000D+01 0.2197100000D+01 0.3287000000D+00-0.2595700000D+01 0.9100000000D-02-0.4300000000D-03 0.1909400000D+01 0.1798000000D-01 0.2720000000D-03 0.1490000000D-01 0.5790278000D+01 0.6270700000D+01 0.4489800000D+01-0.7942000000D+00
1 3020060715200607222453931.4 0.1103000000D+00-0.4000000000D-03 0.5297100000D+01 0.5391000000D-01 0.2760000000D-03 0.3960000000D-01 0.3652045000D+01 0.1810900000D+01 0.6017400000D+01-0.3354500000D+01 0.5800000000D-02-0.3800000000D-03 0.2024700000D+01 0.1758000000D-01 0.2490000000D-03 0.1580000000D-01 0.5501619000D+01 0.5738500000D+01 0.4013700000D+01-0.1461800000D+01
1 3120060722200607292453938.4 0.1078000000D+00-0.3800000000D-03 0.5199100000D+01 0.5292000000D-01 0.3030000000D-03 0.3910000000D-01 0.3272845000D+01 0.1432600000D+01 0.5605900000D+01-0.4104100000D+01 0.2900000000D-02-0.3700000000D-03 0.2145200000D+01 0.1754000000D-01 0.2490000000D-03 0.1670000000D-01 0.5198082000D+01 0.5218800000D+01 0.3520400000D+01-0.2141800000D+01
1 3220060729200608052453945.4 0.1053000000D+00-0.3000000000D-03 0.5101900000D+01 0.5162000000D-01 0.3060000000D-03 0.3830000000D-01 0.2893430000D+01 0.1054800000D+01 0.5411100000D+01-0.4849000000D+01 0.3000000000D-03-0.3800000000D-03 0.2267100000D+01 0.1761000000D-01 0.2610000000D-03 0.1760000000D-01 0.4882361000D+01 0.4708800000D+01 0.3121200000D+01-0.2836700000D+01
1 3320060805200608122453952.4 0.1028000000D+00-0.2100000000D-03 0.5006700000D+01 0.5043000000D-01 0.2640000000D-03 0.3730000000D-01 0.2513713000D+01 0.6709000000D+00 0.5307600000D+01-0.5602400000D+01-0.2000000000D-02-0.3900000000D-03 0.2387300000D+01 0.1786000000D-01 0.2550000000D-03 0.1850000000D-01 0.4556852000D+01 0.4198900000D+01 0.2785300000D+01-0.3541500000D+01
1 3420060812200608192453959.4 0.1005000000D+00-0.1700000000D-03 0.4913300000D+01 0.4988000000D-01 0.1990000000D-03 0.3670000000D-01 0.2133661000D+01 0.2852000000D+00 0.5095100000D+01-0.7650000000D-01-0.4400000000D-02-0.3300000000D-03 0.2503200000D+01 0.1850000000D-01 0.2270000000D-03 0.1940000000D-01 0.4223371000D+01 0.3696300000D+01 0.2390200000D+01-0.4249300000D+01
1 3520060819200608262453966.4 0.9850000000D-01-0.2400000000D-03 0.4821200000D+01 0.4994000000D-01 0.1620000000D-03 0.3620000000D-01 0.1753018000D+01 0.6190800000D+01 0.4535400000D+01-0.8271000000D+00-0.6700000000D-02-0.2300000000D-03 0.2613100000D+01 0.1948000000D-01 0.2040000000D-03 0.2020000000D-01 0.3883219000D+01 0.3215900000D+01 0.1841700000D+01-0.4960300000D+01
1 3620060826200609022453973.4 0.9670000000D-01-0.3800000000D-03 0.4730300000D+01 0.5010000000D-01 0.1970000000D-03 0.3560000000D-01 0.1371290000D+01 0.5823200000D+01 0.3954700000D+01-0.1574700000D+01-0.8700000000D-02-0.1500000000D-03 0.2716700000D+01 0.2044000000D-01 0.2160000000D-03 0.2090000000D-01 0.3537446000D+01 0.2758500000D+01 0.1275900000D+01-0.5677200000D+01
1 3720060902200609092453980.4 0.9460000000D-01-0.4800000000D-03 0.4641900000D+01 0.4995000000D-01 0.2500000000D-03 0.3470000000D-01 0.9879360000D+00 0.5458000000D+01 0.3716400000D+01-0.2328300000D+01-0.1030000000D-01-0.1200000000D-03 0.2813800000D+01 0.2114000000D-01 0.2400000000D-03 0.2160000000D-01 0.3187106000D+01 0.2309200000D+01 0.8827000000D+00-0.1201000000D+00
1 3820060909200609162453987.4 0.9200000000D-01-0.4700000000D-03 0.4557700000D+01 0.4968000000D-01 0.2640000000D-03 0.3410000000D-01 0.6026980000D+00 0.5084500000D+01 0.3637500000D+01-0.3089400000D+01-0.1140000000D-01-0.1400000000D-03 0.2903800000D+01 0.2180000000D-01 0.2350000000D-03 0.2240000000D-01 0.2833219000D+01 0.1855000000D+01 0.5872000000D+00-0.8466000000D+00
1 3920060916200609232453994.4 0.8920000000D-01-0.3700000000D-03 0.4478400000D+01 0.4988000000D-01 0.2340000000D-03 0.3380000000D-01 0.2155710000D+00 0.4703900000D+01 0.3533500000D+01-0.3847900000D+01-0.1240000000D-01-0.1700000000D-03 0.2985600000D+01 0.2271000000D-01 0.2020000000D-03 0.2300000000D-01 0.2476446000D+01 0.1404300000D+01 0.2188000000D+00-0.1569100000D+01
1 4020060923200609302454001.4 0.8640000000D-01-0.2600000000D-03 0.4403600000D+01 0.5072000000D-01 0.1910000000D-03 0.3330000000D-01 0.6109558000D+01 0.4326700000D+01 0.3253800000D+01-0.4602800000D+01-0.1330000000D-01-0.1700000000D-03 0.3058400000D+01 0.2375000000D-01 0.1800000000D-03 0.2350000000D-01 0.2117097000D+01 0.9695000000D+00 0.5955000000D+01-0.2295800000D+01
1 4120060930200610072454008.4 0.8390000000D-01-0.2300000000D-03 0.4333100000D+01 0.5185000000D-01 0.1880000000D-03 0.3270000000D-01 0.5717795000D+01 0.3958700000D+01 0.2723600000D+01-0.5362500000D+01-0.1430000000D-01-0.1300000000D-03 0.3122400000D+01 0.2460000000D-01 0.2010000000D-03 0.2390000000D-01 0.1755456000D+01 0.5496000000D+00 0.5369600000D+01-0.3031200000D+01
1 4220061007200610142454015.4 0.8160000000D-01-0.2900000000D-03 0.4268600000D+01 0.5292000000D-01 0.2480000000D-03 0.3210000000D-01 0.5322903000D+01 0.3596100000D+01 0.2237700000D+01-0.6133800000D+01-0.1510000000D-01-0.7000000000D-04 0.3177800000D+01 0.2510000000D-01 0.2420000000D-03 0.2440000000D-01 0.1391970000D+01 0.1313000000D+00 0.4931400000D+01-0.3767800000D+01
1 4320061014200610212454022.4 0.7930000000D-01-0.3700000000D-03 0.4212400000D+01 0.5387000000D-01 0.3180000000D-03 0.3190000000D-01 0.4924557000D+01 0.3229500000D+01 0.1929100000D+01-0.6230000000D+00-0.1570000000D-01-0.2000000000D-04 0.3224500000D+01 0.2545000000D-01 0.2570000000D-03 0.2480000000D-01 0.1027216000D+01 0.5986200000D+01 0.4555200000D+01-0.4496400000D+01
1 4420061021200610282454029.4 0.7680000000D-01-0.4200000000D-03 0.4166700000D+01 0.5503000000D-01 0.3440000000D-03 0.3180000000D-01 0.4522758000D+01 0.2853600000D+01 0.1682700000D+01-0.1387600000D+01-0.1600000000D-01 0.0000000000D+00 0.3261400000D+01 0.2588000000D-01 0.2380000000D-03 0.2500000000D-01 0.6616510000D+00 0.5550500000D+01 0.4100700000D+01-0.5226600000D+01
1 4520061028200611042454036.4 0.7400000000D-01-0.4500000000D-03 0.4132300000D+01 0.5668000000D-01 0.3190000000D-03 0.3130000000D-01 0.4117544000D+01 0.2472700000D+01 0.1394400000D+01-0.2158500000D+01-0.1620000000D-01 0.1000000000D-04 0.3287500000D+01 0.2632000000D-01 0.2200000000D-03 0.2510000000D-01 0.2955280000D+00 0.5117200000D+01 0.3489400000D+01-0.5965100000D+01
1 4620061104200611112454043.4 0.7110000000D-01-0.4800000000D-03 0.4110000000D+01 0.5874000000D-01 0.2740000000D-03 0.3110000000D-01 0.3708842000D+01 0.2094000000D+01 0.9700000000D+00-0.2944000000D+01-0.1630000000D-01 0.2000000000D-04 0.3301900000D+01 0.2650000000D-01 0.2390000000D-03 0.2520000000D-01 0.6212287000D+01 0.4687900000D+01 0.2845100000D+01-0.4203000000D+00
1 4720061111200611182454050.4 0.6810000000D-01-0.5000000000D-03 0.4101400000D+01 0.6091000000D-01 0.2670000000D-03 0.3130000000D-01 0.3296553000D+01 0.1721200000D+01 0.3923000000D+00-0.3729900000D+01-0.1630000000D-01 0.2000000000D-04 0.3304000000D+01 0.2623000000D-01 0.2770000000D-03 0.2530000000D-01 0.5845908000D+01 0.4256100000D+01 0.2346200000D+01-0.1149800000D+01
1 4820061118200611252454057.4 0.6480000000D-01-0.4900000000D-03 0.4109000000D+01 0.6272000000D-01 0.3200000000D-03 0.3160000000D-01 0.2880765000D+01 0.1350900000D+01 0.6228000000D+01-0.4505100000D+01-0.1630000000D-01 0.0000000000D+00 0.3293000000D+01 0.2553000000D-01 0.2910000000D-03 0.2500000000D-01 0.5480130000D+01 0.3810000000D+01 0.1961600000D+01-0.1876000000D+01
1 4920061125200612022454064.4 0.6130000000D-01-0.4100000000D-03 0.4135800000D+01 0.6417000000D-01 0.3750000000D-03 0.3160000000D-01 0.2462067000D+01 0.9757000000D+00 0.5977500000D+01-0.5286600000D+01-0.1620000000D-01-0.5000000000D-04 0.3267800000D+01 0.2472000000D-01 0.2750000000D-03 0.2470000000D-01 0.5115719000D+01 0.3345300000D+01 0.1547900000D+01-0.2609100000D+01
1 5020061202200612092454071.4 0.5780000000D-01-0.3300000000D-03 0.4183700000D+01 0.6576000000D-01 0.3850000000D-03 0.3190000000D-01 0.2041462000D+01 0.5931000000D+00 0.5762900000D+01-0.6080900000D+01-0.1620000000D-01-0.9000000000D-04 0.3226800000D+01 0.2401000000D-01 0.2690000000D-03 0.2440000000D-01 0.4753473000D+01 0.2869300000D+01 0.1008700000D+01-0.3339800000D+01
1 5120061209200612162454078.4 0.5450000000D-01-0.3400000000D-03 0.4252700000D+01 0.6787000000D-01 0.3390000000D-03 0.3270000000D-01 0.1619953000D+01 0.2079000000D+00 0.5428800000D+01-0.5891000000D+00-0.1650000000D-01-0.7000000000D-04 0.3168400000D+01 0.2329000000D-01 0.3060000000D-03 0.2390000000D-01 0.4394154000D+01 0.2387200000D+01 0.4423000000D+00-0.4060100000D+01
1 5220061216200612232454085.4 0.5150000000D-01-0.4700000000D-03 0.4342100000D+01 0.7025000000D-01 0.3020000000D-03 0.3360000000D-01 0.1198256000D+01 0.6110500000D+01 0.4832000000D+01-0.1369900000D+01-0.1700000000D-01-0.3000000000D-04 0.3091600000D+01 0.2237000000D-01 0.3640000000D-03 0.2320000000D-01 0.4038590000D+01 0.1890800000D+01 0.6276200000D+01-0.4773900000D+01
1 5320061223200612302454092.4 0.4840000000D-01-0.6400000000D-03 0.4452200000D+01 0.7216000000D-01 0.3630000000D-03 0.3440000000D-01 0.7769320000D+00 0.5734900000D+01 0.4212200000D+01-0.2150800000D+01-0.1760000000D-01-0.1000000000D-04 0.2996600000D+01 0.2137000000D-01 0.3930000000D-03 0.2230000000D-01 0.3687939000D+01 0.1361000000D+01 0.5895700000D+01-0.5487700000D+01
1 5420061230200701062454099.4 0.4480000000D-01-0.7200000000D-03 0.4583500000D+01 0.7320000000D-01 0.4500000000D-03 0.3530000000D-01 0.3568860000D+00 0.5355200000D+01 0.3849200000D+01-0.2939600000D+01-0.1820000000D-01-0.6000000000D-04 0.2883800000D+01 0.2090000000D-01 0.3860000000D-03 0.2150000000D-01 0.3343931000D+01 0.7953000000D+00 0.5461900000D+01-0.6195800000D+01
1 5520070106200701132454106.4 0.4070000000D-01-0.6500000000D-03 0.4734400000D+01 0.7383000000D-01 0.4690000000D-03 0.3670000000D-01 0.6222469000D+01 0.4964500000D+01 0.3577600000D+01-0.3725100000D+01-0.1900000000D-01-0.1700000000D-03 0.2753900000D+01 0.2122000000D-01 0.3870000000D-03 0.2050000000D-01 0.3008726000D+01 0.2199000000D+00 0.4927500000D+01-0.6057000000D+00
2 5620051231200601072453735.4 0.4300000000D-02 0.3500000000D-03 0.3342750000D+02 0.4483500000D+00 0.1709000000D-02 0.2200000000D-02 0.5528170000D+01 0.2939900000D+01 0.5387500000D+01 0.8000000000D-01 0.7900000000D-02 0.1900000000D-03 0.2910050000D+02 0.3578600000D+00 0.1701000000D-02 0.3200000000D-02 0.4897979000D+01 0.2156500000D+01 0.5349200000D+01 0.5776300000D+01
2 5720060107200601142453742.4 0.4100000000D-02 0.3900000000D-03 0.3088560000D+02 0.4291100000D+00 0.1551000000D-02 0.2000000000D-02 0.2626328000D+01 0.1264000000D+00 0.2563300000D+01 0.1131700000D+01 0.7100000000D-02 0.2000000000D-03 0.2688430000D+02 0.3333600000D+00 0.1414000000D-02 0.1900000000D-02 0.2014927000D+01 0.5586300000D+01 0.2273100000D+01 0.2560000000D-01
2 5820060114200601212453749.4 0.4000000000D-02 0.3700000000D-03 0.2861140000D+02 0.4129200000D+00 0.1731000000D-02 0.2700000000D-02 0.5998923000D+01 0.3594600000D+01 0.4829000000D+00 0.1665100000D+01 0.6500000000D-02 0.1500000000D-03 0.2484900000D+02 0.3140800000D+00 0.1879000000D-02 0.1600000000D-02 0.5412169000D+01 0.2748500000D+01 0.6238000000D+01 0.9482000000D+00
2 5920060121200601282453756.4 0.4300000000D-02 0.2700000000D-03 0.2659820000D+02 0.3888200000D+00 0.1153000000D-02 0.3300000000D-02 0.3079915000D+01 0.7463000000D+00 0.3859300000D+01 0.1940300000D+01 0.6300000000D-02 0.7000000000D-04 0.2297700000D+02 0.2896800000D+00 0.1244000000D-02 0.2200000000D-02 0.2522931000D+01 0.6154700000D+01 0.3239700000D+01 0.1628200000D+01
2 6020060128200602042453763.4 0.4400000000D-02 0.2500000000D-03 0.2483370000D+02 0.3724700000D+00 0.1597000000D-02 0.3300000000D-02 0.1545380000D+00 0.4180900000D+01 0.1282500000D+01 0.2059100000D+01 0.5900000000D-02 0.6000000000D-04 0.2125520000D+02 0.2727600000D+00 0.1712000000D-02 0.2700000000D-02 0.5915450000D+01 0.3290400000D+01 0.5994000000D+00 0.1853900000D+01
2 6120060204200602112453770.4 0.4100000000D-02 0.3000000000D-03 0.2329490000D+02 0.3508600000D+00 0.1310000000D-02 0.2600000000D-02 0.3506082000D+01 0.1318800000D+01 0.4917300000D+01 0.2272200000D+01 0.5300000000D-02 0.7000000000D-04 0.1965940000D+02 0.2513100000D+00 0.1308000000D-02 0.2500000000D-02 0.3022957000D+01 0.4022000000D+00 0.4118500000D+01 0.2021500000D+01
2 6220060211200602182453777.4 0.4300000000D-02 0.2100000000D-03 0.2197280000D+02 0.3342400000D+00 0.1449000000D-02 0.1900000000D-02 0.5698370000D+00 0.4728700000D+01 0.2048200000D+01 0.2591000000D+01 0.5000000000D-02 0.2000000000D-04 0.1818380000D+02 0.2360000000D+00 0.1561000000D-02 0.2000000000D-02 0.1301670000D+00 0.3794000000D+01 0.1211700000D+01 0.2242500000D+01
2 6320060218200602252453784.4 0.4400000000D-02 0.1600000000D-03 0.2083620000D+02 0.3169100000D+00 0.1543000000D-02 0.1200000000D-02 0.3912966000D+01 0.1852900000D+01 0.5645600000D+01 0.3367800000D+01 0.4700000000D-02 0.1000000000D-04 0.1680280000D+02 0.2182500000D+00 0.1494000000D-02 0.1100000000D-02 0.3520487000D+01 0.8949000000D+00 0.4794200000D+01 0.2650200000D+01
2 6420060225200603042453791.4 0.4300000000D-02 0.1600000000D-03 0.1987200000D+02 0.2993600000D+00 0.1154000000D-02 0.1600000000D-02 0.9699910000D+00 0.5243600000D+01 0.2832700000D+01 0.4166700000D+01 0.4200000000D-02 0.2000000000D-04 0.1551210000D+02 0.2033000000D+00 0.1287000000D-02 0.9000000000D-03 0.6283530000D+00 0.4257100000D+01 0.1764200000D+01 0.3766800000D+01
2 6520060304200603112453798.4 0.4300000000D-02 0.1100000000D-03 0.1905380000D+02 0.2879000000D+00 0.1713000000D-02 0.2000000000D-02 0.4308753000D+01 0.2358300000D+01 0.6207600000D+01 0.4521900000D+01 0.3900000000D-02-0.1000000000D-04 0.1429290000D+02 0.1893800000D+00 0.1622000000D-02 0.1200000000D-02 0.4021352000D+01 0.1352400000D+01 0.5335200000D+01 0.4388600000D+01
2 6620060311200603182453805.4 0.4500000000D-02 0.3000000000D-04 0.1836810000D+02 0.2702300000D+00 0.1190000000D-02 0.2300000000D-02 0.1362836000D+01 0.5737000000D+01 0.3532200000D+01 0.4775700000D+01 0.3600000000D-02-0.3000000000D-04 0.1314410000D+02 0.1749700000D+00 0.1222000000D-02 0.1500000000D-02 0.1133086000D+01 0.4692200000D+01 0.2309100000D+01 0.4709200000D+01
2 6720060318200603252453812.4 0.4500000000D-02 0.0000000000D+00 0.1779240000D+02 0.2607500000D+00 0.1633000000D-02 0.2100000000D-02 0.4700717000D+01 0.2836700000D+01 0.4729000000D+00 0.4940700000D+01 0.3300000000D-02-0.4000000000D-04 0.1205550000D+02 0.1630600000D+00 0.1531000000D-02 0.1400000000D-02 0.4532087000D+01 0.1771300000D+01 0.5793800000D+01 0.4880700000D+01
2 6820060325200604012453819.4 0.4500000000D-02-0.4000000000D-04 0.1730870000D+02 0.2446900000D+00 0.1193000000D-02 0.1500000000D-02 0.1755506000D+01 0.6207200000D+01 0.4176500000D+01 0.5313800000D+01 0.3000000000D-02-0.6000000000D-04 0.1102430000D+02 0.1502200000D+00 0.1138000000D-02 0.9000000000D-03 0.1651864000D+01 0.5095900000D+01 0.2779600000D+01 0.5230700000D+01
2 6920060401200604082453826.4 0.4600000000D-02-0.1000000000D-03 0.1690150000D+02 0.2375500000D+00 0.1566000000D-02 0.1200000000D-02 0.5095407000D+01 0.3295400000D+01 0.9594000000D+00 0.5942300000D+01 0.2900000000D-02-0.8000000000D-04 0.1004840000D+02 0.1399000000D+00 0.1446000000D-02 0.6000000000D-03 0.5061382000D+01 0.2162600000D+01 0.6209700000D+01 0.5977900000D+01
2 7020060408200604152453833.4 0.4600000000D-02-0.1200000000D-03 0.1655420000D+02 0.2235700000D+00 0.1310000000D-02 0.1300000000D-02 0.2153220000D+01 0.3773000000D+00 0.4611800000D+01 0.5177000000D+00 0.2600000000D-02-0.7000000000D-04 0.9128000000D+01 0.1284600000D+00 0.1150000000D-02 0.7000000000D-03 0.2194515000D+01 0.5476700000D+01 0.3221700000D+01 0.6985000000D+00
2 7120060415200604222453840.4 0.4500000000D-02-0.1300000000D-03 0.1625550000D+02 0.2152300000D+00 0.1333000000D-02 0.1900000000D-02 0.5496785000D+01 0.3735800000D+01 0.1536700000D+01 0.9297000000D+00 0.2400000000D-02-0.6000000000D-04 0.8268100000D+01 0.1189800000D+00 0.1241000000D-02 0.1000000000D-02 0.5620558000D+01 0.2521200000D+01 0.2709000000D+00 0.1072500000D+01
2 7220060422200604292453847.4 0.4500000000D-02-0.1800000000D-03 0.1598870000D+02 0.2051100000D+00 0.1386000000D-02 0.2200000000D-02 0.2559226000D+01 0.8143000000D+00 0.5030200000D+01 0.1149100000D+01 0.2200000000D-02-0.7000000000D-04 0.7471200000D+01 0.1089000000D+00 0.1112000000D-02 0.1000000000D-02 0.2774478000D+01 0.5833200000D+01 0.3651200000D+01 0.1293500000D+01
2 7320060429200605062453854.4 0.4300000000D-02-0.1800000000D-03 0.1574870000D+02 0.1963500000D+00 0.1180000000D-02 0.2200000000D-02 0.5907280000D+01 0.4163600000D+01 0.2083300000D+01 0.1367700000D+01 0.2000000000D-02-0.6000000000D-04 0.6748300000D+01 0.1007200000D+00 0.1108000000D-02 0.8000000000D-03 0.6225253000D+01 0.2857400000D+01 0.5897000000D+00 0.1552300000D+01
2 7420060506200605132453861.4 0.4100000000D-02-0.1600000000D-03 0.1552210000D+02 0.1892800000D+00 0.1376000000D-02 0.1700000000D-02 0.2974584000D+01 0.1238600000D+01 0.5397000000D+01 0.1576500000D+01 0.1700000000D-02-0.4000000000D-04 0.6106900000D+01 0.9155000000D-01 0.1058000000D-02 0.4000000000D-03 0.3408801000D+01 0.6163900000D+01 0.4015300000D+01 0.2075400000D+01
2 7520060513200605202453868.4 0.3900000000D-02-0.2000000000D-03 0.1530680000D+02 0.1794700000D+00 0.1057000000D-02 0.1200000000D-02 0.4390900000D-01 0.4583200000D+01 0.2699000000D+01 0.2142600000D+01 0.1500000000D-02-0.3000000000D-04 0.5563000000D+01 0.8443000000D-01 0.9890000000D-03 0.4000000000D-03 0.6093650000D+00 0.3167100000D+01 0.8749000000D+00 0.3352200000D+01
2 7620060520200605272453875.4 0.3800000000D-02-0.2300000000D-03 0.1509300000D+02 0.1755400000D+00 0.1298000000D-02 0.1100000000D-02 0.3399068000D+01 0.1653700000D+01 0.5790700000D+01 0.3041800000D+01 0.1500000000D-02-0.4000000000D-04 0.5127600000D+01 0.7601000000D-01 0.9620000000D-03 0.6000000000D-03 0.4111092000D+01 0.1819000000D+00 0.4372500000D+01 0.3966800000D+01
2 7720060527200606032453882.4 0.3500000000D-02-0.1900000000D-03 0.1487910000D+02 0.1666300000D+00 0.1025000000D-02 0.1600000000D-02 0.4724510000D+00 0.4999400000D+01 0.3145600000D+01 0.3719900000D+01 0.1300000000D-02-0.3000000000D-04 0.4813500000D+01 0.7013000000D-01 0.9260000000D-03 0.6000000000D-03 0.1343800000D+01 0.3450900000D+01 0.1212000000D+01 0.4258300000D+01
2 7820060603200606102453889.4 0.3300000000D-02-0.2100000000D-03 0.1466270000D+02 0.1628900000D+00 0.1097000000D-02 0.2000000000D-02 0.3831236000D+01 0.2065800000D+01 0.1060000000D-01 0.3983200000D+01 0.1300000000D-02-0.3000000000D-04 0.4626400000D+01 0.6298000000D-01 0.8720000000D-03 0.5000000000D-03 0.4869389000D+01 0.4402000000D+00 0.4647600000D+01 0.4619700000D+01
2 7920060610200606172453896.4 0.3300000000D-02-0.2500000000D-03 0.1444090000D+02 0.1564500000D+00 0.9840000000D-03 0.2000000000D-02 0.9080580000D+00 0.5415000000D+01 0.3545500000D+01 0.4223400000D+01 0.1200000000D-02-0.2000000000D-04 0.4563200000D+01 0.5803000000D-01 0.8490000000D-03 0.3000000000D-03 0.2112066000D+01 0.3689600000D+01 0.1530100000D+01 0.5632600000D+01
2 8020060617200606242453903.4 0.3000000000D-02-0.2300000000D-03 0.1421450000D+02 0.1526800000D+00 0.9460000000D-03 0.1700000000D-02 0.4269590000D+01 0.2480000000D+01 0.5442000000D+00 0.4510800000D+01 0.1200000000D-02-0.3000000000D-04 0.4611600000D+01 0.5243000000D-01 0.8160000000D-03 0.5000000000D-03 0.5630768000D+01 0.6518000000D+00 0.4948200000D+01 0.3261000000D+00
2 8120060624200607012453910.4 0.2700000000D-02-0.1900000000D-03 0.1398090000D+02 0.1489500000D+00 0.9330000000D-03 0.1200000000D-02 0.1348907000D+01 0.5832400000D+01 0.3885500000D+01 0.4983600000D+01 0.1100000000D-02-0.1000000000D-04 0.4749900000D+01 0.4877000000D-01 0.7590000000D-03 0.7000000000D-03 0.2852129000D+01 0.3870000000D+01 0.1886400000D+01 0.7232000000D+00
2 8220060701200607082453917.4 0.2500000000D-02-0.2100000000D-03 0.1374250000D+02 0.1441300000D+00 0.8010000000D-03 0.1200000000D-02 0.4712025000D+01 0.2900000000D+01 0.1196100000D+01 0.5865000000D+01 0.1100000000D-02-0.1000000000D-04 0.4957700000D+01 0.4567000000D-01 0.8230000000D-03 0.8000000000D-03 0.5659900000D-01 0.8101000000D+00 0.5218400000D+01 0.9557000000D+00
2 8320060708200607152453924.4 0.2300000000D-02-0.2000000000D-03 0.1349960000D+02 0.1433700000D+00 0.9170000000D-03 0.1600000000D-02 0.1792851000D+01 0.6257000000D+01 0.4235200000D+01 0.1196000000D+00 0.1100000000D-02-0.1000000000D-04 0.5210700000D+01 0.4357000000D-01 0.6500000000D-03 0.6000000000D-03 0.3527201000D+01 0.3988500000D+01 0.2210600000D+01 0.1368000000D+01
2 8420060715200607222453931.4 0.1900000000D-02-0.1400000000D-03 0.1325210000D+02 0.1383100000D+00 0.7420000000D-03 0.1900000000D-02 0.5156615000D+01 0.3326500000D+01 0.1756200000D+01 0.4832000000D+00 0.1200000000D-02-0.2000000000D-04 0.5493100000D+01 0.4269000000D-01 0.7980000000D-03 0.4000000000D-03 0.6981400000D+00 0.9294000000D+00 0.5536000000D+01 0.2123200000D+01
2 8520060722200607292453938.4 0.1600000000D-02-0.1200000000D-03 0.1300220000D+02 0.1387800000D+00 0.8130000000D-03 0.1900000000D-02 0.2237701000D+01 0.4027000000D+00 0.4706500000D+01 0.6946000000D+00 0.1200000000D-02-0.1000000000D-04 0.5788600000D+01 0.4292000000D-01 0.6080000000D-03 0.6000000000D-03 0.4138890000D+01 0.4102600000D+01 0.2539000000D+01 0.3098100000D+01
2 8620060729200608052453945.4 0.1300000000D-02-0.1200000000D-03 0.1274930000D+02 0.1344500000D+00 0.7360000000D-03 0.1500000000D-02 0.5601068000D+01 0.3762000000D+01 0.2313300000D+01 0.1018600000D+01 0.1300000000D-02-0.3000000000D-04 0.6088000000D+01 0.4381000000D-01 0.7840000000D-03 0.9000000000D-03 0.1284041000D+01 0.1061900000D+01 0.5868500000D+01 0.3482600000D+01
2 8720060805200608122453952.4 0.1000000000D-02-0.8000000000D-04 0.1249820000D+02 0.1359800000D+00 0.7140000000D-03 0.1100000000D-02 0.2681249000D+01 0.8379000000D+00 0.5187600000D+01 0.1587900000D+01 0.1500000000D-02-0.5000000000D-04 0.6383100000D+01 0.4608000000D-01 0.5680000000D-03 0.1000000000D-02 0.4703149000D+01 0.4259100000D+01 0.2833500000D+01 0.3798900000D+01
2 8820060812200608192453959.4 0.6000000000D-03-0.5000000000D-04 0.1224510000D+02 0.1331800000D+00 0.7450000000D-03 0.1000000000D-02 0.6043157000D+01 0.4203800000D+01 0.2691300000D+01 0.2530300000D+01 0.1600000000D-02-0.4000000000D-04 0.6667900000D+01 0.4801000000D-01 0.7070000000D-03 0.8000000000D-03 0.1830297000D+01 0.1242100000D+01 0.6186200000D+01 0.4097900000D+01
2 8920060819200608262453966.4 0.4000000000D-03-0.6000000000D-04 0.1199690000D+02 0.1337700000D+00 0.5890000000D-03 0.1500000000D-02 0.3120983000D+01 0.1276900000D+01 0.5961900000D+01 0.3101600000D+01 0.1700000000D-02-0.5000000000D-04 0.6939100000D+01 0.5102000000D-01 0.6070000000D-03 0.6000000000D-03 0.5234194000D+01 0.4490600000D+01 0.3210700000D+01 0.4785600000D+01
2 9020060826200609022453973.4 0.2000000000D-03-0.3000000000D-04 0.1174880000D+02 0.1339800000D+00 0.7730000000D-03 0.1800000000D-02 0.1971210000D+00 0.4651300000D+01 0.3032300000D+01 0.3402000000D+01 0.1900000000D-02-0.7000000000D-04 0.7193300000D+01 0.5418000000D-01 0.6360000000D-03 0.7000000000D-03 0.2348981000D+01 0.1489900000D+01 0.1568000000D+00 0.5686600000D+01
2 9120060902200609092453980.4-0.1000000000D-03 0.0000000000D+00 0.1150960000D+02 0.1337500000D+00 0.6020000000D-03 0.1900000000D-02 0.3554407000D+01 0.1723500000D+01 0.3780000000D+00 0.3654200000D+01 0.2000000000D-02-0.7000000000D-04 0.7430000000D+01 0.5690000000D-01 0.6290000000D-03 0.1000000000D-02 0.5742182000D+01 0.4774700000D+01 0.3565500000D+01 0.6231300000D+01
2 9220060909200609162453987.4-0.3000000000D-03 0.0000000000D+00 0.1127450000D+02 0.1361500000D+00 0.7460000000D-03 0.1600000000D-02 0.6265330000D+00 0.5097300000D+01 0.3457400000D+01 0.3912500000D+01 0.2000000000D-02-0.5000000000D-04 0.7645900000D+01 0.6072000000D-01 0.5760000000D-03 0.1300000000D-02 0.2848254000D+01 0.1787600000D+01 0.3961000000D+00 0.2309000000D+00
2 9320060916200609232453994.4-0.5000000000D-03 0.2000000000D-04 0.1105020000D+02 0.1355300000D+00 0.6840000000D-03 0.1200000000D-02 0.3978720000D+01 0.2172800000D+01 0.1062800000D+01 0.4462200000D+01 0.2100000000D-02-0.8000000000D-04 0.7841600000D+01 0.6253000000D-01 0.6740000000D-03 0.1200000000D-02 0.6233744000D+01 0.5098500000D+01 0.3940600000D+01 0.4741000000D+00
2 9420060923200609302454001.4-0.9000000000D-03 0.5000000000D-04 0.1083600000D+02 0.1400900000D+00 0.7480000000D-03 0.1100000000D-02 0.1045304000D+01 0.5545800000D+01 0.3914000000D+01 0.5202800000D+01 0.2300000000D-02-0.9000000000D-04 0.8015300000D+01 0.6687000000D-01 0.5420000000D-03 0.1000000000D-02 0.3333580000D+01 0.2119300000D+01 0.6202000000D+00 0.8598000000D+00
2 9520060930200610072454008.4-0.1100000000D-02 0.6000000000D-04 0.1063710000D+02 0.1401500000D+00 0.7570000000D-03 0.1300000000D-02 0.4390997000D+01 0.2624900000D+01 0.1484400000D+01 0.5862000000D+01 0.2300000000D-02-0.8000000000D-04 0.8166700000D+01 0.6805000000D-01 0.6550000000D-03 0.7000000000D-03 0.4303900000D+00 0.5443800000D+01 0.4180000000D+01 0.1529000000D+01
2 9620061007200610142454015.4-0.1400000000D-02 0.7000000000D-04 0.1045580000D+02 0.1447000000D+00 0.7550000000D-03 0.1600000000D-02 0.1450355000D+01 0.5992800000D+01 0.4573700000D+01 0.6183700000D+01 0.2400000000D-02-0.8000000000D-04 0.8295300000D+01 0.7118000000D-01 0.5740000000D-03 0.9000000000D-03 0.3808803000D+01 0.2472500000D+01 0.9908000000D+00 0.2451000000D+01
2 9720061014200610212454022.4-0.1700000000D-02 0.1200000000D-03 0.1029570000D+02 0.1467500000D+00 0.8310000000D-03 0.1600000000D-02 0.4788449000D+01 0.3074400000D+01 0.1918000000D+01 0.1667000000D+00 0.2600000000D-02-0.1200000000D-03 0.8398500000D+01 0.7246000000D-01 0.6300000000D-03 0.1200000000D-02 0.9020660000D+00 0.5797500000D+01 0.4368100000D+01 0.2895400000D+01
2 9820061021200610282454029.4-0.2000000000D-02 0.1200000000D-03 0.1016200000D+02 0.1515800000D+00 0.8100000000D-03 0.1400000000D-02 0.1839429000D+01 0.1562000000D+00 0.5150500000D+01 0.4812000000D+00 0.2600000000D-02-0.1000000000D-03 0.8477000000D+01 0.7406000000D-01 0.6080000000D-03 0.1400000000D-02 0.4277416000D+01 0.2831300000D+01 0.1298000000D+01 0.3218900000D+01
2 9920061028200611042454036.4-0.2100000000D-02 0.9000000000D-04 0.1005970000D+02 0.1554800000D+00 0.8820000000D-03 0.1000000000D-02 0.5169061000D+01 0.3521300000D+01 0.2274200000D+01 0.9299000000D+00 0.2600000000D-02-0.9000000000D-04 0.8527700000D+01 0.7514000000D-01 0.6390000000D-03 0.1300000000D-02 0.1368715000D+01 0.6151700000D+01 0.4473200000D+01 0.3477000000D+01
210020061104200611112454043.4-0.2400000000D-02 0.1100000000D-03 0.9994400000D+01 0.1594600000D+00 0.9430000000D-03 0.1000000000D-02 0.2211258000D+01 0.6005000000D+00 0.5755800000D+01 0.1762900000D+01 0.2700000000D-02-0.1000000000D-03 0.8549500000D+01 0.7439000000D-01 0.6670000000D-03 0.9000000000D-03 0.4742630000D+01 0.3184800000D+01 0.1655600000D+01 0.3956500000D+01
210120061111200611182454050.4-0.2600000000D-02 0.1300000000D-03 0.9971700000D+01 0.1657300000D+00 0.9260000000D-03 0.1200000000D-02 0.5532883000D+01 0.3962600000D+01 0.2632700000D+01 0.2341900000D+01 0.2800000000D-02-0.1000000000D-03 0.8539800000D+01 0.7554000000D-01 0.7230000000D-03 0.8000000000D-03 0.1833845000D+01 0.2114000000D+00 0.4575900000D+01 0.4747400000D+01
210220061118200611252454057.4-0.2700000000D-02 0.9000000000D-04 0.9997000000D+01 0.1693400000D+00 0.1068000000D-02 0.1500000000D-02 0.2567391000D+01 0.1041400000D+01 0.6191800000D+01 0.2721700000D+01 0.2600000000D-02-0.6000000000D-04 0.8495300000D+01 0.7278000000D-01 0.7180000000D-03 0.1000000000D-02 0.5208336000D+01 0.3516400000D+01 0.1863100000D+01 0.5470600000D+01
210320061125200612022454064.4-0.2800000000D-02 0.8000000000D-04 0.1007660000D+02 0.1762300000D+00 0.9860000000D-03 0.1700000000D-02 0.5882733000D+01 0.4398800000D+01 0.3054000000D+01 0.2937300000D+01 0.2600000000D-02-0.6000000000D-04 0.8414400000D+01 0.7267000000D-01 0.8250000000D-03 0.1300000000D-02 0.2301477000D+01 0.5287000000D+00 0.4816900000D+01 0.5855100000D+01
210420061202200612092454071.4-0.3000000000D-02 0.1000000000D-03 0.1021280000D+02 0.1798200000D+00 0.1211000000D-02 0.1500000000D-02 0.2912547000D+01 0.1477400000D+01 0.2746000000D+00 0.3167400000D+01 0.2500000000D-02-0.6000000000D-04 0.8292600000D+01 0.6862000000D-01 0.8200000000D-03 0.1300000000D-02 0.5679277000D+01 0.3811900000D+01 0.2074100000D+01 0.6096100000D+01
210520061209200612162454078.4-0.3100000000D-02 0.7000000000D-04 0.1041060000D+02 0.1865200000D+00 0.1051000000D-02 0.1200000000D-02 0.6225248000D+01 0.4827100000D+01 0.3467100000D+01 0.3507600000D+01 0.2500000000D-02-0.4000000000D-04 0.8129400000D+01 0.6761000000D-01 0.9270000000D-03 0.1100000000D-02 0.2777393000D+01 0.7942000000D+00 0.5062000000D+01 0.1264000000D+00
210620061216200612232454085.4-0.3100000000D-02 0.5000000000D-04 0.1066580000D+02 0.1905500000D+00 0.1268000000D-02 0.9000000000D-03 0.3254585000D+01 0.1903500000D+01 0.5488000000D+00 0.4101300000D+01 0.2300000000D-02-0.2000000000D-04 0.7919100000D+01 0.6336000000D-01 0.9630000000D-03 0.7000000000D-03 0.6162159000D+01 0.4044800000D+01 0.2209000000D+01 0.6182000000D+00
210720061223200612302454092.4-0.3200000000D-02 0.5000000000D-04 0.1098190000D+02 0.1947300000D+00 0.1212000000D-02 0.1000000000D-02 0.2854910000D+00 0.5250000000D+01 0.3912700000D+01 0.5028500000D+01 0.2300000000D-02-0.4000000000D-04 0.7665100000D+01 0.6102000000D-01 0.9610000000D-03 0.6000000000D-03 0.3269348000D+01 0.9789000000D+00 0.5377200000D+01 0.1710500000D+01
210820061230200701062454099.4-0.3300000000D-02 0.4000000000D-04 0.1134790000D+02 0.1996000000D+00 0.1331000000D-02 0.1400000000D-02 0.3601939000D+01 0.2319000000D+01 0.7741000000D+00 0.5507600000D+01 0.2200000000D-02-0.2000000000D-04 0.7363900000D+01 0.5835000000D-01 0.1134000000D-02 0.8000000000D-03 0.3834990000D+00 0.4194300000D+01 0.2404700000D+01 0.2365300000D+01
210920070106200701132454106.4-0.3200000000D-02 0.0000000000D+00 0.1176250000D+02 0.2009200000D+00 0.1365000000D-02 0.1800000000D-02 0.6380180000D+00 0.5662100000D+01 0.4266800000D+01 0.5827500000D+01 0.2100000000D-02-0.1000000000D-04 0.7023400000D+01 0.5698000000D-01 0.1018000000D-02 0.1000000000D-02 0.3789675000D+01 0.1070800000D+01 0.5636200000D+01 0.2713600000D+01
