 4 2   2  56 19.7027 4.9788  7.0  7.0  109 2457022.5000 2015                                                                                                                                                                                                                                                                                                                     
1  220141231201501072457022.4 0.5780000000D-01 0.4800000000D-03 0.6560200000D+01 0.7922000000D-01 0.6910000000D-03 0.4890000000D-01 0.3066210000D+01 0.1255100000D+01 0.5861400000D+01-0.6098300000D+01 0.5430000000D-01 0.7500000000D-03 0.2460900000D+01 0.2941000000D-01 0.5550000000D-03 0.1930000000D-01 0.1673592000D+01 0.2243800000D+01 0.2441000000D+00-0.1151200000D+01
1  320150107201501142457029.4 0.6000000000D-01 0.3100000000D-03 0.6420100000D+01 0.7800000000D-01 0.5560000000D-03 0.4800000000D-01 0.2672320000D+01 0.8198000000D+00 0.5479100000D+01-0.5825000000D+00 0.5940000000D-01 0.6400000000D-03 0.2640000000D+01 0.2700000000D-01 0.5170000000D-03 0.2070000000D-01 0.1394380000D+01 0.1669300000D+01 0.6073500000D+01-0.1811700000D+01
1  420150114201501212457036.4 0.6210000000D-01 0.6000000000D-04 0.6265100000D+01 0.7761000000D-01 0.4760000000D-03 0.4690000000D-01 0.2278732000D+01 0.3965000000D+00 0.4915500000D+01-0.1343800000D+01 0.6410000000D-01 0.5300000000D-03 0.2821000000D+01 0.2557000000D-01 0.4780000000D-03 0.2200000000D-01 0.1092358000D+01 0.1076000000D+01 0.5566600000D+01-0.2491200000D+01
1  520150121201501282457043.4 0.6350000000D-01-0.7000000000D-04 0.6097400000D+01 0.7701000000D-01 0.5110000000D-03 0.4530000000D-01 0.1884617000D+01 0.6272200000D+01 0.4411900000D+01-0.2106900000D+01 0.6810000000D-01 0.4500000000D-03 0.2993900000D+01 0.2502000000D-01 0.4760000000D-03 0.2310000000D-01 0.7722310000D+00 0.4885000000D+00 0.5043500000D+01-0.3193500000D+01
1  620150128201502042457050.4 0.6410000000D-01-0.4000000000D-04 0.5922000000D+01 0.7574000000D-01 0.5550000000D-03 0.4380000000D-01 0.1489302000D+01 0.5869600000D+01 0.4121500000D+01-0.2879900000D+01 0.7150000000D-01 0.4100000000D-03 0.3152500000D+01 0.2493000000D-01 0.4890000000D-03 0.2440000000D-01 0.4382450000D+00 0.6193000000D+01 0.4590300000D+01-0.3907800000D+01
1  720150204201502112457057.4 0.6430000000D-01 0.1000000000D-03 0.5743900000D+01 0.7448000000D-01 0.5280000000D-03 0.4270000000D-01 0.1092588000D+01 0.5462500000D+01 0.3893000000D+01-0.3653700000D+01 0.7440000000D-01 0.3900000000D-03 0.3292300000D+01 0.2541000000D-01 0.4730000000D-03 0.2540000000D-01 0.9379200000D-01 0.5618600000D+01 0.4176400000D+01-0.4625200000D+01
1  820150211201502182457064.4 0.6470000000D-01 0.2200000000D-03 0.5565300000D+01 0.7395000000D-01 0.4510000000D-03 0.4160000000D-01 0.6943390000D+00 0.5054700000D+01 0.3582700000D+01-0.4420400000D+01 0.7690000000D-01 0.3500000000D-03 0.3410500000D+01 0.2665000000D-01 0.4280000000D-03 0.2620000000D-01 0.6024440000D+01 0.5062600000D+01 0.3712200000D+01-0.5349800000D+01
1  920150218201502252457071.4 0.6550000000D-01 0.2400000000D-03 0.5387300000D+01 0.7406000000D-01 0.3910000000D-03 0.4000000000D-01 0.2941270000D+00 0.4654800000D+01 0.3087400000D+01-0.5188800000D+01 0.7900000000D-01 0.2600000000D-03 0.3505900000D+01 0.2835000000D-01 0.3920000000D-03 0.2670000000D-01 0.5665470000D+01 0.4541000000D+01 0.3138200000D+01-0.6087700000D+01
1 1020150225201503042457078.4 0.6670000000D-01 0.2100000000D-03 0.5212100000D+01 0.7416000000D-01 0.4140000000D-03 0.3840000000D-01 0.6174498000D+01 0.4265400000D+01 0.2518700000D+01-0.5972300000D+01 0.8080000000D-01 0.1700000000D-03 0.3579200000D+01 0.2991000000D-01 0.4020000000D-03 0.2720000000D-01 0.5301378000D+01 0.4048900000D+01 0.2542600000D+01-0.5484000000D+00
1 1120150304201503112457085.4 0.6790000000D-01 0.1800000000D-03 0.5043300000D+01 0.7380000000D-01 0.4760000000D-03 0.3750000000D-01 0.5768520000D+01 0.3879400000D+01 0.2101600000D+01-0.4749000000D+00 0.8190000000D-01 0.1000000000D-03 0.3631400000D+01 0.3104000000D-01 0.4160000000D-03 0.2770000000D-01 0.4933394000D+01 0.3567200000D+01 0.2054500000D+01-0.1285400000D+01
1 1220150311201503182457092.4 0.6910000000D-01 0.1800000000D-03 0.4884400000D+01 0.7309000000D-01 0.4880000000D-03 0.3650000000D-01 0.5359125000D+01 0.3489100000D+01 0.1803700000D+01-0.1250000000D+01 0.8260000000D-01 0.2000000000D-04 0.3663100000D+01 0.3195000000D-01 0.3870000000D-03 0.2770000000D-01 0.4562606000D+01 0.3086800000D+01 0.1622600000D+01-0.2025100000D+01
1 1320150318201503252457099.4 0.7040000000D-01 0.1600000000D-03 0.4738000000D+01 0.7252000000D-01 0.4320000000D-03 0.3510000000D-01 0.4946329000D+01 0.3094000000D+01 0.1507200000D+01-0.2031900000D+01 0.8290000000D-01-0.6000000000D-04 0.3674600000D+01 0.3287000000D-01 0.3280000000D-03 0.2750000000D-01 0.4189852000D+01 0.2614100000D+01 0.1121400000D+01-0.2775800000D+01
1 1420150325201504012457106.4 0.7190000000D-01 0.1200000000D-03 0.4605600000D+01 0.7237000000D-01 0.3480000000D-03 0.3400000000D-01 0.4530263000D+01 0.2700100000D+01 0.1092300000D+01-0.2830100000D+01 0.8270000000D-01-0.1400000000D-03 0.3666200000D+01 0.3365000000D-01 0.2980000000D-03 0.2750000000D-01 0.3815798000D+01 0.2157100000D+01 0.4807000000D+00-0.3527400000D+01
1 1520150401201504082457113.4 0.7340000000D-01 0.1300000000D-03 0.4488400000D+01 0.7247000000D-01 0.3170000000D-03 0.3340000000D-01 0.4111040000D+01 0.2313600000D+01 0.5024000000D+00-0.3627700000D+01 0.8200000000D-01-0.1800000000D-03 0.3638900000D+01 0.3393000000D-01 0.3280000000D-03 0.2730000000D-01 0.3440969000D+01 0.1713200000D+01 0.6178000000D+01-0.4269100000D+01
1 1620150408201504152457120.4 0.7490000000D-01 0.2300000000D-03 0.4387700000D+01 0.7225000000D-01 0.3690000000D-03 0.3280000000D-01 0.3688638000D+01 0.1934800000D+01 0.3530000000D-01-0.4414900000D+01 0.8080000000D-01-0.1600000000D-03 0.3593900000D+01 0.3355000000D-01 0.3590000000D-03 0.2680000000D-01 0.3065887000D+01 0.1269200000D+01 0.5776800000D+01-0.5010000000D+01
1 1720150415201504222457127.4 0.7640000000D-01 0.3900000000D-03 0.4306700000D+01 0.7146000000D-01 0.4180000000D-03 0.3200000000D-01 0.3263318000D+01 0.1555400000D+01 0.6060100000D+01-0.5209400000D+01 0.7920000000D-01-0.1400000000D-03 0.3532600000D+01 0.3289000000D-01 0.3430000000D-03 0.2620000000D-01 0.2691306000D+01 0.8145000000D+00 0.5409800000D+01-0.5759900000D+01
1 1820150422201504292457134.4 0.7830000000D-01 0.5000000000D-03 0.4247700000D+01 0.7052000000D-01 0.4080000000D-03 0.3160000000D-01 0.2835976000D+01 0.1168700000D+01 0.5842600000D+01-0.6015600000D+01 0.7750000000D-01-0.1900000000D-03 0.3455700000D+01 0.3235000000D-01 0.3060000000D-03 0.2560000000D-01 0.2318086000D+01 0.3539000000D+00 0.4911700000D+01-0.2242000000D+00
1 1920150429201505062457141.4 0.8080000000D-01 0.4700000000D-03 0.4210900000D+01 0.6998000000D-01 0.3420000000D-03 0.3150000000D-01 0.2407866000D+01 0.7762000000D+00 0.5509500000D+01-0.5362000000D+00 0.7570000000D-01-0.3200000000D-03 0.3362900000D+01 0.3189000000D-01 0.3060000000D-03 0.2490000000D-01 0.1946922000D+01 0.6180300000D+01 0.4281400000D+01-0.9627000000D+00
1 2020150506201505132457148.4 0.8370000000D-01 0.3200000000D-03 0.4194100000D+01 0.6986000000D-01 0.2970000000D-03 0.3160000000D-01 0.1979944000D+01 0.3868000000D+00 0.4930400000D+01-0.1329600000D+01 0.7360000000D-01-0.4600000000D-03 0.3254400000D+01 0.3110000000D-01 0.3520000000D-03 0.2400000000D-01 0.1578258000D+01 0.5727300000D+01 0.3757300000D+01-0.1696900000D+01
1 2120150513201505202457155.4 0.8660000000D-01 0.2100000000D-03 0.4195800000D+01 0.6950000000D-01 0.3460000000D-03 0.3150000000D-01 0.1552725000D+01 0.5300000000D-02 0.4358300000D+01-0.2122000000D+01 0.7080000000D-01-0.5400000000D-03 0.3131600000D+01 0.2983000000D-01 0.3770000000D-03 0.2290000000D-01 0.1212611000D+01 0.5265000000D+01 0.3374000000D+01-0.2433300000D+01
1 2220150520201505272457162.4 0.8900000000D-01 0.2100000000D-03 0.4216100000D+01 0.6839000000D-01 0.4140000000D-03 0.3160000000D-01 0.1126893000D+01 0.5908100000D+01 0.4030200000D+01-0.2922900000D+01 0.6750000000D-01-0.5300000000D-03 0.2996300000D+01 0.2853000000D-01 0.3550000000D-03 0.2190000000D-01 0.8509900000D+00 0.4784000000D+01 0.2989900000D+01-0.3167300000D+01
1 2320150527201506032457169.4 0.9100000000D-01 0.3100000000D-03 0.4254200000D+01 0.6685000000D-01 0.4260000000D-03 0.3210000000D-01 0.7036340000D+00 0.5519500000D+01 0.3789100000D+01-0.3720800000D+01 0.6370000000D-01-0.4900000000D-03 0.2849600000D+01 0.2758000000D-01 0.3210000000D-03 0.2090000000D-01 0.4947330000D+00 0.4293500000D+01 0.2494500000D+01-0.3890700000D+01
1 2420150603201506102457176.4 0.9320000000D-01 0.4200000000D-03 0.4307000000D+01 0.6550000000D-01 0.3840000000D-03 0.3280000000D-01 0.2840030000D+00 0.5122900000D+01 0.3484900000D+01-0.4504500000D+01 0.5990000000D-01-0.4800000000D-03 0.2692600000D+01 0.2685000000D-01 0.3200000000D-03 0.1970000000D-01 0.1450990000D+00 0.3806400000D+01 0.1940700000D+01-0.4603500000D+01
1 2520150610201506172457183.4 0.9560000000D-01 0.4500000000D-03 0.4369700000D+01 0.6460000000D-01 0.3410000000D-03 0.3310000000D-01 0.6151620000D+01 0.4726200000D+01 0.2986700000D+01-0.5281900000D+01 0.5610000000D-01-0.5400000000D-03 0.2526800000D+01 0.2604000000D-01 0.3430000000D-03 0.1830000000D-01 0.6086512000D+01 0.3321400000D+01 0.1462800000D+01-0.5310200000D+01
1 2620150617201506242457190.4 0.9830000000D-01 0.4000000000D-03 0.4439300000D+01 0.6372000000D-01 0.3710000000D-03 0.3340000000D-01 0.5740052000D+01 0.4335900000D+01 0.2390100000D+01-0.6068100000D+01 0.5210000000D-01-0.6200000000D-03 0.2355600000D+01 0.2515000000D-01 0.3510000000D-03 0.1700000000D-01 0.5754186000D+01 0.2828400000D+01 0.1058700000D+01-0.6012300000D+01
1 2720150624201507012457197.4 0.1009000000D+00 0.3500000000D-03 0.4513900000D+01 0.6231000000D-01 0.4370000000D-03 0.3420000000D-01 0.5332430000D+01 0.3947400000D+01 0.1951900000D+01-0.5665000000D+00 0.4790000000D-01-0.6700000000D-03 0.2183200000D+01 0.2449000000D-01 0.3310000000D-03 0.1580000000D-01 0.5433537000D+01 0.2325100000D+01 0.6313000000D+00-0.4138000000D+00
1 2820150701201507082457204.4 0.1032000000D+00 0.3100000000D-03 0.4592000000D+01 0.6041000000D-01 0.4600000000D-03 0.3500000000D-01 0.4928874000D+01 0.3552600000D+01 0.1629600000D+01-0.1331300000D+01 0.4330000000D-01-0.6800000000D-03 0.2013900000D+01 0.2417000000D-01 0.3090000000D-03 0.1460000000D-01 0.5127377000D+01 0.1823100000D+01 0.1230000000D+00-0.1076300000D+01
1 2920150708201507152457211.4 0.1054000000D+00 0.2700000000D-03 0.4670700000D+01 0.5848000000D-01 0.4180000000D-03 0.3540000000D-01 0.4529430000D+01 0.3149500000D+01 0.1304700000D+01-0.2092900000D+01 0.3850000000D-01-0.6700000000D-03 0.1852600000D+01 0.2396000000D-01 0.3080000000D-03 0.1340000000D-01 0.4838743000D+01 0.1329000000D+01 0.5876000000D+01-0.1723900000D+01
1 3020150715201507222457218.4 0.1074000000D+00 0.1900000000D-03 0.4747600000D+01 0.5691000000D-01 0.3420000000D-03 0.3570000000D-01 0.4133962000D+01 0.2743500000D+01 0.8643000000D+00-0.2861900000D+01 0.3370000000D-01-0.6600000000D-03 0.1705900000D+01 0.2368000000D-01 0.3120000000D-03 0.1230000000D-01 0.4570521000D+01 0.8382000000D+00 0.5397400000D+01-0.2355000000D+01
1 3120150722201507292457225.4 0.1093000000D+00 0.1200000000D-03 0.4820300000D+01 0.5565000000D-01 0.3050000000D-03 0.3650000000D-01 0.3742134000D+01 0.2343500000D+01 0.2771000000D+00-0.3625500000D+01 0.2890000000D-01-0.6600000000D-03 0.1582100000D+01 0.2341000000D-01 0.3040000000D-03 0.1160000000D-01 0.4324655000D+01 0.3460000000D+00 0.4949100000D+01-0.2960000000D+01
1 3220150729201508052457232.4 0.1108000000D+00 0.1300000000D-03 0.4887800000D+01 0.5426000000D-01 0.3300000000D-03 0.3710000000D-01 0.3353458000D+01 0.1952700000D+01 0.6092700000D+01-0.4374900000D+01 0.2420000000D-01-0.6700000000D-03 0.1489900000D+01 0.2329000000D-01 0.2860000000D-03 0.1100000000D-01 0.4100705000D+01 0.6138100000D+01 0.4475400000D+01-0.3539300000D+01
1 3320150805201508122457239.4 0.1118000000D+00 0.2300000000D-03 0.4950400000D+01 0.5256000000D-01 0.3500000000D-03 0.3740000000D-01 0.2967551000D+01 0.1564800000D+01 0.5825700000D+01-0.5123900000D+01 0.1940000000D-01-0.6800000000D-03 0.1437300000D+01 0.2332000000D-01 0.2770000000D-03 0.1070000000D-01 0.3894198000D+01 0.5654200000D+01 0.3970100000D+01-0.4108800000D+01
1 3420150812201508192457246.4 0.1129000000D+00 0.3300000000D-03 0.5008900000D+01 0.5082000000D-01 0.3270000000D-03 0.3770000000D-01 0.2584234000D+01 0.1172600000D+01 0.5635100000D+01-0.5876900000D+01 0.1470000000D-01-0.6800000000D-03 0.1429200000D+01 0.2332000000D-01 0.2780000000D-03 0.1090000000D-01 0.3696015000D+01 0.5176700000D+01 0.3504000000D+01-0.4679600000D+01
1 3520150819201508262457253.4 0.1142000000D+00 0.3200000000D-03 0.5063400000D+01 0.4950000000D-01 0.2610000000D-03 0.3820000000D-01 0.2203444000D+01 0.7747000000D+00 0.5391100000D+01-0.3442000000D+00 0.9900000000D-02-0.6600000000D-03 0.1466000000D+01 0.2330000000D-01 0.2720000000D-03 0.1130000000D-01 0.3494333000D+01 0.4699700000D+01 0.3096300000D+01-0.5253600000D+01
1 3620150826201509022457260.4 0.1158000000D+00 0.1900000000D-03 0.5112900000D+01 0.4883000000D-01 0.1970000000D-03 0.3870000000D-01 0.1824927000D+01 0.3805000000D+00 0.4906700000D+01-0.1086500000D+01 0.5200000000D-02-0.6300000000D-03 0.1543500000D+01 0.2345000000D-01 0.2540000000D-03 0.1200000000D-01 0.3278820000D+01 0.4223400000D+01 0.2685500000D+01-0.5840900000D+01
1 3720150902201509092457267.4 0.1173000000D+00 0.3000000000D-04 0.5157100000D+01 0.4841000000D-01 0.2030000000D-03 0.3900000000D-01 0.1448122000D+01 0.6282300000D+01 0.4287800000D+01-0.1824500000D+01 0.6000000000D-03-0.6000000000D-03 0.1654700000D+01 0.2380000000D-01 0.2420000000D-03 0.1290000000D-01 0.3043768000D+01 0.3754800000D+01 0.2230600000D+01-0.1685000000D+00
1 3820150909201509162457274.4 0.1184000000D+00-0.3000000000D-04 0.5197700000D+01 0.4776000000D-01 0.2430000000D-03 0.3920000000D-01 0.1072530000D+01 0.5910000000D+01 0.3958200000D+01-0.2565600000D+01-0.3700000000D-02-0.5800000000D-03 0.1792200000D+01 0.2425000000D-01 0.2470000000D-03 0.1410000000D-01 0.2788145000D+01 0.3296900000D+01 0.1775100000D+01-0.8028000000D+00
1 3920150916201509232457281.4 0.1189000000D+00 0.2000000000D-04 0.5237000000D+01 0.4688000000D-01 0.2510000000D-03 0.3950000000D-01 0.6979960000D+00 0.5535900000D+01 0.3835500000D+01-0.3309400000D+01-0.7900000000D-02-0.5900000000D-03 0.1948800000D+01 0.2468000000D-01 0.2620000000D-03 0.1540000000D-01 0.2513741000D+01 0.2845300000D+01 0.1387000000D+01-0.1452700000D+01
1 4020150923201509302457288.4 0.1193000000D+00 0.1400000000D-03 0.5275900000D+01 0.4622000000D-01 0.2240000000D-03 0.4000000000D-01 0.3245280000D+00 0.5155700000D+01 0.3789400000D+01-0.4048900000D+01-0.1200000000D-01-0.5900000000D-03 0.2118700000D+01 0.2519000000D-01 0.2660000000D-03 0.1670000000D-01 0.2223382000D+01 0.2394300000D+01 0.1046300000D+01-0.2110400000D+01
1 4120150930201510072457295.4 0.1199000000D+00 0.2100000000D-03 0.5314200000D+01 0.4625000000D-01 0.1750000000D-03 0.4040000000D-01 0.6235187000D+01 0.4775900000D+01 0.3639400000D+01-0.4779500000D+01-0.1610000000D-01-0.5800000000D-03 0.2297300000D+01 0.2600000000D-01 0.2500000000D-03 0.1800000000D-01 0.1919889000D+01 0.1946600000D+01 0.6694000000D+00-0.2782100000D+01
1 4220151007201510142457302.4 0.1208000000D+00 0.2000000000D-03 0.5351900000D+01 0.4683000000D-01 0.1430000000D-03 0.4040000000D-01 0.5863175000D+01 0.4407900000D+01 0.3141300000D+01-0.5513900000D+01-0.2020000000D-01-0.5600000000D-03 0.2482100000D+01 0.2708000000D-01 0.2340000000D-03 0.1940000000D-01 0.1605798000D+01 0.1510000000D+01 0.1966000000D+00-0.3470300000D+01
1 4320151014201510212457309.4 0.1219000000D+00 0.1700000000D-03 0.5390900000D+01 0.4745000000D-01 0.1720000000D-03 0.4070000000D-01 0.5491233000D+01 0.4050400000D+01 0.2558400000D+01-0.6256300000D+01-0.2410000000D-01-0.5400000000D-03 0.2671600000D+01 0.2819000000D-01 0.2370000000D-03 0.2100000000D-01 0.1283334000D+01 0.1085300000D+01 0.5979800000D+01-0.4163100000D+01
1 4420151021201510282457316.4 0.1230000000D+00 0.1600000000D-03 0.5433400000D+01 0.4791000000D-01 0.2260000000D-03 0.4130000000D-01 0.5119141000D+01 0.3694200000D+01 0.2234200000D+01-0.7115000000D+00-0.2790000000D-01-0.5400000000D-03 0.2864600000D+01 0.2919000000D-01 0.2520000000D-03 0.2250000000D-01 0.9543150000D+00 0.6674000000D+00 0.5559100000D+01-0.4853900000D+01
1 4520151028201511042457323.4 0.1240000000D+00 0.1700000000D-03 0.5480800000D+01 0.4842000000D-01 0.2540000000D-03 0.4180000000D-01 0.4746800000D+01 0.3332400000D+01 0.2038300000D+01-0.1441700000D+01-0.3170000000D-01-0.5300000000D-03 0.3060100000D+01 0.3015000000D-01 0.2550000000D-03 0.2390000000D-01 0.6201800000D+00 0.2507000000D+00 0.5241600000D+01-0.5549900000D+01
1 4620151104201511112457330.4 0.1251000000D+00 0.1600000000D-03 0.5534100000D+01 0.4933000000D-01 0.2350000000D-03 0.4200000000D-01 0.4374098000D+01 0.2965800000D+01 0.1888500000D+01-0.2174700000D+01-0.3540000000D-01-0.4900000000D-03 0.3257400000D+01 0.3127000000D-01 0.2280000000D-03 0.2530000000D-01 0.2820220000D+00 0.6119000000D+01 0.4961200000D+01-0.6257900000D+01
1 4720151111201511182457337.4 0.1264000000D+00 0.1200000000D-03 0.5594100000D+01 0.5077000000D-01 0.1820000000D-03 0.4240000000D-01 0.4000859000D+01 0.2601300000D+01 0.1728900000D+01-0.2917000000D+01-0.3910000000D-01-0.4400000000D-03 0.3456400000D+01 0.3263000000D-01 0.1870000000D-03 0.2690000000D-01 0.6223812000D+01 0.5713800000D+01 0.4615600000D+01-0.6828000000D+00
1 4820151118201511252457344.4 0.1279000000D+00 0.1000000000D-03 0.5661800000D+01 0.5256000000D-01 0.1410000000D-03 0.4320000000D-01 0.3626822000D+01 0.2245400000D+01 0.1434500000D+01-0.3657100000D+01-0.4270000000D-01-0.4200000000D-03 0.3657200000D+01 0.3406000000D-01 0.1640000000D-03 0.2850000000D-01 0.5879808000D+01 0.5323100000D+01 0.4135000000D+01-0.1386000000D+01
1 4920151125201512022457351.4 0.1292000000D+00 0.1600000000D-03 0.5739000000D+01 0.5449000000D-01 0.1440000000D-03 0.4390000000D-01 0.3251743000D+01 0.1897700000D+01 0.9623000000D+00-0.4391400000D+01-0.4610000000D-01-0.4900000000D-03 0.3860300000D+01 0.3536000000D-01 0.1760000000D-03 0.3000000000D-01 0.5533777000D+01 0.4944000000D+01 0.3665600000D+01-0.2091900000D+01
1 5020151202201512092457358.4 0.1305000000D+00 0.3200000000D-03 0.5828100000D+01 0.5641000000D-01 0.2040000000D-03 0.4450000000D-01 0.2875410000D+01 0.1554400000D+01 0.6049000000D+00-0.5126100000D+01-0.4940000000D-01-0.5900000000D-03 0.4066800000D+01 0.3646000000D-01 0.2030000000D-03 0.3150000000D-01 0.5186322000D+01 0.4569600000D+01 0.3381900000D+01-0.2803100000D+01
1 5120151209201512162457365.4 0.1321000000D+00 0.4800000000D-03 0.5932900000D+01 0.5839000000D-01 0.2870000000D-03 0.4510000000D-01 0.2497836000D+01 0.1208300000D+01 0.4554000000D+00-0.5867500000D+01-0.5290000000D-01-0.6600000000D-03 0.4277300000D+01 0.3754000000D-01 0.2110000000D-03 0.3310000000D-01 0.4838071000D+01 0.4193800000D+01 0.3241000000D+01-0.3516100000D+01
1 5220151216201512232457372.4 0.1344000000D+00 0.5600000000D-03 0.6056000000D+01 0.6091000000D-01 0.3400000000D-03 0.4620000000D-01 0.2119242000D+01 0.8567000000D+00 0.3556000000D+00-0.3286000000D+00-0.5680000000D-01-0.6300000000D-03 0.4491800000D+01 0.3890000000D-01 0.1810000000D-03 0.3490000000D-01 0.4489449000D+01 0.3820000000D+01 0.3097900000D+01-0.4225100000D+01
1 5320151223201512302457379.4 0.1375000000D+00 0.5100000000D-03 0.6198800000D+01 0.6440000000D-01 0.3310000000D-03 0.4760000000D-01 0.1739726000D+01 0.5058000000D+00 0.2077000000D+00-0.1067700000D+01-0.6120000000D-01-0.5300000000D-03 0.4710300000D+01 0.4053000000D-01 0.1260000000D-03 0.3660000000D-01 0.4140633000D+01 0.3457100000D+01 0.2816100000D+01-0.4931800000D+01
1 5420151230201601062457386.4 0.1411000000D+00 0.4000000000D-03 0.6363900000D+01 0.6866000000D-01 0.2800000000D-03 0.4890000000D-01 0.1359148000D+01 0.1635000000D+00 0.6204200000D+01-0.1804600000D+01-0.6550000000D-01-0.4600000000D-03 0.4934400000D+01 0.4214000000D-01 0.9000000000D-04 0.3820000000D-01 0.3791789000D+01 0.3109000000D+01 0.2226900000D+01-0.5638900000D+01
1 5520160106201601132457393.4 0.1448000000D+00 0.3800000000D-03 0.6556100000D+01 0.7303000000D-01 0.2730000000D-03 0.5030000000D-01 0.9774420000D+00 0.6113900000D+01 0.5704600000D+01-0.2545500000D+01-0.6960000000D-01-0.5100000000D-03 0.5166400000D+01 0.4340000000D-01 0.1060000000D-03 0.3980000000D-01 0.3443272000D+01 0.2771800000D+01 0.1753500000D+01-0.6660000000D-01
2 5620141231201501072457022.4-0.3700000000D-02-0.1600000000D-03 0.1639640000D+02 0.2126900000D+00 0.1820000000D-02 0.1500000000D-02 0.4809197000D+01 0.2999800000D+01 0.1168400000D+01 0.1692100000D+01-0.1000000000D-03-0.6000000000D-04 0.6209500000D+01 0.7182000000D-01 0.1404000000D-02 0.5000000000D-03 0.3456264000D+01 0.3889400000D+01 0.2011900000D+01 0.5863000000D+01
2 5720150107201501142457029.4-0.3300000000D-02-0.2200000000D-03 0.1602770000D+02 0.2078400000D+00 0.1693000000D-02 0.1700000000D-02 0.1873544000D+01 0.3360000000D-01 0.4588500000D+01 0.1938800000D+01-0.1000000000D-03-0.9000000000D-04 0.6674900000D+01 0.6849000000D-01 0.1344000000D-02 0.3000000000D-03 0.6298330000D+00 0.7616000000D+00 0.5211600000D+01 0.6287000000D+00
2 5820150114201501212457036.4-0.3200000000D-02-0.1800000000D-03 0.1562610000D+02 0.2051100000D+00 0.1561000000D-02 0.1700000000D-02 0.5221239000D+01 0.3354700000D+01 0.1607200000D+01 0.2166400000D+01-0.2000000000D-03-0.6000000000D-04 0.7141700000D+01 0.6611000000D-01 0.1367000000D-02 0.5000000000D-03 0.4064743000D+01 0.3919600000D+01 0.2232900000D+01 0.1745300000D+01
2 5920150121201501282457043.4-0.3200000000D-02-0.1500000000D-03 0.1519830000D+02 0.2028700000D+00 0.1557000000D-02 0.1200000000D-02 0.2285263000D+01 0.4006000000D+00 0.4899300000D+01 0.2307400000D+01-0.2000000000D-03-0.6000000000D-04 0.7582900000D+01 0.6665000000D-01 0.1200000000D-02 0.8000000000D-03 0.1199733000D+01 0.7788000000D+00 0.5427100000D+01 0.2025200000D+01
2 6020150128201502042457050.4-0.3000000000D-02-0.1600000000D-03 0.1475300000D+02 0.1988400000D+00 0.1343000000D-02 0.6000000000D-03 0.5631348000D+01 0.3729000000D+01 0.2120400000D+01 0.2850900000D+01-0.2000000000D-03-0.5000000000D-04 0.7984800000D+01 0.6751000000D-01 0.1341000000D-02 0.8000000000D-03 0.4604424000D+01 0.3967500000D+01 0.2486100000D+01 0.2187100000D+01
2 6120150204201502112457057.4-0.2700000000D-02-0.1600000000D-03 0.1429710000D+02 0.1991700000D+00 0.1442000000D-02 0.5000000000D-03 0.2693256000D+01 0.7854000000D+00 0.5229900000D+01 0.4282200000D+01-0.2000000000D-03-0.4000000000D-04 0.8337200000D+01 0.7167000000D-01 0.1047000000D-02 0.5000000000D-03 0.1716513000D+01 0.8528000000D+00 0.5591900000D+01 0.2446100000D+01
2 6220150211201502182457064.4-0.2800000000D-02-0.1000000000D-03 0.1383680000D+02 0.1949000000D+00 0.1252000000D-02 0.9000000000D-03 0.6036002000D+01 0.4122000000D+01 0.2552900000D+01 0.4908800000D+01-0.3000000000D-03 0.0000000000D+00 0.8634700000D+01 0.7369000000D-01 0.1219000000D-02 0.2000000000D-03 0.5103360000D+01 0.4086600000D+01 0.2727600000D+01 0.3127100000D+01
2 6320150218201502252457071.4-0.2600000000D-02-0.1000000000D-03 0.1338060000D+02 0.1955800000D+00 0.1252000000D-02 0.1300000000D-02 0.3093736000D+01 0.1183100000D+01 0.5669300000D+01 0.5022400000D+01-0.2000000000D-03 0.0000000000D+00 0.8876300000D+01 0.7893000000D-01 0.9730000000D-03 0.4000000000D-03 0.2201705000D+01 0.1025000000D+01 0.5817700000D+01 0.4710200000D+01
2 6420150225201503042457078.4-0.2300000000D-02-0.1100000000D-03 0.1293280000D+02 0.1924200000D+00 0.1221000000D-02 0.1200000000D-02 0.1482930000D+00 0.4530800000D+01 0.2939100000D+01 0.5100000000D+01-0.2000000000D-03 0.1000000000D-04 0.9060700000D+01 0.8119000000D-01 0.1122000000D-02 0.7000000000D-03 0.5578056000D+01 0.4293800000D+01 0.2927700000D+01 0.4895000000D+01
2 6520150304201503112457085.4-0.2100000000D-02-0.7000000000D-04 0.1250480000D+02 0.1926600000D+00 0.1121000000D-02 0.9000000000D-03 0.3483300000D+01 0.1593400000D+01 0.6147000000D+01 0.5206900000D+01-0.2000000000D-03 0.3000000000D-04 0.9191800000D+01 0.8562000000D-01 0.8970000000D-03 0.8000000000D-03 0.2668269000D+01 0.1265400000D+01 0.6034700000D+01 0.5055300000D+01
2 6620150311201503182457092.4-0.2000000000D-02-0.4000000000D-04 0.1209710000D+02 0.1912500000D+00 0.1194000000D-02 0.4000000000D-03 0.5315060000D+00 0.4948000000D+01 0.3269700000D+01 0.5229700000D+01-0.2000000000D-03 0.3000000000D-04 0.9267300000D+01 0.8759000000D-01 0.1007000000D-02 0.7000000000D-03 0.6038672000D+01 0.4555500000D+01 0.3046400000D+01 0.5051200000D+01
2 6720150318201503252457099.4-0.1700000000D-02-0.4000000000D-04 0.1172170000D+02 0.1897400000D+00 0.1033000000D-02 0.2000000000D-03 0.3859196000D+01 0.2012100000D+01 0.4531000000D+00 0.1224600000D+01 0.0000000000D+00 0.4000000000D-04 0.9294100000D+01 0.8919000000D-01 0.8610000000D-03 0.4000000000D-03 0.3124223000D+01 0.1549800000D+01 0.7600000000D-01 0.5031800000D+01
2 6820150325201504012457106.4-0.1500000000D-02-0.1000000000D-04 0.1138020000D+02 0.1906900000D+00 0.1190000000D-02 0.5000000000D-03 0.9002580000D+00 0.5371600000D+01 0.3588100000D+01 0.1716800000D+01 0.0000000000D+00 0.6000000000D-04 0.9269800000D+01 0.9129000000D-01 0.9810000000D-03 0.0000000000D+00 0.2087640000D+00 0.4852800000D+01 0.3125100000D+01 0.5580000000D-01
2 6920150401201504082457113.4-0.1400000000D-02 0.3000000000D-04 0.1108300000D+02 0.1878800000D+00 0.1040000000D-02 0.7000000000D-03 0.4220390000D+01 0.2438000000D+01 0.9228000000D+00 0.1886100000D+01 0.0000000000D+00 0.7000000000D-04 0.9201700000D+01 0.9015000000D-01 0.8450000000D-03 0.4000000000D-03 0.3575687000D+01 0.1855500000D+01 0.2966000000D+00 0.2032400000D+01
2 7020150408201504152457120.4-0.1100000000D-02 0.4000000000D-04 0.1083180000D+02 0.1893300000D+00 0.1132000000D-02 0.7000000000D-03 0.1254576000D+01 0.5795600000D+01 0.3996200000D+01 0.1853000000D+01 0.1000000000D-03 0.7000000000D-04 0.9087300000D+01 0.9115000000D-01 0.9700000000D-03 0.6000000000D-03 0.6600270000D+00 0.5158900000D+01 0.3298200000D+01 0.1953000000D+01
2 7120150415201504222457127.4-0.9000000000D-03 0.8000000000D-04 0.1063260000D+02 0.1861600000D+00 0.1058000000D-02 0.5000000000D-03 0.4568492000D+01 0.2865300000D+01 0.1380200000D+01 0.1949000000D+01 0.1000000000D-03 0.1000000000D-03 0.8931100000D+01 0.8809000000D-01 0.8310000000D-03 0.6000000000D-03 0.4027767000D+01 0.2163100000D+01 0.5191000000D+00 0.1941600000D+01
2 7220150422201504292457134.4-0.8000000000D-03 0.1200000000D-03 0.1048840000D+02 0.1879100000D+00 0.1117000000D-02 0.3000000000D-03 0.1597779000D+01 0.6221100000D+01 0.4372300000D+01 0.2189400000D+01 0.2000000000D-03 0.1100000000D-03 0.8733400000D+01 0.8796000000D-01 0.1002000000D-02 0.4000000000D-03 0.1114315000D+01 0.5464200000D+01 0.3511300000D+01 0.2008400000D+01
2 7320150429201505062457141.4-0.6000000000D-03 0.1300000000D-03 0.1040060000D+02 0.1846500000D+00 0.1091000000D-02 0.1000000000D-03 0.4908442000D+01 0.3292100000D+01 0.1691100000D+01 0.4604800000D+01 0.2000000000D-03 0.1100000000D-03 0.8496500000D+01 0.8403000000D-01 0.8780000000D-03 0.1000000000D-03 0.4485538000D+01 0.2462600000D+01 0.6546000000D+00 0.1860100000D+01
2 7420150506201505132457148.4-0.4000000000D-03 0.1400000000D-03 0.1036890000D+02 0.1845200000D+00 0.1082000000D-02 0.5000000000D-03 0.1936303000D+01 0.3609000000D+00 0.4866800000D+01 0.4770200000D+01 0.3000000000D-03 0.1100000000D-03 0.8221800000D+01 0.8183000000D-01 0.9630000000D-03 0.2000000000D-03 0.1576779000D+01 0.5749300000D+01 0.3822900000D+01 0.4910200000D+01
2 7520150513201505202457155.4-0.3000000000D-03 0.1900000000D-03 0.1038980000D+02 0.1822100000D+00 0.1129000000D-02 0.7000000000D-03 0.5247999000D+01 0.3714700000D+01 0.1995700000D+01 0.4761700000D+01 0.2000000000D-03 0.1300000000D-03 0.7911000000D+01 0.7827000000D-01 0.9360000000D-03 0.4000000000D-03 0.4954574000D+01 0.2739900000D+01 0.8489000000D+00 0.4831300000D+01
2 7620150520201505272457162.4 0.0000000000D+00 0.1800000000D-03 0.1046050000D+02 0.1803500000D+00 0.1088000000D-02 0.8000000000D-03 0.2278608000D+01 0.7807000000D+00 0.5300300000D+01 0.4856600000D+01 0.3000000000D-03 0.1000000000D-03 0.7567000000D+01 0.7504000000D-01 0.9280000000D-03 0.5000000000D-03 0.2053786000D+01 0.6007700000D+01 0.4093200000D+01 0.4915900000D+01
2 7720150527201506032457169.4 0.2000000000D-03 0.1600000000D-03 0.1057350000D+02 0.1783700000D+00 0.1153000000D-02 0.7000000000D-03 0.5595272000D+01 0.4131300000D+01 0.2275900000D+01 0.4788100000D+01 0.3000000000D-03 0.8000000000D-04 0.7193200000D+01 0.7187000000D-01 0.9860000000D-03 0.4000000000D-03 0.5441819000D+01 0.2989800000D+01 0.1081000000D+01 0.4794000000D+01
2 7820150603201506102457176.4 0.4000000000D-03 0.1800000000D-03 0.1072230000D+02 0.1742000000D+00 0.1119000000D-02 0.3000000000D-03 0.2632129000D+01 0.1195600000D+01 0.5784600000D+01 0.4793000000D+01 0.3000000000D-03 0.8000000000D-04 0.6794500000D+01 0.6837000000D-01 0.8460000000D-03 0.2000000000D-03 0.2553342000D+01 0.6231400000D+01 0.4374800000D+01 0.4641100000D+01
2 7920150610201506172457183.4 0.6000000000D-03 0.1900000000D-03 0.1089800000D+02 0.1730200000D+00 0.1144000000D-02 0.1000000000D-03 0.5956582000D+01 0.4539600000D+01 0.2573100000D+01 0.1413100000D+01 0.3000000000D-03 0.9000000000D-04 0.6376300000D+01 0.6609000000D-01 0.9990000000D-03 0.1000000000D-03 0.5956884000D+01 0.3209700000D+01 0.1329800000D+01 0.2125000000D+01
2 8020150617201506242457190.4 0.1000000000D-02 0.1500000000D-03 0.1109220000D+02 0.1676600000D+00 0.1151000000D-02 0.5000000000D-03 0.3001584000D+01 0.1604400000D+01 0.6147900000D+01 0.1702300000D+01 0.4000000000D-03 0.5000000000D-04 0.5946600000D+01 0.6321000000D-01 0.8230000000D-03 0.3000000000D-03 0.3087052000D+01 0.1510000000D+00 0.4608500000D+01 0.1843600000D+01
2 8120150624201507012457197.4 0.1300000000D-02 0.1600000000D-03 0.1129850000D+02 0.1655000000D+00 0.1098000000D-02 0.8000000000D-03 0.5141800000D-01 0.4942800000D+01 0.2992800000D+01 0.1624700000D+01 0.3000000000D-03 0.6000000000D-04 0.5516100000D+01 0.6136000000D-01 0.9160000000D-03 0.4000000000D-03 0.2303070000D+00 0.3401200000D+01 0.1583700000D+01 0.1729800000D+01
2 8220150701201507082457204.4 0.1400000000D-02 0.1800000000D-03 0.1150650000D+02 0.1605500000D+00 0.1166000000D-02 0.9000000000D-03 0.3388309000D+01 0.2006700000D+01 0.2047000000D+00 0.1629200000D+01 0.2000000000D-03 0.6000000000D-04 0.5096500000D+01 0.5949000000D-01 0.8080000000D-03 0.3000000000D-03 0.3671572000D+01 0.3432000000D+00 0.4846200000D+01 0.1699100000D+01
2 8320150708201507152457211.4 0.1700000000D-02 0.1400000000D-03 0.1171400000D+02 0.1574200000D+00 0.1034000000D-02 0.9000000000D-03 0.4463720000D+00 0.5340500000D+01 0.3449700000D+01 0.1690200000D+01 0.1000000000D-03 0.5000000000D-04 0.4704400000D+01 0.5823000000D-01 0.8420000000D-03 0.2000000000D-03 0.8479800000D+00 0.3585600000D+01 0.1819800000D+01 0.1815900000D+01
2 8420150715201507222457218.4 0.1900000000D-02 0.1200000000D-03 0.1191070000D+02 0.1539000000D+00 0.1113000000D-02 0.6000000000D-03 0.3791212000D+01 0.2402400000D+01 0.4948000000D+00 0.1694500000D+01 0.1000000000D-03 0.3000000000D-04 0.4357200000D+01 0.5705000000D-01 0.8060000000D-03 0.0000000000D+00 0.4327864000D+01 0.5357000000D+00 0.5086600000D+01 0.4645500000D+01
2 8520150722201507292457225.4 0.2000000000D-02 0.1300000000D-03 0.1209840000D+02 0.1489900000D+00 0.9990000000D-03 0.2000000000D-03 0.8562050000D+00 0.5739700000D+01 0.4026300000D+01 0.2813400000D+01 0.0000000000D+00 0.4000000000D-04 0.4077100000D+01 0.5643000000D-01 0.7740000000D-03 0.2000000000D-03 0.1545888000D+01 0.3770300000D+01 0.2014800000D+01 0.4538500000D+01
2 8620150729201508052457232.4 0.2200000000D-02 0.1000000000D-03 0.1226960000D+02 0.1479100000D+00 0.1062000000D-02 0.5000000000D-03 0.4207852000D+01 0.2797300000D+01 0.7892000000D+00 0.4147000000D+01-0.1000000000D-03 0.4000000000D-04 0.3884900000D+01 0.5540000000D-01 0.7790000000D-03 0.3000000000D-03 0.5066587000D+01 0.7293000000D+00 0.5369200000D+01 0.4609500000D+01
2 8720150805201508122457239.4 0.2500000000D-02 0.5000000000D-04 0.1242620000D+02 0.1423200000D+00 0.9550000000D-03 0.9000000000D-03 0.1278494000D+01 0.6138900000D+01 0.4519500000D+01 0.4457700000D+01-0.2000000000D-03 0.3000000000D-04 0.3797500000D+01 0.5565000000D-01 0.7680000000D-03 0.2000000000D-03 0.2316619000D+01 0.3968000000D+01 0.2249100000D+01 0.4637000000D+01
2 8820150812201508192457246.4 0.2700000000D-02 0.4000000000D-04 0.1256560000D+02 0.1423400000D+00 0.9430000000D-03 0.1100000000D-02 0.4635250000D+01 0.3196100000D+01 0.1202100000D+01 0.4475700000D+01-0.3000000000D-03 0.2000000000D-04 0.3823100000D+01 0.5505000000D-01 0.7420000000D-03 0.1000000000D-03 0.5853195000D+01 0.9257000000D+00 0.5636300000D+01 0.4915600000D+01
2 8920150819201508262457253.4 0.2800000000D-02 0.0000000000D+00 0.1268940000D+02 0.1371700000D+00 0.9250000000D-03 0.9000000000D-03 0.1710189000D+01 0.2620000000D+00 0.5043700000D+01 0.4592200000D+01-0.5000000000D-03 0.4000000000D-04 0.3957900000D+01 0.5605000000D-01 0.7720000000D-03 0.2000000000D-03 0.3098305000D+01 0.4174200000D+01 0.2508800000D+01 0.1189700000D+01
2 9020150826201509022457260.4 0.3100000000D-02-0.3000000000D-04 0.1279920000D+02 0.1385200000D+00 0.8390000000D-03 0.6000000000D-03 0.5070685000D+01 0.3603100000D+01 0.1617300000D+01 0.4911400000D+01-0.6000000000D-03 0.5000000000D-04 0.4188400000D+01 0.5605000000D-01 0.7170000000D-03 0.4000000000D-03 0.3281620000D+00 0.1133300000D+01 0.5926600000D+01 0.1327700000D+01
2 9120150902201509092457267.4 0.3300000000D-02-0.5000000000D-04 0.1289440000D+02 0.1346900000D+00 0.8550000000D-03 0.3000000000D-03 0.2148664000D+01 0.6749000000D+00 0.5433900000D+01 0.6229900000D+01-0.7000000000D-03 0.4000000000D-04 0.4494700000D+01 0.5766000000D-01 0.7550000000D-03 0.4000000000D-03 0.3821324000D+01 0.4392400000D+01 0.2857700000D+01 0.1385100000D+01
2 9220150909201509162457274.4 0.3300000000D-02-0.6000000000D-04 0.1297980000D+02 0.1353500000D+00 0.6980000000D-03 0.8000000000D-03 0.5511323000D+01 0.4021400000D+01 0.2292400000D+01 0.7733000000D+00-0.8000000000D-03 0.6000000000D-04 0.4859000000D+01 0.5904000000D-01 0.7400000000D-03 0.3000000000D-03 0.1012154000D+01 0.1366800000D+01 0.6198200000D+01 0.1535000000D+01
2 9320150916201509232457281.4 0.3500000000D-02-0.1000000000D-03 0.1305470000D+02 0.1343600000D+00 0.8230000000D-03 0.1200000000D-02 0.2591205000D+01 0.1101800000D+01 0.5788000000D+01 0.9235000000D+00-0.1000000000D-02 0.8000000000D-04 0.5264100000D+01 0.6114000000D-01 0.7120000000D-03 0.2000000000D-03 0.4468648000D+01 0.4631300000D+01 0.3222600000D+01 0.2414100000D+01
2 9420150923201509302457288.4 0.3600000000D-02-0.1100000000D-03 0.1312640000D+02 0.1343600000D+00 0.6500000000D-03 0.1400000000D-02 0.5954854000D+01 0.4452500000D+01 0.2984800000D+01 0.1074500000D+01-0.1100000000D-02 0.7000000000D-04 0.5697600000D+01 0.6353000000D-01 0.7600000000D-03 0.3000000000D-03 0.1627050000D+01 0.1629200000D+01 0.2524000000D+00 0.3658200000D+01
2 9520150930201510072457295.4 0.3600000000D-02-0.9000000000D-04 0.1319170000D+02 0.1359800000D+00 0.7410000000D-03 0.1300000000D-02 0.3035521000D+01 0.1536500000D+01 0.6162900000D+01 0.1154700000D+01-0.1100000000D-02 0.6000000000D-04 0.6149600000D+01 0.6641000000D-01 0.6650000000D-03 0.6000000000D-03 0.5056730000D+01 0.4904300000D+01 0.3601200000D+01 0.4010600000D+01
2 9620151007201510142457302.4 0.3600000000D-02-0.1300000000D-03 0.1325880000D+02 0.1351100000D+00 0.7050000000D-03 0.8000000000D-03 0.1157930000D+00 0.4896600000D+01 0.3753700000D+01 0.1477500000D+01-0.1200000000D-02 0.8000000000D-04 0.6613500000D+01 0.6946000000D-01 0.8170000000D-03 0.7000000000D-03 0.2193069000D+01 0.1930400000D+01 0.6279000000D+00 0.4105500000D+01
2 9720151014201510212457309.4 0.3800000000D-02-0.1600000000D-03 0.1332690000D+02 0.1395400000D+00 0.6730000000D-03 0.5000000000D-03 0.3479338000D+01 0.1983200000D+01 0.3045000000D+00 0.2455800000D+01-0.1300000000D-02 0.8000000000D-04 0.7085300000D+01 0.7328000000D-01 0.5950000000D-03 0.6000000000D-03 0.5605238000D+01 0.5213100000D+01 0.3997200000D+01 0.4330700000D+01
2 9820151021201510282457316.4 0.3700000000D-02-0.1400000000D-03 0.1340250000D+02 0.1391200000D+00 0.7500000000D-03 0.9000000000D-03 0.5585410000D+00 0.5352800000D+01 0.4251300000D+01 0.3531600000D+01-0.1200000000D-02 0.7000000000D-04 0.7561100000D+01 0.7666000000D-01 0.8040000000D-03 0.4000000000D-03 0.2727309000D+01 0.2262100000D+01 0.1016800000D+01 0.4718200000D+01
2 9920151028201511042457323.4 0.3700000000D-02-0.1600000000D-03 0.1348720000D+02 0.1439100000D+00 0.6390000000D-03 0.1400000000D-02 0.3920601000D+01 0.2439100000D+01 0.1057100000D+01 0.3791900000D+01-0.1200000000D-02 0.8000000000D-04 0.8040600000D+01 0.8081000000D-01 0.6200000000D-03 0.4000000000D-03 0.6128051000D+01 0.5565800000D+01 0.4427500000D+01 0.6211700000D+01
210020151104201511112457330.4 0.3900000000D-02-0.2200000000D-03 0.1358450000D+02 0.1459600000D+00 0.7560000000D-03 0.1600000000D-02 0.9980210000D+00 0.5814900000D+01 0.4755700000D+01 0.3981800000D+01-0.1300000000D-02 0.1000000000D-03 0.8520600000D+01 0.8496000000D-01 0.7460000000D-03 0.8000000000D-03 0.3241107000D+01 0.2624900000D+01 0.1397400000D+01 0.4666000000D+00
210120151111201511182457337.4 0.3900000000D-02-0.2100000000D-03 0.1370030000D+02 0.1511100000D+00 0.6880000000D-03 0.1500000000D-02 0.4357639000D+01 0.2905800000D+01 0.1758500000D+01 0.4220500000D+01-0.1300000000D-02 0.8000000000D-04 0.9005200000D+01 0.8891000000D-01 0.6500000000D-03 0.1100000000D-02 0.3512260000D+00 0.5950200000D+01 0.4880300000D+01 0.7237000000D+00
210220151118201511252457344.4 0.3700000000D-02-0.1700000000D-03 0.1383810000D+02 0.1558000000D+00 0.7340000000D-03 0.1100000000D-02 0.1432539000D+01 0.8000000000D-03 0.5205500000D+01 0.4572700000D+01-0.1200000000D-02 0.8000000000D-04 0.9490100000D+01 0.9381000000D-01 0.6240000000D-03 0.1300000000D-02 0.3741841000D+01 0.3013700000D+01 0.1793400000D+01 0.8799000000D+00
210320151125201512022457351.4 0.3800000000D-02-0.2000000000D-03 0.1400350000D+02 0.1603600000D+00 0.8910000000D-03 0.1000000000D-02 0.4789022000D+01 0.3380600000D+01 0.2503600000D+01 0.5527500000D+01-0.1300000000D-02 0.9000000000D-04 0.9980500000D+01 0.9686000000D-01 0.7640000000D-03 0.1000000000D-02 0.8471510000D+00 0.8440000000D-01 0.5330200000D+01 0.1176500000D+01
210420151202201512092457358.4 0.3800000000D-02-0.2100000000D-03 0.1420230000D+02 0.1689200000D+00 0.6970000000D-03 0.1400000000D-02 0.1860967000D+01 0.4746000000D+00 0.5685800000D+01 0.6171400000D+01-0.1200000000D-02 0.7000000000D-04 0.1047380000D+02 0.1028900000D+00 0.4710000000D-03 0.8000000000D-03 0.4234556000D+01 0.3427900000D+01 0.2171400000D+01 0.1845700000D+01
210520151209201512162457365.4 0.3500000000D-02-0.1500000000D-03 0.1444110000D+02 0.1738400000D+00 0.1041000000D-02 0.1900000000D-02 0.5213959000D+01 0.3861600000D+01 0.3075200000D+01 0.2804000000D+00-0.1000000000D-02 0.4000000000D-04 0.1097470000D+02 0.1052300000D+00 0.7610000000D-03 0.9000000000D-03 0.1337128000D+01 0.5210000000D+00 0.5775600000D+01 0.2779600000D+01
210620151216201512232457372.4 0.3300000000D-02-0.1300000000D-03 0.1472920000D+02 0.1844900000D+00 0.7600000000D-03 0.2200000000D-02 0.2282670000D+01 0.9567000000D+00 0.3430000000D-01 0.4824000000D+00-0.9000000000D-03 0.3000000000D-04 0.1148350000D+02 0.1110800000D+00 0.4040000000D-03 0.1400000000D-02 0.4722874000D+01 0.3872800000D+01 0.2653600000D+01 0.3292400000D+01
210720151223201512302457379.4 0.3200000000D-02-0.1400000000D-03 0.1507250000D+02 0.1909600000D+00 0.1251000000D-02 0.1900000000D-02 0.5632548000D+01 0.4349600000D+01 0.3603600000D+01 0.7422000000D+00-0.8000000000D-03 0.1000000000D-04 0.1200190000D+02 0.1130500000D+00 0.7670000000D-03 0.1700000000D-02 0.1824536000D+01 0.9806000000D+00 0.6234500000D+01 0.3536600000D+01
210820151230201601062457386.4 0.3000000000D-02-0.1000000000D-03 0.1548430000D+02 0.2040500000D+00 0.8360000000D-03 0.1500000000D-02 0.2698540000D+01 0.1442700000D+01 0.7395000000D+00 0.1193200000D+01-0.6000000000D-03-0.2000000000D-04 0.1253300000D+02 0.1187900000D+00 0.2850000000D-03 0.1700000000D-02 0.5210163000D+01 0.4338200000D+01 0.3244700000D+01 0.3837800000D+01
210920160106201601132457393.4 0.2600000000D-02-0.6000000000D-04 0.1597030000D+02 0.2136100000D+00 0.1255000000D-02 0.1300000000D-02 0.6046144000D+01 0.4842000000D+01 0.4106700000D+01 0.2032600000D+01-0.4000000000D-03-0.3000000000D-04 0.1307780000D+02 0.1210100000D+00 0.5890000000D-03 0.1300000000D-02 0.2312366000D+01 0.1458700000D+01 0.4055000000D+00 0.4239400000D+01
