 4 2   2  56  19.7027 4.9788  7.0  7.0  109 2454831.5000 2009                                                                                                                                                                                                                                                                                                                    
1  220081231200901072454831.4-0.6160000000D-01-0.8200000000D-03 0.4835800000D+01 0.7244000000D-01 0.5690000000D-03 0.3740000000D-01 0.2032591000D+01 0.7278000000D+00 0.5229300000D+01-0.4841000000D+01 0.2260000000D-01-0.7200000000D-03 0.2225100000D+01 0.2596000000D-01 0.4190000000D-03 0.1630000000D-01 0.5306750000D+01 0.2045600000D+01 0.5255000000D+00-0.1508100000D+01
1  320090107200901142454838.4-0.6750000000D-01-0.7000000000D-03 0.4967800000D+01 0.7131000000D-01 0.5510000000D-03 0.3810000000D-01 0.1622189000D+01 0.3151000000D+00 0.4903900000D+01-0.5617400000D+01 0.1750000000D-01-0.7700000000D-03 0.2047500000D+01 0.2696000000D-01 0.4210000000D-03 0.1490000000D-01 0.5015943000D+01 0.1513800000D+01 0.6265000000D+01-0.2158300000D+01
1  420090114200901212454845.4-0.7300000000D-01-0.5800000000D-03 0.5098000000D+01 0.7042000000D-01 0.4790000000D-03 0.3900000000D-01 0.1215541000D+01 0.6178500000D+01 0.4486700000D+01-0.1140000000D+00 0.1190000000D-01-0.8300000000D-03 0.1879800000D+01 0.2794000000D-01 0.4290000000D-03 0.1380000000D-01 0.4750401000D+01 0.9917000000D+00 0.5759100000D+01-0.2779900000D+01
1  520090121200901282454852.4-0.7800000000D-01-0.5300000000D-03 0.5221200000D+01 0.6984000000D-01 0.4520000000D-03 0.4020000000D-01 0.8123830000D+00 0.5761800000D+01 0.3911000000D+01-0.8815000000D+00 0.6000000000D-02-0.8900000000D-03 0.1736100000D+01 0.2893000000D-01 0.4190000000D-03 0.1290000000D-01 0.4514417000D+01 0.4746000000D+00 0.5266900000D+01-0.3363600000D+01
1  620090128200902042454859.4-0.8230000000D-01-0.6000000000D-03 0.5334300000D+01 0.6890000000D-01 0.5210000000D-03 0.4100000000D-01 0.4121910000D+00 0.5351400000D+01 0.3416700000D+01-0.1639100000D+01-0.2000000000D-03-0.9400000000D-03 0.1633500000D+01 0.2998000000D-01 0.3990000000D-03 0.1220000000D-01 0.4308604000D+01 0.6249000000D+01 0.4734900000D+01-0.3920200000D+01
1  720090204200902112454866.4-0.8610000000D-01-0.7000000000D-03 0.5436500000D+01 0.6730000000D-01 0.5880000000D-03 0.4150000000D-01 0.1461700000D-01 0.4938000000D+01 0.3104600000D+01-0.2401900000D+01-0.6700000000D-02-0.9700000000D-03 0.1588400000D+01 0.3092000000D-01 0.3950000000D-03 0.1210000000D-01 0.4125805000D+01 0.5752400000D+01 0.4175400000D+01-0.4468800000D+01
1  820090211200902182454873.4-0.9000000000D-01-0.7000000000D-03 0.5526300000D+01 0.6563000000D-01 0.5710000000D-03 0.4220000000D-01 0.5902749000D+01 0.4512500000D+01 0.2834400000D+01-0.3167000000D+01-0.1350000000D-01-0.9900000000D-03 0.1610500000D+01 0.3153000000D-01 0.4090000000D-03 0.1260000000D-01 0.3949886000D+01 0.5262700000D+01 0.3665100000D+01-0.5019200000D+01
1  920090218200902252454880.4-0.9390000000D-01-0.5300000000D-03 0.5601700000D+01 0.6464000000D-01 0.4870000000D-03 0.4290000000D-01 0.5510037000D+01 0.4079000000D+01 0.2476500000D+01-0.3926400000D+01-0.2050000000D-01-0.9700000000D-03 0.1699100000D+01 0.3190000000D-01 0.4100000000D-03 0.1350000000D-01 0.3761559000D+01 0.4770600000D+01 0.3197900000D+01-0.5580900000D+01
1 1020090225200903042454887.4-0.9770000000D-01-0.2900000000D-03 0.5660000000D+01 0.6438000000D-01 0.4300000000D-03 0.4330000000D-01 0.5119157000D+01 0.3650800000D+01 0.1952400000D+01-0.4678000000D+01-0.2740000000D-01-0.9400000000D-03 0.1843700000D+01 0.3226000000D-01 0.3950000000D-03 0.1470000000D-01 0.3547242000D+01 0.4276800000D+01 0.2697000000D+01-0.6173000000D+01
1 1120090304200903112454894.4-0.1007000000D+00-0.1300000000D-03 0.5700800000D+01 0.6413000000D-01 0.4720000000D-03 0.4340000000D-01 0.4729356000D+01 0.3233900000D+01 0.1456100000D+01-0.5430800000D+01-0.3420000000D-01-0.9100000000D-03 0.2029400000D+01 0.3260000000D-01 0.3990000000D-03 0.1620000000D-01 0.3302731000D+01 0.3788000000D+01 0.2153000000D+01-0.5181000000D+00
1 1220090311200903182454901.4-0.1027000000D+00-0.1200000000D-03 0.5726200000D+01 0.6352000000D-01 0.5300000000D-03 0.4340000000D-01 0.4340090000D+01 0.2818800000D+01 0.1141900000D+01-0.6190600000D+01-0.4080000000D-01-0.8800000000D-03 0.2241200000D+01 0.3275000000D-01 0.4280000000D-03 0.1790000000D-01 0.3030491000D+01 0.3302500000D+01 0.1652600000D+01-0.1170900000D+01
1 1320090318200903252454908.4-0.1041000000D+00-0.2200000000D-03 0.5737800000D+01 0.6301000000D-01 0.5340000000D-03 0.4370000000D-01 0.3951138000D+01 0.2397200000D+01 0.9019000000D+00-0.6660000000D+00-0.4700000000D-01-0.8600000000D-03 0.2466800000D+01 0.3275000000D-01 0.4520000000D-03 0.1970000000D-01 0.2735448000D+01 0.2812300000D+01 0.1212500000D+01-0.1838300000D+01
1 1420090325200904012454915.4-0.1054000000D+00-0.2900000000D-03 0.5736400000D+01 0.6321000000D-01 0.4890000000D-03 0.4380000000D-01 0.3562284000D+01 0.1972300000D+01 0.6190000000D+00-0.1416500000D+01-0.5300000000D-01-0.8300000000D-03 0.2696400000D+01 0.3290000000D-01 0.4450000000D-03 0.2140000000D-01 0.2422435000D+01 0.2314700000D+01 0.7687000000D+00-0.2521000000D+01
1 1520090401200904082454922.4-0.1069000000D+00-0.2600000000D-03 0.5721800000D+01 0.6424000000D-01 0.4390000000D-03 0.4340000000D-01 0.3173074000D+01 0.1553600000D+01 0.1906000000D+00-0.2167500000D+01-0.5880000000D-01-0.7700000000D-03 0.2922700000D+01 0.3339000000D-01 0.4240000000D-03 0.2300000000D-01 0.2095396000D+01 0.1817800000D+01 0.2482000000D+00-0.3224600000D+01
1 1620090408200904152454929.4-0.1083000000D+00-0.1900000000D-03 0.5695000000D+01 0.6564000000D-01 0.4490000000D-03 0.4290000000D-01 0.2782809000D+01 0.1145700000D+01 0.5934700000D+01-0.2931400000D+01-0.6420000000D-01-0.7000000000D-03 0.3141100000D+01 0.3400000000D-01 0.4290000000D-03 0.2470000000D-01 0.1757464000D+01 0.1329600000D+01 0.5968700000D+01-0.3937800000D+01
1 1720090415200904222454936.4-0.1096000000D+00-0.1500000000D-03 0.5658800000D+01 0.6681000000D-01 0.5060000000D-03 0.4290000000D-01 0.2390814000D+01 0.7430000000D+00 0.5492600000D+01-0.3695100000D+01-0.6910000000D-01-0.6400000000D-03 0.3348400000D+01 0.3443000000D-01 0.4510000000D-03 0.2630000000D-01 0.1411179000D+01 0.8464000000D+00 0.5475900000D+01-0.4649500000D+01
1 1820090422200904292454943.4-0.1106000000D+00-0.1300000000D-03 0.5616500000D+01 0.6777000000D-01 0.5400000000D-03 0.4270000000D-01 0.1996700000D+01 0.3379000000D+00 0.5176500000D+01-0.4449900000D+01-0.7350000000D-01-0.5600000000D-03 0.3541900000D+01 0.3473000000D-01 0.4510000000D-03 0.2760000000D-01 0.1058539000D+01 0.3616000000D+00 0.5058500000D+01-0.5367300000D+01
1 1920090429200905062454950.4-0.1115000000D+00-0.8000000000D-04 0.5570400000D+01 0.6898000000D-01 0.5130000000D-03 0.4210000000D-01 0.1600244000D+01 0.6212200000D+01 0.4903700000D+01-0.5209800000D+01-0.7750000000D-01-0.4500000000D-03 0.3719100000D+01 0.3515000000D-01 0.4090000000D-03 0.2870000000D-01 0.7010750000D+00 0.6158700000D+01 0.4637700000D+01-0.6097600000D+01
1 2020090506200905132454957.4-0.1125000000D+00-0.1000000000D-04 0.5522100000D+01 0.7087000000D-01 0.4310000000D-03 0.4150000000D-01 0.1201206000D+01 0.5805000000D+01 0.4571800000D+01-0.5983700000D+01-0.8100000000D-01-0.3400000000D-03 0.3877800000D+01 0.3585000000D-01 0.3540000000D-03 0.3000000000D-01 0.3399100000D+00 0.5680700000D+01 0.4109800000D+01-0.5481000000D+00
1 2120090513200905202454964.4-0.1134000000D+00 0.1000000000D-04 0.5473200000D+01 0.7324000000D-01 0.3670000000D-03 0.4140000000D-01 0.7991360000D+00 0.5408300000D+01 0.4074600000D+01-0.4748000000D+00-0.8390000000D-01-0.2700000000D-03 0.4017000000D+01 0.3648000000D-01 0.3500000000D-03 0.3110000000D-01 0.6259008000D+01 0.5219900000D+01 0.3507000000D+01-0.1274000000D+01
1 2220090520200905272454971.4-0.1140000000D+00-0.6000000000D-04 0.5426900000D+01 0.7540000000D-01 0.3980000000D-03 0.4120000000D-01 0.3934870000D+00 0.5022600000D+01 0.3568000000D+01-0.1241600000D+01-0.8610000000D-01-0.2800000000D-03 0.4136600000D+01 0.3660000000D-01 0.3850000000D-03 0.3170000000D-01 0.5892772000D+01 0.4770100000D+01 0.3030700000D+01-0.2002500000D+01
1 2320090527200906032454978.4-0.1144000000D+00-0.2400000000D-03 0.5388400000D+01 0.7705000000D-01 0.4720000000D-03 0.4070000000D-01 0.6267196000D+01 0.4639300000D+01 0.3255300000D+01-0.2015700000D+01-0.8790000000D-01-0.3200000000D-03 0.4236800000D+01 0.3626000000D-01 0.3930000000D-03 0.3230000000D-01 0.5525318000D+01 0.4317700000D+01 0.2654600000D+01-0.2739800000D+01
1 2420090603200906102454985.4-0.1153000000D+00-0.3900000000D-03 0.5362800000D+01 0.7865000000D-01 0.5020000000D-03 0.4030000000D-01 0.5854106000D+01 0.4250800000D+01 0.3047600000D+01-0.2801500000D+01-0.8940000000D-01-0.2900000000D-03 0.4316900000D+01 0.3588000000D-01 0.3490000000D-03 0.3290000000D-01 0.5157570000D+01 0.3857500000D+01 0.2227900000D+01-0.3477000000D+01
1 2520090610200906172454992.4-0.1169000000D+00-0.3800000000D-03 0.5353500000D+01 0.8082000000D-01 0.4500000000D-03 0.4050000000D-01 0.5437870000D+01 0.3859000000D+01 0.2812700000D+01-0.3589900000D+01-0.9090000000D-01-0.1500000000D-03 0.4375500000D+01 0.3563000000D-01 0.3040000000D-03 0.3330000000D-01 0.4790191000D+01 0.3399600000D+01 0.1600800000D+01-0.4208000000D+01
1 2620090617200906242454999.4-0.1190000000D+00-0.2400000000D-03 0.5362700000D+01 0.8363000000D-01 0.3640000000D-03 0.4080000000D-01 0.5018891000D+01 0.3473400000D+01 0.2379800000D+01-0.4371800000D+01-0.9200000000D-01 0.3000000000D-04 0.4411700000D+01 0.3508000000D-01 0.3360000000D-03 0.3350000000D-01 0.4423578000D+01 0.2954100000D+01 0.9281000000D+00-0.4935800000D+01
1 2720090624200907012455006.4-0.1213000000D+00-0.1000000000D-03 0.5393400000D+01 0.8627000000D-01 0.3640000000D-03 0.4100000000D-01 0.4597459000D+01 0.3098600000D+01 0.1743800000D+01-0.5154200000D+01-0.9250000000D-01 0.1500000000D-03 0.4426000000D+01 0.3371000000D-01 0.3930000000D-03 0.3340000000D-01 0.4058236000D+01 0.2511200000D+01 0.4716000000D+00-0.5666800000D+01
1 2820090701200907082455013.4-0.1233000000D+00-0.1000000000D-03 0.5450700000D+01 0.8814000000D-01 0.4450000000D-03 0.4120000000D-01 0.4174251000D+01 0.2727300000D+01 0.1303800000D+01-0.5946800000D+01-0.9220000000D-01 0.1500000000D-03 0.4419500000D+01 0.3174000000D-01 0.3990000000D-03 0.3320000000D-01 0.3695034000D+01 0.2051500000D+01 0.9010000000D-01-0.1146000000D+00
1 2920090708200907152455020.4-0.1250000000D+00-0.2600000000D-03 0.5538800000D+01 0.8941000000D-01 0.4970000000D-03 0.4210000000D-01 0.3750501000D+01 0.2351900000D+01 0.1056000000D+01-0.4597000000D+00-0.9140000000D-01 0.9000000000D-04 0.4391500000D+01 0.2975000000D-01 0.3620000000D-03 0.3300000000D-01 0.3334934000D+01 0.1570400000D+01 0.5906800000D+01-0.8397000000D+00
1 3020090715200907222455027.4-0.1270000000D+00-0.4500000000D-03 0.5659300000D+01 0.9078000000D-01 0.4730000000D-03 0.4350000000D-01 0.3327693000D+01 0.1971500000D+01 0.8331000000D+00-0.1244200000D+01-0.9040000000D-01 0.5000000000D-04 0.4341300000D+01 0.2795000000D-01 0.3480000000D-03 0.3260000000D-01 0.2978776000D+01 0.1078900000D+01 0.5311600000D+01-0.1555200000D+01
1 3120090722200907292455034.4-0.1296000000D+00-0.5700000000D-03 0.5810900000D+01 0.9264000000D-01 0.3950000000D-03 0.4450000000D-01 0.2907045000D+01 0.1593300000D+01 0.4539000000D+00-0.2020600000D+01-0.8950000000D-01 0.1100000000D-03 0.4269100000D+01 0.2605000000D-01 0.3930000000D-03 0.3180000000D-01 0.2627259000D+01 0.5843000000D+00 0.4770800000D+01-0.2267300000D+01
1 3220090729200908052455041.4-0.1330000000D+00-0.6000000000D-03 0.5992500000D+01 0.9456000000D-01 0.3600000000D-03 0.4570000000D-01 0.2489322000D+01 0.1222900000D+01 0.6107900000D+01-0.2806500000D+01-0.8850000000D-01 0.2100000000D-03 0.4176700000D+01 0.2392000000D-01 0.4380000000D-03 0.3100000000D-01 0.2281156000D+01 0.6870000000D-01 0.4359300000D+01-0.2980300000D+01
1 3320090805200908122455048.4-0.1368000000D+00-0.6100000000D-03 0.6204000000D+01 0.9582000000D-01 0.4180000000D-03 0.4760000000D-01 0.2075138000D+01 0.8580000000D+00 0.5522900000D+01-0.3592000000D+01-0.8710000000D-01 0.2900000000D-03 0.4066600000D+01 0.2204000000D-01 0.4430000000D-03 0.3030000000D-01 0.1941539000D+01 0.5793600000D+01 0.3960900000D+01-0.3683400000D+01
1 3420090812200908192455055.4-0.1409000000D+00-0.6400000000D-03 0.6445100000D+01 0.9621000000D-01 0.4790000000D-03 0.4990000000D-01 0.1665205000D+01 0.4928000000D+00 0.5140700000D+01-0.4360900000D+01-0.8530000000D-01 0.3100000000D-03 0.3941200000D+01 0.2097000000D-01 0.4260000000D-03 0.2930000000D-01 0.1609719000D+01 0.5199600000D+01 0.3495500000D+01-0.4372200000D+01
1 3520090819200908262455062.4-0.1453000000D+00-0.6600000000D-03 0.6714000000D+01 0.9611000000D-01 0.4660000000D-03 0.5180000000D-01 0.1260198000D+01 0.1237000000D+00 0.4851600000D+01-0.5120700000D+01-0.8310000000D-01 0.3100000000D-03 0.3803700000D+01 0.2080000000D-01 0.4220000000D-03 0.2810000000D-01 0.1287060000D+01 0.4597100000D+01 0.2981800000D+01-0.5052700000D+01
1 3620090826200909022455069.4-0.1501000000D+00-0.6400000000D-03 0.7007000000D+01 0.9610000000D-01 0.3630000000D-03 0.5360000000D-01 0.8605310000D+00 0.6035300000D+01 0.4549500000D+01-0.5886700000D+01-0.8090000000D-01 0.3300000000D-03 0.3658600000D+01 0.2135000000D-01 0.4400000000D-03 0.2700000000D-01 0.9749050000D+00 0.4004600000D+01 0.2488000000D+01-0.5727800000D+01
1 3720090902200909092455076.4-0.1554000000D+00-0.5900000000D-03 0.7320300000D+01 0.9644000000D-01 0.2370000000D-03 0.5620000000D-01 0.4661360000D+00 0.5669000000D+01 0.4048700000D+01-0.3667000000D+00-0.7850000000D-01 0.3600000000D-03 0.3512100000D+01 0.2255000000D-01 0.4510000000D-03 0.2600000000D-01 0.6745800000D+00 0.3424700000D+01 0.2039100000D+01-0.1051000000D+00
1 3820090909200909162455083.4-0.1607000000D+00-0.6600000000D-03 0.7652000000D+01 0.9675000000D-01 0.1980000000D-03 0.5910000000D-01 0.7670600000D-01 0.5314000000D+01 0.3300000000D+01-0.1115500000D+01-0.7610000000D-01 0.4000000000D-03 0.3371900000D+01 0.2449000000D-01 0.4380000000D-03 0.2500000000D-01 0.3874510000D+00 0.2865100000D+01 0.1594100000D+01-0.7468000000D+00
1 3920090916200909232455090.4-0.1661000000D+00-0.9000000000D-03 0.8002500000D+01 0.9658000000D-01 0.2360000000D-03 0.6170000000D-01 0.5975211000D+01 0.4969800000D+01 0.2884700000D+01-0.1857500000D+01-0.7340000000D-01 0.4200000000D-03 0.3247000000D+01 0.2695000000D-01 0.4160000000D-03 0.2410000000D-01 0.1146440000D+00 0.2338000000D+01 0.1130600000D+01-0.1376700000D+01
1 4020090923200909302455097.4-0.1720000000D+00-0.1210000000D-02 0.8373300000D+01 0.9585000000D-01 0.2490000000D-03 0.6420000000D-01 0.5595243000D+01 0.4629700000D+01 0.2882400000D+01-0.2599500000D+01-0.7050000000D-01 0.4400000000D-03 0.3147500000D+01 0.2964000000D-01 0.4040000000D-03 0.2340000000D-01 0.6139536000D+01 0.1843100000D+01 0.6832000000D+00-0.1994100000D+01
1 4120090930200910072455104.4-0.1790000000D+00-0.1410000000D-02 0.8765200000D+01 0.9519000000D-01 0.2130000000D-03 0.6720000000D-01 0.5220013000D+01 0.4288200000D+01 0.3155300000D+01-0.3340700000D+01-0.6740000000D-01 0.4500000000D-03 0.3083600000D+01 0.3244000000D-01 0.3990000000D-03 0.2310000000D-01 0.5894544000D+01 0.1371600000D+01 0.2721000000D+00-0.2597000000D+01
1 4220091007200910142455111.4-0.1874000000D+00-0.1420000000D-02 0.9177900000D+01 0.9550000000D-01 0.1660000000D-03 0.7060000000D-01 0.4849379000D+01 0.3949700000D+01 0.3685800000D+01-0.4073100000D+01-0.6420000000D-01 0.4700000000D-03 0.3064800000D+01 0.3539000000D-01 0.3850000000D-03 0.2320000000D-01 0.5660064000D+01 0.9171000000D+00 0.6167100000D+01-0.3189000000D+01
1 4320091014200910212455118.4-0.1970000000D+00-0.1310000000D-02 0.9613000000D+01 0.9689000000D-01 0.1530000000D-03 0.7410000000D-01 0.4483018000D+01 0.3624100000D+01 0.4343400000D+01-0.4796900000D+01-0.6080000000D-01 0.4900000000D-03 0.3099300000D+01 0.3846000000D-01 0.3580000000D-03 0.2360000000D-01 0.5431756000D+01 0.4796000000D+00 0.5767800000D+01-0.3778700000D+01
1 4420091021200910282455125.4-0.2072000000D+00-0.1260000000D-02 0.1007510000D+02 0.9867000000D-01 0.1720000000D-03 0.7750000000D-01 0.4120678000D+01 0.3314900000D+01 0.4592800000D+01-0.5517100000D+01-0.5720000000D-01 0.5300000000D-03 0.3191400000D+01 0.4145000000D-01 0.3410000000D-03 0.2450000000D-01 0.5204323000D+01 0.6120000000D-01 0.5346600000D+01-0.4373900000D+01
1 4520091028200911042455132.4-0.2177000000D+00-0.1440000000D-02 0.1057040000D+02 0.1002500000D+00 0.1810000000D-03 0.8100000000D-01 0.3762302000D+01 0.3019900000D+01 0.4164900000D+01-0.6238900000D+01-0.5350000000D-01 0.6000000000D-03 0.3340700000D+01 0.4423000000D-01 0.3420000000D-03 0.2590000000D-01 0.4972764000D+01 0.5940900000D+01 0.4938600000D+01-0.4973000000D+01
1 4620091104200911112455139.4-0.2289000000D+00-0.1790000000D-02 0.1110560000D+02 0.1017900000D+00 0.2860000000D-03 0.8540000000D-01 0.3408103000D+01 0.2733600000D+01 0.3453500000D+01-0.6746000000D+00-0.4940000000D-01 0.6600000000D-03 0.3543000000D+01 0.4684000000D-01 0.3310000000D-03 0.2770000000D-01 0.4733391000D+01 0.5546100000D+01 0.4556900000D+01-0.5576400000D+01
1 4720091111200911182455146.4-0.2417000000D+00-0.2180000000D-02 0.1168610000D+02 0.1041700000D+00 0.4750000000D-03 0.9040000000D-01 0.3058438000D+01 0.2454600000D+01 0.3135400000D+01-0.1381900000D+01-0.4490000000D-01 0.7200000000D-03 0.3791900000D+01 0.4926000000D-01 0.2780000000D-03 0.2960000000D-01 0.4484131000D+01 0.5158800000D+01 0.4129700000D+01-0.6192300000D+01
1 4820091118200911252455153.4-0.2565000000D+00-0.2520000000D-02 0.1231690000D+02 0.1078600000D+00 0.6460000000D-03 0.9540000000D-01 0.2713609000D+01 0.2186600000D+01 0.2989400000D+01-0.2082900000D+01-0.3990000000D-01 0.7700000000D-03 0.4078700000D+01 0.5113000000D-01 0.2040000000D-03 0.3180000000D-01 0.4224325000D+01 0.4782200000D+01 0.3508400000D+01-0.5409000000D+00
1 4920091125200912022455160.4-0.2736000000D+00-0.2780000000D-02 0.1300260000D+02 0.1127900000D+00 0.7760000000D-03 0.1004000000D+00 0.2373893000D+01 0.1933900000D+01 0.2907200000D+01-0.2783900000D+01-0.3440000000D-01 0.8500000000D-03 0.4392400000D+01 0.5203000000D-01 0.1880000000D-03 0.3440000000D-01 0.3954401000D+01 0.4417400000D+01 0.2458900000D+01-0.1181600000D+01
1 5020091202200912092455167.4-0.2927000000D+00-0.3040000000D-02 0.1374810000D+02 0.1186000000D+00 0.9010000000D-03 0.1063000000D+00 0.2039710000D+01 0.1698900000D+01 0.2885400000D+01-0.3483600000D+01-0.2850000000D-01 0.9500000000D-03 0.4720300000D+01 0.5135000000D-01 0.3090000000D-03 0.3690000000D-01 0.3675363000D+01 0.4060500000D+01 0.1566900000D+01-0.1823900000D+01
1 5120091209200912162455174.4-0.3137000000D+00-0.3350000000D-02 0.1455600000D+02 0.1245500000D+00 0.1058000000D-02 0.1132000000D+00 0.1711730000D+01 0.1483800000D+01 0.2910000000D+01-0.4172700000D+01-0.2210000000D-01 0.1020000000D-02 0.5046600000D+01 0.4828000000D-01 0.5150000000D-03 0.3920000000D-01 0.3388190000D+01 0.3700800000D+01 0.1001200000D+01-0.2475400000D+01
1 5220091216200912232455181.4-0.3365000000D+00-0.3600000000D-02 0.1542110000D+02 0.1291500000D+00 0.1284000000D-02 0.1200000000D+00 0.1390843000D+01 0.1288900000D+01 0.2910900000D+01-0.4849500000D+01-0.1510000000D-01 0.1000000000D-02 0.5350200000D+01 0.4201000000D-01 0.7690000000D-03 0.4120000000D-01 0.3093277000D+01 0.3321600000D+01 0.5640000000D+00-0.3142100000D+01
1 5320091223200912302455188.4-0.3609000000D+00-0.3570000000D-02 0.1632320000D+02 0.1312500000D+00 0.1587000000D-02 0.1265000000D+00 0.1077807000D+01 0.1118000000D+01 0.2886600000D+01-0.5521500000D+01-0.8000000000D-02 0.8800000000D-03 0.5605600000D+01 0.3224000000D-01 0.1069000000D-02 0.4310000000D-01 0.2790271000D+01 0.2882500000D+01 0.2062000000D+00-0.3816100000D+01
1 5420091230201001062455195.4-0.3858000000D+00-0.3130000000D-02 0.1722550000D+02 0.1298900000D+00 0.1992000000D-02 0.1328000000D+00 0.7731230000D+00 0.9802000000D+00 0.2863800000D+01-0.6189700000D+01-0.1400000000D-02 0.7100000000D-03 0.5785500000D+01 0.2020000000D-01 0.1381000000D-02 0.4420000000D-01 0.2477922000D+01 0.2211600000D+01 0.6195600000D+01-0.4496200000D+01
1 5520100106201001132455202.4-0.4088000000D+00-0.2240000000D-02 0.1807160000D+02 0.1243900000D+00 0.2553000000D-02 0.1390000000D+00 0.4769940000D+00 0.8916000000D+00 0.2866000000D+01-0.5672000000D+00 0.3700000000D-02 0.5100000000D-03 0.5866100000D+01 0.1665000000D-01 0.1583000000D-02 0.4420000000D-01 0.2153864000D+01 0.7983000000D+00 0.5948300000D+01-0.5190900000D+01
2 5620081231200901072454831.4-0.3200000000D-02 0.0000000000D+00 0.1203260000D+02 0.1944700000D+00 0.1409000000D-02 0.6000000000D-03 0.2214654000D+01 0.9095000000D+00 0.5397200000D+01 0.2237000000D+01 0.1500000000D-02 0.1000000000D-04 0.5802800000D+01 0.6438000000D-01 0.1193000000D-02 0.2000000000D-03 0.5583454000D+01 0.2329300000D+01 0.6983000000D+00 0.6152000000D+01
2 5720090107200901142454838.4-0.3300000000D-02 0.3000000000D-04 0.1238980000D+02 0.1911100000D+00 0.1627000000D-02 0.7000000000D-03 0.5543323000D+01 0.4244800000D+01 0.2590100000D+01 0.3312100000D+01 0.1400000000D-02 0.0000000000D+00 0.5365900000D+01 0.6548000000D-01 0.1059000000D-02 0.4000000000D-03 0.2755521000D+01 0.5507100000D+01 0.3960500000D+01 0.6976000000D+00
2 5820090114200901212454845.4-0.3500000000D-02 0.7000000000D-04 0.1273970000D+02 0.1903600000D+00 0.1470000000D-02 0.1100000000D-02 0.2593171000D+01 0.1277700000D+01 0.5768100000D+01 0.3831900000D+01 0.1300000000D-02 0.1000000000D-04 0.4966700000D+01 0.6756000000D-01 0.1148000000D-02 0.5000000000D-03 0.6235813000D+01 0.2435800000D+01 0.8643000000D+00 0.1031600000D+01
2 5920090121200901282454852.4-0.3500000000D-02 0.8000000000D-04 0.1306650000D+02 0.1873700000D+00 0.1658000000D-02 0.1500000000D-02 0.5929449000D+01 0.4604500000D+01 0.2841000000D+01 0.4047800000D+01 0.1200000000D-02 0.0000000000D+00 0.4638700000D+01 0.6935000000D-01 0.1092000000D-02 0.5000000000D-03 0.3459925000D+01 0.5638800000D+01 0.4118800000D+01 0.1136600000D+01
2 6020090128200902042454859.4-0.3400000000D-02 0.1000000000D-03 0.1336730000D+02 0.1838200000D+00 0.1526000000D-02 0.1500000000D-02 0.2985879000D+01 0.1633400000D+01 0.6240200000D+01 0.4140700000D+01 0.1000000000D-02 0.3000000000D-04 0.4425400000D+01 0.7194000000D-01 0.1102000000D-02 0.3000000000D-03 0.7094060000D+00 0.2575100000D+01 0.9601000000D+00 0.1543100000D+01
2 6120090204200902112454866.4-0.3500000000D-02 0.1500000000D-03 0.1362870000D+02 0.1829700000D+00 0.1675000000D-02 0.1300000000D-02 0.4532700000D-01 0.4951300000D+01 0.3111000000D+01 0.4330900000D+01 0.1000000000D-02 0.2000000000D-04 0.4359300000D+01 0.7284000000D-01 0.1084000000D-02 0.2000000000D-03 0.4258784000D+01 0.5796500000D+01 0.4284700000D+01 0.3082100000D+01
2 6220090211200902182454873.4-0.3400000000D-02 0.1500000000D-03 0.1385120000D+02 0.1782100000D+00 0.1560000000D-02 0.8000000000D-03 0.3390001000D+01 0.1977600000D+01 0.3666000000D+00 0.4582200000D+01 0.9000000000D-03 0.3000000000D-04 0.4458600000D+01 0.7526000000D-01 0.1139000000D-02 0.4000000000D-03 0.1525365000D+01 0.2745000000D+01 0.1094000000D+01 0.3829100000D+01
2 6320090218200902252454880.4-0.3200000000D-02 0.1600000000D-03 0.1402640000D+02 0.1786800000D+00 0.1587000000D-02 0.4000000000D-03 0.4538260000D+00 0.5289100000D+01 0.3479200000D+01 0.5932800000D+01 0.9000000000D-03 0.2000000000D-04 0.4714100000D+01 0.7565000000D-01 0.1087000000D-02 0.5000000000D-03 0.5061057000D+01 0.5967800000D+01 0.4422000000D+01 0.4004300000D+01
2 6420090225200903042454887.4-0.3200000000D-02 0.2200000000D-03 0.1415650000D+02 0.1746300000D+00 0.1545000000D-02 0.9000000000D-03 0.3801732000D+01 0.2318300000D+01 0.7772000000D+00 0.4336000000D+00 0.8000000000D-03 0.5000000000D-04 0.5097200000D+01 0.7766000000D-01 0.1206000000D-02 0.3000000000D-03 0.2288468000D+01 0.2922200000D+01 0.1251600000D+01 0.4135900000D+01
2 6520090304200903112454894.4-0.3000000000D-02 0.2300000000D-03 0.1424090000D+02 0.1764200000D+00 0.1520000000D-02 0.1200000000D-02 0.8679130000D+00 0.5629600000D+01 0.3884100000D+01 0.7054000000D+00 0.9000000000D-03 0.3000000000D-04 0.5572200000D+01 0.7778000000D-01 0.1101000000D-02 0.1000000000D-03 0.5772737000D+01 0.6139600000D+01 0.4598100000D+01 0.5028400000D+01
2 6620090311200903182454901.4-0.2800000000D-02 0.2200000000D-03 0.1428030000D+02 0.1745400000D+00 0.1493000000D-02 0.1400000000D-02 0.4217265000D+01 0.2661600000D+01 0.1112000000D+01 0.8163000000D+00 0.1000000000D-02 0.5000000000D-04 0.6101800000D+01 0.7972000000D-01 0.1212000000D-02 0.3000000000D-03 0.2948505000D+01 0.3094300000D+01 0.1473200000D+01 0.5812000000D+00
2 6720090318200903252454908.4-0.2600000000D-02 0.2400000000D-03 0.1427840000D+02 0.1757500000D+00 0.1446000000D-02 0.1000000000D-02 0.1283615000D+01 0.5977700000D+01 0.4417400000D+01 0.9288000000D+00 0.1100000000D-02 0.5000000000D-04 0.6660200000D+01 0.8059000000D-01 0.1201000000D-02 0.6000000000D-03 0.1039800000D+00 0.3700000000D-01 0.4804100000D+01 0.6755000000D+00
2 6820090325200904012454915.4-0.2500000000D-02 0.2800000000D-03 0.1423820000D+02 0.1774400000D+00 0.1428000000D-02 0.6000000000D-03 0.4632539000D+01 0.3015500000D+01 0.1446200000D+01 0.1450700000D+01 0.1100000000D-02 0.6000000000D-04 0.7221600000D+01 0.8332000000D-01 0.1157000000D-02 0.7000000000D-03 0.3526023000D+01 0.3267000000D+01 0.1687800000D+01 0.8127000000D+00
2 6920090401200904082454922.4-0.2100000000D-02 0.2300000000D-03 0.1416510000D+02 0.1783500000D+00 0.1414000000D-02 0.4000000000D-03 0.1697105000D+01 0.5590000000D-01 0.4907400000D+01 0.2782100000D+01 0.1300000000D-02 0.4000000000D-04 0.7773600000D+01 0.8473000000D-01 0.1257000000D-02 0.6000000000D-03 0.6517440000D+00 0.2276000000D+00 0.5048700000D+01 0.9006000000D+00
2 7020090408200904152454929.4-0.1700000000D-02 0.2000000000D-03 0.1406380000D+02 0.1824800000D+00 0.1379000000D-02 0.9000000000D-03 0.5043592000D+01 0.3382800000D+01 0.1823000000D+01 0.3510900000D+01 0.1400000000D-02 0.5000000000D-04 0.8299800000D+01 0.8841000000D-01 0.1095000000D-02 0.3000000000D-03 0.4050852000D+01 0.3460600000D+01 0.1922000000D+01 0.1186700000D+01
2 7120090415200904222454936.4-0.1500000000D-02 0.2100000000D-03 0.1393920000D+02 0.1832300000D+00 0.1425000000D-02 0.1100000000D-02 0.2104480000D+01 0.4306000000D+00 0.5438800000D+01 0.3595400000D+01 0.1600000000D-02 0.3000000000D-04 0.8794200000D+01 0.9003000000D-01 0.1311000000D-02 0.3000000000D-03 0.1158337000D+01 0.4446000000D+00 0.5332300000D+01 0.3111000000D+01
2 7220090422200904292454943.4-0.1100000000D-02 0.1800000000D-03 0.1379960000D+02 0.1901000000D+00 0.1311000000D-02 0.1100000000D-02 0.5446595000D+01 0.3764100000D+01 0.2190900000D+01 0.3730900000D+01 0.1800000000D-02 0.1000000000D-04 0.9249200000D+01 0.9496000000D-01 0.1019000000D-02 0.6000000000D-03 0.4543499000D+01 0.3686600000D+01 0.2109700000D+01 0.3577200000D+01
2 7320090429200905062454950.4-0.5000000000D-03 0.1200000000D-03 0.1365010000D+02 0.1912000000D+00 0.1437000000D-02 0.8000000000D-03 0.2501954000D+01 0.8208000000D+00 0.5845300000D+01 0.3807000000D+01 0.2100000000D-02-0.1000000000D-04 0.9661100000D+01 0.9618000000D-01 0.1240000000D-02 0.8000000000D-03 0.1639932000D+01 0.6885000000D+00 0.5571400000D+01 0.3746800000D+01
2 7420090506200905132454957.4-0.1000000000D-03 0.1200000000D-03 0.1350190000D+02 0.1980700000D+00 0.1273000000D-02 0.3000000000D-03 0.5837771000D+01 0.4158200000D+01 0.2718100000D+01 0.4087900000D+01 0.2300000000D-02-0.1000000000D-04 0.1002670000D+02 0.1004100000D+00 0.1021000000D-02 0.7000000000D-03 0.5016535000D+01 0.3952300000D+01 0.2375400000D+01 0.3778400000D+01
2 7520090513200905202454964.4 0.2000000000D-03 0.1100000000D-03 0.1335870000D+02 0.2012700000D+00 0.1473000000D-02 0.4000000000D-03 0.2886295000D+01 0.1223500000D+01 0.6219900000D+01 0.2048000000D+00 0.2600000000D-02-0.5000000000D-04 0.1034290000D+02 0.1014100000D+00 0.1175000000D-02 0.3000000000D-03 0.2106688000D+01 0.9637000000D+00 0.5778000000D+01 0.4121500000D+01
2 7620090520200905272454971.4 0.7000000000D-03 0.6000000000D-04 0.1323650000D+02 0.2078200000D+00 0.1254000000D-02 0.9000000000D-03 0.6214483000D+01 0.4563400000D+01 0.3226500000D+01 0.5075000000D+00 0.2800000000D-02-0.7000000000D-04 0.1061010000D+02 0.1041900000D+00 0.9820000000D-03 0.2000000000D-03 0.5478561000D+01 0.4242200000D+01 0.2614800000D+01 0.6085700000D+01
2 7720090527200906032454978.4 0.1100000000D-02 0.5000000000D-04 0.1313840000D+02 0.2130700000D+00 0.1437000000D-02 0.1200000000D-02 0.3255355000D+01 0.1634800000D+01 0.2606000000D+00 0.5845000000D+00 0.2900000000D-02-0.6000000000D-04 0.1082490000D+02 0.1046900000D+00 0.1089000000D-02 0.7000000000D-03 0.2565766000D+01 0.1260800000D+01 0.5883000000D+01 0.4675000000D+00
2 7820090603200906102454985.4 0.1500000000D-02 0.3000000000D-04 0.1308250000D+02 0.2174000000D+00 0.1358000000D-02 0.1200000000D-02 0.2924330000D+00 0.4979600000D+01 0.3788900000D+01 0.6452000000D+00 0.3000000000D-02-0.8000000000D-04 0.1098940000D+02 0.1040100000D+00 0.9830000000D-03 0.1000000000D-02 0.5935801000D+01 0.4551000000D+01 0.2938400000D+01 0.5094000000D+00
2 7920090610200906172454992.4 0.2000000000D-02 0.0000000000D+00 0.1307150000D+02 0.2253600000D+00 0.1407000000D-02 0.1000000000D-02 0.3609630000D+01 0.2052700000D+01 0.5887000000D+00 0.8699000000D+00 0.3300000000D-02-0.1100000000D-03 0.1109880000D+02 0.1044800000D+00 0.1088000000D-02 0.1000000000D-02 0.3023037000D+01 0.1569600000D+01 0.5956100000D+01 0.6455000000D+00
2 8020090617200906242454999.4 0.2500000000D-02-0.3000000000D-04 0.1312210000D+02 0.2284300000D+00 0.1424000000D-02 0.5000000000D-03 0.6403480000D+00 0.5403400000D+01 0.4202900000D+01 0.1197300000D+01 0.3300000000D-02-0.1000000000D-03 0.1115610000D+02 0.1006700000D+00 0.9760000000D-03 0.8000000000D-03 0.1107930000D+00 0.4862800000D+01 0.3133700000D+01 0.7753000000D+00
2 8120090624200907012455006.4 0.2900000000D-02-0.3000000000D-04 0.1323890000D+02 0.2363500000D+00 0.1360000000D-02 0.4000000000D-03 0.3952869000D+01 0.2475800000D+01 0.9978000000D+00 0.2765700000D+01 0.3300000000D-02-0.1000000000D-03 0.1115810000D+02 0.9944000000D-01 0.1106000000D-02 0.3000000000D-03 0.3483748000D+01 0.1876900000D+01 0.6122100000D+01 0.1309500000D+01
2 8220090701200907082455013.4 0.3500000000D-02-0.1100000000D-03 0.1343130000D+02 0.2387500000D+00 0.1483000000D-02 0.9000000000D-03 0.9808630000D+00 0.5832300000D+01 0.4594200000D+01 0.3275000000D+01 0.3400000000D-02-0.1500000000D-03 0.1110590000D+02 0.9342000000D-01 0.9980000000D-03 0.5000000000D-03 0.5753350000D+00 0.5164600000D+01 0.3312600000D+01 0.3028900000D+01
2 8320090708200907152455020.4 0.4000000000D-02-0.1300000000D-03 0.1370230000D+02 0.2460900000D+00 0.1350000000D-02 0.1300000000D-02 0.4292967000D+01 0.2903800000D+01 0.1402500000D+01 0.3549200000D+01 0.3500000000D-02-0.1500000000D-03 0.1099880000D+02 0.9044000000D-01 0.1150000000D-02 0.9000000000D-03 0.3953642000D+01 0.2165600000D+01 0.5590000000D-01 0.3466500000D+01
2 8420090715200907222455027.4 0.4300000000D-02-0.1200000000D-03 0.1405390000D+02 0.2487200000D+00 0.1429000000D-02 0.1500000000D-02 0.1322924000D+01 0.6263000000D+01 0.4892700000D+01 0.3707800000D+01 0.3400000000D-02-0.1400000000D-03 0.1083700000D+02 0.8370000000D-01 0.1073000000D-02 0.1200000000D-02 0.1052164000D+01 0.5436300000D+01 0.3412200000D+01 0.3657500000D+01
2 8520090722200907292455034.4 0.4800000000D-02-0.1500000000D-03 0.1448610000D+02 0.2529500000D+00 0.1395000000D-02 0.1300000000D-02 0.4638937000D+01 0.3338000000D+01 0.1886400000D+01 0.3926000000D+01 0.3300000000D-02-0.1500000000D-03 0.1062360000D+02 0.7797000000D-01 0.1109000000D-02 0.1000000000D-02 0.4438798000D+01 0.2412600000D+01 0.3519000000D+00 0.3826500000D+01
2 8620090729200908052455041.4 0.5300000000D-02-0.2000000000D-03 0.1499510000D+02 0.2563400000D+00 0.1367000000D-02 0.1000000000D-02 0.1675339000D+01 0.4136000000D+00 0.5173000000D+01 0.4514800000D+01 0.3400000000D-02-0.1800000000D-03 0.1036150000D+02 0.7216000000D-01 0.1180000000D-02 0.7000000000D-03 0.1547948000D+01 0.5657800000D+01 0.3591100000D+01 0.4370100000D+01
2 8720090805200908122455048.4 0.5500000000D-02-0.1600000000D-03 0.1557480000D+02 0.2577500000D+00 0.1424000000D-02 0.9000000000D-03 0.4999086000D+01 0.3775500000D+01 0.2336000000D+01 0.5400500000D+01 0.3200000000D-02-0.1400000000D-03 0.1005580000D+02 0.6581000000D-01 0.1082000000D-02 0.5000000000D-03 0.4946900000D+01 0.2586400000D+01 0.6011000000D+00 0.5418800000D+01
2 8820090812200908192455055.4 0.5700000000D-02-0.1400000000D-03 0.1621930000D+02 0.2614300000D+00 0.1261000000D-02 0.1500000000D-02 0.2044615000D+01 0.8507000000D+00 0.5490200000D+01 0.6110800000D+01 0.2900000000D-02-0.1200000000D-03 0.9713900000D+01 0.6144000000D-01 0.1242000000D-02 0.9000000000D-03 0.2070915000D+01 0.5795000000D+01 0.3819300000D+01 0.6205200000D+01
2 8920090819200908262455062.4 0.6100000000D-02-0.1600000000D-03 0.1692110000D+02 0.2602900000D+00 0.1474000000D-02 0.2100000000D-02 0.5377872000D+01 0.4220500000D+01 0.2813800000D+01 0.6720000000D-01 0.2800000000D-02-0.1300000000D-03 0.9345900000D+01 0.5669000000D-01 0.1005000000D-02 0.1200000000D-02 0.5487086000D+01 0.2658300000D+01 0.8327000000D+00 0.1755000000D+00
2 9020090826200909022455069.4 0.6300000000D-02-0.1400000000D-03 0.1767610000D+02 0.2644100000D+00 0.1098000000D-02 0.2400000000D-02 0.2433569000D+01 0.1294100000D+01 0.5806500000D+01 0.3133000000D+00 0.2600000000D-02-0.1300000000D-03 0.8966400000D+01 0.5495000000D-01 0.1276000000D-02 0.1100000000D-02 0.2631413000D+01 0.5841900000D+01 0.4077900000D+01 0.4382000000D+00
2 9120090902200909092455076.4 0.6200000000D-02-0.8000000000D-04 0.1847390000D+02 0.2621300000D+00 0.1394000000D-02 0.2300000000D-02 0.5776808000D+01 0.4671800000D+01 0.3228300000D+01 0.5547000000D+00 0.2300000000D-02-0.9000000000D-04 0.8590300000D+01 0.5437000000D-01 0.1035000000D-02 0.8000000000D-03 0.6070598000D+01 0.2668900000D+01 0.1066800000D+01 0.8127000000D+00
2 9220090909200909162455083.4 0.6400000000D-02-0.9000000000D-04 0.1931640000D+02 0.2648400000D+00 0.9420000000D-03 0.1600000000D-02 0.2842189000D+01 0.1750500000D+01 0.1316000000D+00 0.1041700000D+01 0.2200000000D-02-0.1100000000D-03 0.8239300000D+01 0.5599000000D-01 0.1194000000D-02 0.5000000000D-03 0.3240677000D+01 0.5838300000D+01 0.4328200000D+01 0.1929500000D+01
2 9320090916200909232455090.4 0.6600000000D-02-0.9000000000D-04 0.2019500000D+02 0.2648200000D+00 0.1213000000D-02 0.1500000000D-02 0.6194882000D+01 0.5136700000D+01 0.3593000000D+01 0.2040500000D+01 0.2000000000D-02-0.1100000000D-03 0.7934700000D+01 0.5927000000D-01 0.1082000000D-02 0.8000000000D-03 0.4247960000D+00 0.2705400000D+01 0.1337500000D+01 0.2840800000D+01
2 9420090923200909302455097.4 0.6600000000D-02-0.3000000000D-04 0.2112080000D+02 0.2655000000D+00 0.8100000000D-03 0.2300000000D-02 0.3269054000D+01 0.2225200000D+01 0.8426000000D+00 0.2754400000D+01 0.1800000000D-02-0.1100000000D-03 0.7705900000D+01 0.6418000000D-01 0.1130000000D-02 0.1100000000D-02 0.3906411000D+01 0.5905600000D+01 0.4593600000D+01 0.3265600000D+01
2 9520090930200910072455104.4 0.6600000000D-02-0.2000000000D-04 0.2208330000D+02 0.2684100000D+00 0.8310000000D-03 0.3500000000D-02 0.3472870000D+00 0.5616800000D+01 0.3976000000D+01 0.3105100000D+01 0.1600000000D-02-0.9000000000D-04 0.7574900000D+01 0.6971000000D-01 0.1128000000D-02 0.1100000000D-02 0.1117224000D+01 0.2838200000D+01 0.1671400000D+01 0.3561100000D+01
2 9620091007200910142455111.4 0.6900000000D-02-0.2000000000D-04 0.2309990000D+02 0.2670800000D+00 0.9120000000D-03 0.3800000000D-02 0.3712485000D+01 0.2727700000D+01 0.1775400000D+01 0.3350200000D+01 0.1600000000D-02-0.1100000000D-03 0.7566400000D+01 0.7758000000D-01 0.1087000000D-02 0.8000000000D-03 0.4619997000D+01 0.6084400000D+01 0.4847900000D+01 0.4193500000D+01
2 9720091014200910212455118.4 0.6800000000D-02 0.5000000000D-04 0.2416890000D+02 0.2750100000D+00 0.3340000000D-03 0.3600000000D-02 0.7987310000D+00 0.6123800000D+01 0.4110800000D+01 0.3707000000D+01 0.1400000000D-02-0.1100000000D-03 0.7695900000D+01 0.8367000000D-01 0.1104000000D-02 0.8000000000D-03 0.1844175000D+01 0.3063100000D+01 0.2058400000D+01 0.5215300000D+01
2 9820091021200910282455125.4 0.6700000000D-02 0.9000000000D-04 0.2531060000D+02 0.2734400000D+00 0.8320000000D-03 0.3000000000D-02 0.4171349000D+01 0.3261100000D+01 0.2587000000D+01 0.4210400000D+01 0.1200000000D-02-0.9000000000D-04 0.7970100000D+01 0.9283000000D-01 0.1053000000D-02 0.1300000000D-02 0.5349675000D+01 0.7370000000D-01 0.5172400000D+01 0.5925000000D+01
2 9920091028200911042455132.4 0.6700000000D-02 0.1200000000D-03 0.2652970000D+02 0.2824500000D+00 0.2120000000D-03 0.3100000000D-02 0.1265245000D+01 0.3865000000D+00 0.1427500000D+01 0.5075600000D+01 0.1100000000D-02-0.9000000000D-04 0.8385700000D+01 0.9928000000D-01 0.9990000000D-03 0.1600000000D-02 0.2566521000D+01 0.3370800000D+01 0.2434000000D+01 0.6275100000D+01
210020091104200911112455139.4 0.6600000000D-02 0.2300000000D-03 0.2784340000D+02 0.2838600000D+00 0.8470000000D-03 0.4300000000D-02 0.4645616000D+01 0.3832500000D+01 0.3640600000D+01 0.5638800000D+01 0.1100000000D-02-0.1200000000D-03 0.8929000000D+01 0.1083200000D+00 0.9550000000D-03 0.1400000000D-02 0.6056929000D+01 0.4182000000D+00 0.5500100000D+01 0.3923000000D+00
210120091111200911182455146.4 0.6400000000D-02 0.3000000000D-03 0.2926960000D+02 0.2951600000D+00 0.9240000000D-03 0.5300000000D-02 0.1747553000D+01 0.9771000000D+00 0.2214800000D+01 0.6040200000D+01 0.9000000000D-03-0.1100000000D-03 0.9585400000D+01 0.1138700000D+00 0.8240000000D-03 0.1100000000D-02 0.3254244000D+01 0.3744000000D+01 0.2720300000D+01 0.1097300000D+01
210220091118200911252455153.4 0.6400000000D-02 0.3200000000D-03 0.3082450000D+02 0.3003900000D+00 0.9050000000D-03 0.5700000000D-02 0.5136637000D+01 0.4450200000D+01 0.5179200000D+01 0.8510000000D-01 0.8000000000D-03-0.1100000000D-03 0.1032820000D+02 0.1201800000D+00 0.7110000000D-03 0.1300000000D-02 0.4405940000D+00 0.8114000000D+00 0.5690500000D+01 0.2111300000D+01
210320091125200912022455160.4 0.6500000000D-02 0.3400000000D-03 0.3252510000D+02 0.3092400000D+00 0.1520000000D-02 0.4800000000D-02 0.2247962000D+01 0.1631700000D+01 0.2742100000D+01 0.5518000000D+00 0.8000000000D-03-0.1400000000D-03 0.1113390000D+02 0.1224100000D+00 0.7260000000D-03 0.2100000000D-02 0.3900570000D+01 0.4169700000D+01 0.2502600000D+01 0.2684400000D+01
210420091202200912092455167.4 0.6200000000D-02 0.4800000000D-03 0.3437540000D+02 0.3197900000D+00 0.1753000000D-02 0.4400000000D-02 0.5647941000D+01 0.5124800000D+01 0.2382000000D+00 0.1360700000D+01 0.9000000000D-03-0.1600000000D-03 0.1196630000D+02 0.1219900000D+00 0.7260000000D-03 0.2400000000D-02 0.1068962000D+01 0.1236800000D+01 0.5255100000D+01 0.3071100000D+01
210520091209200912162455174.4 0.6500000000D-02 0.4700000000D-03 0.3638850000D+02 0.3255200000D+00 0.2207000000D-02 0.5800000000D-02 0.2771085000D+01 0.2353200000D+01 0.3708400000D+01 0.2142100000D+01 0.8000000000D-03-0.1400000000D-03 0.1279020000D+02 0.1160200000D+00 0.1382000000D-02 0.2400000000D-02 0.4512810000D+01 0.4606600000D+01 0.2201600000D+01 0.3506300000D+01
210620091216200912232455181.4 0.7200000000D-02 0.4000000000D-03 0.3854010000D+02 0.3339900000D+00 0.3294000000D-02 0.8100000000D-02 0.6184879000D+01 0.5876300000D+01 0.1343300000D+01 0.2632100000D+01 0.6000000000D-03-0.1100000000D-03 0.1355220000D+02 0.1025300000D+00 0.1876000000D-02 0.2000000000D-02 0.1667071000D+01 0.1630700000D+01 0.5319300000D+01 0.4165900000D+01
210720091223200912302455188.4 0.7100000000D-02 0.6200000000D-03 0.4079260000D+02 0.3296000000D+00 0.3054000000D-02 0.9100000000D-02 0.3323305000D+01 0.3170500000D+01 0.5040600000D+01 0.2997300000D+01 0.7000000000D-03-0.1500000000D-03 0.1418780000D+02 0.8131000000D-01 0.2936000000D-02 0.2400000000D-02 0.5097051000D+01 0.4904900000D+01 0.2558900000D+01 0.5022500000D+01
210820091230201001062455195.4 0.7600000000D-02 0.6100000000D-03 0.4304730000D+02 0.3199600000D+00 0.5460000000D-02 0.8400000000D-02 0.4710720000D+00 0.4509000000D+00 0.2472300000D+01 0.3474300000D+01 0.4000000000D-03-0.8000000000D-04 0.1462910000D+02 0.5999000000D-01 0.3354000000D-02 0.3000000000D-02 0.2236495000D+01 0.1544700000D+01 0.5868800000D+01 0.5572200000D+01
210920100106201001132455202.4 0.7900000000D-02 0.6400000000D-03 0.4517190000D+02 0.2957000000D+00 0.6048000000D-02 0.7100000000D-02 0.3910530000D+01 0.4120700000D+01 0.6330000000D-01 0.4173600000D+01 0.3000000000D-03-0.6000000000D-04 0.1480980000D+02 0.6118000000D-01 0.4155000000D-02 0.3400000000D-02 0.5648158000D+01 0.4170700000D+01 0.3128800000D+01 0.5982800000D+01
