0002P         2007 04 19.3142  0.339146  0.847067  186.5212  334.5630   11.7569  20071027  11.5  6.0  2P/Encke
0004P         2006 11 15.4192  1.666981  0.566695  205.0001  199.2996    9.0322  20071027   8.0  6.0  4P/Faye
0006P         2008 08 15.0258  1.353307  0.612704  178.1395  138.9423   19.5141  20071027   7.5 16.0  6P/d'Arrest
0007P         2008 09 26.6250  1.253563  0.634864  172.3099   93.4241   22.3105  20071027  10.0  6.0  7P/Pons-Winnecke
0008P         2008 01 27.0173  1.027126  0.819808  207.5072  270.3417   54.9829  20071027   8.0  8.0  8P/Tuttle
0009P         2005 07  5.4239  1.507410  0.517366  178.9086   68.9332   10.5299  20071027   5.5 10.0  9P/Tempel
0010P         2010 07  4.8114  1.424962  0.535934  195.5566  117.8365   12.0235  20071027   5.0 10.0  10P/Tempel
0015P         2008 06 22.5397  0.969583  0.721506  347.4727   13.8494    6.8162  20071027  12.0  4.0  15P/Finlay
0016P         2008 04 12.5713  1.466694  0.562791  219.4535  159.3788    4.2580  20071027   7.5 10.0  16P/Brooks
0017P         2007 05  4.5276  2.053218  0.432564   24.2712  326.8646   19.1126  20071027  10.0  6.0  17P/Holmes
0019P         2008 07 22.3322  1.355000  0.624395  353.3672   75.4466   30.3248  20071027   4.5 10.0  19P/Borrelly
0026P         2008 03 23.6868  1.116754  0.633030    1.7075  211.7078   22.3563  20071027  12.0 16.0  26P/Grigg-Skjellerup
0028P         2002 12 26.5633  1.557793  0.774765  347.6359  346.3515   14.3685  20071027   8.5  6.0  28P/Neujmin
0029P         2004 06 25.8600  5.719278  0.044593   47.8848  312.6423    9.3928  20071027   4.0  4.0  29P/Schwassmann-Wachmann
0031P         2010 10  1.6753  3.420992  0.192177   18.3066  114.1919    4.5476  20071027   5.0  8.0  31P/Schwassmann-Wachmann
0044P         2008 02 18.2282  2.106409  0.428460   58.0589  286.6004    5.9047  20071027   8.3  6.0  44P/Reinmuth
0046P         2008 02  2.4964  1.057487  0.658126  356.3480   82.1749   11.7393  20071027   9.0  6.0  46P/Wirtanen
0047P         2009 01 31.2265  2.797812  0.321391  357.3824  357.2022   13.0369  20071027   1.0 11.2  47P/Ashbrook-Jackson
0049P         2005 02 23.1872  1.373794  0.611047  332.8307  119.4620   18.8504  20071027  11.3  4.4  49P/Arend-Rigaux
0050P         2007 11  1.1859  1.924347  0.529246   49.0424  355.3357   19.1550  20071027   9.5  6.0  50P/Arend
0059P         2009 03  7.7510  2.355752  0.474680  127.5420  313.0386    9.3412  20071027   7.0  6.0  59P/Kearns-Kwee
0061P         2008 09  5.9072  2.108644  0.426777  221.5377  163.1320    6.0071  20071027   6.0 10.0  61P/Shajn-Schaldach
0065P         2010 03  1.5437  2.441800  0.319700  196.4534   68.3861   10.3863  20071027   5.0  6.0  65P/Gunn
0067P         2009 02 28.1645  1.251240  0.640104   12.2066   50.4452    7.0590  20071027  11.0  4.0  67P/Churyumov-Gerasimenko
0068P         2009 01 21.1332  1.758133  0.640362  154.0211  175.3611   11.1454  20071027  10.0  4.0  68P/Klemola
0070P         2007 10  5.9328  2.011912  0.453212    2.1073  119.2590    6.5956  20071027  11.0  6.0  70P/Kojima
0074P         2009 07 31.0990  3.556525  0.147958   87.3693   77.1145    6.6488  20071027   5.0  6.0  74P/Smirnova-Chernykh
0077P         2009 07  7.6847  2.310133  0.358504  196.6506   14.9382   24.3954  20071027   7.0  8.0  77P/Longmore
0079P         2008 05 28.4132  1.230536  0.594075  253.2669  307.8404    2.8932  20071027  16.0  4.0  79P/du Toit-Hartley
0081P         2010 02 22.6186  1.595711  0.537719   41.8553  136.1147    3.2377  20071027   7.0  6.0  81P/Wild
0082P         2010 01 14.6983  3.631708  0.121540  226.6465  239.5168    1.1267  20071027   5.0  8.0  82P/Gehrels
0086P         2008 05 20.0345  2.301179  0.365687  179.1612   72.5823   15.4487  20071027  11.0  6.0  86P/Wild
0087P         2007 07  7.2536  2.173327  0.376614   24.2515  182.1829    2.5767  20071027   7.2 10.0  87P/Bus
0088P         2009 10 12.4121  1.364712  0.561865  235.8672   56.7897    4.3815  20071027  11.0  6.0  88P/Howell
0091P         2005 06 27.0726  2.604494  0.330396  354.8283  247.8937   14.0928  20071027   7.5  6.0  91P/Russell
0093P         2007 12 17.3477  1.704736  0.611751   74.6668  339.9248   12.2182  20071027   9.5  6.0  93P/Lovas
0099P         2007 01 17.7384  4.719081  0.228405  173.0431   28.3918    4.3416  20071027   4.5  6.0  99P/Kowal
0106P         2007 04  2.2114  1.556031  0.586817  355.8222   50.6093   20.1109  20071027  14.0  4.8  106P/Schuster
0108P         2007 07 18.0399  1.719112  0.541590  357.9733   53.7384   13.0779  20071027   8.0 12.0  108P/Ciffreo
0110P         2008 02  3.5044  2.488448  0.312539  167.8047  287.7463   11.6793  20071027   1.0 12.0  110P/Hartley
0113P         2008 03 23.4279  2.128497  0.422947   49.8528   14.4750    5.7757  20071027  13.5  4.0  113P/Spitaler
0116P         2009 07 18.8777  2.174073  0.375031  173.5960   21.0534    3.6131  20071027   2.5 10.0  116P/Wild
0117P         2005 12 20.6324  3.038437  0.255815  222.8254   58.9417    8.7075  20071027   2.5  8.0  117P/Helin-Roman-Alu
0119P         2005 05 23.4882  3.043176  0.290190  181.2661  244.0840    5.1885  20071027   3.5  8.0  119P/Parker-Hartley
0124P         2008 04 27.2015  1.468596  0.542406  181.3616    1.3552   31.3397  20071027  13.5  2.8  124P/Mrkos
0125P         2007 08 10.7346  1.523564  0.512696   87.3353  153.1954    9.9859  20071027  13.0  6.0  125P/Spacewatch
0128P         2007 06 13.5967  3.068884  0.319966  210.4394  214.4174    4.3551  20071027   8.5  4.0  128P/Shoemaker-Holt
0129P         2005 06 15.5576  2.813745  0.253255  184.6146  302.4338    5.0868  20071027  11.0  4.0  129P/Shoemaker-Levy
0135P         2007 05 30.6763  2.710904  0.291472   22.2572  213.2738    6.0513  20071027   7.0  8.0  135P/Shoemaker-Levy
0136P         2007 10 22.1963  2.960636  0.292963  224.8589  137.5609    9.4274  20071027  11.0  4.0  136P/Mueller
0137P         2009 05 13.2482  1.904662  0.576654  140.9206  233.3235    4.8778  20071027  11.0  4.0  137P/Shoemaker-Levy
0139P         2008 04 19.4451  3.402760  0.246329  165.5383  242.4522    2.3297  20071027   9.5  4.0  139P/Vaisala-Oterma
0143P         2009 06 12.0180  2.538022  0.410352  320.7158  245.3879    4.6903  20071027  13.5  2.0  143P/Kowal-Mrkos
0146P         2008 05 21.3404  1.417530  0.648200  316.8066   53.5806   23.0822  20071027  15.0  4.0  146P/Shoemaker-LINEAR
0148P         2008 05 22.7822  1.702690  0.537830    6.6943   89.8036    3.6784  20071027  16.0  2.0  148P/Anderson-LINEAR
0150P         2008 11 26.0107  1.767286  0.545986  245.6901  272.4309   18.5007  20071027  13.5  4.0  150P/LONEOS
0152P         2012 07  7.6251  3.108525  0.308756  163.8600   91.9622    9.8733  20071027  11.5  4.0  152P/Helin-Lawrence
0156P         2007 06 17.3642  1.593097  0.557680  357.6778   39.0485   20.7474  20071027  15.5  2.0  156P/Russell-LINEAR
0157P         2010 02 22.6928  1.395922  0.595293  147.6641  300.2290    7.1986  20071027  10.0  4.0  157P/Tritton
0158P         2012 09 26.1735  4.586211  0.028523  232.3977  137.3054    7.9083  20071027   9.0  4.0  158P/Kowal-LINEAR
0159P         2004 03  1.4981  3.648702  0.379544    4.8375   55.1398   23.4259  20071027  10.0  4.0  159P/LONEOS
0166P         2002 05 12.5378  8.550917  0.381206  321.4805   64.4834   15.3800  20071027   5.5  4.0  166P/NEAT
0167P         2001 04 30.4438 11.794159  0.273751  344.2120  295.7776   19.0910  20071027   9.5  2.0  167P/CINEOS
0172P         2008 10 12.7054  2.240714  0.362016  178.9489   40.0957   11.5172  20071027  13.0  4.0  172P/Yeung
0173P         2008 05 18.7340  4.214384  0.261314   29.8627  100.5699   16.4959  20071027   7.5  4.0  173P/Mueller
0174P         2015 04 19.2118  5.849641  0.456914  162.3793  173.3347    4.3376  20071027   9.5  2.0  174P/Echeclus
0176P         2005 10 17.9274  2.579132  0.192655   36.0424  346.5395    0.2379  20071027  15.0  2.0  176P/LINEAR
0179P         2007 12  2.9772  4.086886  0.307837  295.4598  115.8523   19.8745  20071027   2.5  8.0  179P/Jedicke
0180P         2008 05 26.6619  2.468733  0.357830   94.9006   84.7549   16.9135  20071027  11.0  4.0  180P/NEAT
0181P         2006 11 25.0124  1.127260  0.706705  333.5545   37.8633   16.9266  20071027  11.5  4.0  181P/Shoemaker-Levy
0183P         2008 05  9.0927  3.893972  0.136113  161.6701    5.8486   18.7276  20071027  12.5  2.0  183P/Korlevic-Juric
0186P         2008 03 19.8951  4.263554  0.117864  278.6549  327.8722   28.8437  20071027   7.5  4.0  186P/Garradd
0187P         2008 10  5.6592  3.693696  0.170142  131.8539  112.0033   13.7323  20071027   9.0  4.0  187P/LINEAR
0188P         2007 12 16.1395  2.552137  0.415858   26.4349  359.1501   10.5463  20071027  11.5  4.0  188P/LINEAR-Mueller
0190P         2007 07  8.2051  2.031918  0.520767   49.7346  336.1176    2.1899  20071027  13.0  4.0  190P/Mueller
0191P         2007 09 13.1020  2.047920  0.420103  274.1686  106.5279    8.7611  20071027  13.0  4.0  191P/McNaught
0192P         2007 12 17.3351  1.460073  0.773603  312.8429   51.6504   24.5611  20071027  15.0  4.0  192P/Shoemaker-Levy
0193P         2008 02 20.4642  2.155772  0.396097    8.2744  335.2586   10.7033  20071027  14.0  4.0  193P/LINEAR-NEAT
0194P         2008 02 26.1934  1.708743  0.574230  130.6385  352.0682   11.1179  20071027  16.0  4.0  194P/LINEAR
0195P         2009 01 21.4700  4.438078  0.315110  249.6596  243.2618   36.3684  20071027   8.5  4.0  195P/Hill
    PJ94J030  2009 04 11.7195  2.935875  0.507063  191.9468   92.9461   24.7685  20071027  10.0  4.0  P/1994 J3 (Shoemaker)
    CJ95O010  1997 03 30.6507  0.923427  0.994984  130.7390  282.9153   89.2290  20071027  -2.0  4.0  C/1995 O1 (Hale-Bopp)
    PJ97V010  2008 08 27.0931  3.272531  0.333482  133.7182  234.8211   12.1218  20071027   9.0  4.0  P/1997 V1 (Larsen)
    PJ98Q54P  2007 05 12.1954  1.879923  0.552152   30.3393  341.8073   17.7109  20071027  15.0  2.0  P/1998 QP54 (LONEOS-Tucker)
    PJ98U040  2012 04 27.4481  3.858844  0.308928  251.8026  181.6810   31.4851  20071027   8.0  4.0  P/1998 U4 (Spahr)
    PJ98V24S  2008 05 24.7693  3.422534  0.241915  244.3856  159.1891    5.0267  20071027  13.0  2.0  P/1998 VS24 (LINEAR)
    PJ99W07J  2010 02  8.8831  3.183522  0.314272  154.5525  290.5636    2.9762  20071027  14.5  2.0  P/1999 WJ7 (Korlevic)
    PJ99XC0N  2008 11 13.0255  3.303687  0.210503  161.6993  285.4512    5.0263  20071027  13.5  2.0  P/1999 XN120 (Catalina)
    PK00B030  2008 02 26.0328  1.708733  0.574217  130.6385  352.0686   11.1178  20071027  16.0  4.0  P/2000 B3 (LINEAR)
    PK00U060  2008 02  7.3216  2.137900  0.433785   11.7166   24.3424   19.3794  20071027  13.5  4.0  P/2000 U6 (Tichy)
    PK00Y030  2011 12 27.3993  4.007687  0.198312   87.3774  354.6253    2.2535  20071027   9.0  4.0  P/2000 Y3 (Scotti)
    PK01C08V  2008 10 11.3808  2.159697  0.444315  151.6117  359.9031    9.0356  20071027  13.0  4.0  P/2001 CV8 (LINEAR)
    CK01Q040  2004 05 16.0856  0.964852  1.000989    1.2996  210.3103   99.5929  20071027   3.5  4.0  C/2001 Q4 (NEAT)
    PK01R010  2008 08  5.1638  1.345441  0.611636   24.9229   35.3128    7.0324  20071027  14.0  4.0  P/2001 R1 (LONEOS)
    PK01YC7X  2011 08 26.9569  3.428181  0.176353  115.1897   31.0663    7.9182  20071027  14.5  2.0  P/2001 YX127 (LINEAR)
    PK02CD4W  2009 01  5.9097  1.843409  0.488966  190.2674  348.2725   15.2132  20071027  13.0  4.0  P/2002 CW134 (LINEAR)
    CK02J050  2003 09 20.3767  5.738708  1.000318   75.0055  314.0860  117.2609  20071027  11.0  2.0  C/2002 J5 (LINEAR)
    CK02L090  2004 04  6.6608  7.034054  0.999559  231.4780  110.3918   68.4494  20071027   8.5  2.0  C/2002 L9 (NEAT)
    PK02L11Z  2010 03  6.9265  2.365064  0.352263  107.8532  231.1030   11.5227  20071027  11.0  4.0  P/2002 LZ11 (LINEAR)
    PK02O080  2010 06  7.0954  3.217790  0.200503  222.1202   75.4611   12.7890  20071027  11.0  4.0  P/2002 O8 (NEAT)
    CK02T070  2004 04 22.3686  0.618794  1.000454  158.0842   95.1454  160.5268  20071027   4.0  4.0  C/2002 T7 (LINEAR)
    CK02V94Q  2006 02  6.9599  6.797678  0.965166  100.0772   35.0076   70.5233  20071027   9.5  2.0  C/2002 VQ94 (LINEAR)
    CK03A020  2003 11  8.9123 11.431214  1.001469  346.8106  154.5655    8.0693  20071027   3.5  4.0  C/2003 A2 (Gleason)
    PK03C07P  2011 05 18.0814  3.026316  0.246810   42.8064  133.1125   12.3304  20071027  14.5  2.0  P/2003 CP7 (LINEAR-NEAT)
    PK03K02V  2008 05 18.2471  1.060517  0.629913  188.7844   66.3929   25.5532  20071027  16.5  2.0  P/2003 KV2 (LINEAR)
    CK03K040  2004 10 14.0421  1.023302  1.000681  198.4827   18.7031  134.2026  20071027   3.5  4.0  C/2003 K4 (LINEAR)
    PK03Q29X  2002 10 27.6162  4.233408  0.472715   37.2692  264.5146   11.4066  20071027   8.5  4.0  P/2003 QX29 (NEAT)
    CK03T040  2005 04  3.6829  0.851298  1.000536  181.6896   93.8697   86.7980  20071027   6.0  4.0  C/2003 T4 (LINEAR)
    CK03W42T  2006 04 10.7685  5.191530  1.001204   92.4906   48.4447   31.4141  20071027   9.0  2.0  C/2003 WT42 (LINEAR)
    PK04A010  2004 09  7.5806  5.483319  0.311536   21.9577  124.9813   10.5507  20071027   6.5  4.0  P/2004 A1 (LONEOS)
    CK04B010  2006 02  7.7711  1.602672  1.000963  327.9052  272.8064  114.1023  20071027  10.5  2.0  C/2004 B1 (LINEAR)
    CK04D010  2006 02 10.8235  4.975594  1.000141   75.5658   62.2509   45.5393  20071027  11.5  2.0  C/2004 D1 (NEAT)
    PK04D29O  2004 10  3.7961  4.091802  0.442724   41.2283  147.5101   14.4908  20071027  13.5  2.0  P/2004 DO29 (Spacewatch-LINEAR)
    PK04F030  2005 01  5.1475  2.867133  0.286637  176.3565   78.8185   15.9873  20071027   9.0  4.0  P/2004 F3 (NEAT)
    PK04FE0Y  2004 08  5.1375  4.108776  0.167442  239.7453  327.1850    2.1270  20071027  12.5  2.0  P/2004 FY140 (LINEAR)
    CK04K010  2005 07  5.2535  3.399302  0.998764   97.8052  326.9769  153.7476  20071027   7.0  4.0  C/2004 K1 (Catalina)
    CK04L020  2005 11 15.2849  3.778491  0.996025  257.3303   99.1658   62.5275  20071027   7.0  4.0  C/2004 L2 (LINEAR)
    CK04Q020  2005 01 23.9097  1.205150  0.998278   19.5460   93.4637   38.7253  20071027   5.5  4.0  C/2004 Q2 (Machholz)
    CK04T030  2003 04 17.3896  8.865640  1.001734  259.7444   50.3477   71.9640  20071027   2.5  4.0  C/2004 T3 (Siding Spring)
    PK04V050  2005 03  3.7831  4.422720  0.445921   88.1748   47.8555   19.3490  20071027   8.0  4.0  P/2004 V5 (LINEAR-Hill)
    CK05B010  2006 02 23.6116  3.204756  1.000780  103.1851  195.5593   92.5336  20071027   6.5  4.0  C/2005 B1 (Christensen)
    CK05E020  2006 02 23.5517  1.518235  1.000130   39.9543  347.8248   17.0006  20071027   5.5  4.0  C/2005 E2 (McNaught)
    CK05EH3L  2007 03  5.8272  3.886247  1.003317  261.4917  344.8049  130.6784  20071027  11.5  2.0  C/2005 EL173 (LONEOS)
    CK05G010  2006 02 27.6656  4.960733  1.000774  113.8459  299.5790  108.4244  20071027   8.0  4.0  C/2005 G1 (LINEAR)
    PK05JA8D  2005 08 11.2908  4.029657  0.375557   90.4236  224.3006    3.2752  20071027  10.0  4.0  P/2005 JD108 (Catalina-NEAT)
    PK05JC6Y  2006 02 21.4646  2.125675  0.433804  117.6120  207.9758   20.2325  20071027  11.5  4.0  P/2005 JY126 (Catalina)
    CK05K010  2005 11 21.0700  3.694126  1.002200  134.9610  106.3070   77.7580  20071027   7.0  4.0  C/2005 K1 (Skiff)
    PK05L010  2005 12 13.8874  3.144826  0.209169  149.7113  138.3205    7.7353  20071027   9.5  4.0  P/2005 L1 (McNaught)
    CK05L030  2008 01 15.7890  5.593348  1.000719   47.0708  288.7334  139.4448  20071027   4.0  4.0  C/2005 L3 (McNaught)
    CK05Q010  2005 08 24.7778  6.407315  1.002683   44.6491   87.7476  105.1957  20071027   6.0  4.0  C/2005 Q1 (LINEAR)
    PK05R020  2005 02 10.5077  2.126141  0.379394    3.0981  312.6985   10.2408  20071027  10.5  4.0  P/2005 R2 (Van Ness)
    CK05R040  2006 03  7.5052  5.187252  0.996838    6.8321   63.7718  164.0137  20071027   7.0  4.0  C/2005 R4 (LINEAR)
    PK05R25V  2006 11  6.7117  3.607468  0.166172  191.6025  246.9266    9.8832  20071027   9.5  4.0  P/2005 RV25 (LONEOS-Christensen)
    PK05S020  2006 06 27.5241  6.397758  0.197274  229.7378  161.2471    3.1404  20071027   7.5  4.0  P/2005 S2 (Skiff)
    CK05S040  2007 07 18.8517  5.850160  0.998953   31.4744  318.2909  107.9596  20071027   5.0  4.0  C/2005 S4 (McNaught)
    PK05SL6B  2007 02 11.2148  3.818238  0.463223   83.5593    1.6880   24.0993  20071027  12.0  2.0  P/2005 SB216 (LONEOS)
    PK05T030  2006 01 13.3583  6.202302  0.173821    8.2296   27.9947    6.2616             9.0  4.0  P/2005 T3 (Read)
    CK05Y00W  2006 12  7.9163  1.993363  0.989996  234.6826  302.1822   40.5641  20071027  10.0  4.0  C/2005 YW (LINEAR)
    PK05Y020  2004 12 28.7179  3.356560  0.467220  194.7210   94.5941   19.1789  20071027   9.0  4.0  P/2005 Y2 (McNaught)
    CK06A010  2006 02 22.1715  0.556048  0.999826  351.2186  211.3706   92.7094  20071027   9.0  3.2  C/2006 A1 (Pojmanski)
    CK06E010  2007 01  7.0194  6.040641  1.001939  232.8285   95.0330   83.1936  20071027   6.0  4.0  C/2006 E1 (McNaught)
    PK06F010  2008 02 19.2950  4.119464  0.121490  186.8013  124.7579   21.2627  20071027   8.0  4.0  P/2006 F1 (Kowalski)
    PK06H30R  2007 01  2.2688  1.226252  0.843037  117.4001  309.9525   31.8860  20071027  11.0  4.0  P/2006 HR30 (Siding Spring)
    CK06K010  2007 07 20.5801  4.425491  1.001681  296.4456   72.1158   53.8765  20071027   7.5  4.0  C/2006 K1 (McNaught)
    CK06K030  2007 03 13.3461  2.501357  1.000925  328.0686   49.4020   92.6164  20071027   8.0  4.0  C/2006 K3 (McNaught)
    CK06K040  2007 11 29.3278  3.188571  0.998055  233.6117  116.6024  111.3435  20071027   6.0  4.0  C/2006 K4 (NEAT)
    CK06L020  2006 11 20.2355  1.994189  1.001040   48.0503  239.2486  101.0199  20071027   9.0  4.0  C/2006 L2 (McNaught)
    CK06M010  2007 02 13.9454  3.556205  0.977343  122.8954  231.6165   54.8742  20071027   8.5  4.0  C/2006 M1 (LINEAR)
    CK06M040  2006 09 28.6922  0.783051  1.000054   62.5891  148.7273  111.8223  20071027   8.5  4.0  C/2006 M4 (SWAN)
    CK06O02F  2008 09 15.7002  2.431667  1.000599   95.6068  318.5095   30.1700  20071027   5.5  4.0  C/2006 OF2 (Broughton)
    CK06P010  2007 01 12.7716  0.170959  0.999999  155.9923  267.4085   77.8422  20071027   6.0  4.0  C/2006 P1 (McNaught)
    CK06Q010  2008 07  3.8154  2.763723  0.999975  344.3696  199.5504   59.0437  20071027   5.0  4.0  C/2006 Q1 (McNaught)
    PK06R020  2006 06 15.4796  3.039465  0.271164  188.9302  139.1422   16.3152  20071027  11.0  4.0  P/2006 R2 (Christensen)
    CK06S020  2007 05  7.3488  3.161432  1.002063  166.3423  113.8886   98.9751  20071027  10.0  4.0  C/2006 S2 (LINEAR)
    CK06S030  2012 04 17.3239  5.146154  0.999700  139.9791   38.3464  166.0332  20071027   2.0  4.0  C/2006 S3 (LONEOS)
    PK06S040  2006 06  1.7944  3.068168  0.508472  305.7347   36.1338   39.6254  20071027  11.0  4.0  P/2006 S4 (Christensen)
    CK06S050  2007 12  9.7517  2.630421  0.973017  182.1101  281.5630   10.1314  20071027   8.0  4.0  C/2006 S5 (Hill)
    PK06T010  2006 10  7.4184  0.990965  0.671926  179.5492  279.7798   18.3287  20071027  10.5  4.0  P/2006 T1 (Levy)
    PK06U050  2007 01 18.8293  2.325785  0.340881   98.3695    5.0928    3.4307  20071027  12.5  4.0  P/2006 U5 (Christensen)
    CK06U060  2008 06  5.4600  2.498368  0.998721  276.5945  180.1877   84.8793  20071027   8.0  4.0  C/2006 U6 (Spacewatch)
    CK06U070  2007 03 28.8973  4.423228  0.631419   13.0244   57.7603    7.2267  20071027  11.0  4.0  C/2006 U7 (Gibbs)
    CK06V010  2007 11 26.5532  2.674926  0.989543  253.4092  335.7234   31.1193  20071027   8.0  4.0  C/2006 V1 (Catalina)
    CK06V13Z  2007 08 10.8895  1.015240  1.000249  174.1144   66.0275  134.7932  20071027  10.5  4.0  C/2006 VZ13 (LINEAR)
    CK06W030  2009 07  6.4687  3.127068  1.000349  133.4758  113.5662  127.0715  20071027   5.0  4.0  C/2006 W3 (Christensen)
    CK06X010  2006 03  5.9362  6.126114  1.000681  101.2960  255.2421   42.6178  20071027   7.0  4.0  C/2006 X1 (LINEAR)
    CK06X01A  2007 07 21.9017  1.804364  0.992627  187.4207  318.6624   30.6306  20071027  10.0  4.0  C/2006 XA1 (LINEAR)
    CK06Y00C  2006 09 11.5769  4.947741  0.999900  335.4945  154.2894   69.5746  20071027   8.0  4.0  C/2006 YC (Catalina-Christensen)
    CK07B020  2008 08 20.8107  2.975122  0.996070  205.9856   14.8721   27.4931  20071027   6.0  4.0  C/2007 B2 (Skiff)
    PK07C020  2007 09  4.6339  3.779471  0.462311  179.4645  276.1182    8.6745  20071027  10.0  4.0  P/2007 C2 (Catalina)
    CK07D010  2007 06 19.4187  8.793610  1.001488  340.1622  171.0921   41.4653  20071027   3.5  4.0  C/2007 D1 (LINEAR)
    CK07D030  2007 05 27.6980  5.208973  0.991974  309.0937  148.4297   45.9198  20071027   7.5  4.0  C/2007 D3 (LINEAR)
    CK07E010  2007 05 23.8294  1.285811  0.980275    7.1019  153.8294  174.3941  20071027  12.5  4.0  C/2007 E1 (Garradd)
    CK07E020  2007 03 27.4979  1.092984  0.999231  340.5362  232.4338   95.8842  20071027   9.5  4.0  C/2007 E2 (Lovejoy)
    CK07F010  2007 10 28.7593  0.402402  1.000065  153.7062  172.8884  116.0851  20071027  10.0  4.0  C/2007 F1 (LONEOS)
    CK07G010  2008 11 16.5168  2.645728  1.001135  224.0428   78.9894   88.3626  20071027   5.5  4.0  C/2007 G1 (LINEAR)
    PK07H010  2007 08 17.6618  2.281031  0.378107  202.6169  144.3758   11.8740  20071027  10.0  4.0  P/2007 H1 (McNaught)
    PK07H030  2007 08 15.3000  1.829276  0.477522  350.1332  263.6575   25.2163  20071027  14.0  4.0  P/2007 H3 (Garradd)
    CK07J21A  2006 11 14.8891  5.369280  1.001535   93.7614   65.5250   89.8394  20071027   8.0  4.0  C/2007 JA21 (LINEAR)
    CK07K010  2007 05  9.4211  9.238945  0.978284   52.0559  294.6540  108.4284  20071027   6.0  4.0  C/2007 K1 (Lemmon)
    CK07K030  2008 04 21.7676  2.050713  1.000740   23.6034  263.2575   16.3003  20071027   9.5  4.0  C/2007 K3 (Siding Spring)
    CK07K040  2007 05  3.4810  3.527055  1.002154  162.3658   68.5160   98.5998  20071027  10.5  4.0  C/2007 K4 (Gibbs)
    CK07K060  2007 07  1.4998  3.433021  0.984856  337.1444  298.0741  105.0720  20071027  11.0  4.0  C/2007 K6 (McNaught)
    CK07M010  2008 08 11.0727  7.474036  0.998111   52.6060  326.8069  139.7253  20071027   6.0  4.0  C/2007 M1 (McNaught)
    CK07M020  2008 12  8.5730  3.541015  0.999232  220.6695  357.2845   80.9379  20071027   8.0  4.0  C/2007 M2 (Catalina)
    CK07M030  2007 09  4.5320  3.468731  0.980415  125.7383   41.6411  161.7553  20071027   9.5  4.0  C/2007 M3 (LINEAR)
    CK07N030  2009 01 10.6577  1.209265  0.999581  136.9164  338.4791  178.3704  20071027   6.5  4.0  C/2007 N3 (Lulin)
    CK07O010  2007 06  3.2455  2.876674  1.004348  159.3898  116.2338   24.3846  20071027  10.0  4.0  C/2007 O1 (LINEAR)
    CK07Q010  2006 12 10.844   2.97763   1.00000   281.837     5.932    81.871             10.5  4.0  C/2007 Q1 (Garradd)
    PK07Q020  2007 08 23.8861  1.839028  0.671227  163.1530  172.2491   10.2384  20071027  16.0  4.0  P/2007 Q2 (Gilmore)
    CK07Q030  2009 10  7.3765  2.250336  0.999771    2.1312  149.4364   65.6527  20071027   4.5  4.0  C/2007 Q3 (Siding Spring)
    PK07R010  2007 08 25.7344  4.351241  0.277833  175.3821  181.6663    7.8717  20071027   8.0  4.0  P/2007 R1 (Larson)
    PK07R020  2007 08 26.6747  1.465824  0.573760  353.0475    8.8227    1.4340  20071027  17.0  4.0  P/2007 R2 (Gibbs)
    PK07R030  2007 07  6.2927  2.500088  0.416270  312.0987   30.0726    3.8033  20071027  13.5  4.0  P/2007 R3 (Gibbs)
    PK07R040  2007 09 27.2947  1.921387  0.671432  282.8762   87.5010   20.2260  20071027  14.5  4.0  P/2007 R4 (Garradd)
    PK07S010  2007 12  6.7033  2.494380  0.343312  245.3891  141.6164    5.9725            13.0  4.0  P/2007 S1 (Zhao)
    CK07S020  2008 09 14.9832  5.557517  0.556912  210.4781  296.2527   16.8631  20071027   6.5  4.0  C/2007 S2 (Lemmon)
    CK07T010  2007 12 12.520   0.96882   1.00000   233.728   111.429   117.646             10.5  4.0  C/2007 T1 (McNaught)
    PK07T020  2007 09 19.0228  0.695882  0.774849  358.5527    3.9964    9.8952  20071027  18.5  4.0  P/2007 T2 (Kowalski)
    PK07T040  2007 07 20.3414  2.005990  0.614168   42.3664   37.1654   23.8690            13.0  4.0  P/2007 T4 (Gibbs)
    CK07T050  2008 05 24.2130  4.049258  0.913664   34.4134  109.8427   45.6144  20071027   8.0  4.0  C/2007 T5 (Gibbs)
    PK07T060  2007 08 19.6577  2.232266  0.503074  335.8654  102.6340   22.1511  20071027  12.5  4.0  P/2007 T6 (Catalina)
    CK07U010  2008 08  7.2512  3.329068  0.999654    0.9573   50.0516  157.7858  20071027   9.0  4.0  C/2007 U1 (LINEAR)
    PK07V010  2007 12  8.5058  2.676639  0.461148   51.4505    8.1869   10.7895  20071027  12.0  4.0  P/2007 V1 (Larson)
    PK07V020  2007 07 30.9544  2.774824  0.317855  278.5338   99.8674    2.4707  20071027  13.0  4.0  P/2007 V2 (Hill)
    CK07W010  2008 06 24.971   0.85070   1.00000   306.519   334.528     9.885              9.5  4.0  C/2007 W1 (Boattini)
    CK07W030  2008 06  2.797   1.77714   1.00000   112.608    73.070    78.675             12.0  4.0  C/2007 W3 (LINEAR)
    CK07Y010  2008 03 29.187   3.28957   1.00000   359.744   132.964   110.230             10.5  4.0  C/2007 Y1 (LINEAR)
