    CJ95O010  1997 03 31.0802  0.908720  0.994933  130.5601  282.2358   89.4979  20120314  -2.0  4.0  C/1995 O1 (Hale-Bopp)                                    MPC 75007
    PJ96A010  2014 11 18.8288  4.077199  0.437480  223.6822  248.7745    6.6160  20120314   7.0  4.0  P/1996 A1 (Jedicke)                                      MPC 75703
    PJ96R020  2011 10 16.7361  2.611500  0.311194  333.8966   40.1990    2.6025  20120314  11.5  4.0  P/1996 R2 (Lagerkvist)                                   NK   1615
    PJ97C010  2013 07 10.4344  3.599859  0.471175  211.1716  225.3133    2.8579  20120314   8.0  4.0  P/1997 C1 (Gehrels)                                      MPC 75703
    PJ97T030  2015 05  6.7099  4.229723  0.364846  333.7944   63.1580    4.8472  20120314  13.0  2.0  P/1997 T3 (Lagerkvist-Carsenty)                          MPC 35205
    PJ98U030  2014 03 14.9123  2.155332  0.647811  180.8152  303.4513   19.0543  20120314   6.5  4.0  P/1998 U3 (Jager)                                        MPC 75703
    PJ98V24S  2008 05 28.5340  3.426315  0.243131  244.8976  159.1511    5.0248  20120314  13.0  2.0  P/1998 VS24 (LINEAR)                                     MPC 75703
    PJ98Y020  2014 02  3.7609  2.524175  0.587994  318.9734   91.8587   24.3540  20120314   9.5  4.0  P/1998 Y2 (Li)                                           MPC 34421
    PJ99XC0N  2008 11 13.4943  3.299361  0.212159  161.6686  285.3516    5.0264  20120314  13.5  2.0  P/1999 XN120 (Catalina)                                  MPC 75704
    CK02V94Q  2006 02  6.7040  6.786768  0.964323   99.9741   34.9940   70.6236  20120314   9.5  2.0  C/2002 VQ94 (LINEAR)                                     MPC 75007
    PK03O020  2012 06 10.7695  1.498937  0.646878   32.8557  344.7411   14.6905  20120314  14.5  4.0  P/2003 O2 (LINEAR)                                       MPC 75290
    PK03T120  2012 01 26.4500  0.574779  0.776232  217.6703  176.4719   11.4745  20120203  17.0  4.0  P/2003 T12 (SOHO)                                        MPEC 2012-E18
    PK04A010  2004 09  2.5342  5.466357  0.311162   21.4891  124.9491   10.5626  20120314   6.5  4.0  P/2004 A1 (LONEOS)                                       MPC 60921
    PK04F010  2013 02 27.5226  2.416842  0.457245   27.7322  109.5669   18.0792  20120314  16.0  2.0  P/2004 F1 (NEAT)                                         MPC 75705
    PK04FE0Y  2015 07 10.9692  4.090959  0.169549  239.5368  327.0131    2.1273  20120314  12.5  2.0  P/2004 FY140 (LINEAR)                                    MPC 54823
    PK04H030  2011 11 23.2343  2.450215  0.372599  346.4730  220.9468   25.1285  20120314  13.0  4.0  P/2004 H3 (Larsen)                                       MPC 52318
    PK04R030  2011 11 28.4667  2.132496  0.442827    5.5712  318.7245    7.9740  20120314  14.5  4.0  P/2004 R3 (LINEAR-NEAT)                                  MPC 53304
    PK04T010  2011 04 24.8197  1.707937  0.507869  336.3974   51.4400   11.0453  20120314  12.5  4.0  P/2004 T1 (LINEAR-NEAT)                                  CCO    17
    PK05J00N  2012 01  5.7504  2.285928  0.347572  153.5341   70.7897    8.8506  20120314  14.0  4.0  P/2005 JN (Spacewatch)                                   MPC 75290
    PK05J010  2012 01 15.7549  1.537051  0.569808  338.9721  268.8047   31.7344  20120314  16.5  4.0  P/2005 J1 (McNaught)                                     unp
    PK05JC6Y  2013 06  4.3491  2.128776  0.433116  117.8022  207.8741   20.2466  20120314  11.5  4.0  P/2005 JY126 (Catalina)                                  MPC 69904
    PK05K030  2012 09 12.7242  1.497204  0.593495   15.6836  351.9635   15.7357  20120314  13.5  4.0  P/2005 K3 (McNaught)                                     MPC 75290
    PK05L010  2013 11 25.2886  3.157743  0.207701  149.9020  138.2897    7.7314  20120314   9.5  4.0  P/2005 L1 (McNaught)                                     MPC 74246
    CK05L030  2008 01 16.7070  5.588665  1.000996   47.1743  288.8245  139.4155  20120314   4.0  4.0  C/2005 L3 (McNaught)                                     MPEC 2012-D09
    PK05R25V  2015 10 25.4071  3.589046  0.168159  191.1948  246.8781    9.8972  20120314   9.5  4.0  P/2005 RV25 (LONEOS-Christensen)                         MPC 55978
    PK05S020  2006 07  9.6011  6.413133  0.198751  230.5890  161.2032    3.1405  20120314   7.5  4.0  P/2005 S2 (Skiff)                                        MPC 75706
    PK05SL6B  2007 02 12.6556  3.798146  0.465047   83.2804    1.6431   24.1023  20120314  12.0  2.0  P/2005 SB216 (LONEOS)                                    MPC 75706
    PK06F010  2008 02 14.8904  4.123379  0.117749  186.4893  124.7572   21.2752  20120314   8.0  4.0  P/2006 F1 (Kowalski)                                     MPC 75707
    CK06O02F  2008 09 16.1555  2.434461  1.002387   95.7610  318.4405   30.1144  20120314   5.5  4.0  C/2006 OF2 (Broughton)                                   MPC 72849
    CK06Q010  2008 07  3.4403  2.756849  0.998080  344.2269  199.5599   59.0571  20120314   5.0  4.0  C/2006 Q1 (McNaught)                                     MPC 72849
    CK06S030  2012 04 16.3713  5.131010  1.003396  140.1338   38.3692  166.0328  20120314   2.0  4.0  C/2006 S3 (LONEOS)                                       MPEC 2012-D59
    CK06W030  2009 07  6.7658  3.127618  1.000315  133.5777  113.6221  127.0769  20120314   5.0  4.0  C/2006 W3 (Christensen)                                  MPC 77016
    CK07D010  2007 06 13.3975  8.778757  0.993759  339.8814  171.0654   41.5285  20120314   3.5  4.0  C/2007 D1 (LINEAR)                                       MPC 77804
    CK07G010  2008 11 15.7351  2.647931  1.000814  223.9723   79.0291   88.2785  20120314   5.5  4.0  C/2007 G1 (LINEAR)                                       MPC 66464
    PK07H010  2014 09  2.3423  2.286882  0.377528  202.8590  144.3369   11.8646  20120314  10.0  4.0  P/2007 H1 (McNaught)                                     MPC 62270
    CK07Q030  2009 10  7.1315  2.249267  0.999561    2.0318  149.3714   65.6637  20120314   4.5  4.0  C/2007 Q3 (Siding Spring)                                MPC 78183
    PK07R010  2007 08 26.4260  4.366603  0.277817  175.6676  181.6406    7.8734  20120314   8.0  4.0  P/2007 R1 (Larson)                                       MPC 75514
    CK07S020  2008 09 12.3517  5.549130  0.556357  210.3086  296.1146   16.8611  20120314   6.5  4.0  C/2007 S2 (Lemmon)                                       MPC 75007
    CK07V53O  2010 04 26.9569  4.843421  1.000993   75.0741   59.7158   86.9992  20120314   7.0  4.0  C/2007 VO53 (Spacewatch)                                 MPC 76567
    PK08C94L  2006 06 18.9488  5.409237  0.120737   80.7817   33.4519    8.3556  20120314   8.0  4.0  P/2008 CL94 (Lemmon)                                     MPC 75708
    CK08E010  2008 08 14.5462  4.829594  0.551250  270.1641  188.9977   35.0254  20120314   7.0  4.0  C/2008 E1 (Catalina)                                     MPC 64113
    CK08F75K  2010 09 29.5369  4.512732  1.001965   80.4777  218.2691   61.1763  20120314   5.0  4.0  C/2008 FK75 (Lemmon-Siding Spring)                       MPEC 2012-D59
    PK08J020  2014 08 30.2792  2.363499  0.316379  131.5004   97.7343   10.2991  20120314   9.0  4.0  P/2008 J2 (Beshore)                                      MPC 75709
    PK08O020  2009 04 21.6852  3.807890  0.151750   27.5889  325.8627    9.5174  20120314   9.0  4.0  P/2008 O2 (McNaught)                                     MPC 75709
    CK08P010  2009 07 23.2307  3.900739  1.001248   11.9551  357.6972   64.3112  20120314   7.0  4.0  C/2008 P1 (Garradd)                                      MPC 73914
    CK08S030  2011 06  8.7287  8.018559  1.000712   40.0517   54.9467  162.7057  20120314   4.0  4.0  C/2008 S3 (Boattini)                                     MPEC 2012-E18
    CK08T020  2009 06 13.1064  1.201205  0.999651  215.8361  309.6703   56.3597  20120314   6.0  4.0  C/2008 T2 (Cardinal)                                     MPC 66921
    CK09F020  2009 11 13.2635  5.871350  0.982312  336.2535  214.0582   59.3802  20120314   6.0  4.0  C/2009 F2 (McNaught)                                     MPC 75710
    CK09F040  2011 12 31.9261  5.454728  1.001269  260.3879   53.5845   79.3474  20120314   3.0  4.0  C/2009 F4 (McNaught)                                     MPEC 2012-D59
    CK09F060  2009 05  7.2514  1.275101  0.997369  129.7839  278.5784   85.7442  20120314   6.0  4.0  C/2009 F6 (Yi-SWAN)                                      MPC 72850
    CK09K030  2011 01  9.266   3.90156   1.00000   251.413     0.032   146.680              8.5  4.0  C/2009 K3 (Beshore)                                      MPC 66205
    CK09K050  2010 04 29.7316  1.422926  1.000169   66.1572  257.8612  103.8973  20120314   7.5  4.0  C/2009 K5 (McNaught)                                     MPC 77017
    CK09P010  2011 12 23.6767  1.550544  1.001053   90.7481  325.9988  106.1768  20120314   4.0  4.0  C/2009 P1 (Garradd)                                      MPEC 2012-E18
    CK09P020  2010 02 12.9704  6.547106  1.001685   76.3297   60.4637  163.4598  20120314   6.0  4.0  C/2009 P2 (Boattini)                                     MPC 76024
    CK09R010  2010 07  2.6784  0.404586  1.000275  130.6929  322.5469   77.0438  20120314   8.0  4.0  C/2009 R1 (McNaught)                                     MPC 69905
    CK09S030  2011 12 11.4887  6.474652  1.001476  129.7813  225.1320   60.3851  20120314   6.5  4.0  C/2009 S3 (Lemmon)                                       MPC 78184
    PK09SS0K  2009 05 26.6180  4.203498  0.119552  328.6391   36.4121   16.8072  20120314  11.0  4.0  P/2009 SK280 (Spacewatch-Hill)                           MPC 78184
    CK09T010  2009 10  8.6538  6.225766  0.996584  282.6164   54.4139   89.8913  20120314   6.5  4.0  C/2009 T1 (McNaught)                                     MPC 76567
    CK09U050  2010 06 22.3681  6.093746  1.001509   23.8276  121.1267   25.4565  20120314   7.0  4.0  C/2009 U5 (Grauer)                                       MPC 74636
    CK09U89G  2010 12 16.2916  3.930886  1.008551   60.6642  321.0283  130.0966  20120314   9.0  4.0  C/2009 UG89 (Lemmon)                                     MPEC 2012-E18
    CK09W020  2010 05  3.4687  6.913402  0.997172  121.5085  199.5944  164.4838  20120314   7.0  4.0  C/2009 W2 (Boattini)                                     MPC 72851
    CK09Y010  2011 01 28.8770  2.520826  0.993168  127.3986  160.2817  107.3051  20120314   9.0  4.0  C/2009 Y1 (Catalina)                                     MPC 78184
    CK10B010  2011 02  7.1308  2.942029  0.998894  211.5462  277.2086  101.9769  20120314   7.5  4.0  C/2010 B1 (Cardinal)                                     MPEC 2012-D59
    CK10D030  2010 09  3.9229  4.246672  0.999833  304.6370  255.2304   76.4132  20120314   9.0  4.0  C/2010 D3 (WISE)                                         MPC 76025
    CK10D040  2009 03 30.2438  7.146689  0.888727   44.4635  266.8305  105.6598  20120314   6.5  4.0  C/2010 D4 (WISE)                                         MPC 76025
    CK10F030  2010 08  3.7226  5.444714  0.912726   31.1813  157.3940    4.6472  20120314   8.5  4.0  C/2010 F3 (Scotti)                                       MPC 75292
    CK10F87B  2010 11  7.3242  2.843429  0.990089  265.0337   89.9027  107.6272  20120314  10.0  4.0  C/2010 FB87 (WISE-Garradd)                               MPEC 2012-E18
    CK10G020  2011 09  2.0402  1.980562  0.979561  137.4167  246.7828  103.7560  20120314   8.0  4.0  C/2010 G2 (Hill)                                         MPEC 2012-E18
    CK10G030  2010 04 11.1237  4.907518  0.998631   75.2100  313.7459  108.2500  20120314   8.5  4.0  C/2010 G3 (WISE)                                         MPC 75292
    PK10H020  2010 03  7.8208  3.105658  0.192470  129.8170   64.3114   14.2572  20120314   6.0  4.0  P/2010 H2 (Vales)                                        MPC 72851
    PK10H050  2010 04 11.1622  6.023288  0.155515  174.6650   24.8965   14.0882  20120314  13.0  2.0  P/2010 H5 (Scotti)                                       MPC 74637
    CK10J020  2010 06  4.0284  3.387423  0.999816    4.6594  311.8215  125.8564  20120314   9.0  4.0  C/2010 J2 (McNaught)                                     MPC 75712
    PK10J050  2009 11  2.8592  3.747624  0.086816  149.8726   65.6711    7.3564  20120314  10.0  4.0  P/2010 J5 (McNaught)                                     MPC 76025
    PK10J81C  2011 04 26.5584  1.811080  0.777393   12.5814   30.7695   38.6900  20120314   9.0  4.0  P/2010 JC81 (WISE)                                       MPEC 2012-E18
    CK10L030  2010 11 10.1352  9.882410  1.001218  121.7515   38.2693  102.6356  20120314   4.5  4.0  C/2010 L3 (Catalina)                                     MPC 75712
    CK10M010  2012 02  7.840   2.29869   1.00000   265.318    82.150    78.373              9.0  4.0  C/2010 M1 (Gibbs)                                        MPC 70817
    CK10R010  2012 05 18.9664  5.621381  1.003714  114.5004  343.6454  156.9340  20120314   6.0  4.0  C/2010 R1 (LINEAR)                                       MPEC 2012-D59
    PK10R020  2010 06 23.4958  2.619178  0.153737   59.0419  270.6490   21.4174  20120314  13.0  4.0  P/2010 R2 (La Sagra)                                     MPC 77404
    CK10S010  2013 05 20.3050  5.900350  1.000610  118.6101   93.4364  125.3351  20120314   3.5  4.0  C/2010 S1 (LINEAR)                                       MPEC 2012-D59
    PK10T020  2011 07 10.7831  3.752845  0.318421  356.1340   59.5943    8.0279  20120314  11.5  4.0  P/2010 T2 (PANSTARRS)                                    MPC 74248
    PK10T20O  2008 10 23.6149  5.181017  0.081350  256.6501   44.1501    2.5945  20120203   9.0  4.0  P/2010 TO20 (LINEAR-Grauer)                              MPEC 2012-D09
    PK10U010  2010 03 25.8204  4.903886  0.257149   88.9664  281.2495    8.2656  20120314   9.5  4.0  P/2010 U1 (Boattini)                                     MPC 77805
    PK10U020  2010 11  9.4117  2.553738  0.402477   44.2879  357.1526   16.8594  20120314  13.0  4.0  P/2010 U2 (Hill)                                         MPC 74249
    CK10U030  2019 03  2.4518  8.478684  0.998924   87.9069   43.0319   55.4127  20120314   1.0  4.0  C/2010 U3 (Boattini)                                     MPC 77805
    PK10U55H  2011 05 10.3605  2.767967  0.575137  221.6177  235.2647    8.6626  20110429  11.0  4.0  P/2010 UH55 (Spacewatch)                                 MPEC 2012-E18
    PK10V010  2010 10 13.0944  1.576500  0.486346  152.2462    3.7943    9.3797  20120314   8.0  4.0  P/2010 V1 (Ikeya-Murakami)                               MPC 74249
    PK10W00K  2010 10 19.8282  1.766245  0.692144   40.8976   11.4932   11.4771  20120314  14.5  2.0  P/2010 WK (LINEAR)                                       MPC 75009
    CK10X010  2011 09 10.7314  0.482168  1.000009  343.8400  323.1724    1.8397  20120314  10.0  4.0  C/2010 X1 (Elenin)                                       MPC 76025
    CK11A030  2011 12 16.0818  2.344862  0.997696  141.1626  124.8895   26.0760  20120314  10.0  4.0  C/2011 A3 (Gibbs)                                        MPC 78185
    PK11C020  2012 01  9.3488  5.386888  0.269512  160.6974   12.2065   10.9093  20120314   9.0  4.0  P/2011 C2 (Gibbs)                                        MPEC 2012-E18
    CK11F010  2013 01  8.0559  1.818804  0.999997  192.5696   85.1172   56.6104  20120314   5.0  4.0  C/2011 F1 (LINEAR)                                       MPEC 2012-E18
    CK11G010  2011 09 16.4104  2.155316  1.001061  354.5510  152.5898  162.2340  20120314  12.0  4.0  C/2011 G1 (McNaught)                                     MPEC 2012-E18
    CK11J020  2013 12 25.7164  3.448398  1.000057   85.2169  163.9376  122.8257  20120314   6.0  4.0  C/2011 J2 (LINEAR)                                       MPEC 2012-E18
    PK11J15B  2012 01 23.1126  5.016584  0.318785  111.1126  153.7372   19.1418  20120314   9.0  4.0  P/2011 JB15 (Spacewatch-Boattini)                        MPC 78185
    CK11L010  2010 12 18.2839  2.241669  0.796900  294.4457  252.3665   65.5216  20120314  11.0  4.0  C/2011 L1 (McNaught)                                     MPC 76569
    CK11L020  2011 11  1.2827  1.943388  1.001700  257.0351  131.3501  104.2564  20120314  12.5  4.0  C/2011 L2 (McNaught)                                     MPEC 2012-D09
    CK11L030  2011 08 10.5040  1.923914  1.000093   27.7323  307.7582   87.1156  20120314  12.5  4.0  C/2011 L3 (McNaught)                                     MPC 77405
    CK11L040  2013 03 11.0372  0.301815  0.999873  333.6690   65.6475   84.4570  20120314   5.5  4.0  C/2011 L4 (PANSTARRS)                                    MPEC 2012-D59
    CK11M010  2011 09  7.5790  0.895651  1.002430  119.5845  324.7904   70.1797  20120314  12.0  4.0  C/2011 M1 (LINEAR)                                       MPC 75714
    PK11N010  2012 05 31.2187  2.857505  0.545653  331.0699   77.6573   35.6680  20120314  11.5  4.0  P/2011 N1 (ASH)                                          MPC 78185
    CK11N020  2011 10 18.6781  2.563940  0.998228  357.0085  274.0149   33.6811  20120314  11.5  4.0  C/2011 N2 (McNaught)                                     MPC 76569
    CK11O010  2012 08 18.4735  3.890547  0.996815  232.3847   89.8168   76.4985  20120821   7.0  4.0  C/2011 O1 (LINEAR)                                       MPC 77405
    PK11P010  2010 07 18.3135  4.970315  0.345120  344.1989    7.9198    5.8937  20120203   9.0  4.0  P/2011 P1 (McNaught)                                     MPC 78186
    CK11P020  2010 09 18.5709  6.162854  0.365318   76.9020  203.9822    8.9928  20120314   8.5  4.0  C/2011 P2 (PANSTARRS)                                    MPC 76026
    CK11Q020  2012 01 19.7946  1.349615  1.000000   34.6288  287.3685   36.8670            10.0  4.0  C/2011 Q2 (McNaught)                                     MPC 77018
    PK11Q030  2011 08 14.2961  2.367837  0.531408  310.2264   35.3169    6.0523  20110827  13.5  4.0  P/2011 Q3 (McNaught)                                     MPC 77806
    CK11Q040  2011 09 21.0826  1.112214  0.974151    1.8800  252.0863  147.8429  20111006  12.5  4.0  C/2011 Q4 (SWAN)                                         MPEC 2012-E18
    CK11R010  2012 10 19.6195  2.079547  1.000701  308.8619  221.4080  116.1967  20120930   6.5  4.0  C/2011 R1 (McNaught)                                     MPEC 2012-D09
    PK11R030  2012 04  2.9734  3.557905  0.267053  225.1692  190.6211   19.2441  20120314  11.0  4.0  P/2011 R3 (Novichonok-Gerke)                             MPEC 2012-D09
    CK11S020  2011 10 26.3473  1.115109  0.931574  192.1895  288.0698   17.5725  20111115  15.5  4.0  C/2011 S2 (Kowalski)                                     MPC 78186
    PK11U010  2003 12 21.1448  2.548339  0.393294  348.5282  137.1018   15.7079  20031227  14.5  4.0  P/2011 U1 (PANSTARRS)                                    MPC 78186
    PK11U020  2012 05  7.4599  4.837584  0.110855  157.7307  266.6893    9.6309  20120423  10.0  4.0  P/2011 U2 (Bressi)                                       MPC 78186
    CK11U030  2012 06  3.9322  1.071354  1.000004  287.8423  228.3798  116.7802  20120602  14.0  4.0  C/2011 U3 (PANSTARRS)                                    MPC 78186
    PK11UD4A  2011 12  7.2000  2.051426  0.632567   32.3262   40.6365   10.5387  20111225  17.5  4.0  P/2011 UA134 (Spacewatch-PANSTARRS)                      MPEC 2012-D09
    CK11UU5F  2012 07 22.1640  2.138200  1.000628  121.9928  297.4356   93.9604  20120712   9.0  4.0  C/2011 UF305 (LINEAR)                                    MPEC 2012-D59
    PK11V05J  2011 12  8.7041  1.506399  0.557252  315.1274  169.9976    3.9728  20111225  17.5  4.0  P/2011 VJ5 (Lemmon)                                      MPEC 2012-E18
    PK11W010  2012 01 22.6949  3.311889  0.288578  282.4930  161.8932    3.7185  20120203  11.5  4.0  P/2011 W1 (PANSTARRS)                                    MPEC 2012-D59
    PK11W020  2011 11  6.1881  2.303076  0.393752  221.0581  232.0180   13.7740  20111115  13.0  4.0  P/2011 W2 (Rinner)                                       MPEC 2012-D59
    CK11W030  2011 12 16.0121  0.005556  0.999928   53.6228  326.5346  134.4095  20111225  14.5  4.0  C/2011 W3 (Lovejoy)                                      MPC 77807
    PK11Y020  2012 03 21.6916  1.787195  0.712721  131.1920  310.0095    6.3517  20120314  15.0  4.0  P/2011 Y2 (Boattini)                                     MPEC 2012-D59
    CK11Y030  2011 08 22.8645  3.497619  0.705468  340.6608   84.8042   26.5127  20110827   8.0  4.0  C/2011 Y3 (Boattini)                                     MPEC 2012-D59
    CK12A010  2013 12  3.8438  7.593316  1.002959  192.0958  277.9820  120.8946  20131214   6.0  4.0  C/2012 A1 (PANSTARRS)                                    MPEC 2012-E18
    CK12A020  2012 11  5.0938  3.537497  0.996303  101.6691  191.4038  125.8685  20121109   8.5  4.0  C/2012 A2 (LINEAR)                                       MPEC 2012-E18
    PK12A030  2012 01 26.4619  0.574937  0.776170  217.6784  176.4822   11.4801  20120203  17.0  4.0  P/2012 A3 (SOHO)                                         MPC 78183
    PK12B010  2013 07 23.2375  3.825743  0.410573  162.1872   36.1860    7.6273  20130707   9.0  4.0  P/2012 B1 (PANSTARRS)                                    MPEC 2012-E18
    CK12B030  2011 12  6.8428  3.536302  1.000735   50.7357  252.9997  106.9341  20111225  10.0  4.0  C/2012 B3 (La Sagra)                                     MPEC 2012-E18
    CK12B98J  2012 09 20.5728  2.156874  0.873689   72.9873  124.0286    2.6390  20120930  12.5  4.0  C/2012 BJ98                                              MPEC 2012-E18
    CK12C010  2013 02  2.7911  4.853358  1.000000  279.6036  300.7716   96.3663             7.5  4.0  C/2012 C1 (McNaught)                                     MPEC 2012-D59
    CK12C020  2012 03 12.7338  0.801306  1.000000   62.8139  118.0125  162.7790            17.0  4.0  C/2012 C2 (Bruenjes)                                     MPEC 2012-E18
    PK12C030  2011 10  6.7469  3.605925  0.630111  344.9542  135.3677    9.0920            13.0  4.0  P/2012 C3 (PANSTARRS)                                    MPEC 2012-D59
    CK12C17H  2012 09 28.1470  1.295703  1.000000  138.0174  125.9605   27.7274            11.0  4.0  C/2012 CH17 (MOSS)                                       MPEC 2012-E18
0009P         2011 01 12.4398  1.512570  0.516333  179.0726   68.8819   10.5247  20120314   5.5 10.0  9P/Tempel                                                MPC 75715
0010P         2010 07  4.7018  1.421726  0.536238  195.5932  117.8016   12.0246  20120314   5.0 10.0  10P/Tempel                                               MPC 75715
0017P         2014 03 27.2554  2.055545  0.432387   24.4805  326.8038   19.0919  20120314  10.0  6.0  17P/Holmes                                               MPC 75731
0021P         2012 02 11.7252  1.030478  0.707052  172.6009  195.3974   31.9103  20120314   9.0  6.0  21P/Giacobini-Zinner                                     MPC 78187
0029P         2019 04  8.3700  5.734351  0.043971   50.4735  312.5717    9.3791  20120314   4.0  4.0  29P/Schwassmann-Wachmann                                 MPC 75716
0030P         2010 04 19.6134  1.881970  0.501413   13.1574  119.7312    8.1246  20120314   9.5  6.0  30P/Reinmuth                                             MPC 59599
0031P         2010 09 29.7123  3.423909  0.193565   17.9709  114.1690    4.5460  20120314   5.0  8.0  31P/Schwassmann-Wachmann                                 MPC 75716
0036P         2011 12 29.2520  3.087774  0.261484  201.5426  182.3752    9.9262  20120314   8.5  6.0  36P/Whipple                                              MPC 75716
0037P         2011 12 11.0266  1.575315  0.540664  329.3894  315.0309    8.9559  20120314  10.5  4.8  37P/Forbes                                               MPC 74638
0041P         2011 11 12.1467  1.049404  0.660196   62.1704  141.0618    9.2252  20120314  10.0 16.0  41P/Tuttle-Giacobini-Kresak                              MPC 62882
0043P         2010 07  1.9326  1.357234  0.594830  191.5094  249.8741   15.9727  20120314   8.0  6.0  43P/Wolf-Harrington                                      MPC 73465
0045P         2011 09 28.7808  0.529706  0.824658  326.2573   89.0054    4.2526  20120314  13.5  8.0  45P/Honda-Mrkos-Pajdusakova                              MPC 77020
0047P         2009 02  1.1970  2.805573  0.318344  357.9116  356.9952   13.0494  20120314   1.0 11.2  47P/Ashbrook-Jackson                                     MPC 56802
0048P         2011 09 29.3987  2.301226  0.367917  207.9938  117.2635   13.6612  20120314  10.0  6.0  48P/Johnson                                              MPC 75716
0049P         2011 10 19.0845  1.423881  0.600365  332.7979  118.8749   19.0497  20120314  11.3  4.4  49P/Arend-Rigaux                                         MPC 77020
0058P         2012 04 10.0132  1.374439  0.662573  200.4886  160.6350   13.4899  20120314  15.5  6.0  58P/Jackson-Neujmin                                      MPC 65938
0060P         2012 05 13.5200  1.618172  0.538514  216.3774  267.6842    3.6106  20120314  11.5  6.0  60P/Tsuchinshan                                          MPC 77020
0062P         2011 06 30.4153  1.383587  0.597594   30.2431   90.3032    9.7132  20120314   8.0 10.0  62P/Tsuchinshan                                          MPC 62881
0065P         2010 03  9.0115  2.458420  0.321481  198.8049   67.8795   10.4790  20120314   5.0  6.0  65P/Gunn                                                 MPC 78188
0069P         2011 07 17.3189  2.271451  0.414767  343.4710  104.8800   22.0376  20120314   9.5 12.0  69P/Taylor                                               MPC 77020
0071P         2011 12 15.9045  1.567473  0.498445  208.8225   59.6079    9.4812  20120314   9.8  6.0  71P/Clark                                                MPC 73917
0073P         2011 10 16.8987  0.942870  0.692248  198.8732   69.8424   11.3793  20120314  11.5  6.0  73P/Schwassmann-Wachmann                                 MPC 73465
0074P         2009 07 26.9842  3.552746  0.147426   86.6846   77.0819    6.6508  20120314   5.0  6.0  74P/Smirnova-Chernykh                                    MPC 75717
0078P         2012 01 12.8601  2.008537  0.462750  192.7765  210.5584    6.2552  20120314   5.5  8.0  78P/Gehrels                                              MPC 77808
0081P         2010 02 22.4793  1.597589  0.537086   41.7329  136.0993    3.2376  20120314   7.0  6.0  81P/Wild                                                 MPC 75717
0082P         2010 01 13.5257  3.633049  0.123311  226.5374  239.4115    1.1267  20120314   5.0  8.0  82P/Gehrels                                              MPC 75717
0088P         2009 10 12.0048  1.362835  0.561834  235.8714   56.7476    4.3826  20120314  11.0  6.0  88P/Howell                                               MPC 66205
0091P         2013 03  1.4082  2.616388  0.328834  354.7068  247.8741   14.0753  20120314   7.5  6.0  91P/Russell                                              MPC 69909
0096P         2012 07 14.7845  0.123802  0.959175   14.7555   94.3236   58.2981  20120314  13.0  4.8  96P/Machholz                                             MPC 65938
0097P         2011 08 20.9188  2.596555  0.458787  228.1983  185.2008   17.8849  20120314   5.5  6.0  97P/Metcalf-Brewington                                   MPC 77020
0105P         2012 02 26.1573  2.050860  0.409270   46.6702  192.4185    9.1706  20120314  11.5  6.0  105P/Singer Brewster                                     MPC 65937
0111P         2013 02  7.5224  3.698262  0.115424    4.4768   89.9430    4.2090  20120314   5.0  8.0  111P/Helin-Roman-Crockett                                MPC 75718
0115P         2011 10  6.9703  2.035133  0.520948  120.0742  176.6027   11.7059  20120314  10.5  6.0  115P/Maury                                               MPC 76027
0116P         2009 07 17.9249  2.180526  0.373199  173.6454   21.0470    3.6119  20120314   2.5 10.0  116P/Wild                                                MPC 62583
0117P         2014 03 28.0900  3.053588  0.253847  222.9078   58.8974    8.6991  20120314   2.5  8.0  117P/Helin-Roman-Alu                                     MPC 75731
0119P         2014 04  2.1360  3.028759  0.292059  181.1703  244.0995    5.1960  20120314   3.5  8.0  119P/Parker-Hartley                                      MPC 75718
0120P         2013 02 22.3639  2.729357  0.338598   30.0850    4.4527    8.7977  20120314  12.0  4.0  120P/Mueller                                             MPC 75718
0123P         2011 07  4.4830  2.128786  0.448584  102.8221   46.5984   15.3572  20120314   4.0 10.0  123P/West-Hartley                                        MPC 78188
0128P      b  2007 06 16.2444  3.056194  0.321887  210.3580  214.3654    4.3644  20120314   8.5  4.0  128P-B/Shoemaker-Holt                                    MPC 75719
0129P         2014 01 21.4190  3.886746  0.108212  305.4152  187.2454    3.5028  20120314  11.0  4.0  129P/Shoemaker-Levy                                      MPC 75731
0130P         2011 06 24.9983  2.098291  0.407357  224.4564   89.7897    7.3083  20120314  10.0  6.0  130P/McNaught-Hughes                                     MPC 78188
0131P         2012 01  7.2612  2.418028  0.343926  179.4853  214.2188    7.3559  20120314  11.0  4.0  131P/Mueller                                             MPC 76027
0133P         2013 02  9.0792  2.649736  0.161803  132.1895  160.1535    1.3868  20120314  15.4  2.0  133P/Elst-Pizarro                                        MPC 75719
0138P         2012 06 11.7493  1.700539  0.530603   95.6264  309.4140   10.0836  20120314  15.0  6.0  138P/Shoemaker-Levy                                      MPC 65938
0139P         2008 04 22.0514  3.404596  0.247606  165.9956  242.2977    2.3313  20120314   9.5  4.0  139P/Vaisala-Oterma                                      MPC 75719
0142P         2010 05 29.8214  2.487652  0.498739  175.5943  176.5156   12.3067  20120314   8.5  6.0  142P/Ge-Wang                                             MPC 71683
0143P         2009 06 11.5446  2.542784  0.408627  320.8714  245.3285    4.6893  20120314  13.5  2.0  143P/Kowal-Mrkos                                         MPC 78188
0152P         2012 07  9.2909  3.116417  0.307416  163.8109   91.9115    9.8670  20120314  11.5  4.0  152P/Helin-Lawrence                                      MPC 75720
0157P         2010 02 20.8286  1.358681  0.601633  148.7935  300.0475    7.2797  20120314  10.0  4.0  157P/Tritton                                             MPC 75721
0158P         2012 09 22.9722  4.576598  0.030449  232.3835  137.3082    7.9079  20120314   9.0  4.0  158P/Kowal-LINEAR                                        MPC 76027
0160P         2012 09 18.4865  2.066624  0.479115   18.1823  337.0028   17.2755  20120314  15.5  2.0  160P/LINEAR                                              MPC 75721
0162P         2010 03  8.5113  1.234493  0.595914  356.3826   31.2344   27.8170  20120314  12.0  4.0  162P/Siding Spring                                       MPC 75721
0163P         2012 04 12.7167  2.056658  0.453464  349.6313  102.1189   12.7165  20120314  14.5  4.0  163P/NEAT                                                MPC 78188
0164P         2011 06  2.3563  1.675620  0.541280  325.8694   88.3242   16.2608  20120314  11.0  4.0  164P/Christensen                                         MPC 78188
0166P         2002 05 24.2686  8.571168  0.382741  322.0842   64.3619   15.3604  20120314   5.5  4.0  166P/NEAT                                                MPC 75722
0167P         2001 05  9.7229 11.837502  0.271397  344.6641  295.8565   19.1000  20120314   9.5  2.0  167P/CINEOS                                              MPC 75722
0171P         2012 04 30.6498  1.764644  0.503348  347.0858  101.7211   21.9481  20120314  13.5  4.0  171P/Spahr                                               MPC 77020
0173P         2008 05 15.7009  4.203542  0.261390   29.3933  100.4957   16.5059  20120314   7.5  4.0  173P/Mueller                                             MPC 75722
0174P         2015 04 22.2623  5.815664  0.457106  162.9001  173.3916    4.3415  20120314   9.4  2.0  174P/Echeclus                                            MPC 75722
0176P         2011 06 29.8686  2.575532  0.193893   35.7093  346.0712    0.2348  20120314  15.1  2.0  176P/LINEAR                                              MPC 76028
0182P         2012 03  5.4458  1.008530  0.659456   53.7617   72.8683   16.2493  20120314  18.0  4.0  182P/LONEOS                                              MPC 77406
0183P         2008 05  3.4330  3.888016  0.134960  160.9001    5.8430   18.7389  20120314  12.5  2.0  183P/Korlevic-Juric                                      MPC 75723
0186P         2008 05 27.9656  4.328669  0.125925  287.4906  327.4976   28.5142  20120314   7.5  4.0  186P/Garradd                                             MPC 75723
0187P         2008 10 28.1512  3.752293  0.169509  136.8504  111.1942   13.6302  20120314   9.0  4.0  187P/LINEAR                                              MPC 75724
0195P         2009 01 20.3116  4.433857  0.315378  249.4930  243.1926   36.3902  20120314   8.5  4.0  195P/Hill                                                MPC 75724
0197P         2013 03 24.8997  1.061639  0.629583  188.7473   66.3895   25.5423  20120314  16.5  2.0  197P/LINEAR                                              MPC 75725
0198P         2012 02 15.7801  1.996592  0.444825   69.0749  358.4913    1.3412  20120314  12.5  4.0  198P/ODAS                                                MPC 65937
0200P         2008 08 26.2764  3.280490  0.333109  134.1208  234.7752   12.1146  20120314   9.0  4.0  200P/Larsen                                              MPC 75725
0203P         2010 02  9.1405  3.183231  0.316072  154.7497  290.5130    2.9738  20120314  14.5  2.0  203P/Korlevic                                            MPC 75725
0213P         2011 06 16.4842  2.122730  0.380250    3.4413  312.6270   10.2362  20120314  10.5  4.0  213P/Van Ness                                            MPC 78188
0215P         2010 06 17.5079  3.222209  0.205489  224.3804   75.1146   12.8354  20120314  11.0  4.0  215P/NEAT                                                MPC 75726
0219P         2010 03  4.9058  2.363899  0.352330  107.6047  231.0283   11.5292  20120314  11.0  4.0  219P/LINEAR                                              MPC 65936
0223P         2010 08 14.5512  2.421376  0.416336   37.8924  346.8286   27.0515  20120314  12.0  4.0  223P/Skiff                                               MPC 75727
0228P         2011 08 23.9415  3.430476  0.177562  114.8059   31.0683    7.9151  20120314  14.5  2.0  228P/LINEAR                                              MPC 75728
0231P         2011 05 16.4626  3.032488  0.246785   42.4327  133.0844   12.3253  20120314  14.5  2.0  231P/LINEAR-NEAT                                         MPC 75728
0237P         2009 12  6.0204  2.386903  0.359567   20.9278  251.6609   16.4510  20120314  14.5  2.0  237P/LINEAR                                              MPC 75728
0238P         2011 03 10.0763  2.359881  0.253660  325.1383   51.6379    1.2655  20120314  14.5  4.0  238P/Read                                                MPC 75729
0240P         2010 10  4.4774  2.124721  0.450202  352.0178   74.9615   23.5219  20120314  12.0  4.0  240P/NEAT                                                MPC 75729
0242P         2012 04  3.5508  3.979938  0.279121  247.6720  180.7829   32.4850  20120314   8.0  4.0  242P/Spahr                                               MPC 77808
0243P         2011 03  2.5909  2.455036  0.359161  283.7503   87.6752    7.6392  20120314  12.5  4.0  243P/NEAT                                                MPC 77020
0244P         2012 01 20.4254  3.918208  0.199781   92.6123  354.1532    2.2591  20120314   9.0  4.0  244P/Scotti                                              MPC 75729
0246P         2013 01 28.9621  2.879374  0.285035  176.2454   78.7840   15.9710  20120314  10.5  4.0  246P/NEAT                                                MPC 75729
0248P         2011 02  8.8062  2.147574  0.640446  209.9547  207.7838    6.3703  20120314  14.0  4.0  248P/Gibbs                                               MPC 75730
0253P         2011 11 24.1129  2.039463  0.412737  230.9986  146.9358    4.9390  20111115  14.5  4.0  253P/PANSTARRS                                           MPC 77020
0254P         2010 10 26.6362  3.215112  0.313659  220.7745  130.0803   32.5298  20101011  11.0  4.0  254P/McNaught                                            MPC 77020
0255P         2012 01 14.9415  1.007460  0.668258  179.6281  279.7459   18.2652  20120203  20.0  4.0  255P/Levy                                                MPC 78188
0256P         2013 03 17.3639  2.689922  0.418785  124.1144   81.4464   27.6368  20130309  14.0  2.0  256P/LINEAR                                              MPC 78188
