 5 4    2   25   48   70  3.5516  1.7693  0.8782  0.3765 16.0 16.0 17.0 18.0   90 2450448.5000 1997                                                                                                                                                                                                                                                                              
1  219961231199701162450448.5 0.2490000000D+00-0.1146000000D-01 0.9355760000D+02 0.3978800000D+00 0.9250000000D-03 0.2073000000D+00 0.2628906000D+01 0.8182000000D+00 0.2759900000D+01 0.1789600000D+01 0.4360000000D-01-0.2400000000D-02 0.2001310000D+02 0.1548400000D+00 0.0000000000D+00 0.4820000000D-01 0.2526958000D+01 0.2100800000D+01 0.0000000000D+00 0.1704900000D+01
1  319970116199702012450464.5 0.9540000000D-01-0.1146000000D-01 0.9247210000D+02 0.3851700000D+00 0.8930000000D-03 0.2185000000D+00 0.2839149000D+01 0.1153900000D+01 0.3083300000D+01 0.2503700000D+01 0.1350000000D-01-0.2860000000D-02 0.2228810000D+02 0.1643400000D+00 0.0000000000D+00 0.5580000000D-01 0.2757600000D+01 0.2282300000D+01 0.0000000000D+00 0.2426200000D+01
1  419970201199702172450480.5-0.5660000000D-01-0.1160000000D-01 0.9218870000D+02 0.3760100000D+00 0.1067000000D-02 0.2208000000D+00 0.3050107000D+01 0.1490800000D+01 0.3445600000D+01 0.3092200000D+01-0.2380000000D-01-0.3320000000D-02 0.2465160000D+02 0.1727100000D+00 0.0000000000D+00 0.6180000000D-01 0.2985404000D+01 0.2479100000D+01 0.0000000000D+00 0.3032800000D+01
1  519970217199703052450496.5-0.1969000000D+00-0.1203000000D-01 0.9270970000D+02 0.3666100000D+00 0.1322000000D-02 0.2050000000D+00 0.3263104000D+01 0.1837600000D+01 0.3664400000D+01 0.3790300000D+01-0.6490000000D-01-0.3830000000D-02 0.2710010000D+02 0.1799900000D+00 0.0000000000D+00 0.6180000000D-01 0.3212659000D+01 0.2694900000D+01 0.0000000000D+00 0.3749800000D+01
1  619970305199703212450512.5-0.3298000000D+00-0.1119000000D-01 0.9404610000D+02 0.3585500000D+00 0.1534000000D-02 0.2158000000D+00 0.3479697000D+01 0.2207200000D+01 0.3907200000D+01 0.4516900000D+01-0.1094000000D+00-0.3920000000D-02 0.2963630000D+02 0.1858700000D+00 0.0000000000D+00 0.7010000000D-01 0.3441428000D+01 0.2935200000D+01 0.0000000000D+00 0.4497200000D+01
1  719970321199704062450528.5-0.4555000000D+00-0.8430000000D-02 0.9622460000D+02 0.3519400000D+00 0.1682000000D-02 0.2171000000D+00 0.3701365000D+01 0.2604200000D+01 0.4186600000D+01 0.5118800000D+01-0.1560000000D+00-0.3270000000D-02 0.3226650000D+02 0.1894000000D+00 0.0000000000D+00 0.7540000000D-01 0.3673602000D+01 0.3204300000D+01 0.0000000000D+00 0.5102400000D+01
1  819970406199704222450544.5-0.5584000000D+00-0.5260000000D-02 0.9927290000D+02 0.3509000000D+00 0.1854000000D-02 0.1993000000D+00 0.3929839000D+01 0.3028000000D+01 0.4617600000D+01 0.5850100000D+01-0.1975000000D+00-0.2400000000D-02 0.3499460000D+02 0.1896900000D+00 0.0000000000D+00 0.7150000000D-01 0.3911082000D+01 0.3506500000D+01 0.0000000000D+00 0.5829200000D+01
1  919970422199705082450560.5-0.6216000000D+00-0.3170000000D-02 0.1032012000D+03 0.3517100000D+00 0.2107000000D-02 0.2171000000D+00 0.4166884000D+01 0.3476100000D+01 0.5037100000D+01 0.3521000000D+00-0.2260000000D+00-0.1800000000D-02 0.3780480000D+02 0.1857100000D+00 0.0000000000D+00 0.7940000000D-01 0.4155927000D+01 0.3844900000D+01 0.0000000000D+00 0.3542000000D+00
1 1019970508199705242450576.5-0.6505000000D+00-0.1150000000D-02 0.1079352000D+03 0.3601500000D+00 0.2426000000D-02 0.2224000000D+00 0.4414290000D+01 0.3954700000D+01 0.5596100000D+01 0.1000100000D+01-0.2413000000D+00-0.1150000000D-02 0.4064740000D+02 0.1761800000D+00 0.0000000000D+00 0.8410000000D-01 0.4409990000D+01 0.4227800000D+01 0.0000000000D+00 0.1030900000D+01
1 1119970524199706092450592.5-0.6577000000D+00 0.2320000000D-02 0.1133565000D+03 0.3713700000D+00 0.3100000000D-02 0.2114000000D+00 0.4673780000D+01 0.4452400000D+01 0.6161900000D+01 0.1809500000D+01-0.2475000000D+00 0.1800000000D-03 0.4342710000D+02 0.1592200000D+00 0.0000000000D+00 0.8370000000D-01 0.4674980000D+01 0.4672900000D+01 0.0000000000D+00 0.1841200000D+01
1 1219970609199706252450608.5-0.6390000000D+00 0.6230000000D-02 0.1192089000D+03 0.3772200000D+00 0.3692000000D-02 0.2350000000D+00 0.4946490000D+01 0.4987100000D+01 0.4329000000D+00 0.2630700000D+01-0.2438000000D+00 0.2000000000D-02 0.4598260000D+02 0.1327900000D+00 0.0000000000D+00 0.9300000000D-01 0.4952104000D+01 0.5224000000D+01 0.0000000000D+00 0.2625600000D+01
1 1319970625199707112450624.5-0.5793000000D+00 0.8420000000D-02 0.1250426000D+03 0.3737600000D+00 0.3960000000D-02 0.2316000000D+00 0.5232728000D+01 0.5576200000D+01 0.1056700000D+01 0.3361100000D+01-0.2249000000D+00 0.3480000000D-02 0.4805900000D+02 0.1040200000D+00 0.0000000000D+00 0.8650000000D-01 0.5241468000D+01 0.5996500000D+01 0.0000000000D+00 0.3354900000D+01
1 1419970711199707272450640.5-0.4854000000D+00 0.9420000000D-02 0.1301724000D+03 0.3647200000D+00 0.4193000000D-02 0.2326000000D+00 0.5531585000D+01 0.6226500000D+01 0.1883500000D+01 0.4263500000D+01-0.1926000000D+00 0.4590000000D-02 0.4932470000D+02 0.9783000000D-01 0.0000000000D+00 0.8470000000D-01 0.5541978000D+01 0.7609000000D+00 0.0000000000D+00 0.4325200000D+01
1 1519970727199708122450656.5-0.3803000000D+00 0.1152000000D-01 0.1337918000D+03 0.3420600000D+00 0.4856000000D-02 0.2577000000D+00 0.5840126000D+01 0.6416000000D+00 0.2664700000D+01 0.5017100000D+01-0.1522000000D+00 0.5550000000D-02 0.4948240000D+02 0.1235600000D+00 0.0000000000D+00 0.9690000000D-01 0.5850555000D+01 0.1688700000D+01 0.0000000000D+00 0.5083700000D+01
1 1619970812199708282450672.5-0.2657000000D+00 0.1403000000D-01 0.1352155000D+03 0.3095900000D+00 0.5129000000D-02 0.2293000000D+00 0.6152992000D+01 0.1425400000D+01 0.3367900000D+01 0.5783800000D+01-0.1034000000D+00 0.5830000000D-02 0.4845580000D+02 0.1502600000D+00 0.0000000000D+00 0.8490000000D-01 0.6162146000D+01 0.2374600000D+01 0.0000000000D+00 0.5793400000D+01
1 1719970828199709132450688.5-0.1257000000D+00 0.1426000000D-01 0.1341415000D+03 0.2954800000D+00 0.4957000000D-02 0.2329000000D+00 0.1802110000D+00 0.2291400000D+01 0.4036300000D+01 0.3978000000D+00-0.4500000000D-01 0.4900000000D-02 0.4650330000D+02 0.1597400000D+00 0.0000000000D+00 0.7870000000D-01 0.1871790000D+00 0.2947600000D+01 0.0000000000D+00 0.3912000000D+00
1 1819970913199709292450704.5 0.3400000000D-01 0.1249000000D-01 0.1307769000D+03 0.3167000000D+00 0.4396000000D-02 0.2386000000D+00 0.4817300000D+00 0.3128700000D+01 0.4679200000D+01 0.1091800000D+01 0.1560000000D-01 0.3560000000D-02 0.4409430000D+02 0.1494100000D+00 0.0000000000D+00 0.7840000000D-01 0.4859960000D+00 0.3477600000D+01 0.0000000000D+00 0.1136000000D+01
1 1919970929199710152450720.5 0.1845000000D+00 0.1114000000D-01 0.1257622000D+03 0.3596000000D+00 0.3769000000D-02 0.2048000000D+00 0.7699230000D+00 0.3830200000D+01 0.5280100000D+01 0.1891100000D+01 0.6760000000D-01 0.2890000000D-02 0.4171890000D+02 0.1275600000D+00 0.0000000000D+00 0.7060000000D-01 0.7716970000D+00 0.4019800000D+01 0.0000000000D+00 0.1943000000D+01
1 2019971015199710312450736.5 0.3139000000D+00 0.1029000000D-01 0.1198408000D+03 0.3976800000D+00 0.3132000000D-02 0.2117000000D+00 0.1042753000D+01 0.4403900000D+01 0.5803700000D+01 0.2743000000D+01 0.1099000000D+00 0.2830000000D-02 0.3970620000D+02 0.1059600000D+00 0.0000000000D+00 0.7460000000D-01 0.1043047000D+01 0.4625400000D+01 0.0000000000D+00 0.2739500000D+01
1 2119971031199711162450752.5 0.4313000000D+00 0.7870000000D-02 0.1136962000D+03 0.4224300000D+00 0.2285000000D-02 0.2063000000D+00 0.1300464000D+01 0.4903200000D+01 0.6262900000D+01 0.3417600000D+01 0.1489000000D+00 0.2450000000D-02 0.3820300000D+02 0.9594000000D-01 0.0000000000D+00 0.7210000000D-01 0.1300721000D+01 0.5295200000D+01 0.0000000000D+00 0.3389000000D+01
1 2219971116199712022450768.5 0.5323000000D+00 0.3820000000D-02 0.1078510000D+03 0.4356900000D+00 0.1504000000D-02 0.1896000000D+00 0.1544370000D+01 0.5343200000D+01 0.5056000000D+00 0.4223900000D+01 0.1858000000D+00 0.1490000000D-02 0.3722960000D+02 0.1003800000D+00 0.0000000000D+00 0.6620000000D-01 0.1546255000D+01 0.5914600000D+01 0.0000000000D+00 0.4201800000D+01
1 2319971202199712182450784.5 0.5967000000D+00 0.2000000000D-03 0.1026200000D+03 0.4407600000D+00 0.1090000000D-02 0.2023000000D+00 0.1776607000D+01 0.5737200000D+01 0.1219100000D+01 0.4963000000D+01 0.2142000000D+00 0.5100000000D-03 0.3672530000D+02 0.1131000000D+00 0.0000000000D+00 0.7300000000D-01 0.1781652000D+01 0.1240000000D+00 0.0000000000D+00 0.4965300000D+01
1 2419971218199801032450800.5 0.6144000000D+00-0.2140000000D-02 0.9817640000D+02 0.4364900000D+00 0.1015000000D-02 0.1946000000D+00 0.1999425000D+01 0.6095900000D+01 0.1793600000D+01 0.5578900000D+01 0.2293000000D+00-0.2100000000D-03 0.3661470000D+02 0.1273900000D+00 0.0000000000D+00 0.7360000000D-01 0.2008953000D+01 0.5073000000D+00 0.0000000000D+00 0.5594600000D+01
2 2519961231199701162450448.5-0.7900000000D+00 0.3345000000D-01 0.1488283000D+03 0.6235400000D+00 0.1686000000D-02 0.6425000000D+00 0.6230370000D+01 0.4409300000D+01 0.1100000000D-01 0.5839800000D+01-0.1455000000D+00 0.6660000000D-02 0.3198850000D+02 0.2443600000D+00 0.0000000000D+00 0.1435000000D+00 0.6168895000D+01 0.5709200000D+01 0.0000000000D+00 0.5776200000D+01
2 2619970116199702012450464.5-0.2270000000D+00 0.3291000000D-01 0.1470730000D+03 0.6164800000D+00 0.1228000000D-02 0.6412000000D+00 0.3057824000D+01 0.1385500000D+01 0.3726200000D+01 0.6065900000D+01-0.3180000000D-01 0.7920000000D-02 0.3553110000D+02 0.2601600000D+00 0.0000000000D+00 0.1657000000D+00 0.3012835000D+01 0.2502900000D+01 0.0000000000D+00 0.6032300000D+01
2 2719970201199702172450480.5 0.3431000000D+00 0.3132000000D-01 0.1466637000D+03 0.5894000000D+00 0.1615000000D-02 0.6460000000D+00 0.6167908000D+01 0.4610600000D+01 0.6145300000D+01 0.1710000000D-01 0.1063000000D+00 0.9420000000D-02 0.3921470000D+02 0.2736600000D+00 0.0000000000D+00 0.1776000000D+00 0.6136852000D+01 0.5599500000D+01 0.0000000000D+00 0.6277700000D+01
2 2819970217199703052450496.5 0.8885000000D+00 0.2845000000D-01 0.1474960000D+03 0.5873800000D+00 0.1744000000D-02 0.6565000000D+00 0.2996881000D+01 0.1583700000D+01 0.3383300000D+01 0.2430000000D+00 0.2695000000D+00 0.9710000000D-02 0.4302780000D+02 0.2858900000D+00 0.0000000000D+00 0.2010000000D+00 0.2977431000D+01 0.2429000000D+01 0.0000000000D+00 0.2276000000D+00
2 2919970305199703212450512.5 0.1391700000D+01 0.2346000000D-01 0.1496379000D+03 0.5774500000D+00 0.1635000000D-02 0.6804000000D+00 0.6111968000D+01 0.4860000000D+01 0.2302000000D+00 0.4758000000D+00 0.4399000000D+00 0.9330000000D-02 0.4698480000D+02 0.2948700000D+00 0.0000000000D+00 0.2195000000D+00 0.6102565000D+01 0.5566100000D+01 0.0000000000D+00 0.4755000000D+00
2 3019970321199704062450528.5 0.1817500000D+01 0.1795000000D-01 0.1531746000D+03 0.5804300000D+00 0.2726000000D-02 0.7079000000D+00 0.2948861000D+01 0.1844600000D+01 0.3686200000D+01 0.7083000000D+00 0.6051000000D+00 0.8070000000D-02 0.5109470000D+02 0.3001100000D+00 0.0000000000D+00 0.2423000000D+00 0.2948047000D+01 0.2447300000D+01 0.0000000000D+00 0.7148000000D+00
2 3119970406199704222450544.5 0.2141400000D+01 0.1256000000D-01 0.1580518000D+03 0.5713700000D+00 0.2240000000D-02 0.7452000000D+00 0.6075113000D+01 0.5173500000D+01 0.4762000000D+00 0.9438000000D+00 0.7475000000D+00 0.6360000000D-02 0.5535970000D+02 0.3004200000D+00 0.0000000000D+00 0.2667000000D+00 0.6082209000D+01 0.5640100000D+01 0.0000000000D+00 0.9526000000D+00
2 3219970422199705082450560.5 0.2365900000D+01 0.5440000000D-02 0.1643851000D+03 0.5672000000D+00 0.4332000000D-02 0.7953000000D+00 0.2926807000D+01 0.2188800000D+01 0.3713600000D+01 0.1190700000D+01 0.8554000000D+00 0.3910000000D-02 0.5975430000D+02 0.2940700000D+00 0.0000000000D+00 0.2933000000D+00 0.2940429000D+01 0.2593700000D+01 0.0000000000D+00 0.1219200000D+01
2 3319970508199705242450576.5 0.2473100000D+01-0.1730000000D-02 0.1718785000D+03 0.5910000000D+00 0.3788000000D-02 0.8431000000D+00 0.6071834000D+01 0.5585900000D+01 0.1042700000D+01 0.1436100000D+01 0.9262000000D+00 0.3800000000D-03 0.6421100000D+02 0.2779400000D+00 0.0000000000D+00 0.3189000000D+00 0.6091348000D+01 0.5871400000D+01 0.0000000000D+00 0.1444600000D+01
2 3419970524199706092450592.5 0.2447300000D+01-0.6830000000D-02 0.1806019000D+03 0.5853800000D+00 0.4996000000D-02 0.9054000000D+00 0.2945406000D+01 0.2699900000D+01 0.4303700000D+01 0.1696700000D+01 0.9358000000D+00-0.1440000000D-02 0.6859190000D+02 0.2484900000D+00 0.0000000000D+00 0.3448000000D+00 0.2969765000D+01 0.2948300000D+01 0.0000000000D+00 0.1744500000D+01
2 3519970609199706252450608.5 0.2313500000D+01-0.1271000000D-01 0.1898862000D+03 0.6096400000D+00 0.5726000000D-02 0.9654000000D+00 0.6116068000D+01 0.6139500000D+01 0.1743400000D+01 0.1971600000D+01 0.8960000000D+00-0.5060000000D-02 0.7261250000D+02 0.2062100000D+00 0.0000000000D+00 0.3689000000D+00 0.6144430000D+01 0.1236000000D+00 0.0000000000D+00 0.1978600000D+01
2 3619970625199707112450624.5 0.2079400000D+01-0.1829000000D-01 0.1992321000D+03 0.5848700000D+00 0.6245000000D-02 0.1023100000D+01 0.3017127000D+01 0.3358300000D+01 0.5063600000D+01 0.2247400000D+01 0.8178000000D+00-0.6840000000D-02 0.7587060000D+02 0.1664300000D+00 0.0000000000D+00 0.3870000000D+00 0.3048500000D+01 0.3820500000D+01 0.0000000000D+00 0.2304400000D+01
2 3719970711199707272450640.5 0.1750300000D+01-0.2282000000D-01 0.2072816000D+03 0.5787100000D+00 0.8052000000D-02 0.1073300000D+01 0.6215184000D+01 0.5820000000D+00 0.2470100000D+01 0.2539000000D+01 0.6740000000D+00-0.9290000000D-02 0.7783320000D+02 0.1593000000D+00 0.0000000000D+00 0.3983000000D+00 0.6248428000D+01 0.1446800000D+01 0.0000000000D+00 0.2548200000D+01
2 3819970727199708122450656.5 0.1329500000D+01-0.2521000000D-01 0.2130722000D+03 0.5641400000D+00 0.7901000000D-02 0.1098800000D+01 0.3139343000D+01 0.4235400000D+01 0.1380000000D-01 0.2836900000D+01 0.5300000000D+00-0.1010000000D-01 0.7809940000D+02 0.2005100000D+00 0.0000000000D+00 0.3919000000D+00 0.3173946000D+01 0.5260900000D+01 0.0000000000D+00 0.2887000000D+01
2 3919970812199708282450672.5 0.8630000000D+00-0.2821000000D-01 0.2152902000D+03 0.5037000000D+00 0.8687000000D-02 0.1100900000D+01 0.6949100000D-01 0.1600200000D+01 0.3449700000D+01 0.3123600000D+01 0.3276000000D+00-0.1002000000D-01 0.7651270000D+02 0.2436300000D+00 0.0000000000D+00 0.3892000000D+00 0.1034750000D+00 0.2558200000D+01 0.0000000000D+00 0.3141000000D+01
2 4019970828199709132450688.5 0.3524000000D+00-0.2970000000D-01 0.2136074000D+03 0.4984300000D+00 0.8590000000D-02 0.1078500000D+01 0.3280627000D+01 0.5345300000D+01 0.8225000000D+00 0.3417100000D+01 0.1557000000D+00-0.1081000000D-01 0.7346700000D+02 0.2589700000D+00 0.0000000000D+00 0.3587000000D+00 0.3313443000D+01 0.6026300000D+01 0.0000000000D+00 0.3455600000D+01
2 4119970913199709292450704.5-0.1891000000D+00-0.2787000000D-01 0.2082474000D+03 0.5187900000D+00 0.6644000000D-02 0.1029300000D+01 0.2006700000D+00 0.2791400000D+01 0.4305300000D+01 0.3690900000D+01-0.3610000000D-01-0.9020000000D-02 0.6966220000D+02 0.2397300000D+00 0.0000000000D+00 0.3472000000D+00 0.2311320000D+00 0.3156700000D+01 0.0000000000D+00 0.3715500000D+01
2 4219970929199710152450720.5-0.7017000000D+00-0.2657000000D-01 0.2002235000D+03 0.5693600000D+00 0.6574000000D-02 0.9717000000D+00 0.3391162000D+01 0.8660000000D-01 0.1539500000D+01 0.3959300000D+01-0.2115000000D+00-0.9180000000D-02 0.6588360000D+02 0.2004300000D+00 0.0000000000D+00 0.3129000000D+00 0.3419726000D+01 0.3245000000D+00 0.0000000000D+00 0.3990000000D+01
2 4319971015199710312450736.5-0.1174400000D+01-0.2275000000D-01 0.1908295000D+03 0.6290200000D+00 0.4958000000D-02 0.9089000000D+00 0.2834100000D+00 0.3576700000D+01 0.5146800000D+01 0.4217300000D+01-0.3606000000D+00-0.8000000000D-02 0.6267380000D+02 0.1620000000D+00 0.0000000000D+00 0.3064000000D+00 0.3103730000D+00 0.3831800000D+01 0.0000000000D+00 0.4240300000D+01
2 4419971031199711162450752.5-0.1579000000D+01-0.1659000000D-01 0.1810216000D+03 0.6502900000D+00 0.3024000000D-02 0.8427000000D+00 0.3444411000D+01 0.7324000000D+00 0.2045400000D+01 0.4453900000D+01-0.5136000000D+00-0.6810000000D-02 0.6027240000D+02 0.1457100000D+00 0.0000000000D+00 0.2807000000D+00 0.3470704000D+01 0.1146000000D+01 0.0000000000D+00 0.4484600000D+01
2 4519971116199712022450768.5-0.1878200000D+01-0.1036000000D-01 0.1718239000D+03 0.6754200000D+00 0.3015000000D-02 0.7865000000D+00 0.3075550000D+00 0.4046700000D+01 0.5707700000D+01 0.4690800000D+01-0.6253000000D+00-0.5270000000D-02 0.5871610000D+02 0.1514500000D+00 0.0000000000D+00 0.2769000000D+00 0.3347760000D+00 0.4672700000D+01 0.0000000000D+00 0.4710800000D+01
2 4619971202199712182450784.5-0.2049900000D+01-0.4260000000D-02 0.1634854000D+03 0.6749800000D+00 0.1627000000D-02 0.7322000000D+00 0.3442871000D+01 0.1091700000D+01 0.2741000000D+01 0.4918600000D+01-0.7194000000D+00-0.3820000000D-02 0.5788800000D+02 0.1732600000D+00 0.0000000000D+00 0.2633000000D+00 0.3471945000D+01 0.1793000000D+01 0.0000000000D+00 0.4956900000D+01
2 4719971218199801032450800.5-0.2105700000D+01 0.3450000000D-02 0.1564828000D+03 0.6702800000D+00 0.2712000000D-02 0.6922000000D+00 0.2847920000D+00 0.4332300000D+01 0.6173000000D+01 0.5135200000D+01-0.7708000000D+00-0.1110000000D-02 0.5767070000D+02 0.1957600000D+00 0.0000000000D+00 0.2617000000D+00 0.3170930000D+00 0.5087000000D+01 0.0000000000D+00 0.5158400000D+01
3 4819961231199701172450448.5 0.3284000000D+00-0.4740000000D-02 0.2375710000D+03 0.9837700000D+00 0.1731000000D-02 0.1099000000D+00 0.3321171000D+01 0.1515000000D+01 0.3415500000D+01 0.2389300000D+01 0.7830000000D-01-0.3200000000D-03 0.5010970000D+02 0.3924000000D+00 0.0000000000D+00 0.2710000000D-01 0.3209730000D+01 0.2804100000D+01 0.0000000000D+00 0.1817600000D+01
3 4919970117199702032450465.5 0.2178000000D+00-0.6030000000D-02 0.2347857000D+03 0.9749500000D+00 0.2931000000D-02 0.8820000000D-01 0.5615142000D+01 0.3926200000D+01 0.5887100000D+01 0.1033200000D+01 0.5360000000D-01-0.1390000000D-02 0.5630220000D+02 0.4164200000D+00 0.0000000000D+00 0.1740000000D-01 0.5525481000D+01 0.5057000000D+01 0.0000000000D+00 0.1286700000D+01
3 5019970203199702202450482.5 0.1404000000D+00 0.4890000000D-02 0.2341919000D+03 0.9518800000D+00 0.2564000000D-02 0.7370000000D-01 0.1625482000D+01 0.8370000000D-01 0.1873500000D+01 0.5388800000D+01 0.5480000000D-01 0.1420000000D-02 0.6272650000D+02 0.4415200000D+00 0.0000000000D+00 0.2620000000D-01 0.1554087000D+01 0.1041100000D+01 0.0000000000D+00 0.5250000000D+01
3 5119970220199703092450499.5 0.2421000000D+00-0.6190000000D-02 0.2359053000D+03 0.9335300000D+00 0.2274000000D-02 0.9370000000D-01 0.3920655000D+01 0.2537900000D+01 0.4196700000D+01 0.3904300000D+01 0.7330000000D-01-0.1420000000D-02 0.6936850000D+02 0.4634400000D+00 0.0000000000D+00 0.2120000000D-01 0.3864105000D+01 0.3339900000D+01 0.0000000000D+00 0.3758000000D+01
3 5219970309199703262450516.5 0.1047000000D+00-0.2810000000D-02 0.2400943000D+03 0.9219600000D+00 0.4349000000D-02 0.6880000000D-01 0.6219477000D+01 0.4970000000D+01 0.3015000000D+00 0.2447800000D+01 0.4120000000D-01-0.9000000000D-03 0.7628150000D+02 0.4782900000D+00 0.0000000000D+00 0.2230000000D-01 0.6175206000D+01 0.5664800000D+01 0.0000000000D+00 0.2641900000D+01
3 5319970326199704122450533.5 0.8860000000D-01 0.6980000000D-02 0.2465789000D+03 0.9271200000D+00 0.3937000000D-02 0.6250000000D-01 0.2240732000D+01 0.1186900000D+01 0.2852700000D+01 0.3567000000D+00 0.3510000000D-01 0.2470000000D-02 0.8346150000D+02 0.4871500000D+00 0.0000000000D+00 0.2240000000D-01 0.2207084000D+01 0.1732600000D+01 0.0000000000D+00 0.3648000000D+00
3 5419970412199704292450550.5 0.2105000000D+00-0.5100000000D-02 0.2556288000D+03 0.9269200000D+00 0.4447000000D-02 0.8300000000D-01 0.4552733000D+01 0.3699000000D+01 0.5338700000D+01 0.5158900000D+01 0.8350000000D-01-0.1770000000D-02 0.9090740000D+02 0.4843100000D+00 0.0000000000D+00 0.3340000000D-01 0.4528169000D+01 0.4123700000D+01 0.0000000000D+00 0.5096100000D+01
3 5519970429199705162450567.5 0.8730000000D-01 0.8300000000D-03 0.2672057000D+03 0.9126400000D+00 0.6593000000D-02 0.5810000000D-01 0.5914730000D+00 0.6221700000D+01 0.1402000000D+01 0.3543300000D+01 0.3140000000D-01 0.6800000000D-03 0.9855750000D+02 0.4649200000D+00 0.0000000000D+00 0.1180000000D-01 0.5745710000D+00 0.2771000000D+00 0.0000000000D+00 0.3060600000D+01
3 5619970516199706022450584.5 0.1363000000D+00 0.1047000000D-01 0.2808326000D+03 0.9533400000D+00 0.7318000000D-02 0.8000000000D-01 0.2925929000D+01 0.2522500000D+01 0.4264700000D+01 0.1412300000D+01 0.5790000000D-01 0.3250000000D-02 0.1061977000D+03 0.4254500000D+00 0.0000000000D+00 0.1940000000D-01 0.2915502000D+01 0.2765600000D+01 0.0000000000D+00 0.2270100000D+01
3 5719970602199706192450601.5 0.2955000000D+00-0.3850000000D-02 0.2962480000D+03 0.9516700000D+00 0.8344000000D-02 0.1022000000D+00 0.5274451000D+01 0.5150600000D+01 0.6077000000D+00 0.1050000000D+00 0.1238000000D+00-0.6800000000D-03 0.1134110000D+03 0.3623000000D+00 0.0000000000D+00 0.6580000000D-01 0.5269334000D+01 0.5356200000D+01 0.0000000000D+00 0.2139000000D+00
3 5819970619199707062450618.5 0.1865000000D+00 0.3030000000D-02 0.3122160000D+03 0.9316100000D+00 0.8703000000D-02 0.7900000000D-01 0.1355497000D+01 0.1559600000D+01 0.3259300000D+01 0.4616500000D+01 0.4500000000D-01 0.6500000000D-03 0.1195451000D+03 0.2837400000D+00 0.0000000000D+00 0.3650000000D-01 0.1353835000D+01 0.1870100000D+01 0.0000000000D+00 0.3926800000D+01
3 5919970706199707232450635.5 0.2711000000D+00 0.1224000000D-01 0.3267967000D+03 0.9326300000D+00 0.1179600000D-01 0.1207000000D+00 0.3735687000D+01 0.4270300000D+01 0.6193300000D+01 0.2874000000D+01 0.1480000000D+00 0.3950000000D-02 0.1237559000D+03 0.2409400000D+00 0.0000000000D+00 0.3170000000D-01 0.3735766000D+01 0.5010900000D+01 0.0000000000D+00 0.3522400000D+01
3 6019970723199708092450652.5 0.4492000000D+00-0.5820000000D-02 0.3379188000D+03 0.8777900000D+00 0.1275800000D-01 0.1366000000D+00 0.6128856000D+01 0.7986000000D+00 0.2758000000D+01 0.1601800000D+01 0.1207000000D+00-0.1050000000D-02 0.1250660000D+03 0.2957200000D+00 0.0000000000D+00 0.8300000000D-01 0.6130027000D+01 0.1878200000D+01 0.0000000000D+00 0.1550200000D+01
3 6119970809199708262450669.5 0.2843000000D+00 0.5130000000D-02 0.3431793000D+03 0.8346100000D+00 0.1374200000D-01 0.1087000000D+00 0.2246245000D+01 0.3693600000D+01 0.5679700000D+01 0.6158500000D+01 0.1329000000D+00 0.4600000000D-03 0.1229317000D+03 0.3797300000D+00 0.0000000000D+00 0.4400000000D-01 0.2247175000D+01 0.4702100000D+01 0.0000000000D+00 0.5413500000D+01
3 6219970826199709122450686.5 0.4053000000D+00 0.8690000000D-02 0.3413412000D+03 0.7921600000D+00 0.1431500000D-01 0.1591000000D+00 0.4647023000D+01 0.3421000000D+00 0.2107400000D+01 0.4450700000D+01 0.1218000000D+00 0.3510000000D-02 0.1179443000D+03 0.4153200000D+00 0.0000000000D+00 0.2990000000D-01 0.4645745000D+01 0.1075800000D+01 0.0000000000D+00 0.4589100000D+01
3 6319970912199709292450703.5 0.5176000000D+00-0.3570000000D-02 0.3328618000D+03 0.8307500000D+00 0.1178700000D-01 0.1572000000D+00 0.7569210000D+00 0.3295200000D+01 0.4872900000D+01 0.3102100000D+01 0.1948000000D+00-0.1950000000D-02 0.1114599000D+03 0.3835400000D+00 0.0000000000D+00 0.6340000000D-01 0.7524960000D+00 0.3681600000D+01 0.0000000000D+00 0.3437000000D+01
3 6419970929199710162450720.5 0.3853000000D+00 0.4150000000D-02 0.3193572000D+03 0.9051000000D+00 0.1003900000D-01 0.1465000000D+00 0.3136240000D+01 0.6105800000D+01 0.1268400000D+01 0.1362300000D+01 0.1141000000D+00 0.2500000000D-02 0.1049762000D+03 0.3104500000D+00 0.0000000000D+00 0.7520000000D-01 0.3128779000D+01 0.1940000000D-01 0.0000000000D+00 0.1192500000D+01
3 6519971016199711022450737.5 0.4799000000D+00 0.1005000000D-01 0.3033808000D+03 0.9868400000D+00 0.7689000000D-02 0.1893000000D+00 0.5498893000D+01 0.2516900000D+01 0.3911800000D+01 0.6047700000D+01 0.1612000000D+00 0.2430000000D-02 0.9965490000D+02 0.2460700000D+00 0.0000000000D+00 0.4870000000D-01 0.5489495000D+01 0.2721800000D+01 0.0000000000D+00 0.5635000000D+01
3 6619971102199711192450754.5 0.6073000000D+00-0.4940000000D-02 0.2869016000D+03 0.1052970000D+01 0.5345000000D-02 0.1865000000D+00 0.1561928000D+01 0.5127100000D+01 0.4307000000D+00 0.4650600000D+01 0.2199000000D+00-0.9500000000D-03 0.9583130000D+02 0.2193100000D+00 0.0000000000D+00 0.6340000000D-01 0.1552845000D+01 0.5545900000D+01 0.0000000000D+00 0.4900400000D+01
3 6719971119199712062450771.5 0.4672000000D+00 0.5610000000D-02 0.2713113000D+03 0.1065200000D+01 0.3539000000D-02 0.1713000000D+00 0.3892871000D+01 0.1392500000D+01 0.2961800000D+01 0.2940300000D+01 0.1464000000D+00 0.2700000000D-02 0.9346080000D+02 0.2371300000D+00 0.0000000000D+00 0.6460000000D-01 0.3886093000D+01 0.2034200000D+01 0.0000000000D+00 0.2784200000D+01
3 6819971206199712232450788.5 0.5762000000D+00 0.6680000000D-02 0.2576705000D+03 0.1059210000D+01 0.3042000000D-02 0.2036000000D+00 0.6210605000D+01 0.3876400000D+01 0.5433700000D+01 0.1361900000D+01 0.2143000000D+00 0.2360000000D-02 0.9242770000D+02 0.2729200000D+00 0.0000000000D+00 0.6310000000D-01 0.6207353000D+01 0.4614200000D+01 0.0000000000D+00 0.1468100000D+01
3 6919971223199801092450805.5 0.6422000000D+00-0.5910000000D-02 0.2462997000D+03 0.1054730000D+01 0.3002000000D-02 0.1960000000D+00 0.2235257000D+01 0.5430000000D-01 0.1940100000D+01 0.6207200000D+01 0.2440000000D+00-0.1350000000D-02 0.9246210000D+02 0.3139200000D+00 0.0000000000D+00 0.8410000000D-01 0.2236772000D+01 0.7913000000D+00 0.0000000000D+00 0.6264000000D+01
4 7019961231199701182450448.5-0.4034500000D+01 0.2613000000D-01 0.4175437000D+03 0.1730700000D+01 0.0000000000D+00 0.1298200000D+01 0.4381440000D+01 0.2616000000D+01 0.0000000000D+00 0.1226800000D+01-0.4041000000D+00-0.4118000000D-01 0.8866210000D+02 0.6569300000D+00 0.0000000000D+00 0.3003000000D+00 0.4290769000D+01 0.3820600000D+01 0.0000000000D+00 0.1110800000D+01
4 7119970118199702052450466.5-0.3765500000D+01 0.2837000000D-01 0.4124631000D+03 0.1704970000D+01 0.0000000000D+00 0.1249400000D+01 0.4801443000D+01 0.3177700000D+01 0.0000000000D+00 0.2151400000D+01-0.5494000000D+00-0.3367000000D-01 0.9997130000D+02 0.7094300000D+00 0.0000000000D+00 0.3257000000D+00 0.4731115000D+01 0.4214700000D+01 0.0000000000D+00 0.2065800000D+01
4 7219970205199702232450484.5-0.3563800000D+01 0.2570000000D-01 0.4118742000D+03 0.1694130000D+01 0.0000000000D+00 0.1225900000D+01 0.5221384000D+01 0.3743300000D+01 0.0000000000D+00 0.3065300000D+01-0.7321000000D+00-0.2210000000D-01 0.1117506000D+03 0.7633300000D+00 0.0000000000D+00 0.3584000000D+00 0.5168159000D+01 0.4621600000D+01 0.0000000000D+00 0.2996300000D+01
4 7319970223199703132450502.5-0.3528000000D+01 0.4686000000D-01 0.4157973000D+03 0.1692670000D+01 0.0000000000D+00 0.1237300000D+01 0.5643283000D+01 0.4326500000D+01 0.0000000000D+00 0.4000400000D+01-0.9224000000D+00-0.4530000000D-02 0.1240312000D+03 0.8130200000D+00 0.0000000000D+00 0.3939000000D+00 0.5604393000D+01 0.5049000000D+01 0.0000000000D+00 0.3932900000D+01
4 7419970313199703312450520.5-0.3556300000D+01 0.7958000000D-01 0.4245632000D+03 0.1715700000D+01 0.0000000000D+00 0.1211200000D+01 0.6069701000D+01 0.4919300000D+01 0.0000000000D+00 0.4912300000D+01-0.1047900000D+01 0.1016000000D-01 0.1368952000D+03 0.8491200000D+00 0.0000000000D+00 0.4085000000D+00 0.6042579000D+01 0.5498400000D+01 0.0000000000D+00 0.4852700000D+01
4 7519970331199704182450538.5-0.3265200000D+01 0.7196000000D-01 0.4379326000D+03 0.1719480000D+01 0.0000000000D+00 0.1237800000D+01 0.2188470000D+00 0.5547200000D+01 0.0000000000D+00 0.5850600000D+01-0.1019400000D+01 0.7800000000D-02 0.1502077000D+03 0.8661300000D+00 0.0000000000D+00 0.4342000000D+00 0.2017030000D+00 0.5996000000D+01 0.0000000000D+00 0.5805200000D+01
4 7619970418199705062450556.5-0.2418400000D+01-0.2700000000D-02 0.4557922000D+03 0.1715850000D+01 0.0000000000D+00 0.1313800000D+01 0.6597880000D+00 0.6238300000D+01 0.0000000000D+00 0.5123000000D+00-0.7901000000D+00-0.1802000000D-01 0.1638725000D+03 0.8618600000D+00 0.0000000000D+00 0.4732000000D+00 0.6513600000D+00 0.2727000000D+00 0.0000000000D+00 0.4881000000D+00
4 7719970506199705242450574.5-0.1264600000D+01-0.1365700000D+00 0.4780140000D+03 0.1795540000D+01 0.0000000000D+00 0.1329400000D+01 0.1113523000D+01 0.6959000000D+00 0.0000000000D+00 0.1412100000D+01-0.5089000000D+00-0.5850000000D-01 0.1777381000D+03 0.8437200000D+00 0.0000000000D+00 0.4866000000D+00 0.1112509000D+01 0.8850000000D+00 0.0000000000D+00 0.1421100000D+01
4 7819970524199706112450592.5-0.1232700000D+01-0.1859900000D+00 0.5051678000D+03 0.1840440000D+01 0.0000000000D+00 0.1380900000D+01 0.1582172000D+01 0.1434100000D+01 0.0000000000D+00 0.2382800000D+01-0.7265000000D+00-0.5646000000D-01 0.1916987000D+03 0.7537500000D+00 0.0000000000D+00 0.5202000000D+00 0.1586810000D+01 0.1554300000D+01 0.0000000000D+00 0.2425800000D+01
4 7919970611199706292450610.5-0.2401200000D+01-0.1075600000D+00 0.5354068000D+03 0.1762860000D+01 0.0000000000D+00 0.1486400000D+01 0.2066574000D+01 0.2243800000D+01 0.0000000000D+00 0.3377700000D+01-0.1402700000D+01 0.7700000000D-03 0.2045080000D+03 0.5901500000D+00 0.0000000000D+00 0.5727000000D+00 0.2075132000D+01 0.2411000000D+01 0.0000000000D+00 0.3422800000D+01
4 8019970629199707172450628.5-0.4615700000D+01 0.9966000000D-01 0.5647679000D+03 0.1700810000D+01 0.0000000000D+00 0.1565500000D+01 0.2567440000D+01 0.3208100000D+01 0.0000000000D+00 0.4307900000D+01-0.2264600000D+01 0.9151000000D-01 0.2140754000D+03 0.5090800000D+00 0.0000000000D+00 0.5903000000D+00 0.2578983000D+01 0.3628800000D+01 0.0000000000D+00 0.4349900000D+01
4 8119970717199708042450646.5-0.5706100000D+01 0.2321300000D+00 0.5885582000D+03 0.1695300000D+01 0.0000000000D+00 0.1618500000D+01 0.3087229000D+01 0.4175600000D+01 0.0000000000D+00 0.5321600000D+01-0.2347600000D+01 0.1161100000D+00 0.2185308000D+03 0.5692800000D+00 0.0000000000D+00 0.5921000000D+00 0.3101180000D+01 0.4833700000D+01 0.0000000000D+00 0.5374100000D+01
4 8219970804199708222450664.5-0.4716700000D+01 0.1617300000D+00 0.6028310000D+03 0.1551190000D+01 0.0000000000D+00 0.1684200000D+01 0.3620492000D+01 0.5181200000D+01 0.0000000000D+00 0.9180000000D-01-0.1598900000D+01 0.4857000000D-01 0.2169987000D+03 0.6673200000D+00 0.0000000000D+00 0.5951000000D+00 0.3635005000D+01 0.5912400000D+01 0.0000000000D+00 0.1342000000D+00
4 8319970822199709092450682.5-0.2674600000D+01-0.7180000000D-01 0.6044220000D+03 0.1491760000D+01 0.0000000000D+00 0.1734400000D+01 0.4156172000D+01 0.6770000000D-01 0.0000000000D+00 0.1079000000D+01-0.8826000000D+00-0.4026000000D-01 0.2096447000D+03 0.7680100000D+00 0.0000000000D+00 0.5742000000D+00 0.4168912000D+01 0.5498000000D+00 0.0000000000D+00 0.1115600000D+01
4 8419970909199709272450700.5-0.2085400000D+01-0.1829900000D+00 0.5910132000D+03 0.1668590000D+01 0.0000000000D+00 0.1688500000D+01 0.4683871000D+01 0.1102400000D+01 0.0000000000D+00 0.2109300000D+01-0.1007400000D+01-0.4418000000D-01 0.1980366000D+03 0.7350200000D+00 0.0000000000D+00 0.5432000000D+00 0.4694445000D+01 0.1312800000D+01 0.0000000000D+00 0.2167400000D+01
4 8519970927199710152450718.5-0.2300400000D+01-0.1878800000D+00 0.5664185000D+03 0.1819660000D+01 0.0000000000D+00 0.1576500000D+01 0.5197151000D+01 0.1968000000D+01 0.0000000000D+00 0.3149500000D+01-0.1304000000D+01-0.1421000000D-01 0.1858414000D+03 0.6004500000D+00 0.0000000000D+00 0.5166000000D+00 0.5206091000D+01 0.2080800000D+01 0.0000000000D+00 0.3199000000D+01
4 8619971015199711022450736.5-0.3475800000D+01-0.5580000000D-01 0.5360527000D+03 0.1852150000D+01 0.0000000000D+00 0.1532500000D+01 0.5694095000D+01 0.2789400000D+01 0.0000000000D+00 0.4136700000D+01-0.1640600000D+01 0.3124000000D-01 0.1756040000D+03 0.4685600000D+00 0.0000000000D+00 0.5081000000D+00 0.5701493000D+01 0.2986400000D+01 0.0000000000D+00 0.4154400000D+01
4 8719971102199711202450754.5-0.4219700000D+01 0.7152000000D-01 0.5053163000D+03 0.1927990000D+01 0.0000000000D+00 0.1433200000D+01 0.6172052000D+01 0.3539500000D+01 0.0000000000D+00 0.5111400000D+01-0.1709100000D+01 0.5517000000D-01 0.1684425000D+03 0.4356400000D+00 0.0000000000D+00 0.4858000000D+00 0.6178531000D+01 0.3931400000D+01 0.0000000000D+00 0.5118300000D+01
4 8819971120199712082450772.5-0.4255800000D+01 0.1384800000D+00 0.4768272000D+03 0.1994900000D+01 0.0000000000D+00 0.1282400000D+01 0.3488900000D+00 0.4200100000D+01 0.0000000000D+00 0.6085900000D+01-0.1598400000D+01 0.5949000000D-01 0.1642218000D+03 0.4721000000D+00 0.0000000000D+00 0.4542000000D+00 0.3562650000D+00 0.4749300000D+01 0.0000000000D+00 0.6084500000D+01
4 8919971208199712262450790.5-0.3327600000D+01 0.8905000000D-01 0.4512152000D+03 0.1929170000D+01 0.0000000000D+00 0.1244900000D+01 0.7935610000D+00 0.4809800000D+01 0.0000000000D+00 0.7593000000D+00-0.1277800000D+01 0.3507000000D-01 0.1622275000D+03 0.5159500000D+00 0.0000000000D+00 0.4577000000D+00 0.8039330000D+00 0.5460500000D+01 0.0000000000D+00 0.7484000000D+00
4 9019971226199801132450808.5-0.2372300000D+01 0.3358000000D-01 0.4301758000D+03 0.1854900000D+01 0.0000000000D+00 0.1189600000D+01 0.1227531000D+01 0.5411900000D+01 0.0000000000D+00 0.1699800000D+01-0.1037700000D+01 0.2019000000D-01 0.1622858000D+03 0.5792200000D+00 0.0000000000D+00 0.4546000000D+00 0.1242336000D+01 0.6068000000D+01 0.0000000000D+00 0.1701800000D+01
