 4 2    2   13 19.7027  4.9788 36.0 36.0   23 2458118.5000 2018                                                                                                                                                                                                                                                                                                                  
1  220171231201802052458118.4 0.3150000000D-01-0.5600000000D-03 0.5337400000D+01 0.7024000000D-01 0.4490000000D-03 0.4020000000D-01-0.3284840000D+01-0.4549900000D+01-0.5348100000D+01-0.4065000000D+01 0.2650000000D-01-0.1000000000D-04 0.4246400000D+01 0.3121000000D-01 0.1700000000D-03 0.3260000000D-01-0.6893600000D+00-0.1820900000D+01-0.4150900000D+01-0.1356900000D+01
1  320180205201803132458154.4 0.2050000000D-01-0.1350000000D-02 0.6514900000D+01 0.9602000000D-01 0.5640000000D-03 0.5860000000D-01-0.4452442000D+01-0.5492500000D+01-0.6258200000D+01-0.6170900000D+01 0.2240000000D-01-0.3300000000D-03 0.4614900000D+01 0.2443000000D-01 0.3190000000D-03 0.3570000000D-01-0.1596200000D+01-0.2941300000D+01-0.5850100000D+01-0.3120700000D+01
1  420180313201804182458190.4-0.2460000000D-01-0.6300000000D-03 0.8916000000D+01 0.1272600000D+00 0.7330000000D-03 0.8070000000D-01-0.5586071000D+01-0.1365000000D+00-0.7185000000D+00-0.2033300000D+01 0.1030000000D-01-0.1100000000D-02 0.4664300000D+01 0.5900000000D-02 0.4730000000D-03 0.3450000000D-01-0.2403756000D+01-0.4944500000D+01-0.8989000000D+00-0.4849300000D+01
1  520180418201805242458226.4-0.7070000000D-01 0.3000000000D-04 0.1291140000D+02 0.1722600000D+00 0.8810000000D-03 0.1142000000D+00-0.3484490000D+00-0.1023700000D+01-0.1066500000D+01-0.3895400000D+01-0.2920000000D-01-0.1740000000D-02 0.4573000000D+01 0.3337000000D-01 0.5180000000D-03 0.3850000000D-01-0.3000004000D+01-0.1467600000D+01-0.2207200000D+01-0.6270300000D+01
1  620180524201806292458262.4-0.7410000000D-01 0.1140000000D-02 0.1916570000D+02 0.2456100000D+00 0.1199000000D-02 0.1880000000D+00-0.1294704000D+01-0.1773000000D+01-0.5167000000D+00-0.5789400000D+01-0.9180000000D-01-0.1760000000D-02 0.5332600000D+01 0.7411000000D-01 0.6390000000D-03 0.4690000000D-01-0.3390844000D+01-0.2577900000D+01-0.5109800000D+01-0.1353100000D+01
1  720180629201808042458298.4-0.9400000000D-02 0.7810000000D-02 0.2812510000D+02 0.3075800000D+00 0.4862000000D-02 0.2343000000D+00-0.2105478000D+01-0.2021000000D+01-0.5585900000D+01-0.1102500000D+01-0.1683000000D+00-0.8000000000D-04 0.7137200000D+01 0.3485000000D-01 0.1405000000D-02 0.5990000000D-01-0.3937188000D+01-0.4736300000D+01-0.5984700000D+01-0.3155600000D+01
1  820180804201809092458334.4 0.2749000000D+00 0.3530000000D-02 0.3330160000D+02 0.1693300000D+00 0.4078000000D-02 0.2330000000D+00-0.2721144000D+01-0.4201000000D+00-0.4891400000D+01-0.2760600000D+01-0.1646000000D+00 0.1400000000D-03 0.7583500000D+01 0.8191000000D-01 0.2227000000D-02 0.5820000000D-01-0.4966456000D+01-0.9210000000D-01-0.2948600000D+01-0.5151600000D+01
1  920180909201810152458370.4 0.4046000000D+00-0.3370000000D-02 0.2644960000D+02 0.2570000000D+00 0.4930000000D-03 0.1660000000D+00-0.3412959000D+01-0.6113700000D+01-0.3959200000D+01-0.4623000000D+01-0.1549000000D+00 0.1420000000D-02 0.6879200000D+01 0.8697000000D-01 0.5040000000D-03 0.4620000000D-01-0.5725581000D+01-0.3378400000D+01-0.5766400000D+01-0.4485000000D+00
1 1020181015201811202458406.4 0.3098000000D+00-0.2390000000D-02 0.1909780000D+02 0.2308700000D+00 0.9560000000D-03 0.1147000000D+00-0.4339810000D+01-0.4645000000D+00-0.2883000000D+01-0.2844000000D+00-0.1044000000D+00 0.1320000000D-02 0.5762700000D+01 0.5824000000D-01 0.8630000000D-03 0.4470000000D-01-0.6040014000D+01-0.4548400000D+01-0.1119600000D+01-0.1801300000D+01
1 1120181120201812262458442.4 0.2069000000D+00-0.1230000000D-02 0.1378480000D+02 0.1840400000D+00 0.8640000000D-03 0.9150000000D-01-0.5365133000D+01-0.1426600000D+01-0.3842400000D+01-0.2385400000D+01-0.6090000000D-01 0.8500000000D-03 0.6220600000D+01 0.1754000000D-01 0.6170000000D-03 0.4510000000D-01-0.2985760000D+00-0.7736000000D+00-0.2549200000D+01-0.3514500000D+01
1 1220181226201901312458478.4 0.1582000000D+00-0.2040000000D-02 0.9874500000D+01 0.1429200000D+00 0.6700000000D-03 0.6160000000D-01-0.1606450000D+00-0.2424200000D+01-0.4736700000D+01-0.4619000000D+01-0.2720000000D-01-0.1000000000D-04 0.6342200000D+01 0.4356000000D-01 0.3690000000D-03 0.4720000000D-01-0.1143441000D+01-0.2911500000D+01-0.4238700000D+01-0.5484500000D+01
2 1320171231201802052458118.4 0.3000000000D-02-0.5000000000D-04 0.1309550000D+02 0.2030400000D+00 0.1400000000D-02 0.6000000000D-03 0.1283918000D+01 0.1700000000D-02 0.5270500000D+01-0.6155900000D+01-0.1700000000D-02 0.7000000000D-04 0.1068690000D+02 0.9442000000D-01 0.6020000000D-03 0.2000000000D-02 0.3956529000D+01 0.2711000000D+01 0.4307000000D+00-0.5183800000D+01
2 1420180205201803132458154.4 0.0000000000D+00 0.4000000000D-04 0.1626210000D+02 0.2700300000D+00 0.1794000000D-02 0.3800000000D-02 0.4049896000D+01 0.2983600000D+01 0.2003300000D+01-0.1887500000D+01 0.5000000000D-03-0.3000000000D-04 0.1143160000D+02 0.7536000000D-01 0.9070000000D-03 0.6000000000D-03 0.7227130000D+00 0.5521700000D+01 0.2750000000D+01-0.1282000000D+01
2 1520180313201804182458190.4 0.2300000000D-02-0.1800000000D-03 0.2251220000D+02 0.3567300000D+00 0.2126000000D-02 0.4000000000D-02 0.5836060000D+00 0.5979600000D+01 0.5110000000D+01-0.2031800000D+01 0.2000000000D-03 0.0000000000D+00 0.1129490000D+02 0.2730000000D-01 0.1307000000D-02 0.4000000000D-02 0.3883235000D+01 0.1455500000D+01 0.5284000000D+01-0.4678100000D+01
2 1620180418201805242458226.4-0.3500000000D-02-0.5000000000D-04 0.3268020000D+02 0.4686000000D+00 0.2292000000D-02 0.5900000000D-02 0.3491415000D+01 0.2737800000D+01 0.2295700000D+01-0.3152600000D+01-0.2200000000D-02 0.1400000000D-03 0.1092220000D+02 0.8185000000D-01 0.1368000000D-02 0.2300000000D-02 0.9968510000D+00 0.2476500000D+01 0.1614600000D+01-0.5302400000D+01
2 1720180524201806292458262.4 0.2000000000D-03-0.4300000000D-03 0.4815420000D+02 0.6654900000D+00 0.2172000000D-02 0.3030000000D-01 0.2165910000D+00 0.5901900000D+01 0.1018000000D+01-0.2335200000D+01 0.6300000000D-02-0.3600000000D-03 0.1316280000D+02 0.1970200000D+00 0.1957000000D-02 0.9800000000D-02 0.4594724000D+01 0.5307800000D+01 0.2684900000D+01-0.2381500000D+01
2 1820180629201808042458298.4-0.2000000000D-01 0.4500000000D-03 0.7047830000D+02 0.7797400000D+00 0.1219800000D-01 0.5410000000D-01 0.3360297000D+01 0.3257900000D+01 0.6091500000D+01-0.1559100000D+01 0.1460000000D-01-0.7300000000D-03 0.1787490000D+02 0.7854000000D-01 0.3888000000D-02 0.1470000000D-01 0.1749493000D+01 0.7624000000D+00 0.5728400000D+01-0.2913600000D+01
2 1920180804201809092458334.4-0.3530000000D-01 0.1350000000D-02 0.8384740000D+02 0.3314900000D+00 0.9564000000D-02 0.4420000000D-01 0.4201480000D+00 0.2871700000D+01 0.4386300000D+01-0.1386700000D+01 0.4300000000D-02-0.1100000000D-03 0.1717590000D+02 0.2436300000D+00 0.5398000000D-02 0.7600000000D-02 0.4704924000D+01 0.3016900000D+01 0.1446000000D+00-0.3607800000D+01
2 2020180909201810152458370.4-0.1260000000D-01 0.3000000000D-03 0.6669290000D+02 0.6778700000D+00 0.8000000000D-03 0.4700000000D-02 0.3706133000D+01 0.1073800000D+01 0.3890700000D+01-0.1033600000D+01-0.6000000000D-02 0.3200000000D-03 0.1525260000D+02 0.1644400000D+00 0.1151000000D-02 0.4800000000D-02 0.1596729000D+01 0.3827300000D+01 0.1670700000D+01-0.1080100000D+01
2 2120181015201811202458406.4-0.6700000000D-02-0.8000000000D-04 0.4783250000D+02 0.6121800000D+00 0.2675000000D-02 0.6600000000D-02 0.4833110000D+00 0.4375800000D+01 0.1943900000D+01-0.1950200000D+01-0.3000000000D-03-0.1000000000D-03 0.1390880000D+02 0.1141700000D+00 0.2112000000D-02 0.3800000000D-02 0.5243482000D+01 0.1756000000D+00 0.3694100000D+01-0.2679700000D+01
2 2220181120201812262458442.4-0.9200000000D-02 0.1000000000D-03 0.3415920000D+02 0.4788300000D+00 0.2381000000D-02 0.4900000000D-02 0.3442354000D+01 0.1123300000D+01 0.5011400000D+01-0.2595200000D+01-0.1800000000D-02-0.1000000000D-04 0.1540800000D+02 0.6241000000D-01 0.1497000000D-02 0.3900000000D-02 0.2340522000D+01 0.1377400000D+01 0.6203100000D+01-0.4022200000D+01
2 2320181226201901312458478.4-0.6200000000D-02 0.4000000000D-04 0.2441550000D+02 0.3694100000D+00 0.1803000000D-02 0.1200000000D-02 0.6220900000D-01 0.4109600000D+01 0.1771900000D+01-0.1940300000D+01-0.3500000000D-02 0.6000000000D-04 0.1555980000D+02 0.1269500000D+00 0.1019000000D-02 0.1400000000D-02 0.5447788000D+01 0.3677300000D+01 0.2168900000D+01-0.1292900000D+01
