 4 2    2   13 19.7027  4.9788 36.0 36.0   23 2457753.5000 2017                                                                                                                                                                                                                                                                                                                  
1  220161231201702052457753.4 0.1667000000D+00-0.8200000000D-03 0.7678500000D+01 0.1006900000D+00 0.5750000000D-03 0.4830000000D-01-0.2283434000D+01-0.4343900000D+01-0.2970000000D-01-0.3486600000D+01 0.5610000000D-01 0.2800000000D-03 0.3938200000D+01 0.2709000000D-01 0.5150000000D-03 0.2930000000D-01-0.3395856000D+01-0.3943500000D+01-0.5833200000D+01-0.4548100000D+01
1  320170205201703132457789.4 0.1447000000D+00-0.1110000000D-02 0.6119300000D+01 0.9162000000D-01 0.4540000000D-03 0.4240000000D-01-0.3429887000D+01-0.5465400000D+01-0.1209200000D+01-0.5699800000D+01 0.7040000000D-01-0.1600000000D-03 0.4367300000D+01 0.3738000000D-01 0.3600000000D-03 0.3120000000D-01-0.4310836000D+01-0.5848300000D+01-0.1315900000D+01-0.1934000000D+00
1  420170313201704182457825.4 0.1054000000D+00-0.2200000000D-03 0.4954200000D+01 0.8295000000D-01 0.4100000000D-03 0.3390000000D-01-0.4660226000D+01-0.2517000000D+00-0.2226200000D+01-0.1834800000D+01 0.6090000000D-01-0.3000000000D-04 0.4156700000D+01 0.4167000000D-01 0.3600000000D-03 0.2920000000D-01-0.5325140000D+01-0.9604000000D+00-0.3007900000D+01-0.2283000000D+01
1  520170418201705242457861.4 0.8970000000D-01-0.3400000000D-03 0.4425500000D+01 0.7645000000D-01 0.4330000000D-03 0.2970000000D-01-0.5962159000D+01-0.1315800000D+01-0.3405500000D+01-0.4129400000D+01 0.5730000000D-01-0.4000000000D-03 0.3500600000D+01 0.3679000000D-01 0.3630000000D-03 0.2190000000D-01-0.5416800000D-01-0.2361300000D+01-0.4521300000D+01-0.4317900000D+01
1  620170524201706292457897.4 0.8420000000D-01-0.4400000000D-03 0.4495200000D+01 0.6643000000D-01 0.3980000000D-03 0.3350000000D-01-0.9542590000D+00-0.2449400000D+01-0.4577500000D+01-0.5100000000D-02 0.4520000000D-01-0.2700000000D-03 0.2563000000D+01 0.3088000000D-01 0.3370000000D-03 0.1450000000D-01-0.9631680000D+00-0.3869800000D+01-0.6029600000D+01-0.6057800000D+01
1  720170629201708042457933.4 0.6690000000D-01 0.1200000000D-03 0.4728900000D+01 0.5623000000D-01 0.3590000000D-03 0.3690000000D-01-0.2124698000D+01-0.3602100000D+01-0.5716900000D+01-0.2216100000D+01 0.3470000000D-01-0.1600000000D-03 0.1644700000D+01 0.2589000000D-01 0.2690000000D-03 0.1120000000D-01-0.1581188000D+01-0.5465600000D+01-0.1302600000D+01-0.1181400000D+01
1  820170804201709092457969.4 0.6640000000D-01-0.1700000000D-03 0.4865000000D+01 0.4762000000D-01 0.2440000000D-03 0.3420000000D-01-0.3210508000D+01-0.4779900000D+01-0.3919000000D+00-0.4263200000D+01 0.2870000000D-01-0.6000000000D-04 0.1480400000D+01 0.2250000000D-01 0.2560000000D-03 0.1310000000D-01-0.1777371000D+01-0.7246000000D+00-0.2708300000D+01-0.2547900000D+01
1  920170909201710152458005.4 0.6680000000D-01-0.3200000000D-03 0.4847800000D+01 0.4472000000D-01 0.2030000000D-03 0.3610000000D-01-0.4252569000D+01-0.5853100000D+01-0.1243600000D+01-0.6224000000D+01 0.2420000000D-01 0.1000000000D-04 0.2119100000D+01 0.2225000000D-01 0.2240000000D-03 0.1790000000D-01-0.2272469000D+01-0.2279300000D+01-0.3999500000D+01-0.4166700000D+01
1 1020171015201711202458041.4 0.5400000000D-01 0.1000000000D-04 0.4811000000D+01 0.4543000000D-01 0.2040000000D-03 0.3700000000D-01-0.5292179000D+01-0.5920000000D+00-0.1735500000D+01-0.2066600000D+01 0.2660000000D-01-0.1200000000D-03 0.2889100000D+01 0.2561000000D-01 0.1990000000D-03 0.2490000000D-01-0.3076749000D+01-0.3677200000D+01-0.5207300000D+01-0.6010400000D+01
1 1120171120201712262458077.4 0.4840000000D-01-0.3600000000D-03 0.4861100000D+01 0.5322000000D-01 0.2850000000D-03 0.3470000000D-01-0.7857600000D-01-0.1540300000D+01-0.2516100000D+01-0.4109000000D+01 0.2400000000D-01 0.1100000000D-03 0.3583800000D+01 0.2983000000D-01 0.1790000000D-03 0.2890000000D-01-0.3987871000D+01-0.4883900000D+01-0.2559000000D+00-0.1690600000D+01
1 1220171226201801312458113.4 0.4280000000D-01-0.9200000000D-03 0.5238600000D+01 0.6712000000D-01 0.4370000000D-03 0.4320000000D-01-0.1205581000D+01-0.2494200000D+01-0.3284300000D+01-0.6175700000D+01 0.2330000000D-01 0.7000000000D-04 0.4173800000D+01 0.3190000000D-01 0.1650000000D-03 0.3220000000D-01-0.4923046000D+01-0.6032300000D+01-0.2039200000D+01-0.3511000000D+01
2 1320161231201702052457753.4-0.4100000000D-02 0.0000000000D+00 0.1907560000D+02 0.2676400000D+00 0.1596000000D-02 0.2400000000D-02 0.4797488000D+01 0.2755900000D+01 0.7012000000D+00-0.5462900000D+01-0.2100000000D-02 0.6000000000D-04 0.9729400000D+01 0.7882000000D-01 0.1255000000D-02 0.3000000000D-02 0.3749112000D+01 0.3002400000D+01 0.1162000000D+01-0.5873500000D+01
2 1420170205201703132457789.4-0.4100000000D-02 0.4000000000D-04 0.1519070000D+02 0.2366000000D+00 0.1273000000D-02 0.7000000000D-03 0.1348510000D+01 0.5625300000D+01 0.3619900000D+01-0.6240800000D+01-0.1600000000D-02 0.3000000000D-04 0.1077880000D+02 0.1038100000D+00 0.1011000000D-02 0.1900000000D-02 0.5147090000D+00 0.5263000000D+01 0.3445300000D+01-0.1665600000D+01
2 1520170313201704182457825.4-0.2800000000D-02 0.6000000000D-04 0.1236860000D+02 0.2156600000D+00 0.1172000000D-02 0.1200000000D-02 0.4105265000D+01 0.2254300000D+01 0.2628000000D+00-0.5335200000D+01 0.3000000000D-03-0.1000000000D-04 0.1024750000D+02 0.1100900000D+00 0.9830000000D-03 0.1500000000D-02 0.3478265000D+01 0.1582900000D+01 0.5794700000D+01-0.4871700000D+01
2 1620170418201705242457861.4-0.4000000000D-03 0.0000000000D+00 0.1114310000D+02 0.1980900000D+00 0.1188000000D-02 0.1100000000D-02 0.5087090000D+00 0.5158100000D+01 0.3108200000D+01-0.1141000000D+01-0.9000000000D-03 0.5000000000D-04 0.8627600000D+01 0.9548000000D-01 0.9610000000D-03 0.1400000000D-02 0.1681090000D+00 0.4171700000D+01 0.1978600000D+01-0.4042000000D+00
2 1720170524201706292457897.4-0.1000000000D-03 0.6000000000D-04 0.1131290000D+02 0.1751400000D+00 0.1157000000D-02 0.1300000000D-02 0.3222738000D+01 0.1731800000D+01 0.5927200000D+01-0.4917200000D+01 0.9000000000D-03-0.4000000000D-04 0.6293700000D+01 0.7690000000D-01 0.8430000000D-03 0.1000000000D-02 0.3247531000D+01 0.3391000000D+00 0.4414800000D+01-0.2783600000D+01
2 1820170629201708042457933.4 0.1600000000D-02 0.2000000000D-04 0.1189930000D+02 0.1498900000D+00 0.9830000000D-03 0.1500000000D-02 0.6034535000D+01 0.4539100000D+01 0.2513200000D+01-0.5502000000D+00-0.3000000000D-03 0.1000000000D-04 0.4067100000D+01 0.6335000000D-01 0.7560000000D-03 0.1300000000D-02 0.3550850000D+00 0.2723100000D+01 0.5457000000D+00-0.5257400000D+01
2 1920170804201709092457969.4 0.2500000000D-02 0.0000000000D+00 0.1217010000D+02 0.1326300000D+00 0.7770000000D-03 0.8000000000D-03 0.2642674000D+01 0.1070400000D+01 0.5487600000D+01-0.5147400000D+01-0.5000000000D-03-0.1000000000D-04 0.3824300000D+01 0.5474000000D-01 0.7100000000D-03 0.8000000000D-03 0.4139298000D+01 0.5067700000D+01 0.3099800000D+01-0.1758000000D+01
2 2020170909201710152458005.4 0.2400000000D-02 0.3000000000D-04 0.1206860000D+02 0.1269600000D+00 0.6730000000D-03 0.1200000000D-02 0.5568699000D+01 0.3950300000D+01 0.2332600000D+01-0.7589000000D+00-0.1000000000D-02 0.0000000000D+00 0.5511500000D+01 0.5784000000D-01 0.6670000000D-03 0.1700000000D-02 0.1304659000D+01 0.1147400000D+01 0.5781900000D+01-0.4429600000D+01
2 2120171015201711202458041.4 0.3400000000D-02-0.2000000000D-04 0.1185850000D+02 0.1331900000D+00 0.7370000000D-03 0.1600000000D-02 0.2203997000D+01 0.6116000000D+00 0.5566000000D+01-0.6093800000D+01-0.1800000000D-02 0.4000000000D-04 0.7445100000D+01 0.7160000000D-01 0.6190000000D-03 0.4000000000D-03 0.4454833000D+01 0.3713900000D+01 0.2216900000D+01-0.2072700000D+01
2 2220171120201712262458077.4 0.2600000000D-02 0.0000000000D+00 0.1191190000D+02 0.1543700000D+00 0.9800000000D-03 0.1400000000D-02 0.5076534000D+01 0.3588300000D+01 0.2465000000D+01-0.1313800000D+01-0.2000000000D-03-0.4000000000D-04 0.9151800000D+01 0.8720000000D-01 0.5570000000D-03 0.1400000000D-02 0.1217827000D+01 0.1791000000D+00 0.4821400000D+01-0.4200300000D+01
2 2320171226201801312458113.4 0.3200000000D-02-0.4000000000D-04 0.1284320000D+02 0.1955700000D+00 0.1348000000D-02 0.1700000000D-02 0.1597249000D+01 0.2868000000D+00 0.5543300000D+01-0.4474000000D+00-0.2700000000D-02 0.1100000000D-03 0.1053280000D+02 0.9471000000D-01 0.5700000000D-03 0.2000000000D-02 0.4235190000D+01 0.3009900000D+01 0.8233000000D+00-0.4858900000D+01
