 6 8    2   33   41   48   56   63   84  115  6.6670  4.5860  3.3280  2.2960  1.3910  0.3940  0.3940  0.0790 12.0 50.0 55.0 50.0 53.0 18.0 12.0 36.0  125 2451909.5000 2001                                                                                                                                                                                                      
1  220001231200101122451909.5 0.6211000000D+00 0.8370000000D-02 0.3048370000D+02 0.4560000000D-01 0.1870000000D-03 0.2895000000D+00 0.2821374000D+01 0.5878200000D+01 0.8824000000D+00 0.1620400000D+01-0.2176000000D+00 0.4370000000D-02 0.1126920000D+02 0.1666000000D-01 0.2140000000D-03 0.1057000000D+00 0.1282577000D+01 0.5065400000D+01 0.6140200000D+01 0.6470000000D-01
1  320010112200101242451921.5 0.7189000000D+00 0.5670000000D-02 0.2993830000D+02 0.5449000000D-01 0.5030000000D-03 0.2829000000D+00 0.1144177000D+01 0.4404100000D+01 0.1338000000D+00 0.4331800000D+01-0.1663000000D+00 0.4690000000D-02 0.1111200000D+02 0.1661000000D-01 0.1530000000D-03 0.1044000000D+00 0.5874847000D+01 0.3647200000D+01 0.4258100000D+01 0.2764700000D+01
1  420010124200102052451933.5 0.7901000000D+00 0.2430000000D-02 0.2931350000D+02 0.5665000000D-01 0.6590000000D-03 0.2750000000D+00 0.5744841000D+01 0.2908600000D+01 0.4386300000D+01 0.7598000000D+00-0.1058000000D+00 0.5070000000D-02 0.1099100000D+02 0.1871000000D-01 0.4200000000D-04 0.1044000000D+00 0.4181714000D+01 0.2219500000D+01 0.4900700000D+01 0.5447000000D+01
1  520010205200102172451945.5 0.8050000000D+00-0.3900000000D-03 0.2867470000D+02 0.5824000000D-01 0.6850000000D-03 0.2656000000D+00 0.4056973000D+01 0.1394000000D+01 0.2356000000D+01 0.3440300000D+01-0.4600000000D-01 0.5140000000D-02 0.1091920000D+02 0.1977000000D-01 0.2120000000D-03 0.1045000000D+00 0.2486073000D+01 0.6244000000D+00 0.3111000000D+01 0.1867200000D+01
1  620010217200103012451957.5 0.8050000000D+00-0.3140000000D-02 0.2804100000D+02 0.6151000000D-01 0.5220000000D-03 0.2612000000D+00 0.2364649000D+01 0.6186400000D+01 0.4821000000D+00 0.6132400000D+01 0.1420000000D-01 0.5300000000D-02 0.1088470000D+02 0.1866000000D-01 0.2990000000D-03 0.1034000000D+00 0.7889520000D+00 0.5306300000D+01 0.9525000000D+00 0.4560400000D+01
1  720010301200103132451969.5 0.7589000000D+00-0.5770000000D-02 0.2744390000D+02 0.6649000000D-01 0.2040000000D-03 0.2559000000D+00 0.6681960000D+00 0.4681400000D+01 0.4292500000D+01 0.2528400000D+01 0.7760000000D-01 0.4970000000D-02 0.1088040000D+02 0.1681000000D-01 0.1900000000D-03 0.1037000000D+00 0.5374645000D+01 0.3862200000D+01 0.5071200000D+01 0.9773000000D+00
1  820010313200103252451981.5 0.6973000000D+00-0.7420000000D-02 0.2692700000D+02 0.7347000000D-01 0.2460000000D-03 0.2555000000D+00 0.5251240000D+01 0.3053400000D+01 0.6006100000D+01 0.5217400000D+01 0.1330000000D+00 0.4600000000D-02 0.1091380000D+02 0.1659000000D-01 0.8700000000D-04 0.1023000000D+00 0.3678009000D+01 0.2393600000D+01 0.2370300000D+01 0.3662000000D+01
1  920010325200104062451993.5 0.6117000000D+00-0.9100000000D-02 0.2646670000D+02 0.7472000000D-01 0.6310000000D-03 0.2490000000D+00 0.3547546000D+01 0.1391300000D+01 0.3740700000D+01 0.1627100000D+01 0.1918000000D+00 0.3920000000D-02 0.1097320000D+02 0.1766000000D-01 0.6500000000D-04 0.1034000000D+00 0.1982340000D+01 0.8636000000D+00 0.5219500000D+01 0.6230000000D-01
1 1020010406200104182452005.5 0.5028000000D+00-0.9580000000D-02 0.2606440000D+02 0.6900000000D-01 0.5500000000D-03 0.2465000000D+00 0.1841451000D+01 0.6056500000D+01 0.1512000000D+01 0.4315500000D+01 0.2368000000D+00 0.3100000000D-02 0.1105650000D+02 0.1830000000D-01 0.1290000000D-03 0.1039000000D+00 0.2877940000D+00 0.5542900000D+01 0.2846300000D+01 0.2755300000D+01
1 1120010418200104302452017.5 0.3938000000D+00-0.1022000000D-01 0.2573800000D+02 0.6566000000D-01 0.3190000000D-03 0.2404000000D+00 0.1346890000D+00 0.4493600000D+01 0.5530300000D+01 0.7199000000D+00 0.2789000000D+00 0.2340000000D-02 0.1116060000D+02 0.1807000000D-01 0.1460000000D-03 0.1066000000D+00 0.4878001000D+01 0.3801100000D+01 0.1643000000D+00 0.5442900000D+01
1 1220010430200105122452029.5 0.2597000000D+00-0.1034000000D-01 0.2549670000D+02 0.6358000000D-01 0.1030000000D-03 0.2377000000D+00 0.4710322000D+01 0.2941800000D+01 0.2515500000D+01 0.3387400000D+01 0.3069000000D+00 0.1350000000D-02 0.1127340000D+02 0.1588000000D-01 0.1940000000D-03 0.1077000000D+00 0.3185478000D+01 0.2088900000D+01 0.3864100000D+01 0.1871400000D+01
1 1320010512200105242452041.5 0.1391000000D+00-0.1051000000D-01 0.2534750000D+02 0.6319000000D-01 0.1240000000D-03 0.2369000000D+00 0.3003007000D+01 0.1351000000D+01 0.5565900000D+01 0.6074700000D+01 0.3232000000D+00 0.5600000000D-03 0.1138370000D+02 0.1349000000D-01 0.1560000000D-03 0.1087000000D+00 0.1494057000D+01 0.5044000000D+00 0.1328700000D+01 0.4576300000D+01
1 1420010524200106052452053.5 0.2200000000D-02-0.1086000000D-01 0.2528800000D+02 0.6504000000D-01 0.3620000000D-03 0.2387000000D+00 0.1296553000D+01 0.6005900000D+01 0.2615300000D+01 0.2465200000D+01 0.3298000000D+00-0.5500000000D-03 0.1148660000D+02 0.1391000000D-01 0.7000000000D-04 0.1098000000D+00 0.6087606000D+01 0.5275900000D+01 0.4250200000D+01 0.1009700000D+01
1 1520010605200106172452065.5-0.1237000000D+00-0.1066000000D-01 0.2532750000D+02 0.6159000000D-01 0.5950000000D-03 0.2423000000D+00 0.5873638000D+01 0.4334600000D+01 0.3046000000D+00 0.5164500000D+01 0.3183000000D+00-0.1560000000D-02 0.1159420000D+02 0.1412000000D-01 0.1510000000D-03 0.1091000000D+00 0.4399231000D+01 0.3667700000D+01 0.1331000000D+01 0.3707900000D+01
1 1620010617200106292452077.5-0.2499000000D+00-0.1071000000D-01 0.2543650000D+02 0.5503000000D-01 0.6830000000D-03 0.2423000000D+00 0.4168786000D+01 0.2725700000D+01 0.4351000000D+01 0.1579300000D+01 0.3016000000D+00-0.2730000000D-02 0.1170100000D+02 0.1390000000D-01 0.1420000000D-03 0.1106000000D+00 0.2712225000D+01 0.1946100000D+01 0.5326700000D+01 0.1327000000D+00
1 1720010629200107112452089.5-0.3763000000D+00-0.9700000000D-02 0.2560810000D+02 0.5127000000D-01 0.3580000000D-03 0.2462000000D+00 0.2466105000D+01 0.1269500000D+01 0.2314300000D+01 0.4285700000D+01 0.2654000000D+00-0.3820000000D-02 0.1180540000D+02 0.1342000000D-01 0.1540000000D-03 0.1111000000D+00 0.1026097000D+01 0.2301000000D+00 0.3008700000D+01 0.2837900000D+01
1 1820010711200107232452101.5-0.4847000000D+00-0.8740000000D-02 0.2587430000D+02 0.5176000000D-01 0.5100000000D-04 0.2451000000D+00 0.7665020000D+00 0.6060600000D+01 0.1938100000D+01 0.7030000000D+00 0.2241000000D+00-0.4620000000D-02 0.1191560000D+02 0.1095000000D-01 0.1300000000D-03 0.1140000000D+00 0.5623877000D+01 0.4764800000D+01 0.2367000000D+00 0.5544400000D+01
1 1920010723200108042452113.5-0.5978000000D+00-0.7020000000D-02 0.2622320000D+02 0.5384000000D-01 0.3530000000D-03 0.2493000000D+00 0.5353146000D+01 0.4523100000D+01 0.7742000000D+00 0.3398700000D+01 0.1685000000D+00-0.5330000000D-02 0.1201930000D+02 0.8810000000D-02 0.1880000000D-03 0.1149000000D+00 0.3938955000D+01 0.3193200000D+01 0.3861600000D+01 0.1987200000D+01
1 2020010804200108162452125.5-0.6783000000D+00-0.5220000000D-02 0.2665730000D+02 0.5356000000D-01 0.5250000000D-03 0.2528000000D+00 0.3659841000D+01 0.2986300000D+01 0.5218200000D+01 0.6109200000D+01 0.1059000000D+00-0.5510000000D-02 0.1211820000D+02 0.9340000000D-02 0.1320000000D-03 0.1167000000D+00 0.2255024000D+01 0.1826800000D+01 0.1266100000D+01 0.4706700000D+01
1 2120010816200108282452137.5-0.7537000000D+00-0.3410000000D-02 0.2717450000D+02 0.5028000000D-01 0.6420000000D-03 0.2610000000D+00 0.1970521000D+01 0.1431700000D+01 0.3089300000D+01 0.2526000000D+01 0.3970000000D-01-0.5740000000D-02 0.1222310000D+02 0.1150000000D-01 0.7500000000D-04 0.1177000000D+00 0.5729120000D+00 0.1818000000D+00 0.4024300000D+01 0.1156300000D+01
1 2220010828200109092452149.5-0.7922000000D+00-0.1100000000D-02 0.2774940000D+02 0.4665000000D-01 0.6600000000D-03 0.2684000000D+00 0.2847020000D+00 0.2600000000D-02 0.9872000000D+00 0.5254100000D+01-0.3370000000D-01-0.5610000000D-02 0.1234000000D+02 0.1263000000D-01 0.1740000000D-03 0.1175000000D+00 0.5174767000D+01 0.4785800000D+01 0.1065400000D+01 0.3870200000D+01
1 2320010909200109212452161.5-0.8070000000D+00 0.1030000000D-02 0.2835590000D+02 0.4951000000D-01 0.3660000000D-03 0.2747000000D+00 0.4886607000D+01 0.4908200000D+01 0.5351800000D+01 0.1697300000D+01-0.1003000000D+00-0.5560000000D-02 0.1246970000D+02 0.1191000000D-01 0.1760000000D-03 0.1190000000D+00 0.3494361000D+01 0.3171700000D+01 0.5193500000D+01 0.3135000000D+00
1 2420010921200110032452173.5-0.7906000000D+00 0.4280000000D-02 0.2897400000D+02 0.5753000000D-01 0.3490000000D-03 0.2834000000D+00 0.3210646000D+01 0.3389100000D+01 0.5443800000D+01 0.4436300000D+01-0.1715000000D+00-0.5290000000D-02 0.1260500000D+02 0.1100000000D-01 0.1480000000D-03 0.1197000000D+00 0.1815186000D+01 0.1615500000D+01 0.2985200000D+01 0.3027900000D+01
1 2520011003200110152452185.5-0.7306000000D+00 0.7430000000D-02 0.2961420000D+02 0.5976000000D-01 0.7780000000D-03 0.2851000000D+00 0.1539247000D+01 0.1858400000D+01 0.3879900000D+01 0.8874000000D+00-0.2307000000D+00-0.4710000000D-02 0.1274610000D+02 0.9900000000D-02 0.8800000000D-04 0.1226000000D+00 0.1369060000D+00 0.2505000000D+00 0.2754000000D+00 0.5745200000D+01
1 2620011015200110272452197.5-0.6460000000D+00 0.1121000000D-01 0.3023080000D+02 0.5657000000D-01 0.8020000000D-03 0.2913000000D+00 0.6155299000D+01 0.3693000000D+00 0.2017200000D+01 0.3620700000D+01-0.2878000000D+00-0.3910000000D-02 0.1287640000D+02 0.1049000000D-01 0.1120000000D-03 0.1237000000D+00 0.4743416000D+01 0.5109400000D+01 0.3367400000D+01 0.2196300000D+01
1 2720011027200111082452209.5-0.5060000000D+00 0.1431000000D-01 0.3077140000D+02 0.5490000000D-01 0.6610000000D-03 0.2938000000D+00 0.4491432000D+01 0.5219100000D+01 0.4283000000D+00 0.7740000000D-01-0.3319000000D+00-0.2500000000D-02 0.1298800000D+02 0.1161000000D-01 0.2120000000D-03 0.1262000000D+00 0.3068406000D+01 0.3441600000D+01 0.2893000000D+00 0.4921100000D+01
1 2820011108200111202452221.5-0.3473000000D+00 0.1643000000D-01 0.3121550000D+02 0.5373000000D-01 0.3800000000D-03 0.2994000000D+00 0.2830135000D+01 0.3865500000D+01 0.5782900000D+01 0.2801300000D+01-0.3619000000D+00-0.1100000000D-02 0.1308730000D+02 0.8770000000D-02 0.2750000000D-03 0.1268000000D+00 0.1394700000D+01 0.1745700000D+01 0.4355900000D+01 0.1378700000D+01
1 2920011120200112022452233.5-0.1469000000D+00 0.1739000000D-01 0.3149930000D+02 0.5411000000D-01 0.5780000000D-03 0.3025000000D+00 0.1170221000D+01 0.2463400000D+01 0.5060200000D+01 0.5547500000D+01-0.3789000000D+00 0.6200000000D-03 0.1315460000D+02 0.3910000000D-02 0.1950000000D-03 0.1259000000D+00 0.6004160000D+01 0.1426000000D+00 0.2082800000D+01 0.4098200000D+01
1 3020011202200112142452245.5 0.5830000000D-01 0.1648000000D-01 0.3160510000D+02 0.5114000000D-01 0.1013000000D-02 0.3035000000D+00 0.5793774000D+01 0.9901000000D+00 0.3328200000D+01 0.1998600000D+01-0.3708000000D+00 0.2020000000D-02 0.1317930000D+02 0.1810000000D-02 0.7700000000D-04 0.1257000000D+00 0.4329383000D+01 0.6261400000D+01 0.7088000000D+00 0.5441000000D+00
1 3120011214200112262452257.5 0.2621000000D+00 0.1506000000D-01 0.3154370000D+02 0.4006000000D-01 0.9830000000D-03 0.3050000000D+00 0.4133454000D+01 0.5936500000D+01 0.1437200000D+01 0.4741700000D+01-0.3517000000D+00 0.3290000000D-02 0.1316110000D+02 0.4730000000D-02 0.1370000000D-03 0.1241000000D+00 0.2653484000D+01 0.5549800000D+01 0.8565000000D+00 0.3249800000D+01
1 3220011226200201072452269.5 0.4523000000D+00 0.1229000000D-01 0.3132100000D+02 0.3577000000D-01 0.5670000000D-03 0.2971000000D+00 0.2469652000D+01 0.4832700000D+01 0.5818700000D+01 0.1187900000D+01-0.3078000000D+00 0.4330000000D-02 0.1310110000D+02 0.6750000000D-02 0.2630000000D-03 0.1243000000D+00 0.9752690000D+00 0.4072500000D+01 0.5518700000D+01 0.5956100000D+01
2 3320001231200102192451909.5-0.6660000000D-01-0.1300000000D-02 0.3916020000D+02 0.6115000000D-01 0.6070000000D-03 0.8900000000D-01 0.4426166000D+01 0.1298700000D+01 0.2663500000D+01-0.4142800000D+01 0.1101000000D+00-0.4400000000D-03 0.1539230000D+02 0.2749000000D-01 0.2060000000D-03 0.3420000000D-01 0.2910299000D+01 0.6159300000D+01 0.1734900000D+01-0.5646300000D+01
2 3420010219200104102451959.5-0.1307000000D+00-0.7000000000D-03 0.3587930000D+02 0.9170000000D-01 0.3200000000D-03 0.7850000000D-01 0.1206271000D+01 0.5112800000D+01 0.3283000000D+00-0.4615800000D+01 0.8820000000D-01-0.3600000000D-03 0.1423910000D+02 0.2815000000D-01 0.1570000000D-03 0.3310000000D-01 0.5972612000D+01 0.3761400000D+01 0.5325000000D+01-0.6156400000D+01
2 3520010410200105302452009.5-0.1638000000D+00-0.4900000000D-03 0.3330650000D+02 0.9814000000D-01 0.2520000000D-03 0.7720000000D-01 0.4197928000D+01 0.2255600000D+01 0.4211600000D+01-0.5185800000D+01 0.7040000000D-01-0.3000000000D-03 0.1377540000D+02 0.3226000000D-01 0.9300000000D-04 0.3300000000D-01 0.2695867000D+01 0.1082100000D+01 0.2438900000D+01-0.3605000000D+00
2 3620010530200107192452059.5-0.1878000000D+00-0.6100000000D-03 0.3248190000D+02 0.9168000000D-01 0.3300000000D-03 0.7810000000D-01 0.8795980000D+00 0.5619700000D+01 0.1409200000D+01-0.5715600000D+01 0.5540000000D-01-0.3200000000D-03 0.1402920000D+02 0.3549000000D-01 0.9600000000D-04 0.3450000000D-01 0.5682361000D+01 0.4441800000D+01 0.6242500000D+01-0.8703000000D+00
2 3720010719200109072452109.5-0.2189000000D+00-0.7500000000D-03 0.3358170000D+02 0.8228000000D-01 0.4600000000D-03 0.8550000000D-01 0.3860954000D+01 0.2807600000D+01 0.4861300000D+01-0.6177400000D+01 0.3960000000D-01-0.4700000000D-03 0.1488630000D+02 0.3481000000D-01 0.1630000000D-03 0.3620000000D-01 0.2400600000D+01 0.1539200000D+01 0.3510800000D+01-0.1343700000D+01
2 3820010907200110272452159.5-0.2574000000D+00-0.6900000000D-03 0.3630940000D+02 0.7633000000D-01 0.5940000000D-03 0.9030000000D-01 0.6115200000D+00 0.2657000000D+00 0.2408000000D+01-0.2885000000D+00 0.1630000000D-01-0.7600000000D-03 0.1621430000D+02 0.3379000000D-01 0.2260000000D-03 0.4160000000D-01 0.5447402000D+01 0.5170000000D+01 0.1174100000D+01-0.1765100000D+01
2 3920011027200112162452209.5-0.2932000000D+00 0.3500000000D-03 0.3951300000D+02 0.6867000000D-01 0.7600000000D-03 0.1015000000D+00 0.3719331000D+01 0.4333200000D+01 0.5193000000D+00-0.6819000000D+00-0.2400000000D-01-0.8100000000D-03 0.1758480000D+02 0.2550000000D-01 0.3410000000D-03 0.4350000000D-01 0.2271602000D+01 0.2848500000D+01 0.5416100000D+01-0.2069000000D+01
2 4020011216200202042452259.5-0.2733000000D+00 0.1490000000D-02 0.4048720000D+02 0.4645000000D-01 0.8240000000D-03 0.9950000000D-01 0.5917000000D+00 0.2749000000D+01 0.4676300000D+01-0.9624000000D+00-0.6760000000D-01-0.4900000000D-03 0.1783580000D+02 0.1961000000D-01 0.2870000000D-03 0.4170000000D-01 0.5414752000D+01 0.1626300000D+01 0.3290400000D+01-0.2486100000D+01
3 4120001231200102242451909.5-0.4000000000D-03-0.4000000000D-04 0.4850050000D+02 0.8712000000D-01 0.7840000000D-03 0.7400000000D-02 0.4977472000D+01 0.1355800000D+01 0.3303500000D+01-0.5516300000D+01 0.3000000000D-02-0.3000000000D-04 0.1822260000D+02 0.3455000000D-01 0.2670000000D-03 0.2200000000D-02 0.3462778000D+01 0.4420000000D-01 0.2378100000D+01-0.9101000000D+00
3 4220010224200104202451964.5-0.2900000000D-02 0.6000000000D-04 0.4404700000D+02 0.9213000000D-01 0.4650000000D-03 0.4100000000D-02 0.5802714000D+01 0.3186000000D+01 0.5061400000D+01-0.4074300000D+01 0.1400000000D-02 0.0000000000D+00 0.1678180000D+02 0.2379000000D-01 0.2080000000D-03 0.1900000000D-02 0.4279348000D+01 0.1917100000D+01 0.3688700000D+01-0.5499300000D+01
3 4320010420200106142452019.5-0.1600000000D-02 0.2000000000D-04 0.4085400000D+02 0.8907000000D-01 0.3960000000D-03 0.4000000000D-02 0.2624040000D+00 0.4580000000D+01 0.3057000000D+00-0.2455800000D+01 0.1100000000D-02 0.1000000000D-04 0.1641790000D+02 0.2932000000D-01 0.1290000000D-03 0.1400000000D-02 0.5030159000D+01 0.3597300000D+01 0.4937200000D+01-0.4134800000D+01
3 4420010614200108082452074.5-0.8000000000D-03 0.0000000000D+00 0.4041540000D+02 0.8164000000D-01 0.5000000000D-03 0.3900000000D-02 0.9798160000D+00 0.5916200000D+01 0.1605000000D+01-0.1310500000D+01 0.1000000000D-02 0.2000000000D-04 0.1710440000D+02 0.3557000000D-01 0.1610000000D-03 0.1600000000D-02 0.5762726000D+01 0.4815300000D+01 0.2051000000D+00-0.2550000000D+01
3 4520010808200110022452129.5 0.8000000000D-03-0.7000000000D-04 0.4275640000D+02 0.8254000000D-01 0.7060000000D-03 0.4400000000D-02 0.1726356000D+01 0.1183100000D+01 0.3054800000D+01-0.5886200000D+01 0.2000000000D-02 0.0000000000D+00 0.1864340000D+02 0.3981000000D-01 0.2580000000D-03 0.2000000000D-02 0.2400000000D+00 0.6141600000D+01 0.1704500000D+01-0.1423800000D+01
3 4620011002200111262452184.5-0.4400000000D-02 0.8000000000D-04 0.4708240000D+02 0.1037900000D+00 0.8870000000D-03 0.6800000000D-02 0.2547920000D+01 0.2989500000D+01 0.5020800000D+01-0.4643600000D+01 0.3200000000D-02-0.4000000000D-04 0.2072770000D+02 0.4507000000D-01 0.3830000000D-03 0.3400000000D-02 0.1065126000D+01 0.1474200000D+01 0.3684200000D+01-0.5676600000D+01
3 4720011126200201202452239.5-0.1400000000D-02 0.4000000000D-04 0.5028500000D+02 0.1061700000D+00 0.1056000000D-02 0.9700000000D-02 0.3455067000D+01 0.4953600000D+01 0.9351000000D+00-0.2284200000D+01 0.5000000000D-03 0.6000000000D-04 0.2205830000D+02 0.3854000000D-01 0.4010000000D-03 0.3000000000D-02 0.1962428000D+01 0.3533900000D+01 0.5720800000D+01-0.3713400000D+01
4 4820001231200102192451909.5 0.1036000000D+00-0.4900000000D-03 0.6207350000D+02 0.9877000000D-01 0.9770000000D-03 0.6100000000D-01 0.5460076000D+01 0.2103500000D+01 0.3712900000D+01 0.5303000000D+01 0.7180000000D-01-0.5000000000D-04 0.2443400000D+02 0.4377000000D-01 0.3220000000D-03 0.2240000000D-01 0.3945253000D+01 0.7217000000D+00 0.2801800000D+01 0.3720800000D+01
4 4920010219200104102451959.5 0.8520000000D-01-0.4000000000D-04 0.5689070000D+02 0.1308800000D+00 0.5930000000D-03 0.5540000000D-01 0.8564050000D+00 0.4636800000D+01 0.6224100000D+01 0.2203900000D+01 0.6910000000D-01-0.2000000000D-04 0.2260050000D+02 0.3796000000D-01 0.2790000000D-03 0.2120000000D-01 0.5623790000D+01 0.3255500000D+01 0.4941500000D+01 0.6712000000D+00
4 5020010410200105302452009.5 0.8030000000D-01 0.1000000000D-04 0.5279100000D+02 0.1400100000D+00 0.4470000000D-03 0.5110000000D-01 0.2463402000D+01 0.4796000000D+00 0.2287900000D+01 0.5353300000D+01 0.6780000000D-01 0.0000000000D+00 0.2184970000D+02 0.4457000000D-01 0.1650000000D-03 0.2190000000D-01 0.9627910000D+00 0.5624700000D+01 0.5780000000D+00 0.3845500000D+01
4 5120010530200107192452059.5 0.8080000000D-01 0.2000000000D-03 0.5150580000D+02 0.1369600000D+00 0.4970000000D-03 0.4960000000D-01 0.4037818000D+01 0.2497000000D+01 0.4441700000D+01 0.2239400000D+01 0.6670000000D-01 0.1000000000D-03 0.2224390000D+02 0.5272000000D-01 0.1400000000D-03 0.2240000000D-01 0.2558565000D+01 0.1338000000D+01 0.2939200000D+01 0.7813000000D+00
4 5220010719200109072452109.5 0.9360000000D-01 0.1000000000D-03 0.5322690000D+02 0.1300200000D+00 0.7060000000D-03 0.5180000000D-01 0.5621257000D+01 0.4574300000D+01 0.3198000000D+00 0.5484200000D+01 0.7120000000D-01 0.1200000000D-03 0.2358910000D+02 0.5486000000D-01 0.2380000000D-03 0.2320000000D-01 0.4162065000D+01 0.3307800000D+01 0.5249300000D+01 0.4083300000D+01
4 5320010907200110272452159.5 0.9770000000D-01-0.8000000000D-04 0.5756490000D+02 0.1221700000D+00 0.9820000000D-03 0.5600000000D-01 0.9687530000D+00 0.6067000000D+00 0.2768800000D+01 0.2521800000D+01 0.8000000000D-01 0.2200000000D-03 0.2569250000D+02 0.5341000000D-01 0.3760000000D-03 0.2470000000D-01 0.5805236000D+01 0.5503000000D+01 0.1486000000D+01 0.1168000000D+01
4 5420011027200112162452209.5 0.9540000000D-01-0.5500000000D-03 0.6266040000D+02 0.1092900000D+00 0.1217000000D-02 0.5890000000D-01 0.2674092000D+01 0.3309500000D+01 0.5652500000D+01 0.5895400000D+01 0.8720000000D-01 0.8000000000D-04 0.2784900000D+02 0.4131000000D-01 0.5440000000D-03 0.2620000000D-01 0.1226455000D+01 0.1824900000D+01 0.4266800000D+01 0.4541700000D+01
4 5520011216200202042452259.5 0.6350000000D-01-0.4500000000D-03 0.6419350000D+02 0.8876000000D-01 0.1235000000D-02 0.5790000000D-01 0.4433813000D+01 0.2095000000D+00 0.2203700000D+01 0.2950700000D+01 0.9550000000D-01-0.6000000000D-04 0.2825070000D+02 0.3585000000D-01 0.4370000000D-03 0.2600000000D-01 0.2973829000D+01 0.5293300000D+01 0.7968000000D+00 0.1608100000D+01
5 5620001231200102222451909.5 0.1364000000D+00-0.1900000000D-03 0.8668230000D+02 0.1446100000D+00 0.1348000000D-02 0.4410000000D-01 0.2301400000D+00 0.3043000000D+01 0.4814200000D+01 0.1970100000D+01 0.3260000000D-01 0.0000000000D+00 0.3451060000D+02 0.6317000000D-01 0.4560000000D-03 0.1730000000D-01 0.5005753000D+01 0.1673300000D+01 0.3881100000D+01 0.4006000000D+00
5 5720010222200104162451962.5 0.1236000000D+00-0.2000000000D-04 0.7901200000D+02 0.1749700000D+00 0.8410000000D-03 0.4160000000D-01 0.4822633000D+01 0.2280800000D+01 0.3977000000D+01 0.4768900000D+01 0.3030000000D-01-0.5000000000D-04 0.3179330000D+02 0.4881000000D-01 0.3910000000D-03 0.1650000000D-01 0.3314561000D+01 0.8986000000D+00 0.2636900000D+01 0.3278400000D+01
5 5820010416200106082452015.5 0.1198000000D+00 0.4000000000D-04 0.7326480000D+02 0.1832400000D+00 0.6400000000D-03 0.4000000000D-01 0.3052164000D+01 0.1101000000D+01 0.2897200000D+01 0.1267800000D+01 0.2630000000D-01-0.8000000000D-04 0.3080050000D+02 0.5839000000D-01 0.2320000000D-03 0.1700000000D-01 0.1561645000D+01 0.6271800000D+01 0.1189900000D+01 0.6075800000D+01
5 5920010608200107312452068.5 0.1226000000D+00 0.1000000000D-03 0.7203400000D+02 0.1814300000D+00 0.7300000000D-03 0.4150000000D-01 0.1248039000D+01 0.6076900000D+01 0.1705700000D+01 0.4067800000D+01 0.2210000000D-01-0.6000000000D-04 0.3157430000D+02 0.7129000000D-01 0.2220000000D-03 0.1850000000D-01 0.6064248000D+01 0.4912200000D+01 0.2506000000D+00 0.2605900000D+01
5 6020010731200109222452121.5 0.1308000000D+00 0.1400000000D-03 0.7547210000D+02 0.1761800000D+00 0.1090000000D-02 0.4630000000D-01 0.5741827000D+01 0.4850200000D+01 0.6157000000D+00 0.6632000000D+00 0.1750000000D-01 0.2000000000D-04 0.3380460000D+02 0.7557000000D-01 0.3880000000D-03 0.2060000000D-01 0.4295839000D+01 0.3566800000D+01 0.5571800000D+01 0.5464100000D+01
5 6120010922200111142452174.5 0.1419000000D+00 0.1100000000D-03 0.8259060000D+02 0.1686400000D+00 0.1533000000D-02 0.5210000000D-01 0.4012877000D+01 0.3941200000D+01 0.6155600000D+01 0.3561600000D+01 0.1610000000D-01 0.1600000000D-03 0.3709730000D+02 0.7326000000D-01 0.6240000000D-03 0.2200000000D-01 0.2576844000D+01 0.2526200000D+01 0.4894200000D+01 0.2176000000D+01
5 6220011114200201062452227.5 0.1514000000D+00-0.1100000000D-03 0.8914580000D+02 0.1509900000D+00 0.1804000000D-02 0.4970000000D-01 0.2369473000D+01 0.3490700000D+01 0.5770000000D+01 0.3143000000D+00 0.2090000000D-01 0.1500000000D-03 0.3978410000D+02 0.5303000000D-01 0.7520000000D-03 0.2350000000D-01 0.9277630000D+00 0.2113400000D+01 0.4326400000D+01 0.5113300000D+01
6 6320001231200101182451909.5 0.7285200000D+01 0.1050000000D+00 0.2019033000D+03 0.4282000000D+00 0.0000000000D+00 0.2915600000D+01 0.5883460000D+00 0.3606600000D+01 0.0000000000D+00 0.2565000000D+01 0.1096100000D+01-0.1738000000D-01 0.7826950000D+02 0.1515500000D+00 0.0000000000D+00 0.1100700000D+01 0.5366769000D+01 0.1955400000D+01 0.0000000000D+00 0.1054200000D+01
6 6420010118200102052451927.5 0.8386100000D+01-0.3236000000D-01 0.1948548000D+03 0.3281100000D+00 0.0000000000D+00 0.2775400000D+01 0.1407782000D+01 0.4633000000D+01 0.0000000000D+00 0.4208800000D+01 0.5619000000D+00 0.4326000000D-01 0.7609500000D+02 0.1387700000D+00 0.0000000000D+00 0.1102000000D+01 0.6189224000D+01 0.3391200000D+01 0.0000000000D+00 0.2684600000D+01
6 6520010205200102232451945.5 0.8126900000D+01-0.3485000000D-01 0.1886250000D+03 0.3452900000D+00 0.0000000000D+00 0.2691400000D+01 0.2215305000D+01 0.5730700000D+01 0.0000000000D+00 0.5815500000D+01 0.1234500000D+01-0.3421000000D-01 0.7335990000D+02 0.6834000000D-01 0.0000000000D+00 0.1056200000D+01 0.7092800000D+00 0.4187700000D+01 0.0000000000D+00 0.4335300000D+01
6 6620010223200103132451963.5 0.6952700000D+01 0.7866000000D-01 0.1822273000D+03 0.3214500000D+00 0.0000000000D+00 0.2589200000D+01 0.3007371000D+01 0.2020000000D+00 0.0000000000D+00 0.1160000000D+01 0.6416000000D+00 0.2544000000D-01 0.7219310000D+02 0.1104400000D+00 0.0000000000D+00 0.1002000000D+01 0.1506199000D+01 0.5156500000D+01 0.0000000000D+00 0.5923700000D+01
6 6720010313200103312451981.5 0.8755800000D+01-0.1490100000D+00 0.1785463000D+03 0.5165100000D+00 0.0000000000D+00 0.2389800000D+01 0.3800668000D+01 0.1381200000D+01 0.0000000000D+00 0.2733000000D+01 0.8233000000D+00 0.1320000000D-02 0.7087870000D+02 0.1058700000D+00 0.0000000000D+00 0.9979000000D+00 0.2300860000D+01 0.1876000000D+00 0.0000000000D+00 0.1225300000D+01
6 6820010331200104182451999.5 0.6862000000D+01 0.3487000000D-01 0.1723956000D+03 0.4039700000D+00 0.0000000000D+00 0.2388500000D+01 0.4582961000D+01 0.2604400000D+01 0.0000000000D+00 0.4279200000D+01 0.1187800000D+01-0.5366000000D-01 0.7036310000D+02 0.1614200000D+00 0.0000000000D+00 0.9579000000D+00 0.3092251000D+01 0.1351400000D+01 0.0000000000D+00 0.2810700000D+01
6 6920010418200105062452017.5 0.6714700000D+01 0.5450000000D-01 0.1690861000D+03 0.4185300000D+00 0.0000000000D+00 0.2340900000D+01 0.5357087000D+01 0.3588800000D+01 0.0000000000D+00 0.5864700000D+01 0.2963000000D+00 0.3418000000D-01 0.6945260000D+02 0.1229800000D+00 0.0000000000D+00 0.9747000000D+00 0.3867634000D+01 0.2744600000D+01 0.0000000000D+00 0.4346800000D+01
6 7020010506200105242452035.5 0.7817000000D+01-0.7203000000D-01 0.1667582000D+03 0.3068000000D+00 0.0000000000D+00 0.2347700000D+01 0.6120121000D+01 0.4456600000D+01 0.0000000000D+00 0.1128900000D+01 0.7619000000D+00-0.2548000000D-01 0.7027000000D+02 0.1217200000D+00 0.0000000000D+00 0.1015700000D+01 0.4641883000D+01 0.3230300000D+01 0.0000000000D+00 0.5948500000D+01
6 7120010524200106112452053.5 0.6429300000D+01 0.8434000000D-01 0.1672369000D+03 0.4271700000D+00 0.0000000000D+00 0.2437700000D+01 0.6090030000D+00 0.5202000000D+01 0.0000000000D+00 0.2722800000D+01 0.5168000000D+00-0.1151000000D-01 0.7089350000D+02 0.1395200000D+00 0.0000000000D+00 0.1021200000D+01 0.5418789000D+01 0.4211700000D+01 0.0000000000D+00 0.1258100000D+01
6 7220010611200106292452071.5 0.7681600000D+01-0.4551000000D-01 0.1665821000D+03 0.4147400000D+00 0.0000000000D+00 0.2419400000D+01 0.1378066000D+01 0.1361000000D+00 0.0000000000D+00 0.4332300000D+01 0.1064000000D+00 0.2608000000D-01 0.7210800000D+02 0.1779400000D+00 0.0000000000D+00 0.1062700000D+01 0.6197907000D+01 0.5030300000D+01 0.0000000000D+00 0.2846400000D+01
6 7320010629200107172452089.5 0.7407800000D+01-0.1185000000D-01 0.1686051000D+03 0.3938900000D+00 0.0000000000D+00 0.2439300000D+01 0.2145765000D+01 0.1026100000D+01 0.0000000000D+00 0.5906900000D+01 0.6022000000D+00-0.3918000000D-01 0.7304470000D+02 0.1700400000D+00 0.0000000000D+00 0.1078100000D+01 0.6873070000D+00 0.6268000000D+01 0.0000000000D+00 0.4471900000D+01
6 7420010717200108042452107.5 0.6961900000D+01 0.5392000000D-01 0.1714658000D+03 0.3412300000D+00 0.0000000000D+00 0.2486600000D+01 0.2915382000D+01 0.2068700000D+01 0.0000000000D+00 0.1227300000D+01-0.4930000000D-01 0.2302000000D-01 0.7541840000D+02 0.1358800000D+00 0.0000000000D+00 0.1068000000D+01 0.1464215000D+01 0.6240000000D+00 0.0000000000D+00 0.6055600000D+01
6 7520010804200108222452125.5 0.8367900000D+01-0.9038000000D-01 0.1766981000D+03 0.3778500000D+00 0.0000000000D+00 0.2463900000D+01 0.3697733000D+01 0.2711000000D+01 0.0000000000D+00 0.2811300000D+01 0.3035000000D+00-0.2422000000D-01 0.7736640000D+02 0.1783400000D+00 0.0000000000D+00 0.1109700000D+01 0.2252816000D+01 0.1602700000D+01 0.0000000000D+00 0.1345800000D+01
6 7620010822200109092452143.5 0.6526600000D+01 0.1429000000D+00 0.1798611000D+03 0.4977900000D+00 0.0000000000D+00 0.2588100000D+01 0.4484954000D+01 0.4099000000D+01 0.0000000000D+00 0.4361500000D+01 0.2191000000D+00-0.2689000000D-01 0.7985260000D+02 0.1752500000D+00 0.0000000000D+00 0.1141700000D+01 0.3042362000D+01 0.2557100000D+01 0.0000000000D+00 0.2955700000D+01
6 7720010909200109272452161.5 0.8096400000D+01 0.1442000000D-01 0.1866167000D+03 0.3810400000D+00 0.0000000000D+00 0.2748500000D+01 0.5273816000D+01 0.5228800000D+01 0.0000000000D+00 0.5986900000D+01-0.6031000000D+00 0.6676000000D-01 0.8183480000D+02 0.2134900000D+00 0.0000000000D+00 0.1185300000D+01 0.3835336000D+01 0.3936000000D+01 0.0000000000D+00 0.4523100000D+01
6 7820010927200110152452179.5 0.9140700000D+01-0.8357000000D-01 0.1927958000D+03 0.3903900000D+00 0.0000000000D+00 0.2840300000D+01 0.6075185000D+01 0.2719000000D+00 0.0000000000D+00 0.1305900000D+01 0.4028000000D+00-0.4035000000D-01 0.8552050000D+02 0.1138900000D+00 0.0000000000D+00 0.1288100000D+01 0.4638032000D+01 0.5149500000D+01 0.0000000000D+00 0.6154600000D+01
6 7920011015200111022452197.5 0.7667300000D+01 0.1043500000D+00 0.2003008000D+03 0.2336100000D+00 0.0000000000D+00 0.3038100000D+01 0.6129710000D+00 0.1246500000D+01 0.0000000000D+00 0.2944900000D+01-0.7800000000D-01 0.1411000000D-01 0.8778450000D+02 0.1239000000D+00 0.0000000000D+00 0.1315000000D+01 0.5458901000D+01 0.5957000000D+01 0.0000000000D+00 0.1528300000D+01
6 8020011102200111202452215.5 0.9764600000D+01-0.1129800000D+00 0.2033652000D+03 0.3844600000D+00 0.0000000000D+00 0.3085700000D+01 0.1441547000D+01 0.2141400000D+01 0.0000000000D+00 0.4627800000D+01 0.4560000000D-01 0.8990000000D-02 0.8969800000D+02 0.1128900000D+00 0.0000000000D+00 0.1335700000D+01 0.6281798000D+01 0.9666000000D+00 0.0000000000D+00 0.3162000000D+01
6 8120011120200112082452233.5 0.8120000000D+01 0.7574000000D-01 0.2072748000D+03 0.4023400000D+00 0.0000000000D+00 0.3007300000D+01 0.2267665000D+01 0.3756600000D+01 0.0000000000D+00 0.6269900000D+01 0.6294000000D+00-0.5428000000D-01 0.9021540000D+02 0.1564100000D+00 0.0000000000D+00 0.1353600000D+01 0.8263250000D+00 0.2061500000D+01 0.0000000000D+00 0.4832300000D+01
6 8220011208200112262452251.5 0.8248300000D+01 0.8517000000D-01 0.2078450000D+03 0.4129800000D+00 0.0000000000D+00 0.3016700000D+01 0.3104660000D+01 0.4931000000D+01 0.0000000000D+00 0.1635000000D+01-0.3999000000D+00 0.7051000000D-01 0.9111660000D+02 0.1916500000D+00 0.0000000000D+00 0.1275300000D+01 0.1653075000D+01 0.3897100000D+01 0.0000000000D+00 0.2026000000D+00
6 8320011226200201132452269.5 0.1003880000D+02-0.1292000000D+00 0.2074943000D+03 0.4079000000D+00 0.0000000000D+00 0.2858500000D+01 0.3943159000D+01 0.2897000000D+00 0.0000000000D+00 0.3285200000D+01 0.4706000000D+00-0.9970000000D-02 0.8972200000D+02 0.1353100000D+00 0.0000000000D+00 0.1246200000D+01 0.2491920000D+01 0.5127900000D+01 0.0000000000D+00 0.1803400000D+01
7 8420001231200101122451909.5 0.8294690000D+02-0.3739820000D+01 0.2067471000D+03 0.1731618000D+02 0.0000000000D+00 0.6950000000D+00 0.7190100000D+00 0.5063800000D+01 0.0000000000D+00 0.4771200000D+01 0.4535000000D+01 0.1998740000D+01 0.7760270000D+02 0.6675900000D+01 0.0000000000D+00 0.3459000000D+00 0.5606945000D+01 0.3699000000D+01 0.0000000000D+00 0.3738300000D+01
7 8520010112200101242451921.5-0.6148240000D+02 0.1652602000D+02 0.1803167000D+03 0.5365590000D+01 0.0000000000D+00 0.3902100000D+01 0.3918453000D+01 0.1448600000D+01 0.0000000000D+00 0.3505500000D+01-0.1206900000D+02 0.6650900000D+00 0.8935600000D+02 0.4521690000D+01 0.0000000000D+00 0.1297400000D+01 0.2607610000D+01 0.4181000000D+00 0.0000000000D+00 0.1486100000D+01
7 8620010124200102052451933.5 0.1123367000D+03-0.1232377000D+02 0.1446378000D+03 0.1036255000D+02 0.0000000000D+00 0.2139700000D+01 0.1474220000D+01 0.4330000000D-01 0.0000000000D+00 0.2143900000D+01 0.1563250000D+02 0.8722200000D+00 0.7137690000D+02 0.5903780000D+01 0.0000000000D+00 0.2842000000D+00 0.1013750000D+00 0.4701800000D+01 0.0000000000D+00 0.8559000000D+00
7 8720010205200102172451945.5 0.4859820000D+02 0.2430630000D+01 0.2333559000D+03 0.1536312000D+02 0.0000000000D+00 0.4297000000D+00 0.5032017000D+01 0.2765200000D+01 0.0000000000D+00 0.5818400000D+01-0.2095690000D+02 0.3569170000D+01 0.8551490000D+02 0.5324030000D+01 0.0000000000D+00 0.5232000000D+00 0.3425271000D+01 0.1070900000D+01 0.0000000000D+00 0.4432300000D+01
7 8820010217200103012451957.5 0.3948760000D+02-0.5838740000D+01 0.1774543000D+03 0.9793800000D+01 0.0000000000D+00 0.4073800000D+01 0.2249925000D+01 0.6054000000D+00 0.0000000000D+00 0.4697200000D+01 0.4592410000D+02-0.5590700000D+01 0.6250740000D+02 0.1763420000D+01 0.0000000000D+00 0.1834600000D+01 0.4623680000D+00 0.4864400000D+01 0.0000000000D+00 0.2838000000D+01
7 8920010301200103132451969.5 0.6523320000D+02-0.4246300000D+00 0.2117792000D+03 0.1648726000D+02 0.0000000000D+00 0.9800000000D+00 0.5925990000D+01 0.3768700000D+01 0.0000000000D+00 0.2642300000D+01-0.5608400000D+01 0.2137720000D+01 0.7794830000D+02 0.5924590000D+01 0.0000000000D+00 0.2723000000D+00 0.4451593000D+01 0.2309400000D+01 0.0000000000D+00 0.1115700000D+01
7 9020010313200103252451981.5-0.5520000000D+01 0.1757200000D+01 0.1968470000D+03 0.1086463000D+02 0.0000000000D+00 0.5935600000D+01 0.3032295000D+01 0.1110700000D+01 0.0000000000D+00 0.4506000000D+00 0.1809310000D+02-0.2975000000D+01 0.7119610000D+02 0.3654490000D+01 0.0000000000D+00 0.2237800000D+01 0.1581090000D+01 0.6026300000D+01 0.0000000000D+00 0.5278000000D+01
7 9120010325200104062451993.5 0.7269310000D+02-0.2525670000D+01 0.1833568000D+03 0.1543534000D+02 0.0000000000D+00 0.7769000000D+00 0.4561970000D+00 0.4755100000D+01 0.0000000000D+00 0.4266300000D+01 0.7496000000D+00 0.1881830000D+01 0.7034520000D+02 0.6004620000D+01 0.0000000000D+00 0.3199000000D+00 0.5332769000D+01 0.3384700000D+01 0.0000000000D+00 0.3220100000D+01
7 9220010406200104182452005.5-0.5781410000D+02 0.1343077000D+02 0.1680857000D+03 0.6013220000D+01 0.0000000000D+00 0.2960500000D+01 0.3597928000D+01 0.1167800000D+01 0.0000000000D+00 0.2886800000D+01 0.7863000000D+00-0.1677170000D+01 0.7439770000D+02 0.3657570000D+01 0.0000000000D+00 0.1695200000D+01 0.2423747000D+01 0.4793000000D+00 0.0000000000D+00 0.1058300000D+01
7 9320010418200104302452017.5 0.9404320000D+02-0.8227350000D+01 0.1422274000D+03 0.1061632000D+02 0.0000000000D+00 0.1257000000D+01 0.1152751000D+01 0.5807500000D+01 0.0000000000D+00 0.1832700000D+01 0.5299800000D+01 0.1930790000D+01 0.6510330000D+02 0.5868910000D+01 0.0000000000D+00 0.3051000000D+00 0.6164115000D+01 0.4471700000D+01 0.0000000000D+00 0.5664400000D+01
7 9420010430200105122452029.5 0.1851990000D+02 0.5786270000D+01 0.1934028000D+03 0.1169737000D+02 0.0000000000D+00 0.9463000000D+00 0.4680983000D+01 0.2430900000D+01 0.0000000000D+00 0.4637200000D+01-0.2679950000D+02 0.3569180000D+01 0.8505330000D+02 0.5319260000D+01 0.0000000000D+00 0.5228000000D+00 0.3061515000D+01 0.6732000000D+00 0.0000000000D+00 0.4093700000D+01
7 9520010512200105242452041.5 0.7785630000D+02-0.1076801000D+02 0.1319158000D+03 0.7732920000D+01 0.0000000000D+00 0.2646200000D+01 0.1928094000D+01 0.6202000000D+00 0.0000000000D+00 0.3894000000D+01 0.4084550000D+02-0.4525910000D+01 0.6565670000D+02 0.2465030000D+01 0.0000000000D+00 0.1823500000D+01 0.1533810000D+00 0.4553600000D+01 0.0000000000D+00 0.2404900000D+01
7 9620010524200106052452053.5 0.5440740000D+02 0.9643100000D+00 0.1977285000D+03 0.1524372000D+02 0.0000000000D+00 0.8537000000D+00 0.5558650000D+01 0.3387700000D+01 0.0000000000D+00 0.2224200000D+01-0.1245800000D+02 0.2319060000D+01 0.7826740000D+02 0.5847840000D+01 0.0000000000D+00 0.2674000000D+00 0.4073590000D+01 0.1902600000D+01 0.0000000000D+00 0.4985000000D+00
7 9720010605200106172452065.5 0.9353000000D+00 0.5734900000D+00 0.1887111000D+03 0.1044345000D+02 0.0000000000D+00 0.5675300000D+01 0.2632216000D+01 0.6944000000D+00 0.0000000000D+00 0.6098700000D+01 0.2016320000D+02-0.3192370000D+01 0.7227610000D+02 0.3686980000D+01 0.0000000000D+00 0.2301600000D+01 0.1183382000D+01 0.5603300000D+01 0.0000000000D+00 0.4684700000D+01
7 9820010617200106292452077.5 0.6764450000D+02-0.1128120000D+01 0.1821758000D+03 0.1545782000D+02 0.0000000000D+00 0.9226000000D+00 0.6982900000D-01 0.4338700000D+01 0.0000000000D+00 0.3783400000D+01-0.6321500000D+01 0.2157540000D+01 0.7273800000D+02 0.6140170000D+01 0.0000000000D+00 0.3314000000D+00 0.4945259000D+01 0.2964600000D+01 0.0000000000D+00 0.2659100000D+01
7 9920010629200107112452089.5-0.4069750000D+02 0.8709340000D+01 0.1841964000D+03 0.8144840000D+01 0.0000000000D+00 0.3471300000D+01 0.3275233000D+01 0.1084100000D+01 0.0000000000D+00 0.1898000000D+01 0.1475980000D+02-0.4235000000D+01 0.6699600000D+02 0.3057930000D+01 0.0000000000D+00 0.2130000000D+01 0.2088764000D+01 0.4523000000D+00 0.0000000000D+00 0.6443000000D+00
710020010711200107232452101.5 0.8278970000D+02-0.4412840000D+01 0.1625389000D+03 0.1347682000D+02 0.0000000000D+00 0.4586000000D+00 0.7889330000D+00 0.5309300000D+01 0.0000000000D+00 0.9111000000D+00-0.4742100000D+01 0.2865730000D+01 0.6680840000D+02 0.6192630000D+01 0.0000000000D+00 0.4834000000D+00 0.5803560000D+01 0.4103800000D+01 0.0000000000D+00 0.5035500000D+01
710120010723200108042452113.5-0.1872950000D+02 0.1068706000D+02 0.1832166000D+03 0.9316480000D+01 0.0000000000D+00 0.1986000000D+01 0.4157742000D+01 0.1847300000D+01 0.0000000000D+00 0.4202900000D+01-0.3151990000D+02 0.3091690000D+01 0.9729130000D+02 0.6074690000D+01 0.0000000000D+00 0.4188000000D+00 0.2678286000D+01 0.3031000000D+00 0.0000000000D+00 0.3402500000D+01
710220010804200108162452125.5 0.1213461000D+03-0.1524010000D+02 0.1172434000D+03 0.6279450000D+01 0.0000000000D+00 0.3175700000D+01 0.1382585000D+01 0.4436000000D+00 0.0000000000D+00 0.2837500000D+01 0.2820390000D+02-0.2092620000D+01 0.7514290000D+02 0.4094100000D+01 0.0000000000D+00 0.1570800000D+01 0.6211040000D+01 0.4519600000D+01 0.0000000000D+00 0.1952400000D+01
710320010816200108282452137.5 0.4645200000D+02 0.2700660000D+01 0.2157957000D+03 0.1613716000D+02 0.0000000000D+00 0.7417000000D+00 0.5130610000D+01 0.2939700000D+01 0.0000000000D+00 0.1623000000D+01-0.2170630000D+02 0.2689810000D+01 0.9041030000D+02 0.6570540000D+01 0.0000000000D+00 0.3222000000D+00 0.3636624000D+01 0.1420900000D+01 0.0000000000D+00 0.5954500000D+01
710420010828200109092452149.5 0.1455600000D+02-0.1204290000D+01 0.2093491000D+03 0.1157203000D+02 0.0000000000D+00 0.6512000000D+01 0.2208535000D+01 0.2782000000D+00 0.0000000000D+00 0.5372100000D+01 0.2995640000D+02-0.4430660000D+01 0.7962950000D+02 0.3529370000D+01 0.0000000000D+00 0.2459400000D+01 0.6902970000D+00 0.5078900000D+01 0.0000000000D+00 0.3908300000D+01
710520010909200109212452161.5 0.6710080000D+02 0.3685500000D+00 0.2100937000D+03 0.1765092000D+02 0.0000000000D+00 0.1155100000D+01 0.5956118000D+01 0.3904400000D+01 0.0000000000D+00 0.3252300000D+01-0.1491960000D+02 0.2622610000D+01 0.8467910000D+02 0.6948160000D+01 0.0000000000D+00 0.3571000000D+00 0.4527433000D+01 0.2495900000D+01 0.0000000000D+00 0.1938400000D+01
710620010921200110032452173.5-0.3481200000D+01 0.1536800000D+01 0.2137110000D+03 0.1135625000D+02 0.0000000000D+00 0.6199300000D+01 0.3046554000D+01 0.1149300000D+01 0.0000000000D+00 0.1141500000D+01 0.2600400000D+02-0.5844670000D+01 0.7208150000D+02 0.2858620000D+01 0.0000000000D+00 0.2450300000D+01 0.1631386000D+01 0.9770000000D-01 0.0000000000D+00 0.6256700000D+01
710720011003200110152452185.5 0.7940910000D+02-0.1481750000D+01 0.2000548000D+03 0.1765191000D+02 0.0000000000D+00 0.7624000000D+00 0.4660830000D+00 0.4902200000D+01 0.0000000000D+00 0.5176700000D+01-0.1083710000D+02 0.3122220000D+01 0.7892330000D+02 0.7057640000D+01 0.0000000000D+00 0.4571000000D+00 0.5390063000D+01 0.3607000000D+01 0.0000000000D+00 0.4332100000D+01
710820011015200110272452197.5-0.6278990000D+02 0.1651101000D+02 0.2080036000D+03 0.9167590000D+01 0.0000000000D+00 0.3204900000D+01 0.3608405000D+01 0.1073700000D+01 0.0000000000D+00 0.3752500000D+01-0.2475120000D+02 0.9682100000D+00 0.1088021000D+03 0.6132630000D+01 0.0000000000D+00 0.8627000000D+00 0.2374112000D+01 0.9250000000D-01 0.0000000000D+00 0.1724400000D+01
710920011027200111082452209.5 0.1425615000D+03-0.1475852000D+02 0.1495019000D+03 0.8062860000D+01 0.0000000000D+00 0.3553500000D+01 0.9932010000D+00 0.6033100000D+01 0.0000000000D+00 0.2228400000D+01 0.5394800000D+01 0.1939460000D+01 0.8138260000D+02 0.6481720000D+01 0.0000000000D+00 0.7286000000D+00 0.6115136000D+01 0.4553000000D+01 0.0000000000D+00 0.1032700000D+01
711020011108200111202452221.5 0.3811560000D+02 0.4714310000D+01 0.2496047000D+03 0.1733816000D+02 0.0000000000D+00 0.4876000000D+00 0.4756877000D+01 0.2522200000D+01 0.0000000000D+00 0.3378000000D+00-0.3110920000D+02 0.3344690000D+01 0.1080986000D+03 0.7416630000D+01 0.0000000000D+00 0.4954000000D+00 0.3231648000D+01 0.9361000000D+00 0.0000000000D+00 0.4909900000D+01
711120011120200112022452233.5 0.6241370000D+02-0.7787240000D+01 0.2052103000D+03 0.1041745000D+02 0.0000000000D+00 0.5865000000D+01 0.1902166000D+01 0.2049000000D+00 0.0000000000D+00 0.4628100000D+01 0.4727100000D+02-0.6259020000D+01 0.8856860000D+02 0.3148700000D+01 0.0000000000D+00 0.2754900000D+01 0.1987930000D+00 0.4385200000D+01 0.0000000000D+00 0.2921100000D+01
711220011202200112142452245.5 0.6392400000D+02 0.1934340000D+01 0.2391478000D+03 0.1925505000D+02 0.0000000000D+00 0.1203600000D+01 0.5648879000D+01 0.3534800000D+01 0.0000000000D+00 0.2654600000D+01-0.2004570000D+02 0.2839230000D+01 0.9709070000D+02 0.7600190000D+01 0.0000000000D+00 0.3992000000D+00 0.4178461000D+01 0.2059300000D+01 0.0000000000D+00 0.9932000000D+00
711320011214200112262452257.5 0.2311830000D+02-0.2611030000D+01 0.2272248000D+03 0.1289142000D+02 0.0000000000D+00 0.7566900000D+01 0.2792931000D+01 0.9687000000D+00 0.0000000000D+00 0.4202000000D+00 0.2320860000D+02-0.4344720000D+01 0.8888770000D+02 0.4246010000D+01 0.0000000000D+00 0.2929300000D+01 0.1281456000D+01 0.5723600000D+01 0.0000000000D+00 0.5228900000D+01
711420011226200201072452269.5 0.8051120000D+02-0.6298300000D+00 0.2181682000D+03 0.1890930000D+02 0.0000000000D+00 0.1055200000D+01 0.1753620000D+00 0.4501800000D+01 0.0000000000D+00 0.4204700000D+01-0.1262470000D+02 0.2904690000D+01 0.8632330000D+02 0.7422670000D+01 0.0000000000D+00 0.3797000000D+00 0.5048964000D+01 0.3125600000D+01 0.0000000000D+00 0.3109700000D+01
811520001231200102052451909.5-0.1748580000D+02 0.1817740000D+01 0.5569905000D+03 0.0000000000D+00 0.0000000000D+00 0.7327000000D+01 0.4303620000D+00 0.0000000000D+00 0.0000000000D+00 0.1346500000D+01-0.3551300000D+01 0.4861100000D+00 0.2057628000D+03 0.0000000000D+00 0.0000000000D+00 0.2578900000D+01 0.5875993000D+01 0.0000000000D+00 0.0000000000D+00 0.3574000000D+00
811620010205200103132451945.5 0.4246620000D+02-0.1806560000D+01 0.5098108000D+03 0.0000000000D+00 0.0000000000D+00 0.5255900000D+01 0.3273744000D+01 0.0000000000D+00 0.0000000000D+00 0.8239000000D+00 0.1768180000D+02-0.3633500000D+00 0.1923203000D+03 0.0000000000D+00 0.0000000000D+00 0.1272000000D+01 0.2409646000D+01 0.0000000000D+00 0.0000000000D+00 0.3953000000D+00
811720010313200104182451981.5-0.3379500000D+01 0.1367980000D+01 0.4731417000D+03 0.0000000000D+00 0.0000000000D+00 0.8479300000D+01 0.6055188000D+01 0.0000000000D+00 0.0000000000D+00 0.6292000000D+00-0.2676500000D+01 0.4448900000D+00 0.1776591000D+03 0.0000000000D+00 0.0000000000D+00 0.3504400000D+01 0.5204555000D+01 0.0000000000D+00 0.0000000000D+00 0.5914000000D+01
811820010418200105242452017.5 0.2222560000D+02-0.9187400000D+00 0.4548306000D+03 0.0000000000D+00 0.0000000000D+00 0.6228100000D+01 0.2515971000D+01 0.0000000000D+00 0.0000000000D+00 0.5328000000D+01 0.2201250000D+02-0.6366200000D+00 0.1653663000D+03 0.0000000000D+00 0.0000000000D+00 0.1681700000D+01 0.1676525000D+01 0.0000000000D+00 0.0000000000D+00 0.4900200000D+01
811920010524200106292452053.5 0.3089900000D+01 0.1280950000D+01 0.4477750000D+03 0.0000000000D+00 0.0000000000D+00 0.5373600000D+01 0.5270105000D+01 0.0000000000D+00 0.0000000000D+00 0.5721200000D+01-0.4817100000D+01 0.4794200000D+00 0.1639890000D+03 0.0000000000D+00 0.0000000000D+00 0.2629300000D+01 0.4426938000D+01 0.0000000000D+00 0.0000000000D+00 0.4742200000D+01
812020010629200108042452089.5 0.3059120000D+02-0.1317480000D+01 0.4613686000D+03 0.0000000000D+00 0.0000000000D+00 0.8914300000D+01 0.1736535000D+01 0.0000000000D+00 0.0000000000D+00 0.4520400000D+01 0.1534990000D+02-0.3008100000D+00 0.1681536000D+03 0.0000000000D+00 0.0000000000D+00 0.3041200000D+01 0.9106330000D+00 0.0000000000D+00 0.0000000000D+00 0.3493700000D+01
812120010804200109092452125.5 0.9905900000D+01 0.1129490000D+01 0.4976538000D+03 0.0000000000D+00 0.0000000000D+00 0.4445700000D+01 0.4519317000D+01 0.0000000000D+00 0.0000000000D+00 0.3583900000D+01 0.4498000000D+00 0.3464800000D+00 0.1754550000D+03 0.0000000000D+00 0.0000000000D+00 0.1552300000D+01 0.3692694000D+01 0.0000000000D+00 0.0000000000D+00 0.3206700000D+01
812220010909200110152452161.5 0.1584230000D+02-0.5256400000D+00 0.5475970000D+03 0.0000000000D+00 0.0000000000D+00 0.9604500000D+01 0.1066878000D+01 0.0000000000D+00 0.0000000000D+00 0.3733700000D+01 0.1751410000D+02-0.6600500000D+00 0.1885408000D+03 0.0000000000D+00 0.0000000000D+00 0.2691300000D+01 0.2072650000D+00 0.0000000000D+00 0.0000000000D+00 0.2592900000D+01
812320011015200111202452197.5 0.3046480000D+02 0.2786200000D+00 0.5828658000D+03 0.0000000000D+00 0.0000000000D+00 0.1260350000D+02 0.3950467000D+01 0.0000000000D+00 0.0000000000D+00 0.2506600000D+01-0.8991000000D+00 0.6633900000D+00 0.2034208000D+03 0.0000000000D+00 0.0000000000D+00 0.3964800000D+01 0.3090982000D+01 0.0000000000D+00 0.0000000000D+00 0.1816400000D+01
812420011120200112262452233.5 0.1246300000D+01 0.4248500000D+00 0.5993510000D+03 0.0000000000D+00 0.0000000000D+00 0.2481000000D+01 0.5908390000D+00 0.0000000000D+00 0.0000000000D+00 0.1970500000D+01 0.8544500000D+01-0.1874100000D+00 0.2111851000D+03 0.0000000000D+00 0.0000000000D+00 0.8203000000D+00 0.6034093000D+01 0.0000000000D+00 0.0000000000D+00 0.1694100000D+01
812520011226200201312452269.5 0.5160510000D+02-0.1435360000D+01 0.5791674000D+03 0.0000000000D+00 0.0000000000D+00 0.1085480000D+02 0.3522721000D+01 0.0000000000D+00 0.0000000000D+00 0.2049300000D+01 0.1750540000D+02-0.2882900000D+00 0.2049488000D+03 0.0000000000D+00 0.0000000000D+00 0.4405000000D+01 0.2682261000D+01 0.0000000000D+00 0.0000000000D+00 0.1137600000D+01
