 6 8    2   33   41   48   56   63   84  115  6.6670  4.5860  3.3280  2.2960  1.3910  0.3940  0.3940  0.0790 12.0 50.0 55.0 50.0 53.0 18.0 12.0 36.0  125 2453370.5000 2005                                                                                                                                                                                                      
1  220041231200501122453370.5 0.4160000000D-01 0.1731000000D-01 0.3145370000D+02 0.5201000000D-01 0.5020000000D-03 0.3001000000D+00 0.3105708000D+01 0.4411100000D+01 0.3968000000D+00 0.2912600000D+01-0.3510000000D+00 0.1690000000D-02 0.1263820000D+02 0.3558000000D-01 0.4060000000D-03 0.1240000000D+00 0.1729038000D+01 0.2162400000D+01 0.4345700000D+01 0.1549400000D+01
1  320050112200501242453382.5 0.2529000000D+00 0.1608000000D-01 0.3155680000D+02 0.5083000000D-01 0.8180000000D-03 0.3015000000D+00 0.1446052000D+01 0.3008900000D+01 0.5451500000D+01 0.5655400000D+01-0.3332000000D+00 0.3700000000D-02 0.1298570000D+02 0.2917000000D-01 0.2930000000D-03 0.1256000000D+00 0.6780200000D-01 0.6626000000D+00 0.2587700000D+01 0.4282700000D+01
1  420050124200502052453394.5 0.4413000000D+00 0.1310000000D-01 0.3147160000D+02 0.4507000000D-01 0.1120000000D-02 0.3005000000D+00 0.6068342000D+01 0.1573700000D+01 0.3624300000D+01 0.2100100000D+01-0.2888000000D+00 0.5170000000D-02 0.1324250000D+02 0.2433000000D-01 0.2590000000D-03 0.1275000000D+00 0.4689788000D+01 0.5528400000D+01 0.1603300000D+01 0.7419000000D+00
1  520050205200502172453406.5 0.6043000000D+00 0.9960000000D-02 0.3123270000D+02 0.3740000000D-01 0.9000000000D-03 0.3004000000D+00 0.4405170000D+01 0.4041000000D+00 0.1785100000D+01 0.4837300000D+01-0.2310000000D+00 0.6320000000D-02 0.1339750000D+02 0.1948000000D-01 0.3980000000D-03 0.1267000000D+00 0.3028060000D+01 0.4183000000D+01 0.4340000000D+00 0.3463500000D+01
1  620050217200503012453418.5 0.7322000000D+00 0.6010000000D-02 0.3084790000D+02 0.4157000000D-01 0.3290000000D-03 0.2914000000D+00 0.2737196000D+01 0.5577400000D+01 0.9850000000D-01 0.1277400000D+01-0.1504000000D+00 0.6870000000D-02 0.1344130000D+02 0.1567000000D-01 0.5000000000D-03 0.1272000000D+00 0.1364177000D+01 0.2926200000D+01 0.5114100000D+01 0.6179200000D+01
1  720050301200503132453430.5 0.8020000000D+00 0.2850000000D-02 0.3033860000D+02 0.5050000000D-01 0.3520000000D-03 0.2857000000D+00 0.1063551000D+01 0.4190300000D+01 0.5913100000D+01 0.3993900000D+01-0.6880000000D-01 0.6880000000D-02 0.1338100000D+02 0.1362000000D-01 0.5330000000D-03 0.1258000000D+00 0.5980887000D+01 0.1834600000D+01 0.3388800000D+01 0.2619200000D+01
1  820050313200503252453442.5 0.8440000000D+00-0.3600000000D-03 0.2973350000D+02 0.5609000000D-01 0.6230000000D-03 0.2762000000D+00 0.5667523000D+01 0.2720500000D+01 0.4278600000D+01 0.4155000000D+00 0.1870000000D-01 0.6670000000D-02 0.1322930000D+02 0.1584000000D-01 0.3770000000D-03 0.1256000000D+00 0.4311482000D+01 0.8730000000D+00 0.1458300000D+01 0.5327900000D+01
1  920050325200504062453454.5 0.8257000000D+00-0.3140000000D-02 0.2908460000D+02 0.5907000000D-01 0.7870000000D-03 0.2702000000D+00 0.3982277000D+01 0.1195000000D+01 0.2426600000D+01 0.3097000000D+01 0.9930000000D-01 0.5870000000D-02 0.1300480000D+02 0.2341000000D-01 0.1350000000D-03 0.1230000000D+00 0.2637573000D+01 0.5789400000D+01 0.5803900000D+01 0.1769000000D+01
1 1020050406200504182453466.5 0.7905000000D+00-0.5470000000D-02 0.2841700000D+02 0.6174000000D-01 0.7510000000D-03 0.2647000000D+00 0.2292048000D+01 0.5990700000D+01 0.5771000000D+00 0.5795400000D+01 0.1681000000D+00 0.5060000000D-02 0.1271060000D+02 0.2959000000D-01 0.9700000000D-04 0.1190000000D+00 0.9594560000D+00 0.4206400000D+01 0.6099900000D+01 0.4477600000D+01
1 1120050418200504302453478.5 0.7155000000D+00-0.7890000000D-02 0.2776650000D+02 0.6709000000D-01 0.3630000000D-03 0.2612000000D+00 0.5972850000D+00 0.4532300000D+01 0.4603600000D+01 0.2192800000D+01 0.2293000000D+00 0.3730000000D-02 0.1235740000D+02 0.3179000000D-01 0.1900000000D-03 0.1154000000D+00 0.5560740000D+01 0.2589900000D+01 0.3880500000D+01 0.9068000000D+00
1 1220050430200505122453490.5 0.6228000000D+00-0.9240000000D-02 0.2718680000D+02 0.7575000000D-01 0.1410000000D-03 0.2576000000D+00 0.5181183000D+01 0.2940100000D+01 0.1454000000D+00 0.4892000000D+01 0.2686000000D+00 0.2400000000D-02 0.1197360000D+02 0.3369000000D-01 0.2470000000D-03 0.1098000000D+00 0.3875560000D+01 0.9681000000D+00 0.1836600000D+01 0.3595000000D+01
1 1320050512200505242453502.5 0.5174000000D+00-0.1068000000D-01 0.2665980000D+02 0.7966000000D-01 0.5400000000D-03 0.2498000000D+00 0.3477685000D+01 0.1292000000D+01 0.3843900000D+01 0.1293300000D+01 0.3003000000D+00 0.9900000000D-03 0.1156340000D+02 0.3511000000D-01 0.1980000000D-03 0.1066000000D+00 0.2187428000D+01 0.5656900000D+01 0.6123000000D+01 0.3300000000D-02
1 1420050524200506052453514.5 0.3879000000D+00-0.1095000000D-01 0.2618850000D+02 0.7573000000D-01 0.4990000000D-03 0.2458000000D+00 0.1770915000D+01 0.5947600000D+01 0.1645000000D+01 0.3981900000D+01 0.3096000000D+00-0.3600000000D-03 0.1114270000D+02 0.3637000000D-01 0.1570000000D-03 0.1024000000D+00 0.4963520000D+00 0.4055600000D+01 0.3779100000D+01 0.2693700000D+01
1 1520050605200506172453526.5 0.2671000000D+00-0.1111000000D-01 0.2579710000D+02 0.7202000000D-01 0.3910000000D-03 0.2387000000D+00 0.6255600000D-01 0.4341200000D+01 0.5666400000D+01 0.3689000000D+00 0.3089000000D+00-0.1300000000D-02 0.1072850000D+02 0.3945000000D-01 0.7100000000D-04 0.1003000000D+00 0.5085762000D+01 0.2414100000D+01 0.3512000000D+00 0.5382800000D+01
1 1620050617200506292453538.5 0.1242000000D+00-0.1083000000D-01 0.2548350000D+02 0.6824000000D-01 0.2390000000D-03 0.2379000000D+00 0.4636110000D+01 0.2771300000D+01 0.3393600000D+01 0.3037600000D+01 0.2941000000D+00-0.2180000000D-02 0.1031770000D+02 0.4065000000D-01 0.2020000000D-03 0.9610000000D-01 0.3388437000D+01 0.7301000000D+00 0.3659200000D+01 0.1803500000D+01
1 1720050629200507112453550.5-0.1900000000D-02-0.1030000000D-01 0.2526140000D+02 0.6683000000D-01 0.1400000000D-03 0.2364000000D+00 0.2926426000D+01 0.1201200000D+01 0.5232000000D+00 0.5719000000D+01 0.2675000000D+00-0.2560000000D-02 0.9915400000D+01 0.3894000000D-01 0.2210000000D-03 0.9250000000D-01 0.1688253000D+01 0.5330400000D+01 0.1368800000D+01 0.4496600000D+01
1 1820050711200507232453562.5-0.1356000000D+00-0.1019000000D-01 0.2513860000D+02 0.6990000000D-01 0.3020000000D-03 0.2398000000D+00 0.1217660000D+01 0.5868200000D+01 0.2765000000D+01 0.2113400000D+01 0.2377000000D+00-0.2970000000D-02 0.9532000000D+01 0.3623000000D-01 0.1490000000D-03 0.8840000000D-01 0.6269367000D+01 0.3704000000D+01 0.5563700000D+01 0.9127000000D+00
1 1920050723200508042453574.5-0.2590000000D+00-0.9510000000D-02 0.2511880000D+02 0.6807000000D-01 0.6290000000D-03 0.2397000000D+00 0.5792247000D+01 0.4201500000D+01 0.4582000000D+00 0.4813700000D+01 0.1975000000D+00-0.3150000000D-02 0.9183300000D+01 0.3346000000D-01 0.5500000000D-04 0.8440000000D-01 0.4564914000D+01 0.2093500000D+01 0.3671700000D+01 0.3585600000D+01
1 2020050804200508162453586.5-0.3710000000D+00-0.9310000000D-02 0.2517880000D+02 0.6139000000D-01 0.6880000000D-03 0.2398000000D+00 0.4084767000D+01 0.2568900000D+01 0.4521300000D+01 0.1220900000D+01 0.1610000000D+00-0.3330000000D-02 0.8877000000D+01 0.3139000000D-01 0.5300000000D-04 0.8210000000D-01 0.2858820000D+01 0.4956000000D+00 0.3209700000D+01 0.6273900000D+01
1 2120050816200508282453598.5-0.4842000000D+00-0.8220000000D-02 0.2530620000D+02 0.5554000000D-01 0.4250000000D-03 0.2411000000D+00 0.2379467000D+01 0.1060900000D+01 0.2507600000D+01 0.3923900000D+01 0.1179000000D+00-0.3520000000D-02 0.8621300000D+01 0.2968000000D-01 0.1680000000D-03 0.8020000000D-01 0.1151429000D+01 0.5197000000D+01 0.1878100000D+01 0.2667500000D+01
1 2220050828200509092453610.5-0.5714000000D+00-0.7050000000D-02 0.2552800000D+02 0.5224000000D-01 0.1250000000D-03 0.2407000000D+00 0.6770110000D+00 0.5853500000D+01 0.5756000000D+00 0.3234000000D+00 0.7810000000D-01-0.3520000000D-02 0.8429300000D+01 0.2733000000D-01 0.3020000000D-03 0.8000000000D-01 0.5726016000D+01 0.3573000000D+01 0.6167400000D+01 0.5358000000D+01
1 2320050909200509212453622.5-0.6621000000D+00-0.5250000000D-02 0.2582960000D+02 0.5270000000D-01 0.1380000000D-03 0.2457000000D+00 0.5261149000D+01 0.4345600000D+01 0.5864000000D+00 0.3022700000D+01 0.3650000000D-01-0.3630000000D-02 0.8296900000D+01 0.2306000000D-01 0.3820000000D-03 0.7870000000D-01 0.4017280000D+01 0.1999200000D+01 0.4171400000D+01 0.1775200000D+01
1 2420050921200510032453634.5-0.7192000000D+00-0.3030000000D-02 0.2621430000D+02 0.5415000000D-01 0.4090000000D-03 0.2496000000D+00 0.3565659000D+01 0.2814100000D+01 0.5314100000D+01 0.5723400000D+01-0.6200000000D-02-0.3490000000D-02 0.8230200000D+01 0.1834000000D-01 0.3000000000D-03 0.7920000000D-01 0.2310099000D+01 0.6090000000D+00 0.2326700000D+01 0.4475400000D+01
1 2520051003200510152453646.5-0.7660000000D+00-0.9800000000D-03 0.2669350000D+02 0.5152000000D-01 0.6370000000D-03 0.2593000000D+00 0.1874178000D+01 0.1221000000D+01 0.3138500000D+01 0.2149300000D+01-0.4650000000D-01-0.3490000000D-02 0.8242000000D+01 0.1718000000D-01 0.2090000000D-03 0.7880000000D-01 0.6066100000D+00 0.5630000000D+01 0.9138000000D+00 0.8998000000D+00
1 2620051015200510272453658.5-0.7799000000D+00 0.1600000000D-02 0.2723410000D+02 0.4674000000D-01 0.7900000000D-03 0.2636000000D+00 0.1861050000D+00 0.6011800000D+01 0.9996000000D+00 0.4876100000D+01-0.9170000000D-01-0.3370000000D-02 0.8335300000D+01 0.1882000000D-01 0.2540000000D-03 0.7970000000D-01 0.5190470000D+01 0.4342000000D+01 0.6030700000D+01 0.3593300000D+01
1 2720051027200511082453670.5-0.7624000000D+00 0.3670000000D-02 0.2781300000D+02 0.4727000000D-01 0.5100000000D-03 0.2705000000D+00 0.4785344000D+01 0.4649000000D+01 0.5367000000D+01 0.1317300000D+01-0.1313000000D+00-0.3340000000D-02 0.8512000000D+01 0.2123000000D-01 0.3160000000D-03 0.8170000000D-01 0.3496372000D+01 0.2983600000D+01 0.4372400000D+01 0.2580000000D-01
1 2820051108200511202453682.5-0.7198000000D+00 0.6510000000D-02 0.2841490000D+02 0.5413000000D-01 0.2370000000D-03 0.2757000000D+00 0.3106591000D+01 0.3181500000D+01 0.4930200000D+01 0.4054000000D+01-0.1754000000D+00-0.3280000000D-02 0.8766600000D+01 0.2443000000D-01 0.3670000000D-03 0.8470000000D-01 0.1808664000D+01 0.1555000000D+01 0.2579600000D+01 0.2728400000D+01
1 2920051120200512022453694.5-0.6303000000D+00 0.9150000000D-02 0.2904250000D+02 0.5853000000D-01 0.6130000000D-03 0.2786000000D+00 0.1432303000D+01 0.1671100000D+01 0.3855300000D+01 0.4906000000D+00-0.2127000000D+00-0.3000000000D-02 0.9091900000D+01 0.2827000000D-01 0.3390000000D-03 0.8910000000D-01 0.1269420000D+00 0.1251000000D+00 0.7440000000D+00 0.5455500000D+01
1 3020051202200512142453706.5-0.5234000000D+00 0.1221000000D-01 0.2966470000D+02 0.5737000000D-01 0.7210000000D-03 0.2854000000D+00 0.6045758000D+01 0.1614000000D+00 0.2099500000D+01 0.3227400000D+01-0.2493000000D+00-0.2540000000D-02 0.9470500000D+01 0.3345000000D-01 0.2080000000D-03 0.9280000000D-01 0.4735143000D+01 0.4916500000D+01 0.5253600000D+01 0.1907400000D+01
1 3120051214200512262453718.5-0.3676000000D+00 0.1494000000D-01 0.3023420000D+02 0.5435000000D-01 0.7360000000D-03 0.2893000000D+00 0.4379813000D+01 0.4957100000D+01 0.3204000000D+00 0.5955600000D+01-0.2777000000D+00-0.1480000000D-02 0.9884000000D+01 0.3886000000D-01 0.1420000000D-03 0.9810000000D-01 0.3066714000D+01 0.3333200000D+01 0.5065900000D+01 0.4647200000D+01
1 3220051226200601072453730.5-0.1982000000D+00 0.1660000000D-01 0.3073250000D+02 0.5078000000D-01 0.4180000000D-03 0.2977000000D+00 0.2716589000D+01 0.3606000000D+01 0.5071400000D+01 0.2406200000D+01-0.2944000000D+00-0.2200000000D-03 0.1032330000D+02 0.4027000000D-01 0.3040000000D-03 0.1012000000D+00 0.1403576000D+01 0.1741000000D+01 0.3803400000D+01 0.1113400000D+01
2 3320041231200502192453370.5-0.2943000000D+00 0.1200000000D-03 0.4029160000D+02 0.5614000000D-01 0.8380000000D-03 0.1001000000D+00 0.4901340000D+01 0.6115200000D+01 0.2215000000D+01-0.4338000000D+01-0.1330000000D-01-0.8100000000D-03 0.1613290000D+02 0.2926000000D-01 0.3880000000D-03 0.3920000000D-01 0.3587633000D+01 0.4105000000D+01 0.7661000000D+00-0.5733700000D+01
2 3420050219200504102453420.5-0.2815000000D+00 0.1030000000D-02 0.3948320000D+02 0.5720000000D-01 0.6830000000D-03 0.8920000000D-01 0.1766225000D+01 0.4748600000D+01 0.6222600000D+01-0.4744500000D+01-0.5530000000D-01-0.4400000000D-03 0.1649450000D+02 0.1418000000D-01 0.3030000000D-03 0.4040000000D-01 0.4347620000D+00 0.3618200000D+01 0.4360000000D+01-0.6119800000D+01
2 3520050410200505302453470.5-0.2276000000D+00 0.1050000000D-02 0.3627680000D+02 0.9123000000D-01 0.3310000000D-03 0.8620000000D-01 0.4838942000D+01 0.2413800000D+01 0.3792700000D+01-0.5259900000D+01-0.7690000000D-01-0.1400000000D-03 0.1527350000D+02 0.4103000000D-01 0.5900000000D-04 0.3540000000D-01 0.3504233000D+01 0.9714000000D+00 0.1680700000D+01-0.2428000000D+00
2 3620050530200507192453520.5-0.1751000000D+00 0.7300000000D-03 0.3346600000D+02 0.1013900000D+00 0.2430000000D-03 0.8090000000D-01 0.1550573000D+01 0.5841300000D+01 0.1540800000D+01-0.5774400000D+01-0.8340000000D-01 0.0000000000D+00 0.1362630000D+02 0.4489000000D-01 0.9100000000D-04 0.3210000000D-01 0.2305190000D+00 0.4158000000D+01 0.1031000000D+01-0.7753000000D+00
2 3720050719200509072453570.5-0.1383000000D+00 0.6800000000D-03 0.3233500000D+02 0.9379000000D-01 0.3170000000D-03 0.8200000000D-01 0.4512429000D+01 0.2895000000D+01 0.5028100000D+01-0.5400000000D-02-0.8290000000D-01 0.1000000000D-04 0.1228450000D+02 0.3532000000D-01 0.1580000000D-03 0.2880000000D-01 0.3219923000D+01 0.9574000000D+00 0.3927700000D+01-0.1288600000D+01
2 3820050907200510272453620.5-0.1042000000D+00 0.8600000000D-03 0.3309270000D+02 0.8268000000D-01 0.4580000000D-03 0.8510000000D-01 0.1204800000D+01 0.5730000000D-01 0.2105700000D+01-0.4923000000D+00-0.8230000000D-01 0.0000000000D+00 0.1151860000D+02 0.1984000000D-01 0.2210000000D-03 0.2800000000D-01 0.6229215000D+01 0.4195600000D+01 0.4279000000D+00-0.1730300000D+01
2 3920051027200512162453670.5-0.6220000000D-01 0.1570000000D-02 0.3558530000D+02 0.7670000000D-01 0.5650000000D-03 0.9600000000D-01 0.4229669000D+01 0.3789000000D+01 0.5926000000D+01-0.8933000000D+00-0.8340000000D-01 0.0000000000D+00 0.1158010000D+02 0.1449000000D-01 0.2140000000D-03 0.2960000000D-01 0.2996750000D+01 0.2502700000D+01 0.3486900000D+01-0.2124800000D+01
2 4020051216200602042453720.5 0.1700000000D-01 0.2110000000D-02 0.3882270000D+02 0.6819000000D-01 0.7250000000D-03 0.9590000000D-01 0.1044596000D+01 0.1511200000D+01 0.3991800000D+01-0.1198400000D+01-0.8380000000D-01 0.1400000000D-03 0.1267210000D+02 0.3418000000D-01 0.1460000000D-03 0.3490000000D-01 0.6094479000D+01 0.6223800000D+01 0.2727700000D+01-0.2534400000D+01
3 4120041231200502242453370.5-0.1900000000D-02 0.8000000000D-04 0.4990390000D+02 0.1082500000D+00 0.1049000000D-02 0.9500000000D-02 0.3343888000D+01 0.4709700000D+01 0.6901000000D+00-0.2512500000D+01 0.8000000000D-03 0.4000000000D-04 0.1915910000D+02 0.4307000000D-01 0.4690000000D-03 0.3100000000D-02 0.2047248000D+01 0.2833500000D+01 0.5499400000D+01-0.4225600000D+01
3 4220050224200504202453425.5 0.1900000000D-02-0.9000000000D-04 0.4858050000D+02 0.8812000000D-01 0.8240000000D-03 0.5300000000D-02 0.4260485000D+01 0.6069000000D+00 0.2581500000D+01-0.5701000000D+00 0.3100000000D-02-0.2000000000D-04 0.1953580000D+02 0.2446000000D-01 0.3310000000D-03 0.3000000000D-02 0.2937657000D+01 0.5615200000D+01 0.7096000000D+00-0.2158100000D+01
3 4320050420200506142453480.5-0.1700000000D-02 0.3000000000D-04 0.4412700000D+02 0.9371000000D-01 0.4500000000D-03 0.5200000000D-02 0.5086588000D+01 0.2478700000D+01 0.4307400000D+01-0.5431400000D+01 0.2400000000D-02-0.2000000000D-04 0.1774760000D+02 0.4556000000D-01 0.7300000000D-04 0.1500000000D-02 0.3755534000D+01 0.1041600000D+01 0.2693700000D+01-0.2873000000D+00
3 4420050614200508082453535.5-0.1400000000D-02 0.3000000000D-04 0.4082370000D+02 0.9193000000D-01 0.3880000000D-03 0.3400000000D-02 0.5827233000D+01 0.3836000000D+01 0.5902400000D+01-0.4077500000D+01 0.1500000000D-02 0.0000000000D+00 0.1563170000D+02 0.4470000000D-01 0.1360000000D-03 0.1600000000D-02 0.4504952000D+01 0.2033100000D+01 0.5038100000D+01-0.5276400000D+01
3 4520050808200510022453590.5-0.9000000000D-03 0.3000000000D-04 0.4018910000D+02 0.8131000000D-01 0.5110000000D-03 0.4500000000D-02 0.2593470000D+00 0.5148000000D+01 0.8730000000D+00-0.2592500000D+01 0.1300000000D-02 0.0000000000D+00 0.1412790000D+02 0.2992000000D-01 0.2290000000D-03 0.1300000000D-02 0.5239450000D+01 0.2908100000D+01 0.5768200000D+01-0.4129600000D+01
3 4620051002200511262453645.5 0.1300000000D-02-0.5000000000D-04 0.4236270000D+02 0.8096000000D-01 0.6890000000D-03 0.4800000000D-02 0.1004691000D+01 0.4417000000D+00 0.2302100000D+01-0.1315200000D+01 0.1200000000D-02 0.1000000000D-04 0.1362440000D+02 0.9390000000D-02 0.3110000000D-03 0.1500000000D-02 0.6005427000D+01 0.4718300000D+01 0.2224000000D+00-0.2567900000D+01
3 4720051126200601202453700.5-0.9000000000D-03-0.2000000000D-04 0.4661010000D+02 0.1019100000D+00 0.8730000000D-03 0.9400000000D-02 0.1823963000D+01 0.2244600000D+01 0.4292400000D+01-0.5654300000D+01 0.3400000000D-02-0.5000000000D-04 0.1457170000D+02 0.3855000000D-01 0.1430000000D-03 0.1500000000D-02 0.5465850000D+00 0.7801000000D+00 0.2132000000D+01-0.1056400000D+01
4 4820041231200502192453370.5-0.8860000000D-01-0.4800000000D-03 0.6387750000D+02 0.9840000000D-01 0.1298000000D-02 0.5200000000D-01 0.3168084000D+01 0.4415600000D+01 0.4117000000D+00 0.5715000000D+01 0.6560000000D-01-0.1500000000D-03 0.2558860000D+02 0.4794000000D-01 0.5990000000D-03 0.2440000000D-01 0.1854191000D+01 0.2427500000D+01 0.5223900000D+01 0.4539100000D+01
4 4920050219200504102453420.5-0.1248000000D+00 0.0000000000D+00 0.6261100000D+02 0.9729000000D-01 0.1067000000D-02 0.5200000000D-01 0.4925011000D+01 0.1411700000D+01 0.3115000000D+01 0.2798600000D+01 0.5860000000D-01-0.1400000000D-03 0.2616930000D+02 0.2395000000D-01 0.4710000000D-03 0.2420000000D-01 0.3592983000D+01 0.1040000000D+00 0.1227200000D+01 0.1492800000D+01
4 5020050410200505302453470.5-0.1176000000D+00 0.1300000000D-03 0.5750140000D+02 0.1306600000D+00 0.6010000000D-03 0.5190000000D-01 0.3308970000D+00 0.4057400000D+01 0.5586200000D+01 0.6081300000D+01 0.4950000000D-01-0.1600000000D-03 0.2423120000D+02 0.5981000000D-01 0.1270000000D-03 0.2280000000D-01 0.5278899000D+01 0.2606200000D+01 0.3622700000D+01 0.4823700000D+01
4 5120050530200507192453520.5-0.1119000000D+00 0.2000000000D-03 0.5306190000D+02 0.1437700000D+00 0.4190000000D-03 0.5290000000D-01 0.1941789000D+01 0.6183200000D+01 0.1727300000D+01 0.2998100000D+01 0.4260000000D-01-0.4000000000D-04 0.2161390000D+02 0.6571000000D-01 0.1240000000D-03 0.2080000000D-01 0.6217630000D+00 0.4462800000D+01 0.1095400000D+01 0.1718800000D+01
4 5220050719200509072453570.5-0.1035000000D+00 0.7000000000D-04 0.5125760000D+02 0.1388200000D+00 0.4890000000D-03 0.5260000000D-01 0.3515152000D+01 0.1895400000D+01 0.3886400000D+01 0.6175100000D+01 0.4020000000D-01-0.6000000000D-04 0.1948560000D+02 0.5335000000D-01 0.2370000000D-03 0.1840000000D-01 0.2223293000D+01 0.6195100000D+01 0.2820100000D+01 0.4859800000D+01
4 5320050907200510272453620.5-0.9840000000D-01-0.1900000000D-03 0.5245600000D+02 0.1288200000D+00 0.6770000000D-03 0.5370000000D-01 0.5094230000D+01 0.3964800000D+01 0.5974800000D+01 0.3099800000D+01 0.3640000000D-01 0.0000000000D+00 0.1825890000D+02 0.3076000000D-01 0.3450000000D-03 0.1790000000D-01 0.3836250000D+01 0.1784700000D+01 0.4287700000D+01 0.1885000000D+01
4 5420051027200512162453670.5-0.1064000000D+00-0.3400000000D-03 0.5642890000D+02 0.1218600000D+00 0.9180000000D-03 0.5490000000D-01 0.4340430000D+00 0.6255800000D+01 0.2116700000D+01 0.9070000000D-01 0.3740000000D-01 0.0000000000D+00 0.1834540000D+02 0.2337000000D-01 0.3440000000D-03 0.1790000000D-01 0.5485010000D+01 0.4957800000D+01 0.6001000000D+01 0.5077900000D+01
4 5520051216200602042453720.5-0.1314000000D+00-0.5600000000D-03 0.6155300000D+02 0.1084800000D+00 0.1184000000D-02 0.5590000000D-01 0.2129076000D+01 0.2608200000D+01 0.4963600000D+01 0.3452700000D+01 0.3440000000D-01-0.4000000000D-04 0.2006370000D+02 0.5455000000D-01 0.2490000000D-03 0.1850000000D-01 0.8957270000D+00 0.1040400000D+01 0.3656200000D+01 0.2132000000D+01
5 5620041231200502222453370.5 0.1078000000D+00 0.1300000000D-03 0.8913550000D+02 0.1487200000D+00 0.1800000000D-02 0.5630000000D-01 0.1681263000D+01 0.2956100000D+01 0.5207900000D+01 0.5813700000D+01-0.1220000000D-01 0.1100000000D-03 0.3545880000D+02 0.6974000000D-01 0.8430000000D-03 0.2380000000D-01 0.3801830000D+00 0.1005400000D+01 0.3737400000D+01 0.4549300000D+01
5 5720050222200504162453423.5 0.1103000000D+00-0.1200000000D-03 0.8704760000D+02 0.1452600000D+00 0.1440000000D-02 0.5240000000D-01 0.7018200000D-01 0.2804900000D+01 0.4617800000D+01 0.2526300000D+01-0.1040000000D-01 0.8000000000D-04 0.3620500000D+02 0.3970000000D-01 0.6140000000D-03 0.2090000000D-01 0.5033230000D+01 0.1490100000D+01 0.2725200000D+01 0.1166300000D+01
5 5820050416200506082453476.5 0.9980000000D-01-0.1300000000D-03 0.7937740000D+02 0.1769100000D+00 0.8340000000D-03 0.4730000000D-01 0.4666997000D+01 0.2105800000D+01 0.3750200000D+01 0.5323500000D+01-0.7600000000D-02-0.1000000000D-04 0.3315400000D+02 0.8375000000D-01 0.1510000000D-03 0.1880000000D-01 0.3344853000D+01 0.6324000000D+00 0.2003100000D+01 0.4053100000D+01
5 5920050608200507312453529.5 0.9010000000D-01-0.1900000000D-03 0.7330810000D+02 0.1884900000D+00 0.6190000000D-03 0.4430000000D-01 0.2896667000D+01 0.9062000000D+00 0.2757600000D+01 0.1823500000D+01-0.9700000000D-02-0.5000000000D-04 0.2931340000D+02 0.8684000000D-01 0.2030000000D-03 0.1690000000D-01 0.1593202000D+01 0.5408600000D+01 0.2069000000D+01 0.5586000000D+00
5 6020050731200509222453582.5 0.7960000000D-01-0.1300000000D-03 0.7157330000D+02 0.1819900000D+00 0.7410000000D-03 0.4530000000D-01 0.1090684000D+01 0.5862500000D+01 0.1529700000D+01 0.4603400000D+01-0.1270000000D-01 0.0000000000D+00 0.2636880000D+02 0.6547000000D-01 0.3580000000D-03 0.1590000000D-01 0.6102128000D+01 0.3778000000D+01 0.3368000000D+00 0.3365100000D+01
5 6120050922200511142453635.5 0.7450000000D-01-0.5000000000D-04 0.7453460000D+02 0.1737100000D+00 0.1058000000D-02 0.5060000000D-01 0.5581648000D+01 0.4643600000D+01 0.3871000000D+00 0.1162700000D+01-0.1390000000D-01-0.1000000000D-04 0.2496510000D+02 0.3102000000D-01 0.5180000000D-03 0.1620000000D-01 0.4345306000D+01 0.2485100000D+01 0.4748200000D+01 0.6210300000D+01
5 6220051114200601062453688.5 0.7270000000D-01 0.1300000000D-03 0.8139590000D+02 0.1682500000D+00 0.1486000000D-02 0.5690000000D-01 0.3847930000D+01 0.3712600000D+01 0.5950000000D+01 0.4052500000D+01-0.1750000000D-01 0.8000000000D-04 0.2582490000D+02 0.4921000000D-01 0.3370000000D-03 0.1760000000D-01 0.2631136000D+01 0.2497400000D+01 0.3463400000D+01 0.2906100000D+01
6 6320041231200501182453370.5 0.6191600000D+01-0.3257000000D-01 0.2071947000D+03 0.2905600000D+00 0.0000000000D+00 0.2972800000D+01 0.3396528000D+01 0.4953100000D+01 0.0000000000D+00 0.2993700000D+01-0.1791400000D+01-0.2335000000D-01 0.8148020000D+02 0.1396900000D+00 0.0000000000D+00 0.1180500000D+01 0.2085695000D+01 0.2698300000D+01 0.0000000000D+00 0.1652400000D+01
6 6420050118200502052453388.5 0.5228500000D+01 0.1005700000D+00 0.2065806000D+03 0.3359700000D+00 0.0000000000D+00 0.2966000000D+01 0.4233327000D+01 0.5852100000D+01 0.0000000000D+00 0.4608100000D+01-0.2280600000D+01 0.3805000000D-01 0.8312130000D+02 0.1361700000D+00 0.0000000000D+00 0.1227700000D+01 0.2909743000D+01 0.4198300000D+01 0.0000000000D+00 0.3292000000D+01
6 6520050205200502232453406.5 0.7315500000D+01-0.1348100000D+00 0.2060758000D+03 0.4644100000D+00 0.0000000000D+00 0.3049700000D+01 0.5062800000D+01 0.1143600000D+01 0.0000000000D+00 0.6252600000D+01-0.2038800000D+01 0.2477000000D-01 0.8373080000D+02 0.1038000000D+00 0.0000000000D+00 0.1217900000D+01 0.3740666000D+01 0.5615600000D+01 0.0000000000D+00 0.4935800000D+01
6 6620050223200503132453424.5 0.5822700000D+01 0.1038000000D-01 0.2017025000D+03 0.3583800000D+00 0.0000000000D+00 0.2959400000D+01 0.5898947000D+01 0.2470300000D+01 0.0000000000D+00 0.1630600000D+01-0.1321800000D+01-0.5353000000D-01 0.8359500000D+02 0.1632100000D+00 0.0000000000D+00 0.1241200000D+01 0.4563521000D+01 0.1091300000D+01 0.0000000000D+00 0.2702000000D+00
6 6720050313200503312453442.5 0.5327600000D+01 0.6104000000D-01 0.1962885000D+03 0.3972900000D+00 0.0000000000D+00 0.2894500000D+01 0.4364560000D+00 0.3706000000D+01 0.0000000000D+00 0.3247000000D+01-0.2107700000D+01 0.3729000000D-01 0.8133030000D+02 0.1283600000D+00 0.0000000000D+00 0.1223300000D+01 0.5389227000D+01 0.2509100000D+01 0.0000000000D+00 0.1933200000D+01
6 6820050331200504182453460.5 0.6539000000D+01-0.9795000000D-01 0.1886068000D+03 0.2753400000D+00 0.0000000000D+00 0.2820600000D+01 0.1245368000D+01 0.4779300000D+01 0.0000000000D+00 0.4890900000D+01-0.1450700000D+01-0.3002000000D-01 0.7858440000D+02 0.1502500000D+00 0.0000000000D+00 0.1142100000D+01 0.6190058000D+01 0.3076800000D+01 0.0000000000D+00 0.3558700000D+01
6 6920050418200505062453478.5 0.4455900000D+01 0.1099600000D+00 0.1836396000D+03 0.4167400000D+00 0.0000000000D+00 0.2604300000D+01 0.2035042000D+01 0.5434900000D+01 0.0000000000D+00 0.2200000000D+00-0.1685400000D+01-0.3710000000D-02 0.7585500000D+02 0.1800100000D+00 0.0000000000D+00 0.1096000000D+01 0.7084340000D+00 0.4137400000D+01 0.0000000000D+00 0.5149900000D+01
6 7020050506200505242453496.5 0.5884600000D+01-0.7433000000D-01 0.1781229000D+03 0.4545300000D+00 0.0000000000D+00 0.2513500000D+01 0.2832105000D+01 0.5185000000D+00 0.0000000000D+00 0.1770600000D+01-0.2112500000D+01 0.5194000000D-01 0.7321440000D+02 0.2350700000D+00 0.0000000000D+00 0.1024200000D+01 0.1498358000D+01 0.4969700000D+01 0.0000000000D+00 0.4866000000D+00
6 7120050524200506112453514.5 0.5639100000D+01-0.9812000000D-01 0.1735149000D+03 0.4808600000D+00 0.0000000000D+00 0.2443100000D+01 0.3611870000D+01 0.1472800000D+01 0.0000000000D+00 0.3363700000D+01-0.1213600000D+01-0.4687000000D-01 0.6979570000D+02 0.2071200000D+00 0.0000000000D+00 0.9566000000D+00 0.2295570000D+01 0.6231500000D+01 0.0000000000D+00 0.2028700000D+01
6 7220050611200506292453532.5 0.3684000000D+01 0.8872000000D-01 0.1682868000D+03 0.3846600000D+00 0.0000000000D+00 0.2369900000D+01 0.4385999000D+01 0.2738100000D+01 0.0000000000D+00 0.4900100000D+01-0.1781100000D+01 0.1151000000D-01 0.6679070000D+02 0.1657000000D+00 0.0000000000D+00 0.9553000000D+00 0.3069317000D+01 0.5718000000D+00 0.0000000000D+00 0.3604500000D+01
6 7320050629200507172453550.5 0.5001800000D+01-0.8360000000D-01 0.1670217000D+03 0.3420800000D+00 0.0000000000D+00 0.2452900000D+01 0.5147920000D+01 0.3256100000D+01 0.0000000000D+00 0.1863000000D+00-0.1724400000D+01 0.6110000000D-02 0.6429620000D+02 0.1574400000D+00 0.0000000000D+00 0.9218000000D+00 0.3848815000D+01 0.1426300000D+01 0.0000000000D+00 0.5197500000D+01
6 7420050717200508042453568.5 0.3726600000D+01 0.2710000000D-01 0.1659787000D+03 0.4214800000D+00 0.0000000000D+00 0.2455000000D+01 0.5921291000D+01 0.4327600000D+01 0.0000000000D+00 0.1791500000D+01-0.1549000000D+01-0.1532000000D-01 0.6225170000D+02 0.1562300000D+00 0.0000000000D+00 0.9047000000D+00 0.4625753000D+01 0.2181400000D+01 0.0000000000D+00 0.4914000000D+00
6 7520050804200508222453586.5 0.3646600000D+01 0.1781000000D-01 0.1661017000D+03 0.4052500000D+00 0.0000000000D+00 0.2458300000D+01 0.4044040000D+00 0.5258400000D+01 0.0000000000D+00 0.3365100000D+01-0.2016200000D+01 0.3767000000D-01 0.6020050000D+02 0.1396400000D+00 0.0000000000D+00 0.9011000000D+00 0.5411449000D+01 0.3377800000D+01 0.0000000000D+00 0.2110000000D+01
6 7620050822200509092453604.5 0.4328100000D+01-0.8365000000D-01 0.1666569000D+03 0.4065900000D+00 0.0000000000D+00 0.2515500000D+01 0.1173536000D+01 0.1531000000D+00 0.0000000000D+00 0.4969500000D+01-0.1461200000D+01-0.2424000000D-01 0.5860470000D+02 0.7226000000D-01 0.0000000000D+00 0.8524000000D+00 0.6183084000D+01 0.3974000000D+01 0.0000000000D+00 0.3725200000D+01
6 7720050909200509272453622.5 0.2786700000D+01 0.7010000000D-01 0.1703300000D+03 0.2925400000D+00 0.0000000000D+00 0.2473600000D+01 0.1939945000D+01 0.8933000000D+00 0.0000000000D+00 0.2834000000D+00-0.1765700000D+01 0.5960000000D-02 0.5789510000D+02 0.7621000000D-01 0.0000000000D+00 0.8378000000D+00 0.6865210000D+00 0.4959200000D+01 0.0000000000D+00 0.5300900000D+01
6 7820050927200510152453640.5 0.4195800000D+01-0.1031500000D+00 0.1741781000D+03 0.4423300000D+00 0.0000000000D+00 0.2511000000D+01 0.2726555000D+01 0.1814600000D+01 0.0000000000D+00 0.1833300000D+01-0.1811600000D+01 0.1065000000D-01 0.5751340000D+02 0.5664000000D-01 0.0000000000D+00 0.8384000000D+00 0.1474511000D+01 0.6107900000D+01 0.0000000000D+00 0.6229000000D+00
6 7920051015200511022453658.5 0.3018400000D+01 0.1085000000D-01 0.1784503000D+03 0.3993000000D+00 0.0000000000D+00 0.2656600000D+01 0.3506441000D+01 0.3047800000D+01 0.0000000000D+00 0.3430100000D+01-0.1315500000D+01-0.5361000000D-01 0.5751110000D+02 0.1101500000D+00 0.0000000000D+00 0.8235000000D+00 0.2276177000D+01 0.1475300000D+01 0.0000000000D+00 0.2191000000D+01
6 8020051102200511202453676.5 0.2111000000D+01 0.1327400000D+00 0.1833741000D+03 0.4809300000D+00 0.0000000000D+00 0.2712600000D+01 0.4299822000D+01 0.4226100000D+01 0.0000000000D+00 0.5017100000D+01-0.2106800000D+01 0.2554000000D-01 0.5824400000D+02 0.1105900000D+00 0.0000000000D+00 0.8817000000D+00 0.3062879000D+01 0.3200600000D+01 0.0000000000D+00 0.3767300000D+01
6 8120051120200512082453694.5 0.4461600000D+01-0.1137600000D+00 0.1912482000D+03 0.3013900000D+00 0.0000000000D+00 0.2947200000D+01 0.5095146000D+01 0.5670500000D+01 0.0000000000D+00 0.3353000000D+00-0.1784100000D+01-0.1451000000D-01 0.6029670000D+02 0.1159200000D+00 0.0000000000D+00 0.9243000000D+00 0.3870917000D+01 0.3946500000D+01 0.0000000000D+00 0.5408000000D+01
6 8220051208200512262453712.5 0.2799300000D+01 0.8383000000D-01 0.1973151000D+03 0.2832800000D+00 0.0000000000D+00 0.3078600000D+01 0.5919269000D+01 0.6248600000D+01 0.0000000000D+00 0.2003700000D+01-0.1834400000D+01-0.1794000000D-01 0.6264820000D+02 0.1353200000D+00 0.0000000000D+00 0.9600000000D+00 0.4682233000D+01 0.4923200000D+01 0.0000000000D+00 0.7449000000D+00
6 8320051226200601132453730.5 0.4097100000D+01-0.3536000000D-01 0.2015023000D+03 0.3548100000D+00 0.0000000000D+00 0.3080400000D+01 0.4567630000D+00 0.1345200000D+01 0.0000000000D+00 0.3650700000D+01-0.2331700000D+01 0.3411000000D-01 0.6521330000D+02 0.1660900000D+00 0.0000000000D+00 0.1028600000D+01 0.5506760000D+01 0.5608000000D+01 0.0000000000D+00 0.2395500000D+01
7 8420041231200501122453370.5-0.5640710000D+02 0.6070390000D+01 0.2259799000D+03 0.1730417000D+02 0.0000000000D+00 0.7532000000D+00 0.4004375000D+01 0.1915300000D+01 0.0000000000D+00 0.9041000000D+00-0.2685100000D+02-0.3268000000D-01 0.9156430000D+02 0.7242080000D+01 0.0000000000D+00 0.4055000000D+00 0.2727233000D+01 0.6395000000D+00 0.0000000000D+00 0.6080200000D+01
7 8520050112200501242453382.5 0.5582680000D+02-0.1128564000D+02 0.2021597000D+03 0.8725270000D+01 0.0000000000D+00 0.5402200000D+01 0.1121887000D+01 0.5558900000D+01 0.0000000000D+00 0.5247500000D+01 0.1343200000D+01-0.5069300000D+00 0.8992600000D+02 0.4909240000D+01 0.0000000000D+00 0.2466900000D+01 0.6156603000D+01 0.4268500000D+01 0.0000000000D+00 0.3894900000D+01
7 8620050124200502052453394.5-0.4510150000D+02 0.7350890000D+01 0.1988234000D+03 0.1635930000D+02 0.0000000000D+00 0.5761000000D+00 0.4928803000D+01 0.3065100000D+01 0.0000000000D+00 0.3508500000D+01-0.3203480000D+02 0.9232700000D+00 0.8497020000D+02 0.7098090000D+01 0.0000000000D+00 0.2666000000D+00 0.3581297000D+01 0.1670800000D+01 0.0000000000D+00 0.1453700000D+01
7 8720050205200502172453406.5-0.2423900000D+01-0.7099700000D+01 0.2197624000D+03 0.1047793000D+02 0.0000000000D+00 0.3758500000D+01 0.2072045000D+01 0.3750000000D-01 0.0000000000D+00 0.9982000000D+00 0.2643820000D+02-0.6360460000D+01 0.8227200000D+02 0.3237970000D+01 0.0000000000D+00 0.1170500000D+01 0.4843110000D+00 0.4305100000D+01 0.0000000000D+00 0.1734000000D+00
7 8820050217200503012453418.5-0.2966290000D+02 0.9005620000D+01 0.1783609000D+03 0.1514957000D+02 0.0000000000D+00 0.1007800000D+01 0.5831521000D+01 0.4252100000D+01 0.0000000000D+00 0.6145600000D+01-0.4877500000D+02 0.4869020000D+01 0.6456070000D+02 0.4072910000D+01 0.0000000000D+00 0.9042000000D+00 0.4257782000D+01 0.2764600000D+01 0.0000000000D+00 0.5321800000D+01
7 8920050301200503132453430.5-0.7767920000D+02 0.6201240000D+01 0.2502891000D+03 0.1661992000D+02 0.0000000000D+00 0.9478000000D+00 0.2843393000D+01 0.5275000000D+00 0.0000000000D+00 0.4391400000D+01-0.1083880000D+02-0.2199490000D+01 0.9434990000D+02 0.6090020000D+01 0.0000000000D+00 0.1674000000D+00 0.1623182000D+01 0.5676300000D+01 0.0000000000D+00 0.1915500000D+01
7 9020050313200503252453442.5 0.7887750000D+02-0.8997950000D+01 0.2037542000D+03 0.9246000000D+01 0.0000000000D+00 0.5162500000D+01 0.6211354000D+01 0.4225100000D+01 0.0000000000D+00 0.2493100000D+01-0.2746430000D+02 0.3822490000D+01 0.7145200000D+02 0.3854970000D+01 0.0000000000D+00 0.1501800000D+01 0.5120298000D+01 0.3554200000D+01 0.0000000000D+00 0.1340400000D+01
7 9120050325200504062453454.5-0.5858320000D+02 0.5619470000D+01 0.2129119000D+03 0.1608021000D+02 0.0000000000D+00 0.8458000000D+00 0.3779826000D+01 0.1624600000D+01 0.0000000000D+00 0.3374000000D+00-0.2279580000D+02-0.6194200000D+00 0.8948190000D+02 0.6936920000D+01 0.0000000000D+00 0.3911000000D+00 0.2512856000D+01 0.3742000000D+00 0.0000000000D+00 0.5647600000D+01
7 9220050406200504182453466.5 0.5132700000D+02-0.8886970000D+01 0.1900082000D+03 0.9259330000D+01 0.0000000000D+00 0.5277100000D+01 0.8669470000D+00 0.5228600000D+01 0.0000000000D+00 0.4602200000D+01-0.2286600000D+01 0.2672900000D+00 0.8352060000D+02 0.4659080000D+01 0.0000000000D+00 0.2307900000D+01 0.5901155000D+01 0.3995600000D+01 0.0000000000D+00 0.3313700000D+01
7 9320050418200504302453478.5-0.4897600000D+02 0.6564000000D+01 0.1793193000D+03 0.1470257000D+02 0.0000000000D+00 0.5877000000D+00 0.4621419000D+01 0.2661100000D+01 0.0000000000D+00 0.2370000000D+01-0.2851180000D+02 0.4426100000D+00 0.7857490000D+02 0.6581790000D+01 0.0000000000D+00 0.3588000000D+00 0.3298312000D+01 0.1303300000D+01 0.0000000000D+00 0.7403000000D+00
7 9420050430200505122453490.5 0.4114750000D+02-0.1240296000D+02 0.1590808000D+03 0.6029290000D+01 0.0000000000D+00 0.4161900000D+01 0.1720285000D+01 0.6249400000D+01 0.0000000000D+00 0.5391000000D+00 0.2101920000D+02-0.4219570000D+01 0.7707480000D+02 0.3422770000D+01 0.0000000000D+00 0.1040500000D+01 0.1844460000D+00 0.4152700000D+01 0.0000000000D+00 0.5357600000D+01
7 9520050512200505242453502.5-0.4574370000D+02 0.9083000000D+01 0.1480690000D+03 0.1298375000D+02 0.0000000000D+00 0.1034000000D+01 0.5452286000D+01 0.3804400000D+01 0.0000000000D+00 0.5082400000D+01-0.3625690000D+02 0.2421790000D+01 0.6384590000D+02 0.4883540000D+01 0.0000000000D+00 0.2632000000D+00 0.3960008000D+01 0.2203100000D+01 0.0000000000D+00 0.4897800000D+01
7 9620050524200506052453514.5-0.6014630000D+02 0.2248090000D+01 0.2197495000D+03 0.1411305000D+02 0.0000000000D+00 0.3719000000D+00 0.2427365000D+01 0.1250000000D+00 0.0000000000D+00 0.2825600000D+01 0.6357100000D+01-0.3695480000D+01 0.7186850000D+02 0.3913650000D+01 0.0000000000D+00 0.5583000000D+00 0.1112876000D+01 0.5109600000D+01 0.0000000000D+00 0.1153800000D+01
7 9720050605200506172453526.5 0.1976590000D+02 0.5571000000D+00 0.1682202000D+03 0.1050640000D+02 0.0000000000D+00 0.2759000000D+01 0.5950280000D+01 0.4254600000D+01 0.0000000000D+00 0.1832100000D+01-0.4224820000D+02 0.5387890000D+01 0.4608140000D+02 0.2376500000D+01 0.0000000000D+00 0.9552000000D+00 0.4597847000D+01 0.3438100000D+01 0.0000000000D+00 0.6219100000D+01
7 9820050617200506292453538.5-0.6412240000D+02 0.4282200000D+01 0.1983168000D+03 0.1468717000D+02 0.0000000000D+00 0.8446000000D+00 0.3230804000D+01 0.1012300000D+01 0.0000000000D+00 0.5787700000D+01-0.1255760000D+02-0.1305810000D+01 0.7403050000D+02 0.5489440000D+01 0.0000000000D+00 0.2448000000D+00 0.2013222000D+01 0.6110200000D+01 0.0000000000D+00 0.4848300000D+01
7 9920050629200507112453550.5 0.5647170000D+02-0.8243690000D+01 0.1753570000D+03 0.8414120000D+01 0.0000000000D+00 0.4647200000D+01 0.2227270000D+00 0.4500800000D+01 0.0000000000D+00 0.3446200000D+01-0.8077700000D+01 0.1127400000D+01 0.6765890000D+02 0.3784640000D+01 0.0000000000D+00 0.1855200000D+01 0.5368782000D+01 0.3466700000D+01 0.0000000000D+00 0.2290400000D+01
710020050711200507232453562.5-0.6198090000D+02 0.5616450000D+01 0.1724639000D+03 0.1385977000D+02 0.0000000000D+00 0.7100000000D+00 0.3998035000D+01 0.1939200000D+01 0.0000000000D+00 0.1104000000D+01-0.1888670000D+02-0.4455200000D+00 0.6682160000D+02 0.5548850000D+01 0.0000000000D+00 0.3703000000D+00 0.2779855000D+01 0.7177000000D+00 0.0000000000D+00 0.1750000000D-01
710120050723200508042453574.5 0.5336320000D+02-0.1172311000D+02 0.1524374000D+03 0.5701770000D+01 0.0000000000D+00 0.3621300000D+01 0.9860110000D+00 0.5354200000D+01 0.0000000000D+00 0.5564400000D+01 0.1711900000D+01-0.1951500000D+00 0.6578520000D+02 0.3580080000D+01 0.0000000000D+00 0.1637300000D+01 0.6112400000D+01 0.4168600000D+01 0.0000000000D+00 0.4133100000D+01
710220050804200508162453586.5-0.5794080000D+02 0.7137580000D+01 0.1509386000D+03 0.1271166000D+02 0.0000000000D+00 0.4921000000D+00 0.4751007000D+01 0.2933500000D+01 0.0000000000D+00 0.3726400000D+01-0.2327690000D+02 0.4425700000D+00 0.5927770000D+02 0.5078530000D+01 0.0000000000D+00 0.1856000000D+00 0.3477267000D+01 0.1588200000D+01 0.0000000000D+00 0.1416800000D+01
710320050816200508282453598.5-0.3023200000D+01-0.7417740000D+01 0.1769272000D+03 0.8879030000D+01 0.0000000000D+00 0.2408700000D+01 0.1841725000D+01 0.6022700000D+01 0.0000000000D+00 0.9898000000D+00 0.1989560000D+02-0.4270890000D+01 0.6107110000D+02 0.2947790000D+01 0.0000000000D+00 0.6407000000D+00 0.3234210000D+00 0.4136600000D+01 0.0000000000D+00 0.3771000000D+00
710420050828200509092453610.5-0.5380980000D+02 0.9868440000D+01 0.1350612000D+03 0.1156555000D+02 0.0000000000D+00 0.1181000000D+01 0.5521434000D+01 0.4047200000D+01 0.0000000000D+00 0.6007100000D+01-0.3628830000D+02 0.3452280000D+01 0.4587450000D+02 0.2652310000D+01 0.0000000000D+00 0.7197000000D+00 0.3962142000D+01 0.2418000000D+01 0.0000000000D+00 0.5343100000D+01
710520050909200509212453622.5-0.6805930000D+02 0.2419170000D+01 0.2152118000D+03 0.1516219000D+02 0.0000000000D+00 0.6432000000D+00 0.2559715000D+01 0.3003000000D+00 0.0000000000D+00 0.4803400000D+01-0.1043600000D+01-0.2105600000D+01 0.6314120000D+02 0.4190210000D+01 0.0000000000D+00 0.9700000000D-01 0.1350810000D+01 0.5409600000D+01 0.0000000000D+00 0.2329300000D+01
710620050921200510032453634.5 0.3862330000D+02-0.4292310000D+01 0.1900528000D+03 0.1001853000D+02 0.0000000000D+00 0.4696300000D+01 0.5896449000D+01 0.3970200000D+01 0.0000000000D+00 0.2310800000D+01-0.2526140000D+02 0.3412580000D+01 0.4777780000D+02 0.2353700000D+01 0.0000000000D+00 0.1063100000D+01 0.4761350000D+01 0.3232500000D+01 0.0000000000D+00 0.1077100000D+01
710720051003200510152453646.5-0.7263620000D+02 0.4169160000D+01 0.2006745000D+03 0.1568023000D+02 0.0000000000D+00 0.9516000000D+00 0.3347603000D+01 0.1212500000D+01 0.0000000000D+00 0.1236000000D+00-0.1063110000D+02-0.1107490000D+01 0.6201800000D+02 0.4894420000D+01 0.0000000000D+00 0.2766000000D+00 0.2189471000D+01 0.8270000000D-01 0.0000000000D+00 0.5546200000D+01
710820051015200510272453658.5 0.3843000000D+02-0.7190400000D+01 0.1927418000D+03 0.9953270000D+01 0.0000000000D+00 0.5146100000D+01 0.4044980000D+00 0.4746900000D+01 0.0000000000D+00 0.4202100000D+01-0.6751800000D+01 0.1184450000D+01 0.5966260000D+02 0.3373520000D+01 0.0000000000D+00 0.1650800000D+01 0.5575026000D+01 0.3742300000D+01 0.0000000000D+00 0.3066700000D+01
710920051027200511082453670.5-0.7241550000D+02 0.5957040000D+01 0.1846500000D+03 0.1521978000D+02 0.0000000000D+00 0.6034000000D+00 0.4122827000D+01 0.2174500000D+01 0.0000000000D+00 0.1843600000D+01-0.1733010000D+02-0.2808800000D+00 0.5994980000D+02 0.5123180000D+01 0.0000000000D+00 0.2923000000D+00 0.2945845000D+01 0.9837000000D+00 0.0000000000D+00 0.6106000000D+00
711020051108200511202453682.5 0.5508030000D+02-0.1518247000D+02 0.1655243000D+03 0.4899490000D+01 0.0000000000D+00 0.3642400000D+01 0.1118888000D+01 0.5408300000D+01 0.0000000000D+00 0.2241000000D+00 0.1406600000D+02-0.2307040000D+01 0.6597230000D+02 0.3273630000D+01 0.0000000000D+00 0.8620000000D+00 0.6156838000D+01 0.3947100000D+01 0.0000000000D+00 0.4821700000D+01
711120051120200512022453694.5-0.8187250000D+02 0.1071433000D+02 0.1563890000D+03 0.1263152000D+02 0.0000000000D+00 0.1310500000D+01 0.4912431000D+01 0.3333800000D+01 0.0000000000D+00 0.5083400000D+01-0.2534280000D+02 0.1102940000D+01 0.5673850000D+02 0.4517510000D+01 0.0000000000D+00 0.1511000000D+00 0.3619956000D+01 0.1869300000D+01 0.0000000000D+00 0.4580000000D+01
711220051202200512142453706.5-0.5057200000D+02-0.1971390000D+01 0.2411035000D+03 0.1508892000D+02 0.0000000000D+00 0.6772000000D+00 0.2061976000D+01 0.6120900000D+01 0.0000000000D+00 0.1440300000D+01 0.1248650000D+02-0.3670480000D+01 0.6466280000D+02 0.3517680000D+01 0.0000000000D+00 0.4701000000D+00 0.7045890000D+00 0.4681200000D+01 0.0000000000D+00 0.9788000000D+00
711320051214200512262453718.5-0.2500000000D+02 0.5796990000D+01 0.1889028000D+03 0.1220179000D+02 0.0000000000D+00 0.2776400000D+01 0.5631309000D+01 0.4054100000D+01 0.0000000000D+00 0.1501400000D+01-0.4012530000D+02 0.4915170000D+01 0.4639180000D+02 0.1833610000D+01 0.0000000000D+00 0.1053000000D+01 0.4159739000D+01 0.2913600000D+01 0.0000000000D+00 0.6006300000D+01
711420051226200601072453730.5-0.7895060000D+02 0.3308070000D+01 0.2447543000D+03 0.1798951000D+02 0.0000000000D+00 0.9073000000D+00 0.2906695000D+01 0.7208000000D+00 0.0000000000D+00 0.5629600000D+01-0.7155900000D+01-0.1626340000D+01 0.7246430000D+02 0.5299800000D+01 0.0000000000D+00 0.1790000000D+00 0.1718773000D+01 0.5859700000D+01 0.0000000000D+00 0.4831400000D+01
811520041231200502052453370.5 0.8384200000D+01 0.1169490000D+01 0.6233313000D+03 0.0000000000D+00 0.0000000000D+00 0.1178260000D+02 0.1880802000D+01 0.0000000000D+00 0.0000000000D+00 0.6020500000D+01-0.5035000000D+00-0.1548100000D+00 0.9921090000D+02 0.0000000000D+00 0.0000000000D+00 0.3119400000D+01 0.9129470000D+00 0.0000000000D+00 0.0000000000D+00 0.4972000000D+01
811620050205200503132453406.5 0.3325230000D+02-0.1137240000D+01 0.6053134000D+03 0.0000000000D+00 0.0000000000D+00 0.1209430000D+02 0.4790462000D+01 0.0000000000D+00 0.0000000000D+00 0.4999100000D+01 0.7791400000D+01-0.2382200000D+00 0.1086671000D+03 0.0000000000D+00 0.0000000000D+00 0.1155000000D+01 0.3884248000D+01 0.0000000000D+00 0.0000000000D+00 0.3671100000D+01
811720050313200504182453442.5 0.2338510000D+02 0.8049100000D+00 0.5623811000D+03 0.0000000000D+00 0.0000000000D+00 0.4898500000D+01 0.1381258000D+01 0.0000000000D+00 0.0000000000D+00 0.4081800000D+01-0.5368100000D+01 0.4973200000D+00 0.1039187000D+03 0.0000000000D+00 0.0000000000D+00 0.1317500000D+01 0.5248270000D+00 0.0000000000D+00 0.0000000000D+00 0.3679500000D+01
811820050418200505242453478.5 0.1440750000D+02-0.4719300000D+00 0.5177186000D+03 0.0000000000D+00 0.0000000000D+00 0.9943100000D+01 0.4199838000D+01 0.0000000000D+00 0.0000000000D+00 0.4464800000D+01 0.8100600000D+01-0.4617600000D+00 0.8959110000D+02 0.0000000000D+00 0.0000000000D+00 0.2250300000D+01 0.3347411000D+01 0.0000000000D+00 0.0000000000D+00 0.3403900000D+01
811920050524200506292453514.5 0.4468880000D+02-0.4744600000D+00 0.4795757000D+03 0.0000000000D+00 0.0000000000D+00 0.7602800000D+01 0.6757110000D+00 0.0000000000D+00 0.0000000000D+00 0.2706300000D+01-0.7468700000D+01 0.4868300000D+00 0.7215050000D+02 0.0000000000D+00 0.0000000000D+00 0.9362000000D+00 0.6152185000D+01 0.0000000000D+00 0.0000000000D+00 0.1279900000D+01
812020050629200508042453550.5-0.4030800000D+01 0.3696100000D+00 0.4714384000D+03 0.0000000000D+00 0.0000000000D+00 0.5786700000D+01 0.3440033000D+01 0.0000000000D+00 0.0000000000D+00 0.3210900000D+01 0.1436730000D+02-0.6043500000D+00 0.5471120000D+02 0.0000000000D+00 0.0000000000D+00 0.1391600000D+01 0.2664017000D+01 0.0000000000D+00 0.0000000000D+00 0.2195800000D+01
812120050804200509092453586.5 0.3908330000D+02-0.1570700000D+00 0.4764196000D+03 0.0000000000D+00 0.0000000000D+00 0.9842500000D+01 0.6208878000D+01 0.0000000000D+00 0.0000000000D+00 0.1971500000D+01-0.1460840000D+02 0.5500500000D+00 0.3858890000D+02 0.0000000000D+00 0.0000000000D+00 0.3623000000D+00 0.5407362000D+01 0.0000000000D+00 0.0000000000D+00 0.6159100000D+01
812220050909200510152453622.5 0.4223000000D+00 0.1470500000D+00 0.5012115000D+03 0.0000000000D+00 0.0000000000D+00 0.5917700000D+01 0.2706027000D+01 0.0000000000D+00 0.0000000000D+00 0.7678000000D+00 0.7314300000D+01-0.1557800000D+00 0.3321850000D+02 0.0000000000D+00 0.0000000000D+00 0.5469000000D+00 0.1739859000D+01 0.0000000000D+00 0.0000000000D+00 0.1923900000D+01
812320051015200511202453658.5 0.4622380000D+02-0.6779200000D+00 0.5444226000D+03 0.0000000000D+00 0.0000000000D+00 0.9266500000D+01 0.5502535000D+01 0.0000000000D+00 0.0000000000D+00 0.1131000000D+01-0.1236600000D+01-0.1181000000D-01 0.3078370000D+02 0.0000000000D+00 0.0000000000D+00 0.1328900000D+01 0.4399663000D+01 0.0000000000D+00 0.0000000000D+00 0.6113400000D+01
812420051120200512262453694.5-0.9370900000D+01 0.1121710000D+01 0.5917803000D+03 0.0000000000D+00 0.0000000000D+00 0.1231980000D+02 0.2077605000D+01 0.0000000000D+00 0.0000000000D+00 0.6128000000D+01 0.1215200000D+01-0.2522300000D+00 0.3228200000D+02 0.0000000000D+00 0.0000000000D+00 0.7851000000D+00 0.7568050000D+00 0.0000000000D+00 0.0000000000D+00 0.4519500000D+01
812520051226200601312453730.5 0.4893370000D+02-0.1333540000D+01 0.6233468000D+03 0.0000000000D+00 0.0000000000D+00 0.5757800000D+01 0.4976064000D+01 0.0000000000D+00 0.0000000000D+00 0.5672900000D+01-0.4007900000D+01 0.4812200000D+00 0.4186810000D+02 0.0000000000D+00 0.0000000000D+00 0.5637000000D+00 0.3614231000D+01 0.0000000000D+00 0.0000000000D+00 0.2404300000D+01
