 7 5    2   18   22   26   31  4.4880  2.4930  1.5162  0.7217  0.4667 24.0 110.0 100.0 75.0 75.0   35 2455196.5000 2010                                                                                                                                                                                                                                                          
1  220091231201001242455196.4 0.6800000000D-02-0.1000000000D-03 0.2912800000D+01 0.1410200000D+00 0.2782000000D-02 0.1900000000D-02 0.3617728000D+01 0.2005700000D+01 0.6243500000D+01 0.1903800000D+01-0.1950000000D-01 0.2100000000D-03 0.8455900000D+01 0.3980300000D+00 0.7580000000D-02 0.4900000000D-02 0.1022224000D+01 0.5669600000D+01 0.3599900000D+01 0.5378400000D+01
1  320100124201002172455220.4 0.7100000000D-02-0.1300000000D-03 0.2930200000D+01 0.1438000000D+00 0.2864000000D-02 0.2200000000D-02 0.3450694000D+01 0.1850900000D+01 0.6089900000D+01 0.1588100000D+01-0.1950000000D-01 0.2300000000D-03 0.8301200000D+01 0.3885400000D+00 0.7373000000D-02 0.5600000000D-02 0.8885360000D+00 0.5541900000D+01 0.3478800000D+01 0.5056900000D+01
1  420100217201003132455244.4 0.7500000000D-02-0.1500000000D-03 0.2989800000D+01 0.1474100000D+00 0.2944000000D-02 0.2100000000D-02 0.3274928000D+01 0.1686200000D+01 0.5928200000D+01 0.1316900000D+01-0.1960000000D-01 0.2600000000D-03 0.8194600000D+01 0.3812000000D+00 0.7218000000D-02 0.5900000000D-02 0.7598090000D+00 0.5421500000D+01 0.3368200000D+01 0.4776100000D+01
1  520100313201004062455268.4 0.7800000000D-02-0.1600000000D-03 0.3086900000D+01 0.1517800000D+00 0.3026000000D-02 0.2100000000D-02 0.3098792000D+01 0.1518700000D+01 0.5763900000D+01 0.1126000000D+01-0.1970000000D-01 0.2600000000D-03 0.8147600000D+01 0.3771300000D+00 0.7137000000D-02 0.6300000000D-02 0.6362010000D+00 0.5307000000D+01 0.3263300000D+01 0.4640200000D+01
1  620100406201004302455292.4 0.8100000000D-02-0.1700000000D-03 0.3213600000D+01 0.1566200000D+00 0.3101000000D-02 0.2200000000D-02 0.2928857000D+01 0.1353200000D+01 0.5601100000D+01 0.7802000000D+00-0.1980000000D-01 0.2700000000D-03 0.8164200000D+01 0.3764000000D+00 0.7132000000D-02 0.6800000000D-02 0.5166810000D+00 0.5196300000D+01 0.3162400000D+01 0.4371300000D+01
1  720100430201005242455316.4 0.8200000000D-02-0.1700000000D-03 0.3356300000D+01 0.1616100000D+00 0.3169000000D-02 0.1800000000D-02 0.2769594000D+01 0.1194300000D+01 0.5442100000D+01 0.4999000000D+00-0.2000000000D-01 0.2800000000D-03 0.8241200000D+01 0.3792500000D+00 0.7201000000D-02 0.6400000000D-02 0.4000080000D+00 0.5086700000D+01 0.3060200000D+01 0.4239300000D+01
1  820100524201006172455340.4 0.8300000000D-02-0.1500000000D-03 0.3500000000D+01 0.1661900000D+00 0.3222000000D-02 0.1900000000D-02 0.2623368000D+01 0.1043200000D+01 0.5288400000D+01 0.1901000000D+00-0.2040000000D-01 0.2900000000D-03 0.8368700000D+01 0.3852200000D+00 0.7338000000D-02 0.6500000000D-02 0.2844240000D+00 0.4975400000D+01 0.2953100000D+01 0.4033500000D+01
1  920100617201007112455364.4 0.8300000000D-02-0.1400000000D-03 0.3626100000D+01 0.1696900000D+00 0.3251000000D-02 0.1800000000D-02 0.2490623000D+01 0.9015000000D+00 0.5141400000D+01 0.6026300000D+01-0.2080000000D-01 0.3200000000D-03 0.8529900000D+01 0.3935700000D+00 0.7527000000D-02 0.6100000000D-02 0.1680240000D+00 0.4860100000D+01 0.2838500000D+01 0.3841500000D+01
1 1020100711201008042455388.4 0.8300000000D-02-0.1200000000D-03 0.3717100000D+01 0.1716000000D+00 0.3248000000D-02 0.1700000000D-02 0.2371037000D+01 0.7688000000D+00 0.5001300000D+01 0.5642500000D+01-0.2170000000D-01 0.3600000000D-03 0.8703000000D+01 0.4034200000D+00 0.7741000000D-02 0.5300000000D-02 0.4893400000D-01 0.4737600000D+01 0.2711500000D+01 0.3611600000D+01
1 1120100804201008282455412.4 0.8200000000D-02-0.1100000000D-03 0.3757900000D+01 0.1713800000D+00 0.3210000000D-02 0.2000000000D-02 0.2262643000D+01 0.6457000000D+00 0.4872000000D+01 0.5289900000D+01-0.2220000000D-01 0.4200000000D-03 0.8857200000D+01 0.4129200000D+00 0.7946000000D-02 0.4700000000D-02 0.6208721000D+01 0.4607300000D+01 0.2573500000D+01 0.3324700000D+01
1 1220100828201009212455436.4 0.8100000000D-02-0.9000000000D-04 0.3742800000D+01 0.1694000000D+00 0.3150000000D-02 0.2200000000D-02 0.2162877000D+01 0.5315000000D+00 0.4753200000D+01 0.4889700000D+01-0.2300000000D-01 0.4800000000D-03 0.8965700000D+01 0.4206300000D+00 0.8101000000D-02 0.4000000000D-02 0.6080023000D+01 0.4468200000D+01 0.2423300000D+01 0.2936400000D+01
1 1320100921201010152455460.4 0.7900000000D-02-0.8000000000D-04 0.3677800000D+01 0.1661700000D+00 0.3084000000D-02 0.2500000000D-02 0.2066749000D+01 0.4253000000D+00 0.4647100000D+01 0.4639600000D+01-0.2320000000D-01 0.5200000000D-03 0.9000800000D+01 0.4245400000D+00 0.8170000000D-02 0.3800000000D-02 0.5945891000D+01 0.4322700000D+01 0.2266400000D+01 0.2339400000D+01
1 1420101015201011082455484.4 0.7700000000D-02-0.7000000000D-04 0.3582000000D+01 0.1629700000D+00 0.3041000000D-02 0.2700000000D-02 0.1968310000D+01 0.3229000000D+00 0.4547300000D+01 0.4422200000D+01-0.2290000000D-01 0.5300000000D-03 0.8955000000D+01 0.4238100000D+00 0.8136000000D-02 0.4100000000D-02 0.5807399000D+01 0.4173800000D+01 0.2107700000D+01 0.1967200000D+01
1 1520101108201012022455508.4 0.7500000000D-02-0.5000000000D-04 0.3479500000D+01 0.1606600000D+00 0.3037000000D-02 0.3100000000D-02 0.1860128000D+01 0.2179000000D+00 0.4446100000D+01 0.4206000000D+01-0.2230000000D-01 0.5100000000D-03 0.8835500000D+01 0.4185700000D+00 0.8008000000D-02 0.5300000000D-02 0.5666370000D+01 0.4025500000D+01 0.1952600000D+01 0.1522100000D+01
1 1620101202201012262455532.4 0.7000000000D-02-0.3000000000D-04 0.3393700000D+01 0.1597100000D+00 0.3068000000D-02 0.3000000000D-02 0.1736522000D+01 0.1026000000D+00 0.4334400000D+01 0.4047400000D+01-0.2070000000D-01 0.4400000000D-03 0.8666800000D+01 0.4098400000D+00 0.7814000000D-02 0.5700000000D-02 0.5525161000D+01 0.3881700000D+01 0.1807100000D+01 0.1290400000D+01
1 1720101226201101192455556.4 0.6600000000D-02 0.0000000000D+00 0.3341100000D+01 0.1601800000D+00 0.3126000000D-02 0.3200000000D-02 0.1595346000D+01 0.6256600000D+01 0.4208200000D+01 0.3879700000D+01-0.1940000000D-01 0.3800000000D-03 0.8483900000D+01 0.3997600000D+00 0.7597000000D-02 0.6500000000D-02 0.5386167000D+01 0.3744400000D+01 0.1671900000D+01 0.1118400000D+01
2 1820091231201004202455196.4 0.8600000000D-02-0.3000000000D-04 0.3637500000D+01 0.8050000000D-02 0.3300000000D-04 0.2900000000D-02-0.1610689000D+01-0.3262000000D+01-0.2145500000D+01-0.6902000000D+00-0.1630000000D-01 0.0000000000D+00 0.1247960000D+02 0.1154000000D-01 0.8100000000D-04 0.7900000000D-02-0.4412774000D+01-0.1232600000D+01-0.4021500000D+01-0.4437200000D+01
2 1920100420201008082455306.4 0.5100000000D-02 0.0000000000D+00 0.4036500000D+01 0.1270000000D-01 0.7000000000D-04 0.2100000000D-02-0.4106439000D+01-0.4885700000D+01-0.2020200000D+01-0.9201000000D+00-0.2130000000D-01 0.5000000000D-04 0.1209580000D+02 0.1047000000D-01 0.3300000000D-04 0.8300000000D-02-0.3353140000D+00-0.5889700000D+01-0.1433500000D+01-0.2526900000D+01
2 2020100808201011262455416.4 0.9200000000D-02-0.8000000000D-04 0.4619700000D+01 0.8380000000D-02 0.3000000000D-04 0.2300000000D-02-0.1097860000D+00-0.4451800000D+01-0.2374900000D+01-0.2463800000D+01-0.1650000000D-01-0.3000000000D-04 0.1312030000D+02 0.8550000000D-02 0.9700000000D-04 0.6800000000D-02-0.2533705000D+01-0.2826000000D+01-0.5499400000D+01-0.9824000000D+00
2 2120101126201103162455526.4 0.7300000000D-02-0.3000000000D-04 0.4109800000D+01 0.4370000000D-02 0.6600000000D-04 0.1900000000D-02-0.2202896000D+01-0.5089800000D+01-0.3056800000D+01-0.1746900000D+01-0.1500000000D-01 0.2000000000D-04 0.1291620000D+02 0.1405000000D-01 0.6300000000D-04 0.8400000000D-02-0.4799444000D+01-0.1358000000D+01-0.4124200000D+01-0.5170900000D+01
3 2220091231201004102455196.4 0.2100000000D-02-0.1200000000D-03 0.5097600000D+01 0.1016000000D-01 0.5300000000D-04 0.1150000000D-01 0.1394550000D+01 0.6007800000D+01 0.7100000000D+00-0.5722000000D+00-0.2310000000D-01 0.4000000000D-04 0.1736710000D+02 0.1574000000D-01 0.1070000000D-03 0.3070000000D-01 0.4872731000D+01 0.1682200000D+01 0.5198900000D+01-0.3052600000D+01
3 2320100410201007192455296.4-0.8000000000D-02-0.1000000000D-03 0.5549800000D+01 0.1824000000D-01 0.8400000000D-04 0.1190000000D-01 0.1979691000D+01 0.1089200000D+01 0.3920300000D+01-0.5479500000D+01-0.2520000000D-01 0.2000000000D-04 0.1679990000D+02 0.1102000000D-01 0.5900000000D-04 0.3500000000D-01 0.5720030000D+01 0.2526000000D+00 0.5090400000D+01-0.1465300000D+01
3 2420100719201010272455396.4-0.2060000000D-01 0.2100000000D-03 0.6410400000D+01 0.6560000000D-02 0.7200000000D-04 0.1740000000D-01 0.2701189000D+01 0.3996200000D+01 0.5606600000D+01-0.3618400000D+01-0.2690000000D-01 0.0000000000D+00 0.1799750000D+02 0.1656000000D-01 0.1380000000D-03 0.3360000000D-01 0.2858950000D+00 0.2263000000D+00 0.3705600000D+01-0.6025200000D+01
3 2520101027201102042455496.4-0.7900000000D-02-0.1000000000D-04 0.5979900000D+01 0.1179000000D-01 0.1170000000D-03 0.1190000000D-01 0.3653306000D+01 0.6173600000D+01 0.2643100000D+01-0.1788700000D+01-0.2890000000D-01 0.1000000000D-04 0.1836480000D+02 0.1607000000D-01 0.4900000000D-04 0.3520000000D-01 0.1083916000D+01 0.4662200000D+01 0.2540200000D+01-0.4373000000D+01
4 2620091231201003162455196.4-0.1490000000D-01-0.7000000000D-04 0.8357000000D+01 0.1372000000D-01 0.1160000000D-03 0.6800000000D-02 0.3978728000D+01 0.2244900000D+01 0.3169300000D+01 0.8923000000D+00 0.4910000000D-01 0.8200000000D-03 0.2850130000D+02 0.2562000000D-01 0.1660000000D-03 0.2770000000D-01 0.1184608000D+01 0.4150100000D+01 0.1552300000D+01 0.4522300000D+01
4 2720100316201005302455271.4-0.8200000000D-02 0.1200000000D-03 0.8749600000D+01 0.2785000000D-01 0.7000000000D-04 0.6300000000D-02 0.1389612000D+01 0.3515000000D+00 0.2796900000D+01 0.2158300000D+01 0.8700000000D-01-0.7600000000D-03 0.2748560000D+02 0.1297000000D-01 0.1600000000D-03 0.1820000000D-01 0.5069919000D+01 0.3435000000D+00 0.4942100000D+01 0.2032000000D+00
4 2820100530201008132455346.4-0.1380000000D-01-0.7000000000D-04 0.9949900000D+01 0.1999000000D-01 0.1920000000D-03 0.1410000000D-01 0.5110534000D+01 0.4590000000D+01 0.1092400000D+01 0.3171400000D+01 0.5220000000D-01 0.9700000000D-03 0.2835450000D+02 0.2669000000D-01 0.9000000000D-04 0.2860000000D-01 0.2677962000D+01 0.3015900000D+01 0.8418000000D+00 0.5056000000D+00
4 2920100813201010272455421.4-0.9000000000D-03-0.7000000000D-04 0.1056740000D+02 0.1621000000D-01 0.7700000000D-04 0.1280000000D-01 0.2694415000D+01 0.4614300000D+01 0.5938700000D+01 0.5364000000D+01 0.8560000000D-01-0.6700000000D-03 0.3005530000D+02 0.1829000000D-01 0.2330000000D-03 0.3260000000D-01 0.2627460000D+00 0.6249500000D+01 0.3545300000D+01 0.2541400000D+01
4 3020101027201101102455496.4-0.1920000000D-01 0.1000000000D-04 0.9800800000D+01 0.2001000000D-01 0.1940000000D-03 0.8500000000D-02 0.3832520000D+00 0.2802300000D+01 0.5585100000D+01 0.2633000000D+00 0.7120000000D-01 0.4900000000D-03 0.3009330000D+02 0.2136000000D-01 0.9300000000D-04 0.3510000000D-01 0.4106223000D+01 0.1314800000D+01 0.6183000000D+01 0.3955000000D+01
5 3120091231201003162455196.4 0.2800000000D-02 0.3900000000D-03 0.1108380000D+02 0.1800000000D-01 0.1600000000D-03 0.9200000000D-02 0.3934491000D+01 0.2200100000D+01 0.3073500000D+01 0.2146000000D+01 0.2850000000D-01-0.1240000000D-02 0.3812440000D+02 0.3421000000D-01 0.2100000000D-03 0.2890000000D-01 0.1135420000D+01 0.4068300000D+01 0.1390700000D+01 0.5655200000D+01
5 3220100316201005302455271.4 0.1050000000D-01-0.1500000000D-03 0.1160330000D+02 0.3732000000D-01 0.8600000000D-04 0.4700000000D-02 0.1067048000D+01 0.2950000000D-01 0.2495200000D+01 0.1815800000D+01-0.2540000000D-01 0.1240000000D-02 0.3676550000D+02 0.1676000000D-01 0.1990000000D-03 0.1260000000D-01 0.4744371000D+01 0.6235200000D+01 0.4530000000D+01 0.5794200000D+01
5 3320100530201008132455346.4 0.2560000000D-01 0.8000000000D-04 0.1320890000D+02 0.2683000000D-01 0.2510000000D-03 0.1160000000D-01 0.4508608000D+01 0.3984100000D+01 0.5345000000D+00 0.3615500000D+01 0.2410000000D-01-0.1150000000D-02 0.3793240000D+02 0.3669000000D-01 0.1370000000D-03 0.3010000000D-01 0.2074320000D+01 0.2344100000D+01 0.2140000000D-01 0.1174900000D+01
5 3420100813201010272455421.4 0.3300000000D-02 0.0000000000D+00 0.1401500000D+02 0.2067000000D-01 0.1160000000D-03 0.6400000000D-02 0.1812816000D+01 0.3703100000D+01 0.4969700000D+01 0.4003800000D+01-0.1510000000D-01 0.1150000000D-02 0.4020160000D+02 0.2618000000D-01 0.3230000000D-03 0.1730000000D-01 0.5662857000D+01 0.5276500000D+01 0.2568300000D+01 0.1361400000D+01
5 3520101027201101102455496.4 0.2270000000D-01 0.2000000000D-04 0.1299900000D+02 0.2638000000D-01 0.2570000000D-03 0.8900000000D-02 0.5509399000D+01 0.1649900000D+01 0.4424600000D+01 0.5681600000D+01 0.1430000000D-01-0.1060000000D-02 0.4026920000D+02 0.2895000000D-01 0.1350000000D-03 0.3100000000D-01 0.2946433000D+01 0.1935000000D+00 0.5022500000D+01 0.3033800000D+01
