0004P         2006 11 15.5936  1.667031  0.566469  205.0531  199.3099    9.0318  20050130   8.0  6.0  4P/Faye
0008P         2008 01 26.7781  1.024909  0.819934  207.5362  270.4042   55.0167  20050130   8.0  8.0  8P/Tuttle
0009P         2005 07  5.3214  1.506065  0.517580  178.8407   68.9434   10.5294  20050130   5.5 10.0  9P/Tempel
0010P         2005 02 15.0384  1.426861  0.535387  195.5585  117.8488   12.0177  20050130   5.0 10.0  10P/Tempel
0021P         2005 07  2.7639  1.037921  0.705662  172.5445  195.4303   31.8108  20050130   9.0  6.0  21P/Giacobini-Zinner
0028P         2002 12 27.3067  1.551634  0.775383  346.9398  346.9861   14.1916  20050130   8.5  6.0  28P/Neujmin
0029P         2004 07  7.3544  5.723424  0.044075   48.7097  312.7067    9.3911  20050130   4.0  4.0  29P/Schwassmann-Wachmann
0030P         2002 12 24.1962  1.879021  0.501509   13.2941  119.7604    8.1292  20050130   9.5  6.0  30P/Reinmuth
0031P         2002 01 18.0212  3.412325  0.193330   18.4350  114.2004    4.5496  20050130   5.0  8.0  31P/Schwassmann-Wachmann
0032P         2005 04  1.3335  1.833019  0.569268   45.8238   60.7949   12.9273  20050130   6.5  8.0  32P/Comas Sola
0036P         2003 07  6.4619  3.088434  0.258611  202.1925  182.3960    9.9334  20050130   8.5  6.0  36P/Whipple
0037P         2005 08  1.7191  1.572446  0.541515  329.2323  315.1102    8.9585  20050130  10.5  4.8  37P/Forbes
0040P         2004 01 22.8973  1.796247  0.632913   47.2006  134.7334   11.5381  20050130   5.5 12.0  40P/Vaisala
0043P         2004 03 17.9421  1.578525  0.544920  187.3363  254.6489   18.5237  20050130   8.0  6.0  43P/Wolf-Harrington
0047P         2009 01 15.7168  2.672818  0.340639  357.8951  358.5620   13.5742  20050130   1.0 11.2  47P/Ashbrook-Jackson
0048P         2004 10 11.9473  2.309951  0.366560  207.6892  117.3277   13.6578  20050130  10.0  6.0  48P/Johnson
0049P         2005 02 24.5569  1.368551  0.611599  330.7011  121.6484   18.3020  20050130  11.3  4.4  49P/Arend-Rigaux
0053P         2003 10  9.4451  2.414873  0.552290  134.0833  149.0021    6.6100  20050130   7.7  4.8  53P/Van Biesbroeck
0056P         2005 01 15.0207  2.535226  0.503867   44.0969  346.2714    8.1555  20050130   8.5  6.0  56P/Slaughter-Burnham
0060P         2005 12 24.0169  1.766448  0.507246  203.3282  288.1322    6.7179  20050130  11.5  6.0  60P/Tsuchinshan
0062P         2004 12  7.9192  1.489250  0.577829   22.8493   96.7678   10.5021  20050130   8.0 10.0  62P/Tsuchinshan
0065P         2003 05 11.9310  2.445120  0.319082  196.3750   68.3982   10.3844  20050130   5.0  6.0  65P/Gunn
0069P         2004 11 30.6146  1.941836  0.466954  355.5296  108.7992   20.5640  20050130   9.5 12.0  69P/Taylor
0071P         2006 06  7.3108  1.561200  0.499912  208.8065   59.6704    9.4879  20050130   9.8  6.0  71P/Clark
0072P         2005 06 19.9654  0.796723  0.816864  337.5915   36.3680    9.1080  20050130  15.5 10.0  72P/Denning-Fujikawa
0074P         2001 01 19.7189  3.550963  0.148834   87.3149   77.1361    6.6482  20050130   5.0  6.0  74P/Smirnova-Chernykh
0075P         2007 11  4.3258  1.793079  0.494790  175.7067  269.7012    5.9042  20050130  10.5  4.0  75P/Kohoutek
0078P         2004 10 27.0619  2.008178  0.462468  192.9599  210.5477    6.2528  20050130   5.5  8.0  78P/Gehrels
0081P         2003 09 25.9602  1.591022  0.538679   41.7830  136.1422    3.2401  20050130   7.0  6.0  81P/Wild
0082P         2001 08 26.1482  3.626157  0.122100  227.0509  239.5423    1.1271  20050130   5.0  8.0  82P/Gehrels
0084P         2006 08  7.5796  1.851735  0.492128  276.3520  112.4767    7.2813  20050130   9.5  8.0  84P/Giclas
0088P         2004 04 12.5678  1.367310  0.561234  235.8308   56.8237    4.3830  20050130  11.0  6.0  88P/Howell
0091P         2005 06 26.7871  2.601869  0.331216  354.6874  247.9063   14.0883  20050130   7.5  6.0  91P/Russell
0094P         2003 08 29.1276  2.231635  0.364369   92.9417   70.9264    6.1851  20050130   9.0  6.0  94P/Russell
0098P         2006 03  6.5172  1.661341  0.562408  157.9058  114.8119   10.5605  20050130   9.0  8.0  98P/Takamizawa
0099P         2007 01 14.6107  4.720137  0.225824  172.6769   28.4042    4.3459  20050130   4.5  6.0  99P/Kowal
0101P         2005 12 25.0644  2.350234  0.593738  263.1920  130.2725    5.0805  20050130  10.0  4.8  101P/Chernykh
0102P         2006 06  7.3864  1.974347  0.471966   18.5394  339.9500   26.2539  20050130   6.5  8.0  102P/Shoemaker
0104P         2004 05  9.2465  1.395996  0.585664  192.0913  246.0574   15.4921  20050130  12.5  4.0  104P/Kowal
0105P         2005 09 11.4163  2.040870  0.411136   46.6944  192.4723    9.1791  20050130  11.5  6.0  105P/Singer Brewster
0110P         2008 02  3.6906  2.484515  0.312910  167.9510  287.7686   11.6849  20050130   1.0 12.0  110P/Hartley
0111P         2004 12 27.1782  3.473363  0.140237   10.5712   91.9366    4.2329  20050130   5.0  8.0  111P/Helin-Roman-Crockett
0116P         2003 01 21.8805  2.170810  0.375661  173.5107   21.0684    3.6159  20050130   2.5 10.0  116P/Wild
0117P         2005 12 19.2543  3.037623  0.256171  222.5406   58.9415    8.7058  20050130   2.5  8.0  117P/Helin-Roman-Alu
0118P         2003 07 16.6447  2.006917  0.423086  301.9275  152.0152    8.4801  20050130  12.0  4.0  118P/Shoemaker-Levy
0119P         2005 05 24.3535  3.044480  0.290832  181.4137  244.0945    5.1875  20050130   3.5  8.0  119P/Parker-Hartley
0120P         2004 09 30.1138  2.746777  0.336645   30.1681    4.4590    8.7866  20050130  12.0  4.0  120P/Mueller
0121P         2004 09  1.7944  2.648196  0.338578    6.2524   99.6678   17.7165  20050130   6.5  8.0  121P/Shoemaker-Holt
0123P         2003 12  8.9258  2.128299  0.448165  102.8627   46.6102   15.3509  20050130   4.0 10.0  123P/West-Hartley
0128P         2007 06 14.3080  3.066074  0.319868  210.6120  214.4326    4.3553  20050130   8.5  4.0  128P/Shoemaker-Holt B
0129P         2005 06  4.6464  2.806973  0.249395  181.6613  303.6322    5.0119  20050130  11.0  4.0  129P/Shoemaker-Levy
0130P         2004 10 23.2810  2.104236  0.405943  224.1193   89.8850    7.3069  20050130  10.0  6.0  130P/McNaught-Hughes
0131P         2004 12 17.5708  2.424085  0.342191  179.8461  214.2291    7.3493  20050130  11.0  4.0  131P/Mueller
0132P         2006 02 15.0565  1.923786  0.529921  221.1298  178.3875    5.7660  20050130  11.0  6.0  132P/Helin-Roman-Alu
0136P         2007 10 21.6261  2.972128  0.291562  224.3315  137.6603    9.4221  20050130  11.0  4.0  136P/Mueller
0138P         2005 07 19.9269  1.707243  0.529486   95.6540  309.4460   10.0797  20050130  15.0  6.0  138P/Shoemaker-Levy
0139P         2008 04 21.0665  3.400295  0.245831  165.7681  242.4716    2.3301  20050130   9.5  4.0  139P/Vaisala-Oterma
0141P         2005 02 28.2476  0.752843  0.750129  149.2824  246.1615   12.7953  20050130  12.0 12.0  141P/Machholz
0143P         2009 06 11.0453  2.539103  0.410426  320.5994  245.4093    4.6871  20050130  13.5  2.0  143P/Kowal-Mrkos
0152P         2002 12 22.6778  3.109248  0.308430  163.7161   91.9941    9.8691  20050130  11.5  4.0  152P/Helin-Lawrence
0156P         2007 06 17.9956  1.597030  0.556644  357.6231   39.0496   20.7458  20050130  15.5  2.0  156P/Russell-LINEAR
0157P         2003 09 24.3094  1.419313  0.590130  147.4087  300.6554    7.1170  20050130  10.0  4.0  157P/Tritton
0158P         2002 07 16.5830  4.594298  0.027935  234.6844  137.3033    7.9044  20050130   9.0  4.0  158P/Kowal-LINEAR
0159P         2004 03  3.0388  3.650914  0.380340    4.9958   55.1619   23.4224  20050130  10.0  4.0  159P/LONEOS
0160P         2004 10 13.0027  2.082772  0.476887   17.9866  337.0609   17.2565  20050130  15.5  2.0  160P/LINEAR
0161P         2005 06 20.8461  1.275105  0.835117   47.0784    1.3994   95.6973  20050130   8.5  6.0  161P/Hartley-IRAS
0162P         2004 11 10.2817  1.227631  0.597279  356.3613   31.2526   27.8448  20050130  15.0  4.0  162P/Siding Spring
0163P         2005 01 31.3102  1.919857  0.475888  347.1816  103.7469   12.4646  20050130  14.5  4.0  163P/NEAT
0164P         2004 06 21.9104  1.645913  0.546416  325.4676   88.6873   16.2415  20050130  11.0  4.0  164P/Christensen
    PJ95A010  2007 12  5.7774  4.083206  0.307292  295.6977  115.8797   19.8837  20050130   2.5  8.0  P/1995 A1 (Jedicke)
    CJ95O010  1997 03 30.3292  0.931444  0.995010  130.8503  282.5047   89.3657  20050130  -2.0  4.0  C/1995 O1 (Hale-Bopp)
    PJ96R020  2004 06  7.2580  2.622897  0.308291  334.2256   40.2228    2.6023  20050130  11.5  4.0  P/1996 R2 (Lagerkvist)
    PJ97V010  2008 08 26.3817  3.300236  0.331199  132.8814  234.8248   12.0987  20050130   9.0  4.0  P/1997 V1 (Larsen)
    PJ98Q54P  2007 05 12.6804  1.885857  0.551026   30.1043  341.9046   17.7146  20050130  15.0  2.0  P/1998 QP54 (LONEOS-Tucker)
    PJ98U040  1999 02 24.3299  3.860550  0.308477  252.0747  181.7096   31.4837  20050130   8.0  4.0  P/1998 U4 (Spahr)
    PJ98V24S  2008 05 26.3249  3.421316  0.241293  244.5952  159.1857    5.0277  20050130  13.0  2.0  P/1998 VS24 (LINEAR)
    PJ98W010  2005 09  3.3941  1.729650  0.509591  346.8411  101.9239   21.9539  20050130  13.5  4.0  P/1998 W1 (Spahr)
    PJ98W020  2005 11  2.2250  1.425782  0.607334   13.8859  356.5029   21.8942  20050130  15.5  4.0  P/1998 W2 (Hergenrother)
    PJ98X010  2005 05  2.5299  1.981021  0.447073   69.0297  358.7499    1.3495  20050130  12.5  4.0  P/1998 X1 (ODAS)
    PJ99D03N  2008 05  8.0948  3.896122  0.136816  161.3399    5.8836   18.7304  20050130  12.0  2.0  P/1999 DN3 (Korlevic-Juric)
    CJ99F010  2002 02 14.6158  5.788353  1.000188  255.2269   19.9755   92.0496  20050130   9.5  2.0  C/1999 F1 (Catalina)
    PJ99J050  2008 10  5.4753  3.699408  0.169943  131.5922  111.9988   13.7283  20050130   9.0  4.0  P/1999 J5 (LINEAR)
    CJ99U040  2001 10 27.9982  4.921564  1.004938   77.6012   32.2787   51.9329  20050130   4.5  4.0  C/1999 U4 (Catalina-Skiff)
    PJ99W07J  2000 02 14.1522  3.180337  0.314390  154.7371  290.5582    2.9780  20050130  14.5  2.0  P/1999 WJ7 (Korlevic)
    PJ99XC0N  2008 11 14.2869  3.297600  0.210890  162.0035  285.4736    5.0294  20050130  13.5  2.0  P/1999 XN120 (Catalina)
    CK00A010  2000 07 18.5100  9.760423  1.004715   14.5535  111.8535   24.5391  20050130   3.5  4.0  C/2000 A1 (Montani)
    CK00B040  2000 06 17.4316  6.845598  0.620480  126.4523    0.6406   15.8952  20050130  11.5  2.0  C/2000 B4 (LINEAR)
    CK00C54T  2001 06 19.5673  3.150271  0.997982  272.5483   18.9669   49.2529  20050130  11.0  2.0  C/2000 CT54 (LINEAR)
    PK00G010  2005 07 13.8985  0.998522  0.673095  343.3418  190.9823   10.3950  20050130  19.5  2.0  P/2000 G1 (LINEAR)
    CK00S74V  2002 04 29.7354  3.545460  1.002928   76.2519   24.1799   75.2648  20050130   5.5  4.0  C/2000 SV74 (LINEAR)
    CK00Y010  2001 02  4.2018  7.975333  1.003428  181.8666  239.4515  137.9994  20050130  11.0  2.0  C/2000 Y1 (Tubbiolo)
    PK00Y030  2000 10 21.4607  4.039307  0.194565   87.5609  354.9165    2.2519  20050130   9.0  4.0  P/2000 Y3 (Scotti)
    CK01B020  2000 08 31.7429  5.324403  0.998373  304.9673  145.1411  150.6494  20050130   4.0  4.0  C/2001 B2 (NEAT)
    CK01C010  2002 03 28.8040  5.106051  1.000996  219.9965   33.6642   68.9521  20050130   6.0  4.0  C/2001 C1 (LINEAR)
    CK01G010  2001 10 11.3283  8.242339  1.004890  343.4203  203.8769   45.3258  20050130   3.5  4.0  C/2001 G1 (LONEOS)
    CK01H50T  2003 07  9.1132  2.791763  0.998116  324.0863   42.9242  163.2163  20050130   4.5  4.0  C/2001 HT50 (LINEAR-NEAT)
    CK01K050  2002 10 11.9052  5.184740  0.999765   47.0787  237.4220   72.5943  20050130   4.0  4.0  C/2001 K5 (LINEAR)
    PK01Q020  2007 02 25.2864  0.942680  0.696840  181.8255  214.0910   13.9643  20050130  11.0  4.0  P/2001 Q2 (Petriew)
    CK01Q040  2004 05 15.9605  0.962064  1.000658    1.2060  210.2768   99.6438  20050130   3.5  4.0  C/2001 Q4 (NEAT)
    CK01R14X  2003 01 18.5039  2.058838  1.000948  121.4943   14.1605   30.5771  20050130   6.5  4.0  C/2001 RX14 (LINEAR)
    CK01T040  2002 05 18.1637  8.562746  0.381649  321.7747   64.4839   15.3776  20050130   5.5  4.0  C/2001 T4 (NEAT)
    PK01YC7X  2003 03  3.4693  3.424425  0.177125  115.3891   31.0619    7.9186  20050130  14.5  2.0  P/2001 YX127 (LINEAR)
    CK02A010  2001 11 20.2705  4.708305  0.710616   19.0517   81.1138   14.0074  20050130  12.5  2.0  C/2002 A1 (LINEAR)
    CK02A020  2001 11 27.3966  4.703223  0.708243   19.4068   81.1216   13.9760  20050130  11.0  2.0  C/2002 A2 (LINEAR)
    CK02A030  2002 04 20.2577  5.163150  0.971276  329.5949  136.4230   48.5415  20050130   6.5  4.0  C/2002 A3 (LINEAR)
    CK02C10E  2003 06 22.0441  2.045664  0.791493  126.1427  147.4382  145.4557  20050130  13.0  2.0  C/2002 CE10 (LINEAR)
    CK02J040  2003 10  3.1397  3.633476  1.000259  230.7094   70.8633   46.5231  20050130   5.5  4.0  C/2002 J4 (NEAT)
    CK02J050  2003 09 19.5462  5.727852  1.000228   74.8650  314.1074  117.2282  20050130  11.0  2.0  C/2002 J5 (LINEAR)
    CK02K020  2002 01  4.8769  5.236221  0.990697   26.6172  294.5398  130.8963  20050130  12.0  2.0  C/2002 K2 (LINEAR)
    CK02L090  2004 04  5.9038  7.032907  0.998301  231.4253  110.4452   68.4400  20050130   8.5  2.0  C/2002 L9 (NEAT)
    PK02L11Z  2003 03 15.4005  2.369903  0.351421  107.9065  231.1395   11.5210  20050130  11.0  4.0  P/2002 LZ11 (LINEAR)
    CK02O070  2003 09 22.6145  0.902974  1.000449  252.0654   12.8040   98.7571  20050130   6.5  4.0  C/2002 O7 (LINEAR)
    CK02R030  2003 06 13.2584  3.868360  1.002875   45.0488   54.3221  161.0958  20050130   8.0  4.0  C/2002 R3 (LONEOS)
    PK02T050  2003 06 29.3527  3.937314  0.438114  327.0106  123.3045   30.8679  20050130   8.0  4.0  P/2002 T5 (LINEAR)
    CK02T070  2004 04 23.0889  0.614188  1.000644  157.8072   94.9480  160.5756  20050130   4.0  4.0  C/2002 T7 (LINEAR)
    CK02V020  2003 05 13.9329  6.811918  1.000247  314.6823   20.2290  166.7798  20050130   6.0  4.0  C/2002 V2 (LINEAR)
    CK02V94Q  2006 02  6.2480  6.797090  0.967790  100.0089   35.0130   70.5149  20050130   9.5  2.0  C/2002 VQ94 (LINEAR)
    CK02X010  2003 07 12.9856  2.486271  0.998462  207.3493  281.9054  164.0872  20050130   8.0  4.0  C/2002 X1 (LINEAR)
    CK02Y010  2003 04 13.2677  0.712569  0.997025  128.7674  166.2190  103.7835  20050130   6.5  4.0  C/2002 Y1 (Juels-Holvorcem)
    CK03A020  2003 11  9.2090 11.427941  1.006216  346.7932  154.5444    8.0618  20050130   3.5  4.0  C/2003 A2 (Gleason)
    PK03C07P  2003 04 29.5050  3.018196  0.247968   42.6776  133.1264   12.3388  20050130  14.5  2.0  P/2003 CP7 (LINEAR-NEAT)
    CK03E010  2004 02 13.7518  3.245146  0.764047  103.8868  137.0720   33.5354  20050130  12.5  2.0  C/2003 E1 (NEAT)
    CK03F010  2003 06 28.5815  4.008503  0.806305  121.2095   87.4921   70.2046  20050130   7.0  4.0  C/2003 F1 (LINEAR)
    CK03G010  2003 02  3.8251  4.916932  1.001715   11.4510  246.0659   66.8386  20050130   5.0  4.0  C/2003 G1 (LINEAR)
    CK03H010  2004 02 22.5855  2.239734  0.999085  196.1377   19.0055  138.6728  20050130   6.5  4.0  C/2003 H1 (LINEAR)
    PK03H15T  2003 04 17.9859  2.672543  0.420105  124.1291   81.4633   27.6625  20050130  14.0  2.0  P/2003 HT15 (LINEAR)
    CK03J010  2003 10 10.3295  5.125123  0.990402  195.9987  122.0225   98.3019  20050130   7.0  4.0  C/2003 J1 (NEAT)
    CK03K040  2004 10 13.7148  1.023637  1.000324  198.4404   18.6754  134.2528  20050130   3.5  4.0  C/2003 K4 (LINEAR)
    PK03L010  2003 03  9.7198  5.011328  0.252904  355.4014  226.0240    9.0202  20050130   8.5  4.0  P/2003 L1 (Scotti)
    CK03O010  2004 03 17.2873  6.847634  1.000538   81.6824  347.6431  117.9817  20050130   6.0  4.0  C/2003 O1 (LINEAR)
    PK03Q29X  2002 10 26.1832  4.237233  0.471840   37.2285  264.5468   11.3977  20050130   8.5  4.0  P/2003 QX29 (NEAT)
    PK03S010  2004 03 27.6678  2.595845  0.430290  175.8371  241.0643    5.9453  20050130  11.5  4.0  P/2003 S1 (NEAT)
    CK03S030  2003 04 10.8716  8.129459  1.003163  154.5806  226.3886  151.5077  20050130   5.5  4.0  C/2003 S3 (LINEAR)
    CK03S040  2004 05 26.5560  3.858751  0.901715  154.4404  224.5517   40.6090  20050130   9.0  4.0  C/2003 S4 (LINEAR)
    PK03SL5Q  2004 03 24.2036  2.304283  0.581055  137.3002  257.6393    5.5463  20050130  14.0  2.0  P/2003 SQ215 (NEAT-LONEOS)
    CK03T030  2004 04 28.9994  1.481355  0.999771   43.7830  347.0586   50.4433  20050130   5.0  4.0  C/2003 T3 (Tabur)
    CK03T040  2005 04  3.6609  0.849765  1.000328  181.6804   93.9038   86.7616  20050130   6.0  4.0  C/2003 T4 (LINEAR)
    CK03W42T  2006 04 10.4930  5.191574  1.003320   92.4326   48.4581   31.4112  20050130   9.0  2.0  C/2003 WT42 (LINEAR)
    PK04A010  2004 08 27.0961  5.462816  0.309379   20.6118  125.2270   10.5699  20050130   6.5  4.0  P/2004 A1 (LONEOS)
    CK04B010  2006 02  7.8853  1.601956  1.001315  327.8945  272.7944  114.0926  20050130  10.5  2.0  C/2004 B1 (LINEAR)
    CK04C010  2003 03 19.3321  4.349795  0.625803  315.9683  151.9549   28.8625            13.5  2.0  C/2004 C1 (Larsen)
    CK04D010  2006 02 10.6227  4.974825  1.002066   75.5222   62.2520   45.5390  20050130  11.5  2.0  C/2004 D1 (NEAT)
    PK04D29O  2004 10  9.9910  4.098610  0.449356   41.5705  147.8722   14.5464            13.5  2.0  P/2004 DO29 (Spacewatch-LINEAR)
    PK04F010  2003 10 19.3130  2.449477  0.451288   26.2721  111.8666   18.2691  20050130  16.0  2.0  P/2004 F1 (NEAT)
    PK04F030  2005 01  4.3111  2.864081  0.286595  176.1280   78.8312   15.9880  20050130   9.0  4.0  P/2004 F3 (NEAT)
    CK04H060  2004 05 12.6881  0.776091  1.000488  269.0353  317.2425  107.6567  20050130   7.5  4.0  C/2004 H6 (SWAN)
    CK04K010  2005 07  5.0780  3.399319  0.998044   97.7432  326.9219  153.7472  20050130   7.0  4.0  C/2004 K1 (Catalina)
    CK04L010  2005 03 30.1052  2.047429  0.997664  243.5782   66.1745  159.3610  20050130  10.0  4.0  C/2004 L1 (LINEAR)
    CK04L020  2005 11 15.0895  3.778992  0.994934  257.3015   99.1858   62.5222  20050130   7.0  4.0  C/2004 L2 (LINEAR)
    CK04P010  2003 08  8.6630  6.013454  0.999534   16.5803  284.1765   28.8143  20050130   7.0  4.0  C/2004 P1 (NEAT)
    CK04Q010  2004 12  6.8651  2.046698  0.988931   32.9686   22.1301   56.0869  20050130   9.5  4.0  C/2004 Q1 (Tucker)
    CK04Q020  2005 01 24.9127  1.205035  0.999473   19.5064   93.6239   38.5894  20050130   5.5  4.0  C/2004 Q2 (Machholz)
    CK04R020  2004 10  7.897   0.11283   1.00000     5.354   182.464    63.174             11.5  4.0  C/2004 R2 (ASAS)
    CK04RB3G  2005 03  3.7223  1.942282  0.997190  125.3097    8.7721   21.6180  20050130  13.0  4.0  C/2004 RG113 (LINEAR)
    PK04T010  2004 11  7.7630  1.709565  0.507591  336.5203   51.4600   11.0382  20050130  12.5  4.0  P/2004 T1 (LINEAR-NEAT)
    CK04T030  2003 04 15.0970  8.863901  0.998417  259.6749   50.3555   71.9640  20050130   2.5  4.0  C/2004 T3 (Siding Spring)
    CK04U010  2004 12  8.7478  2.659336  0.999015   20.1245  112.5459  130.6230  20050130  11.0  4.0  C/2004 U1 (LINEAR)
    PK04V030  2004 11 11.0757  3.937792  0.445380  322.3247  356.0953   50.4523             8.5  4.0  P/2004 V3 (Siding Spring)
    PK04V05a  2005 02 28.7022  4.410859  0.445211   87.6837   47.8603   19.3582  20050130   8.0  4.0  P/2004 V5-A (LINEAR-Hill)
    PK04V05b  2005 02 28.1610  4.411140  0.445316   87.5830   47.8619   19.3583  20050130   8.5  4.0  P/2004 V5-B (LINEAR-Hill)
    PK04V08R  2005 09  2.4760  2.375812  0.509945   63.0881   71.2159   20.1159  20050130  10.0  4.0  P/2004 VR8 (LONEOS)
    PK04W09R  2005 01 11.4920  1.917238  0.683694   70.6308   25.4518    5.0486  20050130  14.5  4.0  P/2004 WR9 (LINEAR)
    CK04X020  2004 08 24.1439  3.791998  0.996768  162.1763  307.3384   72.1040  20050130  10.0  4.0  C/2004 X2 (LINEAR)
    CK04X030  2005 06 17.1579  4.402390  1.006476  202.1213  343.0480   81.0802  20050130   8.5  4.0  C/2004 X3 (LINEAR)
    CK05A010  2005 04 10.2271  0.906857  1.000526  271.8671  355.8591   74.8861  20050130  11.0  4.0  C/2005 A1 (LINEAR)
    CK05B010  2006 02 23.3790  3.206225  1.000589  103.1327  195.5559   92.5507  20050130   6.5  4.0  C/2005 B1 (Christensen)
    PK05E010  2005 03 17.4349  4.445845  0.383480  170.6977    4.4093    5.1564  20050130  10.0  4.0  P/2005 E1 (Tubbiolo)
    CK05E020  2006 02 23.5730  1.519932  0.999735   39.9716  347.8517   16.9884  20050130   5.5  4.0  C/2005 E2 (McNaught)
    CK05EH3L  2007 03  6.3149  3.900518  1.002019  261.2948  344.7838  130.7239  20050130  11.5  2.0  C/2005 EL173 (LONEOS)
    CK05G010  2006 02 27.1121  4.961369  1.000000  113.7915  299.5914  108.4138             8.0  4.0  C/2005 G1 (LINEAR)
    PK05G08F  2005 08 17.4196  2.828560  0.517389  285.2813  315.2131    1.1891            11.5  4.0  P/2005 GF8 (LONEOS)
    CK05H010  2004 10 26.7877  4.763544  0.896593   94.9687   71.5124   81.4989             8.0  4.0  C/2005 H1 (LINEAR)
    PK05J00N  2005 06 20.4015  2.275564  0.349600  153.6610   70.8030    8.8561            14.0  4.0  P/2005 JN (Spacewatch)
    PK05J010  2005 04 17.2945  1.530012  0.570715  338.9144  268.8381   31.7616            16.5  4.0  P/2005 J1 (McNaught)
    CK05J020  2005 03 30.743   4.28168   1.00000   198.905    33.360   150.790              9.0  4.0  C/2005 J2 (Catalina)
    PK05J05Q  2005 07 28.0424  0.825533  0.693494  222.6954   95.8633    5.6956            17.5  4.0  P/2005 JQ5 (Catalina)
    CK05K010  2005 11 20.676   3.68952   1.00000   134.870   106.389    77.716              7.0  4.0  C/2005 K1 (Skiff)
    CK05K020  2005 07  5.390   0.54463   1.00000   216.580    45.727   102.036             17.5  4.0  C/2005 K2 (LINEAR)
    PK05K030  2005 08 22.985   1.43611   0.45244    24.063   350.221    15.835             13.5  4.0  P/2005 K3 (McNaught)
    PK05L010  2005 12  3.774   3.10434   0.22026   148.552   138.396     7.689              9.5  4.0  P/2005 L1 (McNaught)
    CK05L020  2005 09 15.540   3.04774   1.00000   313.493   159.178   152.351             11.5  4.0  C/2005 L2 (McNaught)
