 4 2    2   13 19.7027  4.9788 36.0 36.0   23 2450813.5000 1998                                                                                                                                                                                                                                                                                                                  
1  219971231199802052450813.4-0.5050000000D-01 0.7000000000D-04 0.6057200000D+01 0.7567000000D-01 0.5760000000D-03 0.4530000000D-01-0.5842127000D+01-0.1239500000D+01-0.3226800000D+01-0.2314400000D+01-0.3940000000D-01-0.5800000000D-03 0.1843700000D+01 0.3547000000D-01 0.4780000000D-03 0.1710000000D-01-0.1338137000D+01-0.2564000000D+00-0.2530600000D+01-0.3758700000D+01
1  319980205199803132450849.4-0.5170000000D-01-0.3600000000D-03 0.5618900000D+01 0.6867000000D-01 0.4570000000D-03 0.3730000000D-01-0.6902810000D+00-0.2520300000D+01-0.4338700000D+01-0.4498300000D+01-0.6050000000D-01-0.5400000000D-03 0.2718200000D+01 0.2818000000D-01 0.4050000000D-03 0.2410000000D-01-0.1836056000D+01-0.2126100000D+01-0.4109700000D+01-0.5508900000D+01
1  419980313199804182450885.4-0.5650000000D-01-0.3400000000D-03 0.4939000000D+01 0.6870000000D-01 0.3790000000D-03 0.3170000000D-01-0.1831729000D+01-0.3705100000D+01-0.5439400000D+01-0.3086000000D+00-0.7740000000D-01-0.8000000000D-04 0.3406700000D+01 0.3163000000D-01 0.3490000000D-03 0.2520000000D-01-0.2738788000D+01-0.3892700000D+01-0.5795600000D+01-0.1234400000D+01
1  519980418199805242450921.4-0.7400000000D-01-0.5000000000D-04 0.4320100000D+01 0.6980000000D-01 0.3750000000D-03 0.3200000000D-01-0.3050790000D+01-0.4805300000D+01-0.2159000000D+00-0.2595900000D+01-0.8490000000D-01 0.3200000000D-03 0.3587600000D+01 0.3295000000D-01 0.3090000000D-03 0.2560000000D-01-0.3744795000D+01-0.5428100000D+01-0.1215500000D+01-0.3145900000D+01
1  619980524199806292450957.4-0.7850000000D-01-0.6700000000D-03 0.4123200000D+01 0.7182000000D-01 0.3580000000D-03 0.3100000000D-01-0.4348328000D+01-0.5900600000D+01-0.1571500000D+01-0.5005600000D+01-0.7210000000D-01 0.3700000000D-03 0.3272300000D+01 0.2937000000D-01 0.3660000000D-03 0.2320000000D-01-0.4737107000D+01-0.6189000000D+00-0.2813500000D+01-0.5138900000D+01
1  719980629199808042450993.4-0.9600000000D-01-0.4300000000D-03 0.4453600000D+01 0.6625000000D-01 0.3740000000D-03 0.3220000000D-01-0.5625187000D+01-0.7000000000D+00-0.2762700000D+01-0.8497000000D+00-0.5680000000D-01 0.7300000000D-03 0.2568500000D+01 0.2509000000D-01 0.3110000000D-03 0.1600000000D-01-0.5612574000D+01-0.2364000000D+01-0.4337900000D+01-0.5895000000D+00
1  819980804199809092451029.4-0.1177000000D+00-0.5000000000D-04 0.5011900000D+01 0.5772000000D-01 0.3010000000D-03 0.4000000000D-01-0.4985160000D+00-0.1821500000D+01-0.3925000000D+01-0.2928900000D+01-0.3090000000D-01 0.7100000000D-03 0.1817200000D+01 0.2625000000D-01 0.2850000000D-03 0.1350000000D-01-0.6159316000D+01-0.4003500000D+01-0.5839300000D+01-0.1917500000D+01
1  919980909199810152451065.4-0.1208000000D+00-0.4400000000D-03 0.5489800000D+01 0.4975000000D-01 0.2240000000D-03 0.4240000000D-01-0.1558339000D+01-0.2907200000D+01-0.4690200000D+01-0.5025100000D+01-0.5200000000D-02 0.8200000000D-03 0.1874500000D+01 0.2805000000D-01 0.2620000000D-03 0.1790000000D-01-0.7962000000D-01-0.5478400000D+01-0.8775000000D+00-0.3216800000D+01
1 1019981015199811202451101.4-0.1293000000D+00-0.3600000000D-03 0.5861900000D+01 0.4860000000D-01 0.1630000000D-03 0.4300000000D-01-0.2564905000D+01-0.3929000000D+01-0.5169600000D+01-0.6486000000D+00 0.2200000000D-01 0.7300000000D-03 0.2797100000D+01 0.3178000000D-01 0.2390000000D-03 0.2500000000D-01-0.5909020000D+00-0.5360000000D+00-0.1965300000D+01-0.4893800000D+01
1 1119981120199812262451137.4-0.1473000000D+00-0.1300000000D-03 0.6301300000D+01 0.5332000000D-01 0.2230000000D-03 0.5060000000D-01-0.3562118000D+01-0.4844800000D+01-0.5396400000D+01-0.2624100000D+01 0.5240000000D-01 0.6200000000D-03 0.4006500000D+01 0.3781000000D-01 0.2150000000D-03 0.3500000000D-01-0.1354859000D+01-0.1711900000D+01-0.2658600000D+01-0.3233000000D+00
1 1219981226199901312451173.4-0.1577000000D+00-0.1090000000D-02 0.7103200000D+01 0.6793000000D-01 0.3360000000D-03 0.5600000000D-01-0.4567195000D+01-0.5692400000D+01-0.5554900000D+01-0.4650400000D+01 0.7460000000D-01 0.1270000000D-02 0.5404000000D+01 0.4812000000D-01 0.2150000000D-03 0.4740000000D-01-0.2194418000D+01-0.2693200000D+01-0.2760300000D+01-0.2199300000D+01
2 1319971231199802052450813.4 0.6000000000D-03 0.1000000000D-04 0.1513300000D+02 0.2013500000D+00 0.1649000000D-02 0.2800000000D-02 0.3365830000D+01 0.1703000000D+01 0.6002000000D+01-0.4801400000D+01 0.3000000000D-03 0.8000000000D-04 0.4788700000D+01 0.8638000000D-01 0.1267000000D-02 0.2400000000D-02 0.1579655000D+01 0.2670400000D+01 0.3741000000D+00-0.5251300000D+01
2 1419980205199803132450849.4 0.7000000000D-03 0.8000000000D-04 0.1406280000D+02 0.1844400000D+00 0.1280000000D-02 0.1800000000D-02 0.6216947000D+01 0.4396500000D+01 0.2564600000D+01-0.6407000000D+00 0.1200000000D-02 0.5000000000D-04 0.6891100000D+01 0.7147000000D-01 0.1118000000D-02 0.2900000000D-02 0.5065274000D+01 0.4718400000D+01 0.2780700000D+01-0.1224500000D+01
2 1519980313199804182450885.4 0.3700000000D-02-0.5000000000D-04 0.1234880000D+02 0.1817400000D+00 0.1111000000D-02 0.1600000000D-02 0.2767770000D+01 0.9143000000D+00 0.5465800000D+01-0.5168100000D+01 0.3800000000D-02-0.8000000000D-04 0.8583300000D+01 0.8420000000D-01 0.8930000000D-03 0.1100000000D-02 0.1861824000D+01 0.6319000000D+00 0.5120200000D+01-0.4308000000D+01
2 1619980418199805242450921.4 0.1500000000D-02 0.7000000000D-04 0.1083290000D+02 0.1858900000D+00 0.1078000000D-02 0.1700000000D-02 0.5524923000D+01 0.3779600000D+01 0.2038800000D+01-0.7892000000D+00 0.7000000000D-03 0.8000000000D-04 0.8965500000D+01 0.9321000000D-01 0.8620000000D-03 0.1700000000D-02 0.4832819000D+01 0.3148600000D+01 0.1056200000D+01-0.2758000000D+00
2 1719980524199806292450957.4 0.4400000000D-02-0.1000000000D-03 0.1036000000D+02 0.1887000000D+00 0.1098000000D-02 0.6000000000D-03 0.1918480000D+01 0.3729000000D+00 0.4774500000D+01-0.6057000000D+00 0.2400000000D-02-0.6000000000D-04 0.8151600000D+01 0.8272000000D-01 0.9460000000D-03 0.2200000000D-02 0.1525189000D+01 0.5690200000D+01 0.3436600000D+01-0.1535900000D+01
2 1819980629199808042450993.4 0.7000000000D-03 0.5000000000D-04 0.1117240000D+02 0.1799300000D+00 0.1091000000D-02 0.1300000000D-02 0.4618458000D+01 0.3231700000D+01 0.1222300000D+01-0.2356000000D+00 0.1400000000D-02-0.2000000000D-04 0.6369000000D+01 0.6536000000D-01 0.8800000000D-03 0.1500000000D-02 0.4610798000D+01 0.1754500000D+01 0.5901300000D+01-0.4860500000D+01
2 1919980804199809092451029.4 0.2100000000D-02-0.6000000000D-04 0.1252680000D+02 0.1619400000D+00 0.9550000000D-03 0.3000000000D-02 0.1142326000D+01 0.6075000000D+01 0.4099000000D+01-0.1601200000D+01-0.4000000000D-03 0.7000000000D-04 0.4461000000D+01 0.5968000000D-01 0.7810000000D-03 0.1500000000D-02 0.1724381000D+01 0.3980700000D+01 0.2046300000D+01-0.8080000000D+00
2 2019980909199810152451065.4 0.0000000000D+00-0.4000000000D-04 0.1372330000D+02 0.1481400000D+00 0.7590000000D-03 0.9000000000D-03 0.4039297000D+01 0.2661400000D+01 0.9039000000D+00-0.9475000000D+00 0.1900000000D-02-0.3000000000D-04 0.4502800000D+01 0.6474000000D-01 0.7670000000D-03 0.2000000000D-03 0.5478863000D+01 0.3630000000D-01 0.4627900000D+01-0.5051600000D+01
2 2119981015199811202451101.4-0.2000000000D-02 0.2000000000D-04 0.1473050000D+02 0.1473100000D+00 0.6650000000D-03 0.2000000000D-02 0.6980630000D+00 0.5602900000D+01 0.4228000000D+01-0.1778600000D+01 0.1100000000D-02 0.3000000000D-04 0.6767800000D+01 0.7987000000D-01 0.7650000000D-03 0.1600000000D-02 0.2646533000D+01 0.2564600000D+01 0.1173800000D+01-0.5685700000D+01
2 2219981120199812262451137.4-0.7000000000D-03-0.1200000000D-03 0.1594490000D+02 0.1623400000D+00 0.7430000000D-03 0.2700000000D-02 0.3648856000D+01 0.2336500000D+01 0.1433900000D+01-0.1850600000D+01 0.1500000000D-02 0.7000000000D-04 0.9802100000D+01 0.1043100000D+00 0.7230000000D-03 0.1100000000D-02 0.5827408000D+01 0.5316500000D+01 0.4261000000D+01-0.1200000000D-01
2 2319981226199901312451173.4-0.5700000000D-02 0.4000000000D-04 0.1805550000D+02 0.1988300000D+00 0.9010000000D-03 0.1500000000D-02 0.3071100000D+00 0.5420300000D+01 0.5050300000D+01-0.2055900000D+01 0.4900000000D-02-0.7000000000D-04 0.1338530000D+02 0.1353200000D+00 0.6830000000D-03 0.1400000000D-02 0.2641578000D+01 0.1989900000D+01 0.1553100000D+01-0.6180800000D+01
