 7 5   2  44  56  71  95 4.4880 2.4930 1.5162 0.7217 0.4667  9.0 31.0 27.0 17.0 22.0  112 2458848.5000 2020                                                                                                                                                                                                                                                                      
1  220191231202001092458848.4-0.5800000000D-02-0.3300000000D-03 0.6066500000D+01 0.2669900000D+00 0.5688000000D-02 0.3800000000D-02 0.1002344000D+01 0.5691900000D+01 0.3898900000D+01 0.7475000000D+00 0.1270000000D-01 0.5000000000D-03 0.9194200000D+01 0.4026900000D+00 0.8589000000D-02 0.6500000000D-02 0.5616811000D+01 0.4025300000D+01 0.2257100000D+01 0.5594100000D+01
1  320200109202001182458857.4-0.7900000000D-02 0.1700000000D-03 0.6018800000D+01 0.2643300000D+00 0.5546000000D-02 0.3700000000D-02 0.3305477000D+01 0.1711000000D+01 0.6221100000D+01 0.5524300000D+01 0.1250000000D-01 0.3100000000D-03 0.9126600000D+01 0.4004600000D+00 0.8537000000D-02 0.6700000000D-02 0.1637324000D+01 0.4470000000D-01 0.4546000000D+01 0.3794300000D+01
1  420200118202001272458866.4-0.9900000000D-02 0.4800000000D-03 0.5976100000D+01 0.2628200000D+00 0.5554000000D-02 0.3700000000D-02 0.5608183000D+01 0.4017600000D+01 0.2251300000D+01 0.3872000000D+01 0.1440000000D-01-0.2100000000D-03 0.9055400000D+01 0.3986800000D+00 0.8547000000D-02 0.6500000000D-02 0.3941224000D+01 0.2349500000D+01 0.5516000000D+00 0.2057700000D+01
1  520200127202002052458875.4-0.7400000000D-02-0.1200000000D-03 0.5940200000D+01 0.2617900000D+00 0.5539000000D-02 0.3600000000D-02 0.1626950000D+01 0.4060000000D-01 0.4555000000D+01 0.2208800000D+01 0.1630000000D-01-0.5100000000D-03 0.8985500000D+01 0.3937400000D+00 0.8389000000D-02 0.6700000000D-02 0.6244580000D+01 0.4653000000D+01 0.2875700000D+01 0.3725000000D+00
1  620200205202002142458884.4-0.6200000000D-02-0.3100000000D-03 0.5913800000D+01 0.2612800000D+00 0.5544000000D-02 0.4200000000D-02 0.3928599000D+01 0.2345600000D+01 0.5732000000D+00 0.4788000000D+00 0.1480000000D-01-0.1200000000D-03 0.8920800000D+01 0.3915000000D+00 0.8253000000D-02 0.5700000000D-02 0.2265553000D+01 0.6720000000D+00 0.5166200000D+01 0.4937800000D+01
1  720200214202002232458893.4-0.7300000000D-02 0.1000000000D-04 0.5894400000D+01 0.2599900000D+00 0.5614000000D-02 0.4200000000D-02 0.6229539000D+01 0.4654200000D+01 0.2900200000D+01 0.5061800000D+01 0.1070000000D-01 0.6200000000D-03 0.8855700000D+01 0.3886900000D+00 0.8166000000D-02 0.5700000000D-02 0.4569841000D+01 0.2977600000D+01 0.1187700000D+01 0.3285100000D+01
1  820200223202003032458902.4-0.8800000000D-02 0.2800000000D-03 0.5887000000D+01 0.2604400000D+00 0.5533000000D-02 0.4300000000D-02 0.2247302000D+01 0.6728000000D+00 0.5187700000D+01 0.3354200000D+01 0.1240000000D-01 0.4000000000D-04 0.8797000000D+01 0.3847400000D+00 0.8057000000D-02 0.5300000000D-02 0.5909730000D+00 0.5283200000D+01 0.3504800000D+01 0.1658000000D+01
1  920200303202003122458911.4-0.9300000000D-02 0.2600000000D-03 0.5887900000D+01 0.2609700000D+00 0.5546000000D-02 0.4300000000D-02 0.4548282000D+01 0.2977200000D+01 0.1205000000D+01 0.1509300000D+01 0.1590000000D-01-0.6700000000D-03 0.8743600000D+01 0.3814700000D+00 0.8106000000D-02 0.5200000000D-02 0.2895820000D+01 0.1309400000D+01 0.5824000000D+01 0.1051000000D+00
1 1020200312202003212458920.4-0.6500000000D-02-0.3200000000D-03 0.5896600000D+01 0.2606300000D+00 0.5559000000D-02 0.4200000000D-02 0.5656690000D+00 0.5282900000D+01 0.3527200000D+01 0.6216700000D+01 0.1430000000D-01-0.1900000000D-03 0.8697800000D+01 0.3791800000D+00 0.7934000000D-02 0.5300000000D-02 0.5201182000D+01 0.3615000000D+01 0.1846400000D+01 0.4622300000D+01
1 1120200321202003302458929.4-0.6100000000D-02-0.3100000000D-03 0.5915900000D+01 0.2615700000D+00 0.5570000000D-02 0.3800000000D-02 0.2866664000D+01 0.1303700000D+01 0.5827200000D+01 0.4416000000D+01 0.1180000000D-01 0.2700000000D-03 0.8659600000D+01 0.3781500000D+00 0.7948000000D-02 0.5800000000D-02 0.1224076000D+01 0.5923900000D+01 0.4141700000D+01 0.3034700000D+01
1 1220200330202004082458938.4-0.9200000000D-02 0.3300000000D-03 0.5943100000D+01 0.2618800000D+00 0.5538000000D-02 0.3600000000D-02 0.5167856000D+01 0.3607200000D+01 0.1866500000D+01 0.2855200000D+01 0.1070000000D-01 0.3300000000D-03 0.8628000000D+01 0.3754400000D+00 0.8009000000D-02 0.6200000000D-02 0.3530260000D+01 0.1952700000D+01 0.1872000000D+00 0.1266200000D+01
1 1320200408202004172458947.4-0.9400000000D-02 0.2400000000D-03 0.5977400000D+01 0.2636000000D+00 0.5587000000D-02 0.3700000000D-02 0.1186461000D+01 0.5912900000D+01 0.4162600000D+01 0.1156600000D+01 0.1320000000D-01-0.2500000000D-03 0.8608500000D+01 0.3747300000D+00 0.7808000000D-02 0.5800000000D-02 0.5837136000D+01 0.4258200000D+01 0.2484100000D+01 0.5888500000D+01
1 1420200417202004262458956.4-0.7700000000D-02-0.1600000000D-03 0.6018300000D+01 0.2650600000D+00 0.5750000000D-02 0.3500000000D-02 0.3488562000D+01 0.1939200000D+01 0.1899000000D+00 0.5941400000D+01 0.1580000000D-01-0.7000000000D-03 0.8596800000D+01 0.3735200000D+00 0.7794000000D-02 0.6700000000D-02 0.1861286000D+01 0.2851000000D+00 0.4800200000D+01 0.4054600000D+01
1 1520200426202005052458965.4-0.6600000000D-02-0.3300000000D-03 0.6068500000D+01 0.2663400000D+00 0.5661000000D-02 0.3900000000D-02 0.5791255000D+01 0.4241100000D+01 0.2506600000D+01 0.4134800000D+01 0.1200000000D-01 0.1700000000D-03 0.8592600000D+01 0.3724100000D+00 0.7768000000D-02 0.5700000000D-02 0.4169031000D+01 0.2595900000D+01 0.8376000000D+00 0.2482800000D+01
1 1620200505202005142458974.4-0.7500000000D-02-0.1000000000D-03 0.6124400000D+01 0.2693100000D+00 0.5705000000D-02 0.4000000000D-02 0.1811777000D+01 0.2631000000D+00 0.4794700000D+01 0.2550000000D+01 0.9700000000D-02 0.5300000000D-03 0.8596900000D+01 0.3729400000D+00 0.7833000000D-02 0.5900000000D-02 0.1942350000D+00 0.4908500000D+01 0.3140700000D+01 0.6912000000D+00
1 1720200514202005232458983.4-0.1030000000D-01 0.4100000000D-03 0.6184500000D+01 0.2710400000D+00 0.5809000000D-02 0.4600000000D-02 0.4115731000D+01 0.2571400000D+01 0.8297000000D+00 0.7747000000D+00 0.1220000000D-01-0.1300000000D-03 0.8611600000D+01 0.3713900000D+00 0.7783000000D-02 0.5000000000D-02 0.2502782000D+01 0.9361000000D+00 0.5479800000D+01 0.5369400000D+01
1 1820200523202006012458992.4-0.9300000000D-02 0.6000000000D-04 0.6250600000D+01 0.2735800000D+00 0.5780000000D-02 0.4100000000D-02 0.1374060000D+00 0.4875200000D+01 0.3132900000D+01 0.5337000000D+01 0.1390000000D-01-0.4400000000D-03 0.8634900000D+01 0.3734000000D+00 0.7752000000D-02 0.5600000000D-02 0.4812341000D+01 0.3246600000D+01 0.1488800000D+01 0.3724600000D+01
1 1920200601202006102459001.4-0.6500000000D-02-0.5200000000D-03 0.6319900000D+01 0.2754500000D+00 0.5879000000D-02 0.5000000000D-02 0.2442728000D+01 0.9005000000D+00 0.5452800000D+01 0.3589800000D+01 0.1370000000D-01-0.2600000000D-03 0.8663400000D+01 0.3747900000D+00 0.7932000000D-02 0.4700000000D-02 0.8388470000D+00 0.5562800000D+01 0.3799300000D+01 0.2174000000D+01
1 2020200610202006192459010.4-0.7900000000D-02-0.1500000000D-03 0.6392600000D+01 0.2780800000D+00 0.5889000000D-02 0.4100000000D-02 0.4749022000D+01 0.3206000000D+01 0.1475600000D+01 0.1937000000D+01 0.1020000000D-01 0.4300000000D-03 0.8704200000D+01 0.3748300000D+00 0.7816000000D-02 0.5700000000D-02 0.3148754000D+01 0.1588800000D+01 0.6131600000D+01 0.4474000000D+00
1 2120200619202006282459019.4-0.9800000000D-02 0.2200000000D-03 0.6465400000D+01 0.2821400000D+00 0.6009000000D-02 0.4400000000D-02 0.7731920000D+00 0.5515100000D+01 0.3761100000D+01 0.2359000000D+00 0.9400000000D-02 0.4600000000D-03 0.8751100000D+01 0.3773700000D+00 0.7844000000D-02 0.5600000000D-02 0.5459375000D+01 0.3900700000D+01 0.2152100000D+01 0.5091100000D+01
1 2220200628202007072459028.4-0.1040000000D-01 0.2100000000D-03 0.6540400000D+01 0.2833600000D+00 0.6075000000D-02 0.3800000000D-02 0.3080516000D+01 0.1540500000D+01 0.6095600000D+01 0.4848200000D+01 0.1370000000D-01-0.5000000000D-03 0.8803000000D+01 0.3787500000D+00 0.7930000000D-02 0.6600000000D-02 0.1486723000D+01 0.6214700000D+01 0.4475000000D+01 0.3408000000D+01
1 2320200707202007162459037.4-0.8900000000D-02-0.1800000000D-03 0.6617100000D+01 0.2868800000D+00 0.6033000000D-02 0.4300000000D-02 0.5389141000D+01 0.3844600000D+01 0.2103800000D+01 0.3292100000D+01 0.1390000000D-01-0.4000000000D-03 0.8862000000D+01 0.3816700000D+00 0.7964000000D-02 0.6100000000D-02 0.3797861000D+01 0.2242800000D+01 0.4980000000D+00 0.1606600000D+01
1 2420200716202007252459046.4-0.7000000000D-02-0.5400000000D-03 0.6689300000D+01 0.2901200000D+00 0.6130000000D-02 0.3700000000D-02 0.1415066000D+01 0.6154200000D+01 0.4403900000D+01 0.1664800000D+01 0.1070000000D-01 0.3600000000D-03 0.8923100000D+01 0.3834500000D+00 0.8158000000D-02 0.6900000000D-02 0.6108756000D+01 0.4558800000D+01 0.2823800000D+01 0.6250500000D+01
1 2520200725202008032459055.4-0.9700000000D-02 0.1000000000D-03 0.6760900000D+01 0.2916900000D+00 0.6154000000D-02 0.4500000000D-02 0.3724386000D+01 0.2178000000D+01 0.4446000000D+00 0.6273600000D+01 0.9600000000D-02 0.4400000000D-03 0.8991700000D+01 0.3862900000D+00 0.8115000000D-02 0.6000000000D-02 0.2136820000D+01 0.5849000000D+00 0.5132700000D+01 0.4509800000D+01
1 2620200803202008122459064.4-0.1190000000D-01 0.4500000000D-03 0.6827000000D+01 0.2945000000D+00 0.6264000000D-02 0.4600000000D-02 0.6034546000D+01 0.4487500000D+01 0.2749200000D+01 0.4583900000D+01 0.1080000000D-01 0.7000000000D-04 0.9060600000D+01 0.3913200000D+00 0.8188000000D-02 0.6000000000D-02 0.4448630000D+01 0.2895700000D+01 0.1137200000D+01 0.2886200000D+01
1 2720200812202008212459073.4-0.9900000000D-02-0.1300000000D-03 0.6887800000D+01 0.2964300000D+00 0.6284000000D-02 0.5000000000D-02 0.2061658000D+01 0.5120000000D+00 0.5060700000D+01 0.2944700000D+01 0.1410000000D-01-0.5500000000D-03 0.9129300000D+01 0.3926600000D+00 0.8309000000D-02 0.5600000000D-02 0.4763390000D+00 0.5209000000D+01 0.3470600000D+01 0.1178300000D+01
1 2820200821202008302459082.4-0.8600000000D-02-0.3700000000D-03 0.6942900000D+01 0.2993600000D+00 0.6335000000D-02 0.5100000000D-02 0.4372706000D+01 0.2818700000D+01 0.1066500000D+01 0.1120900000D+01 0.1290000000D-01-0.1300000000D-03 0.9200800000D+01 0.3960900000D+00 0.8310000000D-02 0.5800000000D-02 0.2787572000D+01 0.1233900000D+01 0.5774900000D+01 0.5957000000D+01
1 2920200830202009082459091.4-0.9100000000D-02-0.1600000000D-03 0.6986000000D+01 0.3010700000D+00 0.6494000000D-02 0.5200000000D-02 0.4004400000D+00 0.5130400000D+01 0.3377100000D+01 0.5768000000D+01 0.8400000000D-02 0.7700000000D-03 0.9267500000D+01 0.3991900000D+00 0.8353000000D-02 0.5400000000D-02 0.5098581000D+01 0.3543400000D+01 0.1804000000D+01 0.4274700000D+01
1 3020200908202009172459100.4-0.1150000000D-01 0.2900000000D-03 0.7023800000D+01 0.3023800000D+00 0.6405000000D-02 0.5000000000D-02 0.2711481000D+01 0.1150800000D+01 0.5679200000D+01 0.4038000000D+01 0.1000000000D-01 0.2100000000D-03 0.9330200000D+01 0.4016000000D+00 0.8456000000D-02 0.6000000000D-02 0.1125900000D+01 0.5853000000D+01 0.4116800000D+01 0.2621600000D+01
1 3120200917202009262459109.4-0.1260000000D-01 0.3700000000D-03 0.7050800000D+01 0.3040900000D+00 0.6378000000D-02 0.4400000000D-02 0.5022932000D+01 0.3455300000D+01 0.1690600000D+01 0.2392700000D+01 0.1310000000D-01-0.4400000000D-03 0.9385000000D+01 0.4053900000D+00 0.8723000000D-02 0.6700000000D-02 0.3436387000D+01 0.1881700000D+01 0.1340000000D+00 0.9499000000D+00
1 3220200926202010052459118.4-0.9300000000D-02-0.3700000000D-03 0.7063100000D+01 0.3041000000D+00 0.6427000000D-02 0.4500000000D-02 0.1050580000D+01 0.5764000000D+01 0.4005800000D+01 0.7274000000D+00 0.1310000000D-01-0.2500000000D-03 0.9434600000D+01 0.4072300000D+00 0.8664000000D-02 0.6500000000D-02 0.5746062000D+01 0.4186900000D+01 0.2448000000D+01 0.5554200000D+01
1 3320201005202010142459127.4-0.8700000000D-02-0.3800000000D-03 0.7065300000D+01 0.3046400000D+00 0.6462000000D-02 0.4200000000D-02 0.3361447000D+01 0.1787300000D+01 0.1940000000D-01 0.5464900000D+01 0.1080000000D-01 0.2400000000D-03 0.9476300000D+01 0.4106300000D+00 0.8719000000D-02 0.7200000000D-02 0.1772352000D+01 0.2089000000D+00 0.4734300000D+01 0.3782800000D+01
1 3420201014202010232459136.4-0.1180000000D-01 0.3200000000D-03 0.7055700000D+01 0.3035200000D+00 0.6421000000D-02 0.4300000000D-02 0.5671823000D+01 0.4092800000D+01 0.2341100000D+01 0.3814200000D+01 0.7900000000D-02 0.6600000000D-03 0.9502900000D+01 0.4129800000D+00 0.8890000000D-02 0.6800000000D-02 0.4081134000D+01 0.2517100000D+01 0.7531000000D+00 0.2065500000D+01
1 3520201023202011012459145.4-0.1260000000D-01 0.3400000000D-03 0.7033900000D+01 0.3034600000D+00 0.6410000000D-02 0.4400000000D-02 0.1698787000D+01 0.1156000000D+00 0.4633200000D+01 0.2111600000D+01 0.1110000000D-01-0.1100000000D-03 0.9521700000D+01 0.4140200000D+00 0.8777000000D-02 0.6900000000D-02 0.1058800000D+00 0.4818500000D+01 0.3055400000D+01 0.4268000000D+00
1 3620201101202011102459154.4-0.1130000000D-01 0.0000000000D+00 0.7000400000D+01 0.3037000000D+00 0.6525000000D-02 0.5100000000D-02 0.4008650000D+01 0.2424400000D+01 0.6377000000D+00 0.5068000000D+00 0.1450000000D-01-0.7200000000D-03 0.9527800000D+01 0.4141900000D+00 0.8817000000D-02 0.5800000000D-02 0.2413219000D+01 0.8391000000D+00 0.5365700000D+01 0.4940800000D+01
1 3720201110202011192459163.4-0.9200000000D-02-0.3600000000D-03 0.6959800000D+01 0.3012600000D+00 0.6373000000D-02 0.4700000000D-02 0.3416100000D-01 0.4727200000D+01 0.2959400000D+01 0.5001100000D+01 0.1070000000D-01 0.1600000000D-03 0.9518700000D+01 0.4145800000D+00 0.8810000000D-02 0.6100000000D-02 0.4719960000D+01 0.3142400000D+01 0.1382200000D+01 0.3372400000D+01
1 3820201119202011282459172.4-0.9700000000D-02-0.1500000000D-03 0.6911200000D+01 0.3002700000D+00 0.6350000000D-02 0.5200000000D-02 0.2342427000D+01 0.7493000000D+00 0.5250500000D+01 0.3326600000D+01 0.8200000000D-02 0.5600000000D-03 0.9497300000D+01 0.4154900000D+00 0.8897000000D-02 0.5400000000D-02 0.7430200000D+00 0.5446400000D+01 0.3665900000D+01 0.1713000000D+01
1 3920201128202012072459181.4-0.1320000000D-01 0.5500000000D-03 0.6855900000D+01 0.2986600000D+00 0.6322000000D-02 0.5000000000D-02 0.4649941000D+01 0.3055000000D+01 0.1270400000D+01 0.1518000000D+01 0.9600000000D-02 0.8000000000D-04 0.9464600000D+01 0.4125900000D+00 0.8911000000D-02 0.5700000000D-02 0.3048190000D+01 0.1466900000D+01 0.5993000000D+01 0.1509000000D+00
1 4020201207202012162459190.4-0.1220000000D-01 0.2100000000D-03 0.6797500000D+01 0.2965300000D+00 0.6209000000D-02 0.4800000000D-02 0.6733560000D+00 0.5358500000D+01 0.3576300000D+01 0.6254300000D+01 0.1200000000D-01-0.3900000000D-03 0.9422800000D+01 0.4125500000D+00 0.8782000000D-02 0.5900000000D-02 0.5353377000D+01 0.3766800000D+01 0.1991700000D+01 0.4652000000D+01
1 4120201216202012252459199.4-0.9300000000D-02-0.3800000000D-03 0.6735800000D+01 0.2938900000D+00 0.6300000000D-02 0.4200000000D-02 0.2979002000D+01 0.1385200000D+01 0.5895300000D+01 0.4375800000D+01 0.1280000000D-01-0.4700000000D-03 0.9370300000D+01 0.4120600000D+00 0.8815000000D-02 0.6500000000D-02 0.1374935000D+01 0.6069900000D+01 0.4275700000D+01 0.3117700000D+01
1 4220201225202101032459208.4-0.9800000000D-02-0.1600000000D-03 0.6677500000D+01 0.2920300000D+00 0.6149000000D-02 0.4200000000D-02 0.5284114000D+01 0.3687400000D+01 0.1913400000D+01 0.2879500000D+01 0.8400000000D-02 0.4300000000D-03 0.9311500000D+01 0.4078300000D+00 0.8678000000D-02 0.6500000000D-02 0.3678761000D+01 0.2087700000D+01 0.3166000000D+00 0.1238100000D+01
1 4320210103202101122459217.4-0.1130000000D-01 0.2000000000D-03 0.6620600000D+01 0.2911400000D+00 0.6133000000D-02 0.3900000000D-02 0.1305487000D+01 0.5993300000D+01 0.4200800000D+01 0.1158000000D+01 0.7000000000D-02 0.5500000000D-03 0.9245700000D+01 0.4060200000D+00 0.8685000000D-02 0.6700000000D-02 0.5982649000D+01 0.4391400000D+01 0.2607400000D+01 0.5903900000D+01
2 4420191231202001312458848.4 0.8200000000D-02 0.0000000000D+00 0.9623300000D+01 0.9640000000D-02 0.6800000000D-04 0.2500000000D-02 0.3715586000D+01 0.7787000000D+00 0.3182800000D+01 0.2156900000D+01-0.4000000000D-03 0.7000000000D-04 0.1347170000D+02 0.1213000000D-01 0.1600000000D-04 0.2900000000D-02 0.2024998000D+01 0.5509700000D+01 0.3558700000D+01 0.1001800000D+01
2 4520200131202003022458879.4 0.6800000000D-02 0.6000000000D-04 0.9388300000D+01 0.7050000000D-02 0.8500000000D-04 0.2300000000D-02 0.5590360000D+01 0.3081900000D+01 0.5335600000D+01 0.6225800000D+01 0.1000000000D-03 0.1000000000D-04 0.1311970000D+02 0.1160000000D-01 0.4700000000D-04 0.3200000000D-02 0.3901244000D+01 0.1052000000D+01 0.4332700000D+01 0.4461200000D+01
2 4620200302202004022458910.4 0.7000000000D-02 0.3000000000D-04 0.9292300000D+01 0.5460000000D-02 0.7700000000D-04 0.2100000000D-02 0.1175846000D+01 0.5796100000D+01 0.1132200000D+01 0.3408200000D+01 0.1700000000D-02-0.4000000000D-04 0.1281790000D+02 0.8430000000D-02 0.7500000000D-04 0.3700000000D-02 0.5779307000D+01 0.2872700000D+01 0.5978200000D+01 0.2034100000D+01
2 4720200402202005032458941.4 0.7500000000D-02 0.1000000000D-04 0.9351700000D+01 0.7260000000D-02 0.6300000000D-04 0.2900000000D-02 0.3042457000D+01 0.2143300000D+01 0.3371300000D+01 0.1356700000D+01 0.1200000000D-02 0.0000000000D+00 0.1263500000D+02 0.3930000000D-02 0.9200000000D-04 0.3500000000D-02 0.1377306000D+01 0.4765500000D+01 0.1609300000D+01 0.5427900000D+01
2 4820200503202006032458972.4 0.7300000000D-02 0.3000000000D-04 0.9550000000D+01 0.9680000000D-02 0.4500000000D-04 0.3000000000D-02 0.4910745000D+01 0.4432500000D+01 0.5457900000D+01 0.4684800000D+01 0.1700000000D-02-0.3000000000D-04 0.1260130000D+02 0.1520000000D-02 0.7800000000D-04 0.3000000000D-02 0.3261286000D+01 0.3562800000D+01 0.3434100000D+01 0.3446700000D+01
2 4920200603202007042459003.4 0.8500000000D-02-0.2000000000D-04 0.9854700000D+01 0.1134000000D-01 0.3600000000D-04 0.2400000000D-02 0.5006820000D+00 0.2547000000D+00 0.1540200000D+01 0.2280500000D+01 0.2200000000D-02-0.4000000000D-04 0.1272020000D+02 0.6520000000D-02 0.5900000000D-04 0.3800000000D-02 0.5148276000D+01 0.5359400000D+01 0.5430000000D+01 0.7865000000D+00
2 5020200704202008042459034.4 0.9000000000D-02 0.0000000000D+00 0.1021210000D+02 0.1204000000D-01 0.4200000000D-04 0.2900000000D-02 0.2380024000D+01 0.2321100000D+01 0.4520900000D+01 0.6203600000D+01 0.8000000000D-03 0.4000000000D-04 0.1297150000D+02 0.1038000000D-01 0.2400000000D-04 0.3900000000D-02 0.7543520000D+00 0.9662000000D+00 0.1185200000D+01 0.4458000000D+01
2 5120200804202009042459065.4 0.7800000000D-02 0.6000000000D-04 0.1056120000D+02 0.1070000000D-01 0.7700000000D-04 0.3000000000D-02 0.4265838000D+01 0.4397300000D+01 0.7472000000D+00 0.3784200000D+01 0.1200000000D-02 0.0000000000D+00 0.1330680000D+02 0.1209000000D-01 0.2400000000D-04 0.3400000000D-02 0.2644796000D+01 0.2884600000D+01 0.2590000000D-01 0.2052600000D+01
2 5220200904202010052459096.4 0.8700000000D-02-0.1000000000D-04 0.1082050000D+02 0.6910000000D-02 0.1060000000D-03 0.3200000000D-02 0.6157070000D+01 0.3374000000D+00 0.2926300000D+01 0.1164700000D+01 0.2800000000D-02-0.6000000000D-04 0.1364990000D+02 0.1055000000D-01 0.7500000000D-04 0.2800000000D-02 0.4535210000D+01 0.4766700000D+01 0.1753900000D+01 0.5801600000D+01
2 5320201005202011052459127.4 0.9200000000D-02-0.4000000000D-04 0.1091060000D+02 0.3640000000D-02 0.1040000000D-03 0.2400000000D-02 0.1768266000D+01 0.3496400000D+01 0.5055800000D+01 0.4624100000D+01 0.2100000000D-02 0.0000000000D+00 0.1389780000D+02 0.5760000000D-02 0.1190000000D-03 0.4000000000D-02 0.1404730000D+00 0.2422000000D+00 0.3480200000D+01 0.3589100000D+01
2 5420201105202012062459158.4 0.8700000000D-02-0.3000000000D-04 0.1079670000D+02 0.7880000000D-02 0.6800000000D-04 0.2600000000D-02 0.3661829000D+01 0.1291000000D+00 0.1259300000D+01 0.2835900000D+01 0.2100000000D-02 0.0000000000D+00 0.1396350000D+02 0.1850000000D-02 0.1130000000D-03 0.3900000000D-02 0.2024853000D+01 0.5903100000D+01 0.5423100000D+01 0.5236000000D+00
2 5520201206202101062459189.4 0.8900000000D-02-0.6000000000D-04 0.1052460000D+02 0.1060000000D-01 0.4000000000D-04 0.2700000000D-02 0.5551407000D+01 0.2382200000D+01 0.4299300000D+01 0.6033900000D+01 0.2400000000D-02 0.1000000000D-04 0.1381790000D+02 0.8730000000D-02 0.5800000000D-04 0.2300000000D-02 0.3904997000D+01 0.1138100000D+01 0.9050000000D+00 0.4748900000D+01
3 5620191231202001272458848.4-0.2580000000D-01-0.6000000000D-03 0.1337970000D+02 0.1338000000D-01 0.8900000000D-04 0.2720000000D-01 0.1992449000D+01 0.5276000000D+01 0.1670900000D+01 0.1283100000D+01-0.1029000000D+00 0.2300000000D-03 0.1876440000D+02 0.1639000000D-01 0.9000000000D-05 0.3950000000D-01 0.2998470000D+00 0.3654000000D+01 0.1172000000D+01 0.5884600000D+01
3 5720200127202002232458875.4-0.4470000000D-01 0.3300000000D-03 0.1308350000D+02 0.9460000000D-02 0.1020000000D-03 0.2510000000D-01 0.5225194000D+01 0.2595900000D+01 0.4980500000D+01 0.1558600000D+01-0.9000000000D-01 0.7600000000D-03 0.1834050000D+02 0.1696000000D-01 0.8800000000D-04 0.3530000000D-01 0.3533152000D+01 0.5333000000D+00 0.3486100000D+01 0.6175500000D+01
3 5820200223202003212458902.4-0.3240000000D-01 0.4500000000D-03 0.1293310000D+02 0.6810000000D-02 0.1120000000D-03 0.2260000000D-01 0.2169051000D+01 0.2220000000D+00 0.1972900000D+01 0.1605500000D+01-0.6830000000D-01-0.7500000000D-03 0.1794630000D+02 0.1272000000D-01 0.9200000000D-04 0.3070000000D-01 0.4845780000D+00 0.3829600000D+01 0.8004000000D+00 0.6227400000D+01
3 5920200321202004172458929.4-0.2290000000D-01-0.6200000000D-03 0.1294580000D+02 0.8060000000D-02 0.9800000000D-04 0.2690000000D-01 0.5393033000D+01 0.4296800000D+01 0.5403500000D+01 0.1768400000D+01-0.9460000000D-01-0.9000000000D-04 0.1767210000D+02 0.7640000000D-02 0.1140000000D-03 0.3570000000D-01 0.3720306000D+01 0.8464000000D+00 0.4199700000D+01 0.1284000000D+00
3 6020200417202005142458956.4-0.4350000000D-01 0.0000000000D+00 0.1311580000D+02 0.1117000000D-01 0.6900000000D-04 0.2690000000D-01 0.2333297000D+01 0.1735900000D+01 0.2148200000D+01 0.2076600000D+01-0.9490000000D-01 0.9300000000D-03 0.1754860000D+02 0.1460000000D-02 0.1090000000D-03 0.3520000000D-01 0.6743860000D+00 0.3917600000D+01 0.7912000000D+00 0.4426000000D+00
3 6120200514202006102458983.4-0.3880000000D-01 0.5200000000D-03 0.1341850000D+02 0.1441000000D-01 0.6500000000D-04 0.2370000000D-01 0.5558583000D+01 0.5117900000D+01 0.6052600000D+01 0.2169800000D+01-0.6920000000D-01-0.5100000000D-03 0.1758850000D+02 0.4740000000D-02 0.9400000000D-04 0.3030000000D-01 0.3912958000D+01 0.3922800000D+01 0.4129700000D+01 0.5557000000D+00
3 6220200610202007072459010.4-0.2360000000D-01-0.6200000000D-03 0.1381330000D+02 0.1649000000D-01 0.6400000000D-04 0.2840000000D-01 0.2503350000D+01 0.2212600000D+01 0.3761200000D+01 0.2287100000D+01-0.8960000000D-01-0.5300000000D-03 0.1778620000D+02 0.1010000000D-01 0.8900000000D-04 0.3550000000D-01 0.8685580000D+00 0.1107100000D+01 0.5111000000D+00 0.6885000000D+00
3 6320200707202008032459037.4-0.4430000000D-01-0.2700000000D-03 0.1425180000D+02 0.1670000000D-01 0.5200000000D-04 0.3030000000D-01 0.5735623000D+01 0.5625300000D+01 0.1682200000D+01 0.2622600000D+01-0.1026000000D+00 0.8200000000D-03 0.1810920000D+02 0.1457000000D-01 0.3600000000D-04 0.3740000000D-01 0.4109297000D+01 0.4256200000D+01 0.3708600000D+01 0.9861000000D+00
3 6420200803202008302459064.4-0.4810000000D-01 0.7400000000D-03 0.1467470000D+02 0.1490000000D-01 0.1090000000D-03 0.2630000000D-01 0.2689503000D+01 0.2677800000D+01 0.5329500000D+01 0.2790900000D+01-0.7470000000D-01-0.3300000000D-03 0.1851820000D+02 0.1631000000D-01 0.3000000000D-04 0.3190000000D-01 0.1067228000D+01 0.1122600000D+01 0.3427200000D+01 0.1149500000D+01
3 6520200830202009262459091.4-0.2690000000D-01-0.3200000000D-03 0.1500230000D+02 0.1067000000D-01 0.1640000000D-03 0.2940000000D-01 0.5929919000D+01 0.6178800000D+01 0.2645900000D+01 0.2862700000D+01-0.8820000000D-01-0.8900000000D-03 0.1894240000D+02 0.1462000000D-01 0.7100000000D-04 0.3650000000D-01 0.4307463000D+01 0.4391500000D+01 0.1257700000D+01 0.1236200000D+01
3 6620200926202010232459118.4-0.4200000000D-01-0.3900000000D-03 0.1516530000D+02 0.4990000000D-02 0.1650000000D-03 0.3230000000D-01 0.2890912000D+01 0.3956200000D+01 0.6066500000D+01 0.3172600000D+01-0.1126000000D+00 0.8000000000D-03 0.1928270000D+02 0.9830000000D-02 0.1350000000D-03 0.4010000000D-01 0.1264149000D+01 0.1270600000D+01 0.4398200000D+01 0.1532700000D+01
3 6720201023202011192459145.4-0.5180000000D-01 0.8300000000D-03 0.1511590000D+02 0.8160000000D-02 0.1090000000D-03 0.2740000000D-01 0.6136599000D+01 0.2401900000D+01 0.3382600000D+01 0.3396000000D+01-0.8560000000D-01 0.2000000000D-03 0.1945030000D+02 0.2350000000D-02 0.1820000000D-03 0.3350000000D-01 0.4502066000D+01 0.4576500000D+01 0.1765300000D+01 0.1746400000D+01
3 6820201119202012162459172.4-0.2650000000D-01-0.2000000000D-04 0.1486120000D+02 0.1332000000D-01 0.5600000000D-04 0.2730000000D-01 0.3097923000D+01 0.6019000000D+01 0.1017800000D+01 0.3448800000D+01-0.8550000000D-01-0.8500000000D-03 0.1939330000D+02 0.6740000000D-02 0.1400000000D-03 0.3600000000D-01 0.1454899000D+01 0.4977600000D+01 0.4732400000D+01 0.1785100000D+01
3 6920201216202101122459199.4-0.3130000000D-01-0.6000000000D-03 0.1449290000D+02 0.1525000000D-01 0.7100000000D-04 0.2990000000D-01 0.5603500000D-01 0.3175800000D+01 0.5606600000D+01 0.3721100000D+01-0.1129000000D+00 0.6600000000D-03 0.1912380000D+02 0.1346000000D-01 0.7300000000D-04 0.4050000000D-01 0.4689216000D+01 0.1843200000D+01 0.1234100000D+01 0.2040000000D+01
3 7020210112202102082459226.4-0.4640000000D-01 0.5400000000D-03 0.1411760000D+02 0.1275000000D-01 0.9000000000D-04 0.2590000000D-01 0.3292597000D+01 0.3840000000D+00 0.2891300000D+01 0.3972200000D+01-0.8940000000D-01 0.5500000000D-03 0.1872750000D+02 0.1681000000D-01 0.2400000000D-04 0.3390000000D-01 0.1639358000D+01 0.4985500000D+01 0.1371000000D+01 0.2315300000D+01
4 7120191231202001172458848.2-0.3080000000D-01 0.5400000000D-03 0.2200060000D+02 0.2241000000D-01 0.1680000000D-03 0.2340000000D-01 0.6155805000D+01 0.3023100000D+01 0.3470000000D-01 0.5587000000D+01 0.9970000000D-01-0.5100000000D-03 0.3077940000D+02 0.2571000000D-01 0.1450000000D-03 0.3310000000D-01 0.4464565000D+01 0.1431600000D+01 0.6214000000D+01 0.3873100000D+01
4 7220200117202002032458865.2 0.2300000000D-02-0.6400000000D-03 0.2165580000D+02 0.1450000000D-01 0.1560000000D-03 0.2820000000D-01 0.5857100000D+01 0.2702100000D+01 0.4440600000D+01 0.5333600000D+01 0.1052000000D+00 0.1530000000D-02 0.3034630000D+02 0.2764000000D-01 0.2430000000D-03 0.3910000000D-01 0.4166106000D+01 0.1139200000D+01 0.5499100000D+01 0.3669300000D+01
4 7320200203202002202458882.2-0.2150000000D-01 0.2990000000D-02 0.2143120000D+02 0.1445000000D-01 0.3030000000D-03 0.2280000000D-01 0.5558505000D+01 0.2819300000D+01 0.5112100000D+01 0.4798800000D+01 0.1320000000D+00-0.3530000000D-02 0.2992670000D+02 0.3288000000D-01 0.7190000000D-03 0.3380000000D-01 0.3868266000D+01 0.5578000000D+00 0.3229900000D+01 0.3115700000D+01
4 7420200220202003082458899.2 0.2330000000D-01-0.4200000000D-03 0.2127730000D+02 0.9370000000D-02 0.1970000000D-03 0.2650000000D-01 0.5255660000D+01 0.3047500000D+01 0.5500200000D+01 0.4432500000D+01 0.1049000000D+00-0.2300000000D-03 0.2951140000D+02 0.2234000000D-01 0.2570000000D-03 0.3640000000D-01 0.3571252000D+01 0.4763000000D+00 0.4444400000D+01 0.2736100000D+01
4 7520200308202003252458916.2 0.2300000000D-01 0.4800000000D-03 0.2123960000D+02 0.6090000000D-02 0.2330000000D-03 0.1840000000D-01 0.4951215000D+01 0.3488200000D+01 0.4447000000D+01 0.4073400000D+01 0.6330000000D-01 0.1100000000D-03 0.2917840000D+02 0.1726000000D-01 0.2360000000D-03 0.2450000000D-01 0.3273306000D+01 0.6084200000D+01 0.2447300000D+01 0.2398100000D+01
4 7620200325202004112458933.2 0.2490000000D-01-0.1530000000D-02 0.2131460000D+02 0.1643000000D-01 0.2640000000D-03 0.1580000000D-01 0.4648599000D+01 0.3480400000D+01 0.5407900000D+01 0.3077400000D+01 0.9720000000D-01-0.4320000000D-02 0.2898110000D+02 0.2098000000D-01 0.7670000000D-03 0.2090000000D-01 0.2978603000D+01 0.1017000000D+00 0.3386700000D+01 0.1502300000D+01
4 7720200411202004282458950.2 0.1090000000D-01 0.1400000000D-03 0.2147920000D+02 0.1653000000D-01 0.1830000000D-03 0.1130000000D-01 0.4342089000D+01 0.3654200000D+01 0.5103600000D+01 0.2662300000D+01 0.3080000000D-01 0.1650000000D-02 0.2879980000D+02 0.6650000000D-02 0.2100000000D-03 0.1600000000D-01 0.2680423000D+01 0.4670500000D+01 0.1569600000D+01 0.9906000000D+00
4 7820200428202005152458967.2-0.1440000000D-01-0.2700000000D-03 0.2173740000D+02 0.1885000000D-01 0.1740000000D-03 0.1560000000D-01 0.4036362000D+01 0.3677200000D+01 0.3436000000D+01 0.1300700000D+01 0.6020000000D-01-0.6000000000D-03 0.2878070000D+02 0.5250000000D-02 0.2170000000D-03 0.2000000000D-01 0.2383928000D+01 0.3664700000D+01 0.1859800000D+01 0.5912700000D+01
4 7920200515202006012458984.2-0.7000000000D-02-0.1010000000D-02 0.2207610000D+02 0.2679000000D-01 0.3940000000D-03 0.2260000000D-01 0.3733895000D+01 0.3108900000D+01 0.5069500000D+01 0.9260000000D+00 0.6690000000D-01 0.1910000000D-02 0.2887520000D+02 0.1418000000D-01 0.8030000000D-03 0.2870000000D-01 0.2090259000D+01 0.9605000000D+00 0.3427700000D+01 0.5539200000D+01
4 8020200601202006182459001.2-0.4130000000D-01 0.2550000000D-02 0.2245000000D+02 0.3069000000D-01 0.3630000000D-03 0.2410000000D-01 0.3428869000D+01 0.3360200000D+01 0.1124700000D+01 0.2608000000D+00 0.8500000000D-01 0.6200000000D-03 0.2903620000D+02 0.1662000000D-01 0.3610000000D-03 0.2970000000D-01 0.1791573000D+01 0.2388800000D+01 0.6480000000D+00 0.4882900000D+01
4 8120200618202007052459018.2 0.5600000000D-02-0.6100000000D-03 0.2291630000D+02 0.2552000000D-01 0.1180000000D-03 0.3140000000D-01 0.3126815000D+01 0.2945200000D+01 0.3536200000D+01 0.6211000000D+01 0.1185000000D+00 0.2100000000D-03 0.2930870000D+02 0.1994000000D-01 0.8000000000D-04 0.3990000000D-01 0.1496081000D+01 0.1680500000D+01 0.1032100000D+01 0.4591500000D+01
4 8220200705202007222459035.2 0.2400000000D-02 0.2690000000D-02 0.2336240000D+02 0.3228000000D-01 0.5180000000D-03 0.2660000000D-01 0.2827296000D+01 0.2483300000D+01 0.4944500000D+01 0.5916500000D+01 0.1094000000D+00-0.1230000000D-02 0.2966170000D+02 0.2575000000D-01 0.6800000000D-03 0.3360000000D-01 0.1201317000D+01 0.8407000000D+00 0.2837900000D+01 0.4272100000D+01
4 8320200722202008082459052.2 0.2440000000D-01 0.2500000000D-03 0.2380780000D+02 0.2931000000D-01 0.5110000000D-03 0.2660000000D-01 0.2526323000D+01 0.2754200000D+01 0.5006000000D+00 0.5315300000D+01 0.1171000000D+00-0.2670000000D-02 0.3005960000D+02 0.3054000000D-01 0.6420000000D-03 0.3300000000D-01 0.9036010000D+00 0.1304500000D+01 0.5525100000D+01 0.3671800000D+01
4 8420200808202008252459069.2 0.3760000000D-01-0.3200000000D-03 0.2423470000D+02 0.2252000000D-01 0.2360000000D-03 0.2060000000D-01 0.2229499000D+01 0.2215500000D+01 0.4498600000D+01 0.4984000000D+01 0.5600000000D-01 0.8100000000D-03 0.3051540000D+02 0.2547000000D-01 0.8100000000D-04 0.2530000000D-01 0.6079780000D+00 0.6905000000D+00 0.1914200000D+01 0.3389800000D+01
4 8520200825202009112459086.2 0.5600000000D-02-0.1600000000D-03 0.2457440000D+02 0.1804000000D-01 0.2100000000D-03 0.1220000000D-01 0.1932718000D+01 0.2177800000D+01 0.4602400000D+01 0.3791100000D+01 0.7020000000D-01-0.2590000000D-02 0.3093910000D+02 0.2951000000D-01 0.5200000000D-03 0.1670000000D-01 0.3122600000D+00 0.2046000000D+00 0.2748400000D+01 0.2248200000D+01
4 8620200911202009282459103.2 0.1370000000D-01-0.1460000000D-02 0.2481180000D+02 0.1721000000D-01 0.5580000000D-03 0.1610000000D-01 0.1638672000D+01 0.2460700000D+01 0.5904400000D+01 0.3296200000D+01 0.2990000000D-01 0.3660000000D-02 0.3136890000D+02 0.1625000000D-01 0.3600000000D-03 0.2180000000D-01 0.1576800000D-01 0.3409000000D+00 0.5264800000D+01 0.1612100000D+01
4 8720200928202010152459120.2-0.2390000000D-01 0.4800000000D-03 0.2493140000D+02 0.6590000000D-02 0.2950000000D-03 0.1850000000D-01 0.1345867000D+01 0.2550500000D+01 0.3933200000D+01 0.2209500000D+01 0.6380000000D-01 0.2000000000D-03 0.3166740000D+02 0.1427000000D-01 0.2630000000D-03 0.2310000000D-01 0.6002566000D+01 0.5957200000D+01 0.2010100000D+01 0.5880000000D+00
4 8820201015202011012459137.2-0.1220000000D-01-0.9400000000D-03 0.2490070000D+02 0.1095000000D-01 0.2510000000D-03 0.2930000000D-01 0.1053091000D+01 0.3197700000D+01 0.4131200000D+01 0.1805500000D+01 0.1083000000D+00-0.1100000000D-03 0.3185420000D+02 0.1083000000D-01 0.3750000000D-03 0.3720000000D-01 0.5704637000D+01 0.9180000000D-01 0.3285200000D+01 0.1723000000D+00
4 8920201101202011182459154.2-0.3780000000D-01 0.3840000000D-02 0.2474990000D+02 0.2111000000D-01 0.2370000000D-03 0.2590000000D-01 0.7621310000D+00 0.3462600000D+01 0.6128000000D+01 0.1399800000D+01 0.7830000000D-01 0.3110000000D-02 0.3193760000D+02 0.9000000000D-02 0.2180000000D-03 0.3380000000D-01 0.5409879000D+01 0.3117300000D+01 0.7316000000D+00 0.6098500000D+01
4 9020201118202012052459171.2 0.3900000000D-02-0.4800000000D-03 0.2444000000D+02 0.1968000000D-01 0.2100000000D-03 0.3180000000D-01 0.4698960000D+00 0.3291100000D+01 0.3258400000D+01 0.8924000000D+00 0.1327000000D+00-0.9900000000D-03 0.3182390000D+02 0.1118000000D-01 0.1440000000D-03 0.4190000000D-01 0.5110807000D+01 0.1857500000D+01 0.2099200000D+01 0.5528400000D+01
4 9120201205202012222459188.2 0.2560000000D-01 0.4400000000D-03 0.2407660000D+02 0.2554000000D-01 0.2220000000D-03 0.2770000000D-01 0.1759650000D+00 0.2973900000D+01 0.5091500000D+01 0.6656000000D+00 0.1003000000D+00 0.2900000000D-03 0.3158570000D+02 0.1764000000D-01 0.2640000000D-03 0.3680000000D-01 0.4812369000D+01 0.1492300000D+01 0.2562600000D+01 0.5305600000D+01
4 9220201222202101082459205.2 0.9300000000D-02 0.1600000000D-02 0.2369770000D+02 0.2982000000D-01 0.4790000000D-03 0.2020000000D-01 0.6166465000D+01 0.3197500000D+01 0.5515000000D+00 0.1860000000D-01 0.1026000000D+00-0.3230000000D-02 0.3124630000D+02 0.2625000000D-01 0.5720000000D-03 0.2490000000D-01 0.4516526000D+01 0.1942700000D+01 0.1364000000D+00 0.4648300000D+01
4 9320210108202101252459222.2 0.4600000000D-01-0.2130000000D-02 0.2327720000D+02 0.1952000000D-01 0.4140000000D-03 0.1880000000D-01 0.5867779000D+01 0.2419200000D+01 0.4332200000D+01 0.5833900000D+01 0.5500000000D-01 0.1000000000D-02 0.3081730000D+02 0.2364000000D-01 0.1900000000D-03 0.2470000000D-01 0.4216269000D+01 0.1104500000D+01 0.1021600000D+01 0.4257800000D+01
4 9420210125202102112459239.2-0.1400000000D-02 0.3600000000D-03 0.2296540000D+02 0.1772000000D-01 0.2100000000D-03 0.9600000000D-02 0.5569519000D+01 0.2540900000D+01 0.5117900000D+01 0.4740000000D+01 0.4450000000D-01-0.5700000000D-03 0.3037600000D+02 0.2647000000D-01 0.1420000000D-03 0.1360000000D-01 0.3917455000D+01 0.7060000000D+00 0.2913000000D+01 0.3097500000D+01
5 9520191231202001222458848.4 0.1246000000D+00-0.2450000000D-02 0.2937510000D+02 0.3460000000D-01 0.4580000000D-03 0.3110000000D-01 0.4658651000D+01 0.1475300000D+01 0.4447700000D+01 0.4460500000D+01 0.8100000000D-02 0.4000000000D-04 0.4117870000D+02 0.3656000000D-01 0.1630000000D-03 0.4360000000D-01 0.2969482000D+01 0.6151800000D+01 0.2300000000D+01 0.2770800000D+01
5 9620200122202002132458870.4 0.7350000000D-01-0.2600000000D-03 0.2880330000D+02 0.2053000000D-01 0.2920000000D-03 0.2200000000D-01 0.2358903000D+01 0.5643800000D+01 0.1599900000D+01 0.2406000000D+00-0.2120000000D-01-0.5800000000D-03 0.4040230000D+02 0.3334000000D-01 0.8000000000D-05 0.3090000000D-01 0.6696980000D+00 0.3888000000D+01 0.4357000000D+00 0.4802900000D+01
5 9720200213202003062458892.4 0.4690000000D-01-0.1150000000D-02 0.2844360000D+02 0.1181000000D-01 0.2070000000D-03 0.7800000000D-02 0.5553400000D-01 0.4001700000D+01 0.5674000000D+01 0.1867100000D+01-0.2570000000D-01 0.1480000000D-02 0.3967550000D+02 0.2884000000D-01 0.9200000000D-04 0.1210000000D-01 0.4653904000D+01 0.1619400000D+01 0.5676400000D+01 0.2504000000D+00
5 9820200306202003282458914.4 0.3420000000D-01-0.1040000000D-02 0.2835880000D+02 0.1139000000D-01 0.3950000000D-03 0.1150000000D-01 0.4031747000D+01 0.2200300000D+01 0.3921800000D+01 0.2224300000D+01 0.4340000000D-01-0.1300000000D-03 0.3908810000D+02 0.2399000000D-01 0.2900000000D-03 0.1610000000D-01 0.2355815000D+01 0.5715200000D+01 0.3199400000D+01 0.4326000000D+00
5 9920200328202004192458936.4 0.8700000000D-02 0.3530000000D-02 0.2849330000D+02 0.6290000000D-02 0.6770000000D-03 0.2290000000D-01 0.1722215000D+01 0.8235000000D+00 0.1219800000D+01 0.3956900000D+01 0.4160000000D-01 0.2590000000D-02 0.3871350000D+02 0.2158000000D-01 0.5590000000D-03 0.3300000000D-01 0.5617600000D-01 0.2983200000D+01 0.6228200000D+01 0.2365200000D+01
510020200419202005112458958.4 0.9110000000D-01-0.9300000000D-03 0.2879770000D+02 0.2108000000D-01 0.6610000000D-03 0.3270000000D-01 0.5695113000D+01 0.5779300000D+01 0.4542800000D+01 0.6012200000D+01 0.6810000000D-01-0.1100000000D-03 0.3849370000D+02 0.1166000000D-01 0.4740000000D-03 0.4000000000D-01 0.4041062000D+01 0.5639000000D+01 0.2793000000D+01 0.4372500000D+01
510120200511202006022458980.4 0.5820000000D-01 0.3440000000D-02 0.2929980000D+02 0.4015000000D-01 0.4600000000D-03 0.3270000000D-01 0.3387857000D+01 0.3251400000D+01 0.1012200000D+01 0.1789800000D+01 0.8890000000D-01-0.5860000000D-02 0.3852110000D+02 0.2001000000D-01 0.3450000000D-03 0.4360000000D-01 0.1744061000D+01 0.1815100000D+01 0.4915700000D+01 0.1002000000D+00
510220200602202006242459002.4 0.1340000000D+00-0.3740000000D-02 0.2999570000D+02 0.4508000000D-01 0.3980000000D-03 0.2860000000D-01 0.1081664000D+01 0.7355000000D+00 0.3581600000D+01 0.3764400000D+01-0.2620000000D-01 0.2020000000D-02 0.3886590000D+02 0.2643000000D-01 0.7130000000D-03 0.3740000000D-01 0.5730255000D+01 0.5201300000D+01 0.1229700000D+01 0.2137500000D+01
510320200624202007162459024.4 0.7150000000D-01-0.1040000000D-02 0.3081840000D+02 0.3825000000D-01 0.4750000000D-03 0.1850000000D-01 0.5059087000D+01 0.4613800000D+01 0.2891000000D+00 0.5704500000D+01 0.2200000000D-02-0.2180000000D-02 0.3940680000D+02 0.2091000000D-01 0.7960000000D-03 0.2510000000D-01 0.3431331000D+01 0.2924200000D+01 0.4378400000D+01 0.4091300000D+01
510420200716202008072459046.4 0.3400000000D-01 0.1100000000D-03 0.3160800000D+02 0.3269000000D-01 0.1900000000D-03 0.8300000000D-02 0.2755062000D+01 0.2557300000D+01 0.3880800000D+01 0.6368000000D+00-0.4730000000D-01 0.4820000000D-02 0.4007650000D+02 0.2116000000D-01 0.5890000000D-03 0.8200000000D-02 0.1132130000D+01 0.1091400000D+01 0.1477100000D+01 0.5294400000D+01
510520200807202008292459068.4 0.3010000000D-01 0.1400000000D-03 0.3231960000D+02 0.3278000000D-01 0.3000000000D-03 0.1620000000D-01 0.4545730000D+00 0.4233000000D+00 0.3381100000D+01 0.1329500000D+01 0.6330000000D-01-0.5900000000D-03 0.4078160000D+02 0.3275000000D-01 0.2170000000D-03 0.2260000000D-01 0.5117232000D+01 0.5264500000D+01 0.4179400000D+01 0.6004100000D+01
510620200829202009202459090.4 0.4770000000D-01 0.1890000000D-02 0.3289210000D+02 0.2552000000D-01 0.4810000000D-03 0.3190000000D-01 0.4440548000D+01 0.4496200000D+01 0.1111400000D+01 0.3271800000D+01 0.8800000000D-01-0.2000000000D-03 0.4152400000D+02 0.3413000000D-01 0.2350000000D-03 0.3930000000D-01 0.2819914000D+01 0.2786800000D+01 0.5809000000D+01 0.1676300000D+01
510720200920202010122459112.4 0.1122000000D+00-0.3300000000D-03 0.3323360000D+02 0.1126000000D-01 0.4820000000D-03 0.3900000000D-01 0.2145548000D+01 0.2396400000D+01 0.4927700000D+01 0.5400600000D+01 0.5780000000D-01 0.3000000000D-03 0.4218760000D+02 0.2160000000D-01 0.1760000000D-03 0.4840000000D-01 0.5216870000D+00 0.3978000000D+00 0.3080500000D+01 0.3739300000D+01
510820201012202011032459134.4 0.9460000000D-01 0.1370000000D-02 0.3330750000D+02 0.1519000000D-01 0.1060000000D-03 0.3510000000D-01 0.6134442000D+01 0.2417100000D+01 0.2318700000D+01 0.1198800000D+01 0.5160000000D-01-0.4130000000D-02 0.4260100000D+02 0.6440000000D-02 0.2080000000D-03 0.4640000000D-01 0.4505110000D+01 0.5230700000D+01 0.3223400000D+01 0.5832100000D+01
510920201103202011252459156.4 0.1137000000D+00-0.2660000000D-02 0.3300240000D+02 0.3093000000D-01 0.3650000000D-03 0.2510000000D-01 0.3840535000D+01 0.8490000000D-01 0.2351300000D+01 0.3198100000D+01-0.4910000000D-01 0.2480000000D-02 0.4269220000D+02 0.1926000000D-01 0.7520000000D-03 0.3280000000D-01 0.2203848000D+01 0.4218700000D+01 0.6360000000D+00 0.1574500000D+01
511020201125202012172459178.4 0.7380000000D-01-0.2770000000D-02 0.3242360000D+02 0.2885000000D-01 0.4150000000D-03 0.1180000000D-01 0.1547481000D+01 0.4175400000D+01 0.5537800000D+01 0.4815700000D+01 0.3470000000D-01-0.3660000000D-02 0.4236780000D+02 0.1854000000D-01 0.1193000000D-02 0.1560000000D-01 0.6187535000D+01 0.1658400000D+01 0.3961900000D+01 0.3308300000D+01
511120201217202101082459200.4 0.1480000000D-01 0.1770000000D-02 0.3174940000D+02 0.2586000000D-01 0.3170000000D-03 0.1020000000D-01 0.5537626000D+01 0.2421000000D+01 0.1887300000D+01 0.5575900000D+01-0.6010000000D-01 0.7980000000D-02 0.4184250000D+02 0.9620000000D-02 0.9760000000D-03 0.1380000000D-01 0.3889392000D+01 0.1001200000D+01 0.8058000000D+00 0.3637100000D+01
511220210108202101302459222.4 0.5060000000D-01-0.9500000000D-03 0.3112670000D+02 0.3616000000D-01 0.5890000000D-03 0.2080000000D-01 0.3240421000D+01 0.3832000000D+00 0.4153700000D+01 0.6247000000D+00 0.8490000000D-01-0.1330000000D-02 0.4121570000D+02 0.3241000000D-01 0.6230000000D-03 0.2960000000D-01 0.1590377000D+01 0.5188000000D+01 0.3693400000D+01 0.5384300000D+01
