 5 4    2   25   48   70  3.5516  1.7693  0.8782  0.3765 16.0 16.0 17.0 18.0   90 2456657.5000 2014                                                                                                                                                                                                                                                                              
1  220131231201401162456657.5-0.7367000000D+00-0.2540000000D-02 0.1365643000D+03 0.3241700000D+00 0.5531000000D-02 0.3056000000D+00 0.3571640000D+01 0.4928000000D+01 0.5368000000D+00 0.4953500000D+01 0.1173000000D+00-0.5700000000D-03 0.2021450000D+02 0.1433300000D+00 0.0000000000D+00 0.4280000000D-01 0.2323570000D+00 0.3296500000D+01 0.0000000000D+00 0.1577700000D+01
1  320140116201402012456673.5-0.7996000000D+00-0.1800000000D-03 0.1363588000D+03 0.3118400000D+00 0.5479000000D-02 0.2946000000D+00 0.3884378000D+01 0.5791900000D+01 0.1276900000D+01 0.5806900000D+01 0.1136000000D+00-0.1430000000D-02 0.1788850000D+02 0.1450800000D+00 0.0000000000D+00 0.3780000000D-01 0.5192290000D+00 0.3657700000D+01 0.0000000000D+00 0.2437200000D+01
1  420140201201402172456689.5-0.8224000000D+00 0.2040000000D-02 0.1335901000D+03 0.3232100000D+00 0.5091000000D-02 0.2912000000D+00 0.4191062000D+01 0.3479000000D+00 0.1928200000D+01 0.2374000000D+00 0.1006000000D+00-0.1530000000D-02 0.1555530000D+02 0.1159000000D+00 0.0000000000D+00 0.3510000000D-01 0.7963030000D+00 0.3977000000D+01 0.0000000000D+00 0.3091800000D+01
1  520140217201403052456705.5-0.8198000000D+00 0.5720000000D-02 0.1288619000D+03 0.3492600000D+00 0.4044000000D-02 0.2492000000D+00 0.4486148000D+01 0.1095500000D+01 0.2504500000D+01 0.1013300000D+01 0.8550000000D-01-0.1300000000D-02 0.1371140000D+02 0.6960000000D-01 0.0000000000D+00 0.2640000000D-01 0.1066974000D+01 0.4251200000D+01 0.0000000000D+00 0.3778500000D+01
1  620140305201403212456721.5-0.7826000000D+00 0.9150000000D-02 0.1230470000D+03 0.3825000000D+00 0.2856000000D-02 0.2385000000D+00 0.4766629000D+01 0.1728600000D+01 0.3149900000D+01 0.1840200000D+01 0.7260000000D-01-0.1060000000D-02 0.1260880000D+02 0.2088000000D-01 0.0000000000D+00 0.2290000000D-01 0.1338915000D+01 0.4430200000D+01 0.0000000000D+00 0.4710700000D+01
1  720140321201404062456737.5-0.6987000000D+00 0.1055000000D-01 0.1169422000D+03 0.4086200000D+00 0.2214000000D-02 0.2180000000D+00 0.5031853000D+01 0.2248200000D+01 0.3843000000D+01 0.2518100000D+01 0.6170000000D-01-0.8700000000D-03 0.1228020000D+02 0.2123000000D-01 0.0000000000D+00 0.2430000000D-01 0.1616348000D+01 0.1731400000D+01 0.0000000000D+00 0.5461600000D+01
1  820140406201404222456753.5-0.5813000000D+00 0.1102000000D-01 0.1110722000D+03 0.4201600000D+00 0.1842000000D-02 0.1860000000D+00 0.5283321000D+01 0.2698500000D+01 0.4411900000D+01 0.3340800000D+01 0.5170000000D-01-0.8400000000D-03 0.1262090000D+02 0.5394000000D-01 0.0000000000D+00 0.2320000000D-01 0.1896009000D+01 0.1867100000D+01 0.0000000000D+00 0.6244100000D+01
1  920140422201405082456769.5-0.4501000000D+00 0.1218000000D-01 0.1057619000D+03 0.4223500000D+00 0.1537000000D-02 0.1935000000D+00 0.5523238000D+01 0.3105100000D+01 0.4945600000D+01 0.4120800000D+01 0.4160000000D-01-0.1110000000D-02 0.1348640000D+02 0.7867000000D-01 0.0000000000D+00 0.2650000000D-01 0.2171087000D+01 0.2036000000D+01 0.0000000000D+00 0.7880000000D+00
1 1020140508201405242456785.5-0.3070000000D+00 0.1316000000D-01 0.1011535000D+03 0.4156400000D+00 0.1253000000D-02 0.1806000000D+00 0.5753865000D+01 0.3482900000D+01 0.5412000000D+01 0.4753100000D+01 0.2890000000D-01-0.1600000000D-02 0.1473800000D+02 0.9748000000D-01 0.0000000000D+00 0.2910000000D-01 0.2436697000D+01 0.2202600000D+01 0.0000000000D+00 0.1444500000D+01
1 1120140524201406092456801.5-0.1460000000D+00 0.1230000000D-01 0.9730900000D+02 0.4049400000D+00 0.1025000000D-02 0.1641000000D+00 0.5977488000D+01 0.3838800000D+01 0.5867700000D+01 0.5554500000D+01 0.9300000000D-02-0.1920000000D-02 0.1625940000D+02 0.1122900000D+00 0.0000000000D+00 0.2910000000D-01 0.2691544000D+01 0.2368100000D+01 0.0000000000D+00 0.2240100000D+01
1 1220140609201406252456817.5 0.2440000000D-01 0.9880000000D-02 0.9423290000D+02 0.3916900000D+00 0.7870000000D-03 0.1791000000D+00 0.6196079000D+01 0.4183400000D+01 0.7780000000D-01 0.2380000000D-01-0.1810000000D-01-0.1930000000D-02 0.1797030000D+02 0.1241600000D+00 0.0000000000D+00 0.3520000000D-01 0.2936709000D+01 0.2536300000D+01 0.0000000000D+00 0.3055500000D+01
1 1320140625201407112456833.5 0.1813000000D+00 0.7710000000D-02 0.9192030000D+02 0.3810800000D+00 0.7950000000D-03 0.1726000000D+00 0.1284620000D+00 0.4515400000D+01 0.6126000000D+00 0.6580000000D+00-0.5060000000D-01-0.1870000000D-02 0.1981330000D+02 0.1342400000D+00 0.0000000000D+00 0.3880000000D-01 0.3174515000D+01 0.2709000000D+01 0.0000000000D+00 0.3724700000D+01
1 1420140711201407272456849.5 0.3133000000D+00 0.6200000000D-02 0.9034050000D+02 0.3690900000D+00 0.8750000000D-03 0.1667000000D+00 0.3423620000D+00 0.4840400000D+01 0.8436000000D+00 0.1449600000D+01-0.8470000000D-01-0.1820000000D-02 0.2175410000D+02 0.1431700000D+00 0.0000000000D+00 0.4180000000D-01 0.3407137000D+01 0.2890100000D+01 0.0000000000D+00 0.4541900000D+01
1 1520140727201408122456865.5 0.4250000000D+00 0.3990000000D-02 0.8946980000D+02 0.3566600000D+00 0.9000000000D-03 0.1847000000D+00 0.5560200000D+00 0.5176100000D+01 0.1086200000D+01 0.2157900000D+01-0.1196000000D+00-0.1480000000D-02 0.2377450000D+02 0.1512500000D+00 0.0000000000D+00 0.5170000000D-01 0.3636598000D+01 0.3086400000D+01 0.0000000000D+00 0.5268200000D+01
1 1620140812201408282456881.5 0.5169000000D+00 0.5300000000D-03 0.8931710000D+02 0.3440400000D+00 0.9420000000D-03 0.1790000000D+00 0.7707530000D+00 0.5524300000D+01 0.1319200000D+01 0.2792400000D+01-0.1539000000D+00-0.6100000000D-03 0.2586900000D+02 0.1582200000D+00 0.0000000000D+00 0.5490000000D-01 0.3864825000D+01 0.3302600000D+01 0.0000000000D+00 0.5897800000D+01
1 1720140828201409132456897.5 0.5761000000D+00-0.2740000000D-02 0.8990560000D+02 0.3342400000D+00 0.1081000000D-02 0.1773000000D+00 0.9879690000D+00 0.5890100000D+01 0.1675500000D+01 0.3576700000D+01-0.1816000000D+00 0.3600000000D-03 0.2804410000D+02 0.1637500000D+00 0.0000000000D+00 0.5740000000D-01 0.4093636000D+01 0.3541900000D+01 0.0000000000D+00 0.3995000000D+00
1 1820140913201409292456913.5 0.5891000000D+00-0.4470000000D-02 0.9127700000D+02 0.3250100000D+00 0.1331000000D-02 0.2031000000D+00 0.1209177000D+01 0.6269800000D+01 0.1911900000D+01 0.4266800000D+01-0.1955000000D+00 0.9700000000D-03 0.3030890000D+02 0.1676300000D+00 0.0000000000D+00 0.6930000000D-01 0.4325008000D+01 0.3805400000D+01 0.0000000000D+00 0.1109700000D+01
1 1920140929201410152456929.5 0.5622000000D+00-0.5520000000D-02 0.9343980000D+02 0.3196400000D+00 0.1588000000D-02 0.2012000000D+00 0.1436013000D+01 0.3966000000D+00 0.2223200000D+01 0.4898400000D+01-0.1949000000D+00 0.1400000000D-02 0.3266730000D+02 0.1695700000D+00 0.0000000000D+00 0.7240000000D-01 0.4560806000D+01 0.4096200000D+01 0.0000000000D+00 0.1752700000D+01
1 2020141015201410312456945.5 0.5099000000D+00-0.7340000000D-02 0.9642400000D+02 0.3193700000D+00 0.2071000000D-02 0.2053000000D+00 0.1670248000D+01 0.8315000000D+00 0.2587100000D+01 0.5690300000D+01-0.1830000000D+00 0.2110000000D-02 0.3511630000D+02 0.1688500000D+00 0.0000000000D+00 0.7740000000D-01 0.4802860000D+01 0.4421500000D+01 0.0000000000D+00 0.2546200000D+01
1 2120141031201411162456961.5 0.4331000000D+00-0.9340000000D-02 0.1002271000D+03 0.3199800000D+00 0.2532000000D-02 0.2364000000D+00 0.1913618000D+01 0.1303400000D+01 0.2948300000D+01 0.1270000000D+00-0.1598000000D+00 0.2980000000D-02 0.3763660000D+02 0.1630000000D+00 0.0000000000D+00 0.9120000000D-01 0.5053082000D+01 0.4789400000D+01 0.0000000000D+00 0.3257900000D+01
1 2220141116201412022456977.5 0.3218000000D+00-0.9700000000D-02 0.1047804000D+03 0.3219600000D+00 0.2882000000D-02 0.2392000000D+00 0.2167953000D+01 0.1821300000D+01 0.3375600000D+01 0.8233000000D+00-0.1222000000D+00 0.3360000000D-02 0.4016700000D+02 0.1494200000D+00 0.0000000000D+00 0.9200000000D-01 0.5313212000D+01 0.5220200000D+01 0.0000000000D+00 0.3954000000D+01
1 2320141202201412182456993.5 0.1819000000D+00-0.8480000000D-02 0.1098840000D+03 0.3299000000D+00 0.2958000000D-02 0.2556000000D+00 0.2435176000D+01 0.2390900000D+01 0.4000200000D+01 0.1647800000D+01-0.7330000000D-01 0.3360000000D-02 0.4257550000D+02 0.1271000000D+00 0.0000000000D+00 0.9810000000D-01 0.5585046000D+01 0.5754500000D+01 0.0000000000D+00 0.4812400000D+01
1 2420141218201501032457009.5 0.3710000000D-01-0.7800000000D-02 0.1151624000D+03 0.3406200000D+00 0.3491000000D-02 0.2874000000D+00 0.2716641000D+01 0.2979600000D+01 0.4764700000D+01 0.2355100000D+01-0.2290000000D-01 0.3690000000D-02 0.4463160000D+02 0.1018900000D+00 0.0000000000D+00 0.1135000000D+00 0.5869644000D+01 0.1964000000D+00 0.0000000000D+00 0.5537900000D+01
2 2520131231201401162456657.5 0.2676600000D+01 0.1526000000D-01 0.2173074000D+03 0.5413200000D+00 0.9548000000D-02 0.9685000000D+00 0.5983418000D+01 0.1054600000D+01 0.3018800000D+01 0.6889000000D+00-0.4397000000D+00 0.1690000000D-02 0.3235870000D+02 0.2287800000D+00 0.0000000000D+00 0.1370000000D+00 0.2588365000D+01 0.5697300000D+01 0.0000000000D+00 0.3577900000D+01
2 2620140116201402012456673.5 0.2899000000D+01 0.7130000000D-02 0.2170224000D+03 0.5224900000D+00 0.7553000000D-02 0.9791000000D+00 0.2913328000D+01 0.4833500000D+01 0.3359000000D+00 0.1002700000D+01-0.4093000000D+00 0.3390000000D-02 0.2864310000D+02 0.2292200000D+00 0.0000000000D+00 0.1248000000D+00 0.5768213000D+01 0.2659300000D+01 0.0000000000D+00 0.3830700000D+01
2 2720140201201402172456689.5 0.2986800000D+01-0.1290000000D-02 0.2125431000D+03 0.5241900000D+00 0.8131000000D-02 0.9723000000D+00 0.6121365000D+01 0.2230000000D+01 0.3804400000D+01 0.1293200000D+01-0.3580000000D+00 0.3060000000D-02 0.2492310000D+02 0.1812300000D+00 0.0000000000D+00 0.1046000000D+00 0.2655902000D+01 0.5874200000D+01 0.0000000000D+00 0.4093400000D+01
2 2820140217201403052456705.5 0.2932200000D+01-0.8620000000D-02 0.2050973000D+03 0.5786400000D+00 0.6550000000D-02 0.9589000000D+00 0.3034611000D+01 0.5852800000D+01 0.1167800000D+01 0.1573400000D+01-0.2903000000D+00 0.2830000000D-02 0.2200520000D+02 0.1085000000D+00 0.0000000000D+00 0.1071000000D+00 0.5822083000D+01 0.2738900000D+01 0.0000000000D+00 0.4344400000D+01
2 2920140305201403212456721.5 0.2738100000D+01-0.1448000000D-01 0.1958227000D+03 0.6045300000D+00 0.5008000000D-02 0.9309000000D+00 0.6217586000D+01 0.3107100000D+01 0.4548300000D+01 0.1834100000D+01-0.2523000000D+00 0.2000000000D-02 0.2026540000D+02 0.3343000000D-01 0.0000000000D+00 0.9260000000D-01 0.2710808000D+01 0.5698600000D+01 0.0000000000D+00 0.4629600000D+01
2 3020140321201404062456737.5 0.2447500000D+01-0.2188000000D-01 0.1861194000D+03 0.6417500000D+00 0.4349000000D-02 0.9055000000D+00 0.3102022000D+01 0.2381000000D+00 0.1946100000D+01 0.2066300000D+01-0.2025000000D+00 0.1960000000D-02 0.1974080000D+02 0.3536000000D-01 0.0000000000D+00 0.1036000000D+00 0.5892240000D+01 0.3700000000D-02 0.0000000000D+00 0.4844200000D+01
2 3120140406201404222456753.5 0.2047100000D+01-0.2692000000D-01 0.1767072000D+03 0.6466700000D+00 0.2577000000D-02 0.8731000000D+00 0.6256590000D+01 0.3635300000D+01 0.5387300000D+01 0.2294100000D+01-0.1753000000D+00 0.2040000000D-02 0.2027050000D+02 0.8606000000D-01 0.0000000000D+00 0.1042000000D+00 0.2796921000D+01 0.2921200000D+01 0.0000000000D+00 0.5169000000D+01
2 3220140422201405082456769.5 0.1560200000D+01-0.3002000000D-01 0.1682339000D+03 0.6313000000D+00 0.2615000000D-02 0.8412000000D+00 0.3115598000D+01 0.6535000000D+00 0.2155200000D+01 0.2505100000D+01-0.1299000000D+00 0.2900000000D-02 0.2164150000D+02 0.1248400000D+00 0.0000000000D+00 0.1150000000D+00 0.5981553000D+01 0.5976000000D+01 0.0000000000D+00 0.5363700000D+01
2 3320140508201405242456785.5 0.1028600000D+01-0.3275000000D-01 0.1609206000D+03 0.6350200000D+00 0.1805000000D-02 0.8144000000D+00 0.6249026000D+01 0.3954000000D+01 0.5870900000D+01 0.2704300000D+01-0.8090000000D-01 0.3940000000D-02 0.2364190000D+02 0.1541600000D+00 0.0000000000D+00 0.1299000000D+00 0.2874407000D+01 0.2742400000D+01 0.0000000000D+00 0.5657200000D+01
2 3420140524201406092456801.5 0.4702000000D+00-0.3368000000D-01 0.1547924000D+03 0.6159700000D+00 0.1085000000D-02 0.7831000000D+00 0.3091667000D+01 0.9412000000D+00 0.2747100000D+01 0.2903900000D+01-0.1100000000D-01 0.5600000000D-02 0.2609110000D+02 0.1768000000D+00 0.0000000000D+00 0.1383000000D+00 0.6038313000D+01 0.5803000000D+01 0.0000000000D+00 0.5858600000D+01
2 3520140609201406252456817.5-0.9250000000D-01-0.3219000000D-01 0.1499346000D+03 0.6122900000D+00 0.1760000000D-02 0.7586000000D+00 0.6212250000D+01 0.4176800000D+01 0.2082000000D+00 0.3091700000D+01 0.8110000000D-01 0.6490000000D-02 0.2885080000D+02 0.1959800000D+00 0.0000000000D+00 0.1582000000D+00 0.2908421000D+01 0.2578200000D+01 0.0000000000D+00 0.6094500000D+01
2 3620140625201407112456833.5-0.6193000000D+00-0.2976000000D-01 0.1461933000D+03 0.5797700000D+00 0.7630000000D-03 0.7347000000D+00 0.3045741000D+01 0.1142900000D+01 0.2847200000D+01 0.3289400000D+01 0.1868000000D+00 0.7720000000D-02 0.3183300000D+02 0.2117700000D+00 0.0000000000D+00 0.1662000000D+00 0.6052451000D+01 0.5646900000D+01 0.0000000000D+00 0.3050000000D-01
2 3720140711201407272456849.5-0.1085600000D+01-0.2587000000D-01 0.1436829000D+03 0.5695100000D+00 0.1833000000D-02 0.7100000000D+00 0.6160528000D+01 0.4354500000D+01 0.1220000000D-01 0.3479400000D+01 0.3074000000D+00 0.7750000000D-02 0.3496920000D+02 0.2272900000D+00 0.0000000000D+00 0.1849000000D+00 0.2906979000D+01 0.2441900000D+01 0.0000000000D+00 0.2337000000D+00
2 3820140727201408122456865.5-0.1477100000D+01-0.1981000000D-01 0.1422238000D+03 0.5539100000D+00 0.7750000000D-03 0.6947000000D+00 0.2991567000D+01 0.1342000000D+01 0.3556400000D+01 0.3676900000D+01 0.4251000000D+00 0.7390000000D-02 0.3824690000D+02 0.2400100000D+00 0.0000000000D+00 0.1937000000D+00 0.6040294000D+01 0.5532700000D+01 0.0000000000D+00 0.4604000000D+00
2 3920140812201408282456881.5-0.1763500000D+01-0.1356000000D-01 0.1419916000D+03 0.5395200000D+00 0.1663000000D-02 0.6770000000D+00 0.6106187000D+01 0.4569600000D+01 0.2654000000D+00 0.3879500000D+01 0.5347000000D+00 0.6010000000D-02 0.4163930000D+02 0.2524400000D+00 0.0000000000D+00 0.2080000000D+00 0.2888172000D+01 0.2362400000D+01 0.0000000000D+00 0.6633000000D+00
2 4020140828201409132456897.5-0.1931700000D+01-0.7150000000D-02 0.1429070000D+03 0.5257500000D+00 0.1400000000D-02 0.6654000000D+00 0.2939834000D+01 0.1554200000D+01 0.3386800000D+01 0.4088900000D+01 0.6153000000D+00 0.4400000000D-02 0.4517610000D+02 0.2619400000D+00 0.0000000000D+00 0.2168000000D+00 0.6019181000D+01 0.5487900000D+01 0.0000000000D+00 0.8971000000D+00
2 4120140913201409292456913.5-0.1991500000D+01 0.9700000000D-03 0.1450578000D+03 0.5117200000D+00 0.2542000000D-02 0.6629000000D+00 0.6059980000D+01 0.4816000000D+01 0.1990000000D+00 0.4315200000D+01 0.6669000000D+00 0.1450000000D-02 0.4883740000D+02 0.2704400000D+00 0.0000000000D+00 0.2303000000D+00 0.2868408000D+01 0.2365400000D+01 0.0000000000D+00 0.1127700000D+01
2 4220140929201410152456929.5-0.1929300000D+01 0.8580000000D-02 0.1484435000D+03 0.5125300000D+00 0.2708000000D-02 0.6573000000D+00 0.2902452000D+01 0.1843700000D+01 0.3575000000D+01 0.4545400000D+01 0.6760000000D+00-0.1590000000D-02 0.5266570000D+02 0.2745800000D+00 0.0000000000D+00 0.2379000000D+00 0.6004684000D+01 0.5544600000D+01 0.0000000000D+00 0.1366200000D+01
2 4320141015201410312456945.5-0.1743700000D+01 0.1468000000D-01 0.1531276000D+03 0.5054400000D+00 0.2627000000D-02 0.6645000000D+00 0.6034461000D+01 0.5203700000D+01 0.5464000000D+00 0.4797700000D+01 0.6313000000D+00-0.4230000000D-02 0.5663810000D+02 0.2728500000D+00 0.0000000000D+00 0.2500000000D+00 0.2862834000D+01 0.2486800000D+01 0.0000000000D+00 0.1636900000D+01
2 4420141031201411162456961.5-0.1461300000D+01 0.2089000000D-01 0.1591658000D+03 0.5097200000D+00 0.3759000000D-02 0.6754000000D+00 0.2892981000D+01 0.2265600000D+01 0.3874100000D+01 0.5069500000D+01 0.5467000000D+00-0.7510000000D-02 0.6073290000D+02 0.2629800000D+00 0.0000000000D+00 0.2589000000D+00 0.6012284000D+01 0.5741600000D+01 0.0000000000D+00 0.1897500000D+01
2 4520141116201412022456977.5-0.1099100000D+01 0.2658000000D-01 0.1663392000D+03 0.5214600000D+00 0.4305000000D-02 0.6934000000D+00 0.6045170000D+01 0.5688000000D+01 0.1114200000D+01 0.5349600000D+01 0.4157000000D+00-0.9680000000D-02 0.6483100000D+02 0.2405800000D+00 0.0000000000D+00 0.2744000000D+00 0.2887614000D+01 0.2790500000D+01 0.0000000000D+00 0.2215400000D+01
2 4620141202201412182456993.5-0.6629000000D+00 0.3007000000D-01 0.1744343000D+03 0.5234800000D+00 0.5827000000D-02 0.7188000000D+00 0.2927709000D+01 0.2825600000D+01 0.4436600000D+01 0.5656200000D+01 0.2530000000D+00-0.1213000000D-01 0.6870890000D+02 0.2066100000D+00 0.0000000000D+00 0.2774000000D+00 0.6058037000D+01 0.6207800000D+01 0.0000000000D+00 0.2484000000D+01
2 4720141218201501032457009.5-0.1794000000D+00 0.3153000000D-01 0.1827922000D+03 0.5480500000D+00 0.5651000000D-02 0.7460000000D+00 0.6106911000D+01 0.7570000000D-01 0.1944300000D+01 0.5978200000D+01 0.6800000000D-01-0.1184000000D-01 0.7203430000D+02 0.1639000000D+00 0.0000000000D+00 0.2974000000D+00 0.2957581000D+01 0.3543100000D+01 0.0000000000D+00 0.2855200000D+01
3 4820131231201401172456657.5 0.2219000000D+00-0.1134000000D-01 0.3466289000D+03 0.8415100000D+00 0.1453600000D-01 0.6473000000D+00 0.5615364000D+01 0.6823000000D+00 0.2554200000D+01 0.1791700000D+01 0.9200000000D-02 0.6800000000D-03 0.5086570000D+02 0.3675700000D+00 0.0000000000D+00 0.9970000000D-01 0.2260666000D+01 0.5339100000D+01 0.0000000000D+00 0.4681500000D+01
3 4920140117201402032456674.5 0.2790000000D-01 0.7830000000D-02 0.3458520000D+03 0.8327900000D+00 0.1434100000D-01 0.5777000000D+00 0.1734327000D+01 0.3644200000D+01 0.5403900000D+01 0.3116000000D+00 0.1220000000D-01-0.1550000000D-02 0.4454070000D+02 0.3643100000D+00 0.0000000000D+00 0.7990000000D-01 0.4632346000D+01 0.1490100000D+01 0.0000000000D+00 0.3210000000D+01
3 5020140203201402202456691.5 0.2133000000D+00 0.1650000000D-02 0.3379131000D+03 0.8970100000D+00 0.1184900000D-01 0.5402000000D+00 0.4130478000D+01 0.2988000000D+00 0.2053300000D+01 0.5018400000D+01 0.1190000000D-01 0.4900000000D-03 0.3831800000D+02 0.2759600000D+00 0.0000000000D+00 0.5700000000D-01 0.7121720000D+00 0.3898600000D+01 0.0000000000D+00 0.1283500000D+01
3 5120140220201403092456708.5 0.2205000000D+00-0.9010000000D-02 0.3245069000D+03 0.9272000000D+00 0.9706000000D-02 0.5033000000D+00 0.2310570000D+00 0.3106400000D+01 0.4642200000D+01 0.3521200000D+01-0.3220000000D-01 0.1130000000D-02 0.3360630000D+02 0.1427900000D+00 0.0000000000D+00 0.5290000000D-01 0.3070385000D+01 0.6236100000D+01 0.0000000000D+00 0.4410000000D+00
3 5220140309201403262456725.5 0.8450000000D-01 0.4150000000D-02 0.3085349000D+03 0.9868700000D+00 0.7883000000D-02 0.4143000000D+00 0.2598870000D+01 0.5811800000D+01 0.1122900000D+01 0.1954000000D+01 0.2420000000D-01-0.1890000000D-02 0.3113940000D+02 0.2360000000D-01 0.0000000000D+00 0.6590000000D-01 0.5431800000D+01 0.1557200000D+01 0.0000000000D+00 0.4551900000D+01
3 5320140326201404122456742.5 0.2189000000D+00 0.2150000000D-02 0.2920787000D+03 0.1015240000D+01 0.6910000000D-02 0.3827000000D+00 0.4950095000D+01 0.2133500000D+01 0.3837700000D+01 0.2612000000D+00-0.1020000000D-01 0.5200000000D-03 0.3087130000D+02 0.8427000000D-01 0.0000000000D+00 0.2620000000D-01 0.1519348000D+01 0.1735500000D+01 0.0000000000D+00 0.2732200000D+01
3 5420140412201404292456759.5 0.2288000000D+00-0.7500000000D-02 0.2766240000D+03 0.1007510000D+01 0.4135000000D-02 0.3558000000D+00 0.1003732000D+01 0.4710100000D+01 0.4460000000D-01 0.4964600000D+01-0.2940000000D-01 0.6200000000D-03 0.3233700000D+02 0.1635100000D+00 0.0000000000D+00 0.5050000000D-01 0.3892613000D+01 0.3892900000D+01 0.0000000000D+00 0.1723000000D+01
3 5520140429201405162456776.5 0.1245000000D+00 0.5700000000D-02 0.2630573000D+03 0.1003910000D+01 0.3410000000D-02 0.2973000000D+00 0.3328266000D+01 0.9349000000D+00 0.2674700000D+01 0.3284900000D+01 0.2300000000D-02-0.1780000000D-02 0.3512980000D+02 0.2246600000D+00 0.0000000000D+00 0.3920000000D-01 0.6256842000D+01 0.6143400000D+01 0.0000000000D+00 0.5935600000D+01
3 5620140516201406022456793.5 0.2774000000D+00 0.1400000000D-03 0.2516093000D+03 0.9732300000D+00 0.2957000000D-02 0.2968000000D+00 0.5642730000D+01 0.3401800000D+01 0.5014400000D+01 0.1501600000D+01-0.3440000000D-01 0.2200000000D-03 0.3892920000D+02 0.2649400000D+00 0.0000000000D+00 0.4350000000D-01 0.2325409000D+01 0.2106300000D+01 0.0000000000D+00 0.4689100000D+01
3 5720140602201406192456810.5 0.2596000000D+00-0.5210000000D-02 0.2423769000D+03 0.9549300000D+00 0.1734000000D-02 0.2952000000D+00 0.1667068000D+01 0.5864800000D+01 0.1324000000D+01 0.6184000000D+01-0.4790000000D-01 0.5900000000D-03 0.4337500000D+02 0.2991100000D+00 0.0000000000D+00 0.6120000000D-01 0.4665732000D+01 0.4334000000D+01 0.0000000000D+00 0.2833200000D+01
3 5820140619201407062456827.5 0.1992000000D+00 0.5930000000D-02 0.2353301000D+03 0.9368900000D+00 0.2002000000D-02 0.2730000000D+00 0.3969367000D+01 0.2013200000D+01 0.3983400000D+01 0.4428400000D+01-0.2600000000D-01-0.2120000000D-02 0.4822620000D+02 0.3308800000D+00 0.0000000000D+00 0.4960000000D-01 0.7116890000D+00 0.2987000000D+00 0.0000000000D+00 0.1194400000D+01
3 5920140706201407232456844.5 0.3473000000D+00-0.3270000000D-02 0.2303346000D+03 0.9075200000D+00 0.1361000000D-02 0.3035000000D+00 0.6268303000D+01 0.4452400000D+01 0.7300000000D-01 0.2714700000D+01-0.7360000000D-01 0.8000000000D-03 0.5340780000D+02 0.3553100000D+00 0.0000000000D+00 0.8030000000D-01 0.3032382000D+01 0.2558100000D+01 0.0000000000D+00 0.5877200000D+01
3 6020140723201408092456861.5 0.2761000000D+00-0.5420000000D-02 0.2274739000D+03 0.8850900000D+00 0.1476000000D-02 0.3162000000D+00 0.2282438000D+01 0.5948000000D+00 0.2420600000D+01 0.1116800000D+01-0.7090000000D-01 0.9600000000D-03 0.5885590000D+02 0.3768400000D+00 0.0000000000D+00 0.8670000000D-01 0.5348120000D+01 0.4821100000D+01 0.0000000000D+00 0.4123000000D+01
3 6120140809201408262456878.5 0.2244000000D+00 0.4400000000D-02 0.2266747000D+03 0.8656400000D+00 0.2376000000D-02 0.3139000000D+00 0.4579810000D+01 0.3020200000D+01 0.4806600000D+01 0.5691400000D+01-0.4920000000D-01-0.1870000000D-02 0.6449480000D+02 0.3992400000D+00 0.0000000000D+00 0.8990000000D-01 0.1377949000D+01 0.8233000000D+00 0.0000000000D+00 0.2538200000D+01
3 6220140826201409122456895.5 0.3392000000D+00-0.7240000000D-02 0.2279048000D+03 0.8594700000D+00 0.2296000000D-02 0.3642000000D+00 0.5958730000D+00 0.5480700000D+01 0.1152600000D+01 0.4033200000D+01-0.1009000000D+00 0.2200000000D-02 0.7034310000D+02 0.4189200000D+00 0.0000000000D+00 0.1214000000D+00 0.3690231000D+01 0.3133300000D+01 0.0000000000D+00 0.8480000000D+00
3 6320140912201409292456912.5 0.2047000000D+00-0.6990000000D-02 0.2314118000D+03 0.8358600000D+00 0.2696000000D-02 0.3817000000D+00 0.2898140000D+01 0.1660300000D+01 0.3313400000D+01 0.2477500000D+01-0.6160000000D-01 0.1990000000D-02 0.7647170000D+02 0.4308200000D+00 0.0000000000D+00 0.1288000000D+00 0.6003869000D+01 0.5468700000D+01 0.0000000000D+00 0.5565200000D+01
3 6420140929201410162456929.5 0.1377000000D+00 0.2610000000D-02 0.2371966000D+03 0.8233300000D+00 0.3922000000D-02 0.3969000000D+00 0.5205953000D+01 0.4143700000D+01 0.5712700000D+01 0.8075000000D+00-0.4360000000D-01-0.1130000000D-02 0.8286560000D+02 0.4373200000D+00 0.0000000000D+00 0.1397000000D+00 0.2038377000D+01 0.1552900000D+01 0.0000000000D+00 0.3922200000D+01
3 6520141016201411022456946.5 0.2132000000D+00-0.1062000000D-01 0.2452220000D+03 0.8425700000D+00 0.4862000000D-02 0.4603000000D+00 0.1238407000D+01 0.3887000000D+00 0.2170000000D+01 0.5499900000D+01-0.6720000000D-01 0.3700000000D-02 0.8950080000D+02 0.4348600000D+00 0.0000000000D+00 0.1672000000D+00 0.4362237000D+01 0.3962100000D+01 0.0000000000D+00 0.2374900000D+01
3 6620141102201411192456963.5 0.2270000000D-01-0.6870000000D-02 0.2556899000D+03 0.8400300000D+00 0.5657000000D-02 0.4885000000D+00 0.3563760000D+01 0.2953700000D+01 0.4700700000D+01 0.3977100000D+01-0.1400000000D-01 0.2890000000D-02 0.9638280000D+02 0.4106900000D+00 0.0000000000D+00 0.2001000000D+00 0.4116490000D+00 0.1336000000D+00 0.0000000000D+00 0.8403000000D+00
3 6720141119201412062456980.5-0.3000000000D-01 0.1720000000D-02 0.2682120000D+03 0.8431300000D+00 0.6925000000D-02 0.5111000000D+00 0.5901882000D+01 0.5562100000D+01 0.9709000000D+00 0.2382500000D+01 0.1440000000D-01-0.1450000000D-02 0.1031995000D+03 0.3694600000D+00 0.0000000000D+00 0.1953000000D+00 0.2755979000D+01 0.2655900000D+01 0.0000000000D+00 0.5409100000D+01
3 6820141206201412232456997.5 0.2230000000D-01-0.1100000000D-01 0.2820887000D+03 0.8675900000D+00 0.8975000000D-02 0.5890000000D+00 0.1971854000D+01 0.1929700000D+01 0.3749400000D+01 0.8509000000D+00 0.4600000000D-02 0.5030000000D-02 0.1094846000D+03 0.3078700000D+00 0.0000000000D+00 0.2035000000D+00 0.5113629000D+01 0.5309400000D+01 0.0000000000D+00 0.4070200000D+01
3 6920141223201501092457014.5-0.1875000000D+00-0.3780000000D-02 0.2962855000D+03 0.8524900000D+00 0.1066900000D-01 0.6119000000D+00 0.4341430000D+01 0.4634900000D+01 0.1686000000D+00 0.5678400000D+01 0.3690000000D-01 0.1050000000D-02 0.1146064000D+03 0.2386400000D+00 0.0000000000D+00 0.2599000000D+00 0.1202528000D+01 0.1957000000D+01 0.0000000000D+00 0.2566900000D+01
4 7020131231201401182456657.5 0.5188000000D+01 0.7006000000D-01 0.6110418000D+03 0.1542730000D+01 0.0000000000D+00 0.2699700000D+01 0.1653809000D+01 0.3323800000D+01 0.0000000000D+00 0.5456500000D+01-0.6743000000D+00-0.1077000000D-01 0.8822850000D+02 0.6570800000D+00 0.0000000000D+00 0.3677000000D+00 0.4619822000D+01 0.1355000000D+01 0.0000000000D+00 0.2204100000D+01
4 7120140118201402052456675.5 0.3716200000D+01 0.2831800000D+00 0.6095507000D+03 0.1743830000D+01 0.0000000000D+00 0.2561200000D+01 0.2187190000D+01 0.4417600000D+01 0.0000000000D+00 0.2375000000D+00-0.8712000000D+00 0.7590000000D-02 0.7644610000D+02 0.6310800000D+00 0.0000000000D+00 0.3069000000D+00 0.5131567000D+01 0.1972600000D+01 0.0000000000D+00 0.3288100000D+01
4 7220140205201402232456693.5 0.4614200000D+01 0.2218100000D+00 0.5929088000D+03 0.1788610000D+01 0.0000000000D+00 0.2441700000D+01 0.2716566000D+01 0.5367600000D+01 0.0000000000D+00 0.1263300000D+01-0.1214500000D+01 0.5678000000D-01 0.6510720000D+02 0.4446300000D+00 0.0000000000D+00 0.2624000000D+00 0.5637059000D+01 0.2605900000D+01 0.0000000000D+00 0.4273600000D+01
4 7320140223201403132456711.5 0.6863400000D+01-0.4640000000D-01 0.5673553000D+03 0.1801610000D+01 0.0000000000D+00 0.2251800000D+01 0.3233546000D+01 0.5870000000D-01 0.0000000000D+00 0.2213400000D+01-0.1257900000D+01 0.7855000000D-01 0.5721160000D+02 0.2205100000D+00 0.0000000000D+00 0.2284000000D+00 0.6134131000D+01 0.3299100000D+01 0.0000000000D+00 0.5206500000D+01
4 7420140313201403312456729.5 0.7702600000D+01-0.2099000000D+00 0.5376860000D+03 0.1947640000D+01 0.0000000000D+00 0.2042200000D+01 0.3729768000D+01 0.8738000000D+00 0.0000000000D+00 0.3204300000D+01-0.9801000000D+00 0.5777000000D-01 0.5358890000D+02 0.4116000000D-01 0.0000000000D+00 0.2253000000D+00 0.3440060000D+00 0.5171000000D+01 0.0000000000D+00 0.6167400000D+01
4 7520140331201404182456747.5 0.6564400000D+01-0.1595300000D+00 0.5066052000D+03 0.1923400000D+01 0.0000000000D+00 0.1925500000D+01 0.4206653000D+01 0.1562400000D+01 0.0000000000D+00 0.4148400000D+01-0.6882000000D+00 0.2486000000D-01 0.5390710000D+02 0.1913300000D+00 0.0000000000D+00 0.2361000000D+00 0.8403100000D+00 0.7005000000D+00 0.0000000000D+00 0.7694000000D+00
4 7620140418201405062456765.5 0.4994100000D+01-0.2594000000D-01 0.4777317000D+03 0.1805910000D+01 0.0000000000D+00 0.1829300000D+01 0.4668688000D+01 0.2239600000D+01 0.0000000000D+00 0.5051000000D+01-0.5542000000D+00 0.1930000000D-02 0.5749620000D+02 0.3326400000D+00 0.0000000000D+00 0.2474000000D+00 0.1334831000D+01 0.1183400000D+01 0.0000000000D+00 0.1655800000D+01
4 7720140506201405242456783.5 0.4120200000D+01 0.4153000000D-01 0.4536048000D+03 0.1761580000D+01 0.0000000000D+00 0.1725400000D+01 0.5118148000D+01 0.2883300000D+01 0.0000000000D+00 0.5982900000D+01-0.6179000000D+00 0.4600000000D-03 0.6356750000D+02 0.4242900000D+00 0.0000000000D+00 0.2640000000D+00 0.1818103000D+01 0.1581600000D+01 0.0000000000D+00 0.2622700000D+01
4 7820140524201406112456801.5 0.4076000000D+01 0.3033000000D-01 0.4342515000D+03 0.1715340000D+01 0.0000000000D+00 0.1671900000D+01 0.5556345000D+01 0.3457800000D+01 0.0000000000D+00 0.6022000000D+00-0.7634000000D+00 0.8170000000D-02 0.7122360000D+02 0.4855300000D+00 0.0000000000D+00 0.2925000000D+00 0.2286837000D+01 0.1971300000D+01 0.0000000000D+00 0.3563100000D+01
4 7920140611201406292456819.5 0.4196500000D+01 0.1400000000D-02 0.4192034000D+03 0.1656120000D+01 0.0000000000D+00 0.1656900000D+01 0.5987388000D+01 0.4015600000D+01 0.0000000000D+00 0.1509800000D+01-0.8406000000D+00 0.9320000000D-02 0.7988670000D+02 0.5389300000D+00 0.0000000000D+00 0.3291000000D+00 0.2744651000D+01 0.2346000000D+01 0.0000000000D+00 0.4522500000D+01
4 8020140629201407172456837.5 0.4008900000D+01-0.2600000000D-03 0.4083118000D+03 0.1613100000D+01 0.0000000000D+00 0.1634100000D+01 0.1311660000D+00 0.4580600000D+01 0.0000000000D+00 0.2423200000D+01-0.7508000000D+00-0.7360000000D-02 0.8929250000D+02 0.5929000000D+00 0.0000000000D+00 0.3775000000D+00 0.3194550000D+01 0.2701900000D+01 0.0000000000D+00 0.5490900000D+01
4 8120140717201408042456855.5 0.3718600000D+01 0.1458000000D-01 0.4017267000D+03 0.1585270000D+01 0.0000000000D+00 0.1633000000D+01 0.5555400000D+00 0.5131900000D+01 0.0000000000D+00 0.3317300000D+01-0.6388000000D+00-0.2912000000D-01 0.9929860000D+02 0.6335000000D+00 0.0000000000D+00 0.4343000000D+00 0.3637193000D+01 0.3063100000D+01 0.0000000000D+00 0.1119000000D+00
4 8220140804201408222456873.5 0.3751500000D+01-0.3120000000D-02 0.3989322000D+03 0.1547630000D+01 0.0000000000D+00 0.1660500000D+01 0.9790990000D+00 0.5703500000D+01 0.0000000000D+00 0.4240300000D+01-0.6914000000D+00-0.3380000000D-01 0.1096013000D+03 0.6695100000D+00 0.0000000000D+00 0.4865000000D+00 0.4075128000D+01 0.3466000000D+01 0.0000000000D+00 0.1031700000D+01
4 8320140822201409092456891.5 0.3720200000D+01-0.1697000000D-01 0.4002399000D+03 0.1523780000D+01 0.0000000000D+00 0.1688900000D+01 0.1403988000D+01 0.1030000000D-01 0.0000000000D+00 0.5158100000D+01-0.8402000000D+00-0.2544000000D-01 0.1201861000D+03 0.7081700000D+00 0.0000000000D+00 0.5325000000D+00 0.4512161000D+01 0.3909400000D+01 0.0000000000D+00 0.1963100000D+01
4 8420140909201409272456909.5 0.3793900000D+01-0.3175000000D-01 0.4058539000D+03 0.1526100000D+01 0.0000000000D+00 0.1752900000D+01 0.1832374000D+01 0.6150000000D+00 0.0000000000D+00 0.6068900000D+01-0.1047800000D+01-0.1124000000D-01 0.1312184000D+03 0.7474500000D+00 0.0000000000D+00 0.5905000000D+00 0.4951444000D+01 0.4373600000D+01 0.0000000000D+00 0.2886700000D+01
4 8520140927201410152456927.5 0.3924600000D+01-0.6392000000D-01 0.4159266000D+03 0.1541150000D+01 0.0000000000D+00 0.1849800000D+01 0.2266183000D+01 0.1247600000D+01 0.0000000000D+00 0.7212000000D+00-0.1214000000D+01 0.5240000000D-02 0.1428097000D+03 0.7748300000D+00 0.0000000000D+00 0.6547000000D+00 0.5394724000D+01 0.4868100000D+01 0.0000000000D+00 0.3830500000D+01
4 8620141015201411022456945.5 0.4150500000D+01-0.1103100000D+00 0.4307701000D+03 0.1585700000D+01 0.0000000000D+00 0.1931200000D+01 0.2708574000D+01 0.1897400000D+01 0.0000000000D+00 0.1643700000D+01-0.1313100000D+01 0.1715000000D-01 0.1549833000D+03 0.7815100000D+00 0.0000000000D+00 0.7063000000D+00 0.5844957000D+01 0.5394700000D+01 0.0000000000D+00 0.4767400000D+01
4 8720141102201411202456963.5 0.3718500000D+01-0.7861000000D-01 0.4500083000D+03 0.1576250000D+01 0.0000000000D+00 0.2072900000D+01 0.3160251000D+01 0.2614500000D+01 0.0000000000D+00 0.2604500000D+01-0.1139900000D+01-0.3250000000D-02 0.1674179000D+03 0.7472200000D+00 0.0000000000D+00 0.7772000000D+00 0.2024100000D-01 0.6006700000D+01 0.0000000000D+00 0.5740400000D+01
4 8820141120201412082456981.5 0.2216400000D+01 0.9263000000D-01 0.4725077000D+03 0.1600850000D+01 0.0000000000D+00 0.2302600000D+01 0.3624827000D+01 0.3458300000D+01 0.0000000000D+00 0.3580300000D+01-0.6471000000D+00-0.6801000000D-01 0.1794996000D+03 0.6922600000D+00 0.0000000000D+00 0.8677000000D+00 0.4909630000D+00 0.4651000000D+00 0.0000000000D+00 0.4438000000D+00
4 8920141208201412262456999.5 0.1049000000D+01 0.2781800000D+00 0.4976383000D+03 0.1738290000D+01 0.0000000000D+00 0.2434800000D+01 0.4108262000D+01 0.4300800000D+01 0.0000000000D+00 0.4538500000D+01-0.4606000000D+00-0.1162000000D+00 0.1906862000D+03 0.6169500000D+00 0.0000000000D+00 0.9106000000D+00 0.9793140000D+00 0.1285900000D+01 0.0000000000D+00 0.1426700000D+01
4 9020141226201501132457017.5 0.2806500000D+01 0.1696300000D+00 0.5252707000D+03 0.1617420000D+01 0.0000000000D+00 0.2605200000D+01 0.4610078000D+01 0.5174200000D+01 0.0000000000D+00 0.5591200000D+01-0.1425600000D+01-0.3910000000D-01 0.2002767000D+03 0.4558300000D+00 0.0000000000D+00 0.9772000000D+00 0.1483838000D+01 0.2396600000D+01 0.0000000000D+00 0.2495500000D+01
