 5 4    2   25   48   70  3.5516  1.7693  0.8782  0.3765 16.0 16.0 17.0 18.0   90 2455926.5000 2012                                                                                                                                                                                                                                                                              
1  220111231201201162455926.5-0.1834000000D+00 0.8520000000D-02 0.1192239000D+03 0.4003700000D+00 0.3305000000D-02 0.2064000000D+00 0.3635560000D+01 0.6790000000D+00 0.2268400000D+01 0.8737000000D+00-0.1212000000D+00 0.3870000000D-02 0.4822990000D+02 0.1869100000D+00 0.0000000000D+00 0.8680000000D-01 0.3786864000D+01 0.9565000000D+00 0.0000000000D+00 0.1005500000D+01
1  320120116201202012455942.5-0.9200000000D-02 0.6540000000D-02 0.1131228000D+03 0.4077400000D+00 0.2676000000D-02 0.2105000000D+00 0.3894637000D+01 0.1199800000D+01 0.2791600000D+01 0.1533300000D+01-0.4950000000D-01 0.3090000000D-02 0.4538010000D+02 0.2058300000D+00 0.0000000000D+00 0.8330000000D-01 0.4043400000D+01 0.1326900000D+01 0.0000000000D+00 0.1639000000D+01
1  420120201201202172455958.5 0.1568000000D+00 0.4700000000D-02 0.1076119000D+03 0.4092800000D+00 0.2100000000D-02 0.1852000000D+00 0.4139665000D+01 0.1671400000D+01 0.3276400000D+01 0.2253400000D+01 0.1960000000D-01 0.2190000000D-02 0.4240240000D+02 0.2122900000D+00 0.0000000000D+00 0.7070000000D-01 0.4288039000D+01 0.1649300000D+01 0.0000000000D+00 0.2402700000D+01
1  520120217201203042455974.5 0.2956000000D+00 0.4170000000D-02 0.1029336000D+03 0.4073600000D+00 0.1664000000D-02 0.1921000000D+00 0.4373052000D+01 0.2101600000D+01 0.3734200000D+01 0.3066800000D+01 0.7670000000D-01 0.1690000000D-02 0.3945760000D+02 0.2105200000D+00 0.0000000000D+00 0.7340000000D-01 0.4523293000D+01 0.1936200000D+01 0.0000000000D+00 0.3208400000D+01
1  620120304201203202455990.5 0.4103000000D+00 0.3620000000D-02 0.9919830000D+02 0.4032700000D+00 0.1344000000D-02 0.1986000000D+00 0.4597315000D+01 0.2497300000D+01 0.4190900000D+01 0.3692600000D+01 0.1223000000D+00 0.1100000000D-02 0.3662940000D+02 0.2034500000D+00 0.0000000000D+00 0.7130000000D-01 0.4751665000D+01 0.2191500000D+01 0.0000000000D+00 0.3820000000D+01
1  720120320201204052456006.5 0.5068000000D+00 0.1680000000D-02 0.9640920000D+02 0.3967600000D+00 0.1167000000D-02 0.1823000000D+00 0.4815008000D+01 0.2864800000D+01 0.4498900000D+01 0.4403500000D+01 0.1573000000D+00 0.1000000000D-03 0.3394590000D+02 0.1938100000D+00 0.0000000000D+00 0.6120000000D-01 0.4975798000D+01 0.2419800000D+01 0.0000000000D+00 0.4555500000D+01
1  820120405201204212456022.5 0.5744000000D+00-0.6800000000D-03 0.9452260000D+02 0.3907000000D+00 0.9150000000D-03 0.1937000000D+00 0.5028444000D+01 0.3220700000D+01 0.4752500000D+01 0.5167000000D+01 0.1778000000D+00-0.8300000000D-03 0.3140240000D+02 0.1826700000D+00 0.0000000000D+00 0.6100000000D-01 0.5198073000D+01 0.2626600000D+01 0.0000000000D+00 0.5323800000D+01
1  920120421201205072456038.5 0.5973000000D+00-0.1890000000D-02 0.9348600000D+02 0.3883400000D+00 0.7180000000D-03 0.1991000000D+00 0.5239642000D+01 0.3569300000D+01 0.5151100000D+01 0.5788100000D+01 0.1804000000D+00-0.1230000000D-02 0.2898340000D+02 0.1704800000D+00 0.0000000000D+00 0.5640000000D-01 0.5420651000D+01 0.2816200000D+01 0.0000000000D+00 0.5980100000D+01
1 1020120507201205232456054.5 0.5746000000D+00-0.2230000000D-02 0.9326030000D+02 0.3883100000D+00 0.7140000000D-03 0.1855000000D+00 0.5450172000D+01 0.3908300000D+01 0.5641700000D+01 0.2137000000D+00 0.1682000000D+00-0.1300000000D-02 0.2667560000D+02 0.1578300000D+00 0.0000000000D+00 0.4980000000D-01 0.5645544000D+01 0.2989800000D+01 0.0000000000D+00 0.4771000000D+00
1 1120120523201206082456070.5 0.5210000000D+00-0.3330000000D-02 0.9381580000D+02 0.3874800000D+00 0.8180000000D-03 0.2042000000D+00 0.5661252000D+01 0.4244700000D+01 0.5998300000D+01 0.9652000000D+00 0.1481000000D+00-0.1490000000D-02 0.2446870000D+02 0.1448400000D+00 0.0000000000D+00 0.5200000000D-01 0.5874582000D+01 0.3147100000D+01 0.0000000000D+00 0.1206900000D+01
1 1220120608201206242456086.5 0.4419000000D+00-0.5370000000D-02 0.9513990000D+02 0.3865200000D+00 0.9300000000D-03 0.2157000000D+00 0.5874403000D+01 0.4582000000D+01 0.6263600000D+01 0.1566400000D+01 0.1233000000D+00-0.1720000000D-02 0.2236470000D+02 0.1321700000D+00 0.0000000000D+00 0.4780000000D-01 0.6110047000D+01 0.3290400000D+01 0.0000000000D+00 0.1816800000D+01
1 1320120624201207102456102.5 0.3289000000D+00-0.6660000000D-02 0.9722870000D+02 0.3864800000D+00 0.1144000000D-02 0.2069000000D+00 0.6090913000D+01 0.4923600000D+01 0.2533000000D+00 0.2266100000D+01 0.9420000000D-01-0.1600000000D-02 0.2037100000D+02 0.1191300000D+00 0.0000000000D+00 0.4140000000D-01 0.7104200000D-01 0.3425800000D+01 0.0000000000D+00 0.2579500000D+01
1 1420120710201207262456118.5 0.1812000000D+00-0.6420000000D-02 0.1000849000D+03 0.3866600000D+00 0.1432000000D-02 0.2297000000D+00 0.2895800000D-01 0.5277000000D+01 0.4998000000D+00 0.3022300000D+01 0.6360000000D-01-0.1200000000D-02 0.1851620000D+02 0.1049000000D+00 0.0000000000D+00 0.4160000000D-01 0.3262760000D+00 0.3556700000D+01 0.0000000000D+00 0.3318700000D+01
1 1520120726201208112456134.5 0.1650000000D-01-0.6060000000D-02 0.1037093000D+03 0.3861700000D+00 0.1644000000D-02 0.2483000000D+00 0.2561480000D+00 0.5658300000D+01 0.7701000000D+00 0.3655200000D+01 0.3680000000D-01-0.8800000000D-03 0.1684860000D+02 0.8786000000D-01 0.0000000000D+00 0.3740000000D-01 0.5945360000D+00 0.3681700000D+01 0.0000000000D+00 0.3983400000D+01
1 1620120811201208272456150.5-0.1455000000D+00-0.6860000000D-02 0.1080965000D+03 0.3908400000D+00 0.1786000000D-02 0.2454000000D+00 0.4909040000D+00 0.6074100000D+01 0.1267000000D+01 0.4383500000D+01 0.1580000000D-01-0.8300000000D-03 0.1544450000D+02 0.6648000000D-01 0.0000000000D+00 0.3290000000D-01 0.8765680000D+00 0.3786700000D+01 0.0000000000D+00 0.4802700000D+01
1 1720120827201209122456166.5-0.3047000000D+00-0.7560000000D-02 0.1132512000D+03 0.3964000000D+00 0.2188000000D-02 0.2760000000D+00 0.7350850000D+00 0.2326000000D+00 0.1862600000D+01 0.5132200000D+01-0.1600000000D-02-0.8000000000D-03 0.1440900000D+02 0.3966000000D-01 0.0000000000D+00 0.3340000000D-01 0.1170382000D+01 0.3792100000D+01 0.0000000000D+00 0.5566300000D+01
1 1820120912201209282456182.5-0.4660000000D+00-0.6520000000D-02 0.1190653000D+03 0.3995400000D+00 0.2873000000D-02 0.2869000000D+00 0.9904840000D+00 0.7044000000D+00 0.2437300000D+01 0.5782600000D+01-0.1850000000D-01-0.6800000000D-03 0.1385670000D+02 0.1638000000D-01 0.0000000000D+00 0.3150000000D-01 0.1469623000D+01 0.2809600000D+01 0.0000000000D+00 0.2560000000D-01
1 1920120928201210142456198.5-0.6153000000D+00-0.4750000000D-02 0.1252945000D+03 0.3946600000D+00 0.3581000000D-02 0.2799000000D+00 0.1258754000D+01 0.1221500000D+01 0.3002900000D+01 0.2756000000D+00-0.3630000000D-01-0.6300000000D-03 0.1391200000D+02 0.4842000000D-01 0.0000000000D+00 0.3370000000D-01 0.1764038000D+01 0.1858800000D+01 0.0000000000D+00 0.8111000000D+00
1 2020121014201210302456214.5-0.7272000000D+00-0.4310000000D-02 0.1314440000D+03 0.3831000000D+00 0.4234000000D-02 0.3138000000D+00 0.1540803000D+01 0.1806700000D+01 0.3669800000D+01 0.1033400000D+01-0.5520000000D-01-0.8200000000D-03 0.1467640000D+02 0.9485000000D-01 0.0000000000D+00 0.3730000000D-01 0.2045094000D+01 0.1944900000D+01 0.0000000000D+00 0.1417300000D+01
1 2120121030201211152456230.5-0.7982000000D+00-0.4470000000D-02 0.1367912000D+03 0.3631100000D+00 0.4957000000D-02 0.3084000000D+00 0.1836296000D+01 0.2472200000D+01 0.4380800000D+01 0.1698500000D+01-0.7630000000D-01-0.1160000000D-02 0.1619000000D+02 0.1321800000D+00 0.0000000000D+00 0.3520000000D-01 0.2312160000D+01 0.2178100000D+01 0.0000000000D+00 0.2097300000D+01
1 2220121115201212012456246.5-0.8444000000D+00-0.2630000000D-02 0.1404519000D+03 0.3450200000D+00 0.5640000000D-02 0.2874000000D+00 0.2142746000D+01 0.3236200000D+01 0.5142600000D+01 0.2544100000D+01-0.9860000000D-01-0.1480000000D-02 0.1831710000D+02 0.1437300000D+00 0.0000000000D+00 0.4030000000D-01 0.2573359000D+01 0.2466900000D+01 0.0000000000D+00 0.2969500000D+01
1 2320121201201212172456262.5-0.8595000000D+00 0.4400000000D-03 0.1416292000D+03 0.3323400000D+00 0.5927000000D-02 0.3005000000D+00 0.2455489000D+01 0.4067200000D+01 0.5827800000D+01 0.3315300000D+01-0.1181000000D+00-0.1710000000D-02 0.2064870000D+02 0.1204300000D+00 0.0000000000D+00 0.4780000000D-01 0.2837975000D+01 0.2778500000D+01 0.0000000000D+00 0.3600700000D+01
1 2420121217201301022456278.5-0.8225000000D+00 0.1970000000D-02 0.1400355000D+03 0.3405400000D+00 0.5156000000D-02 0.2661000000D+00 0.2767625000D+01 0.4932500000D+01 0.2533000000D+00 0.4063500000D+01-0.1304000000D+00-0.1720000000D-02 0.2260020000D+02 0.6754000000D-01 0.0000000000D+00 0.4300000000D-01 0.3108991000D+01 0.3067500000D+01 0.0000000000D+00 0.4287300000D+01
2 2520111231201201162455926.5 0.8424000000D+00-0.3940000000D-01 0.1891213000D+03 0.6270000000D+00 0.5148000000D-02 0.9309000000D+00 0.1955682000D+01 0.5224400000D+01 0.5435000000D+00 0.5772000000D+00 0.4909000000D+00-0.1628000000D-01 0.7810240000D+02 0.2983700000D+00 0.0000000000D+00 0.3804000000D+00 0.2100115000D+01 0.5491700000D+01 0.0000000000D+00 0.7107000000D+00
2 2620120116201202012455942.5 0.2564000000D+00-0.3794000000D-01 0.1794390000D+03 0.6409600000D+00 0.3733000000D-02 0.8743000000D+00 0.5117741000D+01 0.2389500000D+01 0.4248700000D+01 0.8048000000D+00 0.2380000000D+00-0.1568000000D-01 0.7347690000D+02 0.3226300000D+00 0.0000000000D+00 0.3552000000D+00 0.5259762000D+01 0.2497200000D+01 0.0000000000D+00 0.9513000000D+00
2 2720120201201202172455958.5-0.3075000000D+00-0.3514000000D-01 0.1707056000D+03 0.6251000000D+00 0.3118000000D-02 0.8235000000D+00 0.1981994000D+01 0.5755900000D+01 0.1096400000D+01 0.1031100000D+01 0.5200000000D-02-0.1436000000D-01 0.6869960000D+02 0.3330200000D+00 0.0000000000D+00 0.3267000000D+00 0.2124404000D+01 0.5725700000D+01 0.0000000000D+00 0.1170900000D+01
2 2820120217201203042455974.5-0.8192000000D+00-0.3134000000D-01 0.1633018000D+03 0.6215300000D+00 0.2997000000D-02 0.7742000000D+00 0.5117998000D+01 0.2806900000D+01 0.4549200000D+01 0.1249600000D+01-0.2067000000D+00-0.1215000000D-01 0.6396530000D+02 0.3285700000D+00 0.0000000000D+00 0.2980000000D+00 0.5263143000D+01 0.2642000000D+01 0.0000000000D+00 0.1400900000D+01
2 2920120304201203202455990.5-0.1263500000D+01-0.2526000000D-01 0.1574072000D+03 0.6140800000D+00 0.2100000000D-02 0.7394000000D+00 0.1961663000D+01 0.6120600000D+01 0.1496600000D+01 0.1456200000D+01-0.3816000000D+00-0.9260000000D-02 0.5945680000D+02 0.3201800000D+00 0.0000000000D+00 0.2742000000D+00 0.2111898000D+01 0.5804600000D+01 0.0000000000D+00 0.1610500000D+01
2 3020120320201204052456006.5-0.1620300000D+01-0.1723000000D-01 0.1529494000D+03 0.6065400000D+00 0.1498000000D-02 0.7019000000D+00 0.5081598000D+01 0.3132400000D+01 0.4826600000D+01 0.1667500000D+01-0.5075000000D+00-0.5660000000D-02 0.5515350000D+02 0.3035900000D+00 0.0000000000D+00 0.2451000000D+00 0.5239288000D+01 0.2660300000D+01 0.0000000000D+00 0.1829700000D+01
2 3120120405201204212456022.5-0.1858100000D+01-0.9110000000D-02 0.1500235000D+03 0.6068700000D+00 0.1367000000D-02 0.6755000000D+00 0.1913764000D+01 0.1035000000D+00 0.1883800000D+01 0.1879700000D+01-0.5879000000D+00-0.2240000000D-02 0.5110770000D+02 0.2876700000D+00 0.0000000000D+00 0.2254000000D+00 0.2081465000D+01 0.5773700000D+01 0.0000000000D+00 0.2055600000D+01
2 3220120421201205072456038.5-0.1973700000D+01 0.1700000000D-03 0.1483905000D+03 0.5980500000D+00 0.1423000000D-02 0.6608000000D+00 0.5026033000D+01 0.3354400000D+01 0.4857500000D+01 0.2090700000D+01-0.6060000000D+00 0.8500000000D-03 0.4724350000D+02 0.2672200000D+00 0.0000000000D+00 0.2007000000D+00 0.5206551000D+01 0.2585500000D+01 0.0000000000D+00 0.2281800000D+01
2 3320120507201205232456054.5-0.1961000000D+01 0.9870000000D-02 0.1481048000D+03 0.6044800000D+00 0.1572000000D-02 0.6439000000D+00 0.1854285000D+01 0.3038000000D+00 0.1995200000D+01 0.2311200000D+01-0.5915000000D+00 0.3680000000D-02 0.4357630000D+02 0.2483500000D+00 0.0000000000D+00 0.1839000000D+00 0.2050707000D+01 0.5664700000D+01 0.0000000000D+00 0.2510500000D+01
2 3420120523201206082456070.5-0.1807200000D+01 0.1811000000D-01 0.1489610000D+03 0.5991900000D+00 0.7090000000D-03 0.6419000000D+00 0.4965548000D+01 0.3572300000D+01 0.4632300000D+01 0.2537100000D+01-0.5241000000D+00 0.5280000000D-02 0.4006510000D+02 0.2277700000D+00 0.0000000000D+00 0.1626000000D+00 0.5181739000D+01 0.2441700000D+01 0.0000000000D+00 0.2772200000D+01
2 3520120608201206242456086.5-0.1529500000D+01 0.2600000000D-01 0.1511501000D+03 0.6062100000D+00 0.1452000000D-02 0.6458000000D+00 0.1795643000D+01 0.5033000000D+00 0.1889600000D+01 0.2773800000D+01-0.4449000000D+00 0.6320000000D-02 0.3672580000D+02 0.2079200000D+00 0.0000000000D+00 0.1494000000D+00 0.2036040000D+01 0.5494100000D+01 0.0000000000D+00 0.3009200000D+01
2 3620120624201207102456102.5-0.1146000000D+01 0.3353000000D-01 0.1544529000D+03 0.6162900000D+00 0.1257000000D-02 0.6540000000D+00 0.4911621000D+01 0.3759100000D+01 0.5302600000D+01 0.3012800000D+01-0.3411000000D+00 0.6710000000D-02 0.3356740000D+02 0.1865800000D+00 0.0000000000D+00 0.1342000000D+00 0.5181550000D+01 0.2247200000D+01 0.0000000000D+00 0.3315800000D+01
2 3720120710201207262456118.5-0.6567000000D+00 0.3784000000D-01 0.1590396000D+03 0.6219500000D+00 0.2450000000D-02 0.6768000000D+00 0.1748722000D+01 0.7079000000D+00 0.2271700000D+01 0.3264000000D+01-0.2472000000D+00 0.6240000000D-02 0.3063460000D+02 0.1624400000D+00 0.0000000000D+00 0.1203000000D+00 0.2054679000D+01 0.5279900000D+01 0.0000000000D+00 0.3570000000D+01
2 3820120726201208112456134.5-0.9490000000D-01 0.3994000000D-01 0.1647830000D+03 0.6333100000D+00 0.2091000000D-02 0.7058000000D+00 0.4874435000D+01 0.4003000000D+01 0.5745700000D+01 0.3521100000D+01-0.1479000000D+00 0.5480000000D-02 0.2802520000D+02 0.1355600000D+00 0.0000000000D+00 0.1153000000D+00 0.5223222000D+01 0.2014600000D+01 0.0000000000D+00 0.3892500000D+01
2 3920120811201208272456150.5 0.4974000000D+00 0.4123000000D-01 0.1718496000D+03 0.6247400000D+00 0.2982000000D-02 0.7411000000D+00 0.1724310000D+01 0.1008600000D+01 0.2368900000D+01 0.3784400000D+01-0.7230000000D-01 0.4550000000D-02 0.2583850000D+02 0.1004100000D+00 0.0000000000D+00 0.1016000000D+00 0.2122013000D+01 0.5015100000D+01 0.0000000000D+00 0.4229600000D+01
2 4020120827201209122456166.5 0.1101400000D+01 0.4000000000D-01 0.1800709000D+03 0.6436000000D+00 0.3822000000D-02 0.7935000000D+00 0.4866767000D+01 0.4330700000D+01 0.6083100000D+01 0.4061500000D+01-0.2900000000D-02 0.4590000000D-02 0.2426030000D+02 0.5842000000D-01 0.0000000000D+00 0.1052000000D+00 0.5314797000D+01 0.1613000000D+01 0.0000000000D+00 0.4486400000D+01
2 4120120912201209282456182.5 0.1699100000D+01 0.3487000000D-01 0.1893145000D+03 0.6420000000D+00 0.4745000000D-02 0.8439000000D+00 0.1736779000D+01 0.1416100000D+01 0.3152800000D+01 0.4335800000D+01 0.5720000000D-01 0.3890000000D-02 0.2344680000D+02 0.2697000000D-01 0.0000000000D+00 0.1016000000D+00 0.2229204000D+01 0.3322900000D+01 0.0000000000D+00 0.4914900000D+01
2 4220120928201210142456198.5 0.2231000000D+01 0.2930000000D-01 0.1992400000D+03 0.6334700000D+00 0.6576000000D-02 0.9067000000D+00 0.4902843000D+01 0.4823100000D+01 0.4182000000D+00 0.4627700000D+01 0.1190000000D+00 0.5160000000D-02 0.2362440000D+02 0.8185000000D-01 0.0000000000D+00 0.1068000000D+00 0.5421538000D+01 0.5491000000D+01 0.0000000000D+00 0.5079200000D+01
2 4320121014201210302456214.5 0.2676700000D+01 0.2219000000D-01 0.2089761000D+03 0.6134000000D+00 0.6589000000D-02 0.9723000000D+00 0.1799384000D+01 0.2054700000D+01 0.3966100000D+01 0.4928900000D+01 0.1891000000D+00 0.5310000000D-02 0.2491840000D+02 0.1554100000D+00 0.0000000000D+00 0.1233000000D+00 0.2317652000D+01 0.2208000000D+01 0.0000000000D+00 0.5489500000D+01
2 4420121030201211152456230.5 0.3024600000D+01 0.1191000000D-01 0.2175392000D+03 0.5689400000D+00 0.8259000000D-02 0.1026600000D+01 0.4993404000D+01 0.5619200000D+01 0.1210100000D+01 0.5227600000D+01 0.2760000000D+00 0.6330000000D-02 0.2740580000D+02 0.2122300000D+00 0.0000000000D+00 0.1335000000D+00 0.5483251000D+01 0.5345000000D+01 0.0000000000D+00 0.5673500000D+01
2 4520121115201212012456246.5 0.3224700000D+01 0.2470000000D-02 0.2232194000D+03 0.5612700000D+00 0.1029700000D-01 0.1073500000D+01 0.1915581000D+01 0.2974700000D+01 0.4919000000D+01 0.5535400000D+01 0.3712000000D+00 0.6030000000D-02 0.3082230000D+02 0.2298600000D+00 0.0000000000D+00 0.1548000000D+00 0.2360425000D+01 0.2248300000D+01 0.0000000000D+00 0.5953700000D+01
2 4620121201201212172456262.5 0.3280100000D+01-0.8140000000D-02 0.2252175000D+03 0.5398200000D+00 0.8922000000D-02 0.1094900000D+01 0.5127989000D+01 0.4821000000D+00 0.2220700000D+01 0.5841500000D+01 0.4652000000D+00 0.3910000000D-02 0.3455250000D+02 0.1892500000D+00 0.0000000000D+00 0.1823000000D+00 0.5524485000D+01 0.5459800000D+01 0.0000000000D+00 0.6232100000D+01
2 4720121217201301022456278.5 0.3179900000D+01-0.1847000000D-01 0.2225752000D+03 0.5630400000D+00 0.8617000000D-02 0.1090100000D+01 0.2057111000D+01 0.4188100000D+01 0.5813300000D+01 0.6123500000D+01 0.5401000000D+00 0.2030000000D-02 0.3763800000D+02 0.1025300000D+00 0.0000000000D+00 0.1819000000D+00 0.2412276000D+01 0.2383300000D+01 0.0000000000D+00 0.1646000000D+00
3 4820111231201201172455926.5 0.6581000000D+00 0.1830000000D-02 0.3024745000D+03 0.1032180000D+01 0.7833000000D-02 0.2508000000D+00 0.5828607000D+01 0.2803600000D+01 0.4689500000D+01 0.1120500000D+01 0.2211000000D+00 0.1000000000D-03 0.1228769000D+03 0.4684100000D+00 0.0000000000D+00 0.9660000000D-01 0.5977042000D+01 0.3072000000D+01 0.0000000000D+00 0.1397500000D+01
3 4920120117201202032455943.5 0.7449000000D+00 0.6720000000D-02 0.2859821000D+03 0.1008020000D+01 0.6129000000D-02 0.2724000000D+00 0.1894153000D+01 0.5439100000D+01 0.9029000000D+00 0.5644800000D+01 0.2689000000D+00 0.2830000000D-02 0.1151387000D+03 0.5136000000D+00 0.0000000000D+00 0.1138000000D+00 0.2040064000D+01 0.5558100000D+01 0.0000000000D+00 0.5766700000D+01
3 5020120203201202202455960.5 0.8576000000D+00-0.6200000000D-02 0.2713039000D+03 0.9867100000D+00 0.4872000000D-02 0.2868000000D+00 0.4226961000D+01 0.1732700000D+01 0.3384100000D+01 0.4104700000D+01 0.3044000000D+00-0.2310000000D-02 0.1070698000D+03 0.5255600000D+00 0.0000000000D+00 0.1083000000D+00 0.4372881000D+01 0.1697100000D+01 0.0000000000D+00 0.4242000000D+01
3 5120120220201203082455977.5 0.7307000000D+00 0.2550000000D-02 0.2591959000D+03 0.9932900000D+00 0.5044000000D-02 0.2704000000D+00 0.2636860000D+00 0.4250900000D+01 0.6138300000D+01 0.2428800000D+01 0.2608000000D+00 0.3200000000D-03 0.9917190000D+02 0.5188800000D+00 0.0000000000D+00 0.9770000000D-01 0.4119910000D+00 0.4074200000D+01 0.0000000000D+00 0.2567600000D+01
3 5220120308201203252455994.5 0.8223000000D+00 0.5520000000D-02 0.2495980000D+03 0.9729800000D+00 0.2824000000D-02 0.3063000000D+00 0.2573764000D+01 0.4957000000D+00 0.2281600000D+01 0.7460000000D+00 0.2725000000D+00 0.1490000000D-02 0.9162230000D+02 0.5005600000D+00 0.0000000000D+00 0.1063000000D+00 0.2726993000D+01 0.1394000000D+00 0.0000000000D+00 0.9412000000D+00
3 5320120325201204112456011.5 0.8956000000D+00-0.6560000000D-02 0.2427862000D+03 0.9621200000D+00 0.2543000000D-02 0.3165000000D+00 0.4876214000D+01 0.2962600000D+01 0.4647500000D+01 0.5502300000D+01 0.3059000000D+00-0.2870000000D-02 0.8448500000D+02 0.4734600000D+00 0.0000000000D+00 0.1113000000D+00 0.5036952000D+01 0.2453800000D+01 0.0000000000D+00 0.5636500000D+01
3 5420120411201204282456028.5 0.7677000000D+00 0.2670000000D-02 0.2385711000D+03 0.9568700000D+00 0.3269000000D-02 0.3098000000D+00 0.8905830000D+00 0.5395700000D+01 0.6990000000D+00 0.3839400000D+01 0.2359000000D+00 0.1100000000D-03 0.7777040000D+02 0.4453200000D+00 0.0000000000D+00 0.8630000000D-01 0.1061506000D+01 0.4740300000D+01 0.0000000000D+00 0.4013900000D+01
3 5520120428201205152456045.5 0.8550000000D+00 0.1930000000D-02 0.2366265000D+03 0.9665000000D+00 0.1749000000D-02 0.3454000000D+00 0.3185627000D+01 0.1575800000D+01 0.3259000000D+01 0.2194700000D+01 0.2504000000D+00-0.5600000000D-03 0.7139130000D+02 0.4158700000D+00 0.0000000000D+00 0.1030000000D+00 0.3370026000D+01 0.7323000000D+00 0.0000000000D+00 0.2513800000D+01
3 5620120515201206012456062.5 0.8532000000D+00-0.8000000000D-02 0.2370775000D+03 0.9688600000D+00 0.2287000000D-02 0.3612000000D+00 0.5479488000D+01 0.3993300000D+01 0.5534100000D+01 0.6727000000D+00 0.2479000000D+00-0.2830000000D-02 0.6528390000D+02 0.3809400000D+00 0.0000000000D+00 0.9880000000D-01 0.5681130000D+01 0.2990000000D+01 0.0000000000D+00 0.8132000000D+00
3 5720120601201206182456079.5 0.7069000000D+00 0.2510000000D-02 0.2397085000D+03 0.9663900000D+00 0.2659000000D-02 0.3529000000D+00 0.1490763000D+01 0.1330000000D+00 0.1358900000D+01 0.5307500000D+01 0.1705000000D+00-0.2600000000D-03 0.5948440000D+02 0.3464600000D+00 0.0000000000D+00 0.7800000000D-01 0.1713570000D+01 0.5218100000D+01 0.0000000000D+00 0.5649100000D+01
3 5820120618201207052456096.5 0.7907000000D+00-0.2260000000D-02 0.2444379000D+03 0.9884800000D+00 0.1997000000D-02 0.3992000000D+00 0.3787699000D+01 0.2576000000D+01 0.3960100000D+01 0.3683600000D+01 0.1866000000D+00-0.1570000000D-02 0.5401120000D+02 0.3146100000D+00 0.0000000000D+00 0.9610000000D-01 0.4037472000D+01 0.1158200000D+01 0.0000000000D+00 0.3957100000D+01
3 5920120705201207222456113.5 0.7061000000D+00-0.8790000000D-02 0.2514566000D+03 0.9961700000D+00 0.3543000000D-02 0.4174000000D+00 0.6088546000D+01 0.4994800000D+01 0.1160000000D+00 0.2163200000D+01 0.1623000000D+00-0.2090000000D-02 0.4887390000D+02 0.2757400000D+00 0.0000000000D+00 0.6900000000D-01 0.8930900000D-01 0.3384900000D+01 0.0000000000D+00 0.2362800000D+01
3 6020120722201208082456130.5 0.5516000000D+00 0.3440000000D-02 0.2605852000D+03 0.1009730000D+01 0.3389000000D-02 0.4113000000D+00 0.2111693000D+01 0.1180000000D+01 0.2568400000D+01 0.5483000000D+00 0.9710000000D-01 0.6000000000D-04 0.4421000000D+02 0.2279600000D+00 0.0000000000D+00 0.7330000000D-01 0.2436772000D+01 0.5587500000D+01 0.0000000000D+00 0.9797000000D+00
3 6120120808201208252456147.5 0.6454000000D+00-0.4050000000D-02 0.2720051000D+03 0.1028450000D+01 0.3955000000D-02 0.4614000000D+00 0.4425701000D+01 0.3662000000D+01 0.5266500000D+01 0.5220400000D+01 0.1174000000D+00-0.1430000000D-02 0.4029930000D+02 0.1753700000D+00 0.0000000000D+00 0.6420000000D-01 0.4798797000D+01 0.1489500000D+01 0.0000000000D+00 0.5361300000D+01
3 6220120825201209112456164.5 0.5192000000D+00-0.7930000000D-02 0.2856936000D+03 0.1017060000D+01 0.6247000000D-02 0.4790000000D+00 0.4662730000D+00 0.6160000000D+01 0.1399000000D+01 0.3720700000D+01 0.1039000000D+00-0.8800000000D-03 0.3737520000D+02 0.1031300000D+00 0.0000000000D+00 0.5380000000D-01 0.8923650000D+00 0.3642700000D+01 0.0000000000D+00 0.4411400000D+01
3 6320120911201209282456181.5 0.3792000000D+00 0.7910000000D-02 0.3011114000D+03 0.1044220000D+01 0.7381000000D-02 0.4758000000D+00 0.2802204000D+01 0.2445200000D+01 0.4304400000D+01 0.2127700000D+01 0.4060000000D-01 0.8500000000D-03 0.3573300000D+02 0.3094000000D-01 0.0000000000D+00 0.6590000000D-01 0.3276027000D+01 0.4470100000D+01 0.0000000000D+00 0.2395900000D+01
3 6420120928201210152456198.5 0.5293000000D+00-0.2280000000D-02 0.3179006000D+03 0.1015300000D+01 0.9053000000D-02 0.5261000000D+00 0.5152420000D+01 0.5064900000D+01 0.6969000000D+00 0.5545000000D+00 0.9110000000D-01-0.8800000000D-03 0.3585970000D+02 0.1305600000D+00 0.0000000000D+00 0.3000000000D-01 0.5653169000D+01 0.5692800000D+01 0.0000000000D+00 0.1203400000D+01
3 6520121015201211012456215.5 0.4173000000D+00-0.4970000000D-02 0.3344628000D+03 0.9575100000D+00 0.1050700000D-01 0.5321000000D+00 0.1235324000D+01 0.1493500000D+01 0.3366100000D+01 0.5384400000D+01 0.7570000000D-01-0.8000000000D-04 0.3808900000D+02 0.2492800000D+00 0.0000000000D+00 0.8170000000D-01 0.1733739000D+01 0.1618200000D+01 0.0000000000D+00 0.6133300000D+01
3 6620121101201211182456232.5 0.3196000000D+00 0.1381000000D-01 0.3484494000D+03 0.9133500000D+00 0.1470100000D-01 0.5036000000D+00 0.3617738000D+01 0.4258100000D+01 0.6200700000D+01 0.3834800000D+01 0.3740000000D-01 0.1890000000D-02 0.4239750000D+02 0.3447800000D+00 0.0000000000D+00 0.6940000000D-01 0.4084308000D+01 0.3945600000D+01 0.0000000000D+00 0.4149000000D+01
3 6720121118201212052456249.5 0.5611000000D+00-0.1120000000D-02 0.3574391000D+03 0.8661900000D+00 0.1532700000D-01 0.5311000000D+00 0.6012787000D+01 0.9045000000D+00 0.2778400000D+01 0.2296800000D+01 0.7700000000D-01 0.3300000000D-03 0.4834130000D+02 0.3588000000D+00 0.0000000000D+00 0.7750000000D-01 0.1468540000D+00 0.5690000000D-01 0.0000000000D+00 0.2593000000D+01
3 6820121205201212222456266.5 0.4474000000D+00-0.1240000000D-02 0.3590251000D+03 0.8932600000D+00 0.1480900000D-01 0.4920000000D+00 0.2131404000D+01 0.3881400000D+01 0.5662200000D+01 0.8676000000D+00 0.9800000000D-01-0.1300000000D-02 0.5458250000D+02 0.2704200000D+00 0.0000000000D+00 0.4920000000D-01 0.2500029000D+01 0.2456900000D+01 0.0000000000D+00 0.1340400000D+01
3 6920121222201301082456283.5 0.4158000000D+00 0.1048000000D-01 0.3525850000D+03 0.9237000000D+00 0.1355200000D-01 0.4170000000D+00 0.4532130000D+01 0.5075000000D+00 0.2115700000D+01 0.5544500000D+01 0.6180000000D-01 0.3440000000D-02 0.5923590000D+02 0.1161200000D+00 0.0000000000D+00 0.1008000000D+00 0.4861323000D+01 0.4818700000D+01 0.0000000000D+00 0.6246900000D+01
4 7020111231201201182455926.5 0.4596400000D+01-0.1874700000D+00 0.5345741000D+03 0.1939080000D+01 0.0000000000D+00 0.1343900000D+01 0.4206267000D+01 0.1306000000D+01 0.0000000000D+00 0.2909500000D+01 0.1438000000D+01-0.5874000000D-01 0.2137768000D+03 0.8717200000D+00 0.0000000000D+00 0.5259000000D+00 0.4347915000D+01 0.1423400000D+01 0.0000000000D+00 0.3031700000D+01
4 7120120118201202052455944.5 0.3608600000D+01-0.1197300000D+00 0.5032021000D+03 0.1867960000D+01 0.0000000000D+00 0.1299900000D+01 0.4684593000D+01 0.2038800000D+01 0.0000000000D+00 0.3865800000D+01 0.1141400000D+01-0.4068000000D-01 0.1992608000D+03 0.9275500000D+00 0.0000000000D+00 0.4976000000D+00 0.4823702000D+01 0.2043000000D+01 0.0000000000D+00 0.4004800000D+01
4 7220120205201202232455962.5 0.2460900000D+01 0.8860000000D-02 0.4754319000D+03 0.1783000000D+01 0.0000000000D+00 0.1284700000D+01 0.5146588000D+01 0.2765800000D+01 0.0000000000D+00 0.4763700000D+01 0.7660000000D+00 0.7200000000D-03 0.1841852000D+03 0.9240700000D+00 0.0000000000D+00 0.4796000000D+00 0.5285560000D+01 0.2621100000D+01 0.0000000000D+00 0.4926400000D+01
4 7320120223201203122455980.5 0.2038000000D+01 0.7772000000D-01 0.4532774000D+03 0.1776380000D+01 0.0000000000D+00 0.1215400000D+01 0.5594223000D+01 0.3441200000D+01 0.0000000000D+00 0.5703400000D+01 0.6511000000D+00 0.1946000000D-01 0.1696709000D+03 0.9075600000D+00 0.0000000000D+00 0.4434000000D+00 0.5735503000D+01 0.3145900000D+01 0.0000000000D+00 0.5890200000D+01
4 7420120312201203302455998.5 0.2239900000D+01 0.8130000000D-01 0.4365204000D+03 0.1759820000D+01 0.0000000000D+00 0.1194600000D+01 0.6029847000D+01 0.4055100000D+01 0.0000000000D+00 0.3511000000D+00 0.7640000000D+00 0.1160000000D-01 0.1558425000D+03 0.8645500000D+00 0.0000000000D+00 0.4232000000D+00 0.6176022000D+01 0.3613100000D+01 0.0000000000D+00 0.5416000000D+00
4 7520120330201204172456016.5 0.2871200000D+01 0.4164000000D-01 0.4248675000D+03 0.1718110000D+01 0.0000000000D+00 0.1228400000D+01 0.1739450000D+00 0.4638000000D+01 0.0000000000D+00 0.1264000000D+01 0.9721000000D+00-0.8510000000D-02 0.1427550000D+03 0.8032600000D+00 0.0000000000D+00 0.4104000000D+00 0.3279890000D+00 0.4043100000D+01 0.0000000000D+00 0.1452700000D+01
4 7620120417201205052456034.5 0.3316500000D+01 0.1588000000D-01 0.4182023000D+03 0.1708170000D+01 0.0000000000D+00 0.1219100000D+01 0.5970510000D+00 0.5215300000D+01 0.0000000000D+00 0.2192500000D+01 0.1122300000D+01-0.2725000000D-01 0.1304062000D+03 0.7364900000D+00 0.0000000000D+00 0.3743000000D+00 0.7619060000D+00 0.4459000000D+01 0.0000000000D+00 0.2385400000D+01
4 7720120505201205232456052.5 0.3400600000D+01 0.2614000000D-01 0.4164626000D+03 0.1716780000D+01 0.0000000000D+00 0.1250300000D+01 0.1017684000D+01 0.5770000000D+01 0.0000000000D+00 0.3109300000D+01 0.1126100000D+01-0.3499000000D-01 0.1187919000D+03 0.6740900000D+00 0.0000000000D+00 0.3466000000D+00 0.1197015000D+01 0.4855700000D+01 0.0000000000D+00 0.3319100000D+01
4 7820120523201206102456070.5 0.3670200000D+01 0.2823000000D-01 0.4190328000D+03 0.1734690000D+01 0.0000000000D+00 0.1309700000D+01 0.1437900000D+01 0.4130000000D-01 0.0000000000D+00 0.4036200000D+01 0.1116400000D+01-0.4039000000D-01 0.1077712000D+03 0.6137000000D+00 0.0000000000D+00 0.3262000000D+00 0.1636125000D+01 0.5240700000D+01 0.0000000000D+00 0.4274900000D+01
4 7920120610201206282456088.5 0.4109100000D+01 0.4850000000D-02 0.4257516000D+03 0.1769520000D+01 0.0000000000D+00 0.1341900000D+01 0.1859955000D+01 0.6071000000D+00 0.0000000000D+00 0.4978900000D+01 0.1003800000D+01-0.3734000000D-01 0.9738020000D+02 0.5579500000D+00 0.0000000000D+00 0.2950000000D+00 0.2081365000D+01 0.5601900000D+01 0.0000000000D+00 0.5227000000D+01
4 8020120628201207162456106.5 0.4635700000D+01-0.2398000000D-01 0.4368412000D+03 0.1828860000D+01 0.0000000000D+00 0.1434100000D+01 0.2285801000D+01 0.1173600000D+01 0.0000000000D+00 0.5909100000D+01 0.8347000000D+00-0.2693000000D-01 0.8761860000D+02 0.4993800000D+00 0.0000000000D+00 0.2654000000D+00 0.2535857000D+01 0.5945300000D+01 0.0000000000D+00 0.6186200000D+01
4 8120120716201208032456124.5 0.5127800000D+01-0.5492000000D-01 0.4522564000D+03 0.1876700000D+01 0.0000000000D+00 0.1532600000D+01 0.2716458000D+01 0.1756700000D+01 0.0000000000D+00 0.5695000000D+00 0.6904000000D+00-0.1832000000D-01 0.7861180000D+02 0.4251400000D+00 0.0000000000D+00 0.2410000000D+00 0.3003094000D+01 0.6279600000D+01 0.0000000000D+00 0.9402000000D+00
4 8220120803201208212456142.5 0.5173600000D+01-0.4505000000D-01 0.4720905000D+03 0.1888280000D+01 0.0000000000D+00 0.1594300000D+01 0.3154008000D+01 0.2367900000D+01 0.0000000000D+00 0.1531400000D+01 0.6301000000D+00-0.2023000000D-01 0.7083640000D+02 0.3347400000D+00 0.0000000000D+00 0.2260000000D+00 0.3487171000D+01 0.3551000000D+00 0.0000000000D+00 0.1978000000D+01
4 8320120821201209082456160.5 0.4740400000D+01 0.2952000000D-01 0.4958377000D+03 0.1898480000D+01 0.0000000000D+00 0.1743200000D+01 0.3601337000D+01 0.3045200000D+01 0.0000000000D+00 0.2508500000D+01 0.5615000000D+00-0.2155000000D-01 0.6478490000D+02 0.2110700000D+00 0.0000000000D+00 0.2288000000D+00 0.3987336000D+01 0.7293000000D+00 0.0000000000D+00 0.2991000000D+01
4 8420120908201209262456178.5 0.4114900000D+01 0.1480800000D+00 0.5232769000D+03 0.1932920000D+01 0.0000000000D+00 0.1909600000D+01 0.4061696000D+01 0.3788900000D+01 0.0000000000D+00 0.3495400000D+01 0.3912000000D+00-0.1066000000D-01 0.6109690000D+02 0.3683000000D-01 0.0000000000D+00 0.2414000000D+00 0.4498295000D+01 0.8602000000D+00 0.0000000000D+00 0.3963000000D+01
4 8520120926201210142456196.5 0.3954300000D+01 0.2384000000D+00 0.5539144000D+03 0.1948050000D+01 0.0000000000D+00 0.1985000000D+01 0.4538569000D+01 0.4559300000D+01 0.0000000000D+00 0.4484300000D+01 0.2640000000D-01 0.2761000000D-01 0.6057100000D+02 0.2066500000D+00 0.0000000000D+00 0.2441000000D+00 0.5010643000D+01 0.4816100000D+01 0.0000000000D+00 0.4847400000D+01
4 8620121014201211012456214.5 0.5812000000D+01 0.1204200000D+00 0.5860352000D+03 0.1763140000D+01 0.0000000000D+00 0.2121900000D+01 0.5031850000D+01 0.5439200000D+01 0.0000000000D+00 0.5540700000D+01-0.1310000000D+00 0.5805000000D-01 0.6420000000D+02 0.4514600000D+00 0.0000000000D+00 0.2488000000D+00 0.5507436000D+01 0.5261700000D+01 0.0000000000D+00 0.5825300000D+01
4 8720121101201211192456232.5 0.8566500000D+01-0.1692800000D+00 0.6135513000D+03 0.1656470000D+01 0.0000000000D+00 0.2262600000D+01 0.5541846000D+01 0.2548000000D+00 0.0000000000D+00 0.2998000000D+00 0.2681000000D+00 0.3461000000D-01 0.7206030000D+02 0.6122500000D+00 0.0000000000D+00 0.2790000000D+00 0.5982660000D+01 0.5820400000D+01 0.0000000000D+00 0.5924000000D+00
4 8820121119201212072456250.5 0.9385500000D+01-0.3274000000D+00 0.6297062000D+03 0.1766480000D+01 0.0000000000D+00 0.2182200000D+01 0.6068980000D+01 0.1324000000D+01 0.0000000000D+00 0.1314200000D+01 0.9846000000D+00-0.3522000000D-01 0.8282600000D+02 0.6387600000D+00 0.0000000000D+00 0.3097000000D+00 0.1705880000D+00 0.1761000000D+00 0.0000000000D+00 0.1599900000D+01
4 8920121207201212252456268.5 0.7137700000D+01-0.1548600000D+00 0.6320629000D+03 0.1711840000D+01 0.0000000000D+00 0.2135300000D+01 0.3237970000D+00 0.2395500000D+01 0.0000000000D+00 0.2382900000D+01 0.1110500000D+01-0.5596000000D-01 0.9417120000D+02 0.4781600000D+00 0.0000000000D+00 0.3500000000D+00 0.6560910000D+00 0.7987000000D+00 0.0000000000D+00 0.2676300000D+01
4 9020121225201301122456286.5 0.4792300000D+01 0.7347000000D-01 0.6191902000D+03 0.1813850000D+01 0.0000000000D+00 0.2044800000D+01 0.8578450000D+00 0.3461400000D+01 0.0000000000D+00 0.3390700000D+01 0.6570000000D+00-0.1241000000D-01 0.1026045000D+03 0.1559100000D+00 0.0000000000D+00 0.3841000000D+00 0.1150844000D+01 0.1579700000D+01 0.0000000000D+00 0.3669700000D+01
