 5 4    2   25   48   70  3.5516  1.7693  0.8782  0.3765 16.0 16.0 17.0 18.0   90 2454831.5000 2009                                                                                                                                                                                                                                                                              
1  220081231200901162454831.5 0.1913000000D+00-0.1038000000D-01 0.9371750000D+02 0.4036800000D+00 0.7020000000D-03 0.2133000000D+00 0.5570668000D+01 0.3730400000D+01 0.5895900000D+01 0.1491400000D+01 0.3520000000D-01-0.2170000000D-02 0.2243320000D+02 0.1505100000D+00 0.0000000000D+00 0.5320000000D-01 0.5496860000D+01 0.4953100000D+01 0.0000000000D+00 0.1417000000D+01
1  320090116200902012454847.5 0.3530000000D-01-0.1014000000D-01 0.9236420000D+02 0.3924100000D+00 0.8060000000D-03 0.1973000000D+00 0.5780638000D+01 0.4057700000D+01 0.6167200000D+01 0.2126300000D+01 0.3000000000D-03-0.2660000000D-02 0.2452140000D+02 0.1612200000D+00 0.0000000000D+00 0.5450000000D-01 0.5722510000D+01 0.5141700000D+01 0.0000000000D+00 0.2069200000D+01
1  420090201200902172454863.5-0.1296000000D+00-0.8160000000D-02 0.9181480000D+02 0.3814900000D+00 0.9510000000D-03 0.2005000000D+00 0.5990698000D+01 0.4390400000D+01 0.9950000000D-01 0.2883300000D+01-0.4450000000D-01-0.2610000000D-02 0.2671230000D+02 0.1704500000D+00 0.0000000000D+00 0.6020000000D-01 0.5946146000D+01 0.5343500000D+01 0.0000000000D+00 0.2847200000D+01
1  520090217200903052454879.5-0.2895000000D+00-0.5340000000D-02 0.9207030000D+02 0.3701700000D+00 0.1205000000D-02 0.2160000000D+00 0.6202315000D+01 0.4731900000D+01 0.2229000000D+00 0.3512500000D+01-0.9530000000D-01-0.2150000000D-02 0.2899720000D+02 0.1785300000D+00 0.0000000000D+00 0.7070000000D-01 0.6169670000D+01 0.5564200000D+01 0.0000000000D+00 0.3488900000D+01
1  620090305200903212454895.5-0.4236000000D+00-0.3410000000D-02 0.9313870000D+02 0.3590600000D+00 0.1282000000D-02 0.2048000000D+00 0.1337480000D+00 0.5102100000D+01 0.4184000000D+00 0.4163500000D+01-0.1446000000D+00-0.1750000000D-02 0.3138440000D+02 0.1847000000D+00 0.0000000000D+00 0.7140000000D-01 0.1116070000D+00 0.5809800000D+01 0.0000000000D+00 0.4140900000D+01
1  720090321200904062454911.5-0.5258000000D+00-0.2150000000D-02 0.9505420000D+02 0.3524700000D+00 0.1423000000D-02 0.2120000000D+00 0.3531260000D+00 0.5493000000D+01 0.7579000000D+00 0.4926800000D+01-0.1878000000D+00-0.1380000000D-02 0.3388360000D+02 0.1887400000D+00 0.0000000000D+00 0.7720000000D-01 0.3402510000D+00 0.6083200000D+01 0.0000000000D+00 0.4913600000D+01
1  820090406200904222454927.5-0.6041000000D+00-0.6000000000D-04 0.9784660000D+02 0.3501100000D+00 0.1684000000D-02 0.2255000000D+00 0.5789120000D+00 0.5901800000D+01 0.1150100000D+01 0.5570700000D+01-0.2254000000D+00-0.5300000000D-03 0.3650520000D+02 0.1903000000D+00 0.0000000000D+00 0.8570000000D-01 0.5742660000D+00 0.1023000000D+00 0.0000000000D+00 0.5571600000D+01
1  920090422200905082454943.5-0.6575000000D+00 0.2900000000D-02 0.1015215000D+03 0.3511600000D+00 0.2088000000D-02 0.2110000000D+00 0.8127940000D+00 0.4780000000D-01 0.1559300000D+01 0.6251700000D+01-0.2555000000D+00 0.8400000000D-03 0.3924650000D+02 0.1889000000D+00 0.0000000000D+00 0.8350000000D-01 0.8154210000D+00 0.4388000000D+00 0.0000000000D+00 0.6259400000D+01
1 1020090508200905242454959.5-0.6706000000D+00 0.4890000000D-02 0.1060296000D+03 0.3552900000D+00 0.2464000000D-02 0.2213000000D+00 0.1056446000D+01 0.5079000000D+00 0.1995900000D+01 0.7703000000D+00-0.2698000000D+00 0.1970000000D-02 0.4207390000D+02 0.1835000000D+00 0.0000000000D+00 0.8990000000D-01 0.1065489000D+01 0.8153000000D+00 0.0000000000D+00 0.7647000000D+00
1 1120090524200906092454975.5-0.6367000000D+00 0.5110000000D-02 0.1112718000D+03 0.3638500000D+00 0.2886000000D-02 0.2353000000D+00 0.1311473000D+01 0.1002600000D+01 0.2560600000D+01 0.1423500000D+01-0.2640000000D+00 0.2430000000D-02 0.4492290000D+02 0.1716200000D+00 0.0000000000D+00 0.9470000000D-01 0.1326005000D+01 0.1248000000D+01 0.0000000000D+00 0.1405800000D+01
1 1220090609200906252454991.5-0.5717000000D+00 0.5380000000D-02 0.1170351000D+03 0.3716000000D+00 0.3314000000D-02 0.2133000000D+00 0.1579359000D+01 0.1536100000D+01 0.3183100000D+01 0.2173600000D+01-0.2420000000D+00 0.2690000000D-02 0.4765960000D+02 0.1511400000D+00 0.0000000000D+00 0.8330000000D-01 0.1598501000D+01 0.1763000000D+01 0.0000000000D+00 0.2182900000D+01
1 1320090625200907112455007.5-0.4902000000D+00 0.6830000000D-02 0.1229184000D+03 0.3772900000D+00 0.3843000000D-02 0.2273000000D+00 0.1861004000D+01 0.2110200000D+01 0.3916400000D+01 0.3040400000D+01-0.2077000000D+00 0.3000000000D-02 0.5006170000D+02 0.1238600000D+00 0.0000000000D+00 0.9150000000D-01 0.1883716000D+01 0.2429600000D+01 0.0000000000D+00 0.3089900000D+01
1 1420090711200907272455023.5-0.3854000000D+00 0.7760000000D-02 0.1283137000D+03 0.3723100000D+00 0.4635000000D-02 0.2328000000D+00 0.2156127000D+01 0.2717200000D+01 0.4639500000D+01 0.3770800000D+01-0.1596000000D+00 0.2720000000D-02 0.5180650000D+02 0.1058900000D+00 0.0000000000D+00 0.9660000000D-01 0.2181001000D+01 0.3336200000D+01 0.0000000000D+00 0.3786200000D+01
1 1520090727200908122455039.5-0.2497000000D+00 0.6720000000D-02 0.1324709000D+03 0.3464000000D+00 0.5076000000D-02 0.2136000000D+00 0.2462344000D+01 0.3387800000D+01 0.5339800000D+01 0.4668800000D+01-0.9900000000D-01 0.1700000000D-02 0.5255060000D+02 0.1161500000D+00 0.0000000000D+00 0.8370000000D-01 0.2487847000D+01 0.4324200000D+01 0.0000000000D+00 0.4619700000D+01
1 1620090812200908282455055.5-0.1008000000D+00 0.5490000000D-02 0.1346354000D+03 0.3145200000D+00 0.5137000000D-02 0.2358000000D+00 0.2774536000D+01 0.4160400000D+01 0.6099000000D+01 0.5526500000D+01-0.3880000000D-01 0.1160000000D-02 0.5209040000D+02 0.1423400000D+00 0.0000000000D+00 0.8460000000D-01 0.2799316000D+01 0.5116000000D+01 0.0000000000D+00 0.5518900000D+01
1 1720090828200909132455071.5 0.3950000000D-01 0.5760000000D-02 0.1343369000D+03 0.2991200000D+00 0.5284000000D-02 0.2197000000D+00 0.3086342000D+01 0.5011500000D+01 0.5647000000D+00 0.1690000000D-01 0.1120000000D-01 0.1770000000D-02 0.5052080000D+02 0.1595400000D+00 0.0000000000D+00 0.7980000000D-01 0.3109383000D+01 0.5751400000D+01 0.0000000000D+00 0.6330000000D-01
1 1820090913200909292455087.5 0.1779000000D+00 0.5670000000D-02 0.1316224000D+03 0.3114300000D+00 0.5106000000D-02 0.2209000000D+00 0.3391237000D+01 0.5857300000D+01 0.1205700000D+01 0.9448000000D+00 0.5690000000D-01 0.2400000000D-02 0.4823830000D+02 0.1592200000D+00 0.0000000000D+00 0.8240000000D-01 0.3411813000D+01 0.3320000000D-01 0.0000000000D+00 0.9446000000D+00
1 1920090929200910152455103.5 0.3220000000D+00 0.3610000000D-02 0.1270112000D+03 0.3459200000D+00 0.4333000000D-02 0.2370000000D+00 0.3684107000D+01 0.3280000000D+00 0.1788300000D+01 0.1651000000D+01 0.1054000000D+00 0.2090000000D-02 0.4574070000D+02 0.1442200000D+00 0.0000000000D+00 0.8430000000D-01 0.3701942000D+01 0.5854000000D+00 0.0000000000D+00 0.1614000000D+01
1 2020091015200910312455119.5 0.4524000000D+00 0.1180000000D-02 0.1212716000D+03 0.3872300000D+00 0.3464000000D-02 0.2118000000D+00 0.3962024000D+01 0.9513000000D+00 0.2363500000D+01 0.2370300000D+01 0.1519000000D+00 0.1380000000D-02 0.4344070000D+02 0.1254900000D+00 0.0000000000D+00 0.7210000000D-01 0.3977620000D+01 0.1167100000D+01 0.0000000000D+00 0.2356100000D+01
1 2120091031200911162455135.5 0.5444000000D+00 0.3200000000D-03 0.1151199000D+03 0.4176500000D+00 0.2588000000D-02 0.2162000000D+00 0.4224328000D+01 0.1476000000D+01 0.2908700000D+01 0.3201600000D+01 0.1886000000D+00 0.1040000000D-02 0.4156530000D+02 0.1133900000D+00 0.0000000000D+00 0.7580000000D-01 0.4238765000D+01 0.1784500000D+01 0.0000000000D+00 0.3237400000D+01
1 2220091116200912022455151.5 0.5997000000D+00-0.1000000000D-04 0.1091528000D+03 0.4365400000D+00 0.1913000000D-02 0.2233000000D+00 0.4472097000D+01 0.1927500000D+01 0.3503900000D+01 0.3835100000D+01 0.2154000000D+00 0.8200000000D-03 0.4019420000D+02 0.1131100000D+00 0.0000000000D+00 0.8270000000D-01 0.4486850000D+01 0.2376700000D+01 0.0000000000D+00 0.3877600000D+01
1 2320091202200912182455167.5 0.6300000000D+00-0.1650000000D-02 0.1037286000D+03 0.4408100000D+00 0.1532000000D-02 0.2008000000D+00 0.4707297000D+01 0.2326300000D+01 0.4012000000D+01 0.4530300000D+01 0.2354000000D+00 0.1400000000D-03 0.3930450000D+02 0.1214300000D+00 0.0000000000D+00 0.7820000000D-01 0.4723942000D+01 0.2875100000D+01 0.0000000000D+00 0.4567400000D+01
1 2420091218201001032455183.5 0.6306000000D+00-0.3910000000D-02 0.9904270000D+02 0.4366500000D+00 0.1187000000D-02 0.2053000000D+00 0.4932497000D+01 0.2699400000D+01 0.4494200000D+01 0.5294300000D+01 0.2458000000D+00-0.8300000000D-03 0.3882370000D+02 0.1329600000D+00 0.0000000000D+00 0.8310000000D-01 0.4952334000D+01 0.3282100000D+01 0.0000000000D+00 0.5316600000D+01
2 2520081231200901162454831.5-0.6910000000D+00 0.3416000000D-01 0.1493356000D+03 0.6298100000D+00 0.1250000000D-02 0.6683000000D+00 0.1378672000D+01 0.5808400000D+01 0.1533300000D+01 0.2483500000D+01-0.1084000000D+00 0.7670000000D-02 0.3494400000D+02 0.2381900000D+00 0.0000000000D+00 0.1639000000D+00 0.1275189000D+01 0.7687000000D+00 0.0000000000D+00 0.2401400000D+01
2 2620090116200902012454847.5-0.1387000000D+00 0.3576000000D-01 0.1471552000D+03 0.6052000000D+00 0.1250000000D-02 0.6574000000D+00 0.4489143000D+01 0.2760900000D+01 0.4287000000D+01 0.2699000000D+01 0.9200000000D-02 0.9640000000D-02 0.3833220000D+02 0.2562600000D+00 0.0000000000D+00 0.1800000000D+00 0.4403079000D+01 0.3853900000D+01 0.0000000000D+00 0.2609000000D+01
2 2720090201200902172454863.5 0.4234000000D+00 0.3395000000D-01 0.1462661000D+03 0.6137700000D+00 0.1812000000D-02 0.6580000000D+00 0.1316670000D+01 0.6001000000D+01 0.2037700000D+01 0.2927900000D+01 0.1652000000D+00 0.1068000000D-01 0.4189110000D+02 0.2711000000D+00 0.0000000000D+00 0.1965000000D+00 0.1244946000D+01 0.6661000000D+00 0.0000000000D+00 0.2871000000D+01
2 2820090217200903052454879.5 0.9512000000D+00 0.3076000000D-01 0.1466395000D+03 0.5814600000D+00 0.1183000000D-02 0.6632000000D+00 0.4427410000D+01 0.2976200000D+01 0.4579200000D+01 0.3151600000D+01 0.3283000000D+00 0.1097000000D-01 0.4559020000D+02 0.2843900000D+00 0.0000000000D+00 0.2128000000D+00 0.4368795000D+01 0.3785500000D+01 0.0000000000D+00 0.3093500000D+01
2 2920090305200903212454895.5 0.1410600000D+01 0.2711000000D-01 0.1483707000D+03 0.5800400000D+00 0.2250000000D-02 0.6765000000D+00 0.1258398000D+01 0.6217900000D+01 0.1701800000D+01 0.3376300000D+01 0.4968000000D+00 0.1068000000D-01 0.4945690000D+02 0.2950300000D+00 0.0000000000D+00 0.2323000000D+00 0.1210805000D+01 0.6386000000D+00 0.0000000000D+00 0.3338900000D+01
2 3020090321200904062454911.5 0.1795500000D+01 0.2103000000D-01 0.1514026000D+03 0.5669600000D+00 0.2039000000D-02 0.6996000000D+00 0.4376406000D+01 0.3228700000D+01 0.4715300000D+01 0.3613400000D+01 0.6495000000D+00 0.9170000000D-02 0.5348930000D+02 0.3032300000D+00 0.0000000000D+00 0.2534000000D+00 0.4338843000D+01 0.3802500000D+01 0.0000000000D+00 0.3578800000D+01
2 3120090406200904222454927.5 0.2086300000D+01 0.1339000000D-01 0.1558251000D+03 0.5742600000D+00 0.2979000000D-02 0.7279000000D+00 0.1217565000D+01 0.2343000000D+00 0.1913900000D+01 0.3839800000D+01 0.7809000000D+00 0.6460000000D-02 0.5770760000D+02 0.3073100000D+00 0.0000000000D+00 0.2737000000D+00 0.1188568000D+01 0.7126000000D+00 0.0000000000D+00 0.3817100000D+01
2 3220090422200905082454943.5 0.2253000000D+01 0.6300000000D-02 0.1616276000D+03 0.5788700000D+00 0.2755000000D-02 0.7675000000D+00 0.4349282000D+01 0.3577400000D+01 0.5341500000D+01 0.4084400000D+01 0.8698000000D+00 0.3780000000D-02 0.6211870000D+02 0.3041800000D+00 0.0000000000D+00 0.3008000000D+00 0.4328078000D+01 0.3938800000D+01 0.0000000000D+00 0.4069800000D+01
2 3320090508200905242454959.5 0.2306300000D+01-0.1880000000D-02 0.1688132000D+03 0.5736200000D+00 0.4262000000D-02 0.8118000000D+00 0.1207485000D+01 0.6286000000D+00 0.2158400000D+01 0.4338000000D+01 0.9069000000D+00 0.8000000000D-04 0.6665170000D+02 0.2951900000D+00 0.0000000000D+00 0.3207000000D+00 0.1192924000D+01 0.9290000000D+00 0.0000000000D+00 0.4329800000D+01
2 3420090524200906092454975.5 0.2240800000D+01-0.9780000000D-02 0.1771554000D+03 0.5869000000D+00 0.4978000000D-02 0.8646000000D+00 0.4360371000D+01 0.4016000000D+01 0.5705200000D+01 0.4591200000D+01 0.9044000000D+00-0.3400000000D-02 0.7123080000D+02 0.2724400000D+00 0.0000000000D+00 0.3537000000D+00 0.4351396000D+01 0.4255600000D+01 0.0000000000D+00 0.4587700000D+01
2 3520090609200906252454991.5 0.2057200000D+01-0.1652000000D-01 0.1862764000D+03 0.5948500000D+00 0.4954000000D-02 0.9178000000D+00 0.1242641000D+01 0.1189700000D+01 0.2857800000D+01 0.4867200000D+01 0.8247000000D+00-0.6400000000D-02 0.7557840000D+02 0.2410000000D+00 0.0000000000D+00 0.3668000000D+00 0.1238458000D+01 0.1388600000D+01 0.0000000000D+00 0.4860400000D+01
2 3620090625200907112455007.5 0.1771600000D+01-0.2239000000D-01 0.1956817000D+03 0.5961700000D+00 0.6387000000D-02 0.9711000000D+00 0.4422785000D+01 0.4645400000D+01 0.1989000000D+00 0.5154100000D+01 0.7291000000D+00-0.9670000000D-02 0.7940440000D+02 0.1942600000D+00 0.0000000000D+00 0.4007000000D+00 0.4421940000D+01 0.4948600000D+01 0.0000000000D+00 0.5165500000D+01
2 3720090711200907272455023.5 0.1411100000D+01-0.2833000000D-01 0.2042354000D+03 0.5952700000D+00 0.7025000000D-02 0.1022200000D+01 0.1332923000D+01 0.1896900000D+01 0.3842100000D+01 0.5442400000D+01 0.5563000000D+00-0.1106000000D-01 0.8211980000D+02 0.1667300000D+00 0.0000000000D+00 0.3956000000D+00 0.1334333000D+01 0.2467800000D+01 0.0000000000D+00 0.5430400000D+01
2 3820090727200908122455039.5 0.9774000000D+00-0.3204000000D-01 0.2109250000D+03 0.5406700000D+00 0.7872000000D-02 0.1052400000D+01 0.4538440000D+01 0.5472700000D+01 0.1016200000D+01 0.5748800000D+01 0.3955000000D+00-0.1364000000D-01 0.8327320000D+02 0.1828100000D+00 0.0000000000D+00 0.4222000000D+00 0.4540316000D+01 0.1001000000D+00 0.0000000000D+00 0.5758900000D+01
2 3920090812200908282455055.5 0.4824000000D+00-0.3257000000D-01 0.2142826000D+03 0.5380600000D+00 0.9460000000D-02 0.1065600000D+01 0.1466670000D+01 0.2832000000D+01 0.4826700000D+01 0.6048100000D+01 0.1826000000D+00-0.1198000000D-01 0.8250790000D+02 0.2312600000D+00 0.0000000000D+00 0.3923000000D+00 0.1468094000D+01 0.3785600000D+01 0.0000000000D+00 0.6034800000D+01
2 4020090828200909132455071.5-0.1060000000D-01-0.3509000000D-01 0.2138816000D+03 0.4980000000D+00 0.7958000000D-02 0.1052500000D+01 0.4679603000D+01 0.3152000000D+00 0.2125500000D+01 0.6070000000D-01-0.1040000000D-01-0.1315000000D-01 0.7999350000D+02 0.2608700000D+00 0.0000000000D+00 0.3934000000D+00 0.4678654000D+01 0.1020300000D+01 0.0000000000D+00 0.6600000000D-01
2 4120090913200909292455087.5-0.5160000000D+00-0.3446000000D-01 0.2095398000D+03 0.5092500000D+00 0.8390000000D-02 0.1014400000D+01 0.1602716000D+01 0.4009500000D+01 0.5619400000D+01 0.3531000000D+00-0.1864000000D+00-0.1227000000D-01 0.7635400000D+02 0.2592500000D+00 0.0000000000D+00 0.3640000000D+00 0.1598784000D+01 0.4459500000D+01 0.0000000000D+00 0.3330000000D+00
2 4220090929200910152455103.5-0.1010100000D+01-0.3041000000D-01 0.2022056000D+03 0.5551600000D+00 0.5703000000D-02 0.9656000000D+00 0.4797925000D+01 0.1407300000D+01 0.2869400000D+01 0.6238000000D+00-0.3753000000D+00-0.1048000000D-01 0.7235580000D+02 0.2268900000D+00 0.0000000000D+00 0.3429000000D+00 0.4790614000D+01 0.1604000000D+01 0.0000000000D+00 0.6311000000D+00
2 4320091015200910312455119.5-0.1443600000D+01-0.2550000000D-01 0.1930785000D+03 0.6072800000D+00 0.5063000000D-02 0.9087000000D+00 0.1694949000D+01 0.4910600000D+01 0.6275100000D+01 0.8893000000D+00-0.5145000000D+00-0.9620000000D-02 0.6872650000D+02 0.1915600000D+00 0.0000000000D+00 0.3258000000D+00 0.1685504000D+01 0.5073600000D+01 0.0000000000D+00 0.8593000000D+00
2 4420091031200911162455135.5-0.1792700000D+01-0.1931000000D-01 0.1832851000D+03 0.6522500000D+00 0.4181000000D-02 0.8482000000D+00 0.4859972000D+01 0.2046900000D+01 0.3622900000D+01 0.1142200000D+01-0.6553000000D+00-0.7430000000D-02 0.6577430000D+02 0.1643500000D+00 0.0000000000D+00 0.3073000000D+00 0.4849705000D+01 0.2328400000D+01 0.0000000000D+00 0.1154200000D+01
2 4520091116200912022455151.5-0.2044200000D+01-0.1121000000D-01 0.1738003000D+03 0.6762100000D+00 0.3111000000D-02 0.7994000000D+00 0.1727757000D+01 0.5413500000D+01 0.7468000000D+00 0.1376100000D+01-0.7481000000D+00-0.5690000000D-02 0.6366760000D+02 0.1633200000D+00 0.0000000000D+00 0.2964000000D+00 0.1718238000D+01 0.5857400000D+01 0.0000000000D+00 0.1349000000D+01
2 4620091202200912182455167.5-0.2182000000D+01-0.1870000000D-02 0.1650804000D+03 0.6700600000D+00 0.2211000000D-02 0.7474000000D+00 0.4865943000D+01 0.2453100000D+01 0.4017400000D+01 0.1607400000D+01-0.8284000000D+00-0.2310000000D-02 0.6230430000D+02 0.1761400000D+00 0.0000000000D+00 0.2889000000D+00 0.4858830000D+01 0.3016800000D+01 0.0000000000D+00 0.1612800000D+01
2 4720091218201001032455183.5-0.2182500000D+01 0.6430000000D-02 0.1576474000D+03 0.6761200000D+00 0.1755000000D-02 0.7064000000D+00 0.1711012000D+01 0.5737100000D+01 0.1386800000D+01 0.1832100000D+01-0.8506000000D+00 0.4400000000D-03 0.6162600000D+02 0.1973100000D+00 0.0000000000D+00 0.2795000000D+00 0.1707495000D+01 0.5270000000D-01 0.0000000000D+00 0.1823700000D+01
3 4820081231200901172454831.5 0.1830000000D-01-0.4310000000D-02 0.2379035000D+03 0.9936500000D+00 0.1736000000D-02 0.1580000000D-01 0.8516200000D+00 0.5282600000D+01 0.8188000000D+00 0.5372100000D+01 0.2330000000D-01-0.1520000000D-02 0.5686360000D+02 0.3814200000D+00 0.0000000000D+00 0.1380000000D-01 0.7651400000D+00 0.2408000000D+00 0.0000000000D+00 0.4447200000D+01
3 4920090117200902032454848.5-0.2130000000D-01 0.4430000000D-02 0.2343193000D+03 0.9769300000D+00 0.2548000000D-02 0.8100000000D-02 0.3145270000D+01 0.1415400000D+01 0.3222600000D+01 0.6147500000D+01 0.4100000000D-02 0.1570000000D-02 0.6254460000D+02 0.4103600000D+00 0.0000000000D+00 0.1300000000D-01 0.3076221000D+01 0.2510100000D+01 0.0000000000D+00 0.5053000000D+00
3 5020090203200902202454865.5 0.7990000000D-01-0.6730000000D-02 0.2329553000D+03 0.9484100000D+00 0.2222000000D-02 0.1260000000D-01 0.5437959000D+01 0.3856100000D+01 0.5412700000D+01 0.1144700000D+01 0.2460000000D-01-0.2250000000D-02 0.6853540000D+02 0.4347600000D+00 0.0000000000D+00 0.6700000000D-02 0.5384163000D+01 0.4787800000D+01 0.0000000000D+00 0.2389300000D+01
3 5120090220200903092454882.5-0.6470000000D-01-0.1540000000D-02 0.2339577000D+03 0.9381900000D+00 0.2064000000D-02 0.2970000000D-01 0.1448797000D+01 0.1960000000D-01 0.1631800000D+01 0.1322800000D+01-0.6100000000D-02-0.8300000000D-03 0.7478740000D+02 0.4589500000D+00 0.0000000000D+00 0.4200000000D-02 0.1408333000D+01 0.8019000000D+00 0.0000000000D+00 0.1033700000D+01
3 5220090309200903262454899.5-0.4880000000D-01 0.5210000000D-02 0.2373778000D+03 0.9245500000D+00 0.3538000000D-02 0.2690000000D-01 0.3745745000D+01 0.2458100000D+01 0.4008200000D+01 0.8816000000D+00-0.1530000000D-01 0.1880000000D-02 0.8132000000D+02 0.4777500000D+00 0.0000000000D+00 0.1390000000D-01 0.3716678000D+01 0.3132200000D+01 0.0000000000D+00 0.1008400000D+01
3 5320090326200904122454916.5 0.5900000000D-01-0.6790000000D-02 0.2431277000D+03 0.9288000000D+00 0.3261000000D-02 0.1170000000D-01 0.6047749000D+01 0.4949300000D+01 0.3146000000D+00 0.5328200000D+01 0.2670000000D-01-0.2640000000D-02 0.8818770000D+02 0.4893700000D+00 0.0000000000D+00 0.5000000000D-02 0.6028652000D+01 0.5489400000D+01 0.0000000000D+00 0.5112800000D+01
3 5420090412200904292454933.5-0.7310000000D-01 0.1480000000D-02 0.2514888000D+03 0.9255100000D+00 0.3926000000D-02 0.4180000000D-01 0.2073614000D+01 0.1160000000D+01 0.2733600000D+01 0.3540600000D+01-0.2780000000D-01 0.3700000000D-03 0.9541750000D+02 0.4920500000D+00 0.0000000000D+00 0.1640000000D-01 0.2063474000D+01 0.1594000000D+01 0.0000000000D+00 0.3404300000D+01
3 5520090429200905162454950.5 0.8100000000D-02 0.7200000000D-02 0.2623172000D+03 0.9203000000D+00 0.5608000000D-02 0.5740000000D-01 0.4391877000D+01 0.3679700000D+01 0.5160800000D+01 0.2751300000D+01 0.1070000000D-01 0.2530000000D-02 0.1029515000D+03 0.4823200000D+00 0.0000000000D+00 0.2490000000D-01 0.4389338000D+01 0.4033200000D+01 0.0000000000D+00 0.3132800000D+01
3 5620090516200906022454967.5 0.1468000000D+00-0.7370000000D-02 0.2753514000D+03 0.9568400000D+00 0.6839000000D-02 0.3990000000D-01 0.4388570000D+00 0.6242800000D+01 0.1728700000D+01 0.1447300000D+01 0.4520000000D-01-0.2510000000D-02 0.1107020000D+03 0.4534000000D+00 0.0000000000D+00 0.3540000000D-01 0.4427380000D+00 0.2365000000D+00 0.0000000000D+00 0.1201800000D+01
3 5720090602200906192454984.5 0.1800000000D-01 0.3880000000D-02 0.2903708000D+03 0.9548200000D+00 0.7571000000D-02 0.6480000000D-01 0.2782572000D+01 0.2572100000D+01 0.4343000000D+01 0.5784600000D+01 0.7600000000D-02 0.4900000000D-03 0.1183500000D+03 0.4019100000D+00 0.0000000000D+00 0.3100000000D-01 0.2792337000D+01 0.2790900000D+01 0.0000000000D+00 0.4769800000D+01
3 5820090619200907062455001.5 0.1574000000D+00 0.6820000000D-02 0.3062812000D+03 0.9482700000D+00 0.8601000000D-02 0.1005000000D+00 0.5141716000D+01 0.5243700000D+01 0.7482000000D+00 0.4750000000D+01 0.6690000000D-01 0.3650000000D-02 0.1252559000D+03 0.3349900000D+00 0.0000000000D+00 0.4270000000D-01 0.5155841000D+01 0.5493600000D+01 0.0000000000D+00 0.5555600000D+01
3 5920090706200907232455018.5 0.2915000000D+00-0.8930000000D-02 0.3214430000D+03 0.9440900000D+00 0.1160400000D-01 0.8080000000D-01 0.1234128000D+01 0.1654300000D+01 0.3577400000D+01 0.3425800000D+01 0.7490000000D-01-0.4300000000D-02 0.1306117000D+03 0.2756500000D+00 0.0000000000D+00 0.6350000000D-01 0.1250500000D+01 0.2164300000D+01 0.0000000000D+00 0.3244500000D+01
3 6020090723200908092455035.5 0.1352000000D+00 0.3590000000D-02 0.3338456000D+03 0.8952600000D+00 0.1285600000D-01 0.9490000000D-01 0.3623855000D+01 0.4444100000D+01 0.1267000000D+00 0.1597400000D+01 0.9160000000D-01 0.9000000000D-03 0.1334906000D+03 0.2859200000D+00 0.0000000000D+00 0.2340000000D-01 0.3641225000D+01 0.5334100000D+01 0.0000000000D+00 0.7695000000D+00
3 6120090809200908262455052.5 0.2843000000D+00 0.3850000000D-02 0.3409584000D+03 0.8423500000D+00 0.1381800000D-01 0.1331000000D+00 0.6023174000D+01 0.1028100000D+01 0.2984600000D+01 0.3233000000D+00 0.5640000000D-01 0.2490000000D-02 0.1330009000D+03 0.3627900000D+00 0.0000000000D+00 0.6340000000D-01 0.6040554000D+01 0.2013200000D+01 0.0000000000D+00 0.7881000000D+00
3 6220090826200909122455069.5 0.3617000000D+00-0.8490000000D-02 0.3412011000D+03 0.7883300000D+00 0.1423500000D-01 0.1134000000D+00 0.2141970000D+01 0.3958700000D+01 0.5740900000D+01 0.5294800000D+01 0.1585000000D+00-0.4130000000D-02 0.1291680000D+03 0.4182800000D+00 0.0000000000D+00 0.6280000000D-01 0.2157813000D+01 0.4755300000D+01 0.0000000000D+00 0.5022200000D+01
3 6320090912200909292455086.5 0.2120000000D+00 0.2710000000D-02 0.3345247000D+03 0.8031100000D+00 0.1183100000D-01 0.1279000000D+00 0.4538363000D+01 0.6542000000D+00 0.2204900000D+01 0.3458500000D+01 0.5070000000D-01 0.1490000000D-02 0.1230839000D+03 0.4154600000D+00 0.0000000000D+00 0.4170000000D-01 0.4551282000D+01 0.1117900000D+01 0.0000000000D+00 0.3068400000D+01
3 6420090929200910162455103.5 0.3369000000D+00 0.5580000000D-02 0.3222231000D+03 0.8823500000D+00 0.1017900000D-01 0.1605000000D+00 0.6391250000D+00 0.3501900000D+01 0.4956000000D+01 0.2154200000D+01 0.1395000000D+00 0.1310000000D-02 0.1162621000D+03 0.3613300000D+00 0.0000000000D+00 0.4770000000D-01 0.6490890000D+00 0.3753700000D+01 0.0000000000D+00 0.2563800000D+01
3 6520091016200911022455120.5 0.4422000000D+00-0.8960000000D-02 0.3067083000D+03 0.9696000000D+00 0.8259000000D-02 0.1382000000D+00 0.3006805000D+01 0.6221600000D+01 0.1355700000D+01 0.7596000000D+00 0.1417000000D+00-0.1920000000D-02 0.1100398000D+03 0.2979000000D+00 0.0000000000D+00 0.7810000000D-01 0.3014229000D+01 0.1382000000D+00 0.0000000000D+00 0.8050000000D+00
3 6620091102200911192455137.5 0.2898000000D+00 0.5930000000D-02 0.2902150000D+03 0.1054330000D+01 0.5495000000D-02 0.1410000000D+00 0.5357732000D+01 0.2576900000D+01 0.4249700000D+01 0.5326800000D+01 0.1034000000D+00 0.1370000000D-02 0.1051479000D+03 0.2616400000D+00 0.0000000000D+00 0.5670000000D-01 0.5363954000D+01 0.2871300000D+01 0.0000000000D+00 0.4888100000D+01
3 6720091119200912062455154.5 0.4511000000D+00 0.3110000000D-02 0.2742238000D+03 0.1068330000D+01 0.4050000000D-02 0.1712000000D+00 0.1409404000D+01 0.5134600000D+01 0.4857000000D+00 0.3901800000D+01 0.1776000000D+00 0.1710000000D-02 0.1016921000D+03 0.2660200000D+00 0.0000000000D+00 0.5880000000D-01 0.1417002000D+01 0.5605000000D+01 0.0000000000D+00 0.4067400000D+01
3 6820091206200912232455171.5 0.5074000000D+00-0.7820000000D-02 0.2599936000D+03 0.1063520000D+01 0.3352000000D-02 0.1486000000D+00 0.3730337000D+01 0.1349000000D+01 0.2950500000D+01 0.2470700000D+01 0.1778000000D+00-0.2260000000D-02 0.9954510000D+02 0.2922300000D+00 0.0000000000D+00 0.6360000000D-01 0.3740927000D+01 0.1938500000D+01 0.0000000000D+00 0.2326500000D+01
3 6920091223201001092455188.5 0.3791000000D+00 0.4900000000D-02 0.2480260000D+03 0.1069850000D+01 0.3514000000D-02 0.1457000000D+00 0.6040445000D+01 0.3816300000D+01 0.5859900000D+01 0.7514000000D+00 0.1529000000D+00 0.1820000000D-02 0.9853520000D+02 0.3239100000D+00 0.0000000000D+00 0.4790000000D-01 0.6054833000D+01 0.4438700000D+01 0.0000000000D+00 0.7235000000D+00
4 7020081231200901182454831.5-0.3365200000D+01-0.4374000000D-01 0.4182251000D+03 0.1785410000D+01 0.0000000000D+00 0.1299000000D+01 0.1981142000D+01 0.1899000000D+00 0.0000000000D+00 0.2595400000D+01-0.9954000000D+00 0.1251000000D-01 0.9930820000D+02 0.6571100000D+00 0.0000000000D+00 0.3246000000D+00 0.1914690000D+01 0.1357100000D+01 0.0000000000D+00 0.2487100000D+01
4 7120090118200902052454849.5-0.3363600000D+01-0.2967000000D-01 0.4117943000D+03 0.1748450000D+01 0.0000000000D+00 0.1281700000D+01 0.2400478000D+01 0.7404000000D+00 0.0000000000D+00 0.3498300000D+01-0.1084200000D+01 0.1666000000D-01 0.1097924000D+03 0.7054200000D+00 0.0000000000D+00 0.3542000000D+00 0.2349901000D+01 0.1756400000D+01 0.0000000000D+00 0.3412200000D+01
4 7220090205200902232454867.5-0.3240600000D+01-0.2631000000D-01 0.4098686000D+03 0.1726650000D+01 0.0000000000D+00 0.1255000000D+01 0.2819337000D+01 0.1301900000D+01 0.0000000000D+00 0.4428900000D+01-0.1052100000D+01 0.9090000000D-02 0.1208275000D+03 0.7585600000D+00 0.0000000000D+00 0.3769000000D+00 0.2783146000D+01 0.2162800000D+01 0.0000000000D+00 0.4378000000D+01
4 7320090223200903132454885.5-0.3117100000D+01-0.2399000000D-01 0.4124237000D+03 0.1700470000D+01 0.0000000000D+00 0.1225700000D+01 0.3239333000D+01 0.1881000000D+01 0.0000000000D+00 0.5346100000D+01-0.9682000000D+00-0.4810000000D-02 0.1324289000D+03 0.8063600000D+00 0.0000000000D+00 0.4044000000D+00 0.3215916000D+01 0.2589000000D+01 0.0000000000D+00 0.5333600000D+01
4 7420090313200903312454903.5-0.3112700000D+01-0.1807000000D-01 0.4197206000D+03 0.1688010000D+01 0.0000000000D+00 0.1227100000D+01 0.3663069000D+01 0.2474400000D+01 0.0000000000D+00 0.6252900000D+01-0.9464000000D+00-0.1500000000D-01 0.1446563000D+03 0.8386400000D+00 0.0000000000D+00 0.4420000000D+00 0.3650505000D+01 0.3039400000D+01 0.0000000000D+00 0.6247800000D+01
4 7520090331200904182454921.5-0.3526200000D+01 0.3839000000D-01 0.4314232000D+03 0.1694510000D+01 0.0000000000D+00 0.1209100000D+01 0.4092884000D+01 0.3118400000D+01 0.0000000000D+00 0.9325000000D+00-0.1138100000D+01 0.1020000000D-02 0.1573268000D+03 0.8646400000D+00 0.0000000000D+00 0.4611000000D+00 0.4089563000D+01 0.3546500000D+01 0.0000000000D+00 0.9215000000D+00
4 7620090418200905062454939.5-0.3647800000D+01 0.6427000000D-01 0.4483835000D+03 0.1722780000D+01 0.0000000000D+00 0.1220000000D+01 0.4531513000D+01 0.3772700000D+01 0.0000000000D+00 0.1866600000D+01-0.1250500000D+01 0.1139000000D-01 0.1707318000D+03 0.8717100000D+00 0.0000000000D+00 0.4801000000D+00 0.4536324000D+01 0.4087300000D+01 0.0000000000D+00 0.1853700000D+01
4 7720090506200905242454957.5-0.3877500000D+01 0.1019700000D+00 0.4701961000D+03 0.1765330000D+01 0.0000000000D+00 0.1268100000D+01 0.4981457000D+01 0.4456300000D+01 0.0000000000D+00 0.2798500000D+01-0.1351300000D+01 0.2243000000D-01 0.1847078000D+03 0.8536900000D+00 0.0000000000D+00 0.5061000000D+00 0.4993321000D+01 0.4675000000D+01 0.0000000000D+00 0.2787100000D+01
4 7820090524200906112454975.5-0.3543900000D+01 0.9057000000D-01 0.4965348000D+03 0.1762000000D+01 0.0000000000D+00 0.1267600000D+01 0.5444609000D+01 0.5187300000D+01 0.0000000000D+00 0.3762700000D+01-0.1133200000D+01 0.3710000000D-02 0.1989406000D+03 0.7805500000D+00 0.0000000000D+00 0.5060000000D+00 0.5462139000D+01 0.5347200000D+01 0.0000000000D+00 0.3763800000D+01
4 7920090611200906292454993.5-0.2847400000D+01 0.1595000000D-01 0.5257668000D+03 0.1728860000D+01 0.0000000000D+00 0.1287800000D+01 0.5923998000D+01 0.5991300000D+01 0.0000000000D+00 0.4721300000D+01-0.7749000000D+00-0.4226000000D-01 0.2124000000D+03 0.6741900000D+00 0.0000000000D+00 0.5153000000D+00 0.5946170000D+01 0.6155100000D+01 0.0000000000D+00 0.4734700000D+01
4 8020090629200907172455011.5-0.1485900000D+01-0.1778800000D+00 0.5546663000D+03 0.1753460000D+01 0.0000000000D+00 0.1402100000D+01 0.1370750000D+00 0.6355000000D+00 0.0000000000D+00 0.5714400000D+01-0.3594000000D+00-0.1139900000D+00 0.2234608000D+03 0.6007400000D+00 0.0000000000D+00 0.5549000000D+00 0.1633980000D+00 0.8974000000D+00 0.0000000000D+00 0.5720700000D+01
4 8120090717200908042455029.5-0.1441900000D+01-0.2689200000D+00 0.5801559000D+03 0.1747350000D+01 0.0000000000D+00 0.1432000000D+01 0.6529470000D+00 0.1552200000D+01 0.0000000000D+00 0.3955000000D+00-0.7118000000D+00-0.1096400000D+00 0.2307264000D+03 0.5627200000D+00 0.0000000000D+00 0.5438000000D+00 0.6820990000D+00 0.2047000000D+01 0.0000000000D+00 0.4114000000D+00
4 8220090804200908222455047.5-0.3645900000D+01-0.1106200000D+00 0.5985050000D+03 0.1544480000D+01 0.0000000000D+00 0.1441700000D+01 0.1182994000D+01 0.2580700000D+01 0.0000000000D+00 0.1401600000D+01-0.1750700000D+01-0.1378000000D-01 0.2325218000D+03 0.6329300000D+00 0.0000000000D+00 0.5427000000D+00 0.1212465000D+01 0.3285600000D+01 0.0000000000D+00 0.1437200000D+01
4 8320090822200909092455065.5-0.6686600000D+01 0.2262700000D+00 0.6044823000D+03 0.1591690000D+01 0.0000000000D+00 0.1565200000D+01 0.1716528000D+01 0.3788900000D+01 0.0000000000D+00 0.2466100000D+01-0.2524900000D+01 0.9083000000D-01 0.2275923000D+03 0.8036800000D+00 0.0000000000D+00 0.5814000000D+00 0.1745177000D+01 0.4269100000D+01 0.0000000000D+00 0.2471100000D+01
4 8420090909200909272455083.5-0.6637500000D+01 0.2873700000D+00 0.5938470000D+03 0.1722730000D+01 0.0000000000D+00 0.1548600000D+01 0.2247404000D+01 0.4778400000D+01 0.0000000000D+00 0.3455700000D+01-0.1971500000D+01 0.6041000000D-01 0.2168766000D+03 0.7920700000D+00 0.0000000000D+00 0.5499000000D+00 0.2275054000D+01 0.5061100000D+01 0.0000000000D+00 0.3453200000D+01
4 8520090927200910152455101.5-0.4574100000D+01 0.1041400000D+00 0.5714905000D+03 0.1728890000D+01 0.0000000000D+00 0.1492100000D+01 0.2768571000D+01 0.5742700000D+01 0.0000000000D+00 0.4489000000D+01-0.1109900000D+01-0.2455000000D-01 0.2044387000D+03 0.6756300000D+00 0.0000000000D+00 0.5271000000D+00 0.2793690000D+01 0.5907300000D+01 0.0000000000D+00 0.4490600000D+01
4 8620091015200911022455119.5-0.2722500000D+01-0.8727000000D-01 0.5431046000D+03 0.1869560000D+01 0.0000000000D+00 0.1492600000D+01 0.3271537000D+01 0.3550000000D+00 0.0000000000D+00 0.5539000000D+01-0.6652000000D+00-0.7549000000D-01 0.1930707000D+03 0.5919600000D+00 0.0000000000D+00 0.5275000000D+00 0.3293441000D+01 0.5000000000D+00 0.0000000000D+00 0.5528000000D+01
4 8720091102200911202455137.5-0.2613900000D+01-0.9186000000D-01 0.5118396000D+03 0.1942410000D+01 0.0000000000D+00 0.1399200000D+01 0.3752523000D+01 0.1065700000D+01 0.0000000000D+00 0.2254000000D+00-0.8404000000D+00-0.5611000000D-01 0.1837521000D+03 0.5187100000D+00 0.0000000000D+00 0.4980000000D+00 0.3772683000D+01 0.1316400000D+01 0.0000000000D+00 0.2222000000D+00
4 8820091120200912082455155.5-0.3080600000D+01-0.2766000000D-01 0.4815513000D+03 0.1912890000D+01 0.0000000000D+00 0.1321100000D+01 0.4215894000D+01 0.1729100000D+01 0.0000000000D+00 0.1200000000D+01-0.1101000000D+01-0.2424000000D-01 0.1771475000D+03 0.4951800000D+00 0.0000000000D+00 0.4879000000D+00 0.4236413000D+01 0.2148800000D+01 0.0000000000D+00 0.1209100000D+01
4 8920091208200912262455173.5-0.3109800000D+01 0.1360000000D-01 0.4551202000D+03 0.1877760000D+01 0.0000000000D+00 0.1246800000D+01 0.4664374000D+01 0.2359200000D+01 0.0000000000D+00 0.2178400000D+01-0.1152600000D+01-0.7380000000D-02 0.1732907000D+03 0.5323200000D+00 0.0000000000D+00 0.4839000000D+00 0.4687003000D+01 0.2885600000D+01 0.0000000000D+00 0.2193800000D+01
4 9020091226201001132455191.5-0.2593100000D+01-0.4470000000D-02 0.4335832000D+03 0.1847060000D+01 0.0000000000D+00 0.1161900000D+01 0.5100396000D+01 0.2943100000D+01 0.0000000000D+00 0.3118200000D+01-0.9855000000D+00-0.1552000000D-01 0.1717221000D+03 0.5845200000D+00 0.0000000000D+00 0.4732000000D+00 0.5126540000D+01 0.3488800000D+01 0.0000000000D+00 0.3132500000D+01
