 5 4    2   25   48   70  3.5516  1.7693  0.8782  0.3765 16.0 16.0 17.0 18.0   90 2451543.5000 2000                                                                                                                                                                                                                                                                              
1  219991231200001162451543.5-0.2908000000D+00 0.1297000000D-01 0.1166099000D+03 0.4063600000D+00 0.2992000000D-02 0.2102000000D+00 0.7181090000D+00 0.4142600000D+01 0.5835200000D+01 0.9979000000D+00-0.1608000000D+00 0.5060000000D-02 0.4939520000D+02 0.1988200000D+00 0.0000000000D+00 0.8570000000D-01 0.8611760000D+00 0.4373100000D+01 0.0000000000D+00 0.1151500000D+01
1  320000116200002012451559.5-0.1308000000D+00 0.1308000000D-01 0.1106824000D+03 0.4116400000D+00 0.2442000000D-02 0.1787000000D+00 0.9722560000D+00 0.4640200000D+01 0.5060000000D-01 0.1805400000D+01-0.9370000000D-01 0.5300000000D-02 0.4643610000D+02 0.2116600000D+00 0.0000000000D+00 0.7470000000D-01 0.1113112000D+01 0.4735000000D+01 0.0000000000D+00 0.1984700000D+01
1  420000201200002172451575.5 0.2270000000D-01 0.1311000000D-01 0.1054307000D+03 0.4096400000D+00 0.2005000000D-02 0.1855000000D+00 0.1212988000D+01 0.5088100000D+01 0.4332000000D+00 0.2618100000D+01-0.2910000000D-01 0.5400000000D-02 0.4346410000D+02 0.2146300000D+00 0.0000000000D+00 0.7670000000D-01 0.1353697000D+01 0.5054100000D+01 0.0000000000D+00 0.2760000000D+01
1  520000217200003042451591.5 0.1778000000D+00 0.1128000000D-01 0.1010354000D+03 0.4046000000D+00 0.1398000000D-02 0.1775000000D+00 0.1442949000D+01 0.5512200000D+01 0.8041000000D+00 0.3283100000D+01 0.3470000000D-01 0.4650000000D-02 0.4059610000D+02 0.2104900000D+00 0.0000000000D+00 0.6900000000D-01 0.1585470000D+01 0.5342100000D+01 0.0000000000D+00 0.3437600000D+01
1  620000304200003202451607.5 0.3247000000D+00 0.8010000000D-02 0.9758550000D+02 0.4006300000D+00 0.1010000000D-02 0.1668000000D+00 0.1664691000D+01 0.5906000000D+01 0.1299100000D+01 0.4104200000D+01 0.9270000000D-01 0.3320000000D-02 0.3789140000D+02 0.2020400000D+00 0.0000000000D+00 0.6440000000D-01 0.1810959000D+01 0.5602400000D+01 0.0000000000D+00 0.4289200000D+01
1  720000320200004052451623.5 0.4424000000D+00 0.5160000000D-02 0.9508010000D+02 0.3960700000D+00 0.8300000000D-03 0.1841000000D+00 0.1880556000D+01 0.6273100000D+01 0.1763700000D+01 0.4828700000D+01 0.1362000000D+00 0.2160000000D-02 0.3536190000D+02 0.1913000000D+00 0.0000000000D+00 0.6850000000D-01 0.2032528000D+01 0.5837100000D+01 0.0000000000D+00 0.4989000000D+01
1  820000405200004212451639.5 0.5222000000D+00 0.3010000000D-02 0.9348360000D+02 0.3917800000D+00 0.7770000000D-03 0.1808000000D+00 0.2092684000D+01 0.3384000000D+00 0.2135300000D+01 0.5445600000D+01 0.1629000000D+00 0.1240000000D-02 0.3299500000D+02 0.1793300000D+00 0.0000000000D+00 0.6270000000D-01 0.2252322000D+01 0.6049700000D+01 0.0000000000D+00 0.5618500000D+01
1  920000421200005072451655.5 0.5714000000D+00 0.1800000000D-03 0.9274260000D+02 0.3886500000D+00 0.7470000000D-03 0.1772000000D+00 0.2303082000D+01 0.6768000000D+00 0.2395000000D+01 0.6225500000D+01 0.1768000000D+00 0.1000000000D-03 0.3077010000D+02 0.1667500000D+00 0.0000000000D+00 0.5900000000D-01 0.2472459000D+01 0.6244600000D+01 0.0000000000D+00 0.1193000000D+00
1 1020000507200005232451671.5 0.5934000000D+00-0.3870000000D-02 0.9281110000D+02 0.3874800000D+00 0.8910000000D-03 0.2034000000D+00 0.2513240000D+01 0.1008000000D+01 0.2665600000D+01 0.6328000000D+00 0.1794000000D+00-0.1200000000D-02 0.2866300000D+02 0.1532100000D+00 0.0000000000D+00 0.6170000000D-01 0.2694665000D+01 0.1432000000D+00 0.0000000000D+00 0.7814000000D+00
1 1120000523200006082451687.5 0.5767000000D+00-0.7550000000D-02 0.9365580000D+02 0.3849600000D+00 0.1015000000D-02 0.2083000000D+00 0.2724458000D+01 0.1343400000D+01 0.2809900000D+01 0.1235100000D+01 0.1690000000D+00-0.2140000000D-02 0.2666590000D+02 0.1388900000D+00 0.0000000000D+00 0.5550000000D-01 0.2920653000D+01 0.3115000000D+00 0.0000000000D+00 0.1416500000D+01
1 1220000608200006242451703.5 0.5112000000D+00-0.9500000000D-02 0.9526300000D+02 0.3831800000D+00 0.1067000000D-02 0.2117000000D+00 0.2938074000D+01 0.1689400000D+01 0.3035800000D+01 0.1977400000D+01 0.1461000000D+00-0.2400000000D-02 0.2477840000D+02 0.1237200000D+00 0.0000000000D+00 0.5240000000D-01 0.3152184000D+01 0.4672000000D+00 0.0000000000D+00 0.2208000000D+01
1 1320000624200007102451719.5 0.4061000000D+00-0.1057000000D-01 0.9763790000D+02 0.3852900000D+00 0.1141000000D-02 0.2398000000D+00 0.3155551000D+01 0.2044200000D+01 0.3437000000D+01 0.2661800000D+01 0.1166000000D+00-0.2380000000D-02 0.2301730000D+02 0.1078300000D+00 0.0000000000D+00 0.5380000000D-01 0.3391106000D+01 0.6149000000D+00 0.0000000000D+00 0.2895600000D+01
1 1420000710200007262451735.5 0.2798000000D+00-0.1220000000D-01 0.1008054000D+03 0.3890600000D+00 0.1439000000D-02 0.2434000000D+00 0.3378335000D+01 0.2403800000D+01 0.3890000000D+01 0.3274600000D+01 0.8700000000D-01-0.2420000000D-02 0.2141550000D+02 0.9033000000D-01 0.0000000000D+00 0.4830000000D-01 0.3639124000D+01 0.7581000000D+00 0.0000000000D+00 0.3558900000D+01
1 1520000726200008112451751.5 0.1351000000D+00-0.1375000000D-01 0.1047541000D+03 0.3929300000D+00 0.1865000000D-02 0.2465000000D+00 0.3607705000D+01 0.2781900000D+01 0.4277400000D+01 0.4029000000D+01 0.5810000000D-01-0.2340000000D-02 0.2002240000D+02 0.6955000000D-01 0.0000000000D+00 0.4620000000D-01 0.3897370000D+01 0.8974000000D+00 0.0000000000D+00 0.4344300000D+01
1 1620000811200008272451767.5-0.3490000000D-01-0.1325000000D-01 0.1094788000D+03 0.3972800000D+00 0.2233000000D-02 0.2766000000D+00 0.3845210000D+01 0.3191900000D+01 0.4733000000D+01 0.4713600000D+01 0.2940000000D-01-0.1980000000D-02 0.1892070000D+02 0.4373000000D-01 0.0000000000D+00 0.4630000000D-01 0.4165989000D+01 0.1004000000D+01 0.0000000000D+00 0.5004500000D+01
1 1720000827200009122451783.5-0.2226000000D+00-0.1082000000D-01 0.1149237000D+03 0.4016100000D+00 0.2668000000D-02 0.2736000000D+00 0.4092521000D+01 0.3640000000D+01 0.5287600000D+01 0.5346000000D+01 0.2500000000D-02-0.1610000000D-02 0.1821610000D+02 0.1275000000D-01 0.0000000000D+00 0.4030000000D-01 0.4443511000D+01 0.6757000000D+00 0.0000000000D+00 0.5695000000D+01
1 1820000912200009282451799.5-0.4020000000D+00-0.8670000000D-02 0.1209516000D+03 0.4025400000D+00 0.3302000000D-02 0.2731000000D+00 0.4351505000D+01 0.4127500000D+01 0.5900500000D+01 0.6140900000D+01-0.2030000000D-01-0.1650000000D-02 0.1804140000D+02 0.3211000000D-01 0.0000000000D+00 0.3950000000D-01 0.4726458000D+01 0.5007700000D+01 0.0000000000D+00 0.2458000000D+00
1 1920000928200010142451815.5-0.5558000000D+00-0.7450000000D-02 0.1272403000D+03 0.3979700000D+00 0.4052000000D-02 0.3058000000D+00 0.4623684000D+01 0.4671800000D+01 0.2868000000D+00 0.5875000000D+00-0.4140000000D-01-0.2020000000D-02 0.1852480000D+02 0.7747000000D-01 0.0000000000D+00 0.4250000000D-01 0.5010214000D+01 0.5092400000D+01 0.0000000000D+00 0.9801000000D+00
1 2020001014200010302451831.5-0.6916000000D+00-0.5040000000D-02 0.1332155000D+03 0.3833300000D+00 0.5090000000D-02 0.2934000000D+00 0.4910028000D+01 0.5268400000D+01 0.9380000000D+00 0.1292800000D+01-0.6660000000D-01-0.2160000000D-02 0.1975490000D+02 0.1201200000D+00 0.0000000000D+00 0.4370000000D-01 0.5291723000D+01 0.5320800000D+01 0.0000000000D+00 0.1768700000D+01
1 2120001030200011152451847.5-0.8093000000D+00-0.7100000000D-03 0.1381167000D+03 0.3543700000D+00 0.5647000000D-02 0.2952000000D+00 0.5209431000D+01 0.5962900000D+01 0.1585400000D+01 0.2155600000D+01-0.9920000000D-01-0.1650000000D-02 0.2169380000D+02 0.1456000000D+00 0.0000000000D+00 0.5140000000D-01 0.5571214000D+01 0.5605300000D+01 0.0000000000D+00 0.2538400000D+01
1 2220001115200012012451863.5-0.8850000000D+00 0.3040000000D-02 0.1410400000D+03 0.3329800000D+00 0.5641000000D-02 0.3076000000D+00 0.5518487000D+01 0.4967000000D+00 0.2332000000D+01 0.2910500000D+01-0.1350000000D+00-0.6800000000D-03 0.2406250000D+02 0.1400000000D+00 0.0000000000D+00 0.5290000000D-01 0.5851566000D+01 0.5928500000D+01 0.0000000000D+00 0.3229500000D+01
1 2320001201200012172451879.5-0.9039000000D+00 0.5010000000D-02 0.1413101000D+03 0.3395600000D+00 0.5519000000D-02 0.2775000000D+00 0.5831529000D+01 0.1365300000D+01 0.3143700000D+01 0.3719600000D+01-0.1661000000D+00 0.3600000000D-03 0.2633560000D+02 0.9970000000D-01 0.0000000000D+00 0.5300000000D-01 0.6134725000D+01 0.6280000000D+01 0.0000000000D+00 0.4132300000D+01
1 2420001217200101022451895.5-0.8820000000D+00 0.7150000000D-02 0.1388070000D+03 0.3614600000D+00 0.5319000000D-02 0.2839000000D+00 0.6141687000D+01 0.2171900000D+01 0.3867100000D+01 0.4561900000D+01-0.1866000000D+00 0.1400000000D-02 0.2792220000D+02 0.3630000000D-01 0.0000000000D+00 0.6400000000D-01 0.1360460000D+00 0.3989000000D+00 0.0000000000D+00 0.4892900000D+01
2 2519991231200001162451543.5 0.1031200000D+01-0.3258000000D-01 0.1860201000D+03 0.6357000000D+00 0.4322000000D-02 0.9422000000D+00 0.5527410000D+00 0.3921100000D+01 0.5637000000D+01 0.3958900000D+01 0.5558000000D+00-0.1341000000D-01 0.7729570000D+02 0.3047800000D+00 0.0000000000D+00 0.3933000000D+00 0.6866510000D+00 0.4150400000D+01 0.0000000000D+00 0.4083400000D+01
2 2620000116200002012451559.5 0.4433000000D+00-0.3233000000D-01 0.1765313000D+03 0.6318300000D+00 0.4016000000D-02 0.8911000000D+00 0.3709804000D+01 0.1040500000D+01 0.2659100000D+01 0.4182400000D+01 0.3086000000D+00-0.1366000000D-01 0.7266580000D+02 0.3253100000D+00 0.0000000000D+00 0.3613000000D+00 0.3841227000D+01 0.1151600000D+01 0.0000000000D+00 0.4318700000D+01
2 2720000201200002172451575.5-0.1287000000D+00-0.3122000000D-01 0.1681448000D+03 0.6315500000D+00 0.3292000000D-02 0.8448000000D+00 0.5701720000D+00 0.4401700000D+01 0.6157600000D+01 0.4397600000D+01 0.7000000000D-01-0.1276000000D-01 0.6801680000D+02 0.3290900000D+00 0.0000000000D+00 0.3392000000D+00 0.7005320000D+00 0.4376700000D+01 0.0000000000D+00 0.4527800000D+01
2 2820000217200003042451591.5-0.6753000000D+00-0.2708000000D-01 0.1611033000D+03 0.6267600000D+00 0.1798000000D-02 0.7967000000D+00 0.3703241000D+01 0.1473800000D+01 0.3294700000D+01 0.4596400000D+01-0.1564000000D+00-0.1054000000D-01 0.6354000000D+02 0.3249000000D+00 0.0000000000D+00 0.3095000000D+00 0.3834230000D+01 0.1291400000D+01 0.0000000000D+00 0.4726100000D+01
2 2920000304200003202451607.5-0.1154000000D+01-0.2237000000D-01 0.1556373000D+03 0.6139700000D+00 0.2286000000D-02 0.7595000000D+00 0.5437900000D+00 0.4742200000D+01 0.1918000000D+00 0.4800300000D+01-0.3454000000D+00-0.8140000000D-02 0.5932420000D+02 0.3130300000D+00 0.0000000000D+00 0.2846000000D+00 0.6774440000D+00 0.4449400000D+01 0.0000000000D+00 0.4942700000D+01
2 3020000320200004052451623.5-0.1535500000D+01-0.1748000000D-01 0.1515840000D+03 0.6102000000D+00 0.1248000000D-02 0.7234000000D+00 0.3662113000D+01 0.1756600000D+01 0.3505500000D+01 0.5000500000D+01-0.4866000000D+00-0.5410000000D-02 0.5536200000D+02 0.2983400000D+00 0.0000000000D+00 0.2582000000D+00 0.3799898000D+01 0.1310200000D+01 0.0000000000D+00 0.5134100000D+01
2 3120000405200004212451639.5-0.1818400000D+01-0.1066000000D-01 0.1490402000D+03 0.5974000000D+00 0.2242000000D-02 0.6986000000D+00 0.4924970000D+00 0.4985800000D+01 0.1923000000D+00 0.5195500000D+01-0.5786000000D+00-0.2680000000D-02 0.5165470000D+02 0.2805500000D+00 0.0000000000D+00 0.2367000000D+00 0.6364400000D+00 0.4427500000D+01 0.0000000000D+00 0.5352900000D+01
2 3220000421200005072451655.5-0.1983900000D+01-0.2710000000D-02 0.1477407000D+03 0.6105700000D+00 0.8710000000D-03 0.6740000000D+00 0.3604575000D+01 0.1988400000D+01 0.4072100000D+01 0.5406100000D+01-0.6200000000D+00 0.6200000000D-03 0.4815210000D+02 0.2612200000D+00 0.0000000000D+00 0.2115000000D+00 0.3755975000D+01 0.1248900000D+01 0.0000000000D+00 0.5549200000D+01
2 3320000507200005232451671.5-0.2007800000D+01 0.4240000000D-02 0.1478337000D+03 0.5936500000D+00 0.1312000000D-02 0.6584000000D+00 0.4317500000D+00 0.5217300000D+01 0.1570000000D-01 0.5616500000D+01-0.6098000000D+00 0.2530000000D-02 0.4485380000D+02 0.2414200000D+00 0.0000000000D+00 0.1943000000D+00 0.5933710000D+00 0.4332700000D+01 0.0000000000D+00 0.5793900000D+01
2 3420000523200006082451687.5-0.1899500000D+01 0.1147000000D-01 0.1491323000D+03 0.6140900000D+00 0.1045000000D-02 0.6500000000D+00 0.3543630000D+01 0.2175800000D+01 0.4006400000D+01 0.5836800000D+01-0.5570000000D+00 0.4490000000D-02 0.4171820000D+02 0.2201400000D+00 0.0000000000D+00 0.1709000000D+00 0.3717139000D+01 0.1123600000D+01 0.0000000000D+00 0.6005000000D+01
2 3520000608200006242451703.5-0.1670200000D+01 0.1922000000D-01 0.1516946000D+03 0.6076400000D+00 0.1645000000D-02 0.6449000000D+00 0.3736440000D+00 0.5406200000D+01 0.4248000000D+00 0.6071100000D+01-0.4757000000D+00 0.5430000000D-02 0.3875820000D+02 0.1980200000D+00 0.0000000000D+00 0.1606000000D+00 0.5624750000D+00 0.4188800000D+01 0.0000000000D+00 0.6269800000D+01
2 3620000624200007102451719.5-0.1315800000D+01 0.2528000000D-01 0.1554385000D+03 0.6254100000D+00 0.1977000000D-02 0.6518000000D+00 0.3490589000D+01 0.2367800000D+01 0.4030200000D+01 0.2640000000D-01-0.3773000000D+00 0.6200000000D-02 0.3598240000D+02 0.1729300000D+00 0.0000000000D+00 0.1391000000D+00 0.3697368000D+01 0.9622000000D+00 0.0000000000D+00 0.2466000000D+00
2 3720000710200007262451735.5-0.8577000000D+00 0.3025000000D-01 0.1604259000D+03 0.6231100000D+00 0.1484000000D-02 0.6645000000D+00 0.3285310000D+00 0.5648400000D+01 0.6114000000D+00 0.2857000000D+00-0.2664000000D+00 0.5680000000D-02 0.3345490000D+02 0.1457600000D+00 0.0000000000D+00 0.1338000000D+00 0.5575120000D+00 0.4021200000D+01 0.0000000000D+00 0.5079000000D+00
2 3820000726200008112451751.5-0.3292000000D+00 0.3458000000D-01 0.1667017000D+03 0.6357700000D+00 0.2860000000D-02 0.6844000000D+00 0.3456330000D+01 0.2620800000D+01 0.4155400000D+01 0.5524000000D+00-0.1675000000D+00 0.5660000000D-02 0.3124860000D+02 0.1120500000D+00 0.0000000000D+00 0.1198000000D+00 0.3710091000D+01 0.7892000000D+00 0.0000000000D+00 0.8526000000D+00
2 3920000811200008272451767.5 0.2563000000D+00 0.3626000000D-01 0.1741825000D+03 0.6525900000D+00 0.3044000000D-02 0.7195000000D+00 0.3087330000D+00 0.5932400000D+01 0.1468100000D+01 0.8279000000D+00-0.6550000000D-01 0.4800000000D-02 0.2949950000D+02 0.7121000000D-01 0.0000000000D+00 0.1163000000D+00 0.5899840000D+00 0.3846000000D+01 0.0000000000D+00 0.1081800000D+01
2 4020000827200009122451783.5 0.8642000000D+00 0.3619000000D-01 0.1828897000D+03 0.6423900000D+00 0.4647000000D-02 0.7590000000D+00 0.3453782000D+01 0.2973000000D+01 0.4616500000D+01 0.1117500000D+01 0.1100000000D-01 0.4790000000D-02 0.2836850000D+02 0.1890000000D-01 0.0000000000D+00 0.1168000000D+00 0.3761750000D+01 0.4044000000D+00 0.0000000000D+00 0.1482700000D+01
2 4120000912200009282451799.5 0.1452200000D+01 0.3507000000D-01 0.1924554000D+03 0.6485100000D+00 0.5015000000D-02 0.8096000000D+00 0.3275450000D+00 0.8250000000D-01 0.1966900000D+01 0.1416400000D+01 0.1014000000D+00 0.4610000000D-02 0.2807680000D+02 0.4628000000D-01 0.0000000000D+00 0.1122000000D+00 0.6572780000D+00 0.8203000000D+00 0.0000000000D+00 0.1721800000D+01
2 4220000928200010142451815.5 0.1996300000D+01 0.3188000000D-01 0.2024905000D+03 0.6184400000D+00 0.5752000000D-02 0.8748000000D+00 0.3497448000D+01 0.3535600000D+01 0.5268100000D+01 0.1722500000D+01 0.1651000000D+00 0.5750000000D-02 0.2882350000D+02 0.1199100000D+00 0.0000000000D+00 0.1322000000D+00 0.3837722000D+01 0.3906800000D+01 0.0000000000D+00 0.2081700000D+01
2 4320001014200010302451831.5 0.2483900000D+01 0.2432000000D-01 0.2119636000D+03 0.6073700000D+00 0.8691000000D-02 0.9303000000D+00 0.3992240000D+00 0.7204000000D+00 0.2681000000D+01 0.2037300000D+01 0.2668000000D+00 0.5700000000D-02 0.3076670000D+02 0.1878300000D+00 0.0000000000D+00 0.1342000000D+00 0.7349390000D+00 0.7810000000D+00 0.0000000000D+00 0.2357700000D+01
2 4420001030200011152451847.5 0.2846000000D+01 0.1755000000D-01 0.2197912000D+03 0.5785800000D+00 0.8681000000D-02 0.9904000000D+00 0.3596568000D+01 0.4375300000D+01 0.6000000000D-01 0.2352900000D+01 0.3545000000D+00 0.6750000000D-02 0.3382420000D+02 0.2307700000D+00 0.0000000000D+00 0.1615000000D+00 0.3914798000D+01 0.3990000000D+01 0.0000000000D+00 0.2665500000D+01
2 4520001115200012012451863.5 0.3071300000D+01 0.1009000000D-01 0.2244418000D+03 0.5338100000D+00 0.9569000000D-02 0.1037600000D+01 0.5222810000D+00 0.1776100000D+01 0.3549200000D+01 0.2665600000D+01 0.4537000000D+00 0.6260000000D-02 0.3756670000D+02 0.2238000000D+00 0.0000000000D+00 0.1841000000D+00 0.8149560000D+00 0.9375000000D+00 0.0000000000D+00 0.2933800000D+01
2 4620001201200012172451879.5 0.3168200000D+01-0.4700000000D-03 0.2248810000D+03 0.5682400000D+00 0.9052000000D-02 0.1054400000D+01 0.3735237000D+01 0.5536100000D+01 0.1065300000D+01 0.2971500000D+01 0.5563000000D+00 0.4170000000D-02 0.4116530000D+02 0.1618100000D+00 0.0000000000D+00 0.1938000000D+00 0.4001937000D+01 0.4203000000D+01 0.0000000000D+00 0.3254100000D+01
2 4720001217200101022451895.5 0.3103100000D+01-0.9100000000D-02 0.2208713000D+03 0.5761700000D+00 0.7714000000D-02 0.1058400000D+01 0.6636020000D+00 0.2956300000D+01 0.4532800000D+01 0.3257800000D+01 0.6020000000D+00 0.2350000000D-02 0.4369920000D+02 0.6214000000D-01 0.0000000000D+00 0.2232000000D+00 0.9072300000D+00 0.1286400000D+01 0.0000000000D+00 0.3458000000D+01
3 4819991231200001172451543.5 0.6388000000D+00-0.4140000000D-02 0.2955873000D+03 0.1017330000D+01 0.6952000000D-02 0.2752000000D+00 0.2040627000D+01 0.5396700000D+01 0.9078000000D+00 0.1609000000D+00 0.2680000000D+00-0.1590000000D-02 0.1262209000D+03 0.4982200000D+00 0.0000000000D+00 0.1221000000D+00 0.2174328000D+01 0.5616800000D+01 0.0000000000D+00 0.2329000000D+00
3 4920000117200002032451560.5 0.5006000000D+00 0.3190000000D-02 0.2795490000D+03 0.9968100000D+00 0.5297000000D-02 0.2390000000D+00 0.4384111000D+01 0.1733800000D+01 0.3428700000D+01 0.4815200000D+01 0.1912000000D+00 0.9200000000D-03 0.1181558000D+03 0.5235000000D+00 0.0000000000D+00 0.9420000000D-01 0.4515900000D+01 0.1813600000D+01 0.0000000000D+00 0.4970800000D+01
3 5020000203200002202451577.5 0.5570000000D+00 0.9770000000D-02 0.2656390000D+03 0.9835100000D+00 0.4469000000D-02 0.2488000000D+00 0.4291050000D+00 0.4286900000D+01 0.5900200000D+01 0.3009300000D+01 0.2150000000D+00 0.3770000000D-02 0.1101535000D+03 0.5280300000D+00 0.0000000000D+00 0.1035000000D+00 0.5612120000D+00 0.4230100000D+01 0.0000000000D+00 0.3176800000D+01
3 5120000220200003082451594.5 0.7048000000D+00-0.4360000000D-02 0.2542907000D+03 0.9891700000D+00 0.4085000000D-02 0.2770000000D+00 0.2745407000D+01 0.5219000000D+00 0.2395300000D+01 0.1420200000D+01 0.2679000000D+00-0.1970000000D-02 0.1025063000D+03 0.5159300000D+00 0.0000000000D+00 0.1126000000D+00 0.2879960000D+01 0.3282000000D+00 0.0000000000D+00 0.1576200000D+01
3 5220000308200003252451611.5 0.5786000000D+00 0.3000000000D-02 0.2455061000D+03 0.9698700000D+00 0.2532000000D-02 0.2610000000D+00 0.5052406000D+01 0.3031200000D+01 0.4801300000D+01 0.6067600000D+01 0.2268000000D+00 0.2900000000D-03 0.9532410000D+02 0.4930900000D+00 0.0000000000D+00 0.1014000000D+00 0.5191689000D+01 0.2679400000D+01 0.0000000000D+00 0.6176500000D+01
3 5320000325200004112451628.5 0.6457000000D+00 0.6450000000D-02 0.2395051000D+03 0.9635800000D+00 0.2130000000D-02 0.2888000000D+00 0.1069473000D+01 0.5491300000D+01 0.8896000000D+00 0.4340200000D+01 0.2239000000D+00 0.2150000000D-02 0.8867300000D+02 0.4671600000D+00 0.0000000000D+00 0.9600000000D-01 0.1215586000D+01 0.4994600000D+01 0.0000000000D+00 0.4507000000D+01
3 5420000411200004282451645.5 0.7276000000D+00-0.6350000000D-02 0.2360237000D+03 0.9627600000D+00 0.2569000000D-02 0.3180000000D+00 0.3365475000D+01 0.1646400000D+01 0.3325600000D+01 0.2781200000D+01 0.2570000000D+00-0.3150000000D-02 0.8245520000D+02 0.4376200000D+00 0.0000000000D+00 0.1156000000D+00 0.3520993000D+01 0.1012000000D+01 0.0000000000D+00 0.3016500000D+01
3 5520000428200005152451662.5 0.5793000000D+00 0.2060000000D-02 0.2348518000D+03 0.9681300000D+00 0.1500000000D-02 0.3093000000D+00 0.5659423000D+01 0.4099800000D+01 0.5765300000D+01 0.1158400000D+01 0.2030000000D+00-0.2000000000D-04 0.7658660000D+02 0.4029900000D+00 0.0000000000D+00 0.1014000000D+00 0.5826794000D+01 0.3298700000D+01 0.0000000000D+00 0.1250000000D+01
3 5620000515200006012451679.5 0.6413000000D+00 0.2120000000D-02 0.2360692000D+03 0.9814200000D+00 0.2106000000D-02 0.3469000000D+00 0.1669735000D+01 0.2327000000D+00 0.1966400000D+01 0.5759300000D+01 0.1867000000D+00 0.2800000000D-03 0.7106380000D+02 0.3649700000D+00 0.0000000000D+00 0.9550000000D-01 0.1851219000D+01 0.5557000000D+01 0.0000000000D+00 0.6025300000D+01
3 5720000601200006182451696.5 0.6435000000D+00-0.8870000000D-02 0.2394678000D+03 0.9837900000D+00 0.2366000000D-02 0.3767000000D+00 0.3964262000D+01 0.2659400000D+01 0.4106200000D+01 0.4219800000D+01 0.2020000000D+00-0.3530000000D-02 0.6589210000D+02 0.3293700000D+00 0.0000000000D+00 0.1115000000D+00 0.4163478000D+01 0.1517900000D+01 0.0000000000D+00 0.4391500000D+01
3 5820000618200007052451713.5 0.4594000000D+00 0.2060000000D-02 0.2450337000D+03 0.1001300000D+01 0.2089000000D-02 0.3735000000D+00 0.6261797000D+01 0.5098900000D+01 0.2984000000D+00 0.2614900000D+01 0.1377000000D+00 0.1100000000D-03 0.6103890000D+02 0.2898000000D+00 0.0000000000D+00 0.7970000000D-01 0.1997090000D+00 0.3765800000D+01 0.0000000000D+00 0.2752000000D+01
3 5920000705200007222451730.5 0.5259000000D+00-0.2010000000D-02 0.2528979000D+03 0.1018870000D+01 0.4006000000D-02 0.4132000000D+00 0.2280688000D+01 0.1233600000D+01 0.2816300000D+01 0.9593000000D+00 0.1225000000D+00-0.4500000000D-03 0.5656290000D+02 0.2400200000D+00 0.0000000000D+00 0.9340000000D-01 0.2527379000D+01 0.6002600000D+01 0.0000000000D+00 0.1295800000D+01
3 6020000722200008082451747.5 0.4508000000D+00-0.1007000000D-01 0.2629275000D+03 0.1030050000D+01 0.3984000000D-02 0.4547000000D+00 0.4588801000D+01 0.3704500000D+01 0.5252200000D+01 0.5732000000D+01 0.1321000000D+00-0.3110000000D-02 0.5267830000D+02 0.1859100000D+00 0.0000000000D+00 0.8260000000D-01 0.4864958000D+01 0.1932600000D+01 0.0000000000D+00 0.5843300000D+01
3 6120000808200008252451764.5 0.2540000000D+00 0.3750000000D-02 0.2752151000D+03 0.1042400000D+01 0.4395000000D-02 0.4497000000D+00 0.6220370000D+00 0.6198400000D+01 0.1562500000D+01 0.4149800000D+01 0.7970000000D-01 0.8000000000D-03 0.4959170000D+02 0.1210800000D+00 0.0000000000D+00 0.7020000000D-01 0.9315080000D+00 0.4165500000D+01 0.0000000000D+00 0.4659700000D+01
3 6220000825200009112451781.5 0.3513000000D+00-0.3380000000D-02 0.2897250000D+03 0.1030200000D+01 0.7264000000D-02 0.4978000000D+00 0.2948996000D+01 0.2414500000D+01 0.4024300000D+01 0.2544600000D+01 0.6230000000D-01-0.2300000000D-03 0.4753130000D+02 0.3027000000D-01 0.0000000000D+00 0.8950000000D-01 0.3291636000D+01 0.6272900000D+01 0.0000000000D+00 0.2789200000D+01
3 6320000911200009282451798.5 0.2460000000D+00-0.9630000000D-02 0.3057880000D+03 0.1039260000D+01 0.8206000000D-02 0.5383000000D+00 0.5288849000D+01 0.4998000000D+01 0.5578000000D+00 0.1051500000D+01 0.9610000000D-01-0.2750000000D-02 0.4694870000D+02 0.8295000000D-01 0.0000000000D+00 0.5830000000D-01 0.5657045000D+01 0.5830400000D+01 0.0000000000D+00 0.1576400000D+01
3 6420000928200010152451815.5 0.7610000000D-01 0.6810000000D-02 0.3227315000D+03 0.1008740000D+01 0.1007000000D-01 0.5288000000D+00 0.1360384000D+01 0.1358800000D+01 0.3299300000D+01 0.5799500000D+01 0.4080000000D-01 0.1580000000D-02 0.4831620000D+02 0.1998300000D+00 0.0000000000D+00 0.1032000000D+00 0.1740987000D+01 0.1796800000D+01 0.0000000000D+00 0.8240000000D-01
3 6520001015200011012451832.5 0.2279000000D+00-0.3600000000D-03 0.3388912000D+03 0.9241100000D+00 0.1170200000D-01 0.5683000000D+00 0.3731314000D+01 0.4092100000D+01 0.5920000000D+01 0.4242800000D+01 0.4490000000D-01 0.1200000000D-03 0.5179010000D+02 0.3114200000D+00 0.0000000000D+00 0.9520000000D-01 0.4107052000D+01 0.4120800000D+01 0.0000000000D+00 0.4425400000D+01
3 6620001101200011182451849.5 0.1885000000D+00-0.1005000000D-01 0.3515220000D+03 0.8861000000D+00 0.1520000000D-01 0.5885000000D+00 0.6117859000D+01 0.6243000000D+00 0.2534200000D+01 0.2800000000D+01 0.7050000000D-01-0.2470000000D-02 0.5719680000D+02 0.3736300000D+00 0.0000000000D+00 0.9470000000D-01 0.1882100000D+00 0.2303000000D+00 0.0000000000D+00 0.3121500000D+01
3 6720001118200012052451866.5 0.3380000000D-01 0.1131000000D-01 0.3583583000D+03 0.8603800000D+00 0.1526000000D-01 0.5326000000D+00 0.2232516000D+01 0.3590400000D+01 0.5396700000D+01 0.1292700000D+01 0.4020000000D-01 0.9700000000D-03 0.6369050000D+02 0.3373500000D+00 0.0000000000D+00 0.8230000000D-01 0.2555711000D+01 0.2656400000D+01 0.0000000000D+00 0.1749000000D+01
3 6820001205200012222451883.5 0.2793000000D+00-0.2190000000D-02 0.3574038000D+03 0.9162300000D+00 0.1363600000D-01 0.5251000000D+00 0.4634889000D+01 0.2875000000D+00 0.2055400000D+01 0.6021800000D+01 0.5750000000D-01 0.1610000000D-02 0.6950490000D+02 0.2107700000D+00 0.0000000000D+00 0.1383000000D+00 0.4928316000D+01 0.5109300000D+01 0.0000000000D+00 0.1982000000D+00
3 6920001222200101082451900.5 0.2106000000D+00-0.5890000000D-02 0.3487033000D+03 0.9613100000D+00 0.1289700000D-01 0.4843000000D+00 0.7503360000D+00 0.3152000000D+01 0.4793000000D+01 0.4573700000D+01 0.4670000000D-01-0.3050000000D-02 0.7297770000D+02 0.4043000000D-01 0.0000000000D+00 0.1159000000D+00 0.1017927000D+01 0.1802100000D+01 0.0000000000D+00 0.4502600000D+01
4 7019991231200001182451543.5 0.1906900000D+01 0.1046500000D+00 0.5217157000D+03 0.1857330000D+01 0.0000000000D+00 0.1261400000D+01 0.3503110000D+00 0.3839600000D+01 0.0000000000D+00 0.1503700000D+01 0.7107000000D+00 0.1773000000D-01 0.2197548000D+03 0.8882900000D+00 0.0000000000D+00 0.5282000000D+00 0.4834500000D+00 0.3922800000D+01 0.0000000000D+00 0.1657800000D+01
4 7120000118200002052451561.5 0.2211800000D+01 0.9772000000D-01 0.4917555000D+03 0.1833080000D+01 0.0000000000D+00 0.1258800000D+01 0.8226570000D+00 0.4554300000D+01 0.0000000000D+00 0.2466200000D+01 0.8079000000D+00 0.1751000000D-01 0.2048209000D+03 0.9298200000D+00 0.0000000000D+00 0.5236000000D+00 0.9541210000D+00 0.4534600000D+01 0.0000000000D+00 0.2618800000D+01
4 7220000205200002232451579.5 0.2684000000D+01 0.5655000000D-01 0.4657326000D+03 0.1774070000D+01 0.0000000000D+00 0.1217400000D+01 0.1278540000D+01 0.5228900000D+01 0.0000000000D+00 0.3389600000D+01 0.9722000000D+00 0.1170000000D-02 0.1899086000D+03 0.9202800000D+00 0.0000000000D+00 0.4962000000D+00 0.1410675000D+01 0.5090500000D+01 0.0000000000D+00 0.3541800000D+01
4 7320000223200003122451597.5 0.3036500000D+01 0.3038000000D-01 0.4450094000D+03 0.1736350000D+01 0.0000000000D+00 0.1210600000D+01 0.1721485000D+01 0.5872300000D+01 0.0000000000D+00 0.4323600000D+01 0.1050800000D+01-0.7620000000D-02 0.1758222000D+03 0.8917000000D+00 0.0000000000D+00 0.4798000000D+00 0.1856476000D+01 0.5604900000D+01 0.0000000000D+00 0.4471500000D+01
4 7420000312200003302451615.5 0.3599300000D+01-0.2198000000D-01 0.4295927000D+03 0.1718980000D+01 0.0000000000D+00 0.1232000000D+01 0.2155007000D+01 0.2196000000D+00 0.0000000000D+00 0.5284000000D+01 0.1124800000D+01-0.1837000000D-01 0.1626935000D+03 0.8460900000D+00 0.0000000000D+00 0.4620000000D+00 0.2294662000D+01 0.6087500000D+01 0.0000000000D+00 0.5418400000D+01
4 7520000330200004172451633.5 0.3687100000D+01-0.2359000000D-01 0.4196849000D+03 0.1722050000D+01 0.0000000000D+00 0.1237600000D+01 0.2581124000D+01 0.8026000000D+00 0.0000000000D+00 0.6187900000D+01 0.9605000000D+00-0.4320000000D-02 0.1505570000D+03 0.7936100000D+00 0.0000000000D+00 0.4249000000D+00 0.2727293000D+01 0.2364000000D+00 0.0000000000D+00 0.4880000000D-01
4 7620000417200005052451651.5 0.3822400000D+01-0.2065000000D-01 0.4145816000D+03 0.1732920000D+01 0.0000000000D+00 0.1272200000D+01 0.3003049000D+01 0.1373100000D+01 0.0000000000D+00 0.8262000000D+00 0.7973000000D+00 0.1285000000D-01 0.1391430000D+03 0.7267100000D+00 0.0000000000D+00 0.4018000000D+00 0.3158281000D+01 0.6490000000D+00 0.0000000000D+00 0.1009800000D+01
4 7720000505200005232451669.5 0.4025200000D+01-0.2540000000D-01 0.4141636000D+03 0.1748030000D+01 0.0000000000D+00 0.1302700000D+01 0.3422942000D+01 0.1929900000D+01 0.0000000000D+00 0.1758300000D+01 0.7316000000D+00 0.1943000000D-01 0.1284755000D+03 0.6600300000D+00 0.0000000000D+00 0.3828000000D+00 0.3590660000D+01 0.1048400000D+01 0.0000000000D+00 0.1975700000D+01
4 7820000523200006102451687.5 0.4327900000D+01-0.4326000000D-01 0.4183410000D+03 0.1786500000D+01 0.0000000000D+00 0.1331500000D+01 0.3843217000D+01 0.2474700000D+01 0.0000000000D+00 0.2663700000D+01 0.7486000000D+00 0.1458000000D-01 0.1185511000D+03 0.6026600000D+00 0.0000000000D+00 0.3585000000D+00 0.4026992000D+01 0.1441300000D+01 0.0000000000D+00 0.2904900000D+01
4 7920000610200006282451705.5 0.4190900000D+01-0.1510000000D-02 0.4262693000D+03 0.1806150000D+01 0.0000000000D+00 0.1425600000D+01 0.4265162000D+01 0.3055400000D+01 0.0000000000D+00 0.3596200000D+01 0.6969000000D+00 0.1846000000D-01 0.1091640000D+03 0.5302400000D+00 0.0000000000D+00 0.3468000000D+00 0.4469022000D+01 0.1824400000D+01 0.0000000000D+00 0.3865900000D+01
4 8020000628200007162451723.5 0.3801000000D+01 0.6830000000D-01 0.4383716000D+03 0.1871320000D+01 0.0000000000D+00 0.1502700000D+01 0.4691826000D+01 0.3654400000D+01 0.0000000000D+00 0.4513600000D+01 0.5716000000D+00 0.2754000000D-01 0.1004804000D+03 0.4484800000D+00 0.0000000000D+00 0.3291000000D+00 0.4920198000D+01 0.2218600000D+01 0.0000000000D+00 0.4811800000D+01
4 8120000716200008032451741.5 0.3605300000D+01 0.1358800000D+00 0.4552107000D+03 0.1950340000D+01 0.0000000000D+00 0.1576900000D+01 0.5124542000D+01 0.4250900000D+01 0.0000000000D+00 0.5431900000D+01 0.4380000000D+00 0.3907000000D-01 0.9280700000D+02 0.3564000000D+00 0.0000000000D+00 0.3098000000D+00 0.5382237000D+01 0.2629500000D+01 0.0000000000D+00 0.5750100000D+01
4 8220000803200008212451759.5 0.4526400000D+01 0.9035000000D-01 0.4770022000D+03 0.1923160000D+01 0.0000000000D+00 0.1736800000D+01 0.5563583000D+01 0.4865000000D+01 0.0000000000D+00 0.1212000000D+00 0.4100000000D+00 0.4067000000D-01 0.8654210000D+02 0.2484400000D+00 0.0000000000D+00 0.3032000000D+00 0.5855465000D+01 0.3055900000D+01 0.0000000000D+00 0.4473000000D+00
4 8320000821200009082451777.5 0.5674400000D+01 0.1341000000D-01 0.5026501000D+03 0.1886640000D+01 0.0000000000D+00 0.1881900000D+01 0.6013276000D+01 0.5553900000D+01 0.0000000000D+00 0.1069200000D+01 0.3760000000D+00 0.4487000000D-01 0.8218390000D+02 0.1092900000D+00 0.0000000000D+00 0.2926000000D+00 0.5745800000D-01 0.3669700000D+01 0.0000000000D+00 0.1402800000D+01
4 8420000908200009262451795.5 0.6686500000D+01-0.5319000000D-01 0.5319775000D+03 0.1860320000D+01 0.0000000000D+00 0.2023900000D+01 0.1943990000D+00 0.1250000000D-01 0.0000000000D+00 0.2035800000D+01 0.3823000000D+00 0.5010000000D-01 0.8054270000D+02 0.8851000000D-01 0.0000000000D+00 0.2889000000D+00 0.5509630000D+00 0.1099000000D+00 0.0000000000D+00 0.2361800000D+01
4 8520000926200010142451813.5 0.7472400000D+01-0.1212700000D+00 0.5634523000D+03 0.1815280000D+01 0.0000000000D+00 0.2179300000D+01 0.6757840000D+00 0.8165000000D+00 0.0000000000D+00 0.3059400000D+01 0.6137000000D+00 0.3404000000D-01 0.8227050000D+02 0.3070200000D+00 0.0000000000D+00 0.2884000000D+00 0.1046942000D+01 0.9371000000D+00 0.0000000000D+00 0.3374400000D+01
4 8620001014200011012451831.5 0.7790200000D+01-0.1839500000D+00 0.5936623000D+03 0.1754050000D+01 0.0000000000D+00 0.2290000000D+01 0.1175615000D+01 0.1710700000D+01 0.0000000000D+00 0.4089900000D+01 0.1001700000D+01-0.6080000000D-02 0.8798760000D+02 0.5427500000D+00 0.0000000000D+00 0.3074000000D+00 0.1542545000D+01 0.1497700000D+01 0.0000000000D+00 0.4438000000D+01
4 8720001101200011192451849.5 0.6558200000D+01-0.6684000000D-01 0.6187918000D+03 0.1587030000D+01 0.0000000000D+00 0.2390600000D+01 0.1692774000D+01 0.2750100000D+01 0.0000000000D+00 0.5108500000D+01 0.1081800000D+01-0.1855000000D-01 0.9781330000D+02 0.6667200000D+00 0.0000000000D+00 0.3707000000D+00 0.2036645000D+01 0.2053500000D+01 0.0000000000D+00 0.5434900000D+01
4 8820001119200012072451867.5 0.4192000000D+01 0.2146900000D+00 0.6321770000D+03 0.1710220000D+01 0.0000000000D+00 0.2286300000D+01 0.2220962000D+01 0.3946000000D+01 0.0000000000D+00 0.6161800000D+01 0.5250000000D+00 0.4502000000D-01 0.1097634000D+03 0.5882700000D+00 0.0000000000D+00 0.4022000000D+00 0.2529627000D+01 0.2725000000D+01 0.0000000000D+00 0.1314000000D+00
4 8920001207200012252451885.5 0.3836600000D+01 0.3091800000D+00 0.6286992000D+03 0.1900410000D+01 0.0000000000D+00 0.2204100000D+01 0.2756293000D+01 0.4952600000D+01 0.0000000000D+00 0.9361000000D+00 0.1279000000D+00 0.1087600000D+00 0.1200866000D+03 0.3741100000D+00 0.0000000000D+00 0.4251000000D+00 0.3030529000D+01 0.3552400000D+01 0.0000000000D+00 0.1140500000D+01
4 9020001225200101122451903.5 0.6171800000D+01 0.6270000000D-01 0.6110618000D+03 0.1855480000D+01 0.0000000000D+00 0.2122600000D+01 0.3289698000D+01 0.5955400000D+01 0.0000000000D+00 0.1913200000D+01 0.5711000000D+00 0.8064000000D-01 0.1259020000D+03 0.1286800000D+00 0.0000000000D+00 0.4357000000D+00 0.3538240000D+01 0.5166800000D+01 0.0000000000D+00 0.2089400000D+01
