 7 5   2  44  56  71  95 4.4880 2.4930 1.5162 0.7217 0.4667  9.0 31.0 27.0 17.0 22.0  112 2455196.5000 2010                                                                                                                                                                                                                                                                      
1  220091231201001092455196.4 0.5500000000D-02 0.0000000000D+00 0.2904800000D+01 0.1300600000D+00 0.2784000000D-02 0.2000000000D-02 0.3609882000D+01 0.2034800000D+01 0.2827000000D+00 0.2651900000D+01-0.1860000000D-01 0.2400000000D-03 0.8429900000D+01 0.3682500000D+00 0.7688000000D-02 0.5900000000D-02 0.1014210000D+01 0.5702700000D+01 0.3920000000D+01 0.2710000000D-01
1  320100109201001182455205.4 0.4400000000D-02 0.2100000000D-03 0.2905900000D+01 0.1306600000D+00 0.2853000000D-02 0.2100000000D-02 0.5904768000D+01 0.4337400000D+01 0.2591300000D+01 0.7671000000D+00-0.1530000000D-01-0.4100000000D-03 0.8366200000D+01 0.3651200000D+00 0.7795000000D-02 0.5100000000D-02 0.3319748000D+01 0.1731100000D+01 0.6228500000D+01 0.4470400000D+01
1  420100118201001272455214.4 0.5300000000D-02-0.1000000000D-04 0.2913300000D+01 0.1315100000D+00 0.2856000000D-02 0.1800000000D-02 0.1914679000D+01 0.3505000000D+00 0.4893100000D+01 0.5448800000D+01-0.1550000000D-01-0.1900000000D-03 0.8311800000D+01 0.3611900000D+00 0.7546000000D-02 0.5300000000D-02 0.5625918000D+01 0.4035300000D+01 0.2264500000D+01 0.2975200000D+01
1  520100127201002052455223.4 0.6000000000D-02-0.1400000000D-03 0.2926200000D+01 0.1330500000D+00 0.2896000000D-02 0.1900000000D-02 0.4206581000D+01 0.2647100000D+01 0.8877000000D+00 0.3737000000D+01-0.1730000000D-01 0.2400000000D-03 0.8262000000D+01 0.3596000000D+00 0.7468000000D-02 0.5100000000D-02 0.1649982000D+01 0.6060000000D-01 0.4555800000D+01 0.1262500000D+01
1  620100205201002142455232.4 0.5900000000D-02-0.7000000000D-04 0.2944500000D+01 0.1336700000D+00 0.2979000000D-02 0.1600000000D-02 0.2135730000D+00 0.4946500000D+01 0.3206200000D+01 0.2089200000D+01-0.1930000000D-01 0.5600000000D-03 0.8216700000D+01 0.3565500000D+00 0.7557000000D-02 0.5200000000D-02 0.3957522000D+01 0.2375000000D+01 0.5951000000D+00 0.6045600000D+01
1  720100214201002232455241.4 0.5000000000D-02 0.1100000000D-03 0.2970100000D+01 0.1351200000D+00 0.2954000000D-02 0.2000000000D-02 0.2503672000D+01 0.9537000000D+00 0.5495100000D+01 0.4450000000D+00-0.1660000000D-01-0.6000000000D-04 0.8183800000D+01 0.3542600000D+00 0.7326000000D-02 0.5500000000D-02 0.6265990000D+01 0.4681400000D+01 0.2908700000D+01 0.4192700000D+01
1  820100223201003042455250.4 0.4500000000D-02 0.1900000000D-03 0.3000300000D+01 0.1369000000D+00 0.2984000000D-02 0.1800000000D-02 0.4793675000D+01 0.3247200000D+01 0.1493300000D+01 0.5104600000D+01-0.1360000000D-01-0.5900000000D-03 0.8156500000D+01 0.3522500000D+00 0.7301000000D-02 0.5800000000D-02 0.2291916000D+01 0.7109000000D+00 0.5227600000D+01 0.2621200000D+01
1  920100304201003132455259.4 0.6000000000D-02-0.1300000000D-03 0.3035500000D+01 0.1377900000D+00 0.3032000000D-02 0.2200000000D-02 0.8001190000D+00 0.5542300000D+01 0.3809400000D+01 0.3394400000D+01-0.1640000000D-01 0.1400000000D-03 0.8137700000D+01 0.3503800000D+00 0.7298000000D-02 0.6100000000D-02 0.4601590000D+01 0.3024600000D+01 0.1266000000D+01 0.8008000000D+00
1 1020100313201003222455268.4 0.6400000000D-02-0.1700000000D-03 0.3075200000D+01 0.1397200000D+00 0.3086000000D-02 0.2200000000D-02 0.3090812000D+01 0.1553700000D+01 0.6092900000D+01 0.1643400000D+01-0.1840000000D-01 0.5200000000D-03 0.8127300000D+01 0.3507200000D+00 0.7309000000D-02 0.5600000000D-02 0.6291470000D+00 0.5338200000D+01 0.3564300000D+01 0.5400300000D+01
1 1120100322201003312455277.4 0.5200000000D-02 0.1500000000D-03 0.3119400000D+01 0.1410300000D+00 0.3093000000D-02 0.2500000000D-02 0.5382007000D+01 0.3846900000D+01 0.2115600000D+01 0.6280200000D+01-0.1720000000D-01 0.9000000000D-04 0.8125300000D+01 0.3486100000D+00 0.7314000000D-02 0.6200000000D-02 0.2939791000D+01 0.1370600000D+01 0.5904300000D+01 0.3653200000D+01
1 1220100331201004092455286.4 0.4900000000D-02 0.1600000000D-03 0.3167400000D+01 0.1428100000D+00 0.3117000000D-02 0.2200000000D-02 0.1391532000D+01 0.6140400000D+01 0.4406400000D+01 0.4437300000D+01-0.1500000000D-01-0.3200000000D-03 0.8135100000D+01 0.3492000000D+00 0.7233000000D-02 0.5200000000D-02 0.5251543000D+01 0.3682400000D+01 0.1926300000D+01 0.2047800000D+01
1 1320100409201004182455295.4 0.5500000000D-02 0.0000000000D+00 0.3216400000D+01 0.1450600000D+00 0.3224000000D-02 0.2400000000D-02 0.3685748000D+01 0.2157400000D+01 0.4065000000D+00 0.2757500000D+01-0.1400000000D-01-0.3800000000D-03 0.8150200000D+01 0.3510300000D+00 0.7267000000D-02 0.5400000000D-02 0.1280726000D+01 0.5997700000D+01 0.4225300000D+01 0.3362000000D+00
1 1420100418201004272455304.4 0.6500000000D-02-0.1500000000D-03 0.3269700000D+01 0.1463300000D+00 0.3183000000D-02 0.2200000000D-02 0.5981041000D+01 0.4449900000D+01 0.2713900000D+01 0.1035600000D+01-0.1750000000D-01 0.3800000000D-03 0.8175400000D+01 0.3498600000D+00 0.7227000000D-02 0.5000000000D-02 0.3592685000D+01 0.2028900000D+01 0.2858000000D+00 0.5049900000D+01
1 1520100427201005062455313.4 0.6500000000D-02-0.7000000000D-04 0.3324200000D+01 0.1482200000D+00 0.3193000000D-02 0.2000000000D-02 0.1995333000D+01 0.4623000000D+00 0.5005600000D+01 0.5680200000D+01-0.1890000000D-01 0.5100000000D-03 0.8208200000D+01 0.3513300000D+00 0.7309000000D-02 0.5400000000D-02 0.5905419000D+01 0.4344700000D+01 0.2601600000D+01 0.3462000000D+01
1 1620100506201005152455322.4 0.4900000000D-02 0.2700000000D-03 0.3377300000D+01 0.1500500000D+00 0.3253000000D-02 0.2100000000D-02 0.4294426000D+01 0.2763700000D+01 0.1017600000D+01 0.3956500000D+01-0.1510000000D-01-0.3700000000D-03 0.8247300000D+01 0.3529100000D+00 0.7294000000D-02 0.5100000000D-02 0.1935023000D+01 0.3759000000D+00 0.4919300000D+01 0.1801700000D+01
1 1720100515201005242455331.4 0.5300000000D-02 0.1200000000D-03 0.3431700000D+01 0.1515000000D+00 0.3244000000D-02 0.2100000000D-02 0.3121300000D+00 0.5061100000D+01 0.3318800000D+01 0.2405300000D+01-0.1420000000D-01-0.4200000000D-03 0.8294100000D+01 0.3548200000D+00 0.7356000000D-02 0.5800000000D-02 0.4247932000D+01 0.2690400000D+01 0.9519000000D+00 0.9610000000D-01
1 1820100524201006022455340.4 0.7000000000D-02-0.2000000000D-03 0.3483700000D+01 0.1525600000D+00 0.3290000000D-02 0.2300000000D-02 0.2614913000D+01 0.1080800000D+01 0.5638600000D+01 0.7873000000D+00-0.1620000000D-01 0.8000000000D-04 0.8342800000D+01 0.3574500000D+00 0.7622000000D-02 0.6100000000D-02 0.2777080000D+00 0.5010000000D+01 0.3270200000D+01 0.4680400000D+01
1 1920100602201006112455349.4 0.6800000000D-02-0.7000000000D-04 0.3533400000D+01 0.1542500000D+00 0.3301000000D-02 0.2300000000D-02 0.4919779000D+01 0.3383100000D+01 0.1642900000D+01 0.5395200000D+01-0.1840000000D-01 0.4200000000D-03 0.8400800000D+01 0.3601200000D+00 0.7506000000D-02 0.6000000000D-02 0.2590392000D+01 0.1036600000D+01 0.5579500000D+01 0.3021900000D+01
1 2020100611201006202455358.4 0.6000000000D-02 0.1300000000D-03 0.3579900000D+01 0.1559600000D+00 0.3344000000D-02 0.2800000000D-02 0.9435740000D+00 0.5687400000D+01 0.3928600000D+01 0.3711800000D+01-0.1810000000D-01 0.2000000000D-03 0.8462300000D+01 0.3633800000D+00 0.7575000000D-02 0.6200000000D-02 0.4903052000D+01 0.3348800000D+01 0.1604200000D+01 0.1182200000D+01
1 2120100620201006292455367.4 0.5400000000D-02 0.2100000000D-03 0.3621500000D+01 0.1563900000D+00 0.3358000000D-02 0.2600000000D-02 0.3251924000D+01 0.1710300000D+01 0.6253500000D+01 0.2017800000D+01-0.1390000000D-01-0.6100000000D-03 0.8522200000D+01 0.3663300000D+00 0.7729000000D-02 0.6000000000D-02 0.9320030000D+00 0.5663800000D+01 0.3921800000D+01 0.5878700000D+01
1 2220100629201007082455376.4 0.6400000000D-02 0.0000000000D+00 0.3659200000D+01 0.1576700000D+00 0.3336000000D-02 0.2800000000D-02 0.5562514000D+01 0.4014300000D+01 0.2254900000D+01 0.2992000000D+00-0.1480000000D-01-0.2900000000D-03 0.8586600000D+01 0.3697600000D+00 0.7733000000D-02 0.5900000000D-02 0.3243730000D+01 0.1689800000D+01 0.6226100000D+01 0.4160100000D+01
1 2320100708201007172455385.4 0.7900000000D-02-0.2600000000D-03 0.3690400000D+01 0.1583600000D+00 0.3320000000D-02 0.2600000000D-02 0.1591650000D+01 0.3730000000D-01 0.4557000000D+01 0.4802200000D+01-0.1900000000D-01 0.5500000000D-03 0.8649400000D+01 0.3714800000D+00 0.7831000000D-02 0.5100000000D-02 0.5554782000D+01 0.4001000000D+01 0.2277300000D+01 0.2586300000D+01
1 2420100717201007262455394.4 0.6700000000D-02 0.5000000000D-04 0.3714200000D+01 0.1583100000D+00 0.3298000000D-02 0.2500000000D-02 0.3905333000D+01 0.2345800000D+01 0.5901000000D+00 0.3230700000D+01-0.1830000000D-01 0.2300000000D-03 0.8709200000D+01 0.3755300000D+00 0.7910000000D-02 0.5700000000D-02 0.1582347000D+01 0.2740000000D-01 0.4573000000D+01 0.9000000000D+00
1 2520100726201008042455403.4 0.5500000000D-02 0.2900000000D-03 0.3730300000D+01 0.1584300000D+00 0.3354000000D-02 0.2200000000D-02 0.6220640000D+01 0.4659000000D+01 0.2894600000D+01 0.1431900000D+01-0.1590000000D-01-0.3100000000D-03 0.8764700000D+01 0.3797200000D+00 0.8126000000D-02 0.5300000000D-02 0.3892448000D+01 0.2338300000D+01 0.5823000000D+00 0.5691400000D+01
1 2620100804201008132455412.4 0.6500000000D-02 0.3000000000D-04 0.3739700000D+01 0.1579200000D+00 0.3271000000D-02 0.2300000000D-02 0.2254148000D+01 0.6836000000D+00 0.5211500000D+01 0.6198600000D+01-0.1450000000D-01-0.4600000000D-03 0.8816600000D+01 0.3808500000D+00 0.8149000000D-02 0.5900000000D-02 0.6201407000D+01 0.4644900000D+01 0.2914300000D+01 0.3937600000D+01
1 2720100813201008222455421.4 0.7500000000D-02-0.1400000000D-03 0.3740500000D+01 0.1579500000D+00 0.3259000000D-02 0.2300000000D-02 0.4572386000D+01 0.2996100000D+01 0.1221100000D+01 0.4507200000D+01-0.1660000000D-01 0.2000000000D-04 0.8862700000D+01 0.3850800000D+00 0.8184000000D-02 0.5900000000D-02 0.2226952000D+01 0.6664000000D+00 0.5196700000D+01 0.2274500000D+01
1 2820100822201008312455430.4 0.7700000000D-02-0.1200000000D-03 0.3732500000D+01 0.1572000000D+00 0.3319000000D-02 0.2400000000D-02 0.6081200000D+00 0.5314400000D+01 0.3538500000D+01 0.3040900000D+01-0.2010000000D-01 0.6500000000D-03 0.8899400000D+01 0.3877500000D+00 0.8292000000D-02 0.6900000000D-02 0.4534672000D+01 0.2972000000D+01 0.1212800000D+01 0.5618000000D+00
1 2920100831201009092455439.4 0.6500000000D-02 0.1500000000D-03 0.3719500000D+01 0.1562600000D+00 0.3189000000D-02 0.2500000000D-02 0.2927847000D+01 0.1340000000D+01 0.5849800000D+01 0.1183600000D+01-0.1720000000D-01-0.8000000000D-04 0.8927600000D+01 0.3888700000D+00 0.8263000000D-02 0.5900000000D-02 0.5582680000D+00 0.5274100000D+01 0.3524200000D+01 0.5074900000D+01
1 3020100909201009182455448.4 0.5700000000D-02 0.2600000000D-03 0.3698400000D+01 0.1552800000D+00 0.3187000000D-02 0.2700000000D-02 0.5248013000D+01 0.3656800000D+01 0.1880500000D+01 0.5966500000D+01-0.1390000000D-01-0.7000000000D-03 0.8943300000D+01 0.3904100000D+00 0.8462000000D-02 0.6900000000D-02 0.2864269000D+01 0.1297300000D+01 0.5823700000D+01 0.3363200000D+01
1 3120100918201009272455457.4 0.7400000000D-02-0.1300000000D-03 0.3671200000D+01 0.1540300000D+00 0.3176000000D-02 0.2700000000D-02 0.1285016000D+01 0.5974000000D+01 0.4201000000D+01 0.4150900000D+01-0.1630000000D-01-0.1000000000D-04 0.8951000000D+01 0.3909800000D+00 0.8364000000D-02 0.6000000000D-02 0.5169586000D+01 0.3596500000D+01 0.1841000000D+01 0.1634300000D+01
1 3220100927201010062455466.4 0.8000000000D-02-0.2000000000D-03 0.3639500000D+01 0.1532800000D+00 0.3139000000D-02 0.2500000000D-02 0.3605249000D+01 0.2006500000D+01 0.2214000000D+00 0.2532000000D+01-0.1840000000D-01 0.3900000000D-03 0.8945500000D+01 0.3927700000D+00 0.8377000000D-02 0.6100000000D-02 0.1191498000D+01 0.5897300000D+01 0.4121500000D+01 0.4950000000D-01
1 3320101006201010152455475.4 0.6800000000D-02 0.8000000000D-04 0.3603600000D+01 0.1514400000D+00 0.3148000000D-02 0.2600000000D-02 0.5924343000D+01 0.4326400000D+01 0.2564600000D+01 0.7023000000D+00-0.1840000000D-01 0.2600000000D-03 0.8926100000D+01 0.3916300000D+00 0.8565000000D-02 0.5100000000D-02 0.3495446000D+01 0.1920000000D+01 0.1497000000D+00 0.4555500000D+01
1 3420101015201010242455484.4 0.6200000000D-02 0.1800000000D-03 0.3566900000D+01 0.1508200000D+00 0.3092000000D-02 0.2300000000D-02 0.1959812000D+01 0.3573000000D+00 0.4862600000D+01 0.5426700000D+01-0.1560000000D-01-0.3300000000D-03 0.8902300000D+01 0.3909800000D+00 0.8310000000D-02 0.5800000000D-02 0.5799243000D+01 0.4214900000D+01 0.2440100000D+01 0.3047500000D+01
1 3520101024201011022455493.4 0.6300000000D-02 0.7000000000D-04 0.3527800000D+01 0.1502800000D+00 0.3103000000D-02 0.2200000000D-02 0.4277075000D+01 0.2675600000D+01 0.8843000000D+00 0.3673600000D+01-0.1350000000D-01-0.6000000000D-03 0.8864700000D+01 0.3900800000D+00 0.8283000000D-02 0.5100000000D-02 0.1819596000D+01 0.2325000000D+00 0.4733500000D+01 0.1391700000D+01
1 3620101102201011112455502.4 0.7700000000D-02-0.1900000000D-03 0.3489900000D+01 0.1486600000D+00 0.3083000000D-02 0.2000000000D-02 0.3088210000D+00 0.4991700000D+01 0.3227900000D+01 0.2076000000D+01-0.1750000000D-01 0.3600000000D-03 0.8817400000D+01 0.3872400000D+00 0.8310000000D-02 0.5700000000D-02 0.4122522000D+01 0.2535300000D+01 0.7600000000D+00 0.6036500000D+01
1 3720101111201011202455511.4 0.7700000000D-02-0.1500000000D-03 0.3454300000D+01 0.1483000000D+00 0.3062000000D-02 0.2200000000D-02 0.2622326000D+01 0.1021400000D+01 0.5534500000D+01 0.4699000000D+00-0.1900000000D-01 0.5500000000D-03 0.8764400000D+01 0.3856000000D+00 0.8243000000D-02 0.6000000000D-02 0.1425870000D+00 0.4835500000D+01 0.3051100000D+01 0.4268800000D+01
1 3820101120201011292455520.4 0.6000000000D-02 0.2100000000D-03 0.3420300000D+01 0.1476300000D+00 0.3062000000D-02 0.2100000000D-02 0.4933204000D+01 0.3335500000D+01 0.1573500000D+01 0.5131800000D+01-0.1550000000D-01-0.2600000000D-03 0.8703700000D+01 0.3816600000D+00 0.8157000000D-02 0.6300000000D-02 0.2445467000D+01 0.8545000000D+00 0.5367900000D+01 0.2641700000D+01
1 3920101129201012082455529.4 0.6100000000D-02 0.1200000000D-03 0.3390600000D+01 0.1472600000D+00 0.3087000000D-02 0.2500000000D-02 0.9585560000D+00 0.5647500000D+01 0.3887400000D+01 0.3421800000D+01-0.1410000000D-01-0.3900000000D-03 0.8640900000D+01 0.3796300000D+00 0.8090000000D-02 0.6400000000D-02 0.4748910000D+01 0.3155900000D+01 0.1368200000D+01 0.8261000000D+00
1 4020101208201012172455538.4 0.7200000000D-02-0.1400000000D-03 0.3364400000D+01 0.1471700000D+00 0.3160000000D-02 0.2400000000D-02 0.3264582000D+01 0.1677700000D+01 0.6202400000D+01 0.1729400000D+01-0.1490000000D-01-0.5000000000D-04 0.8572100000D+01 0.3772700000D+00 0.8114000000D-02 0.6200000000D-02 0.7694550000D+00 0.5461300000D+01 0.3662400000D+01 0.5397100000D+01
1 4120101217201012262455547.4 0.7500000000D-02-0.1500000000D-03 0.3344400000D+01 0.1471100000D+00 0.3128000000D-02 0.2500000000D-02 0.5567969000D+01 0.3982900000D+01 0.2228700000D+01 0.3810000000D-01-0.1760000000D-01 0.4700000000D-03 0.8505500000D+01 0.3725900000D+00 0.7897000000D-02 0.6300000000D-02 0.3073094000D+01 0.1479800000D+01 0.5979600000D+01 0.3703600000D+01
1 4220101226201101042455556.4 0.6900000000D-02 0.0000000000D+00 0.3330400000D+01 0.1478700000D+00 0.3149000000D-02 0.2400000000D-02 0.1586329000D+01 0.4000000000D-02 0.4518700000D+01 0.4496500000D+01-0.1750000000D-01 0.3600000000D-03 0.8441500000D+01 0.3698300000D+00 0.7765000000D-02 0.5300000000D-02 0.5377744000D+01 0.3782500000D+01 0.1991400000D+01 0.2003000000D+01
1 4320110104201101132455565.4 0.5700000000D-02 0.2100000000D-03 0.3320900000D+01 0.1480800000D+00 0.3201000000D-02 0.2300000000D-02 0.3885192000D+01 0.2310200000D+01 0.5507000000D+00 0.2838900000D+01-0.1310000000D-01-0.5100000000D-03 0.8375800000D+01 0.3662700000D+00 0.7676000000D-02 0.5400000000D-02 0.1399515000D+01 0.6089300000D+01 0.4302300000D+01 0.3530000000D+00
2 4420091231201001312455196.4 0.5000000000D-02 0.0000000000D+00 0.3643800000D+01 0.5900000000D-02 0.6600000000D-04 0.2000000000D-02 0.4666754000D+01 0.2917900000D+01 0.3635900000D+01 0.4678500000D+01-0.1700000000D-01 0.0000000000D+00 0.1246710000D+02 0.1024000000D-01 0.6100000000D-04 0.5800000000D-02 0.1871188000D+01 0.5125300000D+01 0.2592900000D+01 0.1878600000D+01
2 4520100131201003032455227.4 0.5400000000D-02-0.1000000000D-04 0.3651900000D+01 0.9390000000D-02 0.4100000000D-04 0.1700000000D-02 0.2043590000D+00 0.5100500000D+01 0.5893000000D+01 0.2283500000D+01-0.1750000000D-01 0.5000000000D-04 0.1219780000D+02 0.7340000000D-02 0.8600000000D-04 0.5800000000D-02 0.3756294000D+01 0.4132000000D+00 0.4178700000D+01 0.5909400000D+01
2 4620100303201004032455258.4 0.5500000000D-02 0.0000000000D+00 0.3749900000D+01 0.1129000000D-01 0.2500000000D-04 0.1900000000D-02 0.2007103000D+01 0.8570000000D+00 0.2346600000D+01 0.5926200000D+01-0.1810000000D-01 0.7000000000D-04 0.1204990000D+02 0.4440000000D-02 0.8500000000D-04 0.6000000000D-02 0.5647602000D+01 0.1517300000D+01 0.5911900000D+01 0.3325000000D+01
2 4720100403201005042455289.4 0.5100000000D-02 0.2000000000D-04 0.3927400000D+01 0.1157000000D-01 0.3300000000D-04 0.1900000000D-02 0.3812668000D+01 0.2880100000D+01 0.5252400000D+01 0.3501900000D+01-0.1650000000D-01-0.2000000000D-04 0.1205360000D+02 0.5730000000D-02 0.6900000000D-04 0.6200000000D-02 0.1260451000D+01 0.2335900000D+01 0.1366800000D+01 0.9339000000D+00
2 4820100504201006042455320.4 0.5500000000D-02 0.0000000000D+00 0.4152500000D+01 0.1023000000D-01 0.5500000000D-04 0.2100000000D-02 0.5635771000D+01 0.4917100000D+01 0.1266100000D+01 0.8230000000D+00-0.1660000000D-01 0.0000000000D+00 0.1220490000D+02 0.8900000000D-02 0.4600000000D-04 0.5800000000D-02 0.3158608000D+01 0.3788600000D+01 0.3000500000D+01 0.4516800000D+01
2 4920100604201007052455351.4 0.5800000000D-02 0.0000000000D+00 0.4375600000D+01 0.7460000000D-02 0.7800000000D-04 0.2000000000D-02 0.1201146000D+01 0.7487000000D+00 0.3371500000D+01 0.4399700000D+01-0.1760000000D-01 0.4000000000D-04 0.1247140000D+02 0.1117000000D-01 0.3300000000D-04 0.5000000000D-02 0.5055781000D+01 0.5466600000D+01 0.3731100000D+01 0.2128400000D+01
2 5020100705201008052455382.4 0.5700000000D-02 0.0000000000D+00 0.4541700000D+01 0.3900000000D-02 0.8500000000D-04 0.1800000000D-02 0.3077171000D+01 0.3287200000D+01 0.5454900000D+01 0.2205900000D+01-0.1700000000D-01 0.0000000000D+00 0.1279690000D+02 0.1098000000D-01 0.6500000000D-04 0.6600000000D-02 0.6656390000D+00 0.9187000000D+00 0.4858500000D+01 0.6053600000D+01
2 5120100805201009052455413.4 0.6200000000D-02-0.1000000000D-04 0.4601600000D+01 0.4540000000D-02 0.7400000000D-04 0.2200000000D-02 0.4979633000D+01 0.2941000000D+00 0.1316500000D+01 0.5832000000D+01-0.1790000000D-01 0.5000000000D-04 0.1309400000D+02 0.8440000000D-02 0.9200000000D-04 0.5500000000D-02 0.2552909000D+01 0.2479900000D+01 0.6183500000D+01 0.3273900000D+01
2 5220100905201010062455444.4 0.6100000000D-02 0.0000000000D+00 0.4540500000D+01 0.8020000000D-02 0.3900000000D-04 0.1800000000D-02 0.6195490000D+00 0.2699700000D+01 0.3991000000D+01 0.3385700000D+01-0.1900000000D-01 0.7000000000D-04 0.1327580000D+02 0.4810000000D-02 0.1080000000D-03 0.5800000000D-02 0.4433127000D+01 0.3587900000D+01 0.1515000000D+01 0.8401000000D+00
2 5320101006201011062455475.4 0.5500000000D-02 0.2000000000D-04 0.4389100000D+01 0.8990000000D-02 0.5400000000D-04 0.1900000000D-02 0.2551483000D+01 0.4846900000D+01 0.1030600000D+01 0.6981000000D+00-0.1760000000D-01 0.0000000000D+00 0.1327400000D+02 0.6130000000D-02 0.8800000000D-04 0.4900000000D-02 0.2454000000D-01 0.4155400000D+01 0.3207500000D+01 0.4399900000D+01
2 5420101106201012072455506.4 0.5500000000D-02 0.0000000000D+00 0.4210800000D+01 0.6610000000D-02 0.8400000000D-04 0.1400000000D-02 0.4473404000D+01 0.7860000000D+00 0.3338700000D+01 0.4742200000D+01-0.1690000000D-01 0.0000000000D+00 0.1308690000D+02 0.1037000000D-01 0.4600000000D-04 0.6000000000D-02 0.1897102000D+01 0.5569500000D+01 0.4416100000D+01 0.2208400000D+01
2 5520101207201101072455537.4 0.5200000000D-02 0.1000000000D-04 0.4069900000D+01 0.3720000000D-02 0.8700000000D-04 0.2100000000D-02 0.8320900000D-01 0.3590300000D+01 0.5369500000D+01 0.2050300000D+01-0.1620000000D-01-0.1000000000D-04 0.1277620000D+02 0.1163000000D-01 0.3600000000D-04 0.6100000000D-02 0.3771133000D+01 0.9143000000D+00 0.4907600000D+01 0.5559400000D+01
3 5620091231201001272455196.4-0.4200000000D-02 0.1600000000D-03 0.5107500000D+01 0.7940000000D-02 0.9900000000D-04 0.9100000000D-02 0.1390533000D+01 0.5878500000D+01 0.4366000000D+00 0.5967200000D+01-0.1310000000D-01-0.8400000000D-03 0.1735890000D+02 0.1463000000D-01 0.9100000000D-04 0.3070000000D-01 0.4872955000D+01 0.1734000000D+01 0.5386400000D+01 0.3195000000D+01
3 5720100127201002232455223.4-0.2000000000D-03-0.3100000000D-03 0.5108200000D+01 0.1206000000D-01 0.6900000000D-04 0.1080000000D-01 0.4576457000D+01 0.3148300000D+01 0.3839400000D+01 0.6089600000D+01-0.3780000000D-01 0.6000000000D-03 0.1702270000D+02 0.1150000000D-01 0.1170000000D-03 0.3440000000D-01 0.1829761000D+01 0.4676800000D+01 0.2001200000D+01 0.3385600000D+01
3 5820100223201003222455250.4-0.9600000000D-02-0.1000000000D-03 0.5203300000D+01 0.1496000000D-01 0.4000000000D-04 0.1060000000D-01 0.1463315000D+01 0.2575000000D+00 0.1203700000D+01 0.8330000000D-01-0.1940000000D-01 0.4500000000D-03 0.1680910000D+02 0.7260000000D-02 0.1150000000D-03 0.3350000000D-01 0.5074500000D+01 0.1155200000D+01 0.5220200000D+01 0.3724000000D+01
3 5920100322201004182455277.4-0.1010000000D-01 0.1500000000D-03 0.5388800000D+01 0.1626000000D-01 0.2700000000D-04 0.9900000000D-02 0.4630315000D+01 0.3615700000D+01 0.5691800000D+01 0.6960000000D-01-0.1190000000D-01-0.8600000000D-03 0.1675400000D+02 0.5800000000D-02 0.9600000000D-04 0.2990000000D-01 0.2038612000D+01 0.3374900000D+01 0.2269000000D+01 0.3796200000D+01
3 6020100418201005152455304.4-0.5400000000D-02-0.3100000000D-03 0.5640800000D+01 0.1580000000D-01 0.6400000000D-04 0.1180000000D-01 0.1522643000D+01 0.6662000000D+00 0.3220400000D+01 0.1523000000D+00-0.3890000000D-01 0.1600000000D-03 0.1686060000D+02 0.8790000000D-02 0.9700000000D-04 0.3410000000D-01 0.5286995000D+01 0.5987100000D+01 0.5558000000D+01 0.3947100000D+01
3 6120100515201006112455331.4-0.1580000000D-01-0.1100000000D-03 0.5920200000D+01 0.1324000000D-01 0.8100000000D-04 0.1250000000D-01 0.4714151000D+01 0.4047700000D+01 0.4276000000D+00 0.4695000000D+00-0.2850000000D-01 0.6100000000D-03 0.1710810000D+02 0.1338000000D-01 0.5400000000D-04 0.3550000000D-01 0.2251918000D+01 0.2704800000D+01 0.1596700000D+01 0.4300100000D+01
3 6220100611201007082455358.4-0.1770000000D-01 0.3000000000D-03 0.6178500000D+01 0.9290000000D-02 0.1030000000D-03 0.1120000000D-01 0.1642113000D+01 0.1218800000D+01 0.3846200000D+01 0.5879000000D+00-0.1070000000D-01-0.9200000000D-03 0.1746130000D+02 0.1552000000D-01 0.8100000000D-04 0.3160000000D-01 0.5497627000D+01 0.5800800000D+01 0.3889800000D+01 0.4422200000D+01
3 6320100708201008042455385.4-0.9600000000D-02-0.1200000000D-03 0.6361900000D+01 0.4920000000D-02 0.1200000000D-03 0.1250000000D-01 0.4873846000D+01 0.5081500000D+01 0.9347000000D+00 0.6861000000D+00-0.3800000000D-01-0.2200000000D-03 0.1785780000D+02 0.1505000000D-01 0.8900000000D-04 0.3550000000D-01 0.2456649000D+01 0.2552800000D+01 0.1680000000D+00 0.4535600000D+01
3 6420100804201008312455412.4-0.1600000000D-01-0.1000000000D-03 0.6431300000D+01 0.5940000000D-02 0.1060000000D-03 0.1350000000D-01 0.1842781000D+01 0.3394600000D+01 0.4473900000D+01 0.1039400000D+01-0.3870000000D-01 0.9000000000D-03 0.1821980000D+02 0.1194000000D-01 0.1330000000D-03 0.3890000000D-01 0.5694396000D+01 0.5572100000D+01 0.3085400000D+01 0.4867100000D+01
3 6520100831201009272455439.4-0.1820000000D-01 0.3600000000D-03 0.6371700000D+01 0.9900000000D-02 0.6500000000D-04 0.1160000000D-01 0.5112253000D+01 0.8878000000D+00 0.1653700000D+01 0.1272200000D+01-0.1330000000D-01-0.5300000000D-03 0.1846070000D+02 0.7480000000D-02 0.1180000000D-03 0.3350000000D-01 0.2644868000D+01 0.1818400000D+01 0.5920000000D+01 0.5040100000D+01
3 6620100927201010242455466.4-0.6800000000D-02 0.3000000000D-04 0.6206900000D+01 0.1221000000D-01 0.4300000000D-04 0.1140000000D-01 0.2107470000D+01 0.4348500000D+01 0.7360000000D-01 0.1357100000D+01-0.3560000000D-01-0.3500000000D-03 0.1851300000D+02 0.8060000000D-02 0.1260000000D-03 0.3540000000D-01 0.5874539000D+01 0.3986900000D+01 0.2456900000D+01 0.5098800000D+01
3 6720101024201011202455493.4-0.7400000000D-02-0.2300000000D-03 0.5993000000D+01 0.1124000000D-01 0.1010000000D-03 0.1260000000D-01 0.5383777000D+01 0.1498300000D+01 0.4083400000D+01 0.1684400000D+01-0.4410000000D-01 0.1040000000D-02 0.1835330000D+02 0.1097000000D-01 0.1050000000D-03 0.3920000000D-01 0.2819562000D+01 0.2752000000D+00 0.5749900000D+01 0.5385100000D+01
3 6820101120201012172455520.4-0.1310000000D-01 0.2100000000D-03 0.5791300000D+01 0.7030000000D-02 0.1250000000D-03 0.1060000000D-01 0.2362082000D+01 0.5146000000D+01 0.1241400000D+01 0.1937900000D+01-0.1470000000D-01-0.2200000000D-03 0.1803400000D+02 0.1454000000D-01 0.7000000000D-04 0.3360000000D-01 0.6049691000D+01 0.3273600000D+01 0.2086600000D+01 0.5614000000D+01
3 6920101217201101132455547.4-0.5500000000D-02 0.8000000000D-04 0.5653000000D+01 0.4840000000D-02 0.1200000000D-03 0.1010000000D-01 0.5597541000D+01 0.3223800000D+01 0.4577100000D+01 0.1940600000D+01-0.2620000000D-01-0.7300000000D-03 0.1763480000D+02 0.1515000000D-01 0.4900000000D-04 0.3190000000D-01 0.2998927000D+01 0.6272100000D+01 0.4196600000D+01 0.5636200000D+01
3 7020110113201102092455574.4-0.4900000000D-02-0.3200000000D-03 0.5608800000D+01 0.8640000000D-02 0.9200000000D-04 0.1200000000D-01 0.2523583000D+01 0.9796000000D+00 0.1813400000D+01 0.2157400000D+01-0.4370000000D-01 0.7000000000D-03 0.1724920000D+02 0.1358000000D-01 0.1020000000D-03 0.3660000000D-01 0.6236095000D+01 0.3008900000D+01 0.3872000000D+00 0.5891100000D+01
4 7120091231201001172455196.2-0.1320000000D-01 0.2000000000D-04 0.8358700000D+01 0.1023000000D-01 0.2160000000D-03 0.5200000000D-02 0.3975745000D+01 0.2156800000D+01 0.2840400000D+01 0.5341000000D+00 0.5510000000D-01-0.2400000000D-03 0.2848310000D+02 0.2442000000D-01 0.1160000000D-03 0.1760000000D-01 0.1183983000D+01 0.4011100000D+01 0.6167000000D+00 0.4039100000D+01
4 7220100117201002032455213.2-0.6200000000D-02-0.1370000000D-02 0.8351100000D+01 0.1711000000D-01 0.2120000000D-03 0.7600000000D-02 0.3652174000D+01 0.2033900000D+01 0.3219800000D+01 0.1102000000D+00 0.4020000000D-01 0.4170000000D-02 0.2812650000D+02 0.2203000000D-01 0.3110000000D-03 0.2600000000D-01 0.8914000000D+00 0.3927200000D+01 0.1437600000D+01 0.3666900000D+01
4 7320100203201002202455230.2-0.2580000000D-01 0.5800000000D-03 0.8386300000D+01 0.1974000000D-01 0.1060000000D-03 0.8600000000D-02 0.3317384000D+01 0.2047000000D+01 0.1850500000D+01 0.5588600000D+01 0.9720000000D-01-0.1440000000D-02 0.2780680000D+02 0.1444000000D-01 0.1290000000D-03 0.2840000000D-01 0.5977460000D+00 0.3064500000D+01 0.2893400000D+01 0.2875400000D+01
4 7420100220201003092455247.2-0.1970000000D-01-0.1400000000D-03 0.8500700000D+01 0.2234000000D-01 0.1090000000D-03 0.1160000000D-01 0.2977895000D+01 0.1773800000D+01 0.2386600000D+01 0.5202900000D+01 0.1001000000D+00 0.3900000000D-03 0.2760950000D+02 0.1674000000D-01 0.2300000000D-03 0.3700000000D-01 0.3056230000D+00 0.2487800000D+01 0.6179900000D+01 0.2562600000D+01
4 7520100309201003262455264.2-0.1540000000D-01 0.4800000000D-03 0.8675400000D+01 0.2828000000D-01 0.2300000000D-03 0.1040000000D-01 0.2638954000D+01 0.1454800000D+01 0.3807300000D+01 0.4818000000D+01 0.8640000000D-01-0.5900000000D-03 0.2751340000D+02 0.5180000000D-02 0.5990000000D-03 0.3210000000D-01 0.1686900000D-01 0.2844500000D+01 0.1164400000D+01 0.2231700000D+01
4 7620100326201004122455281.2-0.1500000000D-01 0.5800000000D-03 0.8887700000D+01 0.2371000000D-01 0.1420000000D-03 0.1100000000D-01 0.2296484000D+01 0.1420500000D+01 0.8120000000D+00 0.4183400000D+01 0.1065000000D+00-0.2790000000D-02 0.2747690000D+02 0.2362000000D-01 0.5860000000D-03 0.3350000000D-01 0.6007835000D+01 0.9139000000D+00 0.4304500000D+01 0.1650400000D+01
4 7720100412201004292455298.2 0.1100000000D-02-0.2000000000D-04 0.9154500000D+01 0.2566000000D-01 0.7800000000D-04 0.9300000000D-02 0.1961229000D+01 0.1087200000D+01 0.3469700000D+01 0.3885100000D+01 0.4390000000D-01 0.8600000000D-03 0.2761280000D+02 0.1368000000D-01 0.2330000000D-03 0.2780000000D-01 0.5718571000D+01 0.3987000000D+00 0.5927900000D+01 0.1377600000D+01
4 7820100429201005162455315.2-0.3000000000D-02 0.6000000000D-04 0.9440900000D+01 0.2623000000D-01 0.2620000000D-03 0.6400000000D-02 0.1631198000D+01 0.7869000000D+00 0.3328200000D+01 0.2964400000D+01 0.6090000000D-01-0.2010000000D-02 0.2780190000D+02 0.1760000000D-01 0.3190000000D-03 0.1820000000D-01 0.5428745000D+01 0.5666800000D+01 0.7855000000D+00 0.4978000000D+00
4 7920100516201006022455332.2 0.3300000000D-02-0.7000000000D-03 0.9729100000D+01 0.2030000000D-01 0.1430000000D-03 0.6700000000D-02 0.1305718000D+01 0.8059000000D+00 0.5453700000D+01 0.2330400000D+01 0.3450000000D-01 0.1220000000D-02 0.2808450000D+02 0.2883000000D-01 0.7040000000D-03 0.1880000000D-01 0.5136043000D+01 0.5833700000D+01 0.3507800000D+01 0.6190700000D+01
4 8020100602201006192455349.2-0.1310000000D-01 0.1400000000D-03 0.1000840000D+02 0.1784000000D-01 0.1850000000D-03 0.6300000000D-02 0.9899110000D+00 0.4569000000D+00 0.3013700000D+01 0.1129000000D+01 0.5480000000D-01-0.9000000000D-04 0.2845000000D+02 0.2355000000D-01 0.5100000000D-04 0.1760000000D-01 0.4844263000D+01 0.5112500000D+01 0.5750200000D+01 0.5016400000D+01
4 8120100619201007062455366.2-0.1350000000D-01-0.8900000000D-03 0.1024610000D+02 0.1428000000D-01 0.3130000000D-03 0.1140000000D-01 0.6818650000D+00 0.2677000000D+00 0.2811500000D+01 0.6465000000D+00 0.8120000000D-01 0.1620000000D-02 0.2885730000D+02 0.2250000000D-01 0.1250000000D-03 0.3310000000D-01 0.4549973000D+01 0.4732000000D+01 0.5388900000D+01 0.4512000000D+01
4 8220100706201007232455383.2-0.2780000000D-01 0.1110000000D-02 0.1043530000D+02 0.6500000000D-02 0.2700000000D-04 0.1130000000D-01 0.3815360000D+00 0.8242000000D+00 0.7252000000D+00 0.1763000000D+00 0.9870000000D-01-0.3800000000D-03 0.2926680000D+02 0.2381000000D-01 0.7990000000D-03 0.3140000000D-01 0.4254587000D+01 0.4779100000D+01 0.2959700000D+01 0.4008800000D+01
4 8320100723201008092455400.2-0.2020000000D-01 0.1500000000D-03 0.1053390000D+02 0.6290000000D-02 0.2350000000D-03 0.1440000000D-01 0.9001500000D-01 0.1114600000D+01 0.2243400000D+01 0.5961500000D+01 0.1205000000D+00-0.5800000000D-03 0.2965720000D+02 0.2082000000D-01 0.8600000000D-04 0.4060000000D-01 0.3958187000D+01 0.3881100000D+01 0.1091000000D+00 0.3547100000D+01
4 8420100809201008262455417.2-0.3800000000D-02-0.6000000000D-04 0.1055070000D+02 0.1228000000D-01 0.1660000000D-03 0.1340000000D-01 0.6087900000D+01 0.1455200000D+01 0.2760600000D+01 0.5754400000D+01 0.8340000000D-01 0.5400000000D-03 0.2998330000D+02 0.1934000000D-01 0.3120000000D-03 0.3850000000D-01 0.3658838000D+01 0.3616600000D+01 0.1066200000D+01 0.3319000000D+01
4 8520100826201009122455434.2-0.1590000000D-01 0.1440000000D-02 0.1050100000D+02 0.1460000000D-01 0.1640000000D-03 0.1020000000D-01 0.5812423000D+01 0.1763200000D+01 0.9163000000D+00 0.5160100000D+01 0.1191000000D+00-0.5850000000D-02 0.3027400000D+02 0.9110000000D-02 0.3280000000D-03 0.3080000000D-01 0.3359961000D+01 0.2039800000D+01 0.3298300000D+01 0.2676600000D+01
4 8620100912201009292455451.2 0.5900000000D-02-0.5800000000D-03 0.1034980000D+02 0.1998000000D-01 0.1010000000D-03 0.9900000000D-02 0.5537927000D+01 0.1343700000D+01 0.2809300000D+01 0.4797100000D+01 0.4150000000D-01 0.1410000000D-02 0.3035880000D+02 0.9430000000D-02 0.4230000000D-03 0.2910000000D-01 0.3057752000D+01 0.2317700000D+01 0.1550000000D-01 0.2291200000D+01
4 8720100929201010162455468.2-0.4400000000D-02 0.8000000000D-04 0.1015760000D+02 0.2178000000D-01 0.1320000000D-03 0.5200000000D-02 0.5267165000D+01 0.1164400000D+01 0.3335600000D+01 0.3958300000D+01 0.4460000000D-01-0.5300000000D-03 0.3036710000D+02 0.6880000000D-02 0.2240000000D-03 0.1600000000D-01 0.2755194000D+01 0.4385000000D+00 0.1495000000D+00 0.1424800000D+01
4 8820101016201011022455485.2-0.7900000000D-02-0.6200000000D-03 0.9940100000D+01 0.1688000000D-01 0.1150000000D-03 0.7900000000D-02 0.4998690000D+01 0.1241100000D+01 0.2622000000D+00 0.2972900000D+01 0.6230000000D-01 0.3600000000D-03 0.3025540000D+02 0.2849000000D-01 0.8070000000D-03 0.2250000000D-01 0.2455475000D+01 0.2327000000D+00 0.3976900000D+01 0.4417000000D+00
4 8920101102201011192455502.2-0.1370000000D-01-0.4000000000D-04 0.9711400000D+01 0.1797000000D-01 0.2250000000D-03 0.6400000000D-02 0.4720691000D+01 0.8182000000D+00 0.3409300000D+01 0.2316500000D+01 0.4960000000D-01 0.1630000000D-02 0.2996260000D+02 0.1798000000D-01 0.3300000000D-03 0.2050000000D-01 0.2151273000D+01 0.5199800000D+01 0.2506000000D+00 0.6060100000D+01
4 9020101119201012062455519.2-0.2300000000D-01-0.9000000000D-04 0.9507700000D+01 0.1264000000D-01 0.2270000000D-03 0.1090000000D-01 0.4437948000D+01 0.7568000000D+00 0.3235900000D+01 0.1693900000D+01 0.1020000000D+00-0.2500000000D-03 0.2961760000D+02 0.2267000000D-01 0.8500000000D-04 0.3440000000D-01 0.1851438000D+01 0.5100400000D+01 0.4583300000D+01 0.5378400000D+01
4 9120101206201012232455536.2-0.2100000000D-01 0.2600000000D-03 0.9345300000D+01 0.8520000000D-02 0.7000000000D-04 0.1150000000D-01 0.4147097000D+01 0.1515600000D+01 0.4805700000D+01 0.1389600000D+01 0.9320000000D-01 0.7400000000D-03 0.2921140000D+02 0.2701000000D-01 0.7270000000D-03 0.3560000000D-01 0.1554185000D+01 0.5181000000D+01 0.3244300000D+01 0.5081500000D+01
4 9220101223201101092455553.2-0.2620000000D-01 0.9500000000D-03 0.9234300000D+01 0.4780000000D-02 0.3290000000D-03 0.1150000000D-01 0.3841954000D+01 0.1587800000D+01 0.2425300000D+01 0.7840000000D+00 0.1175000000D+00-0.2080000000D-02 0.2877980000D+02 0.2427000000D-01 0.4610000000D-03 0.3540000000D-01 0.1255188000D+01 0.3970700000D+01 0.5859100000D+01 0.4494200000D+01
4 9320110109201101262455570.2-0.5900000000D-02-0.2000000000D-03 0.9201000000D+01 0.1150000000D-01 0.1890000000D-03 0.1190000000D-01 0.3528389000D+01 0.1873800000D+01 0.2887400000D+01 0.5055000000D+00 0.7730000000D-01 0.5500000000D-03 0.2839130000D+02 0.2358000000D-01 0.1610000000D-03 0.3670000000D-01 0.9600440000D+00 0.3859500000D+01 0.1286600000D+01 0.4228800000D+01
4 9420110126201102122455587.2-0.8800000000D-02 0.1010000000D-02 0.9224500000D+01 0.1853000000D-01 0.2200000000D-04 0.8100000000D-02 0.3206429000D+01 0.1939000000D+01 0.4807700000D+01 0.7000000000D-03 0.7160000000D-01-0.2930000000D-02 0.2804450000D+02 0.1650000000D-01 0.5380000000D-03 0.2370000000D-01 0.6668710000D+00 0.3846400000D+01 0.2313300000D+01 0.3726600000D+01
5 9520091231201001222455196.4 0.6000000000D-03 0.4300000000D-03 0.1108560000D+02 0.1593000000D-01 0.2080000000D-03 0.1080000000D-01 0.3933369000D+01 0.2179600000D+01 0.2831700000D+01 0.1667700000D+01 0.4340000000D-01-0.1600000000D-02 0.3810340000D+02 0.2841000000D-01 0.1270000000D-03 0.3690000000D-01 0.1136515000D+01 0.4189900000D+01 0.2711400000D+01 0.5170800000D+01
5 9620100122201002132455218.4 0.1450000000D-01 0.5700000000D-03 0.1107630000D+02 0.2332000000D-01 0.2020000000D-03 0.1070000000D-01 0.1595934000D+01 0.1229000000D+00 0.7817000000D+00 0.3801200000D+01-0.1690000000D-01-0.6400000000D-03 0.3749120000D+02 0.2544000000D-01 0.2320000000D-03 0.3670000000D-01 0.5125218000D+01 0.1731100000D+01 0.5723300000D+01 0.1080800000D+01
5 9720100213201003072455240.4 0.2810000000D-01-0.4500000000D-03 0.1120790000D+02 0.2684000000D-01 0.2480000000D-03 0.8400000000D-02 0.5527443000D+01 0.4250300000D+01 0.4725600000D+01 0.5797200000D+01-0.3830000000D-01-0.4700000000D-03 0.3705970000D+02 0.2772000000D-01 0.5020000000D-03 0.2700000000D-01 0.2831153000D+01 0.5225700000D+01 0.2382500000D+01 0.3170900000D+01
5 9820100307201003292455262.4 0.9500000000D-02 0.5400000000D-03 0.1145180000D+02 0.3042000000D-01 0.2500000000D-03 0.5100000000D-02 0.3170697000D+01 0.2216300000D+01 0.1629500000D+01 0.1559300000D+01-0.1350000000D-01-0.1730000000D-02 0.3676510000D+02 0.2675000000D-01 0.6030000000D-03 0.1600000000D-01 0.5400210000D+00 0.1956600000D+01 0.5062500000D+01 0.5120900000D+01
5 9920100329201004202455284.4 0.2910000000D-01-0.2230000000D-02 0.1182640000D+02 0.3817000000D-01 0.2270000000D-03 0.1200000000D-02 0.8173130000D+00 0.6278400000D+01 0.4028800000D+01 0.1251800000D+01-0.7590000000D-01 0.7590000000D-02 0.3674690000D+02 0.2596000000D-01 0.5910000000D-03 0.2300000000D-02 0.4534571000D+01 0.5035500000D+01 0.1392500000D+01 0.5513300000D+01
510020100420201005122455306.4-0.1680000000D-01 0.1490000000D-02 0.1231040000D+02 0.3942000000D-01 0.3350000000D-03 0.6200000000D-02 0.4753853000D+01 0.3921700000D+01 0.6931000000D+00 0.2950600000D+01 0.7640000000D-01-0.3610000000D-02 0.3704610000D+02 0.2389000000D-01 0.8200000000D-03 0.1850000000D-01 0.2245595000D+01 0.2063100000D+01 0.4214100000D+01 0.4020000000D+00
510120100512201006032455328.4 0.4000000000D-02 0.4000000000D-03 0.1283470000D+02 0.3103000000D-01 0.3150000000D-03 0.1060000000D-01 0.2415066000D+01 0.1594100000D+01 0.3993000000D+01 0.4901800000D+01 0.2590000000D-01 0.1880000000D-02 0.3753830000D+02 0.1637000000D-01 0.6970000000D-03 0.3090000000D-01 0.6236371000D+01 0.6204500000D+01 0.9051000000D+00 0.2453400000D+01
510220100603201006252455350.4 0.1730000000D-01 0.5300000000D-03 0.1330970000D+02 0.2319000000D-01 0.2170000000D-03 0.1330000000D-01 0.8906800000D-01 0.5775100000D+01 0.1959200000D+01 0.7177000000D+00 0.5640000000D-01-0.3370000000D-02 0.3813430000D+02 0.2308000000D-01 0.3700000000D-03 0.3860000000D-01 0.3942323000D+01 0.4142800000D+01 0.4127800000D+01 0.4586500000D+01
510320100625201007172455372.4 0.3520000000D-01 0.7000000000D-04 0.1369440000D+02 0.1587000000D-01 0.2740000000D-03 0.1300000000D-01 0.4060393000D+01 0.3766800000D+01 0.7400000000D-01 0.2832200000D+01-0.2890000000D-01-0.1200000000D-03 0.3879830000D+02 0.3160000000D-01 0.1810000000D-03 0.3650000000D-01 0.1646608000D+01 0.1763600000D+01 0.2941000000D+00 0.4511000000D+00
510420100717201008082455394.4 0.3730000000D-01-0.6200000000D-03 0.1393920000D+02 0.9100000000D-02 0.3380000000D-03 0.9400000000D-02 0.1762571000D+01 0.2138500000D+01 0.4201000000D+01 0.5008500000D+01-0.5430000000D-01 0.3100000000D-03 0.3949240000D+02 0.3211000000D-01 0.2050000000D-03 0.2580000000D-01 0.5631728000D+01 0.5495100000D+01 0.2853600000D+01 0.2576700000D+01
510520100808201008302455416.4 0.1070000000D-01 0.1400000000D-03 0.1401170000D+02 0.1076000000D-01 0.3070000000D-03 0.2800000000D-02 0.5761179000D+01 0.1193500000D+01 0.1813900000D+01 0.8646000000D+00-0.9600000000D-02-0.9000000000D-03 0.4013500000D+02 0.2278000000D-01 0.1680000000D-03 0.9100000000D-02 0.3330641000D+01 0.2760600000D+01 0.5385600000D+01 0.4591400000D+01
510620100830201009212455438.4 0.1280000000D-01-0.1130000000D-02 0.1389900000D+02 0.2389000000D-01 0.4900000000D-04 0.4500000000D-02 0.3486160000D+01 0.5627500000D+01 0.5501400000D+01 0.2665000000D+00-0.2580000000D-01 0.5070000000D-02 0.4055650000D+02 0.5060000000D-02 0.3090000000D-03 0.1200000000D-01 0.1025632000D+01 0.6017800000D+01 0.3899000000D+00 0.4002000000D+01
510720100921201010132455460.4-0.7400000000D-02 0.6700000000D-03 0.1361360000D+02 0.3136000000D-01 0.2080000000D-03 0.9200000000D-02 0.1219291000D+01 0.3375600000D+01 0.5932600000D+01 0.2403700000D+01 0.7870000000D-01-0.2320000000D-02 0.4067100000D+02 0.7980000000D-02 0.5850000000D-03 0.2870000000D-01 0.5002467000D+01 0.1296800000D+01 0.3476700000D+01 0.6141900000D+01
510820101013201011042455482.4 0.7800000000D-02 0.5400000000D-03 0.1322410000D+02 0.2932000000D-01 0.3070000000D-03 0.1190000000D-01 0.5238148000D+01 0.1125900000D+01 0.3515400000D+01 0.4497500000D+01 0.1610000000D-01 0.1140000000D-02 0.4043340000D+02 0.7170000000D-02 0.8120000000D-03 0.3690000000D-01 0.2697629000D+01 0.5117700000D+01 0.3983000000D+00 0.1930400000D+01
510920101104201011262455504.4 0.1500000000D-01 0.5700000000D-03 0.1283860000D+02 0.1940000000D-01 0.1560000000D-03 0.1190000000D-01 0.2969396000D+01 0.5395000000D+01 0.1199500000D+01 0.3127000000D+00 0.5390000000D-01-0.5120000000D-02 0.3999190000D+02 0.1693000000D-01 0.6440000000D-03 0.3840000000D-01 0.3948190000D+00 0.4110300000D+01 0.3312300000D+01 0.4029600000D+01
511020101126201012182455526.4 0.2490000000D-01 0.3200000000D-03 0.1252300000D+02 0.1479000000D-01 0.2140000000D-03 0.1050000000D-01 0.6864580000D+00 0.3704100000D+01 0.2309000000D+00 0.2353000000D+01-0.3790000000D-01-0.4600000000D-03 0.3941310000D+02 0.3388000000D-01 0.5200000000D-03 0.3170000000D-01 0.4376150000D+01 0.1606000000D+01 0.6064200000D+01 0.6060600000D+01
511120101218201101092455548.4 0.3890000000D-01-0.1650000000D-02 0.1230410000D+02 0.1299000000D-01 0.3820000000D-03 0.6900000000D-02 0.4667850000D+01 0.2023700000D+01 0.4181300000D+01 0.4522900000D+01-0.7860000000D-01 0.3460000000D-02 0.3871010000D+02 0.4124000000D-01 0.4830000000D-03 0.2180000000D-01 0.2075153000D+01 0.5166200000D+01 0.2350400000D+01 0.1872500000D+01
511220110109201101312455570.4 0.2700000000D-02 0.3700000000D-03 0.1220260000D+02 0.1405000000D-01 0.3190000000D-03 0.1000000000D-02 0.2349357000D+01 0.6964000000D+00 0.1491100000D+01 0.5956400000D+01-0.2300000000D-02-0.4400000000D-03 0.3797510000D+02 0.3022000000D-01 0.2130000000D-03 0.3500000000D-02 0.6061656000D+01 0.2592100000D+01 0.5285800000D+01 0.3661800000D+01
