 6 8    2   33   41   48   56   63   84  115  6.6670  4.5860  3.3280  2.2960  1.3910  0.3940  0.3940  0.0790 12.0 50.0 55.0 50.0 53.0 18.0 12.0 36.0  125 2457022.5000 2015                                                                                                                                                                                                      
1  220141231201501122457022.5-0.6103000000D+00 0.4770000000D-02 0.2389290000D+02 0.3974000000D-01 0.2010000000D-03 0.2283000000D+00 0.9817980000D+00 0.3700000000D-01 0.9158000000D+00 0.6097700000D+01 0.1316000000D+00 0.4290000000D-02 0.1002570000D+02 0.2897000000D-01 0.3300000000D-03 0.9770000000D-01 0.2571742000D+01 0.2183100000D+01 0.3945600000D+01 0.1420100000D+01
1  320150112201501242457034.5-0.5555000000D+00 0.6380000000D-02 0.2419870000D+02 0.4046000000D-01 0.4200000000D-04 0.2318000000D+00 0.5571412000D+01 0.4870200000D+01 0.6210000000D+01 0.2528900000D+01 0.1828000000D+00 0.4250000000D-02 0.1036140000D+02 0.2717000000D-01 0.2830000000D-03 0.1010000000D+00 0.8856520000D+00 0.6840000000D+00 0.1965200000D+01 0.4140000000D+01
1  420150124201502052457046.5-0.4701000000D+00 0.8530000000D-02 0.2457090000D+02 0.4431000000D-01 0.4060000000D-03 0.2388000000D+00 0.3882025000D+01 0.3322400000D+01 0.5627200000D+01 0.5236300000D+01 0.2350000000D+00 0.3750000000D-02 0.1069600000D+02 0.2785000000D-01 0.1540000000D-03 0.1036000000D+00 0.5488215000D+01 0.5498200000D+01 0.5128000000D+00 0.5892000000D+00
1  520150205201502172457058.5-0.3690000000D+00 0.1026000000D-01 0.2502340000D+02 0.4211000000D-01 0.6690000000D-03 0.2440000000D+00 0.2196175000D+01 0.1768000000D+01 0.3597400000D+01 0.1686600000D+01 0.2754000000D+00 0.3010000000D-02 0.1103140000D+02 0.2873000000D-01 0.1400000000D-03 0.1060000000D+00 0.3812895000D+01 0.4017000000D+01 0.6232400000D+01 0.3304100000D+01
1  620150217201503012457070.5-0.2494000000D+00 0.1225000000D-01 0.2551670000D+02 0.3862000000D-01 0.6970000000D-03 0.2470000000D+00 0.5140260000D+00 0.3199000000D+00 0.1470700000D+01 0.4410600000D+01 0.3132000000D+00 0.1820000000D-02 0.1135320000D+02 0.2906000000D-01 0.2270000000D-03 0.1096000000D+00 0.2142892000D+01 0.2486700000D+01 0.4701900000D+01 0.6042700000D+01
1  720150301201503132457082.5-0.1031000000D+00 0.1315000000D-01 0.2602150000D+02 0.4206000000D-01 0.3720000000D-03 0.2525000000D+00 0.5119008000D+01 0.5241400000D+01 0.6068600000D+01 0.8655000000D+00 0.3324000000D+00 0.2700000000D-03 0.1165290000D+02 0.2868000000D-01 0.3390000000D-03 0.1122000000D+00 0.4774070000D+00 0.9469000000D+00 0.2947100000D+01 0.2492300000D+01
1  820150313201503252457094.5 0.4580000000D-01 0.1368000000D-01 0.2653950000D+02 0.4668000000D-01 0.2100000000D-03 0.2538000000D+00 0.3445405000D+01 0.3785000000D+01 0.5848900000D+01 0.3590700000D+01 0.3394000000D+00-0.1260000000D-02 0.1192770000D+02 0.2594000000D-01 0.3120000000D-03 0.1164000000D+00 0.5099080000D+01 0.5766000000D+01 0.1090300000D+01 0.5237100000D+01
1  920150325201504062457106.5 0.2180000000D+00 0.1317000000D-01 0.2704020000D+02 0.5008000000D-01 0.4830000000D-03 0.2593000000D+00 0.1775786000D+01 0.2256700000D+01 0.4483400000D+01 0.3470000000D-01 0.3255000000D+00-0.2930000000D-02 0.1215350000D+02 0.2448000000D-01 0.1800000000D-03 0.1173000000D+00 0.3440216000D+01 0.4387000000D+01 0.5490100000D+01 0.1707100000D+01
1 1020150406201504182457118.5 0.3735000000D+00 0.1196000000D-01 0.2750810000D+02 0.4985000000D-01 0.6580000000D-03 0.2624000000D+00 0.1096210000D+00 0.7343000000D+00 0.2829900000D+01 0.2773300000D+01 0.2909000000D+00-0.4170000000D-02 0.1231380000D+02 0.2557000000D-01 0.1570000000D-03 0.1189000000D+00 0.1783534000D+01 0.2973200000D+01 0.5016700000D+01 0.4456800000D+01
1 1120150418201504302457130.5 0.5289000000D+00 0.1035000000D-01 0.2791860000D+02 0.4371000000D-01 0.5640000000D-03 0.2688000000D+00 0.4729627000D+01 0.5537100000D+01 0.9320000000D+00 0.5500500000D+01 0.2414000000D+00-0.5370000000D-02 0.1240050000D+02 0.2521000000D-01 0.3450000000D-03 0.1187000000D+00 0.1289100000D+00 0.1498000000D+01 0.3556100000D+01 0.9288000000D+00
1 1220150430201505122457142.5 0.6525000000D+00 0.7750000000D-02 0.2823880000D+02 0.3982000000D-01 0.2390000000D-03 0.2716000000D+00 0.3067401000D+01 0.4199400000D+01 0.5305100000D+01 0.1964800000D+01 0.1717000000D+00-0.6090000000D-02 0.1241280000D+02 0.2395000000D-01 0.4420000000D-03 0.1170000000D+00 0.4757704000D+01 0.7010000000D-01 0.1810000000D+01 0.3661400000D+01
1 1320150512201505242457154.5 0.7449000000D+00 0.5050000000D-02 0.2842770000D+02 0.4032000000D-01 0.2730000000D-03 0.2716000000D+00 0.1405617000D+01 0.2829700000D+01 0.5699400000D+01 0.4702600000D+01 0.9920000000D-01-0.6540000000D-02 0.1234750000D+02 0.2288000000D-01 0.4010000000D-03 0.1161000000D+00 0.3102603000D+01 0.5022000000D+01 0.2006000000D+00 0.1219000000D+00
1 1420150524201506052457166.5 0.8034000000D+00 0.1220000000D-02 0.2846520000D+02 0.3764000000D-01 0.6810000000D-03 0.2726000000D+00 0.6026797000D+01 0.1314600000D+01 0.3643800000D+01 0.1161400000D+01 0.1650000000D-01-0.6570000000D-02 0.1220310000D+02 0.2310000000D-01 0.2730000000D-03 0.1139000000D+00 0.1445359000D+01 0.3729300000D+01 0.4949700000D+01 0.2847600000D+01
1 1520150605201506172457178.5 0.8079000000D+00-0.2400000000D-02 0.2838420000D+02 0.3260000000D-01 0.8850000000D-03 0.2664000000D+00 0.4363181000D+01 0.6204300000D+01 0.1781000000D+01 0.3886300000D+01-0.5900000000D-01-0.5990000000D-02 0.1199380000D+02 0.2662000000D-01 0.2070000000D-03 0.1130000000D+00 0.6067297000D+01 0.2367200000D+01 0.4223400000D+01 0.5574000000D+01
1 1620150617201506292457190.5 0.7844000000D+00-0.6200000000D-02 0.2817880000D+02 0.2794000000D-01 0.6520000000D-03 0.2640000000D+00 0.2697023000D+01 0.5047000000D+01 0.6275200000D+01 0.3210000000D+00-0.1304000000D+00-0.5160000000D-02 0.1171890000D+02 0.2858000000D-01 0.3480000000D-03 0.1097000000D+00 0.4401340000D+01 0.9006000000D+00 0.2993700000D+01 0.2022400000D+01
1 1720150629201507112457202.5 0.7039000000D+00-0.9250000000D-02 0.2786150000D+02 0.3028000000D-01 0.4230000000D-03 0.2585000000D+00 0.1026891000D+01 0.3875000000D+01 0.4580700000D+01 0.3036200000D+01-0.1909000000D+00-0.3790000000D-02 0.1139790000D+02 0.2715000000D-01 0.3890000000D-03 0.1075000000D+00 0.2729970000D+01 0.5702700000D+01 0.1040400000D+01 0.4739000000D+01
1 1820150711201507232457214.5 0.6042000000D+00-0.1116000000D-01 0.2747150000D+02 0.4030000000D-01 0.2950000000D-03 0.2575000000D+00 0.5635500000D+01 0.2507100000D+01 0.4092300000D+01 0.5733800000D+01-0.2349000000D+00-0.2570000000D-02 0.1106560000D+02 0.2688000000D-01 0.2910000000D-03 0.1033000000D+00 0.1053006000D+01 0.4301800000D+01 0.5471400000D+01 0.1176600000D+01
1 1920150723201508042457226.5 0.4686000000D+00-0.1245000000D-01 0.2700180000D+02 0.4660000000D-01 0.6200000000D-03 0.2535000000D+00 0.3955796000D+01 0.9771000000D+00 0.2888500000D+01 0.2166200000D+01-0.2697000000D+00-0.1250000000D-02 0.1073600000D+02 0.2799000000D-01 0.1060000000D-03 0.9930000000D-01 0.5652414000D+01 0.2891300000D+01 0.4165800000D+01 0.3866700000D+01
1 2020150804201508162457238.5 0.3208000000D+00-0.1233000000D-01 0.2648040000D+02 0.4654000000D-01 0.7420000000D-03 0.2495000000D+00 0.2271528000D+01 0.5735400000D+01 0.8175000000D+00 0.4867500000D+01-0.2833000000D+00-0.2800000000D-03 0.1042820000D+02 0.2899000000D-01 0.1200000000D-03 0.9620000000D-01 0.3961545000D+01 0.1396700000D+01 0.3421000000D+01 0.2802000000D+00
1 2120150816201508282457250.5 0.1715000000D+00-0.1226000000D-01 0.2594820000D+02 0.4900000000D-01 0.5000000000D-03 0.2452000000D+00 0.5836930000D+00 0.4320000000D+01 0.4937700000D+01 0.1294500000D+01-0.2913000000D+00 0.4600000000D-03 0.1015670000D+02 0.2999000000D-01 0.2400000000D-03 0.9370000000D-01 0.2264377000D+01 0.6141000000D+01 0.1894800000D+01 0.2948900000D+01
1 2220150828201509092457262.5 0.1400000000D-01-0.1136000000D-01 0.2543870000D+02 0.5429000000D-01 0.1930000000D-03 0.2365000000D+00 0.5174579000D+01 0.2824600000D+01 0.2203400000D+01 0.3981300000D+01-0.2829000000D+00 0.1120000000D-02 0.9928900000D+01 0.2891000000D-01 0.3270000000D-03 0.9310000000D-01 0.5609220000D+00 0.4579200000D+01 0.4060000000D-01 0.5629300000D+01
1 2320150909201509212457274.5-0.1187000000D+00-0.1067000000D-01 0.2496560000D+02 0.5910000000D-01 0.1000000000D-03 0.2324000000D+00 0.3478418000D+01 0.1224600000D+01 0.4853400000D+01 0.3879000000D+00-0.2699000000D+00 0.1520000000D-02 0.9749200000D+01 0.2719000000D-01 0.3140000000D-03 0.9180000000D-01 0.5136369000D+01 0.3074300000D+01 0.4331300000D+01 0.2028300000D+01
1 2420150921201510032457286.5-0.2557000000D+00-0.9700000000D-02 0.2453330000D+02 0.6176000000D-01 0.2670000000D-03 0.2273000000D+00 0.1779038000D+01 0.5880700000D+01 0.2114300000D+01 0.3064700000D+01-0.2495000000D+00 0.2160000000D-02 0.9624200000D+01 0.2781000000D-01 0.1230000000D-03 0.9220000000D-01 0.3426151000D+01 0.1639700000D+01 0.2452100000D+01 0.4711600000D+01
1 2520151003201510152457298.5-0.3624000000D+00-0.8350000000D-02 0.2416190000D+02 0.6048000000D-01 0.4560000000D-03 0.2274000000D+00 0.7664400000D-01 0.4205800000D+01 0.6098600000D+01 0.5740000000D+01-0.2212000000D+00 0.2570000000D-02 0.9567700000D+01 0.2939000000D-01 0.8500000000D-04 0.9060000000D-01 0.1713972000D+01 0.1071000000D+00 0.2904200000D+01 0.1113500000D+01
1 2620151015201510272457310.5-0.4634000000D+00-0.7070000000D-02 0.2383480000D+02 0.5663000000D-01 0.5440000000D-03 0.2250000000D+00 0.4655695000D+01 0.2592000000D+01 0.3979000000D+01 0.2151300000D+01-0.1926000000D+00 0.3210000000D-02 0.9571200000D+01 0.2997000000D-01 0.2110000000D-03 0.9060000000D-01 0.1090000000D-02 0.4796500000D+01 0.9140000000D+00 0.3785400000D+01
1 2720151027201511082457322.5-0.5434000000D+00-0.5000000000D-02 0.2356340000D+02 0.5391000000D-01 0.2620000000D-03 0.2257000000D+00 0.2950859000D+01 0.1087000000D+01 0.1551900000D+01 0.4838300000D+01-0.1521000000D+00 0.3670000000D-02 0.9627100000D+01 0.2893000000D-01 0.2320000000D-03 0.9070000000D-01 0.4571865000D+01 0.3223300000D+01 0.5280900000D+01 0.1836000000D+00
1 2820151108201511202457334.5-0.6015000000D+00-0.3380000000D-02 0.2338480000D+02 0.5611000000D-01 0.1290000000D-03 0.2232000000D+00 0.1246119000D+01 0.5801500000D+01 0.3616300000D+01 0.1257800000D+01-0.1131000000D+00 0.4060000000D-02 0.9735800000D+01 0.2680000000D-01 0.2110000000D-03 0.9250000000D-01 0.2861502000D+01 0.1647800000D+01 0.3178400000D+01 0.2847600000D+01
1 2920151120201512022457346.5-0.6498000000D+00-0.1280000000D-02 0.2328620000D+02 0.5731000000D-01 0.4270000000D-03 0.2204000000D+00 0.5824418000D+01 0.4181200000D+01 0.8520000000D+00 0.3940200000D+01-0.6280000000D-01 0.4400000000D-02 0.9882300000D+01 0.2505000000D-01 0.1740000000D-03 0.9490000000D-01 0.1154086000D+01 0.1363000000D+00 0.1085600000D+01 0.5542600000D+01
1 3020151202201512142457358.5-0.6628000000D+00 0.2700000000D-03 0.2326610000D+02 0.5363000000D-01 0.4680000000D-03 0.2202000000D+00 0.4119837000D+01 0.2561900000D+01 0.5066800000D+01 0.3545000000D+00-0.1170000000D-01 0.4460000000D-02 0.1006250000D+02 0.2520000000D-01 0.3500000000D-04 0.9730000000D-01 0.5734100000D+01 0.4936200000D+01 0.5427800000D+01 0.1952900000D+01
1 3120151214201512262457370.5-0.6702000000D+00 0.1790000000D-02 0.2332510000D+02 0.4868000000D-01 0.4550000000D-03 0.2203000000D+00 0.2416821000D+01 0.9517000000D+00 0.2867000000D+01 0.3033200000D+01 0.4370000000D-01 0.4650000000D-02 0.1027680000D+02 0.2647000000D-01 0.1610000000D-03 0.1006000000D+00 0.4036226000D+01 0.3351200000D+01 0.5926000000D+01 0.4665900000D+01
1 3220151226201601072457382.5-0.6418000000D+00 0.3340000000D-02 0.2345550000D+02 0.4208000000D-01 0.4130000000D-03 0.2247000000D+00 0.7154170000D+00 0.5708500000D+01 0.6808000000D+00 0.5729600000D+01 0.1024000000D+00 0.4530000000D-02 0.1052060000D+02 0.2574000000D-01 0.3120000000D-03 0.1015000000D+00 0.2342497000D+01 0.1757300000D+01 0.3916000000D+01 0.1092800000D+01
2 3320141231201502192457022.5-0.2048000000D+00 0.2800000000D-03 0.3066240000D+02 0.7067000000D-01 0.4110000000D-03 0.7940000000D-01 0.4392268000D+01 0.3264200000D+01 0.5355000000D+01-0.6011200000D+01 0.4380000000D-01 0.4700000000D-03 0.1276900000D+02 0.3041000000D-01 0.1200000000D-03 0.3210000000D-01 0.6040037000D+01 0.5232800000D+01 0.9788000000D+00-0.4322900000D+01
2 3420150219201504102457072.5-0.1916000000D+00 0.7400000000D-03 0.3282350000D+02 0.6372000000D-01 0.4720000000D-03 0.8460000000D-01 0.1142836000D+01 0.7492000000D+00 0.2881700000D+01-0.9340000000D-01 0.6750000000D-01 0.5400000000D-03 0.1393830000D+02 0.2814000000D-01 0.1890000000D-03 0.3590000000D-01 0.2804045000D+01 0.2495500000D+01 0.4949400000D+01-0.4758900000D+01
2 3520150410201505302457122.5-0.1524000000D+00 0.1560000000D-02 0.3551810000D+02 0.5636000000D-01 0.5750000000D-03 0.9060000000D-01 0.4245658000D+01 0.4754900000D+01 0.9533000000D+00-0.4881000000D+00 0.9540000000D-01 0.2600000000D-03 0.1501330000D+02 0.1775000000D-01 0.2590000000D-03 0.3840000000D-01 0.5906446000D+01 0.1633000000D+00 0.2722000000D+01-0.5067400000D+01
2 3620150530201507192457172.5-0.7050000000D-01 0.1860000000D-02 0.3659520000D+02 0.3514000000D-01 0.6430000000D-03 0.9170000000D-01 0.1110299000D+01 0.3035300000D+01 0.5056600000D+01-0.7841000000D+00 0.1093000000D+00-0.1400000000D-03 0.1514840000D+02 0.1560000000D-01 0.1960000000D-03 0.3570000000D-01 0.2759442000D+01 0.5274800000D+01 0.5886000000D+00-0.5448800000D+01
2 3720150719201509072457222.5 0.2240000000D-01 0.1250000000D-02 0.3491160000D+02 0.5788000000D-01 0.4300000000D-03 0.7990000000D-01 0.4229887000D+01 0.1375900000D+01 0.2629900000D+01-0.1201800000D+01 0.1015000000D+00-0.2700000000D-03 0.1424940000D+02 0.2384000000D-01 0.1570000000D-03 0.3480000000D-01 0.5868394000D+01 0.3068100000D+01 0.4758600000D+01-0.5880100000D+01
2 3820150907201510272457272.5 0.8340000000D-01 0.7500000000D-03 0.3218300000D+02 0.8118000000D-01 0.2390000000D-03 0.7610000000D-01 0.9937390000D+00 0.5011900000D+01 0.2856000000D+00-0.1729200000D+01 0.8730000000D-01-0.2700000000D-03 0.1332300000D+02 0.2653000000D-01 0.1200000000D-03 0.3250000000D-01 0.2634636000D+01 0.5268000000D+00 0.2033000000D+01-0.5690000000D-01
2 3920151027201512162457322.5 0.1197000000D+00 0.6300000000D-03 0.3025060000D+02 0.8406000000D-01 0.2550000000D-03 0.7220000000D-01 0.3983472000D+01 0.2122700000D+01 0.4166900000D+01-0.2259800000D+01 0.7340000000D-01-0.2400000000D-03 0.1295600000D+02 0.2978000000D-01 0.8600000000D-04 0.3220000000D-01 0.5639290000D+01 0.4046100000D+01 0.5713400000D+01-0.5675000000D+00
2 4020151216201602042457372.5 0.1500000000D+00 0.7300000000D-03 0.2993770000D+02 0.7617000000D-01 0.3520000000D-03 0.7550000000D-01 0.6749440000D+00 0.5528200000D+01 0.1366600000D+01-0.2749800000D+01 0.6160000000D-01-0.2900000000D-03 0.1321820000D+02 0.3017000000D-01 0.1220000000D-03 0.3250000000D-01 0.2350164000D+01 0.1147300000D+01 0.3110800000D+01-0.1053400000D+01
3 4120141231201502242457022.5-0.1900000000D-02 0.3000000000D-04 0.3793760000D+02 0.6590000000D-01 0.5440000000D-03 0.4200000000D-02 0.4495345000D+01 0.3547100000D+01 0.5474100000D+01-0.1306000000D+00-0.1200000000D-02 0.1000000000D-04 0.1554760000D+02 0.2931000000D-01 0.1630000000D-03 0.1200000000D-02 0.6181954000D+01 0.5532000000D+01 0.1141400000D+01-0.4643700000D+01
3 4220150224201504202457077.5-0.1200000000D-02 0.4000000000D-04 0.4094640000D+02 0.7702000000D-01 0.6510000000D-03 0.3200000000D-02 0.5284716000D+01 0.5333400000D+01 0.9263000000D+00-0.4339600000D+01-0.1000000000D-03-0.3000000000D-04 0.1697890000D+02 0.3072000000D-01 0.2580000000D-03 0.1800000000D-02 0.6964390000D+00 0.7597000000D+00 0.2955800000D+01-0.3133100000D+01
3 4320150420201506142457132.5 0.2500000000D-02-0.1200000000D-03 0.4450490000D+02 0.9036000000D-01 0.7840000000D-03 0.3600000000D-02 0.6157076000D+01 0.8820000000D+00 0.3094600000D+01-0.3155900000D+01-0.2500000000D-02 0.3000000000D-04 0.1817040000D+02 0.2778000000D-01 0.3090000000D-03 0.1300000000D-02 0.1562130000D+01 0.2768300000D+01 0.4864600000D+01-0.1012600000D+01
3 4420150614201508082457187.5-0.3500000000D-02 0.9000000000D-04 0.4499600000D+02 0.7561000000D-01 0.7460000000D-03 0.3400000000D-02 0.7898300000D+00 0.2910100000D+01 0.5027900000D+01-0.1153100000D+01-0.1500000000D-02 0.1000000000D-04 0.1786240000D+02 0.3087000000D-01 0.2220000000D-03 0.1100000000D-02 0.2460332000D+01 0.4944800000D+01 0.7598000000D+00-0.2477000000D+00
3 4520150808201510022457242.5-0.3000000000D-03 0.1000000000D-04 0.4187560000D+02 0.7417000000D-01 0.4720000000D-03 0.2700000000D-02 0.1654516000D+01 0.4938500000D+01 0.4721000000D+00-0.2430000000D-01-0.8000000000D-03 0.0000000000D+00 0.1645230000D+02 0.2578000000D-01 0.2030000000D-03 0.1500000000D-02 0.3311018000D+01 0.3949000000D+00 0.2481500000D+01-0.4411500000D+01
3 4620151002201511262457297.5 0.4000000000D-03-0.2000000000D-04 0.3844050000D+02 0.7735000000D-01 0.3570000000D-03 0.3200000000D-02 0.2433480000D+01 0.1797000000D+00 0.2152200000D+01-0.4365800000D+01-0.1200000000D-02 0.0000000000D+00 0.1550440000D+02 0.2413000000D-01 0.1410000000D-03 0.1100000000D-02 0.4089558000D+01 0.2159800000D+01 0.3756700000D+01-0.2922400000D+01
3 4720151126201601202457352.5 0.2000000000D-03-0.2000000000D-04 0.3697260000D+02 0.7166000000D-01 0.4260000000D-03 0.3100000000D-02 0.3164263000D+01 0.1540900000D+01 0.3604700000D+01-0.3106400000D+01-0.1300000000D-02 0.0000000000D+00 0.1550280000D+02 0.2846000000D-01 0.1380000000D-03 0.1300000000D-02 0.4828538000D+01 0.3557300000D+01 0.5298500000D+01-0.1156700000D+01
4 4820141231201502192457022.5 0.8220000000D-01 0.1300000000D-03 0.4860510000D+02 0.1103500000D+00 0.6190000000D-03 0.5570000000D-01 0.3198942000D+01 0.2078200000D+01 0.4112300000D+01 0.2644600000D+01 0.5100000000D-01 0.4000000000D-04 0.2025960000D+02 0.4771000000D-01 0.1700000000D-03 0.2450000000D-01 0.4847046000D+01 0.4060600000D+01 0.6064700000D+01 0.4312100000D+01
4 4920150219201504102457072.5 0.9360000000D-01 0.3900000000D-03 0.5204130000D+02 0.1024200000D+00 0.7880000000D-03 0.5920000000D-01 0.4829953000D+01 0.4412200000D+01 0.2912000000D+00 0.5956300000D+01 0.5410000000D-01 0.3000000000D-04 0.2211400000D+02 0.4457000000D-01 0.3050000000D-03 0.2650000000D-01 0.2085000000D+00 0.6169000000D+01 0.2329900000D+01 0.1378100000D+01
4 5020150410201505302457122.5 0.1073000000D+00 0.4600000000D-03 0.5632890000D+02 0.8928000000D-01 0.9350000000D-03 0.6240000000D-01 0.2460700000D+00 0.7729000000D+00 0.3127400000D+01 0.3064400000D+01 0.5390000000D-01-0.1400000000D-03 0.2381060000D+02 0.2827000000D-01 0.4140000000D-03 0.2790000000D-01 0.1908208000D+01 0.2461800000D+01 0.4902800000D+01 0.4738900000D+01
4 5120150530201507192457172.5 0.1377000000D+00 0.1200000000D-03 0.5802280000D+02 0.6870000000D-01 0.9670000000D-03 0.6240000000D-01 0.1996609000D+01 0.3863800000D+01 0.5903700000D+01 0.1617000000D+00 0.4750000000D-01-0.1400000000D-03 0.2401810000D+02 0.2796000000D-01 0.2880000000D-03 0.2710000000D-01 0.3647193000D+01 0.6011900000D+01 0.1391100000D+01 0.1838600000D+01
4 5220150719201509072457222.5 0.1395000000D+00-0.7000000000D-04 0.5535400000D+02 0.8852000000D-01 0.6930000000D-03 0.5980000000D-01 0.3728335000D+01 0.6523000000D+00 0.2162200000D+01 0.3457500000D+01 0.3780000000D-01-0.1400000000D-03 0.2259210000D+02 0.3617000000D-01 0.2590000000D-03 0.2540000000D-01 0.5368285000D+01 0.2340800000D+01 0.4266100000D+01 0.5118500000D+01
4 5320150907201510272457272.5 0.1349000000D+00-0.1500000000D-03 0.5101200000D+02 0.1136300000D+00 0.4590000000D-03 0.5730000000D-01 0.5391829000D+01 0.3013500000D+01 0.4616200000D+01 0.3784000000D+00 0.3150000000D-01 0.0000000000D+00 0.2111010000D+02 0.3521000000D-01 0.2160000000D-03 0.2390000000D-01 0.7508820000D+00 0.4805200000D+01 0.7900000000D-01 0.2052900000D+01
4 5420151027201512162457322.5 0.1287000000D+00-0.1200000000D-03 0.4796650000D+02 0.1206600000D+00 0.4120000000D-03 0.5530000000D-01 0.7130560000D+00 0.5106100000D+01 0.7008000000D+00 0.3557400000D+01 0.3110000000D-01 0.1000000000D-04 0.2052670000D+02 0.4135000000D-01 0.1510000000D-03 0.2370000000D-01 0.2369674000D+01 0.7633000000D+00 0.2202800000D+01 0.5246300000D+01
4 5520151216201602042457372.5 0.1206000000D+00 0.1500000000D-03 0.4744770000D+02 0.1159400000D+00 0.5150000000D-03 0.5500000000D-01 0.2294856000D+01 0.8796000000D+00 0.2905300000D+01 0.4869000000D+00 0.3120000000D-01 0.5000000000D-04 0.2093070000D+02 0.4607000000D-01 0.1740000000D-03 0.2390000000D-01 0.3970951000D+01 0.2786400000D+01 0.4626600000D+01 0.2150400000D+01
5 5620141231201502222457022.5-0.7370000000D-01-0.1100000000D-03 0.6787460000D+02 0.1501800000D+00 0.8590000000D-03 0.2990000000D-01 0.2118141000D+01 0.1014300000D+01 0.3039100000D+01 0.2048800000D+01 0.3100000000D-02 0.0000000000D+00 0.2790030000D+02 0.6523000000D-01 0.2400000000D-03 0.1280000000D-01 0.3768684000D+01 0.2992700000D+01 0.4995700000D+01 0.3754400000D+01
5 5720150222201504162457075.5-0.7930000000D-01-0.1800000000D-03 0.7302790000D+02 0.1424600000D+00 0.1146000000D-02 0.3240000000D-01 0.3723470000D+00 0.2570000000D-01 0.2205000000D+01 0.4962000000D+01 0.9000000000D-03 0.4000000000D-04 0.3062130000D+02 0.6116000000D-01 0.4590000000D-03 0.1380000000D-01 0.2035368000D+01 0.1766700000D+01 0.4223800000D+01 0.2850000000D+00
5 5820150416201506082457128.5-0.8420000000D-01-0.1400000000D-03 0.7922170000D+02 0.1268200000D+00 0.1354000000D-02 0.3710000000D-01 0.4986057000D+01 0.5689700000D+01 0.1710100000D+01 0.1594000000D+01 0.4000000000D-03 0.9000000000D-04 0.3297980000D+02 0.3811000000D-01 0.5700000000D-03 0.1460000000D-01 0.3651880000D+00 0.1176800000D+01 0.3448900000D+01 0.3325000000D+01
5 5920150608201507312457181.5-0.8530000000D-01-0.1000000000D-04 0.8076990000D+02 0.1088800000D+00 0.1284000000D-02 0.3370000000D-01 0.3369900000D+01 0.5458700000D+01 0.1159500000D+01 0.4636400000D+01 0.2700000000D-02 0.7000000000D-04 0.3283580000D+02 0.4683000000D-01 0.3640000000D-03 0.1470000000D-01 0.5019647000D+01 0.1216000000D+01 0.3074200000D+01 0.6231500000D+01
5 6020150731201509222457234.5-0.8140000000D-01 0.2000000000D-04 0.7586370000D+02 0.1319400000D+00 0.8940000000D-03 0.3290000000D-01 0.1722717000D+01 0.5014200000D+01 0.3831000000D+00 0.1302900000D+01 0.4700000000D-02-0.1000000000D-04 0.3054410000D+02 0.4798000000D-01 0.3680000000D-03 0.1290000000D-01 0.3363211000D+01 0.3939000000D+00 0.2434200000D+01 0.2922600000D+01
5 6120150922201511142457287.5-0.7690000000D-01 0.3000000000D-04 0.6964540000D+02 0.1524700000D+00 0.6360000000D-03 0.2870000000D-01 0.6281056000D+01 0.4002700000D+01 0.5716800000D+01 0.4132800000D+01 0.3600000000D-02-0.4000000000D-04 0.2868770000D+02 0.4550000000D-01 0.2750000000D-03 0.1210000000D-01 0.1644329000D+01 0.5878700000D+01 0.1065300000D+01 0.5792500000D+01
5 6220151114201601062457340.5-0.7630000000D-01 0.2000000000D-04 0.6628450000D+02 0.1572600000D+00 0.6230000000D-03 0.2670000000D-01 0.4499120000D+01 0.2763400000D+01 0.4652100000D+01 0.6536000000D+00 0.1400000000D-02-0.7000000000D-04 0.2833810000D+02 0.5672000000D-01 0.2000000000D-03 0.1200000000D-01 0.6162030000D+01 0.4734900000D+01 0.6222600000D+01 0.2321100000D+01
6 6320141231201501182457022.5-0.5937300000D+01-0.7284000000D-01 0.1566734000D+03 0.3824500000D+00 0.0000000000D+00 0.2243700000D+01 0.1459495000D+01 0.5445000000D+00 0.0000000000D+00 0.1046100000D+01 0.1210600000D+01-0.4191000000D-01 0.6507360000D+02 0.1643800000D+00 0.0000000000D+00 0.9107000000D+00 0.3120909000D+01 0.2219700000D+01 0.0000000000D+00 0.2731500000D+01
6 6420150118201502052457040.5-0.6266200000D+01-0.7444000000D-01 0.1600463000D+03 0.3796100000D+00 0.0000000000D+00 0.2290100000D+01 0.2238607000D+01 0.1521700000D+01 0.0000000000D+00 0.2644800000D+01 0.3612000000D+00 0.4995000000D-01 0.6633050000D+02 0.1799500000D+00 0.0000000000D+00 0.9592000000D+00 0.3901427000D+01 0.3618500000D+01 0.0000000000D+00 0.4276700000D+01
6 6520150205201502232457058.5-0.7945900000D+01 0.9149000000D-01 0.1638864000D+03 0.3086100000D+00 0.0000000000D+00 0.2393500000D+01 0.3016559000D+01 0.2938000000D+01 0.0000000000D+00 0.4206200000D+01 0.9803000000D+00-0.1607000000D-01 0.6913260000D+02 0.1174200000D+00 0.0000000000D+00 0.1027400000D+01 0.4689208000D+01 0.4462200000D+01 0.0000000000D+00 0.5901200000D+01
6 6620150223201503132457076.5-0.6505700000D+01-0.8972000000D-01 0.1703222000D+03 0.2271300000D+00 0.0000000000D+00 0.2568300000D+01 0.3816601000D+01 0.3472900000D+01 0.0000000000D+00 0.5835800000D+01 0.9212000000D+00-0.1215000000D-01 0.7137600000D+02 0.1127600000D+00 0.0000000000D+00 0.1054100000D+01 0.5488117000D+01 0.5485000000D+01 0.0000000000D+00 0.1230800000D+01
6 6720150313201503312457094.5-0.8031900000D+01 0.5571000000D-01 0.1742926000D+03 0.3388400000D+00 0.0000000000D+00 0.2607000000D+01 0.4623582000D+01 0.4687500000D+01 0.0000000000D+00 0.1201200000D+01 0.5844000000D+00 0.2939000000D-01 0.7371210000D+02 0.9784000000D-01 0.0000000000D+00 0.1110100000D+01 0.1546500000D-01 0.6201400000D+01 0.0000000000D+00 0.2853300000D+01
6 6820150331201504182457112.5-0.7741400000D+01 0.1508000000D-01 0.1795399000D+03 0.3007500000D+00 0.0000000000D+00 0.2658700000D+01 0.5435937000D+01 0.5889200000D+01 0.0000000000D+00 0.2821200000D+01 0.1321700000D+01-0.5147000000D-01 0.7491260000D+02 0.1453000000D+00 0.0000000000D+00 0.1127300000D+01 0.8262640000D+00 0.1331500000D+01 0.0000000000D+00 0.4522700000D+01
6 6920150418201505062457130.5-0.6758900000D+01-0.1195100000D+00 0.1832948000D+03 0.3816100000D+00 0.0000000000D+00 0.2707100000D+01 0.6253571000D+01 0.1002700000D+01 0.0000000000D+00 0.4485700000D+01 0.5807000000D+00 0.3293000000D-01 0.7694200000D+02 0.1007900000D+00 0.0000000000D+00 0.1094400000D+01 0.1642985000D+01 0.3091400000D+01 0.0000000000D+00 0.6148000000D+01
6 7020150506201505242457148.5-0.8654900000D+01 0.7738000000D-01 0.1877057000D+03 0.2454100000D+00 0.0000000000D+00 0.2624000000D+01 0.8040480000D+00 0.2498400000D+01 0.0000000000D+00 0.6120100000D+01 0.8498000000D+00 0.1531000000D-01 0.7745520000D+02 0.9974000000D-01 0.0000000000D+00 0.1104800000D+01 0.2472128000D+01 0.4248500000D+01 0.0000000000D+00 0.1491600000D+01
6 7120150524201506112457166.5-0.7452800000D+01-0.4764000000D-01 0.1874749000D+03 0.2320300000D+00 0.0000000000D+00 0.2639100000D+01 0.1640574000D+01 0.3262700000D+01 0.0000000000D+00 0.1447400000D+01 0.1150700000D+01-0.1087000000D-01 0.7731000000D+02 0.9801000000D-01 0.0000000000D+00 0.1083800000D+01 0.3303744000D+01 0.5626700000D+01 0.0000000000D+00 0.3133300000D+01
6 7220150611201506292457184.5-0.8355100000D+01 0.7271000000D-01 0.1866462000D+03 0.3210600000D+00 0.0000000000D+00 0.2679900000D+01 0.2468515000D+01 0.4630600000D+01 0.0000000000D+00 0.3092000000D+01 0.8257000000D+00 0.3055000000D-01 0.7585220000D+02 0.9939000000D-01 0.0000000000D+00 0.1062600000D+01 0.4131585000D+01 0.1036000000D+00 0.0000000000D+00 0.4742600000D+01
6 7320150629201507172457202.5-0.7781300000D+01 0.4087000000D-01 0.1837425000D+03 0.2969500000D+00 0.0000000000D+00 0.2615000000D+01 0.3299058000D+01 0.5844600000D+01 0.0000000000D+00 0.4731900000D+01 0.1490700000D+01-0.4541000000D-01 0.7472950000D+02 0.1598500000D+00 0.0000000000D+00 0.1082900000D+01 0.4951372000D+01 0.1381400000D+01 0.0000000000D+00 0.8590000000D-01
6 7420150717201508042457220.5-0.6437100000D+01-0.9679000000D-01 0.1805224000D+03 0.3842600000D+00 0.0000000000D+00 0.2627300000D+01 0.4121713000D+01 0.9477000000D+00 0.0000000000D+00 0.6950000000D-01 0.8344000000D+00 0.2406000000D-01 0.7268480000D+02 0.1135400000D+00 0.0000000000D+00 0.1057000000D+01 0.5778716000D+01 0.2770300000D+01 0.0000000000D+00 0.1748000000D+01
6 7520150804201508222457238.5-0.7980700000D+01 0.9442000000D-01 0.1740352000D+03 0.2421200000D+00 0.0000000000D+00 0.2566100000D+01 0.4939742000D+01 0.2239800000D+01 0.0000000000D+00 0.1730900000D+01 0.9690000000D+00 0.1041000000D-01 0.7066520000D+02 0.1039800000D+00 0.0000000000D+00 0.1020700000D+01 0.3052370000D+00 0.3731400000D+01 0.0000000000D+00 0.3361600000D+01
6 7620150822201509092457256.5-0.6444400000D+01-0.5339000000D-01 0.1690780000D+03 0.2843600000D+00 0.0000000000D+00 0.2400900000D+01 0.5735071000D+01 0.2809500000D+01 0.0000000000D+00 0.3344600000D+01 0.1258500000D+01-0.2786000000D-01 0.6861470000D+02 0.6481000000D-01 0.0000000000D+00 0.1007300000D+01 0.1109059000D+01 0.4881200000D+01 0.0000000000D+00 0.4992200000D+01
6 7720150909201509272457274.5-0.6909900000D+01 0.9670000000D-02 0.1645461000D+03 0.3186800000D+00 0.0000000000D+00 0.2336000000D+01 0.2493460000D+00 0.3997200000D+01 0.0000000000D+00 0.4929000000D+01 0.6027000000D+00 0.4122000000D-01 0.6768390000D+02 0.1023400000D+00 0.0000000000D+00 0.9493000000D+00 0.1899776000D+01 0.5432900000D+01 0.0000000000D+00 0.3277000000D+00
6 7820150927201510152457292.5-0.7602300000D+01 0.1139400000D+00 0.1611689000D+03 0.4157500000D+00 0.0000000000D+00 0.2219000000D+01 0.1036261000D+01 0.4928700000D+01 0.0000000000D+00 0.2517000000D+00 0.1273900000D+01-0.3999000000D-01 0.6664190000D+02 0.1316000000D+00 0.0000000000D+00 0.9221000000D+00 0.2701113000D+01 0.8027000000D+00 0.0000000000D+00 0.1874600000D+01
6 7920151015201511022457310.5-0.5572000000D+01-0.1028800000D+00 0.1562458000D+03 0.3759900000D+00 0.0000000000D+00 0.2142700000D+01 0.1823396000D+01 0.9320000000D-01 0.0000000000D+00 0.1782400000D+01 0.9195000000D+00-0.1465000000D-01 0.6588570000D+02 0.1166900000D+00 0.0000000000D+00 0.9312000000D+00 0.3482835000D+01 0.1813500000D+01 0.0000000000D+00 0.3466900000D+01
6 8020151102201511202457328.5-0.6845700000D+01 0.3273000000D-01 0.1541162000D+03 0.2878900000D+00 0.0000000000D+00 0.2200900000D+01 0.2589670000D+01 0.7967000000D+00 0.0000000000D+00 0.3360000000D+01 0.4996000000D+00 0.2539000000D-01 0.6538620000D+02 0.1175900000D+00 0.0000000000D+00 0.9181000000D+00 0.4263409000D+01 0.3073200000D+01 0.0000000000D+00 0.5033900000D+01
6 8120151120201512082457346.5-0.6566300000D+01 0.3950000000D-02 0.1530679000D+03 0.3130000000D+00 0.0000000000D+00 0.2184600000D+01 0.3362909000D+01 0.1764300000D+01 0.0000000000D+00 0.4950800000D+01 0.9973000000D+00-0.3900000000D-01 0.6607190000D+02 0.9179000000D-01 0.0000000000D+00 0.9598000000D+00 0.5035485000D+01 0.3547600000D+01 0.0000000000D+00 0.3233000000D+00
6 8220151208201512262457364.5-0.6090000000D+01-0.5970000000D-01 0.1535690000D+03 0.3366400000D+00 0.0000000000D+00 0.2224600000D+01 0.4133902000D+01 0.2562800000D+01 0.0000000000D+00 0.2401000000D+00 0.3481000000D+00 0.2368000000D-01 0.6667870000D+02 0.1521700000D+00 0.0000000000D+00 0.9827000000D+00 0.5821430000D+01 0.4596300000D+01 0.0000000000D+00 0.1948800000D+01
6 8320151226201601132457382.5-0.7406900000D+01 0.7972000000D-01 0.1536773000D+03 0.3943200000D+00 0.0000000000D+00 0.2274800000D+01 0.4910354000D+01 0.3828300000D+01 0.0000000000D+00 0.1859800000D+01 0.5649000000D+00-0.5840000000D-02 0.6751880000D+02 0.1356700000D+00 0.0000000000D+00 0.9795000000D+00 0.3129200000D+00 0.5647900000D+01 0.0000000000D+00 0.3541800000D+01
7 8420141231201501122457022.5 0.5741000000D+00 0.4851850000D+01 0.1512645000D+03 0.1290254000D+02 0.0000000000D+00 0.5299000000D+00 0.5746227000D+01 0.3967200000D+01 0.0000000000D+00 0.4522500000D+01 0.2886070000D+02-0.2400130000D+01 0.5981360000D+02 0.4601060000D+01 0.0000000000D+00 0.9810000000D-01 0.9994330000D+00 0.5486000000D+01 0.0000000000D+00 0.1581000000D+01
7 8520150112201501242457034.5-0.5305410000D+02 0.4651970000D+01 0.1980657000D+03 0.1177796000D+02 0.0000000000D+00 0.5878000000D+00 0.2704871000D+01 0.4310000000D+00 0.0000000000D+00 0.1922200000D+01-0.6812400000D+01 0.3775490000D+01 0.6586490000D+02 0.3177720000D+01 0.0000000000D+00 0.6944000000D+00 0.4442978000D+01 0.2300200000D+01 0.0000000000D+00 0.3902300000D+01
7 8620150124201502052457046.5 0.5336990000D+02-0.3171750000D+01 0.1619361000D+03 0.1003562000D+02 0.0000000000D+00 0.2088500000D+01 0.2813000000D-02 0.4554700000D+01 0.0000000000D+00 0.2090500000D+01 0.3186450000D+02-0.4476850000D+01 0.5073990000D+02 0.3353590000D+01 0.0000000000D+00 0.5983000000D+00 0.1795034000D+01 0.4570000000D+00 0.0000000000D+00 0.3111900000D+01
7 8720150205201502172457058.5-0.4823690000D+02 0.6531450000D+01 0.1880480000D+03 0.1271856000D+02 0.0000000000D+00 0.4189000000D+00 0.3598060000D+01 0.1396000000D+01 0.0000000000D+00 0.5538300000D+01 0.1904230000D+02 0.4581700000D+00 0.8176630000D+02 0.5822280000D+01 0.0000000000D+00 0.1887000000D+00 0.5368140000D+01 0.3199400000D+01 0.0000000000D+00 0.2145800000D+01
7 8820150217201503012457070.5 0.7186650000D+02-0.1016851000D+02 0.1612534000D+03 0.6815490000D+01 0.0000000000D+00 0.3520200000D+01 0.7002830000D+00 0.5129900000D+01 0.0000000000D+00 0.3783300000D+01-0.1580800000D+01 0.3656000000D-01 0.7694260000D+02 0.4272020000D+01 0.0000000000D+00 0.1755700000D+01 0.2503185000D+01 0.6117000000D+00 0.0000000000D+00 0.5602700000D+01
7 8920150301201503132457082.5-0.2745280000D+02 0.5698380000D+01 0.1794949000D+03 0.1383908000D+02 0.0000000000D+00 0.5206000000D+00 0.4544143000D+01 0.2526000000D+01 0.0000000000D+00 0.1945900000D+01 0.2604300000D+02-0.6477300000D+00 0.7964270000D+02 0.6273120000D+01 0.0000000000D+00 0.3311000000D+00 0.6219887000D+01 0.4169900000D+01 0.0000000000D+00 0.3370100000D+01
7 9020150313201503252457094.5 0.4332570000D+02-0.1001233000D+02 0.1636854000D+03 0.7444370000D+01 0.0000000000D+00 0.3864600000D+01 0.1708168000D+01 0.9000000000D-02 0.0000000000D+00 0.6115000000D+01-0.1302060000D+02 0.2497040000D+01 0.7948800000D+02 0.3956530000D+01 0.0000000000D+00 0.1564300000D+01 0.3291060000D+01 0.1277300000D+01 0.0000000000D+00 0.1245000000D+01
7 9120150325201504062457106.5-0.1443880000D+02 0.6190530000D+01 0.1705190000D+03 0.1420044000D+02 0.0000000000D+00 0.6191000000D+00 0.5454971000D+01 0.3669300000D+01 0.0000000000D+00 0.4362200000D+01 0.3086790000D+02-0.1894270000D+01 0.7311330000D+02 0.5745060000D+01 0.0000000000D+00 0.2410000000D-01 0.7536020000D+00 0.5188600000D+01 0.0000000000D+00 0.5178700000D+01
7 9220150406201504182457118.5-0.4543700000D+02 0.2103050000D+01 0.2227158000D+03 0.1263330000D+02 0.0000000000D+00 0.1472400000D+01 0.2501942000D+01 0.2944000000D+00 0.0000000000D+00 0.1382100000D+01-0.1526470000D+02 0.5026230000D+01 0.7335460000D+02 0.3053560000D+01 0.0000000000D+00 0.9250000000D+00 0.4127491000D+01 0.1907200000D+01 0.0000000000D+00 0.3716300000D+01
7 9320150418201504302457130.5 0.3447720000D+02 0.3408200000D+00 0.1829079000D+03 0.1258430000D+02 0.0000000000D+00 0.1656900000D+01 0.6166901000D+01 0.4488200000D+01 0.0000000000D+00 0.1804800000D+01 0.4094180000D+02-0.5206870000D+01 0.5649150000D+02 0.3481910000D+01 0.0000000000D+00 0.7970000000D+00 0.1540260000D+01 0.2205000000D+00 0.0000000000D+00 0.2712600000D+01
7 9420150430201505122457142.5-0.5865740000D+02 0.7167670000D+01 0.2181216000D+03 0.1432092000D+02 0.0000000000D+00 0.5835000000D+00 0.3394721000D+01 0.1158200000D+01 0.0000000000D+00 0.4992100000D+01 0.1791110000D+02 0.8901600000D+00 0.9120180000D+02 0.6256160000D+01 0.0000000000D+00 0.1080000000D+00 0.5182389000D+01 0.2998000000D+01 0.0000000000D+00 0.1835000000D+01
7 9520150512201505242457154.5 0.8462470000D+02-0.1130461000D+02 0.1814584000D+03 0.7208290000D+01 0.0000000000D+00 0.4058600000D+01 0.5073530000D+00 0.4879600000D+01 0.0000000000D+00 0.3401200000D+01 0.4604800000D+01-0.8207200000D+00 0.8170690000D+02 0.4479050000D+01 0.0000000000D+00 0.1841200000D+01 0.2365524000D+01 0.5205000000D+00 0.0000000000D+00 0.5326500000D+01
7 9620150524201506052457166.5-0.3288140000D+02 0.5985180000D+01 0.1999073000D+03 0.1506507000D+02 0.0000000000D+00 0.5389000000D+00 0.4403080000D+01 0.2346700000D+01 0.0000000000D+00 0.1501400000D+01 0.2572440000D+02-0.3235500000D+00 0.8593340000D+02 0.6667710000D+01 0.0000000000D+00 0.3517000000D+00 0.6090151000D+01 0.4011600000D+01 0.0000000000D+00 0.3129000000D+01
7 9720150605201506172457178.5 0.5068110000D+02-0.1045318000D+02 0.1762231000D+03 0.7813970000D+01 0.0000000000D+00 0.4235300000D+01 0.1569525000D+01 0.6108800000D+01 0.0000000000D+00 0.5794200000D+01-0.8648300000D+01 0.1632260000D+01 0.8304560000D+02 0.4311240000D+01 0.0000000000D+00 0.1859400000D+01 0.3202282000D+01 0.1227500000D+01 0.0000000000D+00 0.9951000000D+00
7 9820150617201506292457190.5-0.1805200000D+02 0.6443160000D+01 0.1788293000D+03 0.1467718000D+02 0.0000000000D+00 0.5690000000D+00 0.5342493000D+01 0.3505000000D+01 0.0000000000D+00 0.3978800000D+01 0.3006740000D+02-0.1495740000D+01 0.7535810000D+02 0.6007920000D+01 0.0000000000D+00 0.1269000000D+00 0.6498620000D+00 0.5032400000D+01 0.0000000000D+00 0.4506600000D+01
7 9920150629201507112457202.5-0.2916240000D+02-0.5612500000D+00 0.2162742000D+03 0.1168921000D+02 0.0000000000D+00 0.2242100000D+01 0.2421226000D+01 0.2636000000D+00 0.0000000000D+00 0.1218400000D+01-0.1958620000D+02 0.5301770000D+01 0.7059600000D+02 0.2719940000D+01 0.0000000000D+00 0.9750000000D+00 0.3945394000D+01 0.1625200000D+01 0.0000000000D+00 0.3537200000D+01
710020150711201507232457214.5 0.1839180000D+02 0.3044840000D+01 0.1747293000D+03 0.1330461000D+02 0.0000000000D+00 0.8630000000D+00 0.6126840000D+01 0.4450500000D+01 0.0000000000D+00 0.1439200000D+01 0.4081630000D+02-0.4758390000D+01 0.5446450000D+02 0.3404310000D+01 0.0000000000D+00 0.7382000000D+00 0.1394703000D+01 0.6257700000D+01 0.0000000000D+00 0.2435400000D+01
710120150723201508042457226.5-0.6041020000D+02 0.6891400000D+01 0.2113619000D+03 0.1373259000D+02 0.0000000000D+00 0.7334000000D+00 0.3231352000D+01 0.9414000000D+00 0.0000000000D+00 0.4678800000D+01 0.1324080000D+02 0.1347170000D+01 0.8348470000D+02 0.5549910000D+01 0.0000000000D+00 0.1720000000D-01 0.5021641000D+01 0.2812900000D+01 0.0000000000D+00 0.5905000000D+01
710220150804201508162457238.5 0.8712610000D+02-0.1071648000D+02 0.1687627000D+03 0.6752420000D+01 0.0000000000D+00 0.3946000000D+01 0.3035190000D+00 0.4616400000D+01 0.0000000000D+00 0.2945600000D+01 0.1267280000D+02-0.1979290000D+01 0.6888090000D+02 0.3855780000D+01 0.0000000000D+00 0.1427900000D+01 0.2221830000D+01 0.4918000000D+00 0.0000000000D+00 0.4949200000D+01
710320150816201508282457250.5-0.3743200000D+02 0.5764210000D+01 0.1833315000D+03 0.1370588000D+02 0.0000000000D+00 0.5745000000D+00 0.4189873000D+01 0.2073900000D+01 0.0000000000D+00 0.9113000000D+00 0.2238140000D+02 0.3863000000D-01 0.7821490000D+02 0.6068800000D+01 0.0000000000D+00 0.3469000000D+00 0.5889476000D+01 0.3770300000D+01 0.0000000000D+00 0.2811800000D+01
710420150828201509092457262.5 0.4962110000D+02-0.9019390000D+01 0.1615528000D+03 0.7542680000D+01 0.0000000000D+00 0.4065800000D+01 0.1303487000D+01 0.5747300000D+01 0.0000000000D+00 0.5188300000D+01-0.3677200000D+01 0.6293100000D+00 0.7429930000D+02 0.4103040000D+01 0.0000000000D+00 0.1859300000D+01 0.2992803000D+01 0.1060400000D+01 0.0000000000D+00 0.5256000000D+00
710520150909201509212457274.5-0.2363470000D+02 0.5846430000D+01 0.1595735000D+03 0.1314722000D+02 0.0000000000D+00 0.5416000000D+00 0.5055966000D+01 0.3137700000D+01 0.0000000000D+00 0.3099100000D+01 0.2709710000D+02-0.9783500000D+00 0.6927590000D+02 0.5704080000D+01 0.0000000000D+00 0.2527000000D+00 0.3892720000D+00 0.4707700000D+01 0.0000000000D+00 0.4153200000D+01
710620150921201510032457286.5 0.8087300000D+01-0.6287090000D+01 0.1666837000D+03 0.8196080000D+01 0.0000000000D+00 0.3218500000D+01 0.2170175000D+01 0.2283000000D+00 0.0000000000D+00 0.8391000000D+00-0.2165820000D+02 0.4771920000D+01 0.6618570000D+02 0.2699680000D+01 0.0000000000D+00 0.8264000000D+00 0.3569811000D+01 0.1208100000D+01 0.0000000000D+00 0.2820900000D+01
710720151003201510152457298.5-0.1045940000D+02 0.6087130000D+01 0.1444330000D+03 0.1253201000D+02 0.0000000000D+00 0.5522000000D+00 0.5868959000D+01 0.4190700000D+01 0.0000000000D+00 0.5492200000D+01 0.3573020000D+02-0.3244910000D+01 0.5530400000D+02 0.3915170000D+01 0.0000000000D+00 0.4309000000D+00 0.1052045000D+01 0.5678200000D+01 0.0000000000D+00 0.2001500000D+01
710820151015201510272457310.5-0.6110670000D+02 0.5253440000D+01 0.1960709000D+03 0.1270310000D+02 0.0000000000D+00 0.5616000000D+00 0.2807760000D+01 0.4830000000D+00 0.0000000000D+00 0.4091600000D+01 0.1786800000D+01 0.2719110000D+01 0.7131560000D+02 0.4248170000D+01 0.0000000000D+00 0.3253000000D+00 0.4591476000D+01 0.2375700000D+01 0.0000000000D+00 0.4372900000D+01
710920151027201511082457322.5 0.6141620000D+02-0.5755450000D+01 0.1570225000D+03 0.8020050000D+01 0.0000000000D+00 0.3310200000D+01 0.6225479000D+01 0.4373100000D+01 0.0000000000D+00 0.2284900000D+01 0.3094860000D+02-0.4319020000D+01 0.5057430000D+02 0.2953610000D+01 0.0000000000D+00 0.8212000000D+00 0.1818413000D+01 0.4695000000D+00 0.0000000000D+00 0.3802200000D+01
711020151108201511202457334.5-0.4877980000D+02 0.5202930000D+01 0.1729362000D+03 0.1274495000D+02 0.0000000000D+00 0.6459000000D+00 0.3673157000D+01 0.1486700000D+01 0.0000000000D+00 0.2440000000D-01 0.1760780000D+02 0.7679200000D+00 0.7521010000D+02 0.5713710000D+01 0.0000000000D+00 0.2938000000D+00 0.5436302000D+01 0.3279200000D+01 0.0000000000D+00 0.2236900000D+01
711120151120201512022457346.5 0.5326530000D+02-0.8222010000D+01 0.1530549000D+03 0.7280500000D+01 0.0000000000D+00 0.3996800000D+01 0.7200790000D+00 0.5086200000D+01 0.0000000000D+00 0.4146500000D+01 0.1361500000D+01-0.2290900000D+00 0.7208310000D+02 0.4063880000D+01 0.0000000000D+00 0.1899400000D+01 0.2501585000D+01 0.5814000000D+00 0.0000000000D+00 0.5874100000D+01
711220151202201512142457358.5-0.3997990000D+02 0.5684480000D+01 0.1533121000D+03 0.1241558000D+02 0.0000000000D+00 0.5627000000D+00 0.4478553000D+01 0.2471100000D+01 0.0000000000D+00 0.1950900000D+01 0.2481450000D+02-0.2570300000D+00 0.7130080000D+02 0.5944230000D+01 0.0000000000D+00 0.3744000000D+00 0.6181814000D+01 0.4147700000D+01 0.0000000000D+00 0.3486300000D+01
711320151214201512262457370.5 0.4578080000D+02-0.1121103000D+02 0.1331961000D+03 0.5106900000D+01 0.0000000000D+00 0.3524800000D+01 0.1543213000D+01 0.6150200000D+01 0.0000000000D+00 0.5050000000D-01-0.1163770000D+02 0.2163410000D+01 0.7300370000D+02 0.3665450000D+01 0.0000000000D+00 0.1430400000D+01 0.3165615000D+01 0.1098000000D+01 0.0000000000D+00 0.1388900000D+01
711420151226201601072457382.5-0.3351020000D+02 0.6793780000D+01 0.1378637000D+03 0.1197140000D+02 0.0000000000D+00 0.6863000000D+00 0.5265377000D+01 0.3511100000D+01 0.0000000000D+00 0.4419700000D+01 0.3015720000D+02-0.1372280000D+01 0.6551060000D+02 0.5469760000D+01 0.0000000000D+00 0.8540000000D-01 0.5891350000D+00 0.5034100000D+01 0.0000000000D+00 0.5332700000D+01
811520141231201502052457022.5 0.9578200000D+01-0.7115900000D+00 0.4479722000D+03 0.0000000000D+00 0.0000000000D+00 0.7695200000D+01 0.6168673000D+01 0.0000000000D+00 0.0000000000D+00 0.3254100000D+01 0.8801600000D+01-0.2771600000D+00 0.1624626000D+03 0.0000000000D+00 0.0000000000D+00 0.3459100000D+01 0.2246421000D+01 0.0000000000D+00 0.0000000000D+00 0.5762700000D+01
811620150205201503132457058.5-0.3514940000D+02 0.5674600000D+00 0.4785386000D+03 0.0000000000D+00 0.0000000000D+00 0.4310700000D+01 0.2701788000D+01 0.0000000000D+00 0.0000000000D+00 0.3557900000D+01 0.1104990000D+02-0.5710000000D-02 0.1752485000D+03 0.0000000000D+00 0.0000000000D+00 0.1671300000D+01 0.5043020000D+01 0.0000000000D+00 0.0000000000D+00 0.5942500000D+01
811720150313201504182457094.5 0.1057630000D+02-0.1317280000D+01 0.5241165000D+03 0.0000000000D+00 0.0000000000D+00 0.1030080000D+02 0.5545666000D+01 0.0000000000D+00 0.0000000000D+00 0.2492900000D+01-0.4936500000D+01 0.4538600000D+00 0.1939806000D+03 0.0000000000D+00 0.0000000000D+00 0.4286300000D+01 0.1614298000D+01 0.0000000000D+00 0.0000000000D+00 0.4693700000D+01
811820150418201505242457130.5-0.4632000000D+02 0.1702410000D+01 0.5537750000D+03 0.0000000000D+00 0.0000000000D+00 0.8641700000D+01 0.2155602000D+01 0.0000000000D+00 0.0000000000D+00 0.1885700000D+01 0.1846080000D+02-0.3430400000D+00 0.2003880000D+03 0.0000000000D+00 0.0000000000D+00 0.2778700000D+01 0.4507360000D+01 0.0000000000D+00 0.0000000000D+00 0.3979300000D+01
811920150524201506292457166.5-0.5308000000D+00-0.1225370000D+01 0.5481137000D+03 0.0000000000D+00 0.0000000000D+00 0.4858200000D+01 0.5076665000D+01 0.0000000000D+00 0.0000000000D+00 0.1456100000D+01 0.1927900000D+01 0.2415500000D+00 0.1997440000D+03 0.0000000000D+00 0.0000000000D+00 0.1861800000D+01 0.1130239000D+01 0.0000000000D+00 0.0000000000D+00 0.4156600000D+01
812020150629201508042457202.5-0.1237930000D+02 0.3709100000D+00 0.5108837000D+03 0.0000000000D+00 0.0000000000D+00 0.1216290000D+02 0.1689655000D+01 0.0000000000D+00 0.0000000000D+00 0.1139200000D+01 0.1195000000D+02-0.2775000000D+00 0.1923954000D+03 0.0000000000D+00 0.0000000000D+00 0.4205000000D+01 0.4024187000D+01 0.0000000000D+00 0.0000000000D+00 0.3431300000D+01
812120150804201509092457238.5-0.3097580000D+02 0.1976800000D+00 0.4699390000D+03 0.0000000000D+00 0.0000000000D+00 0.6193200000D+01 0.4547319000D+01 0.0000000000D+00 0.0000000000D+00 0.6114100000D+01 0.3257500000D+01 0.4397500000D+00 0.1808135000D+03 0.0000000000D+00 0.0000000000D+00 0.2839000000D+01 0.6157640000D+00 0.0000000000D+00 0.0000000000D+00 0.2453600000D+01
812220150909201510152457274.5 0.1709100000D+01-0.1227600000D+00 0.4432884000D+03 0.0000000000D+00 0.0000000000D+00 0.5690300000D+01 0.1073918000D+01 0.0000000000D+00 0.0000000000D+00 0.2082000000D+00 0.9616700000D+01-0.3684900000D+00 0.1675047000D+03 0.0000000000D+00 0.0000000000D+00 0.1943000000D+01 0.3418040000D+01 0.0000000000D+00 0.0000000000D+00 0.2416200000D+01
812320151015201511202457310.5-0.3021190000D+02 0.9457000000D-01 0.4248817000D+03 0.0000000000D+00 0.0000000000D+00 0.9176800000D+01 0.3855332000D+01 0.0000000000D+00 0.0000000000D+00 0.5370100000D+01 0.5497500000D+01 0.2995500000D+00 0.1571434000D+03 0.0000000000D+00 0.0000000000D+00 0.3257000000D+01 0.6194175000D+01 0.0000000000D+00 0.0000000000D+00 0.1364100000D+01
812420151120201512262457346.5 0.6889200000D+01-0.4694500000D+00 0.4215227000D+03 0.0000000000D+00 0.0000000000D+00 0.3810800000D+01 0.3198260000D+00 0.0000000000D+00 0.0000000000D+00 0.4294800000D+01 0.9579600000D+01-0.3588400000D+00 0.1508148000D+03 0.0000000000D+00 0.0000000000D+00 0.1781600000D+01 0.2678804000D+01 0.0000000000D+00 0.0000000000D+00 0.4840000000D+00
812520151226201601312457382.5-0.3937710000D+02 0.5248200000D+00 0.4343921000D+03 0.0000000000D+00 0.0000000000D+00 0.7933700000D+01 0.3083172000D+01 0.0000000000D+00 0.0000000000D+00 0.4388400000D+01 0.6775000000D+00 0.4389600000D+00 0.1478537000D+03 0.0000000000D+00 0.0000000000D+00 0.1960600000D+01 0.5454250000D+01 0.0000000000D+00 0.0000000000D+00 0.4753000000D+00
