 4 2    2   13 19.7027  4.9788 36.0 36.0   23 2457387.5000 2016                                                                                                                                                                                                                                                                                                                  
1  220151231201602052457387.4 0.1455000000D+00 0.4300000000D-03 0.6389000000D+01 0.6852000000D-01 0.3700000000D-03 0.5090000000D-01-0.4081206000D+01-0.5260400000D+01-0.5690700000D+01-0.3176000000D+00-0.6670000000D-01-0.6300000000D-03 0.4969500000D+01 0.4221000000D-01 0.1050000000D-03 0.3980000000D-01-0.1643513000D+01-0.2338400000D+01-0.2922200000D+01-0.4114900000D+01
1  320160205201603122457423.4 0.1564000000D+00 0.2020000000D-02 0.7832900000D+01 0.9422000000D-01 0.5390000000D-03 0.6960000000D-01-0.5147907000D+01-0.6100100000D+01-0.6029600000D+01-0.2424800000D+01-0.8490000000D-01-0.1480000000D-02 0.6291700000D+01 0.4762000000D-01 0.2740000000D-03 0.5480000000D-01-0.2524594000D+01-0.3135500000D+01-0.2616000000D+01-0.5943100000D+01
1  420160312201604172457459.4 0.2069000000D+00 0.3810000000D-02 0.1075140000D+02 0.1425400000D+00 0.9520000000D-03 0.9640000000D-01-0.6159267000D+01-0.5279000000D+00-0.5392800000D+01-0.4331400000D+01-0.1278000000D+00-0.2420000000D-02 0.8133100000D+01 0.6348000000D-01 0.8240000000D-03 0.6970000000D-01-0.3353131000D+01-0.3683300000D+01-0.3263600000D+01-0.1418000000D+01
1  520160417201605232457495.4 0.3518000000D+00 0.3010000000D-02 0.1572060000D+02 0.2058500000D+00 0.3378000000D-02 0.1468000000D+00-0.7220510000D+00-0.6903000000D+00-0.4685100000D+01-0.5914700000D+01-0.2218000000D+00-0.3450000000D-02 0.1128580000D+02 0.1473500000D+00 0.4910000000D-03 0.1134000000D+00-0.4116712000D+01-0.4151100000D+01-0.1654000000D+01-0.3054800000D+01
1  620160523201606282457531.4 0.4621000000D+00-0.3350000000D-02 0.2044710000D+02 0.1903400000D+00 0.3650000000D-02 0.1495000000D+00-0.1259894000D+01-0.6043200000D+01-0.3546800000D+01-0.1189200000D+01-0.3629000000D+00-0.5000000000D-04 0.1602850000D+02 0.9151000000D-01 0.2936000000D-02 0.1243000000D+00-0.4804877000D+01-0.4399900000D+01-0.1439200000D+01-0.4796600000D+01
1  720160628201608032457567.4 0.3169000000D+00-0.2390000000D-02 0.1824770000D+02 0.1326800000D+00 0.1409000000D-02 0.1235000000D+00-0.1784495000D+01-0.4694400000D+01-0.3307000000D+01-0.2784800000D+01-0.3462000000D+00 0.2860000000D-02 0.1545700000D+02 0.1076900000D+00 0.4150000000D-03 0.9910000000D-01-0.5479797000D+01-0.2099200000D+01-0.1511100000D+01-0.1686000000D+00
1  820160803201609082457603.4 0.2436000000D+00-0.1330000000D-02 0.1400300000D+02 0.1753900000D+00 0.2880000000D-03 0.9160000000D-01-0.2694753000D+01-0.4817700000D+01-0.3510000000D+00-0.4955600000D+01-0.2567000000D+00 0.3060000000D-02 0.1144550000D+02 0.1259400000D+00 0.5960000000D-03 0.7230000000D-01-0.1239900000D-01-0.2682100000D+01-0.4861100000D+01-0.2086900000D+01
1  920160908201610142457639.4 0.2159000000D+00 0.1100000000D-03 0.1158870000D+02 0.1713400000D+00 0.1004000000D-02 0.7310000000D-01-0.3852854000D+01-0.5658500000D+01-0.1501000000D+01-0.8762000000D+00-0.1506000000D+00 0.2060000000D-02 0.7629200000D+01 0.1091300000D+00 0.9030000000D-03 0.4230000000D-01-0.8861690000D+00-0.3764200000D+01-0.6004500000D+01-0.3932900000D+01
1 1020161014201611192457675.4 0.2072000000D+00 0.1900000000D-03 0.1054150000D+02 0.1468400000D+00 0.1129000000D-02 0.7160000000D-01-0.5057242000D+01-0.5376000000D+00-0.2708100000D+01-0.3006800000D+01-0.7070000000D-01 0.2080000000D-02 0.4310300000D+01 0.8370000000D-01 0.8130000000D-03 0.2600000000D-01-0.1583425000D+01-0.5154000000D+01-0.1318300000D+01-0.5370900000D+01
1 1120161119201612252457711.4 0.2160000000D+00-0.1330000000D-02 0.9457500000D+01 0.1188900000D+00 0.8670000000D-03 0.6640000000D-01-0.6213196000D+01-0.1844200000D+01-0.3888200000D+01-0.5245200000D+01 0.5600000000D-02 0.1260000000D-02 0.2993400000D+01 0.5113000000D-01 0.7430000000D-03 0.2700000000D-01-0.1760951000D+01-0.3870000000D+00-0.2951000000D+01-0.3485000000D+00
1 1220161225201701302457747.4 0.1748000000D+00-0.7100000000D-03 0.7952800000D+01 0.1050400000D+00 0.6150000000D-03 0.5010000000D-01-0.1047036000D+01-0.3101200000D+01-0.5165300000D+01-0.1132900000D+01 0.4940000000D-01 0.6300000000D-03 0.3795100000D+01 0.2785000000D-01 0.5150000000D-03 0.3220000000D-01-0.2217140000D+01-0.2541800000D+01-0.4573900000D+01-0.2146100000D+01
2 1320151231201602052457387.4 0.3000000000D-02-0.4000000000D-04 0.1554530000D+02 0.2022900000D+00 0.1214000000D-02 0.2500000000D-02 0.1380897000D+01 0.1454000000D+00 0.5703300000D+01-0.8185000000D+00-0.1200000000D-02 0.6000000000D-04 0.1261070000D+02 0.1193700000D+00 0.3820000000D-03 0.2000000000D-02 0.3898911000D+01 0.3022400000D+01 0.2004300000D+01-0.4750300000D+01
2 1420160205201603122457423.4 0.3000000000D-03 0.5000000000D-04 0.1925510000D+02 0.2751300000D+00 0.1381000000D-02 0.6000000000D-03 0.4238918000D+01 0.3223000000D+01 0.2948500000D+01-0.2322700000D+01 0.0000000000D+00 0.1000000000D-04 0.1568150000D+02 0.1329400000D+00 0.4810000000D-03 0.1900000000D-02 0.6785140000D+00 0.6145300000D+01 0.2493000000D+00-0.5974900000D+01
2 1520160312201604172457459.4 0.8800000000D-02-0.4600000000D-03 0.2695110000D+02 0.3953300000D+00 0.2026000000D-02 0.1660000000D-01 0.8814280000D+00 0.1174000000D+00 0.1543600000D+01-0.2064300000D+01 0.1200000000D-02-0.4000000000D-04 0.1993420000D+02 0.1626000000D+00 0.1801000000D-02 0.7200000000D-02 0.3794102000D+01 0.3261400000D+01 0.3637800000D+01-0.4641200000D+01
2 1620160417201605232457495.4-0.3900000000D-02 0.1400000000D-03 0.3994530000D+02 0.4892300000D+00 0.7700000000D-02 0.3930000000D-01 0.3982617000D+01 0.3850200000D+01 0.6209600000D+01-0.1381700000D+01 0.1220000000D-01-0.5200000000D-03 0.2738740000D+02 0.3439600000D+00 0.8330000000D-03 0.2200000000D-01 0.6976790000D+00 0.4400000000D+00 0.2677400000D+01-0.4162700000D+01
2 1720160523201606282457531.4-0.1720000000D-01 0.1030000000D-02 0.5148170000D+02 0.4246100000D+00 0.8824000000D-02 0.3980000000D-01 0.1108487000D+01 0.2607500000D+01 0.5096300000D+01-0.9718000000D+00 0.8100000000D-02-0.4100000000D-03 0.3875380000D+02 0.2108300000D+00 0.7113000000D-02 0.1870000000D-01 0.3947024000D+01 0.4072000000D+01 0.9678000000D+00-0.4023000000D+01
2 1820160628201608032457567.4-0.4900000000D-02 0.3900000000D-03 0.4581880000D+02 0.3383200000D+00 0.3483000000D-02 0.1780000000D-01 0.4559529000D+01 0.1728400000D+01 0.3067900000D+01-0.4177000000D+00-0.2400000000D-02 0.1000000000D-03 0.3742410000D+02 0.2794300000D+00 0.7510000000D-03 0.6700000000D-02 0.9548950000D+00 0.4469100000D+01 0.4450500000D+01-0.2949300000D+01
2 1920160803201609082457603.4 0.4900000000D-02-0.3400000000D-03 0.3545670000D+02 0.4494300000D+00 0.9160000000D-03 0.1300000000D-02 0.1354580000D+01 0.5550400000D+01 0.3773200000D+01-0.1680000000D-01 0.0000000000D+00 0.9000000000D-04 0.2747590000D+02 0.3238000000D+00 0.1772000000D-02 0.4800000000D-02 0.4117167000D+01 0.1493300000D+01 0.5583600000D+01-0.4645300000D+01
2 2020160908201610142457639.4-0.5900000000D-02 0.1600000000D-03 0.2964720000D+02 0.4454800000D+00 0.2734000000D-02 0.3400000000D-02 0.4199974000D+01 0.2392000000D+01 0.2764000000D+00-0.8087000000D+00-0.5000000000D-03 0.8000000000D-04 0.1796110000D+02 0.2721300000D+00 0.2375000000D-02 0.1300000000D-02 0.9442130000D+00 0.4365900000D+01 0.2096400000D+01-0.5396000000D+00
2 2120161014201611192457675.4-0.3200000000D-02-0.9000000000D-04 0.2678200000D+02 0.3833200000D+00 0.3042000000D-02 0.7600000000D-02 0.7138800000D+00 0.5217700000D+01 0.3078500000D+01-0.1568000000D+01 0.4000000000D-02-0.2200000000D-03 0.9849700000D+01 0.2022600000D+00 0.2133000000D-02 0.3800000000D-02 0.4250973000D+01 0.6449000000D+00 0.4455900000D+01-0.3150400000D+01
2 2220161119201612252457711.4-0.4800000000D-02-0.2000000000D-04 0.2374490000D+02 0.3170600000D+00 0.2333000000D-02 0.2500000000D-02 0.3550234000D+01 0.1627200000D+01 0.5840100000D+01-0.3543500000D+01-0.1500000000D-02 0.6000000000D-04 0.7100400000D+01 0.1196700000D+00 0.1861000000D-02 0.3500000000D-02 0.1828021000D+01 0.3013400000D+01 0.4898000000D+00-0.4833600000D+01
2 2320161225201701302457747.4-0.6300000000D-02 0.1000000000D-03 0.1977090000D+02 0.2721000000D+00 0.1653000000D-02 0.2600000000D-02 0.1312860000D+00 0.4378600000D+01 0.2346600000D+01-0.1574700000D+01-0.2200000000D-02 0.5000000000D-04 0.9386700000D+01 0.7502000000D-01 0.1386000000D-02 0.3000000000D-02 0.5312596000D+01 0.4832700000D+01 0.2911000000D+01-0.1634200000D+01
