 4 2    2   13 19.7027  4.9788 36.0 36.0   23 2451909.5000 2001                                                                                                                                                                                                                                                                                                                  
1  220001231200102052451909.4-0.4570000000D-01 0.1000000000D-04 0.5770900000D+01 0.6939000000D-01 0.4390000000D-03 0.4760000000D-01-0.5821277000D+01-0.7886000000D+00-0.1360900000D+01-0.6104000000D+01-0.2810000000D-01 0.3200000000D-03 0.4864200000D+01 0.3622000000D-01 0.8200000000D-04 0.3990000000D-01-0.3312092000D+01-0.4131900000D+01-0.5820000000D+01-0.3463300000D+01
1  320010205200103132451945.4-0.4120000000D-01 0.6600000000D-03 0.7066400000D+01 0.9732000000D-01 0.5970000000D-03 0.6130000000D-01-0.6678190000D+00-0.1682300000D+01-0.1936400000D+01-0.1995700000D+01-0.1710000000D-01 0.3400000000D-03 0.5768400000D+01 0.3512000000D-01 0.1160000000D-03 0.4780000000D-01-0.4190103000D+01-0.5021200000D+01-0.3058500000D+01-0.5329200000D+01
1  420010313200104182451981.4-0.2990000000D-01 0.7000000000D-04 0.9882600000D+01 0.1415400000D+00 0.7210000000D-03 0.8670000000D-01-0.1755219000D+01-0.2492700000D+01-0.2138500000D+01-0.3858200000D+01 0.1200000000D-02 0.9800000000D-03 0.6742200000D+01 0.3085000000D-01 0.3540000000D-03 0.5440000000D-01-0.5012982000D+01-0.5453300000D+01-0.4776100000D+01-0.7282000000D+00
1  520010418200105242452017.4-0.9400000000D-02-0.4300000000D-02 0.1497540000D+02 0.2168000000D+00 0.1793000000D-02 0.1394000000D+00-0.2707758000D+01-0.3143800000D+01-0.1203100000D+01-0.5808200000D+01 0.3450000000D-01 0.2080000000D-02 0.8241100000D+01 0.5355000000D-01 0.1091000000D-02 0.7590000000D-01-0.5764535000D+01-0.5785900000D+01-0.6219800000D+01-0.2507900000D+01
1  620010524200106292452053.4-0.1678000000D+00-0.6750000000D-02 0.2214680000D+02 0.2269400000D+00 0.4506000000D-02 0.1848000000D+00-0.3457037000D+01-0.3000000000D+01-0.5505000000D+00-0.9636000000D+00 0.8610000000D-01 0.3410000000D-02 0.1129650000D+02 0.1744900000D+00 0.1780000000D-02 0.1051000000D+00-0.2408220000D+00-0.4827000000D+00-0.3627500000D+01-0.4324300000D+01
1  720010629200108042452089.4-0.4478000000D+00 0.9500000000D-03 0.2436690000D+02 0.1680900000D+00 0.3320000000D-02 0.1623000000D+00-0.3963004000D+01-0.1569100000D+01-0.5651800000D+01-0.2624800000D+01 0.2316000000D+00-0.4000000000D-04 0.1519570000D+02 0.9780000000D-02 0.2070000000D-02 0.1004000000D+00-0.1004044000D+01-0.3424600000D+01-0.4061700000D+01-0.5987100000D+01
1  820010804200109092452125.4-0.3966000000D+00 0.1510000000D-02 0.1945870000D+02 0.1824800000D+00 0.3870000000D-03 0.1280000000D+00-0.4668060000D+01-0.7755000000D+00-0.5863300000D+01-0.4520800000D+01 0.2192000000D+00-0.1460000000D-02 0.1234540000D+02 0.1441400000D+00 0.5600000000D-03 0.7830000000D-01-0.1742912000D+01-0.4642000000D+01-0.3039000000D+00-0.1506500000D+01
1  920010909200110152452161.4-0.3137000000D+00 0.1580000000D-02 0.1560270000D+02 0.1937800000D+00 0.1004000000D-02 0.1020000000D+00-0.5690426000D+01-0.1400600000D+01-0.3472600000D+01-0.2457000000D+00 0.1546000000D+00-0.2040000000D-02 0.7475500000D+01 0.1322200000D+00 0.1017000000D-02 0.3920000000D-01-0.2519601000D+01-0.5674000000D+01-0.1855200000D+01-0.3156500000D+01
1 1020011015200111202452197.4-0.2707000000D+00 0.2280000000D-02 0.1312810000D+02 0.1704000000D+00 0.1145000000D-02 0.9340000000D-01-0.5270460000D+00-0.2510900000D+01-0.4693100000D+01-0.2438500000D+01 0.8530000000D-01-0.1240000000D-02 0.3855000000D+01 0.8607000000D-01 0.9670000000D-03 0.2700000000D-01-0.2999807000D+01-0.6847000000D+00-0.3279500000D+01-0.4455500000D+01
1 1120011120200112262452233.4-0.1931000000D+00 0.9200000000D-03 0.1082600000D+02 0.1393900000D+00 0.8580000000D-03 0.6960000000D-01-0.1646992000D+01-0.3724100000D+01-0.5840100000D+01-0.4649400000D+01 0.4170000000D-01-0.7700000000D-03 0.3498400000D+01 0.4075000000D-01 0.7260000000D-03 0.2960000000D-01-0.3124549000D+01-0.2378700000D+01-0.4872100000D+01-0.5863100000D+01
1 1220011226200201312452269.4-0.1463000000D+00 0.1210000000D-02 0.8566600000D+01 0.1173200000D+00 0.6340000000D-03 0.5160000000D-01-0.2761695000D+01-0.4875100000D+01-0.7390000000D+00-0.4369000000D+00 0.1580000000D-01-0.9000000000D-04 0.4398300000D+01 0.3044000000D-01 0.5000000000D-03 0.3330000000D-01-0.3809855000D+01-0.4731000000D+01-0.1483000000D+00-0.1516000000D+01
2 1320001231200102052451909.4-0.3800000000D-02 0.0000000000D+00 0.1456520000D+02 0.2004200000D+00 0.1321000000D-02 0.2200000000D-02 0.6219555000D+01 0.4934600000D+01 0.4074700000D+01-0.2986400000D+01 0.3800000000D-02-0.3000000000D-04 0.1210200000D+02 0.1113200000D+00 0.4060000000D-03 0.1500000000D-02 0.2428912000D+01 0.1457500000D+01 0.6216200000D+01-0.5528000000D+01
2 1420010205200103132451945.4-0.3600000000D-02-0.1100000000D-03 0.1775770000D+02 0.2722400000D+00 0.1704000000D-02 0.1500000000D-02 0.2751401000D+01 0.1681100000D+01 0.1052600000D+01-0.3000800000D+01 0.1600000000D-02 0.1300000000D-03 0.1442390000D+02 0.1133300000D+00 0.6400000000D-04 0.1900000000D-02 0.5481813000D+01 0.4489900000D+01 0.7804000000D+00-0.4392000000D+00
2 1520010313200104182451981.4-0.1000000000D-01 0.1500000000D-03 0.2469650000D+02 0.3797300000D+00 0.1802000000D-02 0.9000000000D-03 0.5604979000D+01 0.4770000000D+01 0.4721900000D+01-0.4004400000D+01 0.5900000000D-02-0.9000000000D-04 0.1703110000D+02 0.1011800000D+00 0.9480000000D-03 0.4500000000D-02 0.2307617000D+01 0.1522200000D+01 0.2323500000D+01-0.1436000000D+01
2 1620010418200105242452017.4-0.7000000000D-02-0.7000000000D-04 0.3721660000D+02 0.5552300000D+00 0.3426000000D-02 0.2580000000D-01 0.2305638000D+01 0.1774200000D+01 0.3810400000D+01-0.4597500000D+01 0.7200000000D-02-0.8000000000D-04 0.2103190000D+02 0.1564300000D+00 0.2748000000D-02 0.3200000000D-02 0.5489380000D+01 0.5170900000D+01 0.4977200000D+01-0.5240100000D+01
2 1720010524200106292452053.4 0.1800000000D-02-0.9500000000D-03 0.5478690000D+02 0.5294700000D+00 0.1086600000D-01 0.4810000000D-01 0.5507140000D+01 0.5824900000D+01 0.2093100000D+01-0.4169900000D+01-0.4700000000D-02 0.7400000000D-03 0.2929210000D+02 0.4629900000D+00 0.4686000000D-02 0.2750000000D-01 0.2392130000D+01 0.2087700000D+01 0.5325300000D+01-0.5486600000D+01
2 1820010629200108042452089.4-0.1330000000D-01-0.2100000000D-03 0.6016810000D+02 0.3797000000D+00 0.8274000000D-02 0.2500000000D-01 0.2684283000D+01 0.5138600000D+01 0.9389000000D+00-0.3505400000D+01 0.6000000000D-03 0.4000000000D-03 0.3950450000D+02 0.4656000000D-01 0.5182000000D-02 0.1970000000D-01 0.5603974000D+01 0.3513400000D+01 0.2557100000D+01-0.5892700000D+01
2 1920010804200109092452125.4-0.1420000000D-01 0.1200000000D-03 0.4788420000D+02 0.4668500000D+00 0.8360000000D-03 0.1630000000D-01 0.5956300000D+01 0.3635900000D+01 0.4046700000D+01-0.2008800000D+01 0.1090000000D-01-0.3100000000D-03 0.3228220000D+02 0.3724700000D+00 0.1414000000D-02 0.3200000000D-02 0.2564255000D+01 0.5982200000D+01 0.3948300000D+01-0.4039600000D+01
2 2020010909200110152452161.4-0.6400000000D-02-0.6000000000D-04 0.3842620000D+02 0.5086900000D+00 0.2773000000D-02 0.6700000000D-02 0.2628600000D+01 0.6692000000D+00 0.4843100000D+01-0.4319800000D+01 0.2500000000D-02 0.9000000000D-04 0.1991920000D+02 0.3362200000D+00 0.2742000000D-02 0.3900000000D-02 0.5778650000D+01 0.2670900000D+01 0.2250000000D+00-0.5394600000D+01
2 2120011015200111202452197.4-0.9600000000D-02 0.3500000000D-03 0.3258030000D+02 0.4368400000D+00 0.3054000000D-02 0.1000000000D-03 0.5489299000D+01 0.3540700000D+01 0.1375200000D+01-0.3417100000D+01 0.1300000000D-02 0.9000000000D-04 0.1065550000D+02 0.2193200000D+00 0.2507000000D-02 0.4600000000D-02 0.2980633000D+01 0.5347700000D+01 0.2739700000D+01-0.1306200000D+01
2 2220011120200112262452233.4 0.1000000000D-03-0.5000000000D-04 0.2710220000D+02 0.3597900000D+00 0.2332000000D-02 0.3700000000D-02 0.2080457000D+01 0.2260000000D-01 0.4153100000D+01-0.1993500000D+01 0.6000000000D-02-0.1500000000D-03 0.9351200000D+01 0.9960000000D-01 0.1832000000D-02 0.2900000000D-02 0.5312990000D+00 0.1378000000D+01 0.5165900000D+01-0.3737800000D+01
2 2320011226200201312452269.4-0.5000000000D-03 0.9000000000D-04 0.2151020000D+02 0.3007200000D+00 0.1690000000D-02 0.2100000000D-02 0.4964557000D+01 0.2848900000D+01 0.7199000000D+00-0.4401000000D+01 0.1000000000D-02 0.1500000000D-03 0.1149060000D+02 0.7786000000D-01 0.1243000000D-02 0.1700000000D-02 0.3869808000D+01 0.2922800000D+01 0.1231000000D+01-0.5135400000D+01
