 6 8    2   33   41   48   56   63   84  115  6.6670  4.5860  3.3280  2.2960  1.3910  0.3940  0.3940  0.0790 12.0 50.0 55.0 50.0 53.0 18.0 12.0 36.0  125 2458848.5000 2020                                                                                                                                                                                                      
1  220191231202001122458848.5-0.6620000000D+00 0.1030000000D-02 0.2312000000D+02 0.5268000000D-01 0.7500000000D-04 0.2225000000D+00 0.3355853000D+01 0.1686500000D+01 0.1093800000D+01 0.5011100000D+01 0.6440000000D-01 0.4650000000D-02 0.1020240000D+02 0.1427000000D-01 0.1240000000D-03 0.9610000000D-01 0.5148656000D+01 0.2639300000D+01 0.6038200000D+01 0.5500000000D+00
1  320200112202001242458860.5-0.6489000000D+00 0.2640000000D-02 0.2306070000D+02 0.5426000000D-01 0.3110000000D-03 0.2220000000D+00 0.1651608000D+01 0.7820000000D-01 0.3278900000D+01 0.1436000000D+01 0.1156000000D+00 0.4150000000D-02 0.1007370000D+02 0.1253000000D-01 0.3300000000D-04 0.9430000000D-01 0.3462228000D+01 0.7534000000D+00 0.3151100000D+01 0.3243200000D+01
1  420200124202002052458872.5-0.6232000000D+00 0.4680000000D-02 0.2308100000D+02 0.5298000000D-01 0.5870000000D-03 0.2203000000D+00 0.6231352000D+01 0.4719800000D+01 0.9521000000D+00 0.4127700000D+01 0.1673000000D+00 0.3430000000D-02 0.9940300000D+01 0.1081000000D-01 0.4100000000D-04 0.9400000000D-01 0.1778176000D+01 0.5229600000D+01 0.5992800000D+01 0.5959200000D+01
1  520200205202002172458884.5-0.5655000000D+00 0.6050000000D-02 0.2317350000D+02 0.4712000000D-01 0.5380000000D-03 0.2213000000D+00 0.4529183000D+01 0.3151200000D+01 0.5207400000D+01 0.5509000000D+00 0.2067000000D+00 0.2470000000D-02 0.9809700000D+01 0.9180000000D-02 0.9600000000D-04 0.9290000000D-01 0.9640500000D-01 0.3498000000D+01 0.3077800000D+01 0.2390100000D+01
1  620200217202002292458896.5-0.5032000000D+00 0.7390000000D-02 0.2334430000D+02 0.4175000000D-01 0.4020000000D-03 0.2213000000D+00 0.2829652000D+01 0.1632800000D+01 0.3102300000D+01 0.3239100000D+01 0.2391000000D+00 0.1640000000D-02 0.9692000000D+01 0.9750000000D-02 0.1140000000D-03 0.9330000000D-01 0.4700085000D+01 0.1832600000D+01 0.1463000000D+00 0.5115000000D+01
1  720200229202003122458908.5-0.4072000000D+00 0.8540000000D-02 0.2358420000D+02 0.3866000000D-01 0.2390000000D-03 0.2262000000D+00 0.1132839000D+01 0.2173000000D+00 0.1077300000D+01 0.5940600000D+01 0.2604000000D+00 0.6800000000D-03 0.9584200000D+01 0.1008000000D-01 0.1970000000D-03 0.9150000000D-01 0.3021288000D+01 0.6060000000D-01 0.3802600000D+01 0.1564600000D+01
1  820200312202003242458920.5-0.3074000000D+00 0.9450000000D-02 0.2389600000D+02 0.3988000000D-01 0.4000000000D-04 0.2295000000D+00 0.5723032000D+01 0.5070000000D+01 0.3500000000D-01 0.2371200000D+01 0.2683000000D+00 0.0000000000D+00 0.9486800000D+01 0.8910000000D-02 0.1970000000D-03 0.9080000000D-01 0.1343144000D+01 0.4473800000D+01 0.1465100000D+01 0.4292700000D+01
1  920200324202004052458932.5-0.1855000000D+00 0.1080000000D-01 0.2427830000D+02 0.4375000000D-01 0.4140000000D-03 0.2372000000D+00 0.4034476000D+01 0.3506400000D+01 0.5713200000D+01 0.5085600000D+01 0.2693000000D+00-0.8200000000D-03 0.9402900000D+01 0.5980000000D-02 0.1410000000D-03 0.8950000000D-01 0.5949113000D+01 0.2643900000D+01 0.5500900000D+01 0.7439000000D+00
1 1020200405202004172458944.5-0.5410000000D-01 0.1159000000D-01 0.2473760000D+02 0.4217000000D-01 0.7000000000D-03 0.2405000000D+00 0.2349330000D+01 0.1963000000D+01 0.3722500000D+01 0.1536900000D+01 0.2552000000D+00-0.1540000000D-02 0.9346500000D+01 0.2900000000D-02 0.8900000000D-04 0.8840000000D-01 0.4272034000D+01 0.6656000000D+00 0.3209300000D+01 0.3456500000D+01
1 1120200417202004292458956.5 0.8260000000D-01 0.1261000000D-01 0.2524030000D+02 0.3946000000D-01 0.6770000000D-03 0.2444000000D+00 0.6679560000D+00 0.5292000000D+00 0.1649800000D+01 0.4261700000D+01 0.2377000000D+00-0.2330000000D-02 0.9321400000D+01 0.5300000000D-03 0.5800000000D-04 0.8860000000D-01 0.2595183000D+01 0.3265200000D+01 0.1821600000D+01 0.6186500000D+01
1 1220200429202005112458968.5 0.2347000000D+00 0.1249000000D-01 0.2575510000D+02 0.4363000000D-01 0.3580000000D-03 0.2488000000D+00 0.5273855000D+01 0.5427800000D+01 0.2460000000D-01 0.7181000000D+00 0.2068000000D+00-0.3120000000D-02 0.9332700000D+01 0.3720000000D-02 0.8500000000D-04 0.8880000000D-01 0.9179400000D+00 0.5796000000D+00 0.1481900000D+01 0.2620700000D+01
1 1320200511202005232458980.5 0.3743000000D+00 0.1181000000D-01 0.2628710000D+02 0.4834000000D-01 0.2120000000D-03 0.2507000000D+00 0.3601001000D+01 0.3975400000D+01 0.6043000000D+01 0.3438800000D+01 0.1721000000D+00-0.3710000000D-02 0.9390300000D+01 0.5420000000D-02 0.1910000000D-03 0.9080000000D-01 0.5522994000D+01 0.5192200000D+01 0.5835600000D+01 0.5346500000D+01
1 1420200523202006042458992.5 0.5220000000D+00 0.1003000000D-01 0.2680060000D+02 0.5159000000D-01 0.4460000000D-03 0.2568000000D+00 0.1932328000D+01 0.2442400000D+01 0.4648400000D+01 0.6172900000D+01 0.1281000000D+00-0.4310000000D-02 0.9483400000D+01 0.7600000000D-02 0.2670000000D-03 0.9120000000D-01 0.3843868000D+01 0.3694000000D+01 0.3791300000D+01 0.1795800000D+01
1 1520200604202006162459004.5 0.6383000000D+00 0.7400000000D-02 0.2727880000D+02 0.5194000000D-01 0.6700000000D-03 0.2598000000D+00 0.2671390000D+00 0.9038000000D+00 0.2947300000D+01 0.2625200000D+01 0.7740000000D-01-0.4520000000D-02 0.9607500000D+01 0.1169000000D-01 0.1800000000D-03 0.9310000000D-01 0.2164355000D+01 0.2152000000D+01 0.1591700000D+01 0.4522400000D+01
1 1620200616202006282459016.5 0.7378000000D+00 0.4550000000D-02 0.2770660000D+02 0.4602000000D-01 0.5720000000D-03 0.2672000000D+00 0.4888160000D+01 0.5718200000D+01 0.1055800000D+01 0.5359200000D+01 0.2400000000D-01-0.4760000000D-02 0.9762800000D+01 0.1523000000D-01 0.6700000000D-04 0.9390000000D-01 0.4855810000D+00 0.4324000000D+00 0.4854100000D+01 0.9710000000D+00
1 1720200628202007102459028.5 0.7942000000D+00 0.1010000000D-02 0.2803930000D+02 0.4263000000D-01 0.2390000000D-03 0.2684000000D+00 0.3227137000D+01 0.4363800000D+01 0.5329900000D+01 0.1824800000D+01-0.3690000000D-01-0.4710000000D-02 0.9940500000D+01 0.1701000000D-01 0.1300000000D-03 0.9460000000D-01 0.5089981000D+01 0.4988400000D+01 0.1570600000D+01 0.3680300000D+01
1 1820200710202007222459040.5 0.8066000000D+00-0.2060000000D-02 0.2824100000D+02 0.4379000000D-01 0.2730000000D-03 0.2695000000D+00 0.1566669000D+01 0.2961900000D+01 0.5686900000D+01 0.4563700000D+01-0.9280000000D-01-0.4630000000D-02 0.1012790000D+02 0.1624000000D-01 0.1460000000D-03 0.9610000000D-01 0.3411207000D+01 0.3290400000D+01 0.6039900000D+01 0.1193000000D+00
1 1920200722202008032459052.5 0.7816000000D+00-0.5660000000D-02 0.2829500000D+02 0.4094000000D-01 0.6820000000D-03 0.2692000000D+00 0.6189482000D+01 0.1450500000D+01 0.3750800000D+01 0.1025100000D+01-0.1527000000D+00-0.4340000000D-02 0.1030620000D+02 0.1376000000D-01 0.9400000000D-04 0.9740000000D-01 0.1732504000D+01 0.1556700000D+01 0.4252800000D+01 0.2820900000D+01
1 2020200803202008152459064.5 0.7018000000D+00-0.8640000000D-02 0.2822550000D+02 0.3564000000D-01 0.8630000000D-03 0.2636000000D+00 0.4527475000D+01 0.3100000000D-01 0.1882900000D+01 0.3746100000D+01-0.2021000000D+00-0.3720000000D-02 0.1046270000D+02 0.9850000000D-02 0.4700000000D-04 0.9990000000D-01 0.5281800000D-01 0.6172200000D+01 0.4327400000D+01 0.5533100000D+01
1 2120200815202008272459076.5 0.6016000000D+00-0.1137000000D-01 0.2803130000D+02 0.3083000000D-01 0.7020000000D-03 0.2620000000D+00 0.2862996000D+01 0.5090400000D+01 0.1978000000D+00 0.1870000000D+00-0.2470000000D+00-0.2960000000D-02 0.1057710000D+02 0.6720000000D-02 0.1760000000D-03 0.1004000000D+00 0.4655642000D+01 0.4469100000D+01 0.2858300000D+01 0.1967500000D+01
1 2220200827202009082459088.5 0.4570000000D+00-0.1327000000D-01 0.2772120000D+02 0.3144000000D-01 0.4310000000D-03 0.2572000000D+00 0.1194684000D+01 0.3930300000D+01 0.4828400000D+01 0.2899200000D+01-0.2806000000D+00-0.1700000000D-02 0.1064210000D+02 0.5920000000D-02 0.2660000000D-03 0.1020000000D+00 0.2974553000D+01 0.2485900000D+01 0.4894000000D+00 0.4679400000D+01
1 2320200908202009202459100.5 0.3073000000D+00-0.1389000000D-01 0.2733540000D+02 0.4068000000D-01 0.3280000000D-03 0.2570000000D+00 0.5804755000D+01 0.2588100000D+01 0.4319200000D+01 0.5604500000D+01-0.2993000000D+00-0.5100000000D-03 0.1067100000D+02 0.5760000000D-02 0.2870000000D-03 0.1009000000D+00 0.1292429000D+01 0.5650000000D-01 0.4608000000D+01 0.1113200000D+01
1 2420200920202010022459112.5 0.1407000000D+00-0.1390000000D-01 0.2686410000D+02 0.4655000000D-01 0.6620000000D-03 0.2520000000D+00 0.4126437000D+01 0.1089200000D+01 0.3036600000D+01 0.2039300000D+01-0.3086000000D+00 0.8800000000D-03 0.1065770000D+02 0.8500000000D-02 0.2000000000D-03 0.1000000000D+00 0.5891841000D+01 0.4033900000D+01 0.2360800000D+01 0.3808100000D+01
1 2520201002202010142459124.5-0.2340000000D-01-0.1246000000D-01 0.2633640000D+02 0.4568000000D-01 0.7360000000D-03 0.2490000000D+00 0.2443222000D+01 0.5877800000D+01 0.9232000000D+00 0.4742900000D+01-0.2966000000D+00 0.2020000000D-02 0.1060430000D+02 0.1088000000D-01 0.1390000000D-03 0.9880000000D-01 0.4206119000D+01 0.2043200000D+01 0.4213000000D+00 0.2307000000D+00
1 2620201014202010262459136.5-0.1713000000D+00-0.1112000000D-01 0.2580370000D+02 0.4874000000D-01 0.5160000000D-03 0.2430000000D+00 0.7560540000D+00 0.4464100000D+01 0.5082800000D+01 0.1171500000D+01-0.2772000000D+00 0.2940000000D-02 0.1051860000D+02 0.1351000000D-01 0.2100000000D-04 0.9810000000D-01 0.2519248000D+01 0.1082000000D+00 0.5171800000D+01 0.2912200000D+01
1 2720201026202011072459148.5-0.3150000000D+00-0.9100000000D-02 0.2528700000D+02 0.5437000000D-01 0.1670000000D-03 0.2353000000D+00 0.5347352000D+01 0.2980700000D+01 0.2472900000D+01 0.3855500000D+01-0.2397000000D+00 0.3710000000D-02 0.1039830000D+02 0.1470000000D-01 0.8600000000D-04 0.9790000000D-01 0.8310910000D+00 0.4535500000D+01 0.5792300000D+01 0.5614800000D+01
1 2820201107202011192459160.5-0.4211000000D+00-0.7460000000D-02 0.2480720000D+02 0.5875000000D-01 0.7900000000D-04 0.2310000000D+00 0.3651272000D+01 0.1389000000D+01 0.5105000000D+01 0.2659000000D+00-0.1959000000D+00 0.4100000000D-02 0.1024840000D+02 0.1490000000D-01 0.1500000000D-03 0.9660000000D-01 0.5426117000D+01 0.2779400000D+01 0.3409800000D+01 0.2034100000D+01
1 2920201119202012012459172.5-0.5210000000D+00-0.5880000000D-02 0.2437290000D+02 0.6201000000D-01 0.2830000000D-03 0.2267000000D+00 0.1951934000D+01 0.6041000000D+01 0.2197400000D+01 0.2939200000D+01-0.1445000000D+00 0.4560000000D-02 0.1007670000D+02 0.1587000000D-01 0.1580000000D-03 0.9620000000D-01 0.3738957000D+01 0.1163000000D+01 0.5980000000D+00 0.4744000000D+01
1 3020201201202012132459184.5-0.5837000000D+00-0.4110000000D-02 0.2399650000D+02 0.6033000000D-01 0.4870000000D-03 0.2269000000D+00 0.2493590000D+00 0.4371700000D+01 0.6272400000D+01 0.5622800000D+01-0.8690000000D-01 0.4650000000D-02 0.9895000000D+01 0.1757000000D-01 0.2050000000D-03 0.9300000000D-01 0.2051982000D+01 0.5732700000D+01 0.4335500000D+01 0.1170900000D+01
1 3120201213202012252459196.5-0.6334000000D+00-0.2670000000D-02 0.2366820000D+02 0.5613000000D-01 0.5450000000D-03 0.2241000000D+00 0.4828338000D+01 0.2763300000D+01 0.4136000000D+01 0.2033800000D+01-0.3270000000D-01 0.4760000000D-02 0.9700000000D+01 0.1919000000D-01 0.1750000000D-03 0.9100000000D-01 0.3656620000D+00 0.3946300000D+01 0.2044200000D+01 0.3874000000D+01
1 3220201225202101062459208.5-0.6606000000D+00-0.5400000000D-03 0.2339790000D+02 0.5400000000D-01 0.2090000000D-03 0.2251000000D+00 0.3123654000D+01 0.1268200000D+01 0.1762500000D+01 0.4726000000D+01 0.2640000000D-01 0.4520000000D-02 0.9489800000D+01 0.1949000000D-01 0.1150000000D-03 0.8840000000D-01 0.4963440000D+01 0.2147800000D+01 0.6266800000D+01 0.3007000000D+00
2 3320191231202002192458848.5 0.1443000000D+00-0.6100000000D-03 0.2970690000D+02 0.8233000000D-01 0.2910000000D-03 0.7050000000D-01 0.1152015000D+01 0.5742800000D+01 0.1614100000D+01-0.3437200000D+01-0.7960000000D-01-0.6000000000D-04 0.1238810000D+02 0.3298000000D-01 0.1390000000D-03 0.2770000000D-01 0.2961174000D+01 0.8217000000D+00 0.3635000000D+01-0.1644400000D+01
2 3420200219202004092458898.5 0.1139000000D+00-0.7300000000D-03 0.3009900000D+02 0.7124000000D-01 0.3970000000D-03 0.7210000000D-01 0.4132345000D+01 0.2920900000D+01 0.5023500000D+01-0.3942300000D+01-0.8330000000D-01-0.7000000000D-04 0.1183500000D+02 0.2018000000D-01 0.1900000000D-03 0.2740000000D-01 0.5967283000D+01 0.4152800000D+01 0.2790000000D+00-0.2104700000D+01
2 3520200409202005292458948.5 0.7810000000D-01-0.1300000000D-02 0.3205540000D+02 0.6319000000D-01 0.4510000000D-03 0.7920000000D-01 0.8747560000D+00 0.3705000000D+00 0.2464000000D+01-0.4349900000D+01-0.8850000000D-01-0.7000000000D-04 0.1200340000D+02 0.1493000000D-01 0.1760000000D-03 0.2860000000D-01 0.2730086000D+01 0.2157800000D+01 0.3436100000D+01-0.2517400000D+01
2 3620200529202007182458998.5 0.1180000000D-01-0.1820000000D-02 0.3476640000D+02 0.5774000000D-01 0.5250000000D-03 0.7940000000D-01 0.3967651000D+01 0.4315400000D+01 0.4316000000D+00-0.4727900000D+01-0.9270000000D-01 0.7000000000D-04 0.1295220000D+02 0.2772000000D-01 0.1070000000D-03 0.3330000000D-01 0.5826019000D+01 0.5982000000D+01 0.2169100000D+01-0.2894800000D+01
2 3720200718202009062459048.5-0.8420000000D-01-0.1460000000D-02 0.3628440000D+02 0.3947000000D-01 0.6540000000D-03 0.8490000000D-01 0.8296140000D+00 0.2368200000D+01 0.4642900000D+01-0.5125300000D+01-0.8890000000D-01 0.4800000000D-03 0.1408100000D+02 0.1858000000D-01 0.3140000000D-03 0.3340000000D-01 0.2671905000D+01 0.3206700000D+01 0.6213500000D+01-0.3233700000D+01
2 3820200906202010262459098.5-0.1587000000D+00-0.7300000000D-03 0.3510990000D+02 0.5088000000D-01 0.5060000000D-03 0.8100000000D-01 0.3962109000D+01 0.9281000000D+00 0.2209500000D+01-0.5499500000D+01-0.6470000000D-01 0.6200000000D-03 0.1416840000D+02 0.1509000000D-01 0.2170000000D-03 0.3180000000D-01 0.5788681000D+01 0.2948900000D+01 0.3404500000D+01-0.3685400000D+01
2 3920201026202012152459148.5-0.1926000000D+00-0.2500000000D-03 0.3241530000D+02 0.8001000000D-01 0.2640000000D-03 0.7470000000D-01 0.7383090000D+00 0.4700200000D+01 0.6165900000D+01-0.6023400000D+01-0.3390000000D-01 0.4600000000D-03 0.1307700000D+02 0.3547000000D-01 0.2200000000D-04 0.2970000000D-01 0.2565892000D+01 0.5930000000D-01 0.7755000000D+00-0.4138600000D+01
2 4020201215202102032459198.5-0.2033000000D+00-0.1700000000D-03 0.3031900000D+02 0.8558000000D-01 0.2470000000D-03 0.7240000000D-01 0.3731086000D+01 0.1824400000D+01 0.3875400000D+01-0.2306000000D+00-0.1110000000D-01 0.3700000000D-03 0.1169250000D+02 0.3658000000D-01 0.1020000000D-03 0.2630000000D-01 0.5576918000D+01 0.3186900000D+01 0.4430000000D-01-0.4684300000D+01
3 4120191231202002242458848.5-0.1800000000D-02 0.2000000000D-04 0.3678170000D+02 0.7484000000D-01 0.4090000000D-03 0.3700000000D-02 0.5204608000D+01 0.3473900000D+01 0.5581400000D+01-0.5257400000D+01-0.1200000000D-02 0.1000000000D-04 0.1472970000D+02 0.3394000000D-01 0.1710000000D-03 0.1200000000D-02 0.7477430000D+00 0.4710100000D+01 0.1255900000D+01-0.3244700000D+01
3 4220200224202004192458903.5-0.1800000000D-02 0.3000000000D-04 0.3744110000D+02 0.6594000000D-01 0.5290000000D-03 0.4000000000D-02 0.5936398000D+01 0.4963900000D+01 0.6203000000D+00-0.3555500000D+01-0.9000000000D-03 0.0000000000D+00 0.1395990000D+02 0.1679000000D-01 0.2440000000D-03 0.1400000000D-02 0.1495737000D+01 0.5897800000D+01 0.2060000000D+01-0.1865400000D+01
3 4320200419202006132458958.5 0.1200000000D-02-0.7000000000D-04 0.4038830000D+02 0.7496000000D-01 0.6240000000D-03 0.5500000000D-02 0.4395440000D+00 0.4332000000D+00 0.2297000000D+01-0.2141700000D+01-0.9000000000D-03-0.1000000000D-04 0.1429880000D+02 0.2004000000D-01 0.2030000000D-03 0.2200000000D-02 0.2289575000D+01 0.2254500000D+01 0.3201000000D+01-0.7500000000D-01
3 4420200613202008072459013.5-0.2100000000D-02 0.0000000000D+00 0.4395910000D+02 0.9001000000D-01 0.7520000000D-03 0.7200000000D-02 0.1306534000D+01 0.2243200000D+01 0.4416300000D+01-0.6169900000D+01-0.2800000000D-02 0.5000000000D-04 0.1575450000D+02 0.3968000000D-01 0.2360000000D-03 0.2300000000D-02 0.3144665000D+01 0.3631500000D+01 0.6178100000D+01-0.4871300000D+01
3 4520200807202010012459068.5-0.2900000000D-02 0.7000000000D-04 0.4483730000D+02 0.7717000000D-01 0.7820000000D-03 0.3700000000D-02 0.2223437000D+01 0.4226300000D+01 0.1102000000D+00-0.4361700000D+01-0.7000000000D-03-0.1000000000D-04 0.1699720000D+02 0.2031000000D-01 0.3620000000D-03 0.2100000000D-02 0.4035924000D+01 0.5340900000D+01 0.1489300000D+01-0.2738400000D+01
3 4620201001202011252459123.5 0.8000000000D-03-0.5000000000D-04 0.4192620000D+02 0.7324000000D-01 0.5110000000D-03 0.4100000000D-02 0.3095002000D+01 0.4000000000D-01 0.1840600000D+01-0.2986800000D+01-0.1200000000D-02 0.0000000000D+00 0.1641260000D+02 0.2803000000D-01 0.1460000000D-03 0.1200000000D-02 0.4892043000D+01 0.1916600000D+01 0.2889300000D+01-0.7409000000D+00
3 4720201125202101192459178.5-0.5000000000D-03-0.1000000000D-04 0.3845820000D+02 0.7914000000D-01 0.3590000000D-03 0.2600000000D-02 0.3876233000D+01 0.1619500000D+01 0.3620300000D+01-0.1467200000D+01-0.1400000000D-02 0.1000000000D-04 0.1473510000D+02 0.3825000000D-01 0.8100000000D-04 0.1500000000D-02 0.5676069000D+01 0.3089400000D+01 0.5940500000D+01-0.5938100000D+01
4 4820191231202002192458848.5 0.1074000000D+00 0.1700000000D-03 0.4709240000D+02 0.1221300000D+00 0.4450000000D-03 0.4750000000D-01 0.3350236000D+01 0.1651900000D+01 0.3672900000D+01 0.1170900000D+01-0.5540000000D-01 0.6000000000D-04 0.1964670000D+02 0.4921000000D-01 0.2030000000D-03 0.1840000000D-01 0.5160000000D+01 0.2978100000D+01 0.5692900000D+01 0.3023300000D+01
4 4920200219202004092458898.5 0.1169000000D+00 0.9000000000D-04 0.4770840000D+02 0.1115000000D+00 0.5740000000D-03 0.4870000000D-01 0.4933392000D+01 0.3737300000D+01 0.5790000000D+01 0.4432100000D+01-0.5200000000D-01-0.2000000000D-04 0.1876060000D+02 0.3151000000D-01 0.2920000000D-03 0.1880000000D-01 0.4857420000D+00 0.4946100000D+01 0.1032000000D+01 0.6281600000D+01
4 5020200409202005292458948.5 0.1244000000D+00 0.1100000000D-03 0.5082900000D+02 0.1016600000D+00 0.7250000000D-03 0.5200000000D-01 0.2724930000D+00 0.6013100000D+01 0.1850000000D+01 0.1485700000D+01-0.5400000000D-01-0.1300000000D-03 0.1902120000D+02 0.2435000000D-01 0.2840000000D-03 0.1840000000D-01 0.2128123000D+01 0.1500200000D+01 0.2839300000D+01 0.3310000000D+01
4 5120200529202007182458998.5 0.1243000000D+00-0.2700000000D-03 0.5511260000D+02 0.9116000000D-01 0.8810000000D-03 0.5620000000D-01 0.1960056000D+01 0.2286700000D+01 0.4596400000D+01 0.4880200000D+01-0.5980000000D-01-0.1700000000D-03 0.2051800000D+02 0.4403000000D-01 0.1930000000D-03 0.2030000000D-01 0.3818088000D+01 0.3963200000D+01 0.2300000000D-02 0.4035000000D+00
4 5220200718202009062459048.5 0.1173000000D+00-0.4100000000D-03 0.5754200000D+02 0.7162000000D-01 0.9900000000D-03 0.5760000000D-01 0.3705279000D+01 0.5250600000D+01 0.1143700000D+01 0.1950500000D+01-0.7030000000D-01-0.5000000000D-04 0.2230930000D+02 0.3120000000D-01 0.4810000000D-03 0.2210000000D-01 0.5547524000D+01 0.6181200000D+01 0.2736200000D+01 0.3693400000D+01
4 5320200906202010262459098.5 0.8870000000D-01-0.4100000000D-03 0.5566290000D+02 0.8130000000D-01 0.8050000000D-03 0.5450000000D-01 0.5447268000D+01 0.2167000000D+01 0.3724700000D+01 0.5221800000D+01-0.7200000000D-01 0.9000000000D-04 0.2244850000D+02 0.2281000000D-01 0.3390000000D-03 0.2060000000D-01 0.9905330000D+00 0.4116600000D+01 0.4903300000D+01 0.7407000000D+00
4 5420201026202012152459148.5 0.7290000000D-01-0.2000000000D-04 0.5139510000D+02 0.1120500000D+00 0.5000000000D-03 0.5050000000D-01 0.8395000000D+00 0.4673200000D+01 0.6206500000D+01 0.2140200000D+01-0.6750000000D-01 0.1400000000D-03 0.2072850000D+02 0.5179000000D-01 0.6800000000D-04 0.1990000000D-01 0.2666149000D+01 0.2840000000D-01 0.1149400000D+01 0.3909300000D+01
4 5520201215202102032459198.5 0.6930000000D-01 0.1000000000D-04 0.4806950000D+02 0.1222700000D+00 0.4220000000D-03 0.4680000000D-01 0.2447659000D+01 0.5022000000D+00 0.2403500000D+01 0.5285500000D+01-0.6140000000D-01 0.1300000000D-03 0.1853510000D+02 0.5437000000D-01 0.1460000000D-03 0.1770000000D-01 0.4292716000D+01 0.1836100000D+01 0.4842800000D+01 0.8227000000D+00
5 5620191231202002222458848.5-0.5320000000D-01 0.1300000000D-03 0.6580790000D+02 0.1600900000D+00 0.6320000000D-03 0.2160000000D-01 0.2467635000D+01 0.7595000000D+00 0.2711400000D+01 0.3949400000D+01-0.2660000000D-01 0.0000000000D+00 0.2738440000D+02 0.6533000000D-01 0.2790000000D-03 0.9000000000D-02 0.4264689000D+01 0.2061300000D+01 0.4730000000D+01 0.5733700000D+01
5 5720200222202004152458901.5-0.4490000000D-01-0.1000000000D-04 0.6683330000D+02 0.1505700000D+00 0.8230000000D-03 0.2210000000D-01 0.6733510000D+00 0.5805700000D+01 0.1558700000D+01 0.5245000000D+00-0.2710000000D-01-0.5000000000D-04 0.2616180000D+02 0.4077000000D-01 0.4110000000D-03 0.8400000000D-02 0.2496253000D+01 0.7200000000D+00 0.3032300000D+01 0.2315700000D+01
5 5820200415202006072458954.5-0.4160000000D-01-0.1800000000D-03 0.7171020000D+02 0.1408700000D+00 0.1075000000D-02 0.2310000000D-01 0.5204924000D+01 0.4779900000D+01 0.6435000000D+00 0.3326300000D+01-0.2970000000D-01-0.6000000000D-04 0.2674670000D+02 0.3703000000D-01 0.3720000000D-03 0.8500000000D-02 0.7641230000D+00 0.3200000000D+00 0.1600100000D+01 0.5243300000D+01
5 5920200607202007302459007.5-0.4680000000D-01-0.2600000000D-03 0.7797540000D+02 0.1273000000D+00 0.1307000000D-02 0.2340000000D-01 0.3527860000D+01 0.4090800000D+01 0.8740000000D-01 0.7510000000D-01-0.3110000000D-01-0.1100000000D-03 0.2917000000D+02 0.6520000000D-01 0.3770000000D-03 0.1010000000D-01 0.5368989000D+01 0.5630500000D+01 0.1873400000D+01 0.1809400000D+01
5 6020200730202009212459060.5-0.5710000000D-01-0.8000000000D-04 0.8032220000D+02 0.1097800000D+00 0.1341000000D-02 0.2620000000D-01 0.1909480000D+01 0.3795300000D+01 0.5871800000D+01 0.2970000000D+01-0.3430000000D-01 0.0000000000D+00 0.3151900000D+02 0.3478000000D-01 0.6710000000D-03 0.9500000000D-02 0.3732826000D+01 0.4740900000D+01 0.1037100000D+01 0.4819700000D+01
5 6120200921202011132459113.5-0.5950000000D-01 0.1300000000D-03 0.7609800000D+02 0.1272400000D+00 0.9900000000D-03 0.2360000000D-01 0.2706180000D+00 0.3461300000D+01 0.5113000000D+01 0.5927200000D+01-0.3180000000D-01 0.0000000000D+00 0.3084200000D+02 0.4713000000D-01 0.3450000000D-03 0.1030000000D-01 0.2081839000D+01 0.5322500000D+01 0.6199500000D+01 0.1478600000D+01
5 6220201113202101052459166.5-0.5290000000D-01 0.2400000000D-03 0.6982220000D+02 0.1548000000D+00 0.6500000000D-03 0.2260000000D-01 0.4835137000D+01 0.2525400000D+01 0.4242100000D+01 0.2557000000D+01-0.3020000000D-01 0.2000000000D-04 0.2785960000D+02 0.7404000000D-01 0.9600000000D-04 0.8700000000D-02 0.3695050000D+00 0.4036800000D+01 0.6250000000D-01 0.4349700000D+01
6 6320191231202001182458848.5-0.4954400000D+01-0.2143000000D-01 0.1524876000D+03 0.3560600000D+00 0.0000000000D+00 0.2158600000D+01 0.3754795000D+01 0.2062100000D+01 0.0000000000D+00 0.2705000000D+00-0.1427500000D+01 0.3278000000D-01 0.6246830000D+02 0.1513100000D+00 0.0000000000D+00 0.8978000000D+00 0.5572988000D+01 0.3539500000D+01 0.0000000000D+00 0.2106900000D+01
6 6420200118202002052458866.5-0.5642400000D+01 0.7570000000D-01 0.1513934000D+03 0.3526400000D+00 0.0000000000D+00 0.2186900000D+01 0.4526112000D+01 0.3262500000D+01 0.0000000000D+00 0.1877200000D+01-0.9483000000D+00-0.2428000000D-01 0.6084510000D+02 0.8909000000D-01 0.0000000000D+00 0.8504000000D+00 0.6079400000D-01 0.4271500000D+01 0.0000000000D+00 0.3717400000D+01
6 6520200205202002232458884.5-0.4272000000D+01-0.6316000000D-01 0.1529758000D+03 0.2528400000D+00 0.0000000000D+00 0.2124600000D+01 0.5290018000D+01 0.3964300000D+01 0.0000000000D+00 0.3474300000D+01-0.1218200000D+01-0.1570000000D-02 0.6005740000D+02 0.9216000000D-01 0.0000000000D+00 0.8359000000D+00 0.8421670000D+00 0.5157200000D+01 0.0000000000D+00 0.5293400000D+01
6 6620200223202003122458902.5-0.5435100000D+01 0.7690000000D-01 0.1552267000D+03 0.3736200000D+00 0.0000000000D+00 0.2132100000D+01 0.6071968000D+01 0.4900000000D+01 0.0000000000D+00 0.5022200000D+01-0.1397200000D+01 0.1530000000D-01 0.5962360000D+02 0.7755000000D-01 0.0000000000D+00 0.8255000000D+00 0.1623647000D+01 0.5993600000D+01 0.0000000000D+00 0.6163000000D+00
6 6720200312202003302458920.5-0.4694300000D+01 0.8470000000D-02 0.1577980000D+03 0.3373500000D+00 0.0000000000D+00 0.2219100000D+01 0.5646300000D+00 0.6034600000D+01 0.0000000000D+00 0.3304000000D+00-0.8834000000D+00-0.5110000000D-01 0.5938440000D+02 0.1130300000D+00 0.0000000000D+00 0.8034000000D+00 0.2419407000D+01 0.1227600000D+01 0.0000000000D+00 0.2176000000D+01
6 6820200330202004172458938.5-0.3717900000D+01-0.1157100000D+00 0.1608756000D+03 0.4109400000D+00 0.0000000000D+00 0.2242800000D+01 0.1350881000D+01 0.9617000000D+00 0.0000000000D+00 0.1901600000D+01-0.1619200000D+01 0.2200000000D-01 0.5957080000D+02 0.7827000000D-01 0.0000000000D+00 0.8503000000D+00 0.3200676000D+01 0.2964100000D+01 0.0000000000D+00 0.3748800000D+01
6 6920200417202005052458956.5-0.5657400000D+01 0.8707000000D-01 0.1667239000D+03 0.2424900000D+00 0.0000000000D+00 0.2426400000D+01 0.2134792000D+01 0.2258700000D+01 0.0000000000D+00 0.3490600000D+01-0.1409800000D+01-0.3780000000D-02 0.6086380000D+02 0.8490000000D-01 0.0000000000D+00 0.8745000000D+00 0.3999771000D+01 0.3839600000D+01 0.0000000000D+00 0.5375200000D+01
6 7020200505202005232458974.5-0.4416700000D+01-0.6053000000D-01 0.1721399000D+03 0.2639300000D+00 0.0000000000D+00 0.2529200000D+01 0.2945438000D+01 0.2855100000D+01 0.0000000000D+00 0.5141900000D+01-0.1343600000D+01-0.1766000000D-01 0.6253870000D+02 0.9291000000D-01 0.0000000000D+00 0.9018000000D+00 0.4803032000D+01 0.4916000000D+01 0.0000000000D+00 0.6985000000D+00
6 7120200523202006102458992.5-0.5225100000D+01 0.7120000000D-02 0.1766729000D+03 0.2897100000D+00 0.0000000000D+00 0.2558000000D+01 0.3755410000D+01 0.4150700000D+01 0.0000000000D+00 0.4881000000D+00-0.1861700000D+01 0.3862000000D-01 0.6443920000D+02 0.1372700000D+00 0.0000000000D+00 0.9581000000D+00 0.5621560000D+01 0.5547500000D+01 0.0000000000D+00 0.2345700000D+01
6 7220200610202006282459010.5-0.5923600000D+01 0.7733000000D-01 0.1805623000D+03 0.3349500000D+00 0.0000000000D+00 0.2648600000D+01 0.4577510000D+01 0.5190600000D+01 0.0000000000D+00 0.2132600000D+01-0.1211700000D+01-0.3603000000D-01 0.6636050000D+02 0.1661200000D+00 0.0000000000D+00 0.9609000000D+00 0.1468780000D+00 0.6481000000D+00 0.0000000000D+00 0.4006600000D+01
6 7320200628202007162459028.5-0.4262800000D+01-0.1317700000D+00 0.1846245000D+03 0.3671800000D+00 0.0000000000D+00 0.2593000000D+01 0.5397151000D+01 0.5822000000D+00 0.0000000000D+00 0.3801300000D+01-0.1654700000D+01 0.7180000000D-02 0.6898690000D+02 0.1185500000D+00 0.0000000000D+00 0.9701000000D+00 0.9710010000D+00 0.1645800000D+01 0.0000000000D+00 0.5618900000D+01
6 7420200716202008032459046.5-0.6076600000D+01 0.3898000000D-01 0.1866440000D+03 0.2266200000D+00 0.0000000000D+00 0.2539800000D+01 0.6238406000D+01 0.1779300000D+01 0.0000000000D+00 0.5411400000D+01-0.1711600000D+01 0.1634000000D-01 0.7082810000D+02 0.9702000000D-01 0.0000000000D+00 0.9912000000D+00 0.1796791000D+01 0.2834000000D+01 0.0000000000D+00 0.9752000000D+00
6 7520200803202008212459064.5-0.5528500000D+01-0.3197000000D-01 0.1854853000D+03 0.2640800000D+00 0.0000000000D+00 0.2565800000D+01 0.7876190000D+00 0.2774700000D+01 0.0000000000D+00 0.7575000000D+00-0.1437100000D+01-0.8880000000D-02 0.7188390000D+02 0.5578000000D-01 0.0000000000D+00 0.9825000000D+00 0.2627637000D+01 0.3963700000D+01 0.0000000000D+00 0.2605000000D+01
6 7620200821202009082459082.5-0.5941600000D+01 0.1504000000D-01 0.1834267000D+03 0.2797300000D+00 0.0000000000D+00 0.2533200000D+01 0.1617992000D+01 0.4100100000D+01 0.0000000000D+00 0.2402200000D+01-0.1848800000D+01 0.4657000000D-01 0.7169540000D+02 0.8754000000D-01 0.0000000000D+00 0.9930000000D+00 0.3447967000D+01 0.5254800000D+01 0.0000000000D+00 0.4206500000D+01
6 7720200908202009262459100.5-0.6439600000D+01 0.9305000000D-01 0.1796312000D+03 0.3425300000D+00 0.0000000000D+00 0.2496300000D+01 0.2438863000D+01 0.5160100000D+01 0.0000000000D+00 0.4013300000D+01-0.1068400000D+01-0.3535000000D-01 0.7158870000D+02 0.1289700000D+00 0.0000000000D+00 0.1019700000D+01 0.4269356000D+01 0.9346000000D+00 0.0000000000D+00 0.5856400000D+01
6 7820200926202010142459118.5-0.4633600000D+01-0.9478000000D-01 0.1755473000D+03 0.3641600000D+00 0.0000000000D+00 0.2518000000D+01 0.3262247000D+01 0.4520000000D+00 0.0000000000D+00 0.5658700000D+01-0.1403400000D+01 0.1460000000D-02 0.6968120000D+02 0.1223100000D+00 0.0000000000D+00 0.9817000000D+00 0.5086250000D+01 0.2056200000D+01 0.0000000000D+00 0.1210900000D+01
6 7920201014202011012459136.5-0.5909000000D+01 0.6188000000D-01 0.1689928000D+03 0.2469600000D+00 0.0000000000D+00 0.2389900000D+01 0.4065114000D+01 0.1387700000D+01 0.0000000000D+00 0.1016500000D+01-0.1474900000D+01 0.1456000000D-01 0.6750920000D+02 0.1412900000D+00 0.0000000000D+00 0.9573000000D+00 0.5893632000D+01 0.3102100000D+01 0.0000000000D+00 0.2822000000D+01
6 8020201101202011192459154.5-0.5036700000D+01-0.7170000000D-02 0.1646420000D+03 0.3105900000D+00 0.0000000000D+00 0.2291200000D+01 0.4858595000D+01 0.2299200000D+01 0.0000000000D+00 0.2605000000D+01-0.1009900000D+01-0.3716000000D-01 0.6469430000D+02 0.1211700000D+00 0.0000000000D+00 0.9168000000D+00 0.4044050000D+00 0.3749700000D+01 0.0000000000D+00 0.4462300000D+01
6 8120201119202012072459172.5-0.4508600000D+01-0.4808000000D-01 0.1603128000D+03 0.3086500000D+00 0.0000000000D+00 0.2231600000D+01 0.5643406000D+01 0.3180100000D+01 0.0000000000D+00 0.4212300000D+01-0.1696000000D+01 0.4137000000D-01 0.6282010000D+02 0.1965900000D+00 0.0000000000D+00 0.8348000000D+00 0.1196364000D+01 0.4681900000D+01 0.0000000000D+00 0.6052200000D+01
6 8220201207202012252459190.5-0.5876400000D+01 0.1399200000D+00 0.1576580000D+03 0.4593400000D+00 0.0000000000D+00 0.2085200000D+01 0.1488330000D+00 0.4370600000D+01 0.0000000000D+00 0.5778500000D+01-0.1207200000D+01-0.8800000000D-02 0.5994450000D+02 0.1638200000D+00 0.0000000000D+00 0.8128000000D+00 0.1988953000D+01 0.5735300000D+01 0.0000000000D+00 0.1332600000D+01
6 8320201225202101122459208.5-0.3861500000D+01-0.4974000000D-01 0.1534673000D+03 0.3246000000D+00 0.0000000000D+00 0.2117400000D+01 0.9204870000D+00 0.5593400000D+01 0.0000000000D+00 0.1032700000D+01-0.1102800000D+01-0.2506000000D-01 0.5758710000D+02 0.1594400000D+00 0.0000000000D+00 0.7743000000D+00 0.2774564000D+01 0.3887000000D+00 0.0000000000D+00 0.2929600000D+01
7 8420191231202001122458848.5-0.6260220000D+02 0.1408590000D+01 0.1478126000D+03 0.1258630000D+02 0.0000000000D+00 0.3669000000D+00 0.3581018000D+01 0.1827100000D+01 0.0000000000D+00 0.3701200000D+01-0.1698800000D+02 0.3291930000D+01 0.4983150000D+02 0.4579230000D+01 0.0000000000D+00 0.4757000000D+00 0.5516819000D+01 0.3904100000D+01 0.0000000000D+00 0.5141900000D+01
7 8520200112202001242458860.5 0.3517510000D+02-0.9498010000D+01 0.1680790000D+03 0.9498980000D+01 0.0000000000D+00 0.1466500000D+01 0.5747600000D+00 0.4472000000D+01 0.0000000000D+00 0.1124900000D+01-0.2378320000D+02 0.1256750000D+01 0.7787890000D+02 0.5084130000D+01 0.0000000000D+00 0.2464000000D+00 0.2453059000D+01 0.1108000000D+00 0.0000000000D+00 0.3465300000D+01
7 8620200124202002052458872.5-0.1136344000D+03 0.1345620000D+02 0.1123028000D+03 0.3222480000D+01 0.0000000000D+00 0.3433100000D+01 0.3924109000D+01 0.2712700000D+01 0.0000000000D+00 0.5812200000D+01 0.9554500000D+01-0.3183900000D+00 0.5881010000D+02 0.3367780000D+01 0.0000000000D+00 0.1231900000D+01 0.5955526000D+01 0.4249300000D+01 0.0000000000D+00 0.1837100000D+01
7 8720200205202002172458884.5-0.1063200000D+02-0.4404270000D+01 0.1742571000D+03 0.1305838000D+02 0.0000000000D+00 0.5750000000D+00 0.1565239000D+01 0.5671800000D+01 0.0000000000D+00 0.4368900000D+01-0.2119670000D+02 0.1445560000D+01 0.6861190000D+02 0.5148200000D+01 0.0000000000D+00 0.3040000000D+00 0.3327204000D+01 0.1114500000D+01 0.0000000000D+00 0.5902800000D+01
7 8820200217202002292458896.5-0.3495080000D+02 0.4767770000D+01 0.1650723000D+03 0.9052300000D+01 0.0000000000D+00 0.5255300000D+01 0.4942551000D+01 0.3075000000D+01 0.0000000000D+00 0.1963600000D+01 0.1649140000D+02-0.2613430000D+01 0.6109590000D+02 0.2962620000D+01 0.0000000000D+00 0.1855600000D+01 0.3620290000D+00 0.4675900000D+01 0.0000000000D+00 0.3718700000D+01
7 8920200229202003122458908.5-0.2881810000D+02-0.2805990000D+01 0.1679367000D+03 0.1426560000D+02 0.0000000000D+00 0.9134000000D+00 0.2389639000D+01 0.3689000000D+00 0.0000000000D+00 0.6167100000D+01-0.1926280000D+02 0.1771150000D+01 0.5975560000D+02 0.4899280000D+01 0.0000000000D+00 0.2431000000D+00 0.4158822000D+01 0.2129300000D+01 0.0000000000D+00 0.1495700000D+01
7 9020200312202003242458920.5-0.1359270000D+02 0.3592190000D+01 0.1681014000D+03 0.9000820000D+01 0.0000000000D+00 0.4963300000D+01 0.5792921000D+01 0.3988600000D+01 0.0000000000D+00 0.4033900000D+01 0.1911330000D+02-0.4523220000D+01 0.4954070000D+02 0.1435530000D+01 0.0000000000D+00 0.1435100000D+01 0.1162840000D+01 0.5683900000D+01 0.0000000000D+00 0.6095100000D+01
7 9120200324202004052458932.5-0.3905520000D+02-0.2114190000D+01 0.1611767000D+03 0.1458353000D+02 0.0000000000D+00 0.7609000000D+00 0.3188649000D+01 0.1388000000D+01 0.0000000000D+00 0.1889100000D+01-0.1908280000D+02 0.2580940000D+01 0.5086790000D+02 0.4363470000D+01 0.0000000000D+00 0.3004000000D+00 0.4991808000D+01 0.3269100000D+01 0.0000000000D+00 0.4519600000D+01
7 9220200405202004172458944.5 0.6303310000D+02-0.1127844000D+02 0.1941975000D+03 0.1070098000D+02 0.0000000000D+00 0.1708800000D+01 0.1443200000D-01 0.3831200000D+01 0.0000000000D+00 0.4981000000D+00-0.1358680000D+02-0.6542500000D+00 0.7121290000D+02 0.4089800000D+01 0.0000000000D+00 0.5199000000D+00 0.2077571000D+01 0.6122700000D+01 0.0000000000D+00 0.1470200000D+01
7 9320200417202004292458956.5-0.1057653000D+03 0.1014007000D+02 0.1445503000D+03 0.6520240000D+01 0.0000000000D+00 0.3365700000D+01 0.3577883000D+01 0.2020800000D+01 0.0000000000D+00 0.5331000000D+01-0.9476600000D+01 0.2321240000D+01 0.5212910000D+02 0.3953570000D+01 0.0000000000D+00 0.6128000000D+00 0.5762181000D+01 0.4286800000D+01 0.0000000000D+00 0.9229000000D+00
7 9420200429202005112458968.5 0.5747800000D+01-0.5754840000D+01 0.1966700000D+03 0.1378912000D+02 0.0000000000D+00 0.4017000000D+00 0.1132643000D+01 0.5213000000D+01 0.0000000000D+00 0.3196100000D+01-0.2436590000D+02 0.1445150000D+01 0.7443070000D+02 0.5356010000D+01 0.0000000000D+00 0.2920000000D+00 0.2928240000D+01 0.6870000000D+00 0.0000000000D+00 0.5171100000D+01
7 9520200511202005232458980.5-0.6161140000D+02 0.8253990000D+01 0.1709987000D+03 0.8212210000D+01 0.0000000000D+00 0.5120600000D+01 0.4553874000D+01 0.2800000000D+01 0.0000000000D+00 0.1330700000D+01 0.1963470000D+02-0.2981100000D+01 0.6740110000D+02 0.3096700000D+01 0.0000000000D+00 0.1973400000D+01 0.6242650000D+01 0.4196300000D+01 0.0000000000D+00 0.3007500000D+01
7 9620200523202006042458992.5-0.1948610000D+02-0.3812180000D+01 0.1935494000D+03 0.1577503000D+02 0.0000000000D+00 0.8699000000D+00 0.2069086000D+01 0.2620000000D-01 0.0000000000D+00 0.5726800000D+01-0.2191350000D+02 0.1660170000D+01 0.6823170000D+02 0.5458630000D+01 0.0000000000D+00 0.2711000000D+00 0.3846105000D+01 0.1786000000D+01 0.0000000000D+00 0.9837000000D+00
7 9720200604202006162459004.5-0.3575440000D+02 0.7103670000D+01 0.1807511000D+03 0.9704460000D+01 0.0000000000D+00 0.5944800000D+01 0.5554436000D+01 0.3881300000D+01 0.0000000000D+00 0.3606600000D+01 0.1706380000D+02-0.3950760000D+01 0.6179660000D+02 0.2368620000D+01 0.0000000000D+00 0.1693400000D+01 0.8987330000D+00 0.5298600000D+01 0.0000000000D+00 0.5374900000D+01
7 9820200616202006282459016.5-0.3238290000D+02-0.3428190000D+01 0.1847045000D+03 0.1638131000D+02 0.0000000000D+00 0.9112000000D+00 0.2968546000D+01 0.1141800000D+01 0.0000000000D+00 0.1538500000D+01-0.2112180000D+02 0.2364870000D+01 0.6161840000D+02 0.5176770000D+01 0.0000000000D+00 0.2275000000D+00 0.4734536000D+01 0.2937400000D+01 0.0000000000D+00 0.3927000000D+01
7 9920200628202007102459028.5 0.6873900000D+02-0.1109600000D+02 0.2256001000D+03 0.1203996000D+02 0.0000000000D+00 0.1769600000D+01 0.6107636000D+01 0.3661800000D+01 0.0000000000D+00 0.6158600000D+01-0.5574000000D+01-0.2279160000D+01 0.7428600000D+02 0.3643920000D+01 0.0000000000D+00 0.1047500000D+01 0.1882187000D+01 0.6035300000D+01 0.0000000000D+00 0.1123200000D+01
710020200710202007222459040.5-0.9664300000D+02 0.7179630000D+01 0.1699819000D+03 0.9771140000D+01 0.0000000000D+00 0.2865900000D+01 0.3525219000D+01 0.1920400000D+01 0.0000000000D+00 0.5133700000D+01-0.1940460000D+02 0.3713510000D+01 0.5595550000D+02 0.4683680000D+01 0.0000000000D+00 0.6107000000D+00 0.5648161000D+01 0.4234900000D+01 0.0000000000D+00 0.1262000000D+00
710120200722202008032459052.5 0.1298770000D+02-0.6700810000D+01 0.2155607000D+03 0.1432468000D+02 0.0000000000D+00 0.5607000000D+00 0.9652720000D+00 0.5010900000D+01 0.0000000000D+00 0.2240100000D+01-0.2854480000D+02 0.1649610000D+01 0.8774380000D+02 0.6116420000D+01 0.0000000000D+00 0.3392000000D+00 0.2751174000D+01 0.4800000000D+00 0.0000000000D+00 0.4717300000D+01
710220200803202008152459064.5-0.8393630000D+02 0.1091527000D+02 0.1692152000D+03 0.6948710000D+01 0.0000000000D+00 0.4776500000D+01 0.4394382000D+01 0.2725300000D+01 0.0000000000D+00 0.9551000000D+00 0.2240680000D+02-0.3173660000D+01 0.7754970000D+02 0.3547100000D+01 0.0000000000D+00 0.2259100000D+01 0.6092065000D+01 0.4022900000D+01 0.0000000000D+00 0.2670200000D+01
710320200815202008272459076.5-0.1638370000D+02-0.4223750000D+01 0.2023245000D+03 0.1601006000D+02 0.0000000000D+00 0.8079000000D+00 0.1960550000D+01 0.6164900000D+01 0.0000000000D+00 0.5394400000D+01-0.2431760000D+02 0.1679230000D+01 0.7775350000D+02 0.6094080000D+01 0.0000000000D+00 0.3177000000D+00 0.3716821000D+01 0.1617100000D+01 0.0000000000D+00 0.6148000000D+00
710420200827202009082459088.5-0.4200450000D+02 0.7500070000D+01 0.1811855000D+03 0.9598290000D+01 0.0000000000D+00 0.5904700000D+01 0.5444169000D+01 0.3745600000D+01 0.0000000000D+00 0.3312600000D+01 0.1556770000D+02-0.3401830000D+01 0.7079400000D+02 0.3169840000D+01 0.0000000000D+00 0.2039600000D+01 0.8075660000D+00 0.5170000000D+01 0.0000000000D+00 0.4986200000D+01
710520200908202009202459100.5-0.3094660000D+02-0.3420920000D+01 0.1824510000D+03 0.1592060000D+02 0.0000000000D+00 0.8490000000D+00 0.2864271000D+01 0.9824000000D+00 0.0000000000D+00 0.1122100000D+01-0.2275790000D+02 0.2325780000D+01 0.6641200000D+02 0.5516430000D+01 0.0000000000D+00 0.1780000000D+00 0.4608457000D+01 0.2738200000D+01 0.0000000000D+00 0.3185400000D+01
710620200920202010022459112.5 0.5629480000D+02-0.8332680000D+01 0.2136422000D+03 0.1114571000D+02 0.0000000000D+00 0.1850200000D+01 0.6022873000D+01 0.3628000000D+01 0.0000000000D+00 0.5527900000D+01 0.4382100000D+01-0.3676670000D+01 0.6775340000D+02 0.2781260000D+01 0.0000000000D+00 0.1370300000D+01 0.1740473000D+01 0.5979700000D+01 0.0000000000D+00 0.9505000000D+00
710720201002202010142459124.5-0.7461040000D+02 0.3500150000D+01 0.1623755000D+03 0.1139368000D+02 0.0000000000D+00 0.1651800000D+01 0.3496440000D+01 0.1832200000D+01 0.0000000000D+00 0.4902000000D+01-0.2465690000D+02 0.4222340000D+01 0.5179640000D+02 0.4540300000D+01 0.0000000000D+00 0.6181000000D+00 0.5530122000D+01 0.4097300000D+01 0.0000000000D+00 0.5821300000D+01
710820201014202010262459136.5 0.2485340000D+02-0.7315500000D+01 0.1934405000D+03 0.1237304000D+02 0.0000000000D+00 0.8363000000D+00 0.7521220000D+00 0.4743100000D+01 0.0000000000D+00 0.1747200000D+01-0.2635460000D+02 0.1227290000D+01 0.8388370000D+02 0.5777350000D+01 0.0000000000D+00 0.3281000000D+00 0.2570961000D+01 0.2648000000D+00 0.0000000000D+00 0.4360200000D+01
710920201026202011072459148.5-0.9964710000D+02 0.1273742000D+02 0.1367285000D+03 0.4227830000D+01 0.0000000000D+00 0.3853700000D+01 0.4092772000D+01 0.2513400000D+01 0.0000000000D+00 0.3218000000D+00 0.1620110000D+02-0.1969470000D+01 0.7011890000D+02 0.3417350000D+01 0.0000000000D+00 0.1967900000D+01 0.5929851000D+01 0.3927600000D+01 0.0000000000D+00 0.2304200000D+01
711020201107202011192459160.5-0.4335400000D+01-0.4616010000D+01 0.1777481000D+03 0.1386681000D+02 0.0000000000D+00 0.6974000000D+00 0.1712599000D+01 0.5874800000D+01 0.0000000000D+00 0.4902600000D+01-0.2315030000D+02 0.1280910000D+01 0.7056670000D+02 0.5513470000D+01 0.0000000000D+00 0.3395000000D+00 0.3479800000D+01 0.1327700000D+01 0.0000000000D+00 0.1672000000D+00
711120201119202012012459172.5-0.3950230000D+02 0.6655160000D+01 0.1610202000D+03 0.8481400000D+01 0.0000000000D+00 0.5140100000D+01 0.5122343000D+01 0.3336900000D+01 0.0000000000D+00 0.2689300000D+01 0.1053320000D+02-0.2117080000D+01 0.6457740000D+02 0.3359680000D+01 0.0000000000D+00 0.1996400000D+01 0.5694130000D+00 0.4910100000D+01 0.0000000000D+00 0.4428600000D+01
711220201201202012132459184.5-0.1991130000D+02-0.3462860000D+01 0.1611047000D+03 0.1405214000D+02 0.0000000000D+00 0.8278000000D+00 0.2542145000D+01 0.5976000000D+00 0.0000000000D+00 0.4362000000D+00-0.2218590000D+02 0.1817270000D+01 0.5827880000D+02 0.4870250000D+01 0.0000000000D+00 0.1978000000D+00 0.4297185000D+01 0.2342900000D+01 0.0000000000D+00 0.2060400000D+01
711320201213202012252459196.5 0.2174160000D+02-0.1105420000D+01 0.1806742000D+03 0.9162930000D+01 0.0000000000D+00 0.3004500000D+01 0.5799844000D+01 0.3655200000D+01 0.0000000000D+00 0.4555400000D+01 0.1595990000D+02-0.4720660000D+01 0.4859340000D+02 0.1248450000D+01 0.0000000000D+00 0.1353300000D+01 0.1303915000D+01 0.5609500000D+01 0.0000000000D+00 0.5556000000D+00
711420201225202101062459208.5-0.3596890000D+02-0.1837680000D+01 0.1487482000D+03 0.1302271000D+02 0.0000000000D+00 0.4586000000D+00 0.3270104000D+01 0.1552000000D+01 0.0000000000D+00 0.3169600000D+01-0.2584140000D+02 0.3508980000D+01 0.4237220000D+02 0.3605150000D+01 0.0000000000D+00 0.5159000000D+00 0.5110039000D+01 0.3600000000D+01 0.0000000000D+00 0.5213600000D+01
811520191231202002052458848.5-0.2746260000D+02 0.9021300000D+00 0.4266775000D+03 0.0000000000D+00 0.0000000000D+00 0.5828600000D+01 0.5364032000D+01 0.0000000000D+00 0.0000000000D+00 0.2508800000D+01 0.6225900000D+01 0.6656000000D-01 0.7173730000D+02 0.0000000000D+00 0.0000000000D+00 0.3448000000D+00 0.1385294000D+01 0.0000000000D+00 0.0000000000D+00 0.3126600000D+01
811620200205202003122458884.5-0.1248670000D+02-0.7780100000D+00 0.4378967000D+03 0.0000000000D+00 0.0000000000D+00 0.5985500000D+01 0.1843048000D+01 0.0000000000D+00 0.0000000000D+00 0.2903500000D+01-0.2730100000D+01-0.4568000000D-01 0.6033340000D+02 0.0000000000D+00 0.0000000000D+00 0.1713800000D+01 0.4127137000D+01 0.0000000000D+00 0.0000000000D+00 0.4836000000D+01
811720200312202004172458920.5-0.2389770000D+02 0.8561300000D+00 0.4606073000D+03 0.0000000000D+00 0.0000000000D+00 0.8974500000D+01 0.4624079000D+01 0.0000000000D+00 0.0000000000D+00 0.1569200000D+01 0.4169100000D+01-0.9119000000D-01 0.5345360000D+02 0.0000000000D+00 0.0000000000D+00 0.3608000000D+00 0.5550510000D+00 0.0000000000D+00 0.0000000000D+00 0.2816700000D+01
811820200417202005232458956.5-0.1753100000D+02-0.7711400000D+00 0.4957208000D+03 0.0000000000D+00 0.0000000000D+00 0.4547300000D+01 0.1164492000D+01 0.0000000000D+00 0.0000000000D+00 0.7467000000D+00-0.6049000000D+00 0.7268000000D-01 0.5475480000D+02 0.0000000000D+00 0.0000000000D+00 0.4309000000D+00 0.3353071000D+01 0.0000000000D+00 0.0000000000D+00 0.4188800000D+01
811920200523202006282458992.5-0.5937000000D+01-0.1398000000D+00 0.5386032000D+03 0.0000000000D+00 0.0000000000D+00 0.9800900000D+01 0.4047534000D+01 0.0000000000D+00 0.0000000000D+00 0.8675000000D+00 0.3788000000D+01-0.2314600000D+00 0.6227650000D+02 0.0000000000D+00 0.0000000000D+00 0.1740800000D+01 0.6167807000D+01 0.0000000000D+00 0.0000000000D+00 0.2860200000D+01
812020200628202008032459028.5-0.4141670000D+02 0.4821700000D+00 0.5540281000D+03 0.0000000000D+00 0.0000000000D+00 0.1052630000D+02 0.6695540000D+00 0.0000000000D+00 0.0000000000D+00 0.5985800000D+01-0.7314200000D+01 0.4435900000D+00 0.7374590000D+02 0.0000000000D+00 0.0000000000D+00 0.1096900000D+01 0.2752108000D+01 0.0000000000D+00 0.0000000000D+00 0.1555100000D+01
812120200803202009082459064.5 0.1078700000D+01-0.8423500000D+00 0.5448635000D+03 0.0000000000D+00 0.0000000000D+00 0.4090700000D+01 0.3581404000D+01 0.0000000000D+00 0.0000000000D+00 0.5604000000D+01 0.8896200000D+01-0.4148200000D+00 0.8249190000D+02 0.0000000000D+00 0.0000000000D+00 0.6455000000D+00 0.5680878000D+01 0.0000000000D+00 0.0000000000D+00 0.1250300000D+01
812220200908202010142459100.5-0.3934930000D+02 0.9298200000D+00 0.5108826000D+03 0.0000000000D+00 0.0000000000D+00 0.9536400000D+01 0.1765080000D+00 0.0000000000D+00 0.0000000000D+00 0.5556500000D+01 0.2236600000D+01-0.2359000000D-01 0.7760450000D+02 0.0000000000D+00 0.0000000000D+00 0.2005600000D+01 0.2358170000D+01 0.0000000000D+00 0.0000000000D+00 0.1422300000D+01
812320201014202011192459136.5 0.1693500000D+01-0.1328930000D+01 0.4714729000D+03 0.0000000000D+00 0.0000000000D+00 0.7248800000D+01 0.3031523000D+01 0.0000000000D+00 0.0000000000D+00 0.4421800000D+01-0.9044400000D+01 0.3424200000D+00 0.6568440000D+02 0.0000000000D+00 0.0000000000D+00 0.7989000000D+00 0.5260328000D+01 0.0000000000D+00 0.0000000000D+00 0.5592500000D+01
812420201119202012252459172.5-0.4084380000D+02 0.1482150000D+01 0.4400255000D+03 0.0000000000D+00 0.0000000000D+00 0.5183800000D+01 0.5828585000D+01 0.0000000000D+00 0.0000000000D+00 0.3891100000D+01 0.1009530000D+02-0.1792100000D+00 0.5638850000D+02 0.0000000000D+00 0.0000000000D+00 0.9971000000D+00 0.1771122000D+01 0.0000000000D+00 0.0000000000D+00 0.1019400000D+01
812520201225202101302459208.5 0.4898000000D+00-0.1282140000D+01 0.4252711000D+03 0.0000000000D+00 0.0000000000D+00 0.6871300000D+01 0.2307730000D+01 0.0000000000D+00 0.0000000000D+00 0.3606500000D+01-0.3489400000D+01-0.1730000000D+00 0.4800580000D+02 0.0000000000D+00 0.0000000000D+00 0.1733500000D+01 0.4567069000D+01 0.0000000000D+00 0.0000000000D+00 0.5554900000D+01
