 7 5    2   18   22   26   31  4.4880  2.4930  1.5162  0.7217  0.4667 24.0 110.0 100.0 75.0 75.0   35 2457387.5000 2016                                                                                                                                                                                                                                                          
1  220151231201601242457387.4 0.5700000000D-02-0.1800000000D-03 0.4583600000D+01 0.2163400000D+00 0.4147000000D-02 0.3600000000D-02 0.3745452000D+01 0.2110100000D+01 0.5880000000D-01 0.6314000000D+00 0.1220000000D-01-0.1100000000D-03 0.8733700000D+01 0.4130900000D+00 0.7912000000D-02 0.6300000000D-02 0.1678815000D+01 0.4050000000D-01 0.4251900000D+01 0.4400300000D+01
1  320160124201602172457411.4 0.5700000000D-02-0.2000000000D-03 0.4512700000D+01 0.2149700000D+00 0.4148000000D-02 0.3100000000D-02 0.3598491000D+01 0.1973800000D+01 0.6211500000D+01 0.3944000000D+00 0.1120000000D-01-0.2000000000D-04 0.8560100000D+01 0.4030400000D+00 0.7703000000D-02 0.6900000000D-02 0.1540482000D+01 0.6189400000D+01 0.4123300000D+01 0.4207000000D+01
1  420160217201603122457435.4 0.5900000000D-02-0.2100000000D-03 0.4499100000D+01 0.2156400000D+00 0.4179000000D-02 0.2600000000D-02 0.3444216000D+01 0.1830600000D+01 0.6073100000D+01 0.6400000000D-01 0.1010000000D-01 0.6000000000D-04 0.8417100000D+01 0.3943300000D+00 0.7520000000D-02 0.6500000000D-02 0.1405768000D+01 0.6061600000D+01 0.4003100000D+01 0.4014300000D+01
1  520160312201604052457459.4 0.6000000000D-02-0.2300000000D-03 0.4541500000D+01 0.2180900000D+00 0.4236000000D-02 0.2200000000D-02 0.3286926000D+01 0.1684000000D+01 0.5931100000D+01 0.5947700000D+01 0.9500000000D-02 0.1400000000D-03 0.8325700000D+01 0.3880000000D+00 0.7393000000D-02 0.6400000000D-02 0.1275330000D+01 0.5939900000D+01 0.3891100000D+01 0.3866500000D+01
1  620160405201604292457483.4 0.6400000000D-02-0.2600000000D-03 0.4634000000D+01 0.2221900000D+00 0.4315000000D-02 0.2100000000D-02 0.3130794000D+01 0.1536200000D+01 0.5785900000D+01 0.5429300000D+01 0.8700000000D-02 0.2300000000D-03 0.8294600000D+01 0.3849200000D+00 0.7334000000D-02 0.6500000000D-02 0.1149215000D+01 0.5823200000D+01 0.3783200000D+01 0.3662600000D+01
1  720160429201605232457507.4 0.6500000000D-02-0.2700000000D-03 0.4763800000D+01 0.2274200000D+00 0.4410000000D-02 0.2400000000D-02 0.2979222000D+01 0.1390600000D+01 0.5641900000D+01 0.4878400000D+01 0.8200000000D-02 0.3200000000D-03 0.8327500000D+01 0.3851400000D+00 0.7343000000D-02 0.5700000000D-02 0.1026942000D+01 0.5709300000D+01 0.3678000000D+01 0.3474500000D+01
1  820160523201606162457531.4 0.6800000000D-02-0.2900000000D-03 0.4918100000D+01 0.2333300000D+00 0.4514000000D-02 0.2700000000D-02 0.2834351000D+01 0.1248400000D+01 0.5499200000D+01 0.4560300000D+01 0.7800000000D-02 0.4000000000D-03 0.8419000000D+01 0.3887300000D+00 0.7424000000D-02 0.5900000000D-02 0.9076290000D+00 0.5597100000D+01 0.3571700000D+01 0.3348000000D+01
1  920160616201607102457555.4 0.6800000000D-02-0.3000000000D-03 0.5078500000D+01 0.2392600000D+00 0.4616000000D-02 0.3600000000D-02 0.2697120000D+01 0.1110200000D+01 0.5357900000D+01 0.4260700000D+01 0.7500000000D-02 0.4800000000D-03 0.8560400000D+01 0.3950800000D+00 0.7560000000D-02 0.5300000000D-02 0.7898840000D+00 0.5483800000D+01 0.3462400000D+01 0.3095000000D+01
1 1020160710201608032457579.4 0.6400000000D-02-0.2800000000D-03 0.5225000000D+01 0.2443400000D+00 0.4701000000D-02 0.3800000000D-02 0.2567572000D+01 0.9757000000D+00 0.5218700000D+01 0.4048800000D+01 0.7400000000D-02 0.5300000000D-03 0.8734500000D+01 0.4037800000D+00 0.7746000000D-02 0.4600000000D-02 0.6724840000D+00 0.5367600000D+01 0.3346000000D+01 0.2917100000D+01
1 1120160803201608272457603.4 0.6000000000D-02-0.2600000000D-03 0.5335800000D+01 0.2478900000D+00 0.4753000000D-02 0.4300000000D-02 0.2444941000D+01 0.8439000000D+00 0.5079500000D+01 0.3922900000D+01 0.7600000000D-02 0.5800000000D-03 0.8919400000D+01 0.4134600000D+00 0.7950000000D-02 0.4400000000D-02 0.5535120000D+00 0.5246000000D+01 0.3221300000D+01 0.2663700000D+01
1 1220160827201609202457627.4 0.4700000000D-02-0.1900000000D-03 0.5387900000D+01 0.2488600000D+00 0.4763000000D-02 0.4200000000D-02 0.2327429000D+01 0.7149000000D+00 0.4944200000D+01 0.3683700000D+01 0.7900000000D-02 0.5800000000D-03 0.9085800000D+01 0.4230200000D+00 0.8143000000D-02 0.3700000000D-02 0.4315710000D+00 0.5117000000D+01 0.3084900000D+01 0.2115100000D+01
1 1320160920201610142457651.4 0.3900000000D-02-0.1500000000D-03 0.5370700000D+01 0.2475400000D+00 0.4717000000D-02 0.4100000000D-02 0.2213194000D+01 0.5864000000D+00 0.4807600000D+01 0.3603100000D+01 0.8700000000D-02 0.5500000000D-03 0.9202600000D+01 0.4305400000D+00 0.8292000000D-02 0.3600000000D-02 0.3051980000D+00 0.4980500000D+01 0.2938500000D+01 0.1825400000D+01
1 1420161014201611072457675.4 0.2700000000D-02-0.8000000000D-04 0.5282800000D+01 0.2436800000D+00 0.4638000000D-02 0.4200000000D-02 0.2098598000D+01 0.4605000000D+00 0.4677900000D+01 0.3461300000D+01 0.9700000000D-02 0.5100000000D-03 0.9244700000D+01 0.4345100000D+00 0.8354000000D-02 0.4300000000D-02 0.1737900000D+00 0.4837300000D+01 0.2784400000D+01 0.1270600000D+01
1 1520161107201612012457699.4 0.1600000000D-02-0.2000000000D-04 0.5145000000D+01 0.2385600000D+00 0.4543000000D-02 0.3600000000D-02 0.1980475000D+01 0.3357000000D+00 0.4552400000D+01 0.3226700000D+01 0.1060000000D-01 0.4300000000D-03 0.9202300000D+01 0.4339800000D+00 0.8318000000D-02 0.5000000000D-02 0.3776200000D-01 0.4690000000D+01 0.2627200000D+01 0.9416000000D+00
1 1620161201201612252457723.4 0.7000000000D-03 0.2000000000D-04 0.4989900000D+01 0.2333300000D+00 0.4463000000D-02 0.3300000000D-02 0.1855091000D+01 0.2107000000D+00 0.4430300000D+01 0.3065500000D+01 0.1160000000D-01 0.3600000000D-03 0.9084000000D+01 0.4289100000D+00 0.8193000000D-02 0.5700000000D-02 0.6181691000D+01 0.4543000000D+01 0.2474100000D+01 0.6837000000D+00
1 1720161225201701182457747.4 0.0000000000D+00 0.7000000000D-04 0.4851600000D+01 0.2293200000D+00 0.4414000000D-02 0.3000000000D-02 0.1720461000D+01 0.8260000000D-01 0.4306500000D+01 0.2828100000D+01 0.1210000000D-01 0.2900000000D-03 0.8919500000D+01 0.4208900000D+00 0.8013000000D-02 0.6400000000D-02 0.6041379000D+01 0.4399200000D+01 0.2327800000D+01 0.4583000000D+00
2 1820151231201604192457387.4 0.6800000000D-02 0.3000000000D-04 0.6934900000D+01 0.6280000000D-02 0.7000000000D-04 0.3400000000D-02-0.3462250000D+00-0.2840000000D+01-0.6007000000D+00-0.5400800000D+01-0.8900000000D-02 0.3000000000D-04 0.1299700000D+02 0.1377000000D-01 0.7200000000D-04 0.4000000000D-02-0.2281715000D+01-0.5184000000D+01-0.1852600000D+01-0.1418800000D+01
2 1920160419201608072457497.4 0.1180000000D-01-0.3000000000D-04 0.7195600000D+01 0.1322000000D-01 0.3800000000D-04 0.2600000000D-02-0.2661182000D+01-0.3125600000D+01-0.6690000000D+00-0.4738500000D+01-0.4400000000D-02-0.3000000000D-04 0.1231650000D+02 0.5390000000D-02 0.4300000000D-04 0.2500000000D-02-0.4512208000D+01-0.3749600000D+01-0.4556100000D+01-0.6151700000D+01
2 2020160807201611252457607.4 0.1200000000D-01-0.1000000000D-04 0.8303800000D+01 0.6100000000D-02 0.7900000000D-04 0.3400000000D-02-0.4921390000D+01-0.4190300000D+01-0.1682700000D+01-0.5017000000D+00-0.7800000000D-02 0.3000000000D-04 0.1323390000D+02 0.1297000000D-01 0.1030000000D-03 0.6500000000D-02-0.4303860000D+00-0.2852000000D+00-0.3247300000D+01-0.3966100000D+01
2 2120161125201703152457717.4 0.9900000000D-02-0.1000000000D-04 0.7904400000D+01 0.1100000000D-01 0.7700000000D-04 0.3500000000D-02-0.8234030000D+00-0.3987500000D+01-0.1288600000D+01-0.1198000000D+00-0.1160000000D-01 0.7000000000D-04 0.1349940000D+02 0.1374000000D-01 0.3700000000D-04 0.7900000000D-02-0.2673553000D+01-0.5416700000D+01-0.1879800000D+01-0.2033600000D+01
3 2220151231201604092457387.4-0.3160000000D-01 0.8000000000D-04 0.9645400000D+01 0.8210000000D-02 0.1020000000D-03 0.2220000000D-01 0.5049418000D+01 0.2435800000D+01 0.4738300000D+01-0.5017300000D+01-0.6130000000D-01-0.4000000000D-04 0.1809310000D+02 0.1865000000D-01 0.9600000000D-04 0.3420000000D-01 0.3109454000D+01 0.1214000000D+00 0.3476400000D+01-0.8804000000D+00
3 2320160409201607182457487.4-0.3000000000D-01 0.0000000000D+00 0.9909100000D+01 0.1675000000D-01 0.3800000000D-04 0.2420000000D-01 0.5801902000D+01 0.5223000000D+01 0.1011500000D+01-0.3478100000D+01-0.6250000000D-01-0.1000000000D-03 0.1713810000D+02 0.4480000000D-02 0.7800000000D-04 0.3460000000D-01 0.3936700000D+01 0.4939300000D+01 0.3934200000D+01-0.5416900000D+01
3 2420160718201610262457587.4-0.3170000000D-01-0.7000000000D-04 0.1132170000D+02 0.1306000000D-01 0.1320000000D-03 0.2320000000D-01 0.2949160000D+00 0.3692000000D+00 0.3212700000D+01-0.1872600000D+01-0.7120000000D-01-0.3000000000D-04 0.1811900000D+02 0.1953000000D-01 0.1090000000D-03 0.3940000000D-01 0.4780477000D+01 0.4894900000D+01 0.1956100000D+01-0.3734700000D+01
3 2520161026201702032457687.4-0.3480000000D-01 0.8000000000D-04 0.1138560000D+02 0.1680000000D-01 0.8300000000D-04 0.1800000000D-01 0.1149475000D+01 0.3944600000D+01 0.3224000000D+00-0.2180000000D+00-0.7920000000D-01 0.3000000000D-04 0.1901780000D+02 0.1068000000D-01 0.5600000000D-04 0.2990000000D-01 0.5598295000D+01 0.3111000000D+01 0.1926000000D+01-0.2077000000D+01
4 2620151231201603152457387.4-0.2460000000D-01 0.4100000000D-03 0.1587930000D+02 0.1271000000D-01 0.1860000000D-03 0.1280000000D-01 0.1199504000D+01 0.4552100000D+01 0.7881000000D+00 0.2155700000D+01 0.8520000000D-01 0.3400000000D-03 0.2968010000D+02 0.2905000000D-01 0.1360000000D-03 0.3910000000D-01 0.5547147000D+01 0.2400200000D+01 0.5943300000D+01 0.2544000000D+00
4 2720160315201605292457462.4 0.2440000000D-01-0.4700000000D-03 0.1590590000D+02 0.1968000000D-01 0.8200000000D-04 0.1170000000D-01 0.5023055000D+01 0.4293900000D+01 0.5253600000D+01 0.3387200000D+01 0.6920000000D-01-0.3300000000D-03 0.2822330000D+02 0.1087000000D-01 0.1780000000D-03 0.2100000000D-01 0.3136011000D+01 0.5508000000D+01 0.3156900000D+01 0.2237600000D+01
4 2820160529201608122457537.4-0.2930000000D-01 0.6900000000D-03 0.1744350000D+02 0.2941000000D-01 0.1220000000D-03 0.2690000000D-01 0.2551651000D+01 0.2265400000D+01 0.4973700000D+01 0.4983900000D+01 0.9410000000D-01 0.2200000000D-03 0.2861410000D+02 0.2215000000D-01 0.5500000000D-04 0.2700000000D-01 0.7347550000D+00 0.1074900000D+01 0.2020000000D-01 0.3081200000D+01
4 2920160812201610262457612.4 0.2940000000D-01-0.6000000000D-03 0.1901740000D+02 0.1237000000D-01 0.2130000000D-03 0.1690000000D-01 0.1204040000D+00 0.6063000000D+00 0.3120300000D+01 0.7629000000D+00 0.6540000000D-01-0.7000000000D-04 0.3037130000D+02 0.2648000000D-01 0.2130000000D-03 0.2230000000D-01 0.4607962000D+01 0.4619100000D+01 0.1634800000D+01 0.4314500000D+01
4 3020161026201701092457687.4-0.2630000000D-01 0.6000000000D-03 0.1869020000D+02 0.2494000000D-01 0.9800000000D-04 0.1500000000D-01 0.4013688000D+01 0.4295000000D+00 0.2891300000D+01 0.1803300000D+01 0.1090000000D+00-0.1000000000D-03 0.3118590000D+02 0.1320000000D-01 0.1150000000D-03 0.4610000000D-01 0.2180991000D+01 0.5771700000D+01 0.5027800000D+01 0.6010000000D+01
5 3120151231201603152457387.4 0.7700000000D-01-0.6800000000D-03 0.2113730000D+02 0.1679000000D-01 0.2420000000D-03 0.1560000000D-01 0.1590037000D+01 0.5006200000D+01 0.1196900000D+01 0.4578100000D+01 0.6000000000D-02-0.5400000000D-03 0.3970560000D+02 0.3902000000D-01 0.1890000000D-03 0.2860000000D-01 0.5938921000D+01 0.2820100000D+01 0.4160000000D-01 0.2549500000D+01
5 3220160315201605292457462.4 0.4000000000D-03 0.8500000000D-03 0.2118250000D+02 0.2684000000D-01 0.1090000000D-03 0.1460000000D-01 0.5137122000D+01 0.4397000000D+01 0.5353200000D+01 0.4582100000D+01 0.2980000000D-01 0.5000000000D-03 0.3777760000D+02 0.1519000000D-01 0.2460000000D-03 0.2530000000D-01 0.3250756000D+01 0.5650800000D+01 0.3188800000D+01 0.2818200000D+01
5 3320160529201608122457537.4 0.8750000000D-01-0.8200000000D-03 0.2325890000D+02 0.3990000000D-01 0.1670000000D-03 0.1580000000D-01 0.2388600000D+01 0.2055900000D+01 0.4822700000D+01 0.6262400000D+01 0.0000000000D+00-0.3600000000D-03 0.3829260000D+02 0.2843000000D-01 0.9200000000D-04 0.2370000000D-01 0.5718890000D+00 0.8813000000D+00 0.6060200000D+01 0.4545000000D+01
5 3420160812201610262457612.4 0.2900000000D-02 0.1070000000D-02 0.2536830000D+02 0.1517000000D-01 0.2800000000D-03 0.1810000000D-01 0.5960353000D+01 0.9470000000D-01 0.2640700000D+01 0.1603000000D+00 0.4800000000D-01 0.2000000000D-03 0.4063050000D+02 0.3546000000D-01 0.2940000000D-03 0.3170000000D-01 0.4165547000D+01 0.4188900000D+01 0.1288500000D+01 0.4458100000D+01
5 3520161026201701092457687.4 0.9800000000D-01-0.1200000000D-02 0.2493000000D+02 0.3421000000D-01 0.1350000000D-03 0.1400000000D-01 0.3292534000D+01 0.6029200000D+01 0.2286500000D+01 0.1853700000D+01-0.1600000000D-01 0.0000000000D+00 0.4172260000D+02 0.1668000000D-01 0.1780000000D-03 0.2880000000D-01 0.1460921000D+01 0.5117800000D+01 0.4376800000D+01 0.6202800000D+01
