 7 5    2   18   22   26   31  4.4880  2.4930  1.5162  0.7217  0.4667 24.0 110.0 100.0 75.0 75.0   35 2453370.5000 2005                                                                                                                                                                                                                                                          
1  220041231200501242453370.4 0.2400000000D-02 0.8000000000D-04 0.2338700000D+01 0.1157800000D+00 0.2276000000D-02 0.1800000000D-02 0.6018620000D+01 0.4329100000D+01 0.2214900000D+01 0.6285000000D+00 0.2100000000D-02 0.4000000000D-04 0.8622400000D+01 0.4041800000D+00 0.7702000000D-02 0.6500000000D-02 0.1872972000D+01 0.2405000000D+00 0.4460200000D+01 0.3136900000D+01
1  320050124200502172453394.4 0.2400000000D-02 0.5000000000D-04 0.2192800000D+01 0.1101800000D+00 0.2177000000D-02 0.1800000000D-02 0.5827578000D+01 0.4132000000D+01 0.2010700000D+01 0.4145000000D+00 0.8000000000D-03 0.1000000000D-03 0.8497300000D+01 0.3959800000D+00 0.7526000000D-02 0.5600000000D-02 0.1742235000D+01 0.1173000000D+00 0.4346600000D+01 0.2914200000D+01
1  420050217200503132453418.4 0.2400000000D-02 0.2000000000D-04 0.2051500000D+01 0.1041900000D+00 0.2066000000D-02 0.1800000000D-02 0.5622552000D+01 0.3930400000D+01 0.1809400000D+01 0.2062000000D+00 0.0000000000D+00 0.1600000000D-03 0.8429800000D+01 0.3909800000D+00 0.7420000000D-02 0.5400000000D-02 0.1616688000D+01 0.8000000000D-03 0.4239300000D+01 0.2745600000D+01
1  520050313200504062453442.4 0.2300000000D-02 0.0000000000D+00 0.1932700000D+01 0.9843000000D-01 0.1951000000D-02 0.1600000000D-02 0.5408819000D+01 0.3729700000D+01 0.1616900000D+01 0.1360000000D-01-0.9000000000D-03 0.2000000000D-03 0.8427200000D+01 0.3893000000D+00 0.7391000000D-02 0.4700000000D-02 0.1495621000D+01 0.6172000000D+01 0.4137100000D+01 0.2450200000D+01
1  620050406200504302453466.4 0.2200000000D-02 0.0000000000D+00 0.1849000000D+01 0.9343000000D-01 0.1840000000D-02 0.1300000000D-02 0.5195657000D+01 0.3536100000D+01 0.1436900000D+01 0.6045000000D+01-0.1600000000D-02 0.2200000000D-03 0.8487800000D+01 0.3914900000D+00 0.7446000000D-02 0.4100000000D-02 0.1378215000D+01 0.6062600000D+01 0.4034600000D+01 0.2226700000D+01
1  720050430200505242453490.4 0.2100000000D-02-0.1000000000D-04 0.1804700000D+01 0.8936000000D-01 0.1738000000D-02 0.1100000000D-02 0.4994775000D+01 0.3358100000D+01 0.1276600000D+01 0.5854500000D+01-0.2100000000D-02 0.2500000000D-03 0.8603600000D+01 0.3969900000D+00 0.7581000000D-02 0.3700000000D-02 0.1262403000D+01 0.5953000000D+01 0.3929800000D+01 0.1975800000D+01
1  820050524200506172453514.4 0.2000000000D-02-0.1000000000D-04 0.1796900000D+01 0.8623000000D-01 0.1645000000D-02 0.9000000000D-03 0.4818294000D+01 0.3203400000D+01 0.1143100000D+01 0.5429100000D+01-0.2700000000D-02 0.2600000000D-03 0.8760200000D+01 0.4053200000D+00 0.7773000000D-02 0.3400000000D-02 0.1146367000D+01 0.5839700000D+01 0.3817100000D+01 0.1452700000D+01
1  920050617200507112453538.4 0.2000000000D-02-0.1000000000D-04 0.1818200000D+01 0.8415000000D-01 0.1575000000D-02 0.8000000000D-03 0.4674551000D+01 0.3079000000D+01 0.1041900000D+01 0.5124800000D+01-0.3000000000D-02 0.2600000000D-03 0.8934600000D+01 0.4152200000D+00 0.8003000000D-02 0.3000000000D-02 0.1027929000D+01 0.5720700000D+01 0.3695000000D+01 0.1119100000D+01
1 1020050711200508042453562.4 0.2100000000D-02 0.0000000000D+00 0.1860900000D+01 0.8336000000D-01 0.1543000000D-02 0.8000000000D-03 0.4564478000D+01 0.2985000000D+01 0.9718000000D+00 0.4679600000D+01-0.3400000000D-02 0.2600000000D-03 0.9100200000D+01 0.4251400000D+00 0.8224000000D-02 0.3800000000D-02 0.9053390000D+00 0.5593200000D+01 0.3560900000D+01 0.6214000000D+00
1 1120050804200508282453586.4 0.2300000000D-02 0.0000000000D+00 0.1918000000D+01 0.8436000000D-01 0.1566000000D-02 0.9000000000D-03 0.4481297000D+01 0.2912400000D+01 0.9159000000D+00 0.4302000000D+01-0.3600000000D-02 0.2500000000D-03 0.9224900000D+01 0.4332300000D+00 0.8397000000D-02 0.4200000000D-02 0.7776250000D+00 0.5457200000D+01 0.3415300000D+01 0.2859000000D+00
1 1220050828200509212453610.4 0.2600000000D-02 0.0000000000D+00 0.1981400000D+01 0.8723000000D-01 0.1647000000D-02 0.9000000000D-03 0.4410511000D+01 0.2842700000D+01 0.8485000000D+00 0.3992700000D+01-0.3800000000D-02 0.2400000000D-03 0.9283100000D+01 0.4376700000D+00 0.8480000000D-02 0.4900000000D-02 0.6445710000D+00 0.5313800000D+01 0.3262300000D+01 0.6280700000D+01
1 1320050921200510152453634.4 0.3000000000D-02 0.0000000000D+00 0.2037000000D+01 0.9136000000D-01 0.1759000000D-02 0.1000000000D-02 0.4335251000D+01 0.2755300000D+01 0.7458000000D+00 0.3728400000D+01-0.4200000000D-02 0.2300000000D-03 0.9260100000D+01 0.4375800000D+00 0.8455000000D-02 0.5500000000D-02 0.5070360000D+00 0.5165600000D+01 0.3104700000D+01 0.6085000000D+01
1 1420051015200511082453658.4 0.3400000000D-02-0.1000000000D-04 0.2067500000D+01 0.9538000000D-01 0.1868000000D-02 0.1100000000D-02 0.4241117000D+01 0.2638600000D+01 0.6042000000D+00 0.3356700000D+01-0.4400000000D-02 0.2300000000D-03 0.9158700000D+01 0.4327900000D+00 0.8331000000D-02 0.5800000000D-02 0.3667470000D+00 0.5016900000D+01 0.2950200000D+01 0.5843000000D+01
1 1520051108200512022453682.4 0.3700000000D-02-0.4000000000D-04 0.2058900000D+01 0.9802000000D-01 0.1944000000D-02 0.1100000000D-02 0.4119329000D+01 0.2490400000D+01 0.4285000000D+00 0.2993400000D+01-0.5200000000D-02 0.2400000000D-03 0.9001800000D+01 0.4245500000D+00 0.8134000000D-02 0.5700000000D-02 0.2256180000D+00 0.4870700000D+01 0.2801100000D+01 0.5610700000D+01
1 1620051202200512262453706.4 0.3900000000D-02-0.6000000000D-04 0.2009300000D+01 0.9861000000D-01 0.1975000000D-02 0.1200000000D-02 0.3966650000D+01 0.2314200000D+01 0.2294000000D+00 0.2722200000D+01-0.5700000000D-02 0.2600000000D-03 0.8818400000D+01 0.4143800000D+00 0.7903000000D-02 0.5600000000D-02 0.8592700000D-01 0.4730300000D+01 0.2662200000D+01 0.5443000000D+01
1 1720051226200601192453730.4 0.4000000000D-02-0.9000000000D-04 0.1929100000D+01 0.9732000000D-01 0.1967000000D-02 0.1300000000D-02 0.3783220000D+01 0.2115600000D+01 0.1470000000D-01 0.2286600000D+01-0.6600000000D-02 0.2900000000D-03 0.8643100000D+01 0.4041600000D+00 0.7679000000D-02 0.5600000000D-02 0.6232614000D+01 0.4597000000D+01 0.2533700000D+01 0.5103400000D+01
2 1820041231200504202453370.4 0.3200000000D-02 0.3000000000D-04 0.4136400000D+01 0.1324000000D-01 0.2300000000D-04 0.5000000000D-03-0.3657607000D+01-0.5984700000D+01-0.3472500000D+01-0.1641500000D+01-0.1950000000D-01 0.0000000000D+00 0.1245950000D+02 0.9660000000D-02 0.8200000000D-04 0.9500000000D-02-0.1368351000D+01-0.4551200000D+01-0.1047000000D+01-0.3674800000D+01
2 1920050420200508082453480.4 0.5200000000D-02 0.1000000000D-04 0.3552100000D+01 0.8000000000D-02 0.8000000000D-04 0.2700000000D-02-0.6170246000D+01-0.1464500000D+01-0.4913100000D+01-0.4038800000D+01-0.1520000000D-01-0.7000000000D-04 0.1231750000D+02 0.1215000000D-01 0.3700000000D-04 0.8300000000D-02-0.3571301000D+01-0.3031000000D+01-0.5358000000D+01-0.1408100000D+01
2 2020050808200511262453590.4 0.3100000000D-02 0.6000000000D-04 0.3830800000D+01 0.1226000000D-01 0.6900000000D-04 0.2000000000D-02-0.2116403000D+01-0.9410000000D+00-0.4278800000D+01-0.3810100000D+01-0.1910000000D-01 0.1000000000D-04 0.1336420000D+02 0.5590000000D-02 0.8200000000D-04 0.1020000000D-01-0.5782085000D+01-0.3578000000D+00-0.2633500000D+01-0.6129000000D+01
2 2120051126200603162453700.4 0.2700000000D-02 0.5000000000D-04 0.3925900000D+01 0.7590000000D-02 0.3200000000D-04 0.1600000000D-02-0.4205300000D+01-0.3591000000D+00-0.5906900000D+01-0.2170200000D+01-0.2250000000D-01 0.3000000000D-04 0.1282340000D+02 0.1386000000D-01 0.7400000000D-04 0.6000000000D-02-0.1764966000D+01-0.4707200000D+01-0.1257800000D+01-0.4419000000D+01
3 2220041231200504102453370.4 0.1790000000D-01-0.9000000000D-04 0.5778800000D+01 0.1745000000D-01 0.2600000000D-04 0.1150000000D-01 0.4849151000D+01 0.2512700000D+01 0.4737600000D+01-0.4289000000D+00 0.1330000000D-01 0.2000000000D-04 0.1734890000D+02 0.1354000000D-01 0.1130000000D-03 0.3380000000D-01 0.8602250000D+00 0.3903300000D+01 0.1116400000D+01-0.4381700000D+01
3 2320050410200507192453470.4 0.1030000000D-01 0.0000000000D+00 0.5004100000D+01 0.1365000000D-01 0.1130000000D-03 0.8900000000D-02 0.5416558000D+01 0.3696600000D+01 0.2854000000D+00-0.5218600000D+01 0.7900000000D-02 0.3000000000D-04 0.1708110000D+02 0.1317000000D-01 0.4700000000D-04 0.3080000000D-01 0.1707199000D+01 0.2263700000D+01 0.6368000000D+00-0.2715900000D+01
3 2420050719200510272453570.4 0.2030000000D-01-0.1200000000D-03 0.5239600000D+01 0.1465000000D-01 0.5300000000D-04 0.3500000000D-02 0.6171797000D+01 0.9196000000D+00 0.3503600000D+01-0.3429900000D+01 0.1060000000D-01 0.5000000000D-04 0.1838390000D+02 0.1307000000D-01 0.1380000000D-03 0.3890000000D-01 0.2546284000D+01 0.2246200000D+01 0.5785100000D+01-0.1183900000D+01
3 2520051027200602042453670.4 0.1620000000D-01 0.2000000000D-04 0.5618000000D+01 0.4280000000D-02 0.1000000000D-03 0.1010000000D-01 0.8881030000D+00 0.3444500000D+01 0.5215600000D+01-0.2279900000D+01 0.2140000000D-01-0.1500000000D-03 0.1830860000D+02 0.1852000000D-01 0.6000000000D-04 0.3270000000D-01 0.3342418000D+01 0.4774000000D+00 0.4145200000D+01-0.5905800000D+01
4 2620041231200503162453370.4-0.4200000000D-01 0.3000000000D-03 0.9406400000D+01 0.2565000000D-01 0.4700000000D-04 0.1340000000D-01 0.3709990000D+00 0.4262300000D+01 0.5719300000D+01 0.5490700000D+01 0.9440000000D-01-0.1010000000D-02 0.2848400000D+02 0.2341000000D-01 0.1850000000D-03 0.3550000000D-01 0.2667801000D+01 0.5549500000D+01 0.2868500000D+01 0.1888500000D+01
4 2720050316200505302453445.4-0.1190000000D-01-0.2500000000D-03 0.8308100000D+01 0.2686000000D-01 0.1470000000D-03 0.5300000000D-02 0.4050924000D+01 0.2112400000D+01 0.4947100000D+01 0.4388000000D+00 0.2260000000D-01 0.1120000000D-02 0.2781890000D+02 0.1345000000D-01 0.1420000000D-03 0.1420000000D-01 0.2691940000D+00 0.1359800000D+01 0.2010000000D-01 0.2599700000D+01
4 2820050530200508132453520.4-0.3600000000D-01 0.2800000000D-03 0.8182900000D+01 0.7820000000D-02 0.1700000000D-03 0.7100000000D-02 0.1478697000D+01 0.8884000000D+00 0.2936800000D+01 0.1726900000D+01 0.9260000000D-01-0.9200000000D-03 0.2902730000D+02 0.2828000000D-01 0.1260000000D-03 0.2990000000D-01 0.4154388000D+01 0.4334700000D+01 0.1719800000D+01 0.4213600000D+01
4 2920050813200510272453595.4-0.1060000000D-01-0.3700000000D-03 0.8780300000D+01 0.2469000000D-01 0.1170000000D-03 0.9900000000D-02 0.5406802000D+01 0.2719000000D+00 0.2990200000D+01 0.2740600000D+01 0.3440000000D-01 0.1010000000D-02 0.3056020000D+02 0.1168000000D-01 0.2160000000D-03 0.3910000000D-01 0.1730749000D+01 0.9423000000D+00 0.4743400000D+01 0.5522400000D+01
4 3020051027200601102453670.4-0.4130000000D-01 0.3600000000D-03 0.9125800000D+01 0.7810000000D-02 0.1910000000D-03 0.1280000000D-01 0.3120232000D+01 0.5277600000D+01 0.1116500000D+01 0.4907900000D+01 0.8790000000D-01-0.9400000000D-03 0.3001020000D+02 0.2703000000D-01 0.7700000000D-04 0.3790000000D-01 0.5576890000D+01 0.2567400000D+01 0.3591000000D+00 0.1435700000D+01
5 3120041231200503162453370.4 0.8800000000D-02-0.3900000000D-03 0.1258680000D+02 0.3464000000D-01 0.5400000000D-04 0.1300000000D-02 0.1054302000D+01 0.4964700000D+01 0.1072000000D+00 0.1181500000D+01-0.6880000000D-01 0.1610000000D-02 0.3808040000D+02 0.3005000000D-01 0.2390000000D-03 0.9400000000D-02 0.3341664000D+01 0.6233900000D+01 0.3530300000D+01 0.3802200000D+01
5 3220050316200505302453445.4-0.3150000000D-01 0.5400000000D-03 0.1110270000D+02 0.3636000000D-01 0.1940000000D-03 0.8900000000D-02 0.4458143000D+01 0.2523300000D+01 0.5366900000D+01 0.2069000000D+01 0.4620000000D-01-0.1610000000D-02 0.3720270000D+02 0.1738000000D-01 0.1830000000D-03 0.2760000000D-01 0.6665080000D+00 0.1665400000D+01 0.3201000000D+00 0.4686900000D+01
5 3320050530200508132453520.4 0.1120000000D-01-0.4200000000D-03 0.1091830000D+02 0.1094000000D-01 0.2310000000D-03 0.2800000000D-02 0.1607259000D+01 0.9432000000D+00 0.3054700000D+01 0.2759400000D+01-0.6420000000D-01 0.1690000000D-02 0.3882350000D+02 0.3788000000D-01 0.1690000000D-03 0.8800000000D-02 0.4272510000D+01 0.4379500000D+01 0.1777100000D+01 0.5214700000D+01
5 3420050813200510272453595.4-0.2430000000D-01 0.3200000000D-03 0.1172490000D+02 0.3294000000D-01 0.1620000000D-03 0.8100000000D-02 0.5256489000D+01 0.9980000000D-01 0.2825100000D+01 0.4054100000D+01 0.4020000000D-01-0.1700000000D-02 0.4086560000D+02 0.1689000000D-01 0.3040000000D-03 0.3200000000D-01 0.1570374000D+01 0.8114000000D+00 0.4629300000D+01 0.2052000000D+00
5 3520051027200601102453670.4 0.1170000000D-01-0.5300000000D-03 0.1221100000D+02 0.1027000000D-01 0.2510000000D-03 0.3100000000D-02 0.2692114000D+01 0.4890300000D+01 0.6777000000D+00 0.4707000000D+01-0.5330000000D-01 0.1560000000D-02 0.4014970000D+02 0.3502000000D-01 0.9800000000D-04 0.9000000000D-02 0.5139462000D+01 0.2153100000D+01 0.1611000000D+00 0.9817000000D+00
