 7 5   2  44  56  71  95 4.4880 2.4930 1.5162 0.7217 0.4667  9.0 31.0 27.0 17.0 22.0  112 2457387.5000 2016                                                                                                                                                                                                                                                                      
1  220151231201601092457387.4 0.3000000000D-02-0.2000000000D-04 0.4566600000D+01 0.2011600000D+00 0.4339000000D-02 0.3300000000D-02 0.3738747000D+01 0.2148700000D+01 0.3694000000D+00 0.1182300000D+01 0.1410000000D-01-0.5500000000D-03 0.8699800000D+01 0.3825200000D+00 0.8053000000D-02 0.5600000000D-02 0.1670235000D+01 0.7540000000D-01 0.4562500000D+01 0.5247500000D+01
1  320160109201601182457396.4 0.4200000000D-02-0.2300000000D-03 0.4534100000D+01 0.2000200000D+00 0.4232000000D-02 0.3000000000D-02 0.6040761000D+01 0.4451000000D+01 0.2684700000D+01 0.5779100000D+01 0.1030000000D-01 0.3200000000D-03 0.8633100000D+01 0.3779900000D+00 0.7962000000D-02 0.5600000000D-02 0.3974098000D+01 0.2380800000D+01 0.6004000000D+00 0.3613100000D+01
1  420160118201601272457405.4 0.3900000000D-02-0.1100000000D-03 0.4509000000D+01 0.1997500000D+00 0.4241000000D-02 0.3300000000D-02 0.2058469000D+01 0.4725000000D+00 0.4985000000D+01 0.3948000000D+01 0.8300000000D-02 0.6000000000D-03 0.8569500000D+01 0.3750700000D+00 0.7972000000D-02 0.4700000000D-02 0.6278624000D+01 0.4687600000D+01 0.2901700000D+01 0.1935600000D+01
1  520160127201602052457414.4 0.1600000000D-02 0.3400000000D-03 0.4490200000D+01 0.1996700000D+00 0.4274000000D-02 0.3000000000D-02 0.4358177000D+01 0.2778200000D+01 0.1008100000D+01 0.2267300000D+01 0.1180000000D-01-0.2200000000D-03 0.8510500000D+01 0.3711300000D+00 0.7766000000D-02 0.4900000000D-02 0.2300354000D+01 0.7083000000D+00 0.5220900000D+01 0.3192000000D+00
1  620160205201602142457423.4 0.2100000000D-02 0.1400000000D-03 0.4480800000D+01 0.1996600000D+00 0.4236000000D-02 0.3100000000D-02 0.3735830000D+00 0.5079200000D+01 0.3311500000D+01 0.6012000000D+00 0.1340000000D-01-0.4100000000D-03 0.8455000000D+01 0.3687700000D+00 0.7713000000D-02 0.5000000000D-02 0.4605989000D+01 0.3015800000D+01 0.1236400000D+01 0.4908800000D+01
1  720160214201602232457432.4 0.4100000000D-02-0.2700000000D-03 0.4478900000D+01 0.1991500000D+00 0.4296000000D-02 0.2500000000D-02 0.2671243000D+01 0.1100800000D+01 0.5638700000D+01 0.5170600000D+01 0.1230000000D-01-0.7000000000D-04 0.8403400000D+01 0.3666100000D+00 0.7853000000D-02 0.5500000000D-02 0.6290120000D+00 0.5328700000D+01 0.3544100000D+01 0.3395200000D+01
1  820160223201603032457441.4 0.3700000000D-02-0.1000000000D-03 0.4485300000D+01 0.2000400000D+00 0.4277000000D-02 0.2800000000D-02 0.4968765000D+01 0.3401200000D+01 0.1649000000D+01 0.3564500000D+01 0.9700000000D-02 0.4400000000D-03 0.8363500000D+01 0.3635300000D+00 0.7559000000D-02 0.5300000000D-02 0.2935619000D+01 0.1349400000D+01 0.5861300000D+01 0.1534500000D+01
1  920160303201603122457450.4 0.2500000000D-02 0.1500000000D-03 0.4498900000D+01 0.2014200000D+00 0.4342000000D-02 0.2500000000D-02 0.9828790000D+00 0.5704100000D+01 0.3935600000D+01 0.1962000000D+01 0.9400000000D-02 0.3700000000D-03 0.8329400000D+01 0.3618100000D+00 0.7547000000D-02 0.6200000000D-02 0.5242961000D+01 0.3659800000D+01 0.1884300000D+01 0.6233300000D+01
1 1020160312201603212457459.4 0.1700000000D-02 0.2500000000D-03 0.4520200000D+01 0.2013400000D+00 0.4384000000D-02 0.2800000000D-02 0.3279574000D+01 0.1723600000D+01 0.6267400000D+01 0.3199000000D+00 0.1390000000D-01-0.5300000000D-03 0.8302000000D+01 0.3600200000D+00 0.7554000000D-02 0.6000000000D-02 0.1267668000D+01 0.5971700000D+01 0.4200400000D+01 0.4420100000D+01
1 1120160321201603302457468.4 0.2900000000D-02-0.2000000000D-04 0.4549700000D+01 0.2031800000D+00 0.4360000000D-02 0.2800000000D-02 0.5577044000D+01 0.4021800000D+01 0.2269600000D+01 0.4831900000D+01 0.1380000000D-01-0.3500000000D-03 0.8284800000D+01 0.3590700000D+00 0.7429000000D-02 0.5600000000D-02 0.3576261000D+01 0.1997400000D+01 0.2243000000D+00 0.2827700000D+01
1 1220160330201604082457477.4 0.4700000000D-02-0.3300000000D-03 0.4584900000D+01 0.2047000000D+00 0.4395000000D-02 0.3300000000D-02 0.1591486000D+01 0.3980000000D-01 0.4568700000D+01 0.3227100000D+01 0.1040000000D-01 0.4300000000D-03 0.8274100000D+01 0.3566900000D+00 0.7515000000D-02 0.5500000000D-02 0.5885062000D+01 0.4312700000D+01 0.2562100000D+01 0.9436000000D+00
1 1320160408201604172457486.4 0.3000000000D-02 0.8000000000D-04 0.4626200000D+01 0.2056200000D+00 0.4412000000D-02 0.3200000000D-02 0.3889434000D+01 0.2340300000D+01 0.6032000000D+00 0.1347600000D+01 0.1030000000D-01 0.3400000000D-03 0.8274800000D+01 0.3569200000D+00 0.7409000000D-02 0.5100000000D-02 0.1911706000D+01 0.3395000000D+00 0.4864200000D+01 0.5716800000D+01
1 1420160417201604262457495.4 0.1600000000D-02 0.3600000000D-03 0.4671500000D+01 0.2076400000D+00 0.4522000000D-02 0.3500000000D-02 0.6188242000D+01 0.4644700000D+01 0.2898700000D+01 0.6000900000D+01 0.1210000000D-01-0.9000000000D-04 0.8281900000D+01 0.3581200000D+00 0.7453000000D-02 0.4800000000D-02 0.4222152000D+01 0.2653500000D+01 0.8786000000D+00 0.3964700000D+01
1 1520160426201605052457504.4 0.2900000000D-02 0.0000000000D+00 0.4723000000D+01 0.2089700000D+00 0.4493000000D-02 0.3400000000D-02 0.2204487000D+01 0.6608000000D+00 0.5209900000D+01 0.4194000000D+01 0.1470000000D-01-0.5000000000D-03 0.8298200000D+01 0.3565000000D+00 0.7490000000D-02 0.4600000000D-02 0.2492300000D+00 0.4968600000D+01 0.3223700000D+01 0.2410100000D+01
1 1620160505201605142457513.4 0.4000000000D-02-0.1900000000D-03 0.4777800000D+01 0.2114500000D+00 0.4511000000D-02 0.3000000000D-02 0.4505358000D+01 0.2961400000D+01 0.1216100000D+01 0.2632900000D+01 0.1340000000D-01-0.8000000000D-04 0.8325500000D+01 0.3582800000D+00 0.7410000000D-02 0.5300000000D-02 0.2560592000D+01 0.9961000000D+00 0.5525200000D+01 0.7256000000D+00
1 1720160514201605232457522.4 0.4100000000D-02-0.1300000000D-03 0.4833100000D+01 0.2135200000D+00 0.4665000000D-02 0.3000000000D-02 0.5236760000D+00 0.5269500000D+01 0.3519700000D+01 0.8001000000D+00 0.9800000000D-02 0.6500000000D-03 0.8358300000D+01 0.3593500000D+00 0.7431000000D-02 0.5200000000D-02 0.4872013000D+01 0.3310400000D+01 0.1560600000D+01 0.5455300000D+01
1 1820160523201606012457531.4 0.2500000000D-02 0.2300000000D-03 0.4894300000D+01 0.2151400000D+00 0.4573000000D-02 0.3000000000D-02 0.2826209000D+01 0.1284000000D+01 0.5827400000D+01 0.5611200000D+01 0.1200000000D-01 0.6000000000D-04 0.8399600000D+01 0.3600400000D+00 0.7482000000D-02 0.6000000000D-02 0.9004270000D+00 0.5624600000D+01 0.3887900000D+01 0.3666800000D+01
1 1920160601201606102457540.4 0.1600000000D-02 0.3300000000D-03 0.4954900000D+01 0.2173200000D+00 0.4603000000D-02 0.2900000000D-02 0.5130084000D+01 0.3587400000D+01 0.1846800000D+01 0.3935700000D+01 0.1520000000D-01-0.5400000000D-03 0.8445300000D+01 0.3626700000D+00 0.7671000000D-02 0.6000000000D-02 0.3212479000D+01 0.1658700000D+01 0.6196800000D+01 0.2014300000D+01
1 2020160610201606192457549.4 0.4100000000D-02-0.2400000000D-03 0.5014200000D+01 0.2191300000D+00 0.4689000000D-02 0.2900000000D-02 0.1151582000D+01 0.5894200000D+01 0.4154200000D+01 0.2317800000D+01 0.1450000000D-01-0.1800000000D-03 0.8499800000D+01 0.3641000000D+00 0.7615000000D-02 0.6400000000D-02 0.5524366000D+01 0.3970500000D+01 0.2237200000D+01 0.3089000000D+00
1 2120160619201606282457558.4 0.4700000000D-02-0.2700000000D-03 0.5074100000D+01 0.2213100000D+00 0.4707000000D-02 0.3400000000D-02 0.3457674000D+01 0.1914400000D+01 0.1696000000D+00 0.5986000000D+00 0.1260000000D-01 0.2700000000D-03 0.8560200000D+01 0.3677200000D+00 0.7656000000D-02 0.5600000000D-02 0.1553706000D+01 0.6282500000D+01 0.4536600000D+01 0.4849800000D+01
1 2220160628201607072457567.4 0.2800000000D-02 0.1800000000D-03 0.5130100000D+01 0.2223900000D+00 0.4769000000D-02 0.3500000000D-02 0.5764505000D+01 0.4221800000D+01 0.2494600000D+01 0.5239800000D+01 0.1120000000D-01 0.4600000000D-03 0.8620300000D+01 0.3708500000D+00 0.7859000000D-02 0.5900000000D-02 0.3865912000D+01 0.2316300000D+01 0.5663000000D+00 0.3163500000D+01
1 2320160707201607162457576.4 0.2100000000D-02 0.2400000000D-03 0.5184300000D+01 0.2246900000D+00 0.4785000000D-02 0.3800000000D-02 0.1789546000D+01 0.2433000000D+00 0.4779700000D+01 0.3503500000D+01 0.1430000000D-01-0.2300000000D-03 0.8689100000D+01 0.3731300000D+00 0.7756000000D-02 0.5300000000D-02 0.6177847000D+01 0.4624800000D+01 0.2883900000D+01 0.1543400000D+01
1 2420160716201607252457585.4 0.2700000000D-02 0.3000000000D-04 0.5232500000D+01 0.2269300000D+00 0.4849000000D-02 0.3700000000D-02 0.4098937000D+01 0.2550600000D+01 0.7872000000D+00 0.1729100000D+01 0.1730000000D-01-0.6800000000D-03 0.8758000000D+01 0.3759200000D+00 0.7846000000D-02 0.4900000000D-02 0.2206629000D+01 0.6536000000D+00 0.5204400000D+01 0.6209600000D+01
1 2520160725201608032457594.4 0.4600000000D-02-0.3200000000D-03 0.5275000000D+01 0.2273500000D+00 0.4837000000D-02 0.3800000000D-02 0.1254980000D+00 0.4857000000D+01 0.3110000000D+01 0.1156000000D+00 0.1380000000D-01 0.2200000000D-03 0.8824900000D+01 0.3792400000D+00 0.7953000000D-02 0.5200000000D-02 0.4518221000D+01 0.2966200000D+01 0.1230500000D+01 0.4509000000D+01
1 2620160803201608122457603.4 0.4300000000D-02-0.1700000000D-03 0.5312300000D+01 0.2287800000D+00 0.4826000000D-02 0.3400000000D-02 0.2436572000D+01 0.8788000000D+00 0.5402600000D+01 0.4633200000D+01 0.1190000000D-01 0.5200000000D-03 0.8892600000D+01 0.3831400000D+00 0.8088000000D-02 0.5600000000D-02 0.5464750000D+00 0.5277100000D+01 0.3532300000D+01 0.2975100000D+01
1 2720160812201608212457612.4 0.1500000000D-02 0.3700000000D-03 0.5339700000D+01 0.2294300000D+00 0.4806000000D-02 0.3300000000D-02 0.4748304000D+01 0.3185600000D+01 0.1427700000D+01 0.3043900000D+01 0.1410000000D-01-0.3000000000D-04 0.8955900000D+01 0.3849300000D+00 0.8230000000D-02 0.6000000000D-02 0.2857157000D+01 0.1305600000D+01 0.5865100000D+01 0.1265400000D+01
1 2820160821201608302457621.4 0.2000000000D-02 0.1300000000D-03 0.5358000000D+01 0.2296800000D+00 0.4816000000D-02 0.3200000000D-02 0.7773920000D+00 0.5493600000D+01 0.3732900000D+01 0.1393300000D+01 0.1650000000D-01-0.4100000000D-03 0.9017400000D+01 0.3895000000D+00 0.8244000000D-02 0.6000000000D-02 0.5167680000D+01 0.3612300000D+01 0.1865000000D+01 0.5896200000D+01
1 2920160830201609082457630.4 0.4100000000D-02-0.3200000000D-03 0.5366300000D+01 0.2294100000D+00 0.4906000000D-02 0.3000000000D-02 0.3090154000D+01 0.1521800000D+01 0.6048000000D+01 0.6159900000D+01 0.1710000000D-01-0.3400000000D-03 0.9071400000D+01 0.3932900000D+00 0.8391000000D-02 0.7000000000D-02 0.1194464000D+01 0.5920800000D+01 0.4162100000D+01 0.4115900000D+01
1 3020160908201609172457639.4 0.3900000000D-02-0.2100000000D-03 0.5365300000D+01 0.2291600000D+00 0.4801000000D-02 0.3300000000D-02 0.5403439000D+01 0.3826900000D+01 0.2067900000D+01 0.4387500000D+01 0.1310000000D-01 0.4900000000D-03 0.9117600000D+01 0.3948300000D+00 0.8409000000D-02 0.6200000000D-02 0.3503388000D+01 0.1943500000D+01 0.1988000000D+00 0.2497400000D+01
1 3120160917201609262457648.4 0.2600000000D-02 0.5000000000D-04 0.5353800000D+01 0.2294600000D+00 0.4820000000D-02 0.3500000000D-02 0.1434063000D+01 0.6135700000D+01 0.4352800000D+01 0.2832300000D+01 0.1240000000D-01 0.5000000000D-03 0.9156300000D+01 0.3977300000D+00 0.8481000000D-02 0.6500000000D-02 0.5811872000D+01 0.4248600000D+01 0.2492000000D+01 0.6900000000D+00
1 3220160926201610052457657.4 0.1000000000D-02 0.2800000000D-03 0.5331200000D+01 0.2279600000D+00 0.4852000000D-02 0.3800000000D-02 0.3747454000D+01 0.2163800000D+01 0.3920000000D+00 0.1060000000D+01 0.1720000000D-01-0.5100000000D-03 0.9183900000D+01 0.3989300000D+00 0.8467000000D-02 0.5600000000D-02 0.1836349000D+01 0.2687000000D+00 0.4803800000D+01 0.5303000000D+01
1 3320161005201610142457666.4 0.2200000000D-02-0.5000000000D-04 0.5300900000D+01 0.2271000000D+00 0.4731000000D-02 0.3400000000D-02 0.6060917000D+01 0.4468900000D+01 0.2686400000D+01 0.5675300000D+01 0.1740000000D-01-0.3800000000D-03 0.9199100000D+01 0.4010700000D+00 0.8525000000D-02 0.5800000000D-02 0.4143492000D+01 0.2572500000D+01 0.8101000000D+00 0.3670400000D+01
1 3420161014201610232457675.4 0.4300000000D-02-0.4700000000D-03 0.5261600000D+01 0.2253600000D+00 0.4712000000D-02 0.4100000000D-02 0.2090720000D+01 0.4951000000D+00 0.5000700000D+01 0.3874300000D+01 0.1450000000D-01 0.3000000000D-03 0.9200900000D+01 0.4013100000D+00 0.8747000000D-02 0.4700000000D-02 0.1664180000D+00 0.4879900000D+01 0.3118800000D+01 0.1990300000D+01
1 3520161023201611012457684.4 0.2400000000D-02-0.2000000000D-04 0.5214600000D+01 0.2235900000D+00 0.4665000000D-02 0.3300000000D-02 0.4403225000D+01 0.2803900000D+01 0.1027900000D+01 0.2279900000D+01 0.1320000000D-01 0.4700000000D-03 0.9195000000D+01 0.4013000000D+00 0.8559000000D-02 0.5700000000D-02 0.2472074000D+01 0.8948000000D+00 0.5420200000D+01 0.3869000000D+00
1 3620161101201611102457693.4 0.6000000000D-03 0.2800000000D-03 0.5161000000D+01 0.2224900000D+00 0.4695000000D-02 0.3500000000D-02 0.4320140000D+00 0.5115500000D+01 0.3322600000D+01 0.5069000000D+00 0.1440000000D-01 0.1200000000D-03 0.9175700000D+01 0.4027700000D+00 0.8576000000D-02 0.5300000000D-02 0.4777500000D+01 0.3196300000D+01 0.1413300000D+01 0.5030000000D+01
1 3720161110201611192457702.4 0.1200000000D-02 0.3000000000D-04 0.5105100000D+01 0.2195600000D+00 0.4623000000D-02 0.2900000000D-02 0.2742601000D+01 0.1140900000D+01 0.5656600000D+01 0.5155100000D+01 0.1810000000D-01-0.5800000000D-03 0.9143800000D+01 0.4006000000D+00 0.8651000000D-02 0.6300000000D-02 0.7985830000D+00 0.5500400000D+01 0.3729400000D+01 0.3407400000D+01
1 3820161119201611282457711.4 0.2300000000D-02-0.2200000000D-03 0.5047900000D+01 0.2186000000D+00 0.4549000000D-02 0.3200000000D-02 0.5052730000D+01 0.3447700000D+01 0.1659800000D+01 0.3539700000D+01 0.1660000000D-01-0.1300000000D-03 0.9104600000D+01 0.3996500000D+00 0.8501000000D-02 0.6000000000D-02 0.3102785000D+01 0.1515700000D+01 0.6020700000D+01 0.1586000000D+01
1 3920161128201612072457720.4 0.2900000000D-02-0.2800000000D-03 0.4988600000D+01 0.2171000000D+00 0.4596000000D-02 0.2600000000D-02 0.1078175000D+01 0.5760200000D+01 0.3965300000D+01 0.1949600000D+01 0.1230000000D-01 0.7400000000D-03 0.9055200000D+01 0.3972000000D+00 0.8475000000D-02 0.7000000000D-02 0.5406433000D+01 0.3818000000D+01 0.2043100000D+01 0.4200000000D-02
1 4020161207201612162457729.4 0.8000000000D-03 0.1500000000D-03 0.4933700000D+01 0.2146400000D+00 0.4493000000D-02 0.3100000000D-02 0.3385219000D+01 0.1782600000D+01 0.9400000000D-02 0.2446000000D+00 0.1400000000D-01 0.2000000000D-03 0.8999400000D+01 0.3946000000D+00 0.8403000000D-02 0.6000000000D-02 0.1426791000D+01 0.6119200000D+01 0.4344600000D+01 0.4452800000D+01
1 4120161216201612252457738.4-0.3000000000D-03 0.3100000000D-03 0.4881500000D+01 0.2134100000D+00 0.4480000000D-02 0.3100000000D-02 0.5691216000D+01 0.4090900000D+01 0.2314900000D+01 0.4860100000D+01 0.1670000000D-01-0.3700000000D-03 0.8935400000D+01 0.3935400000D+00 0.8468000000D-02 0.6200000000D-02 0.3730611000D+01 0.2140800000D+01 0.3453000000D+00 0.2788200000D+01
1 4220161225201701032457747.4 0.1600000000D-02-0.1900000000D-03 0.4833700000D+01 0.2118200000D+00 0.4472000000D-02 0.3400000000D-02 0.1712319000D+01 0.1160000000D+00 0.4630100000D+01 0.3196000000D+01 0.1680000000D-01-0.2500000000D-03 0.8870900000D+01 0.3887400000D+00 0.8313000000D-02 0.5800000000D-02 0.6033799000D+01 0.4442600000D+01 0.2668000000D+01 0.1000200000D+01
1 4320170103201701122457756.4 0.2200000000D-02-0.2700000000D-03 0.4793000000D+01 0.2112100000D+00 0.4470000000D-02 0.3300000000D-02 0.4015632000D+01 0.2422000000D+01 0.6448000000D+00 0.1357500000D+01 0.1480000000D-01 0.2100000000D-03 0.8806800000D+01 0.3867000000D+00 0.8149000000D-02 0.5300000000D-02 0.2054574000D+01 0.4599000000D+00 0.4953400000D+01 0.5716600000D+01
2 4420151231201601312457387.4 0.6500000000D-02 0.4000000000D-04 0.6937800000D+01 0.6000000000D-02 0.8500000000D-04 0.2100000000D-02 0.5935314000D+01 0.3224800000D+01 0.5431000000D+01 0.1193800000D+01-0.7300000000D-02 0.0000000000D+00 0.1297760000D+02 0.1180000000D-01 0.4200000000D-04 0.3700000000D-02 0.4001685000D+01 0.1162100000D+01 0.4988000000D+01 0.5484000000D+01
2 4520160131201603022457418.4 0.6900000000D-02 0.0000000000D+00 0.6841800000D+01 0.5110000000D-02 0.7600000000D-04 0.1700000000D-02 0.1519834000D+01 0.6092700000D+01 0.1248000000D+01 0.4758300000D+01-0.6100000000D-02-0.1000000000D-04 0.1265230000D+02 0.9690000000D-02 0.6900000000D-04 0.4000000000D-02 0.5880354000D+01 0.2865300000D+01 0.6265100000D+01 0.2886100000D+01
2 4620160302201604022457449.4 0.7200000000D-02 0.0000000000D+00 0.6892100000D+01 0.7520000000D-02 0.5900000000D-04 0.2500000000D-02 0.3379173000D+01 0.2371800000D+01 0.3447800000D+01 0.2292400000D+01-0.6900000000D-02 0.5000000000D-04 0.1241650000D+02 0.5810000000D-02 0.8900000000D-04 0.3900000000D-02 0.1480909000D+01 0.4509300000D+01 0.1750100000D+01 0.1312000000D+00
2 4720160402201605032457480.4 0.6900000000D-02 0.4000000000D-04 0.7075400000D+01 0.9960000000D-02 0.4000000000D-04 0.2500000000D-02 0.5236637000D+01 0.4583700000D+01 0.5658700000D+01 0.5781600000D+01-0.6100000000D-02 0.0000000000D+00 0.1231790000D+02 0.2260000000D-02 0.7800000000D-04 0.3300000000D-02 0.3369216000D+01 0.5180400000D+01 0.3618100000D+01 0.4221900000D+01
2 4820160503201606032457511.4 0.7700000000D-02 0.1000000000D-04 0.7358000000D+01 0.1126000000D-01 0.2800000000D-04 0.1700000000D-02 0.8148530000D+00 0.3965000000D+00 0.1837400000D+01 0.3368900000D+01-0.5700000000D-02 0.0000000000D+00 0.1237400000D+02 0.5560000000D-02 0.6300000000D-04 0.4800000000D-02 0.5260990000D+01 0.5893200000D+01 0.5406500000D+01 0.1686600000D+01
2 4920160603201607042457542.4 0.7900000000D-02 0.3000000000D-04 0.7691000000D+01 0.1156000000D-01 0.4300000000D-04 0.3000000000D-02 0.2684321000D+01 0.2443000000D+01 0.4734600000D+01 0.9135000000D+00-0.6600000000D-02 0.3000000000D-04 0.1257300000D+02 0.9330000000D-02 0.3600000000D-04 0.4100000000D-02 0.8714520000D+00 0.1268300000D+01 0.8892000000D+00 0.5122700000D+01
2 5020160704201608042457573.4 0.7300000000D-02 0.6000000000D-04 0.8018800000D+01 0.9970000000D-02 0.7000000000D-04 0.2700000000D-02 0.4562919000D+01 0.4523900000D+01 0.8279000000D+00 0.4604700000D+01-0.5400000000D-02-0.5000000000D-04 0.1287410000D+02 0.1160000000D-01 0.2300000000D-04 0.4600000000D-02 0.2764825000D+01 0.3078800000D+01 0.1185700000D+01 0.2929800000D+01
2 5120160804201609042457604.4 0.8300000000D-02 0.0000000000D+00 0.8270700000D+01 0.6620000000D-02 0.9400000000D-04 0.3400000000D-02 0.1674800000D+00 0.4824000000D+00 0.3044600000D+01 0.2131900000D+01-0.4400000000D-02-0.7000000000D-04 0.1321540000D+02 0.1120000000D-01 0.6100000000D-04 0.3800000000D-02 0.4656270000D+01 0.4868200000D+01 0.2156500000D+01 0.3004000000D+00
2 5220160904201610052457635.4 0.8700000000D-02-0.1000000000D-04 0.8378300000D+01 0.3720000000D-02 0.9600000000D-04 0.2000000000D-02 0.2062718000D+01 0.3496600000D+01 0.5159300000D+01 0.5843600000D+01-0.5300000000D-02-0.1000000000D-04 0.1350560000D+02 0.7800000000D-02 0.1010000000D-03 0.5600000000D-02 0.2608040000D+00 0.2263000000D+00 0.3648500000D+01 0.4362500000D+01
2 5320161005201611052457666.4 0.8700000000D-02-0.2000000000D-04 0.8303400000D+01 0.6990000000D-02 0.6700000000D-04 0.3200000000D-02 0.3961552000D+01 0.1577000000D+00 0.1280800000D+01 0.3677600000D+01-0.5200000000D-02-0.2000000000D-04 0.1365210000D+02 0.2910000000D-02 0.1160000000D-03 0.4600000000D-02 0.2143102000D+01 0.1202500000D+01 0.5528900000D+01 0.1377100000D+01
2 5420161105201612062457697.4 0.9000000000D-02-0.5000000000D-04 0.8078200000D+01 0.9630000000D-02 0.3900000000D-04 0.2700000000D-02 0.5859396000D+01 0.2444100000D+01 0.4375100000D+01 0.7864000000D+00-0.5900000000D-02 0.3000000000D-04 0.1359870000D+02 0.6790000000D-02 0.7700000000D-04 0.3900000000D-02 0.4020650000D+01 0.1528800000D+01 0.9441000000D+00 0.5542700000D+01
2 5520161206201701062457728.4 0.8200000000D-02 0.0000000000D+00 0.7795700000D+01 0.8980000000D-02 0.6700000000D-04 0.2500000000D-02 0.1466485000D+01 0.4618300000D+01 0.7734000000D+00 0.4727100000D+01-0.7000000000D-02 0.8000000000D-04 0.1335930000D+02 0.1117000000D-01 0.2500000000D-04 0.4400000000D-02 0.5895547000D+01 0.3154500000D+01 0.2060800000D+01 0.2936500000D+01
3 5620151231201601272457387.4-0.2280000000D-01-0.4400000000D-03 0.9651700000D+01 0.8030000000D-02 0.1170000000D-03 0.2070000000D-01 0.5047497000D+01 0.2248400000D+01 0.4576000000D+01 0.1162400000D+01-0.8260000000D-01 0.6600000000D-03 0.1806820000D+02 0.1561000000D-01 0.7400000000D-04 0.3650000000D-01 0.3109272000D+01 0.2095000000D+00 0.4534100000D+01 0.5505200000D+01
3 5720160127201602232457414.4-0.3490000000D-01 0.3600000000D-03 0.9523700000D+01 0.5940000000D-02 0.1220000000D-03 0.1800000000D-01 0.1990731000D+01 0.6640000000D-01 0.1573000000D+01 0.1435500000D+01-0.5690000000D-01 0.2300000000D-03 0.1766920000D+02 0.1330000000D-01 0.6400000000D-04 0.3260000000D-01 0.6149000000D-01 0.3242900000D+01 0.4100000000D+00 0.5789300000D+01
3 5820160223201603212457441.4-0.2260000000D-01 0.1100000000D-03 0.9550000000D+01 0.8590000000D-02 0.9300000000D-04 0.1710000000D-01 0.5209458000D+01 0.4112800000D+01 0.4926800000D+01 0.1442200000D+01-0.5230000000D-01-0.9600000000D-03 0.1735810000D+02 0.9380000000D-02 0.1030000000D-03 0.3090000000D-01 0.3299906000D+01 0.3840000000D-01 0.3581000000D+01 0.5819900000D+01
3 5920160321201604172457468.4-0.2250000000D-01-0.5000000000D-03 0.9724500000D+01 0.1232000000D-01 0.6700000000D-04 0.2090000000D-01 0.2141548000D+01 0.1387400000D+01 0.2278100000D+01 0.1638400000D+01-0.7890000000D-01 0.2700000000D-03 0.1718200000D+02 0.5450000000D-02 0.1280000000D-03 0.3490000000D-01 0.2578290000D+00 0.2649500000D+01 0.1838000000D+00 0.6054200000D+01
3 6020160417201605142457495.4-0.3950000000D-01 0.2500000000D-03 0.1001750000D+02 0.1522000000D-01 0.4900000000D-04 0.1990000000D-01 0.5357958000D+01 0.4796700000D+01 0.6044200000D+01 0.1940500000D+01-0.6520000000D-01 0.5700000000D-03 0.1716790000D+02 0.4590000000D-02 0.1260000000D-03 0.3310000000D-01 0.3501631000D+01 0.4629100000D+01 0.3413800000D+01 0.8160000000D-01
3 6120160514201606102457522.4-0.3020000000D-01 0.2700000000D-03 0.1039440000D+02 0.1671000000D-01 0.5500000000D-04 0.1880000000D-01 0.2294343000D+01 0.1869900000D+01 0.3871400000D+01 0.2016900000D+01-0.5260000000D-01-0.8000000000D-03 0.1730840000D+02 0.8830000000D-02 0.8900000000D-04 0.3130000000D-01 0.4629440000D+00 0.8287000000D+00 0.7693000000D+00 0.1366000000D+00
3 6220160610201607072457549.4-0.2390000000D-01-0.6200000000D-03 0.1080480000D+02 0.1589000000D-01 0.5700000000D-04 0.2290000000D-01 0.5518987000D+01 0.5276800000D+01 0.1475500000D+01 0.2140100000D+01-0.8180000000D-01 0.3000000000D-04 0.1759110000D+02 0.1354000000D-01 0.3800000000D-04 0.3680000000D-01 0.3707067000D+01 0.3947300000D+01 0.3939200000D+01 0.3351000000D+00
3 6320160707201608032457576.4-0.4280000000D-01 0.3000000000D-04 0.1119230000D+02 0.1377000000D-01 0.1000000000D-03 0.2290000000D-01 0.2467706000D+01 0.2413400000D+01 0.5291600000D+01 0.2457600000D+01-0.7800000000D-01 0.8500000000D-03 0.1797480000D+02 0.1561000000D-01 0.2100000000D-04 0.3680000000D-01 0.6672900000D+00 0.8470000000D+00 0.5344400000D+01 0.6677000000D+00
3 6420160803201608302457603.4-0.3690000000D-01 0.4200000000D-03 0.1149520000D+02 0.8990000000D-02 0.1240000000D-03 0.2070000000D-01 0.5706153000D+01 0.5923500000D+01 0.2360200000D+01 0.2607000000D+01-0.5590000000D-01-0.7000000000D-03 0.1838840000D+02 0.1568000000D-01 0.9400000000D-04 0.3290000000D-01 0.3908695000D+01 0.4012000000D+01 0.1423200000D+01 0.7462000000D+00
3 6520160830201609262457630.4-0.2370000000D-01-0.4900000000D-03 0.1164600000D+02 0.4080000000D-02 0.1290000000D-03 0.2330000000D-01 0.2667554000D+01 0.3784600000D+01 0.5537600000D+01 0.2704400000D+01-0.8020000000D-01-0.4600000000D-03 0.1875540000D+02 0.1163000000D-01 0.1350000000D-03 0.3850000000D-01 0.8639160000D+00 0.8472000000D+00 0.4453500000D+01 0.8857000000D+00
3 6620160926201610232457657.4-0.4040000000D-01-0.3000000000D-04 0.1160600000D+02 0.7570000000D-02 0.9400000000D-04 0.2290000000D-01 0.5916579000D+01 0.2067000000D+01 0.2675900000D+01 0.3031900000D+01-0.8630000000D-01 0.8500000000D-03 0.1897900000D+02 0.5690000000D-02 0.1620000000D-03 0.3960000000D-01 0.4099831000D+01 0.3649500000D+01 0.1209900000D+01 0.1213600000D+01
3 6720161023201611192457684.4-0.3970000000D-01 0.6600000000D-03 0.1138400000D+02 0.1215000000D-01 0.5200000000D-04 0.1990000000D-01 0.2883758000D+01 0.5620800000D+01 0.5132000000D+00 0.3229600000D+01-0.5760000000D-01-0.4400000000D-03 0.1900160000D+02 0.6320000000D-02 0.1390000000D-03 0.3280000000D-01 0.1049924000D+01 0.5196700000D+01 0.4123100000D+01 0.1370400000D+01
3 6820161119201612162457711.4-0.2160000000D-01-0.1600000000D-03 0.1105480000D+02 0.1312000000D-01 0.5200000000D-04 0.2090000000D-01 0.6131336000D+01 0.2792900000D+01 0.4929500000D+01 0.3288500000D+01-0.7410000000D-01-0.6400000000D-03 0.1881240000D+02 0.1275000000D-01 0.7100000000D-04 0.3650000000D-01 0.4280869000D+01 0.1593500000D+01 0.5931000000D+00 0.1427400000D+01
3 6920161216201701122457738.4-0.3150000000D-01-0.2200000000D-03 0.1072200000D+02 0.1092000000D-01 0.1060000000D-03 0.2160000000D-01 0.3089436000D+01 0.6212000000D+01 0.2238200000D+01 0.3595700000D+01-0.8900000000D-01 0.9300000000D-03 0.1846080000D+02 0.1596000000D-01 0.2800000000D-04 0.3860000000D-01 0.1229127000D+01 0.4625700000D+01 0.2825100000D+01 0.1728000000D+01
3 7020170112201702082457765.4-0.3750000000D-01 0.5300000000D-03 0.1048210000D+02 0.7600000000D-02 0.1220000000D-03 0.1860000000D-01 0.3969000000D-01 0.3693400000D+01 0.5846500000D+01 0.3805600000D+01-0.6120000000D-01 0.1100000000D-03 0.1804420000D+02 0.1581000000D-01 0.5900000000D-04 0.3230000000D-01 0.4462557000D+01 0.1481900000D+01 0.5017700000D+01 0.1956800000D+01
4 7120151231201601172457387.2-0.1510000000D-01-0.6800000000D-03 0.1588010000D+02 0.1331000000D-01 0.1940000000D-03 0.1650000000D-01 0.1198840000D+01 0.4507000000D+01 0.1049800000D+01 0.1859400000D+01 0.9290000000D-01-0.4000000000D-03 0.2964050000D+02 0.2452000000D-01 0.1110000000D-03 0.3030000000D-01 0.5546598000D+01 0.2237000000D+01 0.3796700000D+01 0.6188500000D+01
4 7220160117201602032457404.2-0.2720000000D-01 0.1720000000D-02 0.1572440000D+02 0.1025000000D-01 0.5020000000D-03 0.1560000000D-01 0.8977640000D+00 0.4286900000D+01 0.2180000000D+00 0.1434900000D+01 0.6680000000D-01 0.2710000000D-02 0.2923190000D+02 0.2541000000D-01 0.1790000000D-03 0.2820000000D-01 0.5251207000D+01 0.2078400000D+01 0.4897400000D+01 0.5850200000D+01
4 7320160203201602202457421.2-0.1480000000D-01 0.5000000000D-04 0.1565310000D+02 0.9110000000D-02 0.1790000000D-03 0.2000000000D-01 0.5933010000D+00 0.5212900000D+01 0.8064000000D+00 0.8602000000D+00 0.1158000000D+00-0.7400000000D-03 0.2884250000D+02 0.2187000000D-01 0.2250000000D-03 0.3710000000D-01 0.4954505000D+01 0.1647000000D+01 0.5676700000D+01 0.5232500000D+01
4 7420160220201603082457438.2 0.6100000000D-02 0.2000000000D-04 0.1569010000D+02 0.9590000000D-02 0.2150000000D-03 0.2040000000D-01 0.2848800000D+00 0.5605100000D+01 0.5838900000D+01 0.6220000000D+00 0.9760000000D-01 0.5600000000D-03 0.2852300000D+02 0.1860000000D-01 0.1970000000D-03 0.3720000000D-01 0.4659108000D+01 0.1009900000D+01 0.4143600000D+01 0.4993700000D+01
4 7520160308201603252457455.2-0.1040000000D-01 0.2370000000D-02 0.1584720000D+02 0.1642000000D-01 0.4350000000D-03 0.1630000000D-01 0.6260675000D+01 0.5065800000D+01 0.2712000000D+00 0.3720000000D-01 0.1080000000D+00-0.3290000000D-02 0.2830290000D+02 0.1134000000D-01 0.2950000000D-03 0.2690000000D-01 0.4367244000D+01 0.1184200000D+01 0.5123300000D+01 0.4431400000D+01
4 7620160325201604112457472.2 0.2720000000D-01-0.9800000000D-03 0.1604710000D+02 0.1983000000D-01 0.1460000000D-03 0.1700000000D-01 0.5948803000D+01 0.5450300000D+01 0.4624500000D+01 0.5883700000D+01 0.6790000000D-01 0.6700000000D-03 0.2816340000D+02 0.7120000000D-02 0.1360000000D-03 0.2970000000D-01 0.4072778000D+01 0.6036400000D+01 0.5254000000D+01 0.4055400000D+01
4 7720160411201604282457489.2 0.9200000000D-02 0.3800000000D-03 0.1635590000D+02 0.2229000000D-01 0.1010000000D-03 0.9300000000D-02 0.5638459000D+01 0.5141600000D+01 0.5271400000D+01 0.5299400000D+01 0.4620000000D-01-0.5800000000D-03 0.2814480000D+02 0.1106000000D-01 0.2650000000D-03 0.1620000000D-01 0.3779045000D+01 0.5209500000D+01 0.3193800000D+01 0.3408000000D+01
4 7820160428201605152457506.2 0.5800000000D-02-0.1180000000D-02 0.1672490000D+02 0.2945000000D-01 0.4840000000D-03 0.1130000000D-01 0.5331344000D+01 0.4596400000D+01 0.4987000000D+00 0.4118200000D+01 0.5440000000D-01 0.0000000000D+00 0.2823250000D+02 0.7860000000D-02 0.5230000000D-03 0.1960000000D-01 0.3487926000D+01 0.3212300000D+01 0.4721100000D+01 0.2255000000D+01
4 7920160515201606012457523.2-0.4800000000D-02-0.3600000000D-03 0.1711540000D+02 0.2558000000D-01 0.1980000000D-03 0.1100000000D-01 0.5020784000D+01 0.4834300000D+01 0.3458000000D+01 0.3465900000D+01 0.2440000000D-01 0.3560000000D-02 0.2838240000D+02 0.2643000000D-01 0.5780000000D-03 0.1880000000D-01 0.3193113000D+01 0.3835100000D+01 0.1228300000D+01 0.1590800000D+01
4 8020160601201606182457540.2-0.2310000000D-01 0.0000000000D+00 0.1754120000D+02 0.2688000000D-01 0.8300000000D-04 0.1890000000D-01 0.4715603000D+01 0.4447000000D+01 0.7480000000D+00 0.2647900000D+01 0.9530000000D-01-0.6500000000D-03 0.2869380000D+02 0.1834000000D-01 0.2040000000D-03 0.3060000000D-01 0.2900362000D+01 0.3289200000D+01 0.2997400000D+01 0.8334000000D+00
4 8120160618201607052457557.2-0.1410000000D-01 0.8900000000D-03 0.1796680000D+02 0.2754000000D-01 0.4770000000D-03 0.2220000000D-01 0.4413081000D+01 0.3983200000D+01 0.6246400000D+01 0.2397000000D+01 0.8580000000D-01 0.2920000000D-02 0.2902550000D+02 0.2676000000D-01 0.3970000000D-03 0.3650000000D-01 0.2607580000D+01 0.2558300000D+01 0.4717900000D+01 0.5942000000D+00
4 8220160705201607222457574.2-0.1550000000D-01 0.1490000000D-02 0.1835800000D+02 0.2366000000D-01 0.3670000000D-03 0.2200000000D-01 0.4110518000D+01 0.4271100000D+01 0.2159400000D+01 0.1819400000D+01 0.1152000000D+00-0.7600000000D-03 0.2942660000D+02 0.3138000000D-01 0.7040000000D-03 0.3600000000D-01 0.2311817000D+01 0.2775600000D+01 0.5419000000D+00 0.1380000000D-01
4 8320160722201608082457591.2 0.2010000000D-01-0.4500000000D-03 0.1870910000D+02 0.1788000000D-01 0.2050000000D-03 0.2460000000D-01 0.3812646000D+01 0.3806900000D+01 0.6161600000D+01 0.1509700000D+01 0.1085000000D+00-0.5000000000D-04 0.2986990000D+02 0.2549000000D-01 0.1000000000D-03 0.3930000000D-01 0.2017323000D+01 0.2081100000D+01 0.4081400000D+01 0.5976300000D+01
4 8420160808201608252457608.2 0.1030000000D-01 0.1510000000D-02 0.1896380000D+02 0.1511000000D-01 0.4560000000D-03 0.1710000000D-01 0.3517014000D+01 0.3536200000D+01 0.6039000000D+01 0.1107900000D+01 0.7440000000D-01-0.6800000000D-03 0.3029680000D+02 0.2259000000D-01 0.3100000000D-04 0.2650000000D-01 0.1720394000D+01 0.1825900000D+01 0.4059700000D+01 0.5643900000D+01
4 8520160825201609112457625.2 0.3620000000D-01-0.2460000000D-02 0.1914290000D+02 0.7430000000D-02 0.1030000000D-03 0.1630000000D-01 0.3223447000D+01 0.4607800000D+01 0.1963800000D+01 0.3387000000D+00 0.7700000000D-01-0.6600000000D-03 0.3066950000D+02 0.2153000000D-01 0.7310000000D-03 0.2760000000D-01 0.1423617000D+01 0.1827800000D+01 0.6061000000D+01 0.4867200000D+01
4 8620160911201609282457642.2 0.1230000000D-01-0.1000000000D-04 0.1916260000D+02 0.7060000000D-02 0.2590000000D-03 0.1070000000D-01 0.2932049000D+01 0.4856800000D+01 0.5385200000D+01 0.6134300000D+01 0.4340000000D-01 0.5500000000D-03 0.3097300000D+02 0.1438000000D-01 0.2190000000D-03 0.1730000000D-01 0.1125805000D+01 0.8983000000D+00 0.3777200000D+01 0.4299200000D+01
4 8720160928201610152457659.2-0.1290000000D-01 0.0000000000D+00 0.1906210000D+02 0.1554000000D-01 0.2360000000D-03 0.1290000000D-01 0.2641069000D+01 0.4823200000D+01 0.7850000000D-01 0.4793400000D+01 0.7050000000D-01-0.9500000000D-03 0.3115170000D+02 0.8140000000D-02 0.3150000000D-03 0.2120000000D-01 0.8260940000D+00 0.6618000000D+00 0.4231800000D+01 0.2947800000D+01
4 8820161015201611012457676.2 0.4100000000D-02-0.1880000000D-02 0.1886910000D+02 0.1963000000D-01 0.1810000000D-03 0.1710000000D-01 0.2354550000D+01 0.5248000000D+01 0.3617200000D+01 0.4415300000D+01 0.3290000000D-01 0.5700000000D-02 0.3123390000D+02 0.1085000000D-01 0.2560000000D-03 0.2660000000D-01 0.5274610000D+00 0.4194600000D+01 0.1430000000D+00 0.2581600000D+01
4 8920161101201611182457693.2-0.2890000000D-01 0.6800000000D-03 0.1855420000D+02 0.2296000000D-01 0.9600000000D-04 0.1920000000D-01 0.2063893000D+01 0.4720500000D+01 0.4425000000D+00 0.3622500000D+01 0.1039000000D+00-0.9900000000D-03 0.3109810000D+02 0.8340000000D-02 0.4220000000D-03 0.3240000000D-01 0.2269710000D+00 0.3981300000D+01 0.3166800000D+01 0.1795500000D+01
4 9020161118201612052457710.2-0.8200000000D-02-0.1500000000D-03 0.1820330000D+02 0.2322000000D-01 0.1960000000D-03 0.2440000000D-01 0.1773565000D+01 0.4492900000D+01 0.3173000000D+00 0.3368900000D+01 0.1182000000D+00 0.6700000000D-03 0.3087860000D+02 0.1792000000D-01 0.1540000000D-03 0.4110000000D-01 0.6209461000D+01 0.3099300000D+01 0.3986300000D+01 0.1515500000D+01
4 9120161205201612222457727.2-0.7700000000D-02 0.1640000000D-02 0.1785270000D+02 0.1994000000D-01 0.2630000000D-03 0.2010000000D-01 0.1483949000D+01 0.4818400000D+01 0.2971600000D+01 0.3027100000D+01 0.1001000000D+00 0.3900000000D-03 0.3056920000D+02 0.3306000000D-01 0.7300000000D-03 0.3490000000D-01 0.5911945000D+01 0.3274700000D+01 0.8622000000D+00 0.1132500000D+01
4 9220161222201701082457744.2 0.1640000000D-01-0.5800000000D-03 0.1752960000D+02 0.1594000000D-01 0.1540000000D-03 0.2190000000D-01 0.1186700000D+01 0.4213400000D+01 0.6281200000D+01 0.2469200000D+01 0.1256000000D+00-0.2730000000D-02 0.3012010000D+02 0.2372000000D-01 0.4290000000D-03 0.3620000000D-01 0.5610489000D+01 0.2172500000D+01 0.3842600000D+01 0.5814000000D+00
4 9320170108201701252457761.2 0.2040000000D-01 0.2400000000D-03 0.1728410000D+02 0.1203000000D-01 0.2390000000D-03 0.1520000000D-01 0.8877750000D+00 0.4131000000D+01 0.1416000000D+00 0.2172300000D+01 0.5820000000D-01 0.2800000000D-03 0.2970380000D+02 0.2552000000D-01 0.6000000000D-04 0.2610000000D-01 0.5312958000D+01 0.2149800000D+01 0.5931000000D+01 0.3436000000D+00
4 9420170125201702112457778.2 0.1580000000D-01-0.1240000000D-02 0.1712640000D+02 0.1374000000D-01 0.3210000000D-03 0.1020000000D-01 0.5876170000D+00 0.4963000000D+01 0.2004600000D+01 0.1191900000D+01 0.6230000000D-01-0.1510000000D-02 0.2928540000D+02 0.2451000000D-01 0.6480000000D-03 0.1810000000D-01 0.5017357000D+01 0.2284800000D+01 0.2928000000D+00 0.5619400000D+01
5 9520151231201601222457387.4 0.6510000000D-01 0.1200000000D-03 0.2113720000D+02 0.1593000000D-01 0.2400000000D-03 0.2210000000D-01 0.1589541000D+01 0.4939300000D+01 0.9716000000D+00 0.4342800000D+01 0.4600000000D-02 0.5200000000D-03 0.3968620000D+02 0.3715000000D-01 0.3510000000D-03 0.4330000000D-01 0.5939913000D+01 0.3024100000D+01 0.9951000000D+00 0.2386200000D+01
5 9620160122201602132457409.4 0.6200000000D-01-0.4300000000D-03 0.2090400000D+02 0.1164000000D-01 0.3880000000D-03 0.1760000000D-01 0.5567429000D+01 0.3099600000D+01 0.5095300000D+01 0.9010000000D-01 0.1860000000D-01-0.4050000000D-02 0.3899040000D+02 0.4273000000D-01 0.6250000000D-03 0.3340000000D-01 0.3639769000D+01 0.3985000000D+00 0.3782800000D+01 0.4515100000D+01
5 9720160213201603062457431.4 0.4210000000D-01-0.4100000000D-03 0.2085320000D+02 0.7730000000D-02 0.4400000000D-03 0.1060000000D-01 0.3255798000D+01 0.2292600000D+01 0.2272000000D+01 0.2056600000D+01-0.5400000000D-01 0.2320000000D-02 0.3834900000D+02 0.3502000000D-01 0.6090000000D-03 0.1790000000D-01 0.1342093000D+01 0.3956500000D+01 0.6444000000D+00 0.1088000000D+00
5 9820160306201603282457453.4 0.5200000000D-01-0.3080000000D-02 0.2102440000D+02 0.2576000000D-01 0.2690000000D-03 0.3700000000D-02 0.9425050000D+00 0.4110000000D+00 0.4872000000D+01 0.2883800000D+01-0.9000000000D-02 0.1880000000D-02 0.3785140000D+02 0.2070000000D-01 0.3420000000D-03 0.7100000000D-02 0.5330546000D+01 0.1121900000D+01 0.3894200000D+01 0.9854000000D+00
5 9920160328201604192457475.4-0.1910000000D-01 0.3410000000D-02 0.2143020000D+02 0.3814000000D-01 0.3760000000D-03 0.1020000000D-01 0.4911843000D+01 0.4248500000D+01 0.9862000000D+00 0.3759100000D+01 0.1780000000D-01 0.1970000000D-02 0.3764050000D+02 0.6670000000D-02 0.2330000000D-03 0.1890000000D-01 0.3038021000D+01 0.4248000000D+01 0.4963600000D+01 0.1994900000D+01
510020160419201605112457497.4 0.4250000000D-01-0.5600000000D-03 0.2203410000D+02 0.3683000000D-01 0.5280000000D-03 0.1970000000D-01 0.2596123000D+01 0.1809200000D+01 0.3939900000D+01 0.5677300000D+01 0.5390000000D-01 0.1110000000D-02 0.3770740000D+02 0.3170000000D-02 0.5870000000D-03 0.3050000000D-01 0.7450400000D+00 0.1555900000D+01 0.1526800000D+01 0.3850100000D+01
510120160511201606022457519.4 0.4010000000D-01 0.1990000000D-02 0.2271380000D+02 0.3305000000D-01 0.3550000000D-03 0.2430000000D-01 0.2813180000D+00 0.5971300000D+01 0.1138000000D+01 0.1484100000D+01 0.9980000000D-01-0.4910000000D-02 0.3798440000D+02 0.1081000000D-01 0.7450000000D-03 0.4190000000D-01 0.4733471000D+01 0.5821700000D+01 0.4789400000D+01 0.5893100000D+01
510220160602201606242457541.4 0.8480000000D-01-0.6000000000D-03 0.2342620000D+02 0.3460000000D-01 0.1330000000D-03 0.2470000000D-01 0.4253131000D+01 0.3883900000D+01 0.5644700000D+01 0.3523400000D+01-0.7600000000D-02 0.9700000000D-03 0.3840080000D+02 0.2683000000D-01 0.4190000000D-03 0.4130000000D-01 0.2439324000D+01 0.2905200000D+01 0.1587100000D+01 0.1757200000D+01
510320160624201607162457563.4 0.7460000000D-01-0.1070000000D-02 0.2414160000D+02 0.3517000000D-01 0.2690000000D-03 0.1960000000D-01 0.1946241000D+01 0.1669800000D+01 0.4479300000D+01 0.5633500000D+01-0.3110000000D-01-0.1400000000D-03 0.3902720000D+02 0.3223000000D-01 0.4900000000D-04 0.3030000000D-01 0.1446720000D+00 0.2367000000D+00 0.5785200000D+01 0.3823200000D+01
510420160716201608072457585.4 0.3140000000D-01 0.2000000000D-04 0.2479060000D+02 0.2758000000D-01 0.3250000000D-03 0.7800000000D-02 0.5926381000D+01 0.5718700000D+01 0.2055000000D+01 0.1263600000D+01-0.2630000000D-01 0.6000000000D-03 0.3975510000D+02 0.3445000000D-01 0.4300000000D-04 0.1320000000D-01 0.4131151000D+01 0.4144200000D+01 0.1330500000D+01 0.5673400000D+01
510520160807201608292457607.4 0.3970000000D-01-0.2020000000D-02 0.2530300000D+02 0.1143000000D-01 0.1660000000D-03 0.7500000000D-02 0.3626509000D+01 0.3853900000D+01 0.5308600000D+01 0.1250800000D+01 0.1190000000D-01 0.1990000000D-02 0.4049750000D+02 0.3004000000D-01 0.1040000000D-03 0.1200000000D-01 0.1832937000D+01 0.1832100000D+01 0.2711000000D+00 0.5751300000D+01
510620160829201609202457629.4-0.5600000000D-02 0.3250000000D-02 0.2555330000D+02 0.1656000000D-01 0.2390000000D-03 0.1850000000D-01 0.1330453000D+01 0.3066000000D+01 0.9220000000D-01 0.3041900000D+01 0.6880000000D-01-0.2600000000D-03 0.4113780000D+02 0.2507000000D-01 0.5800000000D-03 0.2940000000D-01 0.5814721000D+01 0.6234800000D+01 0.4167900000D+01 0.1281200000D+01
510720160920201610122457651.4 0.6580000000D-01-0.4900000000D-03 0.2547710000D+02 0.2519000000D-01 0.4960000000D-03 0.2610000000D-01 0.5321913000D+01 0.9340000000D+00 0.3360300000D+01 0.5156700000D+01 0.1790000000D-01 0.4140000000D-02 0.4149990000D+02 0.3307000000D-01 0.1278000000D-02 0.4050000000D-01 0.3514119000D+01 0.3832800000D+01 0.1093700000D+01 0.3265500000D+01
510820161012201611032457673.4 0.4940000000D-01 0.2070000000D-02 0.2515330000D+02 0.2014000000D-01 0.5070000000D-03 0.2530000000D-01 0.3034915000D+01 0.5253500000D+01 0.2490000000D+00 0.9410000000D+00 0.1335000000D+00-0.9600000000D-02 0.4164940000D+02 0.2691000000D-01 0.1421000000D-02 0.4700000000D-01 0.1213998000D+01 0.7317000000D+00 0.4306000000D+01 0.5354800000D+01
510920161103201611252457695.4 0.8510000000D-01-0.9000000000D-03 0.2467170000D+02 0.2771000000D-01 0.1370000000D-03 0.2300000000D-01 0.7473860000D+00 0.3613600000D+01 0.2712700000D+01 0.2913500000D+01-0.5030000000D-01 0.3330000000D-02 0.4158700000D+02 0.2963000000D-01 0.1203000000D-02 0.3860000000D-01 0.5195290000D+01 0.3388300000D+01 0.1188300000D+01 0.1177900000D+01
511020161125201612172457717.4 0.8490000000D-01-0.3140000000D-02 0.2408940000D+02 0.3617000000D-01 0.4190000000D-03 0.1590000000D-01 0.4739157000D+01 0.1416000000D+01 0.4712300000D+01 0.5033500000D+01-0.1880000000D-01-0.9500000000D-03 0.4117770000D+02 0.3722000000D-01 0.5650000000D-03 0.2560000000D-01 0.2891090000D+01 0.2040000000D+00 0.4282300000D+01 0.3117500000D+01
511120161217201701082457739.4 0.1350000000D-01 0.1010000000D-02 0.2348180000D+02 0.2697000000D-01 0.4360000000D-03 0.4900000000D-02 0.2444560000D+01 0.5393300000D+01 0.1743900000D+01 0.3138000000D+00-0.2780000000D-01 0.1730000000D-02 0.4050100000D+02 0.3635000000D-01 0.1210000000D-03 0.9000000000D-02 0.5887640000D+00 0.3875200000D+01 0.1630500000D+01 0.4756200000D+01
511220170108201701302457761.4 0.1450000000D-01-0.6000000000D-04 0.2302890000D+02 0.1565000000D-01 0.2330000000D-03 0.9200000000D-02 0.1457460000D+00 0.3561000000D+01 0.5795900000D+01 0.4860000000D+00 0.3420000000D-01 0.1000000000D-02 0.3973830000D+02 0.3356000000D-01 0.4400000000D-04 0.1650000000D-01 0.4572113000D+01 0.1443000000D+01 0.4799200000D+01 0.4909400000D+01
