 7 5   2  44  56  71  95 4.4880 2.4930 1.5162 0.7217 0.4667  9.0 31.0 27.0 17.0 22.0  112 2454831.5000 2009                                                                                                                                                                                                                                                                      
1  220081231200901092454831.4 0.3600000000D-02 0.4000000000D-04 0.2449300000D+01 0.1107000000D+00 0.2410000000D-02 0.1600000000D-02 0.2314010000D+01 0.7440000000D+00 0.5290300000D+01 0.2684000000D+00-0.1490000000D-01-0.2900000000D-03 0.8465700000D+01 0.3689300000D+00 0.7741000000D-02 0.5800000000D-02 0.5843669000D+01 0.4250700000D+01 0.2478000000D+01 0.3800700000D+01
1  320090109200901182454840.4 0.4200000000D-02-0.8000000000D-04 0.2454600000D+01 0.1120500000D+00 0.2448000000D-02 0.1500000000D-02 0.4604599000D+01 0.3039300000D+01 0.1283400000D+01 0.4878800000D+01-0.1650000000D-01 0.1300000000D-03 0.8406300000D+01 0.3668200000D+00 0.7663000000D-02 0.5500000000D-02 0.1866573000D+01 0.2746000000D+00 0.4768000000D+01 0.2191700000D+01
1  420090118200901272454849.4 0.4700000000D-02-0.1400000000D-03 0.2464300000D+01 0.1128800000D+00 0.2534000000D-02 0.1700000000D-02 0.6093140000D+00 0.5336900000D+01 0.3590400000D+01 0.3300500000D+01-0.1940000000D-01 0.6400000000D-03 0.8350100000D+01 0.3636300000D+00 0.7710000000D-02 0.6400000000D-02 0.4173099000D+01 0.2586200000D+01 0.8003000000D+00 0.5195000000D+00
1  520090127200902052454858.4 0.3800000000D-02 0.5000000000D-04 0.2480700000D+01 0.1140900000D+00 0.2517000000D-02 0.1700000000D-02 0.2895770000D+01 0.1341100000D+01 0.5879400000D+01 0.1437600000D+01-0.1690000000D-01 0.2000000000D-04 0.8304000000D+01 0.3607000000D+00 0.7476000000D-02 0.5500000000D-02 0.1972120000D+00 0.4891600000D+01 0.3112400000D+01 0.5042500000D+01
1  620090205200902142454867.4 0.3000000000D-02 0.1900000000D-03 0.2502000000D+01 0.1153600000D+00 0.2547000000D-02 0.1900000000D-02 0.5181028000D+01 0.3631000000D+01 0.1885800000D+01 0.6107100000D+01-0.1360000000D-01-0.6000000000D-03 0.8262800000D+01 0.3576900000D+00 0.7476000000D-02 0.6500000000D-02 0.2505104000D+01 0.9207000000D+00 0.5434300000D+01 0.3325500000D+01
1  720090214200902232454876.4 0.4100000000D-02-0.8000000000D-04 0.2528100000D+01 0.1164500000D+00 0.2592000000D-02 0.1900000000D-02 0.1182342000D+01 0.5921400000D+01 0.4185900000D+01 0.4227300000D+01-0.1600000000D-01 0.4000000000D-04 0.8230100000D+01 0.3554600000D+00 0.7403000000D-02 0.5700000000D-02 0.4813816000D+01 0.3231600000D+01 0.1466100000D+01 0.1561200000D+01
1  820090223200903042454885.4 0.4700000000D-02-0.1600000000D-03 0.2559000000D+01 0.1182400000D+00 0.2644000000D-02 0.1900000000D-02 0.3467132000D+01 0.1928200000D+01 0.1777000000D+00 0.2559000000D+01-0.1820000000D-01 0.4700000000D-03 0.8204800000D+01 0.3551900000D+00 0.7389000000D-02 0.5700000000D-02 0.8403910000D+00 0.5544000000D+01 0.3760600000D+01 0.6199000000D+01
1  920090304200903132454894.4 0.3900000000D-02 0.5000000000D-04 0.2595100000D+01 0.1192000000D+00 0.2666000000D-02 0.2000000000D-02 0.5751769000D+01 0.4217000000D+01 0.2487500000D+01 0.7379000000D+00-0.1780000000D-01 0.2200000000D-03 0.8187800000D+01 0.3520900000D+00 0.7411000000D-02 0.5300000000D-02 0.3150100000D+01 0.1576400000D+01 0.6103500000D+01 0.4407400000D+01
1 1020090313200903222454903.4 0.3400000000D-02 0.1200000000D-03 0.2635800000D+01 0.1209500000D+00 0.2675000000D-02 0.1700000000D-02 0.1754731000D+01 0.2209000000D+00 0.4768000000D+01 0.5441100000D+01-0.1550000000D-01-0.2700000000D-03 0.8183100000D+01 0.3520300000D+00 0.7274000000D-02 0.5400000000D-02 0.5461094000D+01 0.3886600000D+01 0.2124400000D+01 0.2932500000D+01
1 1120090322200903312454912.4 0.3500000000D-02 0.7000000000D-04 0.2678800000D+01 0.1231100000D+00 0.2750000000D-02 0.1800000000D-02 0.4042218000D+01 0.2514000000D+01 0.7563000000D+00 0.3638600000D+01-0.1390000000D-01-0.4800000000D-03 0.8184400000D+01 0.3527600000D+00 0.7269000000D-02 0.5000000000D-02 0.1489510000D+01 0.6201100000D+01 0.4427300000D+01 0.1206400000D+01
1 1220090331200904092454921.4 0.4600000000D-02-0.1400000000D-03 0.2726600000D+01 0.1240900000D+00 0.2735000000D-02 0.1700000000D-02 0.4739200000D-01 0.4802000000D+01 0.3069600000D+01 0.2100200000D+01-0.1740000000D-01 0.3200000000D-03 0.8195700000D+01 0.3509300000D+00 0.7257000000D-02 0.5500000000D-02 0.3800949000D+01 0.2232900000D+01 0.4881000000D+00 0.5952200000D+01
1 1320090409200904182454930.4 0.4800000000D-02-0.1200000000D-03 0.2776500000D+01 0.1258400000D+00 0.2757000000D-02 0.1800000000D-02 0.2338102000D+01 0.8099000000D+00 0.5359300000D+01 0.4573000000D+00-0.1920000000D-01 0.5500000000D-03 0.8214800000D+01 0.3520800000D+00 0.7341000000D-02 0.5800000000D-02 0.6113319000D+01 0.4549100000D+01 0.2799500000D+01 0.4234000000D+01
1 1420090418200904272454939.4 0.3300000000D-02 0.2000000000D-03 0.2827100000D+01 0.1276200000D+00 0.2795000000D-02 0.1700000000D-02 0.4630691000D+01 0.3104400000D+01 0.1363700000D+01 0.5095100000D+01-0.1600000000D-01-0.2600000000D-03 0.8242200000D+01 0.3526100000D+00 0.7302000000D-02 0.5900000000D-02 0.2142543000D+01 0.5803000000D+00 0.5122400000D+01 0.2654300000D+01
1 1520090427200905062454948.4 0.3400000000D-02 0.1300000000D-03 0.2879700000D+01 0.1291100000D+00 0.2806000000D-02 0.2100000000D-02 0.6422210000D+00 0.5397300000D+01 0.3660600000D+01 0.3369200000D+01-0.1470000000D-01-0.4200000000D-03 0.8278400000D+01 0.3541900000D+00 0.7341000000D-02 0.6100000000D-02 0.4455417000D+01 0.2894700000D+01 0.1152300000D+01 0.8143000000D+00
1 1620090506200905152454957.4 0.4600000000D-02-0.1200000000D-03 0.2930800000D+01 0.1304300000D+00 0.2881000000D-02 0.2100000000D-02 0.2939124000D+01 0.1414300000D+01 0.5969800000D+01 0.1688300000D+01-0.1600000000D-01-0.5000000000D-04 0.8317200000D+01 0.3568400000D+00 0.7577000000D-02 0.6200000000D-02 0.4853070000D+00 0.5214600000D+01 0.3462900000D+01 0.5436600000D+01
1 1720090515200905242454966.4 0.4800000000D-02-0.9000000000D-04 0.2982200000D+01 0.1321100000D+00 0.2867000000D-02 0.2200000000D-02 0.5238461000D+01 0.3709600000D+01 0.1969900000D+01 0.6280600000D+01-0.1870000000D-01 0.4300000000D-03 0.8367700000D+01 0.3583800000D+00 0.7436000000D-02 0.6100000000D-02 0.2798060000D+01 0.1241600000D+01 0.5781800000D+01 0.3742300000D+01
1 1820090524200906022454975.4 0.4400000000D-02 0.4000000000D-04 0.3031600000D+01 0.1338500000D+00 0.2884000000D-02 0.2300000000D-02 0.1257232000D+01 0.6007900000D+01 0.4252200000D+01 0.4451600000D+01-0.1910000000D-01 0.3200000000D-03 0.8423000000D+01 0.3610100000D+00 0.7483000000D-02 0.5400000000D-02 0.5111041000D+01 0.3554700000D+01 0.1812400000D+01 0.1997000000D+01
1 1920090602200906112454984.4 0.3400000000D-02 0.2100000000D-03 0.3076900000D+01 0.1346700000D+00 0.2922000000D-02 0.2300000000D-02 0.3560984000D+01 0.2028300000D+01 0.2840000000D+00 0.2846900000D+01-0.1490000000D-01-0.5800000000D-03 0.8478600000D+01 0.3639000000D+00 0.7615000000D-02 0.5700000000D-02 0.1140501000D+01 0.5870600000D+01 0.4127100000D+01 0.3687000000D+00
1 2020090611200906202454993.4 0.4000000000D-02 0.5000000000D-04 0.3120200000D+01 0.1358900000D+00 0.2896000000D-02 0.2200000000D-02 0.5867349000D+01 0.4327800000D+01 0.2571800000D+01 0.1086600000D+01-0.1520000000D-01-0.3700000000D-03 0.8540900000D+01 0.3668100000D+00 0.7633000000D-02 0.5300000000D-02 0.3452826000D+01 0.1898500000D+01 0.1551000000D+00 0.5032700000D+01
1 2120090620200906292455002.4 0.5600000000D-02-0.2200000000D-03 0.3158300000D+01 0.1365600000D+00 0.2871000000D-02 0.2000000000D-02 0.1892781000D+01 0.3469000000D+00 0.4880200000D+01 0.5760200000D+01-0.1910000000D-01 0.4400000000D-03 0.8603000000D+01 0.3684800000D+00 0.7779000000D-02 0.5600000000D-02 0.5764641000D+01 0.4212600000D+01 0.2493000000D+01 0.3493700000D+01
1 2220090629200907082455011.4 0.4900000000D-02 0.0000000000D+00 0.3190200000D+01 0.1370100000D+00 0.2881000000D-02 0.2100000000D-02 0.4203428000D+01 0.2654000000D+01 0.9028000000D+00 0.4103000000D+01-0.1940000000D-01 0.3000000000D-03 0.8665900000D+01 0.3727700000D+00 0.7838000000D-02 0.5600000000D-02 0.1793069000D+01 0.2401000000D+00 0.4786600000D+01 0.1764300000D+01
1 2320090708200907172455020.4 0.3800000000D-02 0.2200000000D-03 0.3215800000D+01 0.1375100000D+00 0.2934000000D-02 0.1900000000D-02 0.2331070000D+00 0.4964600000D+01 0.3201700000D+01 0.2579300000D+01-0.1750000000D-01-0.1700000000D-03 0.8727600000D+01 0.3771100000D+00 0.8019000000D-02 0.6500000000D-02 0.4104183000D+01 0.2551600000D+01 0.7985000000D+00 0.2104000000D+00
1 2420090717200907262455029.4 0.4200000000D-02 0.9000000000D-04 0.3235500000D+01 0.1372000000D+00 0.2866000000D-02 0.2100000000D-02 0.2547788000D+01 0.9876000000D+00 0.5522600000D+01 0.8580000000D+00-0.1530000000D-01-0.5400000000D-03 0.8786400000D+01 0.3788200000D+00 0.8093000000D-02 0.6200000000D-02 0.1310130000D+00 0.4861100000D+01 0.3130100000D+01 0.4719300000D+01
1 2520090726200908042455038.4 0.5200000000D-02-0.7000000000D-04 0.3247800000D+01 0.1375200000D+00 0.2858000000D-02 0.2100000000D-02 0.4864694000D+01 0.3298300000D+01 0.1527200000D+01 0.5520400000D+01-0.1710000000D-01-0.9000000000D-04 0.8843100000D+01 0.3832000000D+00 0.8132000000D-02 0.6600000000D-02 0.2440737000D+01 0.8840000000D+00 0.5416600000D+01 0.3059000000D+01
1 2620090804200908132455047.4 0.5800000000D-02-0.1500000000D-03 0.3252100000D+01 0.1372600000D+00 0.2888000000D-02 0.2500000000D-02 0.8998650000D+00 0.5613700000D+01 0.3835700000D+01 0.3845800000D+01-0.2120000000D-01 0.6700000000D-03 0.8893000000D+01 0.3860400000D+00 0.8188000000D-02 0.6600000000D-02 0.4749552000D+01 0.3189900000D+01 0.1439800000D+01 0.1233300000D+01
1 2720090813200908222455056.4 0.4800000000D-02 0.1000000000D-03 0.3250500000D+01 0.1364600000D+00 0.2789000000D-02 0.2200000000D-02 0.3219488000D+01 0.1639800000D+01 0.6151400000D+01 0.2105700000D+01-0.1880000000D-01 0.1000000000D-04 0.8934700000D+01 0.3881800000D+00 0.8226000000D-02 0.6000000000D-02 0.7742960000D+00 0.5494800000D+01 0.3748500000D+01 0.5927000000D+01
1 2820090822200908312455065.4 0.3800000000D-02 0.2700000000D-03 0.3241200000D+01 0.1355900000D+00 0.2797000000D-02 0.2600000000D-02 0.5540250000D+01 0.3957000000D+01 0.2185600000D+01 0.3976000000D+00-0.1550000000D-01-0.6500000000D-03 0.8966200000D+01 0.3904700000D+00 0.8470000000D-02 0.6100000000D-02 0.3081374000D+01 0.1519900000D+01 0.6049300000D+01 0.4072600000D+01
1 2920090831200909092455074.4 0.5300000000D-02-0.5000000000D-04 0.3225600000D+01 0.1346800000D+00 0.2756000000D-02 0.2200000000D-02 0.1578756000D+01 0.6272800000D+01 0.4500500000D+01 0.4992800000D+01-0.1710000000D-01-0.1600000000D-03 0.8991500000D+01 0.3915300000D+00 0.8351000000D-02 0.5600000000D-02 0.5387706000D+01 0.3819600000D+01 0.2073500000D+01 0.2546600000D+01
1 3020090909200909182455083.4 0.6000000000D-02-0.1600000000D-03 0.3204100000D+01 0.1340600000D+00 0.2730000000D-02 0.2300000000D-02 0.3901133000D+01 0.2307100000D+01 0.5200000000D+00 0.3371200000D+01-0.1940000000D-01 0.2900000000D-03 0.9003900000D+01 0.3943400000D+00 0.8397000000D-02 0.5900000000D-02 0.1410557000D+01 0.6121800000D+01 0.4352900000D+01 0.8559000000D+00
1 3120090918200909272455092.4 0.5400000000D-02 0.1000000000D-04 0.3177700000D+01 0.1324100000D+00 0.2750000000D-02 0.1900000000D-02 0.6223067000D+01 0.4629600000D+01 0.2865800000D+01 0.1627900000D+01-0.2040000000D-01 0.3900000000D-03 0.9002900000D+01 0.3944400000D+00 0.8613000000D-02 0.5200000000D-02 0.3715386000D+01 0.2145000000D+01 0.3781000000D+00 0.5622200000D+01
1 3220090927200910062455101.4 0.4700000000D-02 0.1600000000D-03 0.3149300000D+01 0.1318200000D+00 0.2670000000D-02 0.2100000000D-02 0.2262005000D+01 0.6612000000D+00 0.5166200000D+01 0.1001000000D+00-0.1750000000D-01-0.2700000000D-03 0.8996300000D+01 0.3944600000D+00 0.8384000000D-02 0.6300000000D-02 0.6019814000D+01 0.4440600000D+01 0.2673600000D+01 0.3838200000D+01
1 3320091006200910152455110.4 0.4500000000D-02 0.1500000000D-03 0.3117400000D+01 0.1311500000D+00 0.2670000000D-02 0.1800000000D-02 0.4583202000D+01 0.2982000000D+01 0.1195100000D+01 0.4756700000D+01-0.1480000000D-01-0.7000000000D-03 0.8975100000D+01 0.3941300000D+00 0.8410000000D-02 0.6100000000D-02 0.2040541000D+01 0.4590000000D+00 0.4970600000D+01 0.2323800000D+01
1 3420091015200910242455119.4 0.5900000000D-02-0.1500000000D-03 0.3084900000D+01 0.1297500000D+00 0.2667000000D-02 0.2000000000D-02 0.6194360000D+00 0.5302200000D+01 0.3540300000D+01 0.3124800000D+01-0.1880000000D-01 0.2600000000D-03 0.8943000000D+01 0.3925600000D+00 0.8441000000D-02 0.6600000000D-02 0.4343869000D+01 0.2760700000D+01 0.9903000000D+00 0.5201000000D+00
1 3520091024200911022455128.4 0.6200000000D-02-0.1600000000D-03 0.3052800000D+01 0.1294300000D+00 0.2655000000D-02 0.2100000000D-02 0.2937595000D+01 0.1336400000D+01 0.5849600000D+01 0.1388800000D+01-0.2060000000D-01 0.5500000000D-03 0.8901600000D+01 0.3920000000D+00 0.8412000000D-02 0.6200000000D-02 0.3640910000D+00 0.5060900000D+01 0.3276400000D+01 0.5083100000D+01
1 3620091102200911112455137.4 0.4800000000D-02 0.1500000000D-03 0.3021400000D+01 0.1286000000D+00 0.2654000000D-02 0.2200000000D-02 0.5253127000D+01 0.3654200000D+01 0.1899900000D+01 0.6064400000D+01-0.1780000000D-01-0.1500000000D-03 0.8850700000D+01 0.3883100000D+00 0.8376000000D-02 0.6900000000D-02 0.2666798000D+01 0.1079800000D+01 0.5595500000D+01 0.3345100000D+01
1 3720091111200911202455146.4 0.4700000000D-02 0.1400000000D-03 0.2992700000D+01 0.1284800000D+00 0.2672000000D-02 0.2200000000D-02 0.1283280000D+01 0.5969400000D+01 0.4208500000D+01 0.4231800000D+01-0.1610000000D-01-0.4100000000D-03 0.8796000000D+01 0.3869800000D+00 0.8253000000D-02 0.5900000000D-02 0.4970029000D+01 0.3378400000D+01 0.1591200000D+01 0.1606100000D+01
1 3820091120200911292455155.4 0.5400000000D-02-0.4000000000D-04 0.2965800000D+01 0.1285900000D+00 0.2738000000D-02 0.2200000000D-02 0.3593760000D+01 0.2003400000D+01 0.2355000000D+00 0.2574700000D+01-0.1610000000D-01-0.2200000000D-03 0.8731400000D+01 0.3851500000D+00 0.8262000000D-02 0.6000000000D-02 0.9901550000D+00 0.5682100000D+01 0.3880300000D+01 0.6176200000D+01
1 3920091129200912082455164.4 0.6100000000D-02-0.1500000000D-03 0.2944100000D+01 0.1283100000D+00 0.2709000000D-02 0.2200000000D-02 0.5900939000D+01 0.4311700000D+01 0.2558200000D+01 0.8305000000D+00-0.1930000000D-01 0.4600000000D-03 0.8666200000D+01 0.3802400000D+00 0.8087000000D-02 0.5700000000D-02 0.3293115000D+01 0.1700000000D+01 0.6200900000D+01 0.4479100000D+01
1 4020091208200912172455173.4 0.5800000000D-02-0.6000000000D-04 0.2927100000D+01 0.1289100000D+00 0.2715000000D-02 0.1900000000D-02 0.1922549000D+01 0.3348000000D+00 0.4854400000D+01 0.5473200000D+01-0.1990000000D-01 0.4500000000D-03 0.8600500000D+01 0.3774200000D+00 0.7951000000D-02 0.5400000000D-02 0.5596983000D+01 0.4001300000D+01 0.2213300000D+01 0.2940400000D+01
1 4120091217200912262455182.4 0.4500000000D-02 0.2000000000D-03 0.2913500000D+01 0.1292200000D+00 0.2762000000D-02 0.1900000000D-02 0.4223960000D+01 0.2643200000D+01 0.8842000000D+00 0.3756500000D+01-0.1540000000D-01-0.4900000000D-03 0.8531000000D+01 0.3737400000D+00 0.7852000000D-02 0.5200000000D-02 0.1617830000D+01 0.2310000000D-01 0.4521500000D+01 0.1230500000D+01
1 4220091226201001042455191.4 0.4900000000D-02 0.6000000000D-04 0.2906400000D+01 0.1296300000D+00 0.2774000000D-02 0.1800000000D-02 0.2394230000D+00 0.4945300000D+01 0.3191400000D+01 0.2200600000D+01-0.1520000000D-01-0.3400000000D-03 0.8464900000D+01 0.3701700000D+00 0.7794000000D-02 0.5600000000D-02 0.3922432000D+01 0.2328600000D+01 0.5433000000D+00 0.5957400000D+01
1 4320100104201001132455200.4 0.6200000000D-02-0.2100000000D-03 0.2904600000D+01 0.1300100000D+00 0.2813000000D-02 0.1800000000D-02 0.2535599000D+01 0.9641000000D+00 0.5509900000D+01 0.5571000000D+00-0.1810000000D-01 0.3800000000D-03 0.8400200000D+01 0.3661400000D+00 0.7813000000D-02 0.5800000000D-02 0.6227540000D+01 0.4637700000D+01 0.2864400000D+01 0.4267600000D+01
2 4420081231200901312454831.4 0.5100000000D-02 0.0000000000D+00 0.3413000000D+01 0.6970000000D-02 0.5900000000D-04 0.1700000000D-02 0.6016609000D+01 0.4201700000D+01 0.4837300000D+01 0.1115700000D+01-0.1860000000D-01 0.2000000000D-04 0.1243520000D+02 0.1016000000D-01 0.7100000000D-04 0.6200000000D-02 0.2976015000D+01 0.6217000000D+01 0.3711900000D+01 0.4347000000D+01
2 4520090131200903032454862.4 0.5200000000D-02 0.0000000000D+00 0.3392400000D+01 0.1018000000D-01 0.3200000000D-04 0.1400000000D-02 0.1541184000D+01 0.2200000000D-01 0.8461000000D+00 0.4746600000D+01-0.1860000000D-01 0.5000000000D-04 0.1217310000D+02 0.6800000000D-02 0.8100000000D-04 0.5100000000D-02 0.4861954000D+01 0.1460400000D+01 0.5300900000D+01 0.1906000000D+01
2 4620090303200904032454893.4 0.4900000000D-02 0.1000000000D-04 0.3449200000D+01 0.1160000000D-01 0.2400000000D-04 0.1600000000D-02 0.3328856000D+01 0.2030000000D+01 0.3765900000D+01 0.2369700000D+01-0.1740000000D-01 0.0000000000D+00 0.1204220000D+02 0.4640000000D-02 0.8800000000D-04 0.6300000000D-02 0.4707010000D+00 0.2513500000D+01 0.6450000000D+00 0.5844000000D+01
2 4720090403200905042454924.4 0.5200000000D-02 0.0000000000D+00 0.3582300000D+01 0.1140000000D-01 0.4100000000D-04 0.1800000000D-02 0.5119879000D+01 0.4038400000D+01 0.2340000000D+00 0.5841900000D+01-0.1780000000D-01 0.3000000000D-04 0.1206030000D+02 0.6010000000D-02 0.7100000000D-04 0.5700000000D-02 0.2367339000D+01 0.3393700000D+01 0.2471700000D+01 0.3081800000D+01
2 4820090504200906042454955.4 0.5500000000D-02 0.0000000000D+00 0.3764500000D+01 0.9590000000D-02 0.6200000000D-04 0.1700000000D-02 0.6489120000D+00 0.6087800000D+01 0.2484800000D+01 0.3266000000D+01-0.1910000000D-01 0.5000000000D-04 0.1222440000D+02 0.9280000000D-02 0.4400000000D-04 0.5600000000D-02 0.4265626000D+01 0.4878300000D+01 0.3974000000D+01 0.6810000000D+00
2 4920090604200907052454986.4 0.5100000000D-02 0.3000000000D-04 0.3949200000D+01 0.6380000000D-02 0.7900000000D-04 0.2000000000D-02 0.2492019000D+01 0.1982100000D+01 0.4577100000D+01 0.5977000000D+00-0.1790000000D-01-0.4000000000D-04 0.1249980000D+02 0.1131000000D-01 0.3900000000D-04 0.5400000000D-02 0.6162532000D+01 0.2805000000D+00 0.4690100000D+01 0.4273700000D+01
2 5020090705200908052455017.4 0.5300000000D-02 0.2000000000D-04 0.4083800000D+01 0.3280000000D-02 0.8500000000D-04 0.1500000000D-02 0.4369524000D+01 0.4774800000D+01 0.3340000000D+00 0.4559700000D+01-0.1790000000D-01-0.4000000000D-04 0.1282500000D+02 0.1079000000D-01 0.6300000000D-04 0.6100000000D-02 0.1771984000D+01 0.1959700000D+01 0.5789200000D+01 0.2063700000D+01
2 5120090805200909052455048.4 0.5400000000D-02 0.2000000000D-04 0.4127400000D+01 0.5540000000D-02 0.6100000000D-04 0.2300000000D-02 0.6279165000D+01 0.1642000000D+01 0.2551700000D+01 0.1987400000D+01-0.1830000000D-01-0.4000000000D-04 0.1311330000D+02 0.7880000000D-02 0.1020000000D-03 0.7200000000D-02 0.3657893000D+01 0.3565700000D+01 0.1085300000D+01 0.5488400000D+01
2 5220090905200910062455079.4 0.5200000000D-02 0.2000000000D-04 0.4071000000D+01 0.8510000000D-02 0.3300000000D-04 0.1700000000D-02 0.1930644000D+01 0.3900900000D+01 0.5480700000D+01 0.5691100000D+01-0.1770000000D-01-0.7000000000D-04 0.1327480000D+02 0.4670000000D-02 0.1050000000D-03 0.5600000000D-02 0.5537223000D+01 0.4497100000D+01 0.2570200000D+01 0.3110300000D+01
2 5320091006200911062455110.4 0.5700000000D-02-0.1000000000D-04 0.3947300000D+01 0.8600000000D-02 0.6200000000D-04 0.1800000000D-02 0.3873467000D+01 0.6021500000D+01 0.2314300000D+01 0.3292100000D+01-0.1880000000D-01 0.2000000000D-04 0.1324960000D+02 0.6900000000D-02 0.8700000000D-04 0.6100000000D-02 0.1128109000D+01 0.5204000000D+01 0.4142500000D+01 0.5584000000D+00
2 5420091106200912072455141.4 0.5600000000D-02 0.0000000000D+00 0.3807000000D+01 0.5600000000D-02 0.9000000000D-04 0.1900000000D-02 0.5800885000D+01 0.2001900000D+01 0.4501600000D+01 0.8418000000D+00-0.1930000000D-01 0.5000000000D-04 0.1304280000D+02 0.1045000000D-01 0.4100000000D-04 0.6500000000D-02 0.3000403000D+01 0.3395000000D+00 0.5512400000D+01 0.4335100000D+01
2 5520091207201001072455172.4 0.5100000000D-02 0.1000000000D-04 0.3693300000D+01 0.3580000000D-02 0.8500000000D-04 0.1900000000D-02 0.1408724000D+01 0.5145200000D+01 0.2774000000D+00 0.4628100000D+01-0.1740000000D-01-0.3000000000D-04 0.1272620000D+02 0.1177000000D-01 0.4500000000D-04 0.6700000000D-02 0.4875261000D+01 0.2000900000D+01 0.5876000000D+01 0.1779600000D+01
3 5620081231200901272454831.4-0.3100000000D-02 0.8000000000D-04 0.4789700000D+01 0.9370000000D-02 0.8600000000D-04 0.8900000000D-02 0.1132122000D+01 0.5584700000D+01 0.6223000000D+01 0.5425900000D+01 0.2000000000D-02-0.4200000000D-03 0.1731330000D+02 0.1407000000D-01 0.9200000000D-04 0.3200000000D-01 0.4371384000D+01 0.1236800000D+01 0.5030600000D+01 0.2414000000D+01
3 5720090127200902232454858.4 0.8000000000D-03 0.4000000000D-04 0.4757700000D+01 0.1319000000D-01 0.6000000000D-04 0.9100000000D-02 0.4306687000D+01 0.2754400000D+01 0.3332300000D+01 0.5370400000D+01-0.1520000000D-01-0.5700000000D-03 0.1698750000D+02 0.1037000000D-01 0.9100000000D-04 0.3200000000D-01 0.1328527000D+01 0.4124600000D+01 0.1530400000D+01 0.2423800000D+01
3 5820090223200903222454885.4 0.6000000000D-03-0.3200000000D-03 0.4804400000D+01 0.1574000000D-01 0.3000000000D-04 0.1040000000D-01 0.1180592000D+01 0.6114900000D+01 0.1166200000D+01 0.5552400000D+01-0.2770000000D-01 0.7100000000D-03 0.1678980000D+02 0.6530000000D-02 0.1040000000D-03 0.3570000000D-01 0.4573531000D+01 0.5204000000D+00 0.4864300000D+01 0.2703500000D+01
3 5920090322200904182454912.4-0.9400000000D-02 0.5000000000D-04 0.4936500000D+01 0.1644000000D-01 0.4100000000D-04 0.9600000000D-02 0.4334944000D+01 0.3169900000D+01 0.5528800000D+01 0.5794900000D+01-0.3500000000D-02-0.1500000000D-03 0.1675390000D+02 0.6160000000D-02 0.1010000000D-03 0.3240000000D-01 0.1538322000D+01 0.2782500000D+01 0.1781000000D+01 0.3035000000D+01
3 6020090418200905152454939.4-0.6400000000D-02 0.1000000000D-03 0.5136900000D+01 0.1500000000D-01 0.6400000000D-04 0.9400000000D-02 0.1215874000D+01 0.2208000000D+00 0.2741000000D+01 0.5737600000D+01-0.1210000000D-01-0.8300000000D-03 0.1687930000D+02 0.1008000000D-01 0.1050000000D-03 0.3110000000D-01 0.4786534000D+01 0.5566800000D+01 0.4417000000D+01 0.3064600000D+01
3 6120090515200906112454966.4-0.4700000000D-02-0.2900000000D-03 0.5366600000D+01 0.1227000000D-01 0.9900000000D-04 0.1130000000D-01 0.4399809000D+01 0.3604100000D+01 0.6263200000D+01 0.5906400000D+01-0.3480000000D-01 0.6200000000D-03 0.1714390000D+02 0.1293000000D-01 0.7200000000D-04 0.3560000000D-01 0.1751343000D+01 0.2203600000D+01 0.1287600000D+01 0.3285100000D+01
3 6220090611200907082454993.4-0.1430000000D-01 0.4000000000D-04 0.5579900000D+01 0.7800000000D-02 0.1060000000D-03 0.1110000000D-01 0.1324624000D+01 0.8859000000D+00 0.3475900000D+01 0.6242900000D+01-0.1360000000D-01 0.3000000000D-03 0.1750290000D+02 0.1541000000D-01 0.8400000000D-04 0.3540000000D-01 0.4996824000D+01 0.5288400000D+01 0.3359500000D+01 0.3629400000D+01
3 6320090708200908042455020.4-0.1110000000D-01 0.2400000000D-03 0.5727600000D+01 0.4340000000D-02 0.1240000000D-03 0.1000000000D-01 0.4558877000D+01 0.4983600000D+01 0.5513000000D+00 0.5100000000D-02-0.1040000000D-01-0.8900000000D-03 0.1789840000D+02 0.1478000000D-01 0.8300000000D-04 0.3190000000D-01 0.1955498000D+01 0.1957300000D+01 0.5654100000D+01 0.3677800000D+01
3 6420090804200908312455047.4-0.4400000000D-02-0.1700000000D-03 0.5776500000D+01 0.6840000000D-02 0.1080000000D-03 0.1150000000D-01 0.1534178000D+01 0.3108500000D+01 0.3985700000D+01 0.1746000000D+00-0.3810000000D-01 0.4100000000D-03 0.1824590000D+02 0.1189000000D-01 0.1180000000D-03 0.3650000000D-01 0.5192272000D+01 0.4869000000D+01 0.2053700000D+01 0.3832500000D+01
3 6520090831200909272455074.4-0.1080000000D-01 0.0000000000D+00 0.5720800000D+01 0.1139000000D-01 0.4900000000D-04 0.1120000000D-01 0.4812877000D+01 0.4585000000D+00 0.1790700000D+01 0.5853000000D+00-0.2020000000D-01 0.6000000000D-03 0.1846030000D+02 0.6880000000D-02 0.1610000000D-03 0.3710000000D-01 0.2141416000D+01 0.1391000000D+01 0.5608900000D+01 0.4168900000D+01
3 6620090927200910242455101.4-0.9700000000D-02 0.3500000000D-03 0.5586100000D+01 0.1237000000D-01 0.5900000000D-04 0.9600000000D-02 0.1818693000D+01 0.3923800000D+01 0.1038000000D+00 0.7033000000D+00-0.5300000000D-02-0.9200000000D-03 0.1848580000D+02 0.7650000000D-02 0.1290000000D-03 0.3210000000D-01 0.5370923000D+01 0.3361100000D+01 0.2222600000D+01 0.4252200000D+01
3 6720091024200911202455128.4 0.0000000000D+00-0.5000000000D-04 0.5415600000D+01 0.1021000000D-01 0.1150000000D-03 0.1040000000D-01 0.5101775000D+01 0.1087900000D+01 0.3715900000D+01 0.8640000000D+00-0.3290000000D-01 0.4000000000D-04 0.1830410000D+02 0.1173000000D-01 0.8600000000D-04 0.3540000000D-01 0.2315802000D+01 0.5969400000D+01 0.5345900000D+01 0.4346700000D+01
3 6820091120200912172455155.4-0.3500000000D-02-0.1600000000D-03 0.5256400000D+01 0.5740000000D-02 0.1260000000D-03 0.1070000000D-01 0.2081518000D+01 0.4888000000D+01 0.8425000000D+00 0.1206400000D+01-0.2550000000D-01 0.8000000000D-03 0.1797070000D+02 0.1540000000D-01 0.4900000000D-04 0.3690000000D-01 0.5546091000D+01 0.2687200000D+01 0.1127400000D+01 0.4678300000D+01
3 6920091217201001132455182.4-0.7600000000D-02 0.2100000000D-03 0.5140800000D+01 0.5820000000D-02 0.1030000000D-03 0.9200000000D-02 0.5313066000D+01 0.3169600000D+01 0.4253300000D+01 0.1319000000D+01-0.4100000000D-02-0.6700000000D-03 0.1756690000D+02 0.1621000000D-01 0.1080000000D-03 0.3100000000D-01 0.2496675000D+01 0.5789500000D+01 0.3346500000D+01 0.4808900000D+01
3 7020100113201002092455209.4-0.3000000000D-03-0.8000000000D-04 0.5095700000D+01 0.1009000000D-01 0.7900000000D-04 0.9900000000D-02 0.2229263000D+01 0.6639000000D+00 0.1318400000D+01 0.1330300000D+01-0.2880000000D-01-0.2200000000D-03 0.1718370000D+02 0.1290000000D-01 0.1070000000D-03 0.3260000000D-01 0.5734343000D+01 0.2518600000D+01 0.4090000000D-01 0.4864700000D+01
4 7120081231200901172454831.2-0.2240000000D-01-0.3000000000D-04 0.7820700000D+01 0.1382000000D-01 0.1510000000D-03 0.1090000000D-01 0.4658753000D+01 0.2803600000D+01 0.3485100000D+01 0.2175200000D+01 0.9070000000D-01 0.2300000000D-03 0.2841040000D+02 0.2330000000D-01 0.1340000000D-03 0.3910000000D-01 0.1623361000D+01 0.4552600000D+01 0.2400400000D+01 0.5441000000D+01
4 7220090117200902032454848.2-0.1660000000D-01 0.5500000000D-03 0.7778700000D+01 0.1989000000D-01 0.6800000000D-04 0.8100000000D-02 0.4326992000D+01 0.2672700000D+01 0.4301000000D+01 0.1812900000D+01 0.6890000000D-01-0.1410000000D-02 0.2806100000D+02 0.2089000000D-01 0.4290000000D-03 0.2880000000D-01 0.1329510000D+01 0.4319300000D+01 0.2461400000D+01 0.5133500000D+01
4 7320090203200902202454865.2-0.1150000000D-01 0.0000000000D+00 0.7782500000D+01 0.1930000000D-01 0.2880000000D-03 0.8000000000D-02 0.3984535000D+01 0.2456900000D+01 0.2919300000D+01 0.1099700000D+01 0.6150000000D-01-0.4400000000D-03 0.2777150000D+02 0.2530000000D-01 0.7550000000D-03 0.2840000000D-01 0.1036399000D+01 0.3298500000D+01 0.6247800000D+01 0.4462500000D+01
4 7420090220200903092454882.2-0.3600000000D-02-0.1000000000D-03 0.7841100000D+01 0.2477000000D-01 0.8300000000D-04 0.5900000000D-02 0.3637530000D+01 0.2258000000D+01 0.3740600000D+01 0.6460000000D+00 0.2990000000D-01 0.4600000000D-03 0.2758170000D+02 0.1323000000D-01 0.2480000000D-03 0.2040000000D-01 0.7457290000D+00 0.3050200000D+01 0.1353000000D+01 0.4068800000D+01
4 7520090309200903262454899.2-0.1230000000D-01 0.3100000000D-03 0.7951600000D+01 0.2569000000D-01 0.3000000000D-05 0.4600000000D-02 0.3287101000D+01 0.2084300000D+01 0.3311500000D+01 0.5605500000D+01 0.5510000000D-01-0.1300000000D-02 0.2748250000D+02 0.1200000000D-01 0.5400000000D-04 0.1590000000D-01 0.4546990000D+00 0.1981700000D+01 0.1490400000D+01 0.2792200000D+01
4 7620090326200904122454916.2 0.0000000000D+00-0.1540000000D-02 0.8131800000D+01 0.2605000000D-01 0.1790000000D-03 0.6700000000D-02 0.2940267000D+01 0.1714800000D+01 0.3362800000D+01 0.4999200000D+01 0.1400000000D-01 0.5330000000D-02 0.2754380000D+02 0.1185000000D-01 0.6860000000D-03 0.2180000000D-01 0.1654010000D+00 0.2122700000D+01 0.8400000000D-01 0.2249000000D+01
4 7720090412200904292454933.2-0.2070000000D-01 0.1800000000D-03 0.8329300000D+01 0.2488000000D-01 0.9400000000D-04 0.7700000000D-02 0.2595639000D+01 0.1593800000D+01 0.4156700000D+01 0.4068800000D+01 0.7920000000D-01-0.3800000000D-03 0.2762870000D+02 0.1612000000D-01 0.1060000000D-03 0.2510000000D-01 0.6157961000D+01 0.6620000000D+00 0.6783000000D+00 0.1374000000D+01
4 7820090429200905162454950.2-0.2170000000D-01-0.1600000000D-03 0.8564300000D+01 0.2185000000D-01 0.7100000000D-04 0.1140000000D-01 0.2258350000D+01 0.1389700000D+01 0.3882700000D+01 0.3696000000D+01 0.9950000000D-01 0.7400000000D-03 0.2785210000D+02 0.2059000000D-01 0.2640000000D-03 0.3670000000D-01 0.5866707000D+01 0.3690000000D+00 0.5146600000D+01 0.1043500000D+01
4 7920090516200906022454967.2-0.1850000000D-01 0.3900000000D-03 0.8811200000D+01 0.2219000000D-01 0.3330000000D-03 0.1080000000D-01 0.1932865000D+01 0.1004000000D+01 0.3557800000D+01 0.3356100000D+01 0.8250000000D-01 0.1000000000D-02 0.2818040000D+02 0.1370000000D-01 0.7160000000D-03 0.3450000000D-01 0.5577916000D+01 0.5315700000D+01 0.2402000000D+00 0.7059000000D+00
4 8020090602200906192454984.2-0.1530000000D-01 0.1900000000D-03 0.9035000000D+01 0.1484000000D-01 0.1580000000D-03 0.1230000000D-01 0.1611906000D+01 0.1043500000D+01 0.3560200000D+01 0.2745000000D+01 0.1083000000D+00-0.1630000000D-02 0.2851120000D+02 0.2572000000D-01 0.3180000000D-03 0.3810000000D-01 0.5282899000D+01 0.5786600000D+01 0.4084100000D+01 0.1315000000D+00
4 8120090619200907062455001.2-0.1400000000D-02 0.1000000000D-04 0.9229200000D+01 0.1071000000D-01 0.1640000000D-03 0.1000000000D-01 0.1303067000D+01 0.1073400000D+01 0.3586800000D+01 0.2511700000D+01 0.5410000000D-01 0.2900000000D-03 0.2891440000D+02 0.2561000000D-01 0.1810000000D-03 0.3140000000D-01 0.4989018000D+01 0.5244300000D+01 0.3239100000D+01 0.6211100000D+01
4 8220090706200907232455018.2-0.3800000000D-02 0.6000000000D-04 0.9372800000D+01 0.7660000000D-02 0.4040000000D-03 0.6800000000D-02 0.1006610000D+01 0.7856000000D+00 0.3018900000D+01 0.1762200000D+01 0.5690000000D-01-0.1320000000D-02 0.2932580000D+02 0.2828000000D-01 0.6430000000D-03 0.2180000000D-01 0.4695322000D+01 0.4240000000D+01 0.3146000000D+00 0.5449100000D+01
4 8320090723200908092455035.2 0.4500000000D-02-0.1010000000D-02 0.9448300000D+01 0.1077000000D-01 0.2120000000D-03 0.7200000000D-02 0.7162600000D+00 0.1894800000D+01 0.3856300000D+01 0.1236600000D+01 0.2850000000D-01 0.2000000000D-02 0.2969960000D+02 0.2414000000D-01 0.5460000000D-03 0.2190000000D-01 0.4395595000D+01 0.4576400000D+01 0.2284900000D+01 0.4868400000D+01
4 8420090809200908262455052.2-0.1380000000D-01 0.3100000000D-03 0.9464200000D+01 0.1330000000D-01 0.1280000000D-03 0.5400000000D-02 0.4371100000D+00 0.2180800000D+01 0.2746200000D+01 0.2350000000D-01 0.5830000000D-01-0.7600000000D-03 0.3003040000D+02 0.1590000000D-01 0.1960000000D-03 0.1710000000D-01 0.4096387000D+01 0.3936100000D+01 0.1761600000D+01 0.3666400000D+01
4 8520090826200909122455069.2-0.1130000000D-01-0.1090000000D-02 0.9398100000D+01 0.1405000000D-01 0.3030000000D-03 0.9100000000D-02 0.1668130000D+00 0.2014400000D+01 0.2556700000D+01 0.5722000000D+01 0.6230000000D-01 0.3010000000D-02 0.3025160000D+02 0.2148000000D-01 0.7660000000D-03 0.2960000000D-01 0.3796918000D+01 0.2851200000D+01 0.6037500000D+01 0.3065800000D+01
4 8620090912200909292455086.2-0.2020000000D-01-0.1000000000D-04 0.9282500000D+01 0.2234000000D-01 0.1950000000D-03 0.8700000000D-02 0.6182645000D+01 0.1853300000D+01 0.4258500000D+01 0.5209200000D+01 0.8090000000D-01 0.7500000000D-03 0.3035400000D+02 0.1770000000D-02 0.6230000000D-03 0.2890000000D-01 0.3493875000D+01 0.4102100000D+01 0.1677500000D+01 0.2507800000D+01
4 8720090929200910162455103.2-0.2600000000D-01 0.4000000000D-04 0.9127000000D+01 0.2046000000D-01 0.5100000000D-04 0.1170000000D-01 0.5919177000D+01 0.1738900000D+01 0.3809400000D+01 0.4728600000D+01 0.1170000000D+00-0.5100000000D-03 0.3032820000D+02 0.1180000000D-01 0.2360000000D-03 0.3950000000D-01 0.3192439000D+01 0.9708000000D+00 0.5585000000D+01 0.1987100000D+01
4 8820091016200911022455120.2-0.1420000000D-01-0.3100000000D-03 0.8944000000D+01 0.1925000000D-01 0.1950000000D-03 0.1160000000D-01 0.5652215000D+01 0.1469400000D+01 0.3856000000D+01 0.4524300000D+01 0.7990000000D-01 0.1480000000D-02 0.3013790000D+02 0.1050000000D-01 0.4420000000D-03 0.3920000000D-01 0.2890052000D+01 0.3505000000D+00 0.5993300000D+01 0.1736300000D+01
4 8920091102200911192455137.2-0.2380000000D-01 0.1060000000D-02 0.8772700000D+01 0.1500000000D-01 0.2510000000D-03 0.9600000000D-02 0.5381310000D+01 0.1425200000D+01 0.3993000000D+01 0.3883800000D+01 0.1201000000D+00-0.4650000000D-02 0.2989300000D+02 0.2382000000D-01 0.5700000000D-04 0.3250000000D-01 0.2590069000D+01 0.6038100000D+01 0.2254700000D+01 0.1098400000D+01
4 9020091119200912062455154.2-0.6000000000D-02-0.1100000000D-03 0.8610100000D+01 0.9950000000D-02 0.1740000000D-03 0.9200000000D-02 0.5098249000D+01 0.1495400000D+01 0.3903400000D+01 0.3632600000D+01 0.5330000000D-01 0.2200000000D-03 0.2951150000D+02 0.2411000000D-01 0.2230000000D-03 0.3160000000D-01 0.2289192000D+01 0.5620300000D+01 0.4084100000D+01 0.8197000000D+00
4 9120091206200912232455171.2-0.5800000000D-02 0.1900000000D-03 0.8478000000D+01 0.7060000000D-02 0.2360000000D-03 0.5000000000D-02 0.4802598000D+01 0.1811500000D+01 0.3631900000D+01 0.2971700000D+01 0.3760000000D-01-0.6100000000D-03 0.2909920000D+02 0.2635000000D-01 0.9700000000D-04 0.1720000000D-01 0.1989566000D+01 0.5007700000D+01 0.1479100000D+01 0.1569000000D+00
4 9220091223201001092455188.2-0.3600000000D-02-0.8400000000D-03 0.8388200000D+01 0.1096000000D-01 0.1600000000D-03 0.6400000000D-02 0.4496501000D+01 0.2507000000D+01 0.3667800000D+01 0.1916800000D+01 0.4100000000D-01 0.1260000000D-02 0.2868610000D+02 0.2680000000D-01 0.4140000000D-03 0.2150000000D-01 0.1694850000D+01 0.5044300000D+01 0.2891800000D+01 0.5382400000D+01
4 9320100109201001262455205.2-0.1330000000D-01 0.1000000000D-03 0.8343300000D+01 0.1436000000D-01 0.1070000000D-03 0.4900000000D-02 0.4175401000D+01 0.2562400000D+01 0.3398300000D+01 0.1091500000D+01 0.4800000000D-01 0.4100000000D-03 0.2828530000D+02 0.2326000000D-01 0.2610000000D-03 0.1650000000D-01 0.1398247000D+01 0.4317300000D+01 0.2277400000D+01 0.4548300000D+01
4 9420100126201002122455222.2-0.2200000000D-01-0.8000000000D-04 0.8361100000D+01 0.1715000000D-01 0.1770000000D-03 0.9100000000D-02 0.3844424000D+01 0.2428900000D+01 0.2911600000D+01 0.3274000000D+00 0.8970000000D-01 0.7000000000D-04 0.2794570000D+02 0.2091000000D-01 0.2030000000D-03 0.3030000000D-01 0.1104222000D+01 0.3649900000D+01 0.4752000000D+00 0.3886700000D+01
5 9520081231200901222454831.4 0.1360000000D-01-0.1500000000D-03 0.1038270000D+02 0.1874000000D-01 0.2250000000D-03 0.4300000000D-02 0.3454053000D+01 0.1601400000D+01 0.2204600000D+01 0.1822600000D+01-0.4380000000D-01 0.4900000000D-03 0.3801340000D+02 0.3043000000D-01 0.1010000000D-03 0.1560000000D-01 0.4112490000D+00 0.3362700000D+01 0.6164000000D+00 0.5075900000D+01
5 9620090122200902132454853.4 0.1600000000D-02-0.3000000000D-03 0.1031300000D+02 0.2686000000D-01 0.1420000000D-03 0.1300000000D-02 0.1108081000D+01 0.5813500000D+01 0.6266800000D+01 0.1219900000D+01-0.7000000000D-02 0.1680000000D-02 0.3740070000D+02 0.2261000000D-01 0.8600000000D-04 0.4400000000D-02 0.4400484000D+01 0.8666000000D+00 0.4877800000D+01 0.4548300000D+01
5 9720090213200903072454875.4-0.9000000000D-02 0.5000000000D-04 0.1035960000D+02 0.3250000000D-01 0.8400000000D-04 0.6200000000D-02 0.5030583000D+01 0.3616900000D+01 0.4467100000D+01 0.3153400000D+01 0.4730000000D-01-0.1700000000D-03 0.3698340000D+02 0.1628000000D-01 0.1630000000D-03 0.2210000000D-01 0.2108640000D+01 0.4537400000D+01 0.2677700000D+01 0.2610000000D+00
5 9820090307200903292454897.4 0.7000000000D-03 0.3000000000D-04 0.1054030000D+02 0.3519000000D-01 0.1230000000D-03 0.9500000000D-02 0.2663503000D+01 0.1353700000D+01 0.2993700000D+01 0.5202900000D+01 0.1610000000D-01 0.1540000000D-02 0.3683400000D+02 0.1514000000D-01 0.5150000000D-03 0.3320000000D-01 0.6101329000D+01 0.2186600000D+01 0.1867000000D+00 0.2397100000D+01
5 9920090329200904202454919.4 0.3100000000D-02 0.1030000000D-02 0.1082510000D+02 0.3264000000D-01 0.1100000000D-03 0.1080000000D-01 0.2963690000D+00 0.5444000000D+01 0.3966000000D+00 0.1004700000D+01 0.4590000000D-01-0.4370000000D-02 0.3686830000D+02 0.2201000000D-01 0.7190000000D-03 0.3720000000D-01 0.3809661000D+01 0.5516600000D+01 0.3473200000D+01 0.4555300000D+01
510020090420200905122454941.4 0.1450000000D-01 0.8800000000D-03 0.1118530000D+02 0.3263000000D-01 0.1200000000D-03 0.9400000000D-02 0.4222330000D+01 0.3334600000D+01 0.6800000000D+00 0.3006500000D+01-0.2160000000D-01-0.1750000000D-02 0.3708950000D+02 0.2909000000D-01 0.3910000000D-03 0.3030000000D-01 0.1518907000D+01 0.2393900000D+01 0.2108000000D+00 0.3836000000D+00
510120090512200906032454963.4 0.4190000000D-01-0.1990000000D-02 0.1159290000D+02 0.3284000000D-01 0.4000000000D-03 0.7400000000D-02 0.1879388000D+01 0.1093100000D+01 0.4212300000D+01 0.5035400000D+01-0.7250000000D-01 0.3140000000D-02 0.3753910000D+02 0.3436000000D-01 0.3680000000D-03 0.2240000000D-01 0.5512066000D+01 0.5681500000D+01 0.1881100000D+01 0.2331000000D+01
510220090603200906252454985.4 0.8000000000D-03 0.8600000000D-03 0.1201430000D+02 0.2467000000D-01 0.5550000000D-03 0.2300000000D-02 0.5834064000D+01 0.4970900000D+01 0.1375900000D+01 0.9023000000D+00-0.7800000000D-02-0.1060000000D-02 0.3822240000D+02 0.2581000000D-01 0.7030000000D-03 0.9200000000D-02 0.3218645000D+01 0.2957300000D+01 0.4524000000D+01 0.4460200000D+01
510320090625200907172455007.4 0.1350000000D-01-0.1340000000D-02 0.1234150000D+02 0.1017000000D-01 0.4240000000D-03 0.3700000000D-02 0.3520830000D+01 0.2878200000D+01 0.5083200000D+01 0.2135000000D+00-0.3400000000D-01 0.5610000000D-02 0.3895320000D+02 0.1801000000D-01 0.6940000000D-03 0.1140000000D-01 0.9216940000D+00 0.6609000000D+00 0.1465400000D+01 0.3806700000D+01
510420090717200908082455029.4-0.1160000000D-01 0.8400000000D-03 0.1252400000D+02 0.7990000000D-02 0.2360000000D-03 0.8500000000D-02 0.1225338000D+01 0.2359300000D+01 0.3176200000D+01 0.2235800000D+01 0.8130000000D-01-0.2720000000D-02 0.3959690000D+02 0.2310000000D-01 0.2520000000D-03 0.2700000000D-01 0.4905394000D+01 0.4898200000D+01 0.4223200000D+01 0.5905100000D+01
510520090808200908302455051.4 0.8000000000D-02 0.2000000000D-03 0.1255150000D+02 0.1662000000D-01 0.2070000000D-03 0.1200000000D-01 0.5230535000D+01 0.6071000000D+00 0.1598600000D+01 0.4414200000D+01 0.3910000000D-01-0.6900000000D-03 0.4015050000D+02 0.2545000000D-01 0.3690000000D-03 0.3830000000D-01 0.2604589000D+01 0.2294000000D+01 0.6154200000D+01 0.1751100000D+01
510620090830200909212455073.4 0.1840000000D-01 0.4100000000D-03 0.1243220000D+02 0.2366000000D-01 0.1690000000D-03 0.1200000000D-01 0.2965679000D+01 0.4838900000D+01 0.6081900000D+01 0.3599000000D+00-0.3200000000D-02-0.1630000000D-02 0.4051000000D+02 0.1917000000D-01 0.4430000000D-03 0.3990000000D-01 0.3009380000D+00 0.5853000000D+01 0.3574400000D+01 0.3952800000D+01
510720090921200910132455095.4 0.2100000000D-01 0.3800000000D-03 0.1221540000D+02 0.2839000000D-01 0.8000000000D-04 0.9200000000D-02 0.7081970000D+00 0.2812100000D+01 0.5603900000D+01 0.2518400000D+01-0.3550000000D-01-0.1720000000D-02 0.4062700000D+02 0.1287000000D-01 0.1400000000D-03 0.2990000000D-01 0.4278128000D+01 0.2190300000D+01 0.1398700000D+01 0.6077400000D+01
510820091013200911042455117.4 0.3160000000D-01-0.1560000000D-02 0.1192140000D+02 0.3049000000D-01 0.3680000000D-03 0.4900000000D-02 0.4732646000D+01 0.6363000000D+00 0.3670100000D+01 0.4676100000D+01-0.7980000000D-01 0.4110000000D-02 0.4042760000D+02 0.2499000000D-01 0.4690000000D-03 0.1650000000D-01 0.1971396000D+01 0.5084600000D+01 0.8767000000D+00 0.1817200000D+01
510920091104200911262455139.4-0.4800000000D-02 0.4900000000D-03 0.1159900000D+02 0.2398000000D-01 0.5140000000D-03 0.1200000000D-02 0.2465027000D+01 0.4632900000D+01 0.1101200000D+01 0.4147400000D+01 0.2690000000D-01-0.1780000000D-02 0.3987500000D+02 0.2694000000D-01 0.8380000000D-03 0.2800000000D-02 0.5949264000D+01 0.2259800000D+01 0.4214100000D+01 0.1404200000D+01
511020091126200912182455161.4 0.9500000000D-02-0.1280000000D-02 0.1132030000D+02 0.8450000000D-02 0.4000000000D-03 0.5800000000D-02 0.1833170000D+00 0.2620700000D+01 0.4713800000D+01 0.6163100000D+01-0.3220000000D-01 0.6340000000D-02 0.3917620000D+02 0.1557000000D-01 0.8330000000D-03 0.2060000000D-01 0.3649045000D+01 0.1499000000D+00 0.9195000000D+00 0.3298400000D+01
511120091218201001092455183.4-0.1630000000D-01 0.1250000000D-02 0.1113890000D+02 0.1094000000D-01 0.1570000000D-03 0.8700000000D-02 0.4163076000D+01 0.2233300000D+01 0.2592900000D+01 0.1855300000D+01 0.9720000000D-01-0.5060000000D-02 0.3847970000D+02 0.2086000000D-01 0.6680000000D-03 0.3060000000D-01 0.1351707000D+01 0.4774200000D+01 0.3815900000D+01 0.5347000000D+01
511220100109201001312455205.4 0.1900000000D-02 0.8200000000D-03 0.1107340000D+02 0.2087000000D-01 0.1880000000D-03 0.1070000000D-01 0.1836691000D+01 0.1479000000D+00 0.1482100000D+01 0.3906500000D+01 0.2250000000D-01-0.1220000000D-02 0.3786430000D+02 0.3271000000D-01 0.6120000000D-03 0.3690000000D-01 0.5338318000D+01 0.2270100000D+01 0.1746000000D+00 0.1149800000D+01
