 4 2   2  56 19.7027 4.9788  7.0  7.0  109 2452274.5000 2002                                                                                                                                                                                                                                                                                                                     
1  220011231200201072452274.4-0.1433000000D+00 0.1410000000D-02 0.8276000000D+01 0.1129400000D+00 0.7190000000D-03 0.6160000000D-01 0.1445139000D+01 0.5634500000D+01 0.3847300000D+01-0.4319900000D+01 0.1620000000D-01-0.2200000000D-03 0.4481700000D+01 0.2926000000D-01 0.5840000000D-03 0.3430000000D-01 0.4288280000D+00 0.5656100000D+01 0.4382100000D+01-0.5313000000D+01
1  320020107200201142452281.4-0.1341000000D+00 0.1390000000D-02 0.7885500000D+01 0.1100600000D+00 0.6060000000D-03 0.5830000000D-01 0.1050136000D+01 0.5238100000D+01 0.3373200000D+01-0.5085800000D+01 0.1440000000D-01-0.1400000000D-03 0.4567200000D+01 0.3239000000D-01 0.5010000000D-03 0.3480000000D-01 0.7444500000D-01 0.5103500000D+01 0.3851700000D+01-0.6050800000D+01
1  420020114200201212452288.4-0.1250000000D+00 0.1330000000D-02 0.7510400000D+01 0.1075600000D+00 0.5860000000D-03 0.5520000000D-01 0.6533980000D+00 0.4849300000D+01 0.2792900000D+01-0.5865500000D+01 0.1320000000D-01-0.8000000000D-04 0.4623300000D+01 0.3547000000D-01 0.4560000000D-03 0.3520000000D-01 0.5997109000D+01 0.4600800000D+01 0.3237300000D+01-0.5105000000D+00
1  520020121200201282452295.4-0.1161000000D+00 0.1270000000D-02 0.7152400000D+01 0.1046800000D+00 0.6420000000D-03 0.5290000000D-01 0.2544160000D+00 0.4467200000D+01 0.2324300000D+01-0.3642000000D+00 0.1230000000D-01-0.5000000000D-04 0.4652100000D+01 0.3788000000D-01 0.4630000000D-03 0.3550000000D-01 0.5631677000D+01 0.4126800000D+01 0.2677200000D+01-0.1248600000D+01
1  620020128200202042452302.4-0.1076000000D+00 0.1190000000D-02 0.6814200000D+01 0.1011800000D+00 0.6630000000D-03 0.5070000000D-01 0.6135988000D+01 0.4085500000D+01 0.2020800000D+01-0.1134500000D+01 0.1190000000D-01-0.6000000000D-04 0.4655800000D+01 0.3959000000D-01 0.4550000000D-03 0.3520000000D-01 0.5262462000D+01 0.3661400000D+01 0.2257300000D+01-0.1989200000D+01
1  720020204200202112452309.4-0.9920000000D-01 0.1060000000D-02 0.6498100000D+01 0.9762000000D-01 0.5880000000D-03 0.4810000000D-01 0.5731565000D+01 0.3698700000D+01 0.1778600000D+01-0.1909100000D+01 0.1160000000D-01-0.1100000000D-03 0.4636300000D+01 0.4107000000D-01 0.3900000000D-03 0.3480000000D-01 0.4890491000D+01 0.3200300000D+01 0.1867200000D+01-0.2742200000D+01
1  820020211200202182452316.4-0.9110000000D-01 0.9200000000D-03 0.6205100000D+01 0.9475000000D-01 0.4640000000D-03 0.4570000000D-01 0.5324315000D+01 0.3309100000D+01 0.1460700000D+01-0.2700100000D+01 0.1140000000D-01-0.1200000000D-03 0.4594500000D+01 0.4250000000D-01 0.3190000000D-03 0.3460000000D-01 0.4516535000D+01 0.2753600000D+01 0.1317800000D+01-0.3496000000D+01
1  920020218200202252452323.4-0.8360000000D-01 0.8900000000D-03 0.5935500000D+01 0.9272000000D-01 0.3870000000D-03 0.4400000000D-01 0.4914258000D+01 0.2923700000D+01 0.9359000000D+00-0.3491500000D+01 0.1100000000D-01-0.4000000000D-04 0.4532200000D+01 0.4355000000D-01 0.3260000000D-03 0.3420000000D-01 0.4141113000D+01 0.2324800000D+01 0.6301000000D+00-0.4242800000D+01
1 1020020225200203042452330.4-0.7670000000D-01 0.1000000000D-02 0.5688700000D+01 0.9096000000D-01 0.4300000000D-03 0.4250000000D-01 0.4501227000D+01 0.2546600000D+01 0.4067000000D+00-0.4274600000D+01 0.1060000000D-01 0.7000000000D-04 0.4451500000D+01 0.4376000000D-01 0.3920000000D-03 0.3340000000D-01 0.3764586000D+01 0.1904000000D+01 0.1370000000D+00-0.4988900000D+01
1 1120020304200203112452337.4-0.7000000000D-01 0.1150000000D-02 0.5465800000D+01 0.8872000000D-01 0.5060000000D-03 0.4070000000D-01 0.4084873000D+01 0.2173300000D+01 0.1158000000D+00-0.5061200000D+01 0.1050000000D-01 0.1300000000D-03 0.4355200000D+01 0.4323000000D-01 0.4120000000D-03 0.3250000000D-01 0.3387446000D+01 0.1475000000D+01 0.6082900000D+01-0.5743100000D+01
1 1220020311200203182452344.4-0.6310000000D-01 0.1200000000D-02 0.5269700000D+01 0.8605000000D-01 0.5110000000D-03 0.3910000000D-01 0.3665207000D+01 0.1794000000D+01 0.6215600000D+01-0.5861900000D+01 0.1060000000D-01 0.9000000000D-04 0.4245100000D+01 0.4263000000D-01 0.3620000000D-03 0.3170000000D-01 0.3010469000D+01 0.1034700000D+01 0.5684900000D+01-0.2150000000D+00
1 1320020318200203252452351.4-0.5590000000D-01 0.1070000000D-02 0.5101900000D+01 0.8375000000D-01 0.4350000000D-03 0.3820000000D-01 0.3242946000D+01 0.1405700000D+01 0.5966600000D+01-0.3812000000D+00 0.1090000000D-01-0.3000000000D-04 0.4121500000D+01 0.4222000000D-01 0.3190000000D-03 0.3090000000D-01 0.2634398000D+01 0.5957000000D+00 0.5071300000D+01-0.9617000000D+00
1 1420020325200204012452358.4-0.4860000000D-01 0.8600000000D-03 0.4960800000D+01 0.8222000000D-01 0.3530000000D-03 0.3740000000D-01 0.2818934000D+01 0.1016500000D+01 0.5509000000D+01-0.1176300000D+01 0.1090000000D-01-0.1600000000D-03 0.3984200000D+01 0.4153000000D-01 0.3520000000D-03 0.2980000000D-01 0.2259635000D+01 0.1653000000D+00 0.4452900000D+01-0.1705500000D+01
1 1520020401200204082452365.4-0.4190000000D-01 0.7000000000D-03 0.4844100000D+01 0.8099000000D-01 0.3640000000D-03 0.3650000000D-01 0.2393631000D+01 0.6343000000D+00 0.4933000000D+01-0.1970100000D+01 0.1040000000D-01-0.2000000000D-03 0.3834300000D+01 0.4017000000D-01 0.4010000000D-03 0.2850000000D-01 0.1886463000D+01 0.6018600000D+01 0.4039300000D+01-0.2452700000D+01
1 1620020408200204152452372.4-0.3600000000D-01 0.6900000000D-03 0.4751300000D+01 0.7931000000D-01 0.4470000000D-03 0.3560000000D-01 0.1967311000D+01 0.2578000000D+00 0.4548300000D+01-0.2775000000D+01 0.9400000000D-02-0.1600000000D-03 0.3674000000D+01 0.3836000000D-01 0.4060000000D-03 0.2730000000D-01 0.1515441000D+01 0.5576600000D+01 0.3711200000D+01-0.3201600000D+01
1 1720020415200204222452379.4-0.3060000000D-01 0.7600000000D-03 0.4683500000D+01 0.7709000000D-01 0.5010000000D-03 0.3540000000D-01 0.1540759000D+01 0.6160200000D+01 0.4293400000D+01-0.3582100000D+01 0.8200000000D-02-0.1200000000D-03 0.3504600000D+01 0.3669000000D-01 0.3730000000D-03 0.2610000000D-01 0.1147572000D+01 0.5120600000D+01 0.3310200000D+01-0.3940200000D+01
1 1820020422200204292452386.4-0.2530000000D-01 0.8100000000D-03 0.4639700000D+01 0.7489000000D-01 0.4870000000D-03 0.3550000000D-01 0.1115258000D+01 0.5769500000D+01 0.4010000000D+01-0.4374900000D+01 0.7000000000D-02-0.1300000000D-03 0.3326400000D+01 0.3535000000D-01 0.3540000000D-03 0.2470000000D-01 0.7838870000D+00 0.4662000000D+01 0.2779400000D+01-0.4669600000D+01
1 1920020429200205062452393.4-0.2000000000D-01 0.8000000000D-03 0.4615900000D+01 0.7316000000D-01 0.4330000000D-03 0.3510000000D-01 0.6918520000D+00 0.5372900000D+01 0.3594200000D+01-0.5163900000D+01 0.5700000000D-02-0.1900000000D-03 0.3140000000D+01 0.3403000000D-01 0.3750000000D-03 0.2320000000D-01 0.4251670000D+00 0.4205500000D+01 0.2245300000D+01-0.5399700000D+01
1 2020020506200205132452400.4-0.1480000000D-01 0.7500000000D-03 0.4608000000D+01 0.7173000000D-01 0.4120000000D-03 0.3490000000D-01 0.2710560000D+00 0.4978200000D+01 0.3017200000D+01-0.5962900000D+01 0.4200000000D-02-0.2700000000D-03 0.2946800000D+01 0.3249000000D-01 0.4040000000D-03 0.2160000000D-01 0.7224700000D-01 0.3744900000D+01 0.1792300000D+01-0.6128800000D+01
1 2120020513200205202452407.4-0.9900000000D-02 0.7000000000D-03 0.4613000000D+01 0.7006000000D-01 0.4580000000D-03 0.3520000000D-01 0.6136332000D+01 0.4588000000D+01 0.2471900000D+01-0.4764000000D+00 0.2300000000D-02-0.3300000000D-03 0.2749300000D+01 0.3087000000D-01 0.4050000000D-03 0.2030000000D-01 0.6009568000D+01 0.3272200000D+01 0.1377900000D+01-0.5607000000D+00
1 2220020520200205272452414.4-0.5400000000D-02 0.6300000000D-03 0.4628800000D+01 0.6772000000D-01 0.5040000000D-03 0.3550000000D-01 0.5721638000D+01 0.4197500000D+01 0.2101600000D+01-0.1254300000D+01 0.0000000000D+00-0.3600000000D-03 0.2550400000D+01 0.2945000000D-01 0.3740000000D-03 0.1880000000D-01 0.5672522000D+01 0.2787500000D+01 0.9301000000D+00-0.1257700000D+01
1 2320020527200206032452421.4-0.1100000000D-02 0.5100000000D-03 0.4653000000D+01 0.6496000000D-01 0.4820000000D-03 0.3550000000D-01 0.5310621000D+01 0.3799700000D+01 0.1822000000D+01-0.2030000000D+01-0.2400000000D-02-0.3900000000D-03 0.2352800000D+01 0.2834000000D-01 0.3430000000D-03 0.1710000000D-01 0.5346447000D+01 0.2300500000D+01 0.4119000000D+00-0.1949500000D+01
1 2420020603200206102452428.4 0.2800000000D-02 0.3700000000D-03 0.4682200000D+01 0.6242000000D-01 0.4040000000D-03 0.3550000000D-01 0.4903633000D+01 0.3394800000D+01 0.1497300000D+01-0.2813400000D+01-0.5100000000D-02-0.4200000000D-03 0.2160000000D+01 0.2731000000D-01 0.3360000000D-03 0.1570000000D-01 0.5033742000D+01 0.1817800000D+01 0.6171100000D+01-0.2632900000D+01
1 2520020610200206172452435.4 0.6200000000D-02 0.2900000000D-03 0.4713000000D+01 0.6046000000D-01 0.3340000000D-03 0.3600000000D-01 0.4500766000D+01 0.2989900000D+01 0.9896000000D+00-0.3590900000D+01-0.8100000000D-02-0.4400000000D-03 0.1976700000D+01 0.2624000000D-01 0.3350000000D-03 0.1450000000D-01 0.4737085000D+01 0.1336000000D+01 0.5708200000D+01-0.3292100000D+01
1 2620020617200206242452442.4 0.8900000000D-02 0.3300000000D-03 0.4742200000D+01 0.5875000000D-01 0.3510000000D-03 0.3630000000D-01 0.4101747000D+01 0.2593400000D+01 0.4185000000D+00-0.4353900000D+01-0.1120000000D-01-0.4500000000D-03 0.1809000000D+01 0.2518000000D-01 0.3200000000D-03 0.1330000000D-01 0.4459246000D+01 0.8502000000D+00 0.5282100000D+01-0.3925600000D+01
1 2720020624200207012452449.4 0.1110000000D-01 0.4300000000D-03 0.4768700000D+01 0.5668000000D-01 0.4060000000D-03 0.3640000000D-01 0.3706103000D+01 0.2203000000D+01 0.7030000000D-01-0.5113800000D+01-0.1440000000D-01-0.4500000000D-03 0.1664200000D+01 0.2432000000D-01 0.2930000000D-03 0.1220000000D-01 0.4202459000D+01 0.3615000000D+00 0.4832200000D+01-0.4542200000D+01
1 2820020701200207082452456.4 0.1330000000D-01 0.4800000000D-03 0.4792600000D+01 0.5426000000D-01 0.4090000000D-03 0.3640000000D-01 0.3313600000D+01 0.1807300000D+01 0.6130900000D+01-0.5879000000D+01-0.1780000000D-01-0.4600000000D-03 0.1549700000D+01 0.2366000000D-01 0.2770000000D-03 0.1150000000D-01 0.3967295000D+01 0.6159600000D+01 0.4337800000D+01-0.5143200000D+01
1 2920020708200207152452463.4 0.1570000000D-01 0.4000000000D-03 0.4813400000D+01 0.5209000000D-01 0.3450000000D-03 0.3660000000D-01 0.2924264000D+01 0.1401400000D+01 0.5870100000D+01-0.3577000000D+00-0.2110000000D-01-0.4700000000D-03 0.1472500000D+01 0.2305000000D-01 0.2760000000D-03 0.1110000000D-01 0.3751004000D+01 0.5679600000D+01 0.3863200000D+01-0.5723000000D+01
1 3020020715200207222452470.4 0.1810000000D-01 0.2100000000D-03 0.4829400000D+01 0.5056000000D-01 0.2650000000D-03 0.3690000000D-01 0.2537993000D+01 0.9937000000D+00 0.5436400000D+01-0.1111400000D+01-0.2450000000D-01-0.4800000000D-03 0.1437800000D+01 0.2242000000D-01 0.2730000000D-03 0.1100000000D-01 0.3546274000D+01 0.5198700000D+01 0.3434000000D+01-0.9300000000D-02
1 3120020722200207292452477.4 0.2000000000D-01 0.6000000000D-04 0.4838900000D+01 0.4945000000D-01 0.2480000000D-03 0.3690000000D-01 0.2154332000D+01 0.5959000000D+00 0.4856600000D+01-0.1858700000D+01-0.2800000000D-01-0.4900000000D-03 0.1446800000D+01 0.2192000000D-01 0.2620000000D-03 0.1120000000D-01 0.3342369000D+01 0.4715900000D+01 0.3000300000D+01-0.5878000000D+00
1 3220020729200208052452484.4 0.2130000000D-01 0.3000000000D-04 0.4842000000D+01 0.4822000000D-01 0.2870000000D-03 0.3670000000D-01 0.1772653000D+01 0.2093000000D+00 0.4466400000D+01-0.2609500000D+01-0.3140000000D-01-0.4800000000D-03 0.1496200000D+01 0.2161000000D-01 0.2540000000D-03 0.1170000000D-01 0.3128754000D+01 0.4235300000D+01 0.2528100000D+01-0.1181100000D+01
1 3320020805200208122452491.4 0.2210000000D-01 0.9000000000D-04 0.4840600000D+01 0.4675000000D-01 0.3110000000D-03 0.3670000000D-01 0.1392630000D+01 0.6106000000D+01 0.4255700000D+01-0.3363700000D+01-0.3480000000D-01-0.4600000000D-03 0.1579400000D+01 0.2139000000D-01 0.2570000000D-03 0.1250000000D-01 0.2898381000D+01 0.3758900000D+01 0.2050400000D+01-0.1789100000D+01
1 3420020812200208192452498.4 0.2270000000D-01 0.1600000000D-03 0.4835800000D+01 0.4545000000D-01 0.2970000000D-03 0.3690000000D-01 0.1014219000D+01 0.5712700000D+01 0.4066100000D+01-0.4110300000D+01-0.3810000000D-01-0.4500000000D-03 0.1688700000D+01 0.2121000000D-01 0.2630000000D-03 0.1340000000D-01 0.2648513000D+01 0.3283600000D+01 0.1609200000D+01-0.2414500000D+01
1 3520020819200208262452505.4 0.2350000000D-01 0.1800000000D-03 0.4827300000D+01 0.4468000000D-01 0.2570000000D-03 0.3680000000D-01 0.6372730000D+00 0.5315800000D+01 0.3788500000D+01-0.4849000000D+01-0.4140000000D-01-0.4400000000D-03 0.1816200000D+01 0.2111000000D-01 0.2560000000D-03 0.1430000000D-01 0.2379623000D+01 0.2805600000D+01 0.1197500000D+01-0.3061900000D+01
1 3620020826200209022452512.4 0.2440000000D-01 0.1400000000D-03 0.4814500000D+01 0.4445000000D-01 0.2180000000D-03 0.3640000000D-01 0.2613990000D+00 0.4923600000D+01 0.3310100000D+01-0.5592500000D+01-0.4460000000D-01-0.4400000000D-03 0.1955500000D+01 0.2124000000D-01 0.2340000000D-03 0.1540000000D-01 0.2093833000D+01 0.2328000000D+01 0.7497000000D+00-0.3728900000D+01
1 3720020902200209092452519.4 0.2520000000D-01 0.1300000000D-03 0.4797900000D+01 0.4441000000D-01 0.2240000000D-03 0.3620000000D-01 0.6169264000D+01 0.4540900000D+01 0.2715900000D+01-0.6020000000D-01-0.4770000000D-01-0.4400000000D-03 0.2102000000D+01 0.2156000000D-01 0.2200000000D-03 0.1660000000D-01 0.1793799000D+01 0.1859500000D+01 0.2413000000D+00-0.4402800000D+01
1 3820020909200209162452526.4 0.2600000000D-01 0.1400000000D-03 0.4778700000D+01 0.4417000000D-01 0.2560000000D-03 0.3640000000D-01 0.5794072000D+01 0.4163500000D+01 0.2312900000D+01-0.8024000000D+00-0.5070000000D-01-0.4300000000D-03 0.2252400000D+01 0.2188000000D-01 0.2260000000D-03 0.1780000000D-01 0.1482136000D+01 0.1401600000D+01 0.6051500000D+01-0.5082400000D+01
1 3920020916200209232452533.4 0.2670000000D-01 0.1400000000D-03 0.4758200000D+01 0.4375000000D-01 0.2660000000D-03 0.3620000000D-01 0.5418773000D+01 0.3783400000D+01 0.2096200000D+01-0.1538300000D+01-0.5370000000D-01-0.3900000000D-03 0.2403900000D+01 0.2211000000D-01 0.2360000000D-03 0.1880000000D-01 0.1161152000D+01 0.9482000000D+00 0.5691400000D+01-0.5774600000D+01
1 4020020923200209302452540.4 0.2760000000D-01 0.9000000000D-04 0.4736900000D+01 0.4353000000D-01 0.2380000000D-03 0.3570000000D-01 0.5043185000D+01 0.3398300000D+01 0.1955500000D+01-0.2281000000D+01-0.5670000000D-01-0.3400000000D-03 0.2554400000D+01 0.2242000000D-01 0.2260000000D-03 0.1990000000D-01 0.8327660000D+00 0.4937000000D+00 0.5392400000D+01-0.1948000000D+00
1 4120020930200210072452547.4 0.2870000000D-01 0.3000000000D-04 0.4715300000D+01 0.4385000000D-01 0.1810000000D-03 0.3550000000D-01 0.4667113000D+01 0.3013000000D+01 0.1777700000D+01-0.3030300000D+01-0.5940000000D-01-0.3000000000D-03 0.2702200000D+01 0.2302000000D-01 0.1960000000D-03 0.2110000000D-01 0.4984190000D+00 0.4260000000D-01 0.5029800000D+01-0.8993000000D+00
1 4220021007200210142452554.4 0.2960000000D-01 0.4000000000D-04 0.4693200000D+01 0.4468000000D-01 0.1350000000D-03 0.3550000000D-01 0.4290227000D+01 0.2637300000D+01 0.1348000000D+01-0.3774800000D+01-0.6200000000D-01-0.3100000000D-03 0.2846200000D+01 0.2386000000D-01 0.1770000000D-03 0.2220000000D-01 0.1590870000D+00 0.5890200000D+01 0.4483700000D+01-0.1601500000D+01
1 4320021014200210212452561.4 0.3040000000D-01 0.1600000000D-03 0.4671300000D+01 0.4558000000D-01 0.1590000000D-03 0.3540000000D-01 0.3912010000D+01 0.2273000000D+01 0.8053000000D+00-0.4514400000D+01-0.6430000000D-01-0.3700000000D-03 0.2986200000D+01 0.2460000000D-01 0.1990000000D-03 0.2310000000D-01 0.6098801000D+01 0.5469600000D+01 0.3949900000D+01-0.2310600000D+01
1 4420021021200210282452568.4 0.3120000000D-01 0.3300000000D-03 0.4651400000D+01 0.4635000000D-01 0.2210000000D-03 0.3510000000D-01 0.3531975000D+01 0.1911100000D+01 0.5445000000D+00-0.5259600000D+01-0.6660000000D-01-0.4200000000D-03 0.3122200000D+01 0.2511000000D-01 0.2240000000D-03 0.2410000000D-01 0.5752073000D+01 0.5051100000D+01 0.3592600000D+01-0.3026600000D+01
1 4520021028200211042452575.4 0.3270000000D-01 0.4300000000D-03 0.4635500000D+01 0.4719000000D-01 0.2640000000D-03 0.3490000000D-01 0.3149848000D+01 0.1542700000D+01 0.4232000000D+00-0.6011200000D+01-0.6900000000D-01-0.4000000000D-03 0.3253800000D+01 0.2557000000D-01 0.2170000000D-03 0.2510000000D-01 0.5402881000D+01 0.4626300000D+01 0.3320800000D+01-0.3744300000D+01
1 4620021104200211112452582.4 0.3490000000D-01 0.4000000000D-03 0.4625000000D+01 0.4849000000D-01 0.2650000000D-03 0.3490000000D-01 0.2765537000D+01 0.1167900000D+01 0.3179000000D+00-0.4819000000D+00-0.7160000000D-01-0.3100000000D-03 0.3380000000D+01 0.2624000000D-01 0.1780000000D-03 0.2610000000D-01 0.5051761000D+01 0.4201600000D+01 0.2986700000D+01-0.4459700000D+01
1 4720021111200211182452589.4 0.3750000000D-01 0.3200000000D-03 0.4620400000D+01 0.5047000000D-01 0.2310000000D-03 0.3500000000D-01 0.2378877000D+01 0.7955000000D+00 0.9910000000D-01-0.1231100000D+01-0.7410000000D-01-0.2100000000D-03 0.3500000000D+01 0.2703000000D-01 0.1470000000D-03 0.2690000000D-01 0.4698963000D+01 0.3789700000D+01 0.2416800000D+01-0.5173600000D+01
1 4820021118200211252452596.4 0.4030000000D-01 0.2800000000D-03 0.4622200000D+01 0.5288000000D-01 0.2110000000D-03 0.3500000000D-01 0.1989385000D+01 0.4332000000D+00 0.5910800000D+01-0.1980900000D+01-0.7620000000D-01-0.1700000000D-03 0.3613800000D+01 0.2761000000D-01 0.1630000000D-03 0.2770000000D-01 0.4344730000D+01 0.3392100000D+01 0.1796700000D+01-0.5892900000D+01
1 4920021125200212022452603.4 0.4310000000D-01 0.3500000000D-03 0.4633300000D+01 0.5527000000D-01 0.2530000000D-03 0.3490000000D-01 0.1596557000D+01 0.7700000000D-01 0.5402300000D+01-0.2741600000D+01-0.7790000000D-01-0.2000000000D-03 0.3721800000D+01 0.2781000000D-01 0.1930000000D-03 0.2850000000D-01 0.3989530000D+01 0.2997300000D+01 0.1402500000D+01-0.3333000000D+00
1 5020021202200212092452610.4 0.4600000000D-01 0.5000000000D-03 0.4657600000D+01 0.5757000000D-01 0.3330000000D-03 0.3520000000D-01 0.1200266000D+01 0.6002100000D+01 0.5079600000D+01-0.3509700000D+01-0.7940000000D-01-0.2500000000D-03 0.3823600000D+01 0.2776000000D-01 0.2020000000D-03 0.2940000000D-01 0.3633930000D+01 0.2597100000D+01 0.1096000000D+01-0.1053800000D+01
1 5120021209200212162452617.4 0.4950000000D-01 0.6500000000D-03 0.4698500000D+01 0.6011000000D-01 0.4020000000D-03 0.3590000000D-01 0.8007670000D+00 0.5637300000D+01 0.4848700000D+01-0.4272000000D+01-0.8100000000D-01-0.2500000000D-03 0.3918100000D+01 0.2767000000D-01 0.1860000000D-03 0.3010000000D-01 0.3278414000D+01 0.2190900000D+01 0.7170000000D+00-0.1767100000D+01
1 5220021216200212232452624.4 0.5380000000D-01 0.7600000000D-03 0.4758200000D+01 0.6339000000D-01 0.4170000000D-03 0.3630000000D-01 0.3983880000D+00 0.5268200000D+01 0.4596800000D+01-0.5031000000D+01-0.8260000000D-01-0.2000000000D-03 0.4003900000D+01 0.2762000000D-01 0.1650000000D-03 0.3050000000D-01 0.2923281000D+01 0.1785600000D+01 0.8970000000D-01-0.2483600000D+01
1 5320021223200212302452631.4 0.5880000000D-01 0.8500000000D-03 0.4839000000D+01 0.6745000000D-01 0.3800000000D-03 0.3670000000D-01 0.6276433000D+01 0.4902500000D+01 0.4231600000D+01-0.5804200000D+01-0.8390000000D-01-0.1400000000D-03 0.4079900000D+01 0.2733000000D-01 0.1880000000D-03 0.3100000000D-01 0.2568741000D+01 0.1386600000D+01 0.5632500000D+01-0.3206700000D+01
1 5420021230200301062452638.4 0.6440000000D-01 0.9600000000D-03 0.4944700000D+01 0.7176000000D-01 0.3570000000D-03 0.3780000000D-01 0.5868670000D+01 0.4543100000D+01 0.3710200000D+01-0.3010000000D+00-0.8490000000D-01-0.1000000000D-03 0.4145800000D+01 0.2647000000D-01 0.2360000000D-03 0.3160000000D-01 0.2215174000D+01 0.9889000000D+00 0.5093500000D+01-0.3923300000D+01
1 5520030106200301132452645.4 0.7060000000D-01 0.1050000000D-02 0.5080000000D+01 0.7584000000D-01 0.3980000000D-03 0.3920000000D-01 0.5458833000D+01 0.4186000000D+01 0.3192400000D+01-0.1072000000D+01-0.8560000000D-01-0.5000000000D-04 0.4200300000D+01 0.2497000000D-01 0.2670000000D-03 0.3200000000D-01 0.1863167000D+01 0.5816000000D+00 0.4674200000D+01-0.4632100000D+01
2 5620011231200201072452274.4 0.1600000000D-02-0.1800000000D-03 0.2075340000D+02 0.2885200000D+00 0.1612000000D-02 0.1500000000D-02 0.4665056000D+01 0.2563700000D+01 0.7140000000D+00 0.3193100000D+01 0.3400000000D-02 0.3000000000D-04 0.1169890000D+02 0.7172000000D-01 0.1509000000D-02 0.1300000000D-02 0.3602423000D+01 0.2542800000D+01 0.1364200000D+01 0.2784200000D+01
2 5720020107200201142452281.4 0.1800000000D-02-0.1400000000D-03 0.1974930000D+02 0.2835300000D+00 0.1951000000D-02 0.1000000000D-02 0.1732095000D+01 0.5922000000D+01 0.3844700000D+01 0.3934700000D+01 0.3400000000D-02 0.5000000000D-04 0.1190770000D+02 0.8230000000D-01 0.1232000000D-02 0.1300000000D-02 0.7132690000D+00 0.5736000000D+01 0.4357000000D+01 0.3013600000D+01
2 5820020114200201212452288.4 0.1700000000D-02-0.5000000000D-04 0.1878110000D+02 0.2715000000D+00 0.1427000000D-02 0.1100000000D-02 0.5079775000D+01 0.2987400000D+01 0.1160600000D+01 0.5003400000D+01 0.3300000000D-02 0.7000000000D-04 0.1204510000D+02 0.8745000000D-01 0.1299000000D-02 0.1000000000D-02 0.4100325000D+01 0.2694500000D+01 0.1602100000D+01 0.3265100000D+01
2 5920020121200201282452295.4 0.1900000000D-02-0.3000000000D-04 0.1785680000D+02 0.2671400000D+00 0.1694000000D-02 0.1800000000D-02 0.2142545000D+01 0.6620000000D-01 0.4271100000D+01 0.5479500000D+01 0.3400000000D-02 0.7000000000D-04 0.1211140000D+02 0.9709000000D-01 0.1086000000D-02 0.6000000000D-03 0.1199748000D+01 0.5961200000D+01 0.4557800000D+01 0.4124200000D+01
2 6020020128200202042452302.4 0.2100000000D-02-0.1000000000D-04 0.1697850000D+02 0.2562200000D+00 0.1353000000D-02 0.2000000000D-02 0.5485236000D+01 0.3421600000D+01 0.1649600000D+01 0.5666700000D+01 0.3200000000D-02 0.1200000000D-03 0.1211240000D+02 0.1006200000D+00 0.1141000000D-02 0.9000000000D-03 0.4577791000D+01 0.2964500000D+01 0.1811500000D+01 0.5053700000D+01
2 6120020204200202112452309.4 0.2100000000D-02 0.3000000000D-04 0.1615440000D+02 0.2529300000D+00 0.1473000000D-02 0.1900000000D-02 0.2542320000D+01 0.4995000000D+00 0.4711400000D+01 0.5894300000D+01 0.3100000000D-02 0.1300000000D-03 0.1205250000D+02 0.1078700000D+00 0.1004000000D-02 0.1300000000D-02 0.1670128000D+01 0.6262800000D+01 0.4734000000D+01 0.5518300000D+01
2 6220020211200202182452316.4 0.2100000000D-02 0.5000000000D-04 0.1538190000D+02 0.2442500000D+00 0.1356000000D-02 0.1500000000D-02 0.5878691000D+01 0.3861600000D+01 0.2018000000D+01 0.6128300000D+01 0.3000000000D-02 0.1200000000D-03 0.1193630000D+02 0.1098200000D+00 0.1001000000D-02 0.1600000000D-02 0.5042770000D+01 0.3286800000D+01 0.1897500000D+01 0.5758800000D+01
2 6320020218200202252452323.4 0.2300000000D-02 0.5000000000D-04 0.1467290000D+02 0.2393300000D+00 0.1197000000D-02 0.9000000000D-03 0.2928539000D+01 0.9363000000D+00 0.5269000000D+01 0.4864000000D+00 0.3000000000D-02 0.1200000000D-03 0.1177060000D+02 0.1127900000D+00 0.9320000000D-03 0.1300000000D-02 0.2130777000D+01 0.3153000000D+00 0.5043800000D+01 0.5980500000D+01
2 6420020225200203042452330.4 0.2300000000D-02 0.1000000000D-03 0.1402380000D+02 0.2338200000D+00 0.1404000000D-02 0.9000000000D-03 0.6257769000D+01 0.4305200000D+01 0.2389900000D+01 0.1512200000D+01 0.2700000000D-02 0.1600000000D-03 0.1155890000D+02 0.1139500000D+00 0.1016000000D-02 0.9000000000D-03 0.5500746000D+01 0.3635300000D+01 0.1972000000D+01 0.1956000000D+00
2 6520020304200203112452337.4 0.2400000000D-02 0.1100000000D-03 0.1344540000D+02 0.2278000000D+00 0.1109000000D-02 0.1400000000D-02 0.3299937000D+01 0.1376900000D+01 0.5821200000D+01 0.2103400000D+01 0.2700000000D-02 0.1200000000D-03 0.1130660000D+02 0.1133600000D+00 0.9030000000D-03 0.7000000000D-03 0.2586900000D+01 0.6629000000D+00 0.5307100000D+01 0.1138400000D+01
2 6620020311200203182452344.4 0.2500000000D-02 0.1000000000D-03 0.1293320000D+02 0.2244400000D+00 0.1340000000D-02 0.1800000000D-02 0.3387810000D+00 0.4744600000D+01 0.2772900000D+01 0.2355700000D+01 0.2700000000D-02 0.1000000000D-03 0.1101530000D+02 0.1134300000D+00 0.1048000000D-02 0.1100000000D-02 0.5956425000D+01 0.3986000000D+01 0.2128300000D+01 0.1967600000D+01
2 6720020318200203252452351.4 0.2500000000D-02 0.1400000000D-03 0.1249500000D+02 0.2175700000D+00 0.1087000000D-02 0.1800000000D-02 0.3657095000D+01 0.1817900000D+01 0.6910000000D-01 0.2547500000D+01 0.2500000000D-02 0.1200000000D-03 0.1068990000D+02 0.1099300000D+00 0.8890000000D-03 0.1500000000D-02 0.3042909000D+01 0.1010500000D+01 0.5593000000D+01 0.2247300000D+01
2 6820020325200204012452358.4 0.2400000000D-02 0.1700000000D-03 0.1212910000D+02 0.2153800000D+00 0.1306000000D-02 0.1600000000D-02 0.6901070000D+00 0.5182500000D+01 0.3179600000D+01 0.2815000000D+01 0.2400000000D-02 0.1200000000D-03 0.1033260000D+02 0.1090300000D+00 0.1091000000D-02 0.1500000000D-02 0.1309850000D+00 0.4330700000D+01 0.2357900000D+01 0.2504300000D+01
2 6920020401200204082452365.4 0.2500000000D-02 0.1400000000D-03 0.1183640000D+02 0.2087600000D+00 0.1150000000D-02 0.1200000000D-02 0.4003883000D+01 0.2256300000D+01 0.4569000000D+00 0.3154500000D+01 0.2400000000D-02 0.9000000000D-04 0.9945000000D+01 0.1041600000D+00 0.9550000000D-03 0.1300000000D-02 0.3503446000D+01 0.1349700000D+01 0.5801700000D+01 0.2729700000D+01
2 7020020408200204152452372.4 0.2500000000D-02 0.1600000000D-03 0.1161440000D+02 0.2054100000D+00 0.1207000000D-02 0.9000000000D-03 0.1033916000D+01 0.5614500000D+01 0.3682000000D+01 0.3932500000D+01 0.2200000000D-02 0.1000000000D-03 0.9530500000D+01 0.1013500000D+00 0.1025000000D-02 0.8000000000D-03 0.5954700000D+00 0.4655100000D+01 0.2687200000D+01 0.3224000000D+01
2 7120020415200204222452379.4 0.2400000000D-02 0.1900000000D-03 0.1145890000D+02 0.2002500000D+00 0.1190000000D-02 0.1100000000D-02 0.4346943000D+01 0.2688200000D+01 0.7992000000D+00 0.4578800000D+01 0.2000000000D-02 0.1100000000D-03 0.9089200000D+01 0.9675000000D-01 0.1023000000D-02 0.7000000000D-03 0.3973531000D+01 0.1671400000D+01 0.6020500000D+01 0.4131200000D+01
2 7220020422200204292452386.4 0.2400000000D-02 0.1500000000D-03 0.1136570000D+02 0.1954200000D+00 0.1185000000D-02 0.1400000000D-02 0.1377968000D+01 0.6042300000D+01 0.4144600000D+01 0.5034600000D+01 0.1800000000D-02 0.8000000000D-04 0.8626600000D+01 0.9252000000D-01 0.9810000000D-03 0.9000000000D-03 0.1072346000D+01 0.4960200000D+01 0.3002600000D+01 0.4859000000D+01
2 7320020429200205062452393.4 0.2500000000D-02 0.1300000000D-03 0.1132620000D+02 0.1911000000D+00 0.1221000000D-02 0.1700000000D-02 0.4694355000D+01 0.3111700000D+01 0.1128700000D+01 0.5286600000D+01 0.1800000000D-02 0.6000000000D-04 0.8143800000D+01 0.8843000000D-01 0.1063000000D-02 0.1100000000D-02 0.4459310000D+01 0.1969200000D+01 0.6278300000D+01 0.5215000000D+01
2 7420020506200205132452400.4 0.2400000000D-02 0.1300000000D-03 0.1133210000D+02 0.1844700000D+00 0.1162000000D-02 0.1500000000D-02 0.1730187000D+01 0.1795000000D+00 0.4658900000D+01 0.5519200000D+01 0.1600000000D-02 0.6000000000D-04 0.7645900000D+01 0.8357000000D-01 0.8810000000D-03 0.1000000000D-02 0.1568734000D+01 0.5237600000D+01 0.3310500000D+01 0.5453200000D+01
2 7520020513200205202452407.4 0.2300000000D-02 0.1100000000D-03 0.1137480000D+02 0.1815900000D+00 0.1240000000D-02 0.1300000000D-02 0.5053153000D+01 0.3526300000D+01 0.1434500000D+01 0.5901100000D+01 0.1500000000D-02 0.5000000000D-04 0.7137800000D+01 0.8019000000D-01 0.1078000000D-02 0.7000000000D-03 0.4969092000D+01 0.2245200000D+01 0.2746000000D+00 0.5865900000D+01
2 7620020520200205272452414.4 0.2400000000D-02 0.5000000000D-04 0.1144400000D+02 0.1737400000D+00 0.1173000000D-02 0.1000000000D-02 0.2096256000D+01 0.5922000000D+00 0.5063900000D+01 0.1974000000D+00 0.1400000000D-02 0.2000000000D-04 0.6626200000D+01 0.7559000000D-01 0.8420000000D-03 0.5000000000D-03 0.2094516000D+01 0.5497000000D+01 0.3567800000D+01 0.2957000000D+00
2 7720020527200206032452421.4 0.2400000000D-02 0.4000000000D-04 0.1153210000D+02 0.1705000000D+00 0.1186000000D-02 0.1100000000D-02 0.5427307000D+01 0.3932800000D+01 0.1851400000D+01 0.1061000000D+01 0.1300000000D-02 0.2000000000D-04 0.6120200000D+01 0.7235000000D-01 0.9860000000D-03 0.6000000000D-03 0.5514508000D+01 0.2494800000D+01 0.5600000000D+00 0.1293300000D+01
2 7820020603200206102452428.4 0.2300000000D-02 0.2000000000D-04 0.1162790000D+02 0.1629800000D+00 0.1188000000D-02 0.1500000000D-02 0.2478783000D+01 0.9974000000D+00 0.5473900000D+01 0.1481800000D+01 0.1200000000D-02 0.2000000000D-04 0.5628800000D+01 0.6859000000D-01 0.7970000000D-03 0.8000000000D-03 0.2663753000D+01 0.5741000000D+01 0.3830600000D+01 0.1686800000D+01
2 7920020610200206172452435.4 0.2300000000D-02 0.0000000000D+00 0.1172810000D+02 0.1597400000D+00 0.1090000000D-02 0.1800000000D-02 0.5818050000D+01 0.4330900000D+01 0.2261000000D+01 0.1786700000D+01 0.1100000000D-02 0.2000000000D-04 0.5166400000D+01 0.6573000000D-01 0.9010000000D-03 0.8000000000D-03 0.6112217000D+01 0.2730500000D+01 0.8074000000D+00 0.1991700000D+01
2 8020020617200206242452442.4 0.2200000000D-02-0.2000000000D-04 0.1182170000D+02 0.1534500000D+00 0.1167000000D-02 0.1800000000D-02 0.2877514000D+01 0.1395200000D+01 0.5781500000D+01 0.1990300000D+01 0.1100000000D-02 0.1000000000D-04 0.4745800000D+01 0.6245000000D-01 0.7930000000D-03 0.6000000000D-03 0.3295006000D+01 0.5977800000D+01 0.4096500000D+01 0.2276700000D+01
2 8120020624200207012452449.4 0.2000000000D-02-0.2000000000D-04 0.1190980000D+02 0.1485300000D+00 0.9690000000D-03 0.1500000000D-02 0.6224000000D+01 0.4726300000D+01 0.2843400000D+01 0.2253700000D+01 0.1000000000D-02 0.3000000000D-04 0.4387100000D+01 0.6009000000D-01 0.7920000000D-03 0.3000000000D-03 0.4975460000D+00 0.2950400000D+01 0.1011900000D+01 0.3052300000D+01
2 8220020701200207082452456.4 0.2000000000D-02-0.6000000000D-04 0.1198180000D+02 0.1451300000D+00 0.1136000000D-02 0.1100000000D-02 0.3290594000D+01 0.1789100000D+01 0.6086800000D+01 0.2784700000D+01 0.9000000000D-03 0.3000000000D-04 0.4105900000D+01 0.5698000000D-01 0.7670000000D-03 0.4000000000D-03 0.4002839000D+01 0.6203600000D+01 0.4392400000D+01 0.4190000000D+01
2 8320020708200207152452463.4 0.1800000000D-02-0.8000000000D-04 0.1204260000D+02 0.1394200000D+00 0.8980000000D-03 0.9000000000D-03 0.3598330000D+00 0.5121300000D+01 0.3363100000D+01 0.3681400000D+01 0.9000000000D-03 0.3000000000D-04 0.3920300000D+01 0.5540000000D-01 0.7540000000D-03 0.5000000000D-03 0.1240630000D+01 0.3165500000D+01 0.1244500000D+01 0.4726200000D+01
2 8420020715200207222452470.4 0.1700000000D-02-0.8000000000D-04 0.1208490000D+02 0.1377700000D+00 0.1024000000D-02 0.1400000000D-02 0.3715172000D+01 0.2182200000D+01 0.1620000000D+00 0.4354700000D+01 0.9000000000D-03 0.2000000000D-04 0.3840000000D+01 0.5267000000D-01 0.7240000000D-03 0.5000000000D-03 0.4771062000D+01 0.1282000000D+00 0.4656000000D+01 0.5022900000D+01
2 8520020722200207292452477.4 0.1500000000D-02-0.1200000000D-03 0.1211290000D+02 0.1319200000D+00 0.8500000000D-03 0.1700000000D-02 0.7890200000D+00 0.5520300000D+01 0.3918300000D+01 0.4635300000D+01 0.8000000000D-03 0.4000000000D-04 0.3866500000D+01 0.5187000000D-01 0.7430000000D-03 0.4000000000D-03 0.2017038000D+01 0.3369700000D+01 0.1487400000D+01 0.5541600000D+01
2 8620020729200208052452484.4 0.1500000000D-02-0.1600000000D-03 0.1212350000D+02 0.1320200000D+00 0.9310000000D-03 0.1700000000D-02 0.4148513000D+01 0.2580900000D+01 0.5654000000D+00 0.4906000000D+01 0.9000000000D-03 0.3000000000D-04 0.3990900000D+01 0.4966000000D-01 0.6800000000D-03 0.3000000000D-03 0.5537000000D+01 0.3212000000D+00 0.4957200000D+01 0.3633000000D+00
2 8720020805200208122452491.4 0.1300000000D-02-0.1500000000D-03 0.1211930000D+02 0.1274100000D+00 0.7950000000D-03 0.1500000000D-02 0.1225676000D+01 0.5924700000D+01 0.4303200000D+01 0.5156300000D+01 0.9000000000D-03 0.4000000000D-04 0.4195600000D+01 0.4976000000D-01 0.7210000000D-03 0.5000000000D-03 0.2757105000D+01 0.3563100000D+01 0.1808400000D+01 0.1175100000D+01
2 8820020812200208192452498.4 0.1200000000D-02-0.1700000000D-03 0.1210130000D+02 0.1270000000D+00 0.7960000000D-03 0.1000000000D-02 0.4587618000D+01 0.2988900000D+01 0.1146900000D+01 0.5720200000D+01 0.1000000000D-02 0.4000000000D-04 0.4463300000D+01 0.4895000000D-01 0.6880000000D-03 0.7000000000D-03 0.6242457000D+01 0.5134000000D+00 0.5212200000D+01 0.1441500000D+01
2 8920020819200208262452505.4 0.1100000000D-02-0.2100000000D-03 0.1207110000D+02 0.1246600000D+00 0.7570000000D-03 0.1100000000D-02 0.1666921000D+01 0.5530000000D-01 0.4701600000D+01 0.2491000000D+00 0.1000000000D-02 0.6000000000D-04 0.4773600000D+01 0.4976000000D-01 0.6640000000D-03 0.7000000000D-03 0.3426278000D+01 0.3751900000D+01 0.2136200000D+01 0.1728400000D+01
2 9020020826200209022452512.4 0.1000000000D-02-0.1900000000D-03 0.1203020000D+02 0.1241400000D+00 0.7100000000D-03 0.1400000000D-02 0.5030087000D+01 0.3405700000D+01 0.1739300000D+01 0.8388000000D+00 0.1100000000D-02 0.5000000000D-04 0.5113800000D+01 0.5022000000D-01 0.7050000000D-03 0.5000000000D-03 0.5940240000D+00 0.7195000000D+00 0.5517800000D+01 0.2105900000D+01
2 9120020902200209092452519.4 0.6000000000D-03-0.1700000000D-03 0.1198010000D+02 0.1239800000D+00 0.7140000000D-03 0.1700000000D-02 0.2110208000D+01 0.4775000000D+00 0.5064200000D+01 0.1145900000D+01 0.1200000000D-02 0.5000000000D-04 0.5469300000D+01 0.5196000000D-01 0.6060000000D-03 0.4000000000D-03 0.4031381000D+01 0.3961200000D+01 0.2501900000D+01 0.3033600000D+01
2 9220020909200209162452526.4 0.5000000000D-03-0.1800000000D-03 0.1192340000D+02 0.1226800000D+00 0.6780000000D-03 0.1700000000D-02 0.5473214000D+01 0.3833000000D+01 0.2463900000D+01 0.1341500000D+01 0.1200000000D-02 0.5000000000D-04 0.5833700000D+01 0.5353000000D-01 0.7600000000D-03 0.6000000000D-03 0.1173792000D+01 0.9596000000D+00 0.5842500000D+01 0.3822000000D+01
2 9320020916200209232452533.4 0.4000000000D-03-0.1900000000D-03 0.1186200000D+02 0.1250700000D+00 0.6840000000D-03 0.1400000000D-02 0.2552963000D+01 0.9091000000D+00 0.5437400000D+01 0.1653000000D+01 0.1300000000D-02 0.4000000000D-04 0.6199200000D+01 0.5631000000D-01 0.5330000000D-03 0.8000000000D-03 0.4590644000D+01 0.4205300000D+01 0.2821100000D+01 0.4198900000D+01
2 9420020923200209302452540.4 0.0000000000D+00-0.1400000000D-03 0.1179730000D+02 0.1237700000D+00 0.7060000000D-03 0.9000000000D-03 0.5914664000D+01 0.4269500000D+01 0.3017000000D+01 0.2157500000D+01 0.1500000000D-02 0.3000000000D-04 0.6561400000D+01 0.5825000000D-01 0.7520000000D-03 0.9000000000D-03 0.1715957000D+01 0.1230000000D+01 0.6198800000D+01 0.4461700000D+01
2 9520020930200210072452547.4-0.2000000000D-03-0.1400000000D-03 0.1173240000D+02 0.1271200000D+00 0.6230000000D-03 0.9000000000D-03 0.2992605000D+01 0.1346400000D+01 0.6038800000D+01 0.3186000000D+01 0.1600000000D-02 0.2000000000D-04 0.6917400000D+01 0.6170000000D-01 0.5380000000D-03 0.8000000000D-03 0.5118857000D+01 0.4499300000D+01 0.3187600000D+01 0.4752000000D+01
2 9620021007200210142452554.4-0.3000000000D-03-0.1600000000D-03 0.1166750000D+02 0.1272800000D+00 0.7500000000D-03 0.1300000000D-02 0.6867100000D-01 0.4714700000D+01 0.3484600000D+01 0.3727200000D+01 0.1800000000D-02 0.1000000000D-04 0.7264300000D+01 0.6411000000D-01 0.7480000000D-03 0.6000000000D-03 0.2232782000D+01 0.1539400000D+01 0.2510000000D+00 0.5503700000D+01
2 9720021014200210212452561.4-0.6000000000D-03-0.1300000000D-03 0.1160910000D+02 0.1310000000D+00 0.6180000000D-03 0.1600000000D-02 0.3426629000D+01 0.1790400000D+01 0.4218000000D+00 0.4040200000D+01 0.2000000000D-02 0.0000000000D+00 0.7602300000D+01 0.6769000000D-01 0.5330000000D-03 0.7000000000D-03 0.5626215000D+01 0.4826500000D+01 0.3563600000D+01 0.1224000000D+00
2 9820021021200210282452568.4-0.9000000000D-03-0.1100000000D-03 0.1155460000D+02 0.1334400000D+00 0.7540000000D-03 0.1700000000D-02 0.4991130000D+00 0.5162200000D+01 0.3874300000D+01 0.4232000000D+01 0.2100000000D-02 0.0000000000D+00 0.7927400000D+01 0.7053000000D-01 0.6700000000D-03 0.1000000000D-02 0.2732445000D+01 0.1874400000D+01 0.5478000000D+00 0.6429000000D+00
2 9920021028200211042452575.4-0.1000000000D-02-0.1200000000D-03 0.1151210000D+02 0.1363000000D+00 0.7440000000D-03 0.1400000000D-02 0.3852445000D+01 0.2240000000D+01 0.1204200000D+01 0.4486300000D+01 0.2200000000D-02 0.0000000000D+00 0.8242100000D+01 0.7309000000D-01 0.6180000000D-03 0.1300000000D-02 0.6119163000D+01 0.5187600000D+01 0.4024700000D+01 0.8516000000D+00
210020021104200211112452582.4-0.1200000000D-02-0.1000000000D-03 0.1148040000D+02 0.1421600000D+00 0.7580000000D-03 0.1100000000D-02 0.9201810000D+00 0.5612200000D+01 0.4256500000D+01 0.4982800000D+01 0.2400000000D-02-0.2000000000D-04 0.8541900000D+01 0.7707000000D-01 0.5900000000D-03 0.1200000000D-02 0.3220306000D+01 0.2235100000D+01 0.7560000000D+00 0.1099400000D+01
210120021111200211182452589.4-0.1500000000D-02-0.6000000000D-04 0.1146800000D+02 0.1447700000D+00 0.8870000000D-03 0.9000000000D-03 0.4267733000D+01 0.2693800000D+01 0.1751500000D+01 0.5737600000D+01 0.2500000000D-02-0.3000000000D-04 0.8831000000D+01 0.7829000000D-01 0.6530000000D-03 0.1000000000D-02 0.3192370000D+00 0.5566700000D+01 0.4378600000D+01 0.1390100000D+01
210220021118200211252452596.4-0.1800000000D-02-0.4000000000D-04 0.1147640000D+02 0.1525000000D+00 0.7910000000D-03 0.1200000000D-02 0.1329515000D+01 0.6062200000D+01 0.4806300000D+01 0.1482000000D+00 0.2600000000D-02-0.3000000000D-04 0.9103800000D+01 0.8219000000D-01 0.5420000000D-03 0.7000000000D-03 0.3700233000D+01 0.2613200000D+01 0.1024500000D+01 0.2102200000D+01
210320021125200212022452603.4-0.2100000000D-02-0.2000000000D-04 0.1151220000D+02 0.1559900000D+00 0.1067000000D-02 0.1500000000D-02 0.4670542000D+01 0.3148000000D+01 0.2278500000D+01 0.4331000000D+00 0.2700000000D-02-0.7000000000D-04 0.9362500000D+01 0.8226000000D-01 0.6790000000D-03 0.8000000000D-03 0.7963690000D+00 0.5957800000D+01 0.4731800000D+01 0.3006300000D+01
210420021202200212092452610.4-0.2400000000D-02 0.2000000000D-04 0.1158150000D+02 0.1659600000D+00 0.8370000000D-03 0.1600000000D-02 0.1725665000D+01 0.2305000000D+00 0.5317800000D+01 0.7048000000D+00 0.2900000000D-02-0.9000000000D-04 0.9604100000D+01 0.8587000000D-01 0.5350000000D-03 0.1200000000D-02 0.4175537000D+01 0.3004400000D+01 0.1232800000D+01 0.3486000000D+01
210520021209200212162452617.4-0.2800000000D-02 0.4000000000D-04 0.1169120000D+02 0.1710200000D+00 0.1154000000D-02 0.1500000000D-02 0.5059907000D+01 0.3602000000D+01 0.2686800000D+01 0.9354000000D+00 0.3000000000D-02-0.9000000000D-04 0.9828300000D+01 0.8506000000D-01 0.6270000000D-03 0.1400000000D-02 0.1270539000D+01 0.6910000000D-01 0.4902600000D+01 0.3762600000D+01
210620021216200212232452624.4-0.3000000000D-02 0.6000000000D-04 0.1184970000D+02 0.1810100000D+00 0.1016000000D-02 0.1000000000D-02 0.2108351000D+01 0.6831000000D+00 0.5959300000D+01 0.1386300000D+01 0.3100000000D-02-0.1100000000D-03 0.1003220000D+02 0.8630000000D-01 0.5770000000D-03 0.1300000000D-02 0.4649217000D+01 0.3403800000D+01 0.1622000000D+01 0.3985500000D+01
210720021223200212302452631.4-0.3400000000D-02 0.1000000000D-03 0.1206330000D+02 0.1891900000D+00 0.1254000000D-02 0.1000000000D-02 0.5436738000D+01 0.4054900000D+01 0.3088200000D+01 0.2216000000D+01 0.3300000000D-02-0.1500000000D-03 0.1021330000D+02 0.8515000000D-01 0.6180000000D-03 0.9000000000D-03 0.1744893000D+01 0.4625000000D+00 0.5003700000D+01 0.4476500000D+01
210820021230200301062452638.4-0.3700000000D-02 0.1200000000D-03 0.1234350000D+02 0.1995100000D+00 0.1202000000D-02 0.1200000000D-02 0.2479778000D+01 0.1135500000D+01 0.2101000000D+00 0.2892800000D+01 0.3300000000D-02-0.1300000000D-03 0.1036900000D+02 0.8393000000D-01 0.6090000000D-03 0.8000000000D-03 0.5124789000D+01 0.3797400000D+01 0.1894900000D+01 0.5262100000D+01
210920030106200301132452645.4-0.3800000000D-02 0.1000000000D-03 0.1269610000D+02 0.2104600000D+00 0.1286000000D-02 0.1700000000D-02 0.5804193000D+01 0.4505800000D+01 0.3483600000D+01 0.3261900000D+01 0.3300000000D-02-0.1200000000D-03 0.1049590000D+02 0.8186000000D-01 0.6910000000D-03 0.1100000000D-02 0.2222909000D+01 0.8490000000D+00 0.5036600000D+01 0.6086600000D+01
