 4 2   2  56 19.7027 4.9788  7.0  7.0  109 2452639.5000 2003                                                                                                                                                                                                                                                                                                                     
1  220021231200301072452639.4 0.6500000000D-01 0.9600000000D-03 0.4962700000D+01 0.7121000000D-01 0.4730000000D-03 0.3810000000D-01 0.4240870000D+00 0.5391400000D+01 0.4705500000D+01-0.4890100000D+01-0.8480000000D-01-0.1200000000D-03 0.4155000000D+01 0.2587000000D-01 0.1810000000D-03 0.3160000000D-01 0.3062230000D+01 0.1820200000D+01 0.6114600000D+01-0.2223100000D+01
1  320030107200301142452646.4 0.7140000000D-01 0.1060000000D-02 0.5103300000D+01 0.7576000000D-01 0.4420000000D-03 0.3900000000D-01 0.1442700000D-01 0.5025600000D+01 0.4361100000D+01-0.5662500000D+01-0.8560000000D-01-0.3000000000D-04 0.4207100000D+01 0.2481000000D-01 0.2240000000D-03 0.3180000000D-01 0.2710732000D+01 0.1413200000D+01 0.5444100000D+01-0.2940100000D+01
1  420030114200301212452653.4 0.7840000000D-01 0.1170000000D-02 0.5276500000D+01 0.8066000000D-01 0.4060000000D-03 0.4040000000D-01 0.5886949000D+01 0.4664600000D+01 0.3876500000D+01-0.1622000000D+00-0.8590000000D-01 0.3000000000D-04 0.4245700000D+01 0.2313000000D-01 0.2830000000D-03 0.3220000000D-01 0.2361375000D+01 0.9991000000D+00 0.4953700000D+01-0.3654200000D+01
1  520030121200301282452660.4 0.8610000000D-01 0.1280000000D-02 0.5486100000D+01 0.8541000000D-01 0.4240000000D-03 0.4260000000D-01 0.5475968000D+01 0.4306400000D+01 0.3345900000D+01-0.9355000000D+00-0.8560000000D-01 0.9000000000D-04 0.4269600000D+01 0.2084000000D-01 0.3180000000D-03 0.3250000000D-01 0.2014834000D+01 0.5628000000D+00 0.4521000000D+01-0.4357500000D+01
1  620030128200302042452667.4 0.9460000000D-01 0.1350000000D-02 0.5735900000D+01 0.8980000000D-01 0.4870000000D-03 0.4460000000D-01 0.5065594000D+01 0.3947300000D+01 0.2925900000D+01-0.1699200000D+01-0.8490000000D-01 0.1800000000D-03 0.4277100000D+01 0.1814000000D-01 0.3350000000D-03 0.3230000000D-01 0.1671890000D+01 0.9190000000D-01 0.4068100000D+01-0.5057200000D+01
1  720030204200302112452674.4 0.1041000000D+00 0.1340000000D-02 0.6028400000D+01 0.9397000000D-01 0.5410000000D-03 0.4660000000D-01 0.4656930000D+01 0.3583100000D+01 0.2661400000D+01-0.2467900000D+01-0.8360000000D-01 0.3000000000D-03 0.4266900000D+01 0.1533000000D-01 0.3480000000D-03 0.3210000000D-01 0.1333469000D+01 0.5848600000D+01 0.3565500000D+01-0.5758000000D+01
1  820030211200302182452681.4 0.1143000000D+00 0.1310000000D-02 0.6363900000D+01 0.9855000000D-01 0.5310000000D-03 0.4920000000D-01 0.4250924000D+01 0.3214100000D+01 0.2466300000D+01-0.3242200000D+01-0.8160000000D-01 0.4500000000D-03 0.4237800000D+01 0.1277000000D-01 0.3810000000D-03 0.3190000000D-01 0.1000590000D+01 0.5238400000D+01 0.3042700000D+01-0.1694000000D+00
1  920030218200302252452688.4 0.1248000000D+00 0.1380000000D-02 0.6741000000D+01 0.1038300000D+00 0.4600000000D-03 0.5260000000D-01 0.3848024000D+01 0.2847900000D+01 0.2186900000D+01-0.4006200000D+01-0.7880000000D-01 0.5800000000D-03 0.4189500000D+01 0.1089000000D-01 0.4320000000D-03 0.3150000000D-01 0.6743480000D+00 0.4502600000D+01 0.2587400000D+01-0.8505000000D+00
1 1020030225200303042452695.4 0.1354000000D+00 0.1640000000D-02 0.7159500000D+01 0.1093400000D+00 0.4040000000D-03 0.5600000000D-01 0.3448334000D+01 0.2489600000D+01 0.1648300000D+01-0.4760900000D+01-0.7500000000D-01 0.6600000000D-03 0.4123200000D+01 0.1074000000D-01 0.4720000000D-03 0.3090000000D-01 0.3560970000D+00 0.3637600000D+01 0.2198500000D+01-0.1524100000D+01
1 1120030304200303112452702.4 0.1466000000D+00 0.1990000000D-02 0.7620600000D+01 0.1142600000D+00 0.4800000000D-03 0.5940000000D-01 0.3052012000D+01 0.2135900000D+01 0.1050100000D+01-0.5514400000D+01-0.7030000000D-01 0.7400000000D-03 0.4042100000D+01 0.1329000000D-01 0.4930000000D-03 0.3020000000D-01 0.4754100000D-01 0.2819100000D+01 0.1816200000D+01-0.2190200000D+01
1 1220030311200303182452709.4 0.1590000000D+00 0.2220000000D-02 0.8125400000D+01 0.1183400000D+00 0.6170000000D-03 0.6310000000D-01 0.2659374000D+01 0.1778000000D+01 0.7263000000D+00-0.6270700000D+01-0.6480000000D-01 0.8700000000D-03 0.3950900000D+01 0.1795000000D-01 0.5100000000D-03 0.2950000000D-01 0.6033791000D+01 0.2170500000D+01 0.1392800000D+01-0.2842600000D+01
1 1320030318200303252452716.4 0.1728000000D+00 0.2240000000D-02 0.8671900000D+01 0.1224700000D+00 0.6690000000D-03 0.6760000000D-01 0.2270668000D+01 0.1411400000D+01 0.5546000000D+00-0.7398000000D+00-0.5840000000D-01 0.1060000000D-02 0.3856500000D+01 0.2368000000D-01 0.5490000000D-03 0.2880000000D-01 0.5750512000D+01 0.1639200000D+01 0.9386000000D+00-0.3478600000D+01
1 1420030325200304012452723.4 0.1878000000D+00 0.2090000000D-02 0.9255900000D+01 0.1276700000D+00 0.5930000000D-03 0.7250000000D-01 0.1885699000D+01 0.1043500000D+01 0.3440000000D+00-0.1480600000D+01-0.5100000000D-01 0.1260000000D-02 0.3769100000D+01 0.2999000000D-01 0.6000000000D-03 0.2820000000D-01 0.5482751000D+01 0.1160800000D+01 0.5142000000D+00-0.4098300000D+01
1 1520030401200304082452730.4 0.2032000000D+00 0.1950000000D-02 0.9875900000D+01 0.1335600000D+00 0.4870000000D-03 0.7720000000D-01 0.1504007000D+01 0.6823000000D+00 0.6226600000D+01-0.2217100000D+01-0.4230000000D-01 0.1440000000D-02 0.3703400000D+01 0.3690000000D-01 0.6330000000D-03 0.2790000000D-01 0.5231694000D+01 0.7121000000D+00 0.1135000000D+00-0.4704200000D+01
1 1620030408200304152452737.4 0.2184000000D+00 0.2010000000D-02 0.1053300000D+02 0.1391800000D+00 0.5050000000D-03 0.8190000000D-01 0.1125215000D+01 0.3284000000D+00 0.5661300000D+01-0.2958200000D+01-0.3240000000D-01 0.1590000000D-02 0.3677500000D+01 0.4433000000D-01 0.6520000000D-03 0.2800000000D-01 0.4997113000D+01 0.2878000000D+00 0.5968300000D+01-0.5293900000D+01
1 1720030415200304222452744.4 0.2336000000D+00 0.2230000000D-02 0.1122920000D+02 0.1440900000D+00 0.6610000000D-03 0.8750000000D-01 0.7491600000D+00 0.6259000000D+01 0.5263000000D+01-0.3701200000D+01-0.2120000000D-01 0.1730000000D-02 0.3710900000D+01 0.5208000000D-01 0.6890000000D-03 0.2860000000D-01 0.4776592000D+01 0.6162700000D+01 0.5516800000D+01-0.5868500000D+01
1 1820030422200304292452751.4 0.2495000000D+00 0.2470000000D-02 0.1196610000D+02 0.1490100000D+00 0.8070000000D-03 0.9390000000D-01 0.3758220000D+00 0.5902400000D+01 0.5015600000D+01-0.4432400000D+01-0.8900000000D-02 0.1900000000D-02 0.3822700000D+01 0.6004000000D-01 0.7350000000D-03 0.2970000000D-01 0.4565108000D+01 0.5759800000D+01 0.5092700000D+01-0.1560000000D+00
1 1920030429200305062452758.4 0.2665000000D+00 0.2650000000D-02 0.1274390000D+02 0.1549300000D+00 0.8490000000D-03 0.9990000000D-01 0.5111000000D-02 0.5542400000D+01 0.4789300000D+01-0.5157300000D+01 0.4400000000D-02 0.2100000000D-02 0.4029000000D+01 0.6824000000D-01 0.7590000000D-03 0.3160000000D-01 0.4355472000D+01 0.5359900000D+01 0.4719700000D+01-0.7335000000D+00
1 2020030506200305132452765.4 0.2845000000D+00 0.2800000000D-02 0.1356370000D+02 0.1621900000D+00 0.7880000000D-03 0.1057000000D+00 0.5919927000D+01 0.5184100000D+01 0.4515500000D+01-0.5888800000D+01 0.1900000000D-01 0.2340000000D-02 0.4338600000D+01 0.7682000000D-01 0.7420000000D-03 0.3450000000D-01 0.4140130000D+01 0.4966500000D+01 0.4356800000D+01-0.1320200000D+01
1 2120030513200305202452772.4 0.3033000000D+00 0.2960000000D-02 0.1442870000D+02 0.1704500000D+00 0.6700000000D-03 0.1126000000D+00 0.5553590000D+01 0.4831500000D+01 0.4171900000D+01-0.3404000000D+00 0.3500000000D-01 0.2590000000D-02 0.4753600000D+01 0.8573000000D-01 0.7140000000D-03 0.3820000000D-01 0.3913475000D+01 0.4583700000D+01 0.3945000000D+01-0.1913400000D+01
1 2220030520200305272452779.4 0.3230000000D+00 0.3150000000D-02 0.1534580000D+02 0.1791900000D+00 0.5650000000D-03 0.1206000000D+00 0.5189092000D+01 0.4487400000D+01 0.3718400000D+01-0.1067100000D+01 0.5250000000D-01 0.2800000000D-02 0.5271200000D+01 0.9461000000D-01 0.7120000000D-03 0.4240000000D-01 0.3672869000D+01 0.4209200000D+01 0.3493500000D+01-0.2519100000D+01
1 2320030527200306032452786.4 0.3439000000D+00 0.3260000000D-02 0.1632500000D+02 0.1873400000D+00 0.5840000000D-03 0.1283000000D+00 0.4826550000D+01 0.4149900000D+01 0.3335200000D+01-0.1784900000D+01 0.7170000000D-01 0.2910000000D-02 0.5884700000D+01 0.1029600000D+00 0.7340000000D-03 0.4710000000D-01 0.3418040000D+01 0.3838400000D+01 0.3117500000D+01-0.3145400000D+01
1 2420030603200306102452793.4 0.3663000000D+00 0.3190000000D-02 0.1737440000D+02 0.1949100000D+00 0.6880000000D-03 0.1358000000D+00 0.4466300000D+01 0.3814500000D+01 0.3245800000D+01-0.2506000000D+01 0.9250000000D-01 0.2940000000D-02 0.6584200000D+01 0.1109300000D+00 0.7230000000D-03 0.5280000000D-01 0.3150168000D+01 0.3470800000D+01 0.2856100000D+01-0.3786000000D+01
1 2520030610200306172452800.4 0.3899000000D+00 0.3020000000D-02 0.1849920000D+02 0.2030700000D+00 0.8300000000D-03 0.1444000000D+00 0.4108662000D+01 0.3481600000D+01 0.3345900000D+01-0.3230300000D+01 0.1143000000D+00 0.3050000000D-02 0.7358400000D+01 0.1189100000D+00 0.6400000000D-03 0.5910000000D-01 0.2871225000D+01 0.3110100000D+01 0.2663900000D+01-0.4433400000D+01
1 2620030617200306242452807.4 0.4138000000D+00 0.3010000000D-02 0.1970570000D+02 0.2132400000D+00 0.9390000000D-03 0.1544000000D+00 0.3753937000D+01 0.3158900000D+01 0.3507000000D+01-0.3949300000D+01 0.1370000000D+00 0.3330000000D-02 0.8197700000D+01 0.1269400000D+00 0.4360000000D-03 0.6580000000D-01 0.2583447000D+01 0.2761500000D+01 0.2454400000D+01-0.5085400000D+01
1 2720030624200307012452814.4 0.4376000000D+00 0.3310000000D-02 0.2100420000D+02 0.2248800000D+00 0.9570000000D-03 0.1650000000D+00 0.3402581000D+01 0.2856200000D+01 0.3663400000D+01-0.4658300000D+01 0.1606000000D+00 0.3720000000D-02 0.9092800000D+01 0.1334700000D+00 0.1630000000D-03 0.7250000000D-01 0.2289094000D+01 0.2429000000D+01 0.2059000000D+01-0.5742900000D+01
1 2820030701200307082452821.4 0.4615000000D+00 0.3810000000D-02 0.2240520000D+02 0.2355200000D+00 0.9260000000D-03 0.1754000000D+00 0.3055320000D+01 0.2575500000D+01 0.3772200000D+01-0.5362300000D+01 0.1857000000D+00 0.4040000000D-02 0.1002760000D+02 0.1367200000D+00 0.1050000000D-03 0.7940000000D-01 0.1990413000D+01 0.2110500000D+01 0.5549300000D+01-0.1253000000D+00
1 2920030708200307152452828.4 0.4859000000D+00 0.4180000000D-02 0.2391260000D+02 0.2430300000D+00 0.1026000000D-02 0.1865000000D+00 0.2713172000D+01 0.2311800000D+01 0.3749700000D+01-0.6066500000D+01 0.2123000000D+00 0.4100000000D-02 0.1097710000D+02 0.1359900000D+00 0.3500000000D-03 0.8650000000D-01 0.1689361000D+01 0.1801900000D+01 0.4760900000D+01-0.7940000000D+00
1 3020030715200307222452835.4 0.5111000000D+00 0.3950000000D-02 0.2551800000D+02 0.2474100000D+00 0.1437000000D-02 0.1990000000D+00 0.2377279000D+01 0.2064200000D+01 0.3677100000D+01-0.4825000000D+00 0.2398000000D+00 0.3810000000D-02 0.1190930000D+02 0.1310800000D+00 0.8170000000D-03 0.9370000000D-01 0.1387328000D+01 0.1503100000D+01 0.4308400000D+01-0.1460500000D+01
1 3120030722200307292452842.4 0.5355000000D+00 0.2860000000D-02 0.2719730000D+02 0.2474700000D+00 0.2121000000D-02 0.2123000000D+00 0.2048838000D+01 0.1840400000D+01 0.3645900000D+01-0.1172500000D+01 0.2665000000D+00 0.3230000000D-02 0.1278230000D+02 0.1197900000D+00 0.1523000000D-02 0.9990000000D-01 0.1085173000D+01 0.1221700000D+01 0.4040400000D+01-0.2123600000D+01
1 3220030729200308052452849.4 0.5554000000D+00 0.1110000000D-02 0.2889500000D+02 0.2403900000D+00 0.2981000000D-02 0.2253000000D+00 0.1728839000D+01 0.1649400000D+01 0.3666800000D+01-0.1850800000D+01 0.2902000000D+00 0.2510000000D-02 0.1353840000D+02 0.9933000000D-01 0.2284000000D-02 0.1046000000D+00 0.7832490000D+00 0.9693000000D+00 0.3859400000D+01-0.2788900000D+01
1 3320030805200308122452856.4 0.5657000000D+00-0.8300000000D-03 0.3051700000D+02 0.2228600000D+00 0.3950000000D-02 0.2365000000D+00 0.1417648000D+01 0.1502600000D+01 0.3704300000D+01-0.2521100000D+01 0.3088000000D+00 0.1700000000D-02 0.1410960000D+02 0.6861000000D-01 0.2844000000D-02 0.1079000000D+00 0.4812870000D+00 0.7651000000D+00 0.3710100000D+01-0.3459100000D+01
1 3420030812200308192452863.4 0.5623000000D+00-0.2740000000D-02 0.3193900000D+02 0.1937700000D+00 0.5051000000D-02 0.2456000000D+00 0.1114866000D+01 0.1422100000D+01 0.3740000000D+01-0.3187600000D+01 0.3207000000D+00 0.8000000000D-03 0.1443320000D+02 0.3023000000D-01 0.3109000000D-02 0.1096000000D+00 0.1782080000D+00 0.7239000000D+00 0.3549400000D+01-0.4129100000D+01
1 3520030819200308262452870.4 0.5430000000D+00-0.4580000000D-02 0.3301570000D+02 0.1542900000D+00 0.6089000000D-02 0.2521000000D+00 0.8194030000D+00 0.1463000000D+01 0.3759100000D+01-0.3849400000D+01 0.3253000000D+00-0.2000000000D-03 0.1446660000D+02 0.1895000000D-01 0.2884000000D-02 0.1086000000D+00 0.6155277000D+01 0.2681400000D+01 0.3364800000D+01-0.4802700000D+01
1 3620030826200309022452877.4 0.5083000000D+00-0.6380000000D-02 0.3359200000D+02 0.1177300000D+00 0.6649000000D-02 0.2543000000D+00 0.5290020000D+00 0.1750400000D+01 0.3747900000D+01-0.4507000000D+01 0.3223000000D+00-0.1190000000D-02 0.1420700000D+02 0.5776000000D-01 0.2096000000D-02 0.1052000000D+00 0.5843789000D+01 0.2840000000D+01 0.3164700000D+01-0.5487500000D+01
1 3720030902200309092452884.4 0.4608000000D+00-0.7910000000D-02 0.3355560000D+02 0.1177100000D+00 0.6362000000D-02 0.2508000000D+00 0.2400660000D+00 0.2270600000D+01 0.3695100000D+01-0.5165000000D+01 0.3131000000D+00-0.1930000000D-02 0.1371200000D+02 0.8615000000D-01 0.1043000000D-02 0.1008000000D+00 0.5525300000D+01 0.2644300000D+01 0.2962200000D+01-0.6184300000D+01
1 3820030909200309162452891.4 0.4048000000D+00-0.8700000000D-02 0.3289740000D+02 0.1581000000D+00 0.5481000000D-02 0.2428000000D+00 0.6231679000D+01 0.2558100000D+01 0.3596600000D+01-0.5833000000D+01 0.2996000000D+00-0.2260000000D-02 0.1308620000D+02 0.9887000000D-01 0.1770000000D-03 0.9630000000D-01 0.5200089000D+01 0.2386700000D+01 0.2906500000D+01-0.6012000000D+00
1 3920030916200309232452898.4 0.3449000000D+00-0.8450000000D-02 0.3171010000D+02 0.2067400000D+00 0.4359000000D-02 0.2331000000D+00 0.5934169000D+01 0.2579400000D+01 0.3488300000D+01-0.2265000000D+00 0.2843000000D+00-0.2210000000D-02 0.1242940000D+02 0.9936000000D-01 0.4430000000D-03 0.9160000000D-01 0.4870362000D+01 0.2093300000D+01 0.5310300000D+01-0.1298600000D+01
1 4020030923200309302452905.4 0.2868000000D+00-0.7420000000D-02 0.3013520000D+02 0.2468500000D+00 0.3213000000D-02 0.2213000000D+00 0.5628524000D+01 0.2472000000D+01 0.3428000000D+01-0.9048000000D+00 0.2692000000D+00-0.2000000000D-02 0.1180620000D+02 0.9206000000D-01 0.8020000000D-03 0.8670000000D-01 0.4538959000D+01 0.1778300000D+01 0.4982500000D+01-0.2000600000D+01
1 4120030930200310072452912.4 0.2351000000D+00-0.6200000000D-02 0.2832430000D+02 0.2729300000D+00 0.2178000000D-02 0.2063000000D+00 0.5313528000D+01 0.2299900000D+01 0.3476400000D+01-0.1592700000D+01 0.2554000000D+00-0.1790000000D-02 0.1125010000D+02 0.8071000000D-01 0.8860000000D-03 0.8250000000D-01 0.4208043000D+01 0.1456900000D+01 0.4599600000D+01-0.2708400000D+01
1 4220031007200310142452919.4 0.1922000000D+00-0.5170000000D-02 0.2641700000D+02 0.2848900000D+00 0.1497000000D-02 0.1908000000D+00 0.4988946000D+01 0.2086100000D+01 0.3666800000D+01-0.2298000000D+01 0.2433000000D+00-0.1650000000D-02 0.1077230000D+02 0.6917000000D-01 0.7460000000D-03 0.7940000000D-01 0.3878470000D+01 0.1146200000D+01 0.4213500000D+01-0.3414000000D+01
1 4320031014200310212452926.4 0.1576000000D+00-0.4300000000D-02 0.2451550000D+02 0.2867300000D+00 0.1223000000D-02 0.1771000000D+00 0.4655468000D+01 0.1843700000D+01 0.3989900000D+01-0.3014700000D+01 0.2323000000D+00-0.1530000000D-02 0.1036460000D+02 0.5997000000D-01 0.5240000000D-03 0.7680000000D-01 0.3549749000D+01 0.8561000000D+00 0.3779100000D+01-0.4112600000D+01
1 4420031021200310282452933.4 0.1296000000D+00-0.3340000000D-02 0.2267790000D+02 0.2810300000D+00 0.1162000000D-02 0.1646000000D+00 0.4313944000D+01 0.1580800000D+01 0.4239700000D+01-0.3731500000D+01 0.2219000000D+00-0.1320000000D-02 0.1001170000D+02 0.5360000000D-01 0.3170000000D-03 0.7410000000D-01 0.3220644000D+01 0.5882000000D+00 0.3073100000D+01-0.4811700000D+01
1 4520031028200311042452940.4 0.1069000000D+00-0.2220000000D-02 0.2093860000D+02 0.2696800000D+00 0.1075000000D-02 0.1516000000D+00 0.3965061000D+01 0.1299600000D+01 0.4342000000D+01-0.4452000000D+01 0.2121000000D+00-0.1070000000D-02 0.9700800000D+01 0.5006000000D-01 0.2730000000D-03 0.7160000000D-01 0.2889849000D+01 0.3406000000D+00 0.1962800000D+01-0.5520300000D+01
1 4620031104200311112452947.4 0.8930000000D-01-0.1230000000D-02 0.1932080000D+02 0.2552600000D+00 0.8920000000D-03 0.1391000000D+00 0.3609588000D+01 0.9988000000D+00 0.4285900000D+01-0.5185900000D+01 0.2033000000D+00-0.9100000000D-03 0.9421600000D+01 0.4944000000D-01 0.3220000000D-03 0.6980000000D-01 0.2556304000D+01 0.1018000000D+00 0.1214300000D+01-0.6233000000D+01
1 4720031111200311182452954.4 0.7710000000D-01-0.7500000000D-03 0.1783340000D+02 0.2411700000D+00 0.7600000000D-03 0.1283000000D+00 0.3248532000D+01 0.6810000000D+00 0.3997600000D+01-0.5929000000D+01 0.1955000000D+00-0.9800000000D-03 0.9162600000D+01 0.5133000000D-01 0.2990000000D-03 0.6800000000D-01 0.2219293000D+01 0.6136200000D+01 0.8047000000D+00-0.6628000000D+00
1 4820031118200311252452961.4 0.6930000000D-01-0.7800000000D-03 0.1647060000D+02 0.2287600000D+00 0.8260000000D-03 0.1190000000D+00 0.2882774000D+01 0.3543000000D+00 0.3581200000D+01-0.3904000000D+00 0.1885000000D+00-0.1170000000D-02 0.8912400000D+01 0.5436000000D-01 0.1920000000D-03 0.6620000000D-01 0.1878319000D+01 0.5871500000D+01 0.3674000000D+00-0.1377500000D+01
1 4920031125200312022452968.4 0.6400000000D-01-0.9800000000D-03 0.1522020000D+02 0.2169700000D+00 0.1023000000D-02 0.1104000000D+00 0.2512768000D+01 0.2730000000D-01 0.3326700000D+01-0.1131900000D+01 0.1814000000D+00-0.1280000000D-02 0.8664700000D+01 0.5718000000D-01 0.1320000000D-03 0.6410000000D-01 0.1532999000D+01 0.5588700000D+01 0.5469000000D+01-0.2098200000D+01
1 5020031202200312092452975.4 0.5950000000D-01-0.9900000000D-03 0.1407460000D+02 0.2040800000D+00 0.1112000000D-02 0.1016000000D+00 0.2138544000D+01 0.5981900000D+01 0.3206900000D+01-0.1879100000D+01 0.1739000000D+00-0.1200000000D-02 0.8418600000D+01 0.5944000000D-01 0.2340000000D-03 0.6220000000D-01 0.1183286000D+01 0.5279600000D+01 0.4648500000D+01-0.2828100000D+01
1 5120031209200312162452982.4 0.5520000000D-01-0.6800000000D-03 0.1303070000D+02 0.1906500000D+00 0.1020000000D-02 0.9380000000D-01 0.1760176000D+01 0.5644400000D+01 0.3087900000D+01-0.2639500000D+01 0.1662000000D+00-0.9700000000D-03 0.8173000000D+01 0.6168000000D-01 0.2880000000D-03 0.6050000000D-01 0.8296070000D+00 0.4943100000D+01 0.4340300000D+01-0.3562300000D+01
1 5220031216200312232452989.4 0.5160000000D-01-0.2200000000D-03 0.1208370000D+02 0.1782900000D+00 0.8160000000D-03 0.8740000000D-01 0.1377927000D+01 0.5295200000D+01 0.2884800000D+01-0.3404600000D+01 0.1589000000D+00-0.7700000000D-03 0.7925000000D+01 0.6414000000D-01 0.2530000000D-03 0.5880000000D-01 0.4724830000D+00 0.4592000000D+01 0.4020500000D+01-0.4294700000D+01
1 5320031223200312302452996.4 0.4950000000D-01 0.1300000000D-03 0.1122550000D+02 0.1680500000D+00 0.6530000000D-03 0.8180000000D-01 0.9921110000D+00 0.4939700000D+01 0.2504500000D+01-0.4163600000D+01 0.1525000000D+00-0.7100000000D-03 0.7672100000D+01 0.6651000000D-01 0.1880000000D-03 0.5670000000D-01 0.1122400000D+00 0.4240300000D+01 0.3305700000D+01-0.5027000000D+01
1 5420031230200401062453003.4 0.4910000000D-01 0.2600000000D-03 0.1044710000D+02 0.1595300000D+00 0.6600000000D-03 0.7580000000D-01 0.6028560000D+00 0.4585800000D+01 0.2040400000D+01-0.4923600000D+01 0.1468000000D+00-0.7700000000D-03 0.7414600000D+01 0.6809000000D-01 0.2550000000D-03 0.5440000000D-01 0.6032188000D+01 0.3890000000D+01 0.2340700000D+01-0.5771000000D+01
1 5520040106200401132453010.4 0.4980000000D-01 0.2700000000D-03 0.9740900000D+01 0.1516200000D+00 0.7740000000D-03 0.7030000000D-01 0.2100080000D+00 0.4235400000D+01 0.1711800000D+01-0.5700700000D+01 0.1412000000D+00-0.8200000000D-03 0.7154300000D+01 0.6856000000D-01 0.3770000000D-03 0.5270000000D-01 0.5666177000D+01 0.3530400000D+01 0.1863800000D+01-0.2379000000D+00
2 5620021231200301072452639.4-0.2600000000D-02-0.1700000000D-03 0.1238870000D+02 0.2004000000D+00 0.1309000000D-02 0.1000000000D-02 0.1159490000D+01 0.6107200000D+01 0.5186700000D+01 0.6215800000D+01 0.2400000000D-02 0.1300000000D-03 0.1038860000D+02 0.8334000000D-01 0.6450000000D-03 0.1100000000D-02 0.3812467000D+01 0.2482700000D+01 0.6294000000D+00 0.2469200000D+01
2 5720030107200301142452646.4-0.2700000000D-02-0.2000000000D-03 0.1275360000D+02 0.2115600000D+00 0.1319000000D-02 0.1000000000D-02 0.4483795000D+01 0.3190700000D+01 0.2229700000D+01 0.7977000000D+00 0.2300000000D-02 0.1400000000D-03 0.1051180000D+02 0.8094000000D-01 0.6480000000D-03 0.7000000000D-03 0.9108570000D+00 0.5811300000D+01 0.3798200000D+01 0.3175300000D+01
2 5820030114200301212452653.4-0.2700000000D-02-0.2400000000D-03 0.1320110000D+02 0.2229700000D+00 0.1370000000D-02 0.1400000000D-02 0.1524043000D+01 0.2745000000D+00 0.5580200000D+01 0.1280100000D+01 0.2200000000D-02 0.1700000000D-03 0.1060090000D+02 0.7774000000D-01 0.7510000000D-03 0.8000000000D-03 0.4294505000D+01 0.2857300000D+01 0.6689000000D+00 0.4074200000D+01
2 5920030121200301282452660.4-0.2900000000D-02-0.2000000000D-03 0.1373880000D+02 0.2340600000D+00 0.1541000000D-02 0.1700000000D-02 0.4847380000D+01 0.3642600000D+01 0.2708000000D+01 0.1623300000D+01 0.2300000000D-02 0.1200000000D-03 0.1065380000D+02 0.7203000000D-01 0.7250000000D-03 0.1100000000D-02 0.1397502000D+01 0.6173900000D+01 0.4050100000D+01 0.4635700000D+01
2 6020030128200302042452667.4-0.3200000000D-02-0.1700000000D-03 0.1437290000D+02 0.2478100000D+00 0.1403000000D-02 0.1900000000D-02 0.1888575000D+01 0.7236000000D+00 0.5986100000D+01 0.1796000000D+01 0.2400000000D-02 0.1100000000D-03 0.1066580000D+02 0.6749000000D-01 0.9150000000D-03 0.1300000000D-02 0.4787407000D+01 0.3195900000D+01 0.8146000000D+00 0.4848400000D+01
2 6120030204200302112452674.4-0.3200000000D-02-0.1900000000D-03 0.1510800000D+02 0.2582100000D+00 0.1826000000D-02 0.1500000000D-02 0.5214226000D+01 0.4096000000D+01 0.3152300000D+01 0.2015600000D+01 0.2300000000D-02 0.1100000000D-03 0.1063480000D+02 0.5849000000D-01 0.8060000000D-03 0.1100000000D-02 0.1897999000D+01 0.1978000000D+00 0.4326400000D+01 0.5051100000D+01
2 6220030211200302182452681.4-0.3400000000D-02-0.1600000000D-03 0.1594790000D+02 0.2740200000D+00 0.1404000000D-02 0.1100000000D-02 0.2259621000D+01 0.1171200000D+01 0.1108000000D+00 0.2464700000D+01 0.2300000000D-02 0.1000000000D-03 0.1055950000D+02 0.5322000000D-01 0.1148000000D-02 0.7000000000D-03 0.5297685000D+01 0.3452200000D+01 0.1044100000D+01 0.5457400000D+01
2 6320030218200302252452688.4-0.3700000000D-02-0.1000000000D-03 0.1689050000D+02 0.2845100000D+00 0.1964000000D-02 0.8000000000D-03 0.5590438000D+01 0.4546200000D+01 0.3552900000D+01 0.3427200000D+01 0.2500000000D-02 0.5000000000D-04 0.1043770000D+02 0.4285000000D-01 0.9770000000D-03 0.4000000000D-03 0.2420008000D+01 0.3516000000D+00 0.4508800000D+01 0.3248000000D+00
2 6420030225200303042452695.4-0.3900000000D-02-0.9000000000D-04 0.1794060000D+02 0.3000600000D+00 0.1571000000D-02 0.1400000000D-02 0.2641870000D+01 0.1621200000D+01 0.5988000000D+00 0.4193600000D+01 0.2500000000D-02 0.7000000000D-04 0.1027430000D+02 0.3743000000D-01 0.1265000000D-02 0.8000000000D-03 0.5833986000D+01 0.3464900000D+01 0.1339200000D+01 0.1171800000D+01
2 6520030304200303112452702.4-0.3900000000D-02-0.8000000000D-04 0.1909160000D+02 0.3123800000D+00 0.2032000000D-02 0.2000000000D-02 0.5979488000D+01 0.4997100000D+01 0.3904900000D+01 0.4418600000D+01 0.2500000000D-02 0.7000000000D-04 0.1007300000D+02 0.3179000000D-01 0.1215000000D-02 0.1100000000D-02 0.2973822000D+01 0.1278000000D+00 0.4752300000D+01 0.1347500000D+01
2 6620030311200303182452709.4-0.4200000000D-02-0.1000000000D-04 0.2034950000D+02 0.3261900000D+00 0.1777000000D-02 0.2300000000D-02 0.3037923000D+01 0.2072000000D+01 0.1077400000D+01 0.4579300000D+01 0.2500000000D-02 0.6000000000D-04 0.9849700000D+01 0.3476000000D-01 0.1388000000D-02 0.1000000000D-02 0.1254010000D+00 0.3048200000D+01 0.1641500000D+01 0.1504100000D+01
2 6720030318200303252452716.4-0.4200000000D-02 0.0000000000D+00 0.2170000000D+02 0.3410300000D+00 0.1935000000D-02 0.2200000000D-02 0.9969500000D-01 0.5444300000D+01 0.4298900000D+01 0.4631900000D+01 0.2600000000D-02 0.5000000000D-04 0.9615800000D+01 0.4239000000D-01 0.1504000000D-02 0.7000000000D-03 0.3573331000D+01 0.6022900000D+01 0.5012300000D+01 0.1542800000D+01
2 6820030325200304012452723.4-0.4200000000D-02 0.2000000000D-04 0.2315410000D+02 0.3523000000D+00 0.2210000000D-02 0.1500000000D-02 0.3448008000D+01 0.2528100000D+01 0.1571000000D+01 0.4757700000D+01 0.2500000000D-02 0.8000000000D-04 0.9401900000D+01 0.5679000000D-01 0.1458000000D-02 0.2000000000D-03 0.7531990000D+00 0.2849900000D+01 0.1924200000D+01 0.2235400000D+01
2 6920030401200304082452730.4-0.4300000000D-02 0.1000000000D-03 0.2469900000D+02 0.3713100000D+00 0.1755000000D-02 0.7000000000D-03 0.5167250000D+00 0.5894200000D+01 0.4680700000D+01 0.5327100000D+01 0.2600000000D-02 0.7000000000D-04 0.9239100000D+01 0.7081000000D-01 0.1765000000D-02 0.3000000000D-03 0.4233175000D+01 0.6053400000D+01 0.5330300000D+01 0.3940500000D+01
2 7020030408200304152452737.4-0.4400000000D-02 0.1600000000D-03 0.2634540000D+02 0.3808900000D+00 0.2460000000D-02 0.8000000000D-03 0.3871237000D+01 0.2986600000D+01 0.2009400000D+01 0.7865000000D+00 0.2800000000D-02 0.7000000000D-04 0.9173700000D+01 0.9074000000D-01 0.1636000000D-02 0.7000000000D-03 0.1445767000D+01 0.3023800000D+01 0.2238000000D+01 0.4230000000D+01
2 7120030415200304222452744.4-0.4300000000D-02 0.1900000000D-03 0.2808360000D+02 0.4010100000D+00 0.1781000000D-02 0.1800000000D-02 0.9460170000D+00 0.6650000000D-01 0.5243900000D+01 0.1018400000D+01 0.3000000000D-02 0.7000000000D-04 0.9251800000D+01 0.1081300000D+00 0.1938000000D-02 0.7000000000D-03 0.4956266000D+01 0.2580000000D-01 0.5660100000D+01 0.4137900000D+01
2 7220030422200304292452751.4-0.4400000000D-02 0.3300000000D-03 0.2992260000D+02 0.4125500000D+00 0.2675000000D-02 0.2100000000D-02 0.4306015000D+01 0.3449200000D+01 0.2505600000D+01 0.1001400000D+01 0.3100000000D-02 0.1000000000D-03 0.9521300000D+01 0.1310000000D+00 0.1831000000D-02 0.4000000000D-03 0.2192215000D+01 0.3335100000D+01 0.2555400000D+01 0.3958600000D+01
2 7320030429200305062452758.4-0.4700000000D-02 0.4300000000D-03 0.3186730000D+02 0.4350800000D+00 0.1758000000D-02 0.2000000000D-02 0.1385913000D+01 0.5315000000D+00 0.5798900000D+01 0.9919000000D+00 0.3500000000D-02 0.1000000000D-03 0.1002450000D+02 0.1503500000D+00 0.2097000000D-02 0.1000000000D-03 0.5714356000D+01 0.3672000000D+00 0.6009000000D+01 0.2449000000D+01
2 7420030506200305132452765.4-0.4500000000D-02 0.4200000000D-03 0.3392520000D+02 0.4495100000D+00 0.2524000000D-02 0.1600000000D-02 0.4750831000D+01 0.3918500000D+01 0.2995700000D+01 0.7334000000D+00 0.3800000000D-02 0.1100000000D-03 0.1078140000D+02 0.1745200000D+00 0.1990000000D-02 0.5000000000D-03 0.2947726000D+01 0.3700500000D+01 0.2970300000D+01 0.1206200000D+01
2 7520030513200305202452772.4-0.4500000000D-02 0.5100000000D-03 0.3610450000D+02 0.4707200000D+00 0.2188000000D-02 0.6000000000D-03 0.1835204000D+01 0.1011900000D+01 0.1808000000D+00 0.1222000000D+00 0.4100000000D-02 0.1600000000D-03 0.1180190000D+02 0.1963400000D+00 0.2220000000D-02 0.7000000000D-03 0.1708910000D+00 0.7599000000D+00 0.5420000000D-01 0.8046000000D+00
2 7620030520200305272452779.4-0.4800000000D-02 0.6600000000D-03 0.3841710000D+02 0.4924600000D+00 0.2193000000D-02 0.5000000000D-03 0.5204780000D+01 0.4400000000D+01 0.3583200000D+01 0.4286400000D+01 0.4500000000D-02 0.1800000000D-03 0.1307260000D+02 0.2209600000D+00 0.2048000000D-02 0.8000000000D-03 0.3663765000D+01 0.4102200000D+01 0.3449900000D+01 0.5204000000D+00
2 7720030527200306032452786.4-0.4500000000D-02 0.6200000000D-03 0.4088590000D+02 0.5138000000D+00 0.2356000000D-02 0.1300000000D-02 0.2293438000D+01 0.1509900000D+01 0.8417000000D+00 0.3880500000D+01 0.5000000000D-02 0.1800000000D-03 0.1458610000D+02 0.2445600000D+00 0.2217000000D-02 0.8000000000D-03 0.8592620000D+00 0.1183500000D+01 0.4203000000D+00 0.1790000000D+00
2 7820030603200306102452793.4-0.3900000000D-02 0.5700000000D-03 0.4352680000D+02 0.5406200000D+00 0.1692000000D-02 0.2300000000D-02 0.5667903000D+01 0.4905200000D+01 0.4318400000D+01 0.3398100000D+01 0.5600000000D-02 0.1900000000D-03 0.1631410000D+02 0.2676500000D+00 0.1890000000D-02 0.6000000000D-03 0.4325423000D+01 0.4537100000D+01 0.3955600000D+01 0.6007900000D+01
2 7920030610200306172452800.4-0.3900000000D-02 0.7000000000D-03 0.4636100000D+02 0.5600000000D+00 0.2614000000D-02 0.3000000000D-02 0.2761651000D+01 0.2036100000D+01 0.1506500000D+01 0.3002400000D+01 0.6200000000D-02 0.2200000000D-03 0.1823530000D+02 0.2903600000D+00 0.2054000000D-02 0.1000000000D-03 0.1496988000D+01 0.1641500000D+01 0.7963000000D+00 0.5964300000D+01
2 8020030617200306242452807.4-0.3900000000D-02 0.7800000000D-03 0.4940910000D+02 0.5917600000D+00 0.1417000000D-02 0.3700000000D-02 0.6142144000D+01 0.5438700000D+01 0.5680200000D+01 0.2851600000D+01 0.7000000000D-02 0.1900000000D-03 0.2032500000D+02 0.3101900000D+00 0.1393000000D-02 0.6000000000D-03 0.4943917000D+01 0.5006200000D+01 0.4567500000D+01 0.2577500000D+01
2 8120030624200307012452814.4-0.3000000000D-02 0.6500000000D-03 0.5269850000D+02 0.6123800000D+00 0.1789000000D-02 0.4000000000D-02 0.3242599000D+01 0.2598200000D+01 0.2510200000D+01 0.2741200000D+01 0.8100000000D-02 0.1700000000D-03 0.2255390000D+02 0.3282500000D+00 0.1285000000D-02 0.1600000000D-02 0.2100605000D+01 0.2131700000D+01 0.1058000000D+01 0.2588000000D+01
2 8220030701200307082452821.4-0.2900000000D-02 0.7400000000D-03 0.5625550000D+02 0.6364400000D+00 0.1834000000D-02 0.2700000000D-02 0.3480830000D+00 0.6030800000D+01 0.6938000000D+00 0.2812100000D+01 0.9000000000D-02 0.1700000000D-03 0.2488320000D+02 0.3371000000D+00 0.3070000000D-03 0.2400000000D-02 0.5536875000D+01 0.5520800000D+01 0.4569200000D+01 0.2527900000D+01
2 8320030708200307152452828.4-0.3500000000D-02 0.9800000000D-03 0.6006280000D+02 0.6530200000D+00 0.1828000000D-02 0.1500000000D-02 0.3741934000D+01 0.3214000000D+01 0.4548800000D+01 0.4000300000D+01 0.9800000000D-02 0.2100000000D-03 0.2724600000D+02 0.3403500000D+00 0.1154000000D-02 0.2500000000D-02 0.2686986000D+01 0.2662400000D+01 0.6247900000D+01 0.2621700000D+01
2 8420030715200307222452835.4-0.2900000000D-02 0.7800000000D-03 0.6411570000D+02 0.6596800000D+00 0.3307000000D-02 0.3800000000D-02 0.8592160000D+00 0.4049000000D+00 0.2085500000D+01 0.5231000000D+01 0.1120000000D-01 0.7000000000D-04 0.2957900000D+02 0.3264200000D+00 0.1871000000D-02 0.1700000000D-02 0.6119673000D+01 0.6077700000D+01 0.2941500000D+01 0.2974200000D+01
2 8520030722200307292452842.4-0.3000000000D-02 0.8100000000D-03 0.6834050000D+02 0.6576600000D+00 0.5432000000D-02 0.7400000000D-02 0.4267239000D+01 0.3907800000D+01 0.5977100000D+01 0.5487100000D+01 0.1180000000D-01 0.1800000000D-03 0.3176290000D+02 0.3004000000D+00 0.4020000000D-02 0.1300000000D-02 0.3268934000D+01 0.3226300000D+01 0.7250000000D-01 0.4440100000D+01
2 8620030729200308052452849.4-0.3400000000D-02 0.8600000000D-03 0.7262260000D+02 0.6251600000D+00 0.6371000000D-02 0.8700000000D-02 0.1400560000D+01 0.1173600000D+01 0.3541500000D+01 0.5698200000D+01 0.1280000000D-01 0.9000000000D-04 0.3366840000D+02 0.2437000000D+00 0.5425000000D-02 0.3300000000D-02 0.4185490000D+00 0.3883000000D+00 0.3677900000D+01 0.5239100000D+01
2 8720030805200308122452856.4-0.4300000000D-02 0.8400000000D-03 0.7671610000D+02 0.5649200000D+00 0.1057400000D-01 0.7600000000D-02 0.4826764000D+01 0.4718700000D+01 0.8387000000D+00 0.6110900000D+01 0.1340000000D-01 0.3000000000D-04 0.3510400000D+02 0.1681900000D+00 0.7066000000D-02 0.4600000000D-02 0.3851799000D+01 0.3755000000D+01 0.7393000000D+00 0.5540000000D+01
2 8820030812200308192452863.4-0.4100000000D-02 0.7000000000D-03 0.8029670000D+02 0.4675700000D+00 0.1224800000D-01 0.5700000000D-02 0.1978114000D+01 0.2089000000D+01 0.4707200000D+01 0.7237000000D+00 0.1410000000D-01-0.4000000000D-04 0.3593110000D+02 0.7076000000D-01 0.7770000000D-02 0.4800000000D-02 0.1000135000D+01 0.7262000000D+00 0.4411300000D+01 0.5846800000D+01
2 8920030819200308262452870.4-0.3500000000D-02 0.4100000000D-03 0.8299850000D+02 0.3294700000D+00 0.1541900000D-01 0.8700000000D-02 0.5420915000D+01 0.5793400000D+01 0.1967500000D+01 0.1749100000D+01 0.1440000000D-01-0.1100000000D-03 0.3604220000D+02 0.6210000000D-01 0.7055000000D-02 0.3400000000D-02 0.4429210000D+01 0.2193400000D+01 0.1495100000D+01 0.7980000000D-01
2 9020030826200309022452877.4-0.5600000000D-02 0.7300000000D-03 0.8442510000D+02 0.2123300000D+00 0.1705800000D-01 0.1200000000D-01 0.2585380000D+01 0.3657400000D+01 0.5812000000D+01 0.2197200000D+01 0.1440000000D-01-0.2600000000D-03 0.3544080000D+02 0.1529400000D+00 0.5395000000D-02 0.2900000000D-02 0.1569371000D+01 0.5197000000D+01 0.5175300000D+01 0.1099900000D+01
2 9120030902200309092452884.4-0.5600000000D-02 0.6000000000D-03 0.8432440000D+02 0.2169200000D+00 0.1492100000D-01 0.1180000000D-01 0.6035547000D+01 0.2010700000D+01 0.3086800000D+01 0.2541200000D+01 0.1420000000D-01-0.2700000000D-03 0.3426860000D+02 0.2285600000D+00 0.2014000000D-02 0.3900000000D-02 0.4987042000D+01 0.2342200000D+01 0.2012700000D+01 0.1891800000D+01
2 9220030909200309162452891.4-0.4900000000D-02 0.3200000000D-03 0.8264460000D+02 0.3655300000D+00 0.1383200000D-01 0.7600000000D-02 0.3200001000D+01 0.5986100000D+01 0.5240000000D+00 0.2914700000D+01 0.1400000000D-01-0.3800000000D-03 0.3277550000D+02 0.2553000000D+00 0.1470000000D-03 0.4400000000D-02 0.2115235000D+01 0.5747400000D+01 0.5167900000D+01 0.2284300000D+01
2 9320030916200309232452898.4-0.6700000000D-02 0.7300000000D-03 0.7965870000D+02 0.5176000000D+00 0.1018400000D-01 0.3900000000D-02 0.3594780000D+00 0.3412700000D+01 0.4239800000D+01 0.3982400000D+01 0.1300000000D-01-0.2900000000D-03 0.3120790000D+02 0.2557400000D+00 0.1786000000D-02 0.3600000000D-02 0.5523764000D+01 0.2890100000D+01 0.6278400000D+01 0.2528500000D+01
2 9420030923200309302452905.4-0.6400000000D-02 0.5700000000D-03 0.7567820000D+02 0.6222600000D+00 0.7035000000D-02 0.5200000000D-02 0.3794728000D+01 0.7384000000D+00 0.1516600000D+01 0.5101800000D+01 0.1260000000D-01-0.3900000000D-03 0.2971600000D+02 0.2310800000D+00 0.2133000000D-02 0.1900000000D-02 0.2648620000D+01 0.1640000000D-01 0.3429800000D+01 0.2921300000D+01
2 9520030930200310072452912.4-0.5900000000D-02 0.4100000000D-03 0.7112740000D+02 0.6938800000D+00 0.5290000000D-02 0.6500000000D-02 0.9377890000D+00 0.4274800000D+01 0.5478900000D+01 0.5505900000D+01 0.1190000000D-01-0.3600000000D-03 0.2839080000D+02 0.2013200000D+00 0.2160000000D-02 0.7000000000D-03 0.6058651000D+01 0.3410700000D+01 0.2847000000D+00 0.4205200000D+01
2 9620031007200310142452919.4-0.5300000000D-02 0.4100000000D-03 0.6632950000D+02 0.7233800000D+00 0.1901000000D-02 0.5300000000D-02 0.4355331000D+01 0.1523800000D+01 0.3117100000D+01 0.5632600000D+01 0.1080000000D-01-0.2800000000D-03 0.2724610000D+02 0.1715100000D+00 0.1667000000D-02 0.1700000000D-02 0.3188319000D+01 0.5624000000D+00 0.3859700000D+01 0.5354000000D+01
2 9720031014200310212452926.4-0.4800000000D-02 0.2800000000D-03 0.6156100000D+02 0.7216900000D+00 0.2747000000D-02 0.2500000000D-02 0.1480654000D+01 0.4994000000D+01 0.4968000000D+00 0.5778300000D+01 0.1030000000D-01-0.3400000000D-03 0.2627240000D+02 0.1482300000D+00 0.1123000000D-02 0.2000000000D-02 0.3195570000D+00 0.3970600000D+01 0.1871000000D+00 0.5506000000D+01
2 9820031021200310282452933.4-0.3900000000D-02 0.1800000000D-03 0.5696340000D+02 0.7145800000D+00 0.2291000000D-02 0.2000000000D-03 0.4882222000D+01 0.2197600000D+01 0.5367500000D+01 0.8161000000D+00 0.9900000000D-02-0.3700000000D-03 0.2542470000D+02 0.1363100000D+00 0.7510000000D-03 0.1600000000D-02 0.3735002000D+01 0.1190900000D+01 0.4107600000D+01 0.5538000000D+01
2 9920031028200311042452940.4-0.2400000000D-02 0.1000000000D-04 0.5261660000D+02 0.6829500000D+00 0.1964000000D-02 0.1700000000D-02 0.1993082000D+01 0.5634200000D+01 0.2099500000D+01 0.2680400000D+01 0.9300000000D-02-0.3200000000D-03 0.2467570000D+02 0.1262700000D+00 0.8370000000D-03 0.1000000000D-02 0.8656350000D+00 0.4652400000D+01 0.6187000000D+01 0.5181600000D+01
210020031104200311112452947.4-0.1800000000D-02 0.2000000000D-04 0.4857200000D+02 0.6570600000D+00 0.3014000000D-02 0.2100000000D-02 0.5381728000D+01 0.2800000000D+01 0.6173100000D+01 0.2445400000D+01 0.8900000000D-02-0.3400000000D-03 0.2399910000D+02 0.1270500000D+00 0.3720000000D-03 0.6000000000D-03 0.4277591000D+01 0.1893400000D+01 0.3166600000D+01 0.4012600000D+01
210120031111200311182452954.4-0.9000000000D-03-0.6000000000D-04 0.4483440000D+02 0.6158500000D+00 0.2129000000D-02 0.1500000000D-02 0.2481514000D+01 0.6220400000D+01 0.3376800000D+01 0.1963300000D+01 0.8800000000D-02-0.4000000000D-03 0.2336890000D+02 0.1288700000D+00 0.7130000000D-03 0.6000000000D-03 0.1402729000D+01 0.5369400000D+01 0.5969000000D+01 0.3346800000D+01
210220031118200311252452961.4 0.0000000000D+00-0.1400000000D-03 0.4140710000D+02 0.5867100000D+00 0.2900000000D-02 0.1500000000D-02 0.5860355000D+01 0.3356400000D+01 0.5487000000D+00 0.1205400000D+01 0.8400000000D-02-0.3700000000D-03 0.2276230000D+02 0.1369100000D+00 0.4870000000D-03 0.5000000000D-03 0.4807527000D+01 0.2559800000D+01 0.2735600000D+01 0.3031100000D+01
210320031125200312022452968.4 0.3000000000D-03-0.9000000000D-04 0.3825290000D+02 0.5497100000D+00 0.2647000000D-02 0.2300000000D-02 0.2951613000D+01 0.4860000000D+00 0.4159900000D+01 0.6864000000D+00 0.7900000000D-02-0.3100000000D-03 0.2216330000D+02 0.1443200000D+00 0.5210000000D-03 0.4000000000D-03 0.1925002000D+01 0.6006700000D+01 0.5825100000D+01 0.1441800000D+01
210420031202200312092452975.4 0.8000000000D-03-0.1200000000D-03 0.3537550000D+02 0.5171100000D+00 0.2317000000D-02 0.2500000000D-02 0.3893400000D-01 0.3883400000D+01 0.1110900000D+01 0.5028000000D+00 0.7700000000D-02-0.3300000000D-03 0.2156540000D+02 0.1508200000D+00 0.6480000000D-03 0.1000000000D-02 0.5321582000D+01 0.3147500000D+01 0.2955500000D+01 0.5159000000D+00
210520031209200312162452982.4 0.1500000000D-02-0.2100000000D-03 0.3274050000D+02 0.4873900000D+00 0.2854000000D-02 0.2100000000D-02 0.3406052000D+01 0.1011200000D+01 0.4798200000D+01 0.5843000000D+00 0.7600000000D-02-0.3400000000D-03 0.2096210000D+02 0.1601400000D+00 0.5970000000D-03 0.1500000000D-02 0.2431397000D+01 0.2882000000D+00 0.5366000000D+01 0.4435000000D+00
210620031216200312232452989.4 0.1800000000D-02-0.1900000000D-03 0.3034230000D+02 0.4559100000D+00 0.1952000000D-02 0.1200000000D-02 0.4859920000D+00 0.4395300000D+01 0.1789600000D+01 0.7425000000D+00 0.7100000000D-02-0.2500000000D-03 0.2034790000D+02 0.1633000000D+00 0.6700000000D-03 0.1700000000D-02 0.5820457000D+01 0.3676800000D+01 0.3015400000D+01 0.4761000000D+00
210720031223200312302452996.4 0.2100000000D-02-0.1900000000D-03 0.2815050000D+02 0.4328100000D+00 0.2540000000D-02 0.6000000000D-03 0.3846041000D+01 0.1514000000D+01 0.5309100000D+01 0.2408700000D+01 0.6700000000D-02-0.2300000000D-03 0.1972170000D+02 0.1709300000D+00 0.7020000000D-03 0.1300000000D-02 0.2923563000D+01 0.7939000000D+00 0.5493900000D+01 0.5368000000D+00
210820031230200401062453003.4 0.2700000000D-02-0.2800000000D-03 0.2615660000D+02 0.4049000000D+00 0.1745000000D-02 0.1500000000D-02 0.9186910000D+00 0.4896400000D+01 0.2411100000D+01 0.3080600000D+01 0.6600000000D-02-0.2700000000D-03 0.1908330000D+02 0.1709200000D+00 0.7260000000D-03 0.6000000000D-03 0.2326800000D-01 0.4173100000D+01 0.3054600000D+01 0.1190400000D+01
210920040106200401132453010.4 0.3200000000D-02-0.2900000000D-03 0.2434680000D+02 0.3856500000D+00 0.2236000000D-02 0.2100000000D-02 0.4271288000D+01 0.2008300000D+01 0.5856500000D+01 0.3344900000D+01 0.6300000000D-02-0.2300000000D-03 0.1843880000D+02 0.1755100000D+00 0.8240000000D-03 0.7000000000D-03 0.3404112000D+01 0.1271300000D+01 0.5768100000D+01 0.2790500000D+01
