 4 2   2  56 19.7027 4.9788  7.0  7.0  109 2458483.5000 2019                                                                                                                                                                                                                                                                                                                     
1  220181231201901072458483.4 0.1439000000D+00-0.1810000000D-02 0.9440100000D+01 0.1393700000D+00 0.6540000000D-03 0.6940000000D-01 0.4049244000D+01 0.1805800000D+01 0.5893000000D+01-0.2124400000D+01-0.3230000000D-01 0.3300000000D-03 0.6293100000D+01 0.4413000000D-01 0.4090000000D-03 0.4750000000D-01 0.3089317000D+01 0.1284500000D+01 0.2259000000D+00-0.3076300000D+01
1  320190107201901142458490.4 0.1321000000D+00-0.1710000000D-02 0.8857200000D+01 0.1343200000D+00 0.7300000000D-03 0.6500000000D-01 0.3655834000D+01 0.1437900000D+01 0.5388000000D+01-0.2904600000D+01-0.2980000000D-01 0.2600000000D-03 0.6208900000D+01 0.4763000000D-01 0.4240000000D-03 0.4710000000D-01 0.2729142000D+01 0.8741000000D+00 0.5855900000D+01-0.3815100000D+01
1  420190114201901212458497.4 0.1207000000D+00-0.1580000000D-02 0.8316100000D+01 0.1286600000D+00 0.8000000000D-03 0.6160000000D-01 0.3258973000D+01 0.1071900000D+01 0.5049800000D+01-0.3682300000D+01-0.2770000000D-01 0.2400000000D-03 0.6103000000D+01 0.4991000000D-01 0.4480000000D-03 0.4620000000D-01 0.2365487000D+01 0.4628000000D+00 0.5380000000D+01-0.4550500000D+01
1  520190121201901282458504.4 0.1098000000D+00-0.1430000000D-02 0.7818200000D+01 0.1225900000D+00 0.7620000000D-03 0.5810000000D-01 0.2858385000D+01 0.7016000000D+00 0.4802900000D+01-0.4452500000D+01-0.2600000000D-01 0.2800000000D-03 0.5978400000D+01 0.5152000000D-01 0.4100000000D-03 0.4490000000D-01 0.1999149000D+01 0.4490000000D-01 0.4991200000D+01-0.5292600000D+01
1  620190128201902042458511.4 0.9930000000D-01-0.1240000000D-02 0.7363900000D+01 0.1170600000D+00 0.6150000000D-03 0.5430000000D-01 0.2454022000D+01 0.3243000000D+00 0.4526800000D+01-0.5231500000D+01-0.2460000000D-01 0.3300000000D-03 0.5836500000D+01 0.5296000000D-01 0.3190000000D-03 0.4370000000D-01 0.1630867000D+01 0.5910800000D+01 0.4489400000D+01-0.6044000000D+01
1  720190204201902112458518.4 0.8950000000D-01-0.1100000000D-02 0.6951800000D+01 0.1126700000D+00 0.4720000000D-03 0.5120000000D-01 0.2045920000D+01 0.6229100000D+01 0.4083300000D+01-0.6026100000D+01-0.2300000000D-01 0.3100000000D-03 0.5678300000D+01 0.5397000000D-01 0.2930000000D-03 0.4270000000D-01 0.1261121000D+01 0.5505200000D+01 0.3761900000D+01-0.5087000000D+00
1  820190211201902182458525.4 0.8060000000D-01-0.1110000000D-02 0.6580000000D+01 0.1090500000D+00 0.4610000000D-03 0.4890000000D-01 0.1634055000D+01 0.5857300000D+01 0.3534200000D+01-0.5347000000D+00-0.2130000000D-01 0.1900000000D-03 0.5505800000D+01 0.5404000000D-01 0.3650000000D-03 0.4140000000D-01 0.8902310000D+00 0.5107800000D+01 0.3214400000D+01-0.1250600000D+01
1  920190218201902252458532.4 0.7230000000D-01-0.1240000000D-02 0.6247800000D+01 0.1054100000D+00 0.5420000000D-03 0.4660000000D-01 0.1218296000D+01 0.5491800000D+01 0.3179700000D+01-0.1320400000D+01-0.1970000000D-01 0.5000000000D-04 0.5321900000D+01 0.5315000000D-01 0.4270000000D-03 0.3980000000D-01 0.5185960000D+00 0.4706100000D+01 0.2891300000D+01-0.1995700000D+01
1 1020190225201903042458539.4 0.6430000000D-01-0.1360000000D-02 0.5956000000D+01 0.1013600000D+00 0.5890000000D-03 0.4420000000D-01 0.7985830000D+00 0.5125200000D+01 0.2977100000D+01-0.2113800000D+01-0.1840000000D-01 0.1000000000D-04 0.5128800000D+01 0.5188000000D-01 0.4140000000D-03 0.3810000000D-01 0.1468090000D+00 0.4290900000D+01 0.2582100000D+01-0.2746500000D+01
1 1120190304201903112458546.4 0.5600000000D-01-0.1330000000D-02 0.5706000000D+01 0.9725000000D-01 0.5440000000D-03 0.4230000000D-01 0.3753100000D+00 0.4750000000D+01 0.2788200000D+01-0.2921000000D+01-0.1760000000D-01 0.1000000000D-03 0.4927600000D+01 0.5079000000D-01 0.3550000000D-03 0.3670000000D-01 0.6058800000D+01 0.3867100000D+01 0.2111700000D+01-0.3496000000D+01
1 1220190311201903182458553.4 0.4760000000D-01-0.1140000000D-02 0.5497300000D+01 0.9386000000D-01 0.4380000000D-03 0.4130000000D-01 0.6232707000D+01 0.4367100000D+01 0.2458100000D+01-0.3725800000D+01-0.1680000000D-01 0.2600000000D-03 0.4717800000D+01 0.4980000000D-01 0.3540000000D-03 0.3530000000D-01 0.5688852000D+01 0.3447100000D+01 0.1465200000D+01-0.4235800000D+01
1 1320190318201903252458560.4 0.3950000000D-01-0.8900000000D-03 0.5326000000D+01 0.9129000000D-01 0.3880000000D-03 0.4020000000D-01 0.5805467000D+01 0.3985400000D+01 0.1908700000D+01-0.4521500000D+01-0.1550000000D-01 0.3600000000D-03 0.4499600000D+01 0.4832000000D-01 0.4180000000D-03 0.3350000000D-01 0.5320529000D+01 0.3031500000D+01 0.9643000000D+00-0.4974000000D+01
1 1420190325201904012458567.4 0.3230000000D-01-0.7500000000D-03 0.5188400000D+01 0.8882000000D-01 0.4410000000D-03 0.3910000000D-01 0.5377441000D+01 0.3609900000D+01 0.1417700000D+01-0.5321500000D+01-0.1370000000D-01 0.3700000000D-03 0.4274100000D+01 0.4623000000D-01 0.4530000000D-03 0.3160000000D-01 0.4954223000D+01 0.2609000000D+01 0.6195000000D+00-0.5717200000D+01
1 1520190401201904082458574.4 0.2600000000D-01-0.7400000000D-03 0.5082900000D+01 0.8579000000D-01 0.5180000000D-03 0.3830000000D-01 0.4949237000D+01 0.3236400000D+01 0.1133700000D+01-0.6131900000D+01-0.1150000000D-01 0.3000000000D-03 0.4043300000D+01 0.4394000000D-01 0.4310000000D-03 0.2990000000D-01 0.4590638000D+01 0.2171900000D+01 0.2923000000D+00-0.1757000000D+00
1 1620190408201904152458581.4 0.2030000000D-01-0.8000000000D-03 0.5008300000D+01 0.8234000000D-01 0.5460000000D-03 0.3810000000D-01 0.4521966000D+01 0.2856100000D+01 0.9177000000D+00-0.6541000000D+00-0.9300000000D-02 0.2600000000D-03 0.3808300000D+01 0.4197000000D-01 0.3860000000D-03 0.2830000000D-01 0.4230831000D+01 0.1724100000D+01 0.6150000000D+01-0.9050000000D+00
1 1720190415201904222458588.4 0.1480000000D-01-0.8200000000D-03 0.4961000000D+01 0.7919000000D-01 0.5080000000D-03 0.3800000000D-01 0.4097055000D+01 0.2465000000D+01 0.6209000000D+00-0.1443600000D+01-0.7100000000D-02 0.2800000000D-03 0.3569500000D+01 0.4034000000D-01 0.3770000000D-03 0.2640000000D-01 0.3875909000D+01 0.1277200000D+01 0.5616200000D+01-0.1625900000D+01
1 1820190422201904292458595.4 0.9400000000D-02-0.7900000000D-03 0.4934900000D+01 0.7674000000D-01 0.4560000000D-03 0.3760000000D-01 0.3675463000D+01 0.2069200000D+01 0.1436000000D+00-0.2235100000D+01-0.4900000000D-02 0.3300000000D-03 0.3327600000D+01 0.3866000000D-01 0.4090000000D-03 0.2440000000D-01 0.3526782000D+01 0.8332000000D+00 0.5125200000D+01-0.2349700000D+01
1 1920190429201905062458602.4 0.4300000000D-02-0.7300000000D-03 0.4924000000D+01 0.7455000000D-01 0.4700000000D-03 0.3740000000D-01 0.3257450000D+01 0.1676400000D+01 0.5851000000D+01-0.3034200000D+01-0.2400000000D-02 0.4000000000D-03 0.3084600000D+01 0.3675000000D-01 0.4310000000D-03 0.2270000000D-01 0.3184459000D+01 0.3833000000D+00 0.4714800000D+01-0.3068200000D+01
1 2020190506201905132458609.4-0.3000000000D-03-0.6500000000D-03 0.4924700000D+01 0.7197000000D-01 0.5330000000D-03 0.3780000000D-01 0.2843104000D+01 0.1286400000D+01 0.5389100000D+01-0.3824400000D+01 0.2000000000D-03 0.4400000000D-03 0.2843700000D+01 0.3487000000D-01 0.4150000000D-03 0.2090000000D-01 0.2850472000D+01 0.6204900000D+01 0.4307500000D+01-0.3769900000D+01
1 2120190513201905202458616.4-0.4600000000D-02-0.5400000000D-03 0.4934000000D+01 0.6879000000D-01 0.5580000000D-03 0.3800000000D-01 0.2432639000D+01 0.8922000000D+00 0.5065600000D+01-0.4598400000D+01 0.3200000000D-02 0.4600000000D-03 0.2608300000D+01 0.3325000000D-01 0.3770000000D-03 0.1910000000D-01 0.2526891000D+01 0.5736000000D+01 0.3836600000D+01-0.4455500000D+01
1 2220190520201905272458623.4-0.8600000000D-02-0.4000000000D-03 0.4948800000D+01 0.6549000000D-01 0.4990000000D-03 0.3770000000D-01 0.2026346000D+01 0.4876000000D+00 0.4778700000D+01-0.5373100000D+01 0.6400000000D-02 0.4800000000D-03 0.2382000000D+01 0.3186000000D-01 0.3520000000D-03 0.1730000000D-01 0.2216141000D+01 0.5269000000D+01 0.3297100000D+01-0.5133200000D+01
1 2320190527201906032458630.4-0.1200000000D-01-0.2600000000D-03 0.4964600000D+01 0.6272000000D-01 0.4030000000D-03 0.3780000000D-01 0.1624303000D+01 0.7710000000D-01 0.4398900000D+01-0.6153700000D+01 0.9700000000D-02 0.4900000000D-03 0.2169000000D+01 0.3043000000D-01 0.3500000000D-03 0.1580000000D-01 0.1920790000D+01 0.4806100000D+01 0.2787400000D+01-0.5798600000D+01
1 2420190603201906102458637.4-0.1470000000D-01-0.2200000000D-03 0.4977900000D+01 0.6054000000D-01 0.3590000000D-03 0.3810000000D-01 0.1226261000D+01 0.5953900000D+01 0.3864600000D+01-0.6417000000D+00 0.1300000000D-01 0.4900000000D-03 0.1975200000D+01 0.2886000000D-01 0.3430000000D-03 0.1450000000D-01 0.1643394000D+01 0.4341200000D+01 0.2347700000D+01-0.1546000000D+00
1 2520190610201906172458644.4-0.1680000000D-01-0.2800000000D-03 0.4986400000D+01 0.5849000000D-01 0.3970000000D-03 0.3820000000D-01 0.8317650000D+00 0.5555900000D+01 0.3385100000D+01-0.1400900000D+01 0.1640000000D-01 0.4800000000D-03 0.1807600000D+01 0.2731000000D-01 0.3190000000D-03 0.1330000000D-01 0.1386029000D+01 0.3870800000D+01 0.1917900000D+01-0.7694000000D+00
1 2620190617201906242458651.4-0.1850000000D-01-0.3700000000D-03 0.4989500000D+01 0.5614000000D-01 0.4400000000D-03 0.3800000000D-01 0.4403170000D+00 0.5160300000D+01 0.3090900000D+01-0.2159300000D+01 0.1980000000D-01 0.4800000000D-03 0.1673700000D+01 0.2593000000D-01 0.2940000000D-03 0.1240000000D-01 0.1149133000D+01 0.3398600000D+01 0.1447700000D+01-0.1369200000D+01
1 2720190624201907012458658.4-0.2030000000D-01-0.3800000000D-03 0.4987600000D+01 0.5367000000D-01 0.4190000000D-03 0.3780000000D-01 0.5164400000D-01 0.4756600000D+01 0.2871300000D+01-0.2923200000D+01 0.2320000000D-01 0.4700000000D-03 0.1580000000D+01 0.2468000000D-01 0.2860000000D-03 0.1180000000D-01 0.9300340000D+00 0.2927800000D+01 0.9575000000D+00-0.1957800000D+01
1 2820190701201907082458665.4-0.2210000000D-01-0.2700000000D-03 0.4980300000D+01 0.5173000000D-01 0.3390000000D-03 0.3790000000D-01 0.5948875000D+01 0.4344100000D+01 0.2568700000D+01-0.3681800000D+01 0.2660000000D-01 0.4600000000D-03 0.1530700000D+01 0.2343000000D-01 0.2860000000D-03 0.1170000000D-01 0.7220170000D+00 0.2455900000D+01 0.5040000000D+00-0.2535500000D+01
1 2920190708201907152458672.4-0.2390000000D-01-0.1000000000D-03 0.4966100000D+01 0.5049000000D-01 0.2680000000D-03 0.3790000000D-01 0.5565396000D+01 0.3934400000D+01 0.2057400000D+01-0.4431500000D+01 0.2990000000D-01 0.4600000000D-03 0.1526300000D+01 0.2222000000D-01 0.2790000000D-03 0.1180000000D-01 0.5151390000D+00 0.1977000000D+01 0.8000000000D-01-0.3113600000D+01
1 3020190715201907222458679.4-0.2530000000D-01 0.2000000000D-04 0.4944200000D+01 0.4954000000D-01 0.2690000000D-03 0.3760000000D-01 0.5183837000D+01 0.3536500000D+01 0.1501700000D+01-0.5179600000D+01 0.3300000000D-01 0.4500000000D-03 0.1562800000D+01 0.2119000000D-01 0.2660000000D-03 0.1220000000D-01 0.2992220000D+00 0.1491100000D+01 0.5915900000D+01-0.3710100000D+01
1 3120190722201907292458686.4-0.2600000000D-01 0.2000000000D-04 0.4915600000D+01 0.4833000000D-01 0.3070000000D-03 0.3720000000D-01 0.4803582000D+01 0.3148100000D+01 0.1187700000D+01-0.5933000000D+01 0.3620000000D-01 0.4400000000D-03 0.1633200000D+01 0.2039000000D-01 0.2640000000D-03 0.1280000000D-01 0.6719700000D-01 0.1003400000D+01 0.5439500000D+01-0.4325300000D+01
1 3220190729201908052458693.4-0.2630000000D-01-0.5000000000D-04 0.4882400000D+01 0.4692000000D-01 0.3210000000D-03 0.3710000000D-01 0.4424346000D+01 0.2757900000D+01 0.1022300000D+01-0.4039000000D+00 0.3920000000D-01 0.4100000000D-03 0.1728900000D+01 0.1971000000D-01 0.2710000000D-03 0.1370000000D-01 0.6099368000D+01 0.5138000000D+00 0.4989400000D+01-0.4952900000D+01
1 3320190805201908122458700.4-0.2660000000D-01-0.1200000000D-03 0.4845800000D+01 0.4587000000D-01 0.2940000000D-03 0.3700000000D-01 0.4046142000D+01 0.2360900000D+01 0.8290000000D+00-0.1148700000D+01 0.4210000000D-01 0.3900000000D-03 0.1842100000D+01 0.1916000000D-01 0.2700000000D-03 0.1450000000D-01 0.5829606000D+01 0.1730000000D-01 0.4571700000D+01-0.5598200000D+01
1 3420190812201908192458707.4-0.2710000000D-01-0.1400000000D-03 0.4805700000D+01 0.4551000000D-01 0.2450000000D-03 0.3650000000D-01 0.3668797000D+01 0.1964400000D+01 0.4726000000D+00-0.1890900000D+01 0.4480000000D-01 0.3800000000D-03 0.1965900000D+01 0.1886000000D-01 0.2560000000D-03 0.1550000000D-01 0.5542966000D+01 0.5798000000D+01 0.4148700000D+01-0.6264700000D+01
1 3520190819201908262458714.4-0.2780000000D-01-0.1200000000D-03 0.4761800000D+01 0.4555000000D-01 0.2220000000D-03 0.3600000000D-01 0.3291815000D+01 0.1576800000D+01 0.6193400000D+01-0.2640300000D+01 0.4750000000D-01 0.3800000000D-03 0.2095300000D+01 0.1890000000D-01 0.2370000000D-03 0.1650000000D-01 0.5241902000D+01 0.5298200000D+01 0.3670600000D+01-0.6626000000D+00
1 3620190826201909022458721.4-0.2850000000D-01-0.1000000000D-03 0.4715100000D+01 0.4558000000D-01 0.2460000000D-03 0.3560000000D-01 0.2914668000D+01 0.1198200000D+01 0.5646900000D+01-0.3393800000D+01 0.5000000000D-01 0.3800000000D-03 0.2226500000D+01 0.1915000000D-01 0.2320000000D-03 0.1750000000D-01 0.4928873000D+01 0.4810200000D+01 0.3158400000D+01-0.1348100000D+01
1 3720190902201909092458728.4-0.2920000000D-01-0.1100000000D-03 0.4667400000D+01 0.4534000000D-01 0.2740000000D-03 0.3550000000D-01 0.2536997000D+01 0.8214000000D+00 0.5311600000D+01-0.4137900000D+01 0.5240000000D-01 0.3500000000D-03 0.2357400000D+01 0.1944000000D-01 0.2390000000D-03 0.1850000000D-01 0.4606133000D+01 0.4331700000D+01 0.2720100000D+01-0.2039500000D+01
1 3820190909201909162458735.4-0.2990000000D-01-0.1000000000D-03 0.4620100000D+01 0.4503000000D-01 0.2620000000D-03 0.3500000000D-01 0.2158640000D+01 0.4393000000D+00 0.5120900000D+01-0.4877800000D+01 0.5490000000D-01 0.3000000000D-03 0.2485800000D+01 0.1974000000D-01 0.2370000000D-03 0.1930000000D-01 0.4275579000D+01 0.3855400000D+01 0.2383100000D+01-0.2744000000D+01
1 3920190916201909232458742.4-0.3080000000D-01-0.6000000000D-04 0.4573500000D+01 0.4503000000D-01 0.2160000000D-03 0.3440000000D-01 0.1779439000D+01 0.5450000000D-01 0.4963600000D+01-0.5628200000D+01 0.5720000000D-01 0.2400000000D-03 0.2610100000D+01 0.2024000000D-01 0.2170000000D-03 0.2030000000D-01 0.3938688000D+01 0.3382600000D+01 0.2060700000D+01-0.3456200000D+01
1 4020190923201909302458749.4-0.3170000000D-01-0.3000000000D-04 0.4527900000D+01 0.4551000000D-01 0.1620000000D-03 0.3410000000D-01 0.1399155000D+01 0.5957800000D+01 0.4692800000D+01-0.1000000000D+00 0.5920000000D-01 0.2300000000D-03 0.2729100000D+01 0.2104000000D-01 0.1880000000D-03 0.2120000000D-01 0.3596572000D+01 0.2922200000D+01 0.1633200000D+01-0.4168500000D+01
1 4120190930201910072458756.4-0.3260000000D-01-0.7000000000D-04 0.4483800000D+01 0.4633000000D-01 0.1410000000D-03 0.3400000000D-01 0.1017460000D+01 0.5588500000D+01 0.4146600000D+01-0.8484000000D+00 0.6100000000D-01 0.2600000000D-03 0.2842200000D+01 0.2198000000D-01 0.1830000000D-03 0.2200000000D-01 0.3250031000D+01 0.2481800000D+01 0.1053700000D+01-0.4879400000D+01
1 4220191007201910142458763.4-0.3350000000D-01-0.2000000000D-03 0.4442200000D+01 0.4712000000D-01 0.1830000000D-03 0.3360000000D-01 0.6338820000D+00 0.5227700000D+01 0.3686700000D+01-0.1593200000D+01 0.6270000000D-01 0.3100000000D-03 0.2949400000D+01 0.2272000000D-01 0.2130000000D-03 0.2270000000D-01 0.2899774000D+01 0.2054800000D+01 0.5711000000D+00-0.5596700000D+01
1 4320191014201910212458770.4-0.3470000000D-01-0.3600000000D-03 0.4405200000D+01 0.4774000000D-01 0.2400000000D-03 0.3310000000D-01 0.2480060000D+00 0.4865600000D+01 0.3507000000D+01-0.2347500000D+01 0.6440000000D-01 0.3300000000D-03 0.3050900000D+01 0.2326000000D-01 0.2320000000D-03 0.2340000000D-01 0.2546597000D+01 0.1625700000D+01 0.2480000000D+00-0.3830000000D-01
1 4420191021201910282458777.4-0.3640000000D-01-0.4300000000D-03 0.4374800000D+01 0.4853000000D-01 0.2620000000D-03 0.3290000000D-01 0.6142894000D+01 0.4495300000D+01 0.3405700000D+01-0.3108300000D+01 0.6630000000D-01 0.2900000000D-03 0.3146000000D+01 0.2388000000D-01 0.2110000000D-03 0.2420000000D-01 0.2191204000D+01 0.1190500000D+01 0.6221300000D+01-0.7619000000D+00
1 4520191028201911042458784.4-0.3880000000D-01-0.3900000000D-03 0.4352000000D+01 0.4987000000D-01 0.2380000000D-03 0.3290000000D-01 0.5752182000D+01 0.4120600000D+01 0.3265500000D+01-0.3867400000D+01 0.6820000000D-01 0.1900000000D-03 0.3233800000D+01 0.2471000000D-01 0.1670000000D-03 0.2490000000D-01 0.1834010000D+01 0.7600000000D+00 0.5759200000D+01-0.1482800000D+01
1 4620191104201911112458791.4-0.4160000000D-01-0.3000000000D-03 0.4337100000D+01 0.5178000000D-01 0.1960000000D-03 0.3290000000D-01 0.5358896000D+01 0.3750900000D+01 0.2948500000D+01-0.4623500000D+01 0.6980000000D-01 0.1100000000D-03 0.3313700000D+01 0.2551000000D-01 0.1560000000D-03 0.2540000000D-01 0.1475188000D+01 0.3447000000D+00 0.5087300000D+01-0.2204600000D+01
1 4720191111201911182458798.4-0.4440000000D-01-0.2800000000D-03 0.4330900000D+01 0.5386000000D-01 0.2000000000D-03 0.3270000000D-01 0.4962586000D+01 0.3391300000D+01 0.2369600000D+01-0.5383500000D+01 0.7110000000D-01 0.9000000000D-04 0.3385800000D+01 0.2591000000D-01 0.1930000000D-03 0.2580000000D-01 0.1114958000D+01 0.6223300000D+01 0.4576900000D+01-0.2933100000D+01
1 4820191118201911252458805.4-0.4720000000D-01-0.3700000000D-03 0.4336600000D+01 0.5572000000D-01 0.2730000000D-03 0.3270000000D-01 0.4562938000D+01 0.3034700000D+01 0.1931300000D+01-0.6155000000D+01 0.7210000000D-01 0.1200000000D-03 0.3450200000D+01 0.2590000000D-01 0.2200000000D-03 0.2630000000D-01 0.7538610000D+00 0.5813300000D+01 0.4264600000D+01-0.3662900000D+01
1 4920191125201912022458812.4-0.5020000000D-01-0.5200000000D-03 0.4357600000D+01 0.5754000000D-01 0.3470000000D-03 0.3310000000D-01 0.4160179000D+01 0.2671500000D+01 0.1682100000D+01-0.6454000000D+00 0.7280000000D-01 0.1500000000D-03 0.3506200000D+01 0.2583000000D-01 0.2140000000D-03 0.2680000000D-01 0.3925290000D+00 0.5392300000D+01 0.3926200000D+01-0.4387400000D+01
1 5020191202201912092458819.4-0.5380000000D-01-0.6700000000D-03 0.4396300000D+01 0.5980000000D-01 0.3800000000D-03 0.3370000000D-01 0.3754806000D+01 0.2300800000D+01 0.1455300000D+01-0.1412000000D+01 0.7360000000D-01 0.1400000000D-03 0.3552100000D+01 0.2585000000D-01 0.1960000000D-03 0.2710000000D-01 0.3136300000D-01 0.4968100000D+01 0.3413800000D+01-0.5109200000D+01
1 5120191209201912162458826.4-0.5810000000D-01-0.7500000000D-03 0.4453500000D+01 0.6275000000D-01 0.3620000000D-03 0.3400000000D-01 0.3347158000D+01 0.1928600000D+01 0.1139300000D+01-0.2179800000D+01 0.7440000000D-01 0.8000000000D-04 0.3586700000D+01 0.2579000000D-01 0.2080000000D-03 0.2720000000D-01 0.5953779000D+01 0.4547200000D+01 0.2742500000D+01-0.5835500000D+01
1 5220191216201912232458833.4-0.6300000000D-01-0.8000000000D-03 0.4530900000D+01 0.6618000000D-01 0.3290000000D-03 0.3440000000D-01 0.2937388000D+01 0.1560800000D+01 0.6475000000D+00-0.2961800000D+01 0.7480000000D-01 0.1000000000D-04 0.3609100000D+01 0.2535000000D-01 0.2560000000D-03 0.2730000000D-01 0.5593688000D+01 0.4125800000D+01 0.2159100000D+01-0.2821000000D+00
1 5320191223201912302458840.4-0.6840000000D-01-0.8700000000D-03 0.4631400000D+01 0.6949000000D-01 0.3460000000D-03 0.3550000000D-01 0.2525775000D+01 0.1196800000D+01 0.6700000000D-01-0.3743700000D+01 0.7490000000D-01-0.4000000000D-04 0.3618600000D+01 0.2439000000D-01 0.2960000000D-03 0.2750000000D-01 0.5234799000D+01 0.3690700000D+01 0.1707700000D+01-0.1002200000D+01
1 5420191230202001062458847.4-0.7430000000D-01-0.9300000000D-03 0.4758100000D+01 0.7240000000D-01 0.4080000000D-03 0.3680000000D-01 0.2113026000D+01 0.8304000000D+00 0.5921700000D+01-0.4513000000D+01 0.7460000000D-01-0.9000000000D-04 0.3613800000D+01 0.2313000000D-01 0.3060000000D-03 0.2740000000D-01 0.4877834000D+01 0.3231300000D+01 0.1273400000D+01-0.1716200000D+01
1 5520200106202001132458854.4-0.8070000000D-01-0.9400000000D-03 0.4912800000D+01 0.7510000000D-01 0.4560000000D-03 0.3780000000D-01 0.1700071000D+01 0.4578000000D+00 0.5636800000D+01-0.5284200000D+01 0.7380000000D-01-0.1700000000D-03 0.3592800000D+01 0.2179000000D-01 0.3020000000D-03 0.2700000000D-01 0.4523532000D+01 0.2747000000D+01 0.7777000000D+00-0.2434000000D+01
2 5620181231201901072458483.4-0.6200000000D-02 0.3000000000D-04 0.2331100000D+02 0.3556800000D+00 0.1892000000D-02 0.2300000000D-02 0.6045792000D+01 0.3840900000D+01 0.1692200000D+01 0.3737600000D+01-0.3000000000D-02 0.1500000000D-03 0.1541810000D+02 0.1246900000D+00 0.1158000000D-02 0.7000000000D-03 0.5168948000D+01 0.3362200000D+01 0.2282100000D+01 0.2395500000D+01
2 5720190107201901142458490.4-0.5900000000D-02 0.2000000000D-04 0.2189100000D+02 0.3412600000D+00 0.1745000000D-02 0.2600000000D-02 0.3110167000D+01 0.9265000000D+00 0.4911300000D+01 0.3910400000D+01-0.2900000000D-02 0.1600000000D-03 0.1518470000D+02 0.1325900000D+00 0.9840000000D-03 0.1100000000D-02 0.2264344000D+01 0.4049000000D+00 0.5389000000D+01 0.3427300000D+01
2 5820190114201901212458497.4-0.5700000000D-02 0.8000000000D-04 0.2057960000D+02 0.3257800000D+00 0.1947000000D-02 0.2300000000D-02 0.1713810000D+00 0.4306300000D+01 0.2133700000D+01 0.4081100000D+01-0.3000000000D-02 0.2100000000D-03 0.1489760000D+02 0.1371700000D+00 0.1094000000D-02 0.1500000000D-02 0.5640005000D+01 0.3743300000D+01 0.2309300000D+01 0.3721500000D+01
2 5920190121201901282458504.4-0.5600000000D-02 0.1100000000D-03 0.1938700000D+02 0.3108700000D+00 0.1463000000D-02 0.1800000000D-02 0.3512361000D+01 0.1386800000D+01 0.5482500000D+01 0.4247900000D+01-0.2800000000D-02 0.1900000000D-03 0.1456670000D+02 0.1398500000D+00 0.9450000000D-03 0.1600000000D-02 0.2730271000D+01 0.7874000000D+00 0.5640800000D+01 0.3916200000D+01
2 6020190128201902042458511.4-0.5300000000D-02 0.1200000000D-03 0.1829870000D+02 0.2999100000D+00 0.1816000000D-02 0.9000000000D-03 0.5670980000D+00 0.4765800000D+01 0.2569200000D+01 0.4566700000D+01-0.2600000000D-02 0.1700000000D-03 0.1419350000D+02 0.1426600000D+00 0.1110000000D-02 0.1400000000D-02 0.6102236000D+01 0.4129900000D+01 0.2420400000D+01 0.3986700000D+01
2 6120190204201902112458518.4-0.5000000000D-02 0.1600000000D-03 0.1731940000D+02 0.2853700000D+00 0.1250000000D-02 0.7000000000D-03 0.3901030000D+01 0.1845800000D+01 0.6087300000D+01 0.5779400000D+01-0.2500000000D-02 0.2000000000D-03 0.1378620000D+02 0.1410100000D+00 0.9160000000D-03 0.8000000000D-03 0.3189450000D+01 0.1173300000D+01 0.5947000000D+01 0.4217900000D+01
2 6220190211201902182458525.4-0.4900000000D-02 0.2100000000D-03 0.1644310000D+02 0.2779200000D+00 0.1713000000D-02 0.1000000000D-02 0.9488730000D+00 0.5224000000D+01 0.3020300000D+01 0.2387000000D+00-0.2400000000D-02 0.2100000000D-03 0.1334800000D+02 0.1424200000D+00 0.1156000000D-02 0.3000000000D-03 0.2763860000D+00 0.4517200000D+01 0.2617800000D+01 0.5165100000D+01
2 6320190218201902252458532.4-0.4600000000D-02 0.2000000000D-03 0.1567070000D+02 0.2648500000D+00 0.1293000000D-02 0.1400000000D-02 0.4275936000D+01 0.2304800000D+01 0.3010000000D+00 0.5408000000D+00-0.2100000000D-02 0.1700000000D-03 0.1288350000D+02 0.1382500000D+00 0.9950000000D-03 0.6000000000D-03 0.3645664000D+01 0.1560600000D+01 0.6123500000D+01 0.3551000000D+00
2 6420190225201903042458539.4-0.4300000000D-02 0.2200000000D-03 0.1499780000D+02 0.2574900000D+00 0.1465000000D-02 0.1400000000D-02 0.1317315000D+01 0.5675400000D+01 0.3557400000D+01 0.6260000000D+00-0.1900000000D-02 0.1800000000D-03 0.1239620000D+02 0.1366200000D+00 0.1104000000D-02 0.1000000000D-02 0.7323620000D+00 0.4893100000D+01 0.2974800000D+01 0.5052000000D+00
2 6520190304201903112458546.4-0.4200000000D-02 0.2700000000D-03 0.1442090000D+02 0.2476200000D+00 0.1305000000D-02 0.1000000000D-02 0.4638946000D+01 0.2757400000D+01 0.7569000000D+00 0.8385000000D+00-0.1900000000D-02 0.2100000000D-03 0.1188630000D+02 0.1322400000D+00 0.1077000000D-02 0.1000000000D-02 0.4102628000D+01 0.1936300000D+01 0.4790000000D-01 0.6321000000D+00
2 6620190311201903182458553.4-0.3900000000D-02 0.2500000000D-03 0.1393680000D+02 0.2402600000D+00 0.1346000000D-02 0.6000000000D-03 0.1675587000D+01 0.6123300000D+01 0.4071800000D+01 0.1128800000D+01-0.1600000000D-02 0.1700000000D-03 0.1135840000D+02 0.1281700000D+00 0.1079000000D-02 0.8000000000D-03 0.1190945000D+01 0.5258500000D+01 0.3307800000D+01 0.7541000000D+00
2 6720190318201903252458560.4-0.3500000000D-02 0.2200000000D-03 0.1354070000D+02 0.2326100000D+00 0.1359000000D-02 0.3000000000D-03 0.4994103000D+01 0.3203600000D+01 0.1151500000D+01 0.2461100000D+01-0.1400000000D-02 0.1400000000D-03 0.1081260000D+02 0.1236400000D+00 0.1170000000D-02 0.4000000000D-03 0.4564187000D+01 0.2297800000D+01 0.3004000000D+00 0.9423000000D+00
2 6820190325201904012458567.4-0.3200000000D-02 0.2300000000D-03 0.1322580000D+02 0.2239300000D+00 0.1242000000D-02 0.7000000000D-03 0.2028935000D+01 0.2806000000D+00 0.4653600000D+01 0.3227900000D+01-0.1300000000D-02 0.1500000000D-03 0.1025160000D+02 0.1175100000D+00 0.9980000000D-03 0.3000000000D-03 0.1656343000D+01 0.5604200000D+01 0.3682100000D+01 0.2779600000D+01
2 6920190401201904082458574.4-0.2900000000D-02 0.2300000000D-03 0.1298460000D+02 0.2190100000D+00 0.1383000000D-02 0.1000000000D-02 0.5347747000D+01 0.3639900000D+01 0.1522700000D+01 0.3432700000D+01-0.1100000000D-02 0.1300000000D-03 0.9676700000D+01 0.1136400000D+00 0.1242000000D-02 0.6000000000D-03 0.5035129000D+01 0.2640300000D+01 0.5913000000D+00 0.3277000000D+01
2 7020190408201904152458581.4-0.2400000000D-02 0.1600000000D-03 0.1280770000D+02 0.2096800000D+00 0.1249000000D-02 0.1100000000D-02 0.2384137000D+01 0.7139000000D+00 0.5121800000D+01 0.3575700000D+01-0.8000000000D-03 0.8000000000D-04 0.9089500000D+01 0.1068000000D+00 0.9830000000D-03 0.7000000000D-03 0.2133959000D+01 0.5931800000D+01 0.3979400000D+01 0.3497200000D+01
2 7120190415201904222458588.4-0.2000000000D-02 0.1500000000D-03 0.1268800000D+02 0.2050900000D+00 0.1336000000D-02 0.1000000000D-02 0.5706263000D+01 0.4066700000D+01 0.1952800000D+01 0.3598200000D+01-0.7000000000D-03 0.7000000000D-04 0.8494600000D+01 0.1025100000D+00 0.1186000000D-02 0.7000000000D-03 0.5521297000D+01 0.2957700000D+01 0.9169000000D+00 0.3482200000D+01
2 7220190422201904292458595.4-0.1700000000D-02 0.1500000000D-03 0.1261210000D+02 0.1960100000D+00 0.1300000000D-02 0.5000000000D-03 0.2747359000D+01 0.1138400000D+01 0.5565700000D+01 0.3798400000D+01-0.6000000000D-03 0.6000000000D-04 0.7894000000D+01 0.9601000000D-01 0.9570000000D-03 0.3000000000D-03 0.2630802000D+01 0.6238700000D+01 0.4300300000D+01 0.3582100000D+01
2 7320190429201905062458602.4-0.1300000000D-02 0.1100000000D-03 0.1257380000D+02 0.1915600000D+00 0.1250000000D-02 0.1000000000D-03 0.6075274000D+01 0.4481700000D+01 0.2384100000D+01 0.5240700000D+01-0.4000000000D-03 0.5000000000D-04 0.7294800000D+01 0.9202000000D-01 0.1105000000D-02 0.0000000000D+00 0.6031339000D+01 0.3253000000D+01 0.1213600000D+01 0.4202100000D+01
2 7420190506201905132458609.4-0.8000000000D-03 0.8000000000D-04 0.1255780000D+02 0.1838300000D+00 0.1323000000D-02 0.6000000000D-03 0.3122926000D+01 0.1551500000D+01 0.5891100000D+01 0.3132000000D+00-0.3000000000D-03 0.2000000000D-04 0.6700000000D+01 0.8623000000D-01 0.9750000000D-03 0.3000000000D-03 0.3157223000D+01 0.2467000000D+00 0.4573200000D+01 0.3657000000D+00
2 7520190513201905202458616.4-0.6000000000D-03 0.8000000000D-04 0.1256210000D+02 0.1774000000D+00 0.1144000000D-02 0.1000000000D-02 0.1743200000D+00 0.4889400000D+01 0.2938500000D+01 0.3598000000D+00-0.3000000000D-03 0.4000000000D-04 0.6121500000D+01 0.8202000000D-01 0.9460000000D-03 0.5000000000D-03 0.2944420000D+00 0.3524000000D+01 0.1488300000D+01 0.3637000000D+00
2 7620190520201905272458623.4-0.2000000000D-03 0.5000000000D-04 0.1257110000D+02 0.1723300000D+00 0.1343000000D-02 0.1100000000D-02 0.3512523000D+01 0.1955100000D+01 0.6204700000D+01 0.4766000000D+00-0.3000000000D-03 0.2000000000D-04 0.5566200000D+01 0.7697000000D-01 0.9640000000D-03 0.4000000000D-03 0.3728595000D+01 0.5224000000D+00 0.4871500000D+01 0.4499000000D+00
2 7720190527201906032458630.4 0.1000000000D-03 0.1000000000D-04 0.1258480000D+02 0.1647200000D+00 0.1089000000D-02 0.1000000000D-02 0.5707290000D+00 0.5289200000D+01 0.3439400000D+01 0.5733000000D+00-0.3000000000D-03 0.2000000000D-04 0.5049400000D+01 0.7319000000D-01 0.8620000000D-03 0.3000000000D-03 0.8958580000D+00 0.3784300000D+01 0.1748900000D+01 0.5824000000D+00
2 7820190603201906102458637.4 0.3000000000D-03 0.1000000000D-04 0.1259120000D+02 0.1613700000D+00 0.1248000000D-02 0.6000000000D-03 0.3915769000D+01 0.2349000000D+01 0.2717000000D+00 0.7537000000D+00-0.3000000000D-03 0.0000000000D+00 0.4583900000D+01 0.6864000000D-01 0.9040000000D-03 0.0000000000D+00 0.4366339000D+01 0.7789000000D+00 0.5132400000D+01 0.1788300000D+01
2 7920190610201906172458644.4 0.6000000000D-03-0.2000000000D-04 0.1259100000D+02 0.1533300000D+00 0.1037000000D-02 0.3000000000D-03 0.9801020000D+00 0.5685400000D+01 0.3954200000D+01 0.2095200000D+01-0.4000000000D-03 0.1000000000D-04 0.4189100000D+01 0.6531000000D-01 0.8000000000D-03 0.2000000000D-03 0.1574911000D+01 0.4030100000D+01 0.1975900000D+01 0.3158900000D+01
2 8020190617201906242458651.4 0.1000000000D-02-0.7000000000D-04 0.1257820000D+02 0.1516600000D+00 0.1174000000D-02 0.6000000000D-03 0.4331055000D+01 0.2741600000D+01 0.6472000000D+00 0.3040800000D+01-0.4000000000D-03 0.0000000000D+00 0.3883800000D+01 0.6092000000D-01 0.8370000000D-03 0.3000000000D-03 0.5089204000D+01 0.1018300000D+01 0.5417500000D+01 0.3366200000D+01
2 8120190624201907012458658.4 0.1300000000D-02-0.8000000000D-04 0.1255190000D+02 0.1445800000D+00 0.9850000000D-03 0.1100000000D-02 0.1400612000D+01 0.6079200000D+01 0.4333100000D+01 0.3352100000D+01-0.5000000000D-03 0.0000000000D+00 0.3684200000D+01 0.5825000000D-01 0.7750000000D-03 0.3000000000D-03 0.2337427000D+01 0.4262600000D+01 0.2265300000D+01 0.3464300000D+01
2 8220190701201907082458665.4 0.1500000000D-02-0.9000000000D-04 0.1251080000D+02 0.1425400000D+00 0.1003000000D-02 0.1100000000D-02 0.4756009000D+01 0.3135400000D+01 0.1155300000D+01 0.3438200000D+01-0.6000000000D-03 0.0000000000D+00 0.3601000000D+01 0.5475000000D-01 0.7820000000D-03 0.0000000000D+00 0.5878545000D+01 0.1233300000D+01 0.5641500000D+01 0.3861200000D+01
2 8320190708201907152458672.4 0.1900000000D-02-0.1400000000D-03 0.1245500000D+02 0.1376900000D+00 0.9350000000D-03 0.8000000000D-03 0.1829660000D+01 0.1943000000D+00 0.4712900000D+01 0.3698600000D+01-0.7000000000D-03 0.1000000000D-04 0.3631100000D+01 0.5245000000D-01 0.7250000000D-03 0.2000000000D-03 0.3133543000D+01 0.4467400000D+01 0.2568800000D+01 0.9570000000D-01
2 8420190715201907222458679.4 0.2100000000D-02-0.1400000000D-03 0.1238570000D+02 0.1355000000D+00 0.8760000000D-03 0.5000000000D-03 0.5188298000D+01 0.3535100000D+01 0.1667900000D+01 0.4219800000D+01-0.8000000000D-03 0.1000000000D-04 0.3762900000D+01 0.5015000000D-01 0.7560000000D-03 0.4000000000D-03 0.3755580000D+00 0.1426900000D+01 0.5895300000D+01 0.3215000000D+00
2 8520190722201907292458686.4 0.2200000000D-02-0.1100000000D-03 0.1230250000D+02 0.1328600000D+00 0.8810000000D-03 0.5000000000D-03 0.2264834000D+01 0.5984000000D+00 0.5049800000D+01 0.5748200000D+01-0.9000000000D-03 0.1000000000D-04 0.3973300000D+01 0.4856000000D-01 0.6740000000D-03 0.4000000000D-03 0.3881309000D+01 0.4648300000D+01 0.2907100000D+01 0.4094000000D+00
2 8620190729201908052458693.4 0.2400000000D-02-0.1300000000D-03 0.1220790000D+02 0.1297700000D+00 0.7520000000D-03 0.1100000000D-02 0.5625366000D+01 0.3942600000D+01 0.2323700000D+01 0.6155800000D+01-0.1000000000D-02 0.2000000000D-04 0.4241800000D+01 0.4796000000D-01 0.7700000000D-03 0.3000000000D-03 0.1082372000D+01 0.1608100000D+01 0.6161300000D+01 0.7799000000D+00
2 8720190805201908122458700.4 0.2600000000D-02-0.1500000000D-03 0.1210300000D+02 0.1298300000D+00 0.8310000000D-03 0.1300000000D-02 0.2703582000D+01 0.1012300000D+01 0.5382400000D+01 0.7910000000D-01-0.1100000000D-02 0.1000000000D-04 0.4547500000D+01 0.4742000000D-01 0.6020000000D-03 0.2000000000D-03 0.4547353000D+01 0.4815000000D+01 0.3229600000D+01 0.1979300000D+01
2 8820190812201908192458707.4 0.2500000000D-02-0.1100000000D-03 0.1199010000D+02 0.1264500000D+00 0.7260000000D-03 0.1400000000D-02 0.6064857000D+01 0.4362400000D+01 0.2858800000D+01 0.2478000000D+00-0.1200000000D-02 0.0000000000D+00 0.4875100000D+01 0.4805000000D-01 0.7530000000D-03 0.4000000000D-03 0.1711293000D+01 0.1789400000D+01 0.2005000000D+00 0.2919600000D+01
2 8920190819201908262458714.4 0.2600000000D-02-0.1100000000D-03 0.1187100000D+02 0.1274800000D+00 0.7220000000D-03 0.1000000000D-02 0.3143428000D+01 0.1433400000D+01 0.5887000000D+01 0.4499000000D+00-0.1200000000D-02 0.0000000000D+00 0.5212700000D+01 0.4897000000D-01 0.5850000000D-03 0.6000000000D-03 0.5144882000D+01 0.5007700000D+01 0.3541700000D+01 0.3160300000D+01
2 9020190826201909022458721.4 0.2800000000D-02-0.1400000000D-03 0.1174620000D+02 0.1252700000D+00 0.7170000000D-03 0.6000000000D-03 0.2212310000D+00 0.4792000000D+01 0.3339700000D+01 0.1198800000D+01-0.1300000000D-02 0.0000000000D+00 0.5551300000D+01 0.5057000000D-01 0.7420000000D-03 0.6000000000D-03 0.2283115000D+01 0.1999300000D+01 0.5231000000D+00 0.3336200000D+01
2 9120190902201909092458728.4 0.2800000000D-02-0.1200000000D-03 0.1162070000D+02 0.1267000000D+00 0.6400000000D-03 0.6000000000D-03 0.3582014000D+01 0.1864400000D+01 0.1725000000D+00 0.2393700000D+01-0.1300000000D-02-0.1000000000D-04 0.5886400000D+01 0.5254000000D-01 0.5680000000D-03 0.4000000000D-03 0.5695810000D+01 0.5237300000D+01 0.3890400000D+01 0.3690300000D+01
2 9220190909201909162458735.4 0.2800000000D-02-0.9000000000D-04 0.1149280000D+02 0.1263500000D+00 0.7030000000D-03 0.1200000000D-02 0.6584230000D+00 0.5229800000D+01 0.3698500000D+01 0.2929900000D+01-0.1400000000D-02 0.0000000000D+00 0.6211700000D+01 0.5497000000D-01 0.6710000000D-03 0.2000000000D-03 0.2817246000D+01 0.2244100000D+01 0.8303000000D+00 0.4696800000D+01
2 9320190916201909232458742.4 0.2900000000D-02-0.1100000000D-03 0.1136840000D+02 0.1266800000D+00 0.6370000000D-03 0.1400000000D-02 0.4016868000D+01 0.2304000000D+01 0.9727000000D+00 0.3122500000D+01-0.1500000000D-02 0.0000000000D+00 0.6526800000D+01 0.5700000000D-01 0.6360000000D-03 0.5000000000D-03 0.6215987000D+01 0.5519500000D+01 0.4277600000D+01 0.5810700000D+01
2 9420190923201909302458749.4 0.3000000000D-02-0.1000000000D-03 0.1124570000D+02 0.1293500000D+00 0.6900000000D-03 0.1300000000D-02 0.1090805000D+01 0.5672500000D+01 0.4059200000D+01 0.3389700000D+01-0.1500000000D-02-0.1000000000D-04 0.6826500000D+01 0.6058000000D-01 0.5900000000D-03 0.8000000000D-03 0.3326514000D+01 0.2530300000D+01 0.1087900000D+01 0.6129300000D+01
2 9520190930201910072458756.4 0.2900000000D-02-0.6000000000D-04 0.1113050000D+02 0.1292400000D+00 0.6880000000D-03 0.1100000000D-02 0.4445667000D+01 0.2750900000D+01 0.1580900000D+01 0.3709400000D+01-0.1500000000D-02-0.3000000000D-04 0.7113400000D+01 0.6220000000D-01 0.6630000000D-03 0.1000000000D-02 0.4326260000D+00 0.5834900000D+01 0.4633200000D+01 0.7140000000D-01
2 9620191007201910142458763.4 0.2900000000D-02-0.4000000000D-04 0.1102350000D+02 0.1334200000D+00 0.6730000000D-03 0.7000000000D-03 0.1515704000D+01 0.6118800000D+01 0.4566800000D+01 0.4468200000D+01-0.1500000000D-02-0.2000000000D-04 0.7383000000D+01 0.6615000000D-01 0.5420000000D-03 0.9000000000D-03 0.3818878000D+01 0.2853200000D+01 0.1383300000D+01 0.2869000000D+00
2 9720191014201910212458770.4 0.2900000000D-02-0.3000000000D-04 0.1092780000D+02 0.1336100000D+00 0.7990000000D-03 0.1000000000D-02 0.4865917000D+01 0.3201500000D+01 0.2179100000D+01 0.5297200000D+01-0.1500000000D-02-0.5000000000D-04 0.7636800000D+01 0.6720000000D-01 0.6990000000D-03 0.6000000000D-03 0.9185560000D+00 0.6178100000D+01 0.4991500000D+01 0.8450000000D+00
2 9820191021201910282458777.4 0.2800000000D-02 0.0000000000D+00 0.1084720000D+02 0.1397500000D+00 0.6680000000D-03 0.1300000000D-02 0.1930901000D+01 0.2842000000D+00 0.5067100000D+01 0.5730000000D+01-0.1400000000D-02-0.6000000000D-04 0.7872500000D+01 0.7141000000D-01 0.5190000000D-03 0.6000000000D-03 0.4299711000D+01 0.3201500000D+01 0.1640700000D+01 0.1757600000D+01
2 9920191028201911042458784.4 0.2700000000D-02 0.2000000000D-04 0.1078380000D+02 0.1410700000D+00 0.8520000000D-03 0.1600000000D-02 0.5275355000D+01 0.3653900000D+01 0.2598500000D+01 0.6010300000D+01-0.1400000000D-02-0.7000000000D-04 0.8090400000D+01 0.7213000000D-01 0.6520000000D-03 0.9000000000D-03 0.1395081000D+01 0.2516000000D+00 0.5249900000D+01 0.2481300000D+01
210020191104201911112458791.4 0.2700000000D-02 0.3000000000D-04 0.1074430000D+02 0.1470500000D+00 0.7230000000D-03 0.1400000000D-02 0.2334028000D+01 0.7346000000D+00 0.5782900000D+01 0.6219700000D+01-0.1300000000D-02-0.7000000000D-04 0.8289400000D+01 0.7502000000D-01 0.5580000000D-03 0.1200000000D-02 0.4772620000D+01 0.3570300000D+01 0.2033900000D+01 0.2768100000D+01
210120191111201911182458798.4 0.2600000000D-02 0.6000000000D-04 0.1073020000D+02 0.1508200000D+00 0.9410000000D-03 0.1100000000D-02 0.5672177000D+01 0.4107100000D+01 0.2994600000D+01 0.3370000000D+00-0.1200000000D-02-0.1100000000D-03 0.8467900000D+01 0.7581000000D-01 0.6340000000D-03 0.1100000000D-02 0.1865488000D+01 0.6191000000D+00 0.5451600000D+01 0.3032000000D+01
210220191118201911252458805.4 0.2400000000D-02 0.9000000000D-04 0.1075030000D+02 0.1569500000D+00 0.8350000000D-03 0.8000000000D-03 0.2724075000D+01 0.1184500000D+01 0.1165000000D+00 0.1036300000D+01-0.1100000000D-02-0.1000000000D-03 0.8624800000D+01 0.7723000000D-01 0.5790000000D-03 0.1000000000D-02 0.5240997000D+01 0.3941200000D+01 0.2366500000D+01 0.3391400000D+01
210320191125201912022458812.4 0.2500000000D-02 0.7000000000D-04 0.1080610000D+02 0.1632800000D+00 0.9620000000D-03 0.1000000000D-02 0.6055728000D+01 0.4556200000D+01 0.3381200000D+01 0.1966400000D+01-0.1100000000D-02-0.8000000000D-04 0.8757700000D+01 0.7790000000D-01 0.6290000000D-03 0.7000000000D-03 0.2332812000D+01 0.9874000000D+00 0.5561500000D+01 0.4104500000D+01
210420191202201912092458819.4 0.2300000000D-02 0.1000000000D-03 0.1090840000D+02 0.1685900000D+00 0.1052000000D-02 0.1500000000D-02 0.3101025000D+01 0.1635600000D+01 0.6881000000D+00 0.2383800000D+01-0.1000000000D-02-0.1000000000D-03 0.8865400000D+01 0.7689000000D-01 0.6300000000D-03 0.9000000000D-03 0.5707715000D+01 0.4311100000D+01 0.2744400000D+01 0.5066100000D+01
210520191209201912162458826.4 0.2200000000D-02 0.1300000000D-03 0.1105900000D+02 0.1776800000D+00 0.1006000000D-02 0.1800000000D-02 0.1440060000D+00 0.5002400000D+01 0.3787300000D+01 0.2658700000D+01-0.8000000000D-03-0.1100000000D-03 0.8943900000D+01 0.7751000000D-01 0.6930000000D-03 0.1200000000D-02 0.2800215000D+01 0.1347100000D+01 0.5662600000D+01 0.5523300000D+01
210620191216201912232458833.4 0.2100000000D-02 0.1200000000D-03 0.1126710000D+02 0.1832600000D+00 0.1211000000D-02 0.1900000000D-02 0.3467515000D+01 0.2083700000D+01 0.1104100000D+01 0.2884200000D+01-0.9000000000D-03-0.8000000000D-04 0.8990700000D+01 0.7440000000D-01 0.6860000000D-03 0.1500000000D-02 0.6176378000D+01 0.4663200000D+01 0.2942900000D+01 0.5811000000D+01
210720191223201912302458840.4 0.2100000000D-02 0.1200000000D-03 0.1153690000D+02 0.1930900000D+00 0.1097000000D-02 0.1600000000D-02 0.5067700000D+00 0.5445200000D+01 0.4292100000D+01 0.3157800000D+01-0.8000000000D-03-0.8000000000D-04 0.9002300000D+01 0.7351000000D-01 0.7650000000D-03 0.1400000000D-02 0.3271310000D+01 0.1684200000D+01 0.5909500000D+01 0.6040200000D+01
210820191230202001062458847.4 0.1800000000D-02 0.1700000000D-03 0.1187330000D+02 0.1998800000D+00 0.1328000000D-02 0.1300000000D-02 0.3828007000D+01 0.2527800000D+01 0.1478800000D+01 0.3697600000D+01-0.6000000000D-03-0.1100000000D-03 0.8974300000D+01 0.6918000000D-01 0.7910000000D-03 0.1000000000D-02 0.3679380000D+00 0.4983800000D+01 0.3091500000D+01 0.1718000000D+00
210920200106202001132458854.4 0.1700000000D-02 0.1600000000D-03 0.1228120000D+02 0.2095300000D+00 0.1244000000D-02 0.1200000000D-02 0.8664950000D+00 0.5885600000D+01 0.4745000000D+01 0.4434100000D+01-0.5000000000D-03-0.9000000000D-04 0.8905100000D+01 0.6643000000D-01 0.8700000000D-03 0.8000000000D-03 0.3751042000D+01 0.1975300000D+01 0.6180900000D+01 0.9152000000D+00
