 4 2   2  56 19.7027 4.9788  7.0  7.0  109 2451909.5000 2001                                                                                                                                                                                                                                                                                                                     
1  220001231200101072451909.4-0.5300000000D-01 0.4000000000D-03 0.5775300000D+01 0.7036000000D-01 0.4070000000D-03 0.4410000000D-01 0.4625340000D+00 0.5481600000D+01 0.4970200000D+01-0.5840900000D+01-0.2370000000D-01 0.6000000000D-04 0.4864400000D+01 0.3610000000D-01 0.1030000000D-03 0.3740000000D-01 0.2971038000D+01 0.2158700000D+01 0.7322000000D+00-0.3314700000D+01
1  320010107200101142451916.4-0.5050000000D-01 0.4700000000D-03 0.5940700000D+01 0.7534000000D-01 0.3630000000D-03 0.4550000000D-01 0.6943400000D-01 0.5130300000D+01 0.4686300000D+01-0.3211000000D+00-0.2300000000D-01 0.6000000000D-04 0.5038000000D+01 0.3658000000D-01 0.8000000000D-04 0.3890000000D-01 0.2622928000D+01 0.1802500000D+01 0.6029800000D+01-0.4025500000D+01
1  420010114200101212451923.4-0.4790000000D-01 0.5200000000D-03 0.6140100000D+01 0.8061000000D-01 0.3370000000D-03 0.4750000000D-01 0.5958084000D+01 0.4786900000D+01 0.4271400000D+01-0.1074500000D+01-0.2230000000D-01 0.9000000000D-04 0.5211700000D+01 0.3663000000D-01 0.9400000000D-04 0.4030000000D-01 0.2275618000D+01 0.1457900000D+01 0.5378800000D+01-0.4728100000D+01
1  520010121200101282451930.4-0.4480000000D-01 0.4700000000D-03 0.6379900000D+01 0.8576000000D-01 0.3980000000D-03 0.4940000000D-01 0.5562638000D+01 0.4448100000D+01 0.3839800000D+01-0.1823400000D+01-0.2140000000D-01 0.1900000000D-03 0.5386300000D+01 0.3618000000D-01 0.8700000000D-04 0.4140000000D-01 0.1929498000D+01 0.1121900000D+01 0.5192900000D+01-0.5432700000D+01
1  620010128200102042451937.4-0.4140000000D-01 0.3300000000D-03 0.6666600000D+01 0.9093000000D-01 0.5140000000D-03 0.5150000000D-01 0.5167181000D+01 0.4107900000D+01 0.3562100000D+01-0.2580800000D+01-0.2030000000D-01 0.3400000000D-03 0.5562100000D+01 0.3547000000D-01 0.4900000000D-04 0.4270000000D-01 0.1585046000D+01 0.7900000000D+00 0.5211100000D+01-0.6140600000D+01
1  720010204200102112451944.4-0.3800000000D-01 0.2000000000D-03 0.7005600000D+01 0.9678000000D-01 0.6090000000D-03 0.5420000000D-01 0.4772725000D+01 0.3763400000D+01 0.3401800000D+01-0.3341500000D+01-0.1860000000D-01 0.4500000000D-03 0.5738700000D+01 0.3483000000D-01 0.1800000000D-04 0.4410000000D-01 0.1242685000D+01 0.4619000000D+00 0.1757400000D+01-0.5614000000D+00
1  820010211200102182451951.4-0.3520000000D-01 0.2100000000D-03 0.7400700000D+01 0.1040100000D+00 0.6160000000D-03 0.5780000000D-01 0.4380047000D+01 0.3420100000D+01 0.3271100000D+01-0.4094100000D+01-0.1620000000D-01 0.4700000000D-03 0.5916000000D+01 0.3448000000D-01 0.9800000000D-04 0.4560000000D-01 0.9026350000D+00 0.1476000000D+00 0.1951900000D+01-0.1258100000D+01
1  920010218200102252451958.4-0.3290000000D-01 0.3800000000D-03 0.7856800000D+01 0.1122900000D+00 0.5490000000D-03 0.6160000000D-01 0.3989603000D+01 0.3087000000D+01 0.3036100000D+01-0.4837800000D+01-0.1310000000D-01 0.4300000000D-03 0.6095500000D+01 0.3420000000D-01 0.1470000000D-03 0.4690000000D-01 0.5649770000D+00 0.6143400000D+01 0.1909700000D+01-0.1951800000D+01
1 1020010225200103042451965.4-0.3090000000D-01 0.5900000000D-03 0.8381600000D+01 0.1206500000D+00 0.5090000000D-03 0.6560000000D-01 0.3601946000D+01 0.2763900000D+01 0.2611200000D+01-0.5582000000D+01-0.9500000000D-02 0.4100000000D-03 0.6280200000D+01 0.3369000000D-01 0.1460000000D-03 0.4830000000D-01 0.2299480000D+00 0.5879100000D+01 0.1660400000D+01-0.2646200000D+01
1 1120010304200103112451972.4-0.2860000000D-01 0.6200000000D-03 0.8983000000D+01 0.1286600000D+00 0.5950000000D-03 0.7030000000D-01 0.3217899000D+01 0.2443600000D+01 0.2193500000D+01-0.4480000000D-01-0.5600000000D-02 0.5100000000D-03 0.6472900000D+01 0.3312000000D-01 0.1380000000D-03 0.4980000000D-01 0.6181072000D+01 0.5627000000D+01 0.9503000000D+00-0.3338800000D+01
1 1220010311200103182451979.4-0.2590000000D-01 0.3700000000D-03 0.9667200000D+01 0.1368800000D+00 0.7500000000D-03 0.7600000000D-01 0.2838284000D+01 0.2122200000D+01 0.1969800000D+01-0.7875000000D+00-0.1400000000D-02 0.7400000000D-03 0.6676000000D+01 0.3305000000D-01 0.2100000000D-03 0.5140000000D-01 0.5852176000D+01 0.5383000000D+01 0.1143000000D+00-0.4029000000D+01
1 1320010318200103252451986.4-0.2360000000D-01-0.3000000000D-04 0.1043860000D+02 0.1460500000D+00 0.8820000000D-03 0.8260000000D-01 0.2463740000D+01 0.1803200000D+01 0.1847400000D+01-0.1517600000D+01 0.3500000000D-02 0.9900000000D-03 0.6893400000D+01 0.3416000000D-01 0.3200000000D-03 0.5330000000D-01 0.5526423000D+01 0.5149000000D+01 0.5899200000D+01-0.4712900000D+01
1 1420010325200104012451993.4-0.2300000000D-01-0.4100000000D-03 0.1130100000D+02 0.1565800000D+00 0.9290000000D-03 0.8940000000D-01 0.2094706000D+01 0.1493000000D+01 0.1744900000D+01-0.2238500000D+01 0.9700000000D-02 0.1150000000D-02 0.7130900000D+01 0.3687000000D-01 0.4020000000D-03 0.5510000000D-01 0.5203564000D+01 0.4918600000D+01 0.5504100000D+01-0.5391900000D+01
1 1520010401200104082452000.4-0.2460000000D-01-0.7100000000D-03 0.1225980000D+02 0.1679400000D+00 0.9060000000D-03 0.9650000000D-01 0.1731518000D+01 0.1195100000D+01 0.1625000000D+01-0.2962000000D+01 0.1720000000D-01 0.1230000000D-02 0.7396300000D+01 0.4117000000D-01 0.4600000000D-03 0.5710000000D-01 0.4883171000D+01 0.4678400000D+01 0.5060900000D+01-0.6073800000D+01
1 1620010408200104152452007.4-0.2880000000D-01-0.1030000000D-02 0.1332120000D+02 0.1794800000D+00 0.8650000000D-03 0.1051000000D+00 0.1374614000D+01 0.9093000000D+00 0.1525500000D+01-0.3684000000D+01 0.2570000000D-01 0.1310000000D-02 0.7698700000D+01 0.4708000000D-01 0.5460000000D-03 0.5960000000D-01 0.4564650000D+01 0.4416300000D+01 0.4559100000D+01-0.4746000000D+00
1 1720010415200104222452014.4-0.3550000000D-01-0.1550000000D-02 0.1449000000D+02 0.1903000000D+00 0.8370000000D-03 0.1151000000D+00 0.1024629000D+01 0.6375000000D+00 0.1489600000D+01-0.4392000000D+01 0.3500000000D-01 0.1460000000D-02 0.8049200000D+01 0.5495000000D-01 0.6600000000D-03 0.6270000000D-01 0.4247147000D+01 0.4129500000D+01 0.4033900000D+01-0.1154700000D+01
1 1820010422200104292452021.4-0.4570000000D-01-0.2310000000D-02 0.1576420000D+02 0.1992800000D+00 0.9260000000D-03 0.1252000000D+00 0.6824680000D+00 0.3798000000D+00 0.1533800000D+01-0.5085100000D+01 0.4510000000D-01 0.1660000000D-02 0.8461300000D+01 0.6470000000D-01 0.8160000000D-03 0.6620000000D-01 0.3929605000D+01 0.3815600000D+01 0.3528200000D+01-0.1830100000D+01
1 1920010429200105062452028.4-0.6100000000D-01-0.3150000000D-02 0.1713020000D+02 0.2056500000D+00 0.1273000000D-02 0.1350000000D+00 0.3490280000D+00 0.1372000000D+00 0.1576400000D+01-0.5775700000D+01 0.5630000000D-01 0.1810000000D-02 0.8948400000D+01 0.7618000000D-01 0.1017000000D-02 0.6980000000D-01 0.3610851000D+01 0.3474500000D+01 0.3115200000D+01-0.2511700000D+01
1 2020010506200105132452035.4-0.8290000000D-01-0.3960000000D-02 0.1856150000D+02 0.2091400000D+00 0.1949000000D-02 0.1458000000D+00 0.2499100000D-01 0.6200800000D+01 0.1584800000D+01-0.1796000000D+00 0.6900000000D-01 0.1850000000D-02 0.9522300000D+01 0.8975000000D-01 0.1196000000D-02 0.7440000000D-01 0.3289737000D+01 0.3115000000D+01 0.2802300000D+01-0.3202700000D+01
1 2120010513200105202452042.4-0.1123000000D+00-0.4860000000D-02 0.2001730000D+02 0.2083700000D+00 0.2861000000D-02 0.1570000000D+00 0.5994271000D+01 0.6020800000D+01 0.1575900000D+01-0.8539000000D+00 0.8290000000D-01 0.1880000000D-02 0.1019410000D+02 0.1058200000D+00 0.1174000000D-02 0.8010000000D-01 0.2965483000D+01 0.2752800000D+01 0.2528800000D+01-0.3895600000D+01
1 2220010520200105272452049.4-0.1492000000D+00-0.5960000000D-02 0.2143170000D+02 0.2016400000D+00 0.3821000000D-02 0.1674000000D+00 0.5691316000D+01 0.5897600000D+01 0.1560200000D+01-0.1515700000D+01 0.9750000000D-01 0.2100000000D-02 0.1096970000D+02 0.1225400000D+00 0.7820000000D-03 0.8650000000D-01 0.2638075000D+01 0.2402000000D+01 0.2255700000D+01-0.4587400000D+01
1 2320010527200106032452056.4-0.1932000000D+00-0.7050000000D-02 0.2271080000D+02 0.1889400000D+00 0.4529000000D-02 0.1760000000D+00 0.5399622000D+01 0.5846700000D+01 0.1541200000D+01-0.2167200000D+01 0.1132000000D+00 0.2570000000D-02 0.1183860000D+02 0.1348800000D+00 0.4700000000D-04 0.9310000000D-01 0.2308653000D+01 0.2070200000D+01 0.1313300000D+01-0.5279300000D+01
1 2420010603200106102452063.4-0.2432000000D+00-0.7710000000D-02 0.2374590000D+02 0.1744800000D+00 0.4885000000D-02 0.1822000000D+00 0.5118368000D+01 0.5874600000D+01 0.1532800000D+01-0.2811600000D+01 0.1306000000D+00 0.3140000000D-02 0.1275960000D+02 0.1369400000D+00 0.9030000000D-03 0.9950000000D-01 0.1979531000D+01 0.1755800000D+01 0.4895000000D+01-0.5975700000D+01
1 2520010610200106172452070.4-0.2960000000D+00-0.7430000000D-02 0.2443740000D+02 0.1639800000D+00 0.4909000000D-02 0.1860000000D+00 0.4845440000D+01 0.5971100000D+01 0.1572300000D+01-0.3449600000D+01 0.1507000000D+00 0.3470000000D-02 0.1365590000D+02 0.1246100000D+00 0.1969000000D-02 0.1059000000D+00 0.1653305000D+01 0.1455200000D+01 0.4581800000D+01-0.3882000000D+00
1 2620010617200106242452077.4-0.3467000000D+00-0.6010000000D-02 0.2471670000D+02 0.1583700000D+00 0.4724000000D-02 0.1865000000D+00 0.4577302000D+01 0.6095300000D+01 0.1675400000D+01-0.4084800000D+01 0.1731000000D+00 0.3220000000D-02 0.1441970000D+02 0.9580000000D-01 0.2951000000D-02 0.1111000000D+00 0.1331643000D+01 0.1160800000D+01 0.4305500000D+01-0.1075900000D+01
1 2720010624200107012452084.4-0.3888000000D+00-0.3840000000D-02 0.2457160000D+02 0.1526500000D+00 0.4465000000D-02 0.1838000000D+00 0.4308826000D+01 0.6212900000D+01 0.1797300000D+01-0.4724600000D+01 0.1954000000D+00 0.2450000000D-02 0.1493700000D+02 0.5307000000D-01 0.3448000000D-02 0.1140000000D+00 0.1014448000D+01 0.8444000000D+00 0.4062600000D+01-0.1757500000D+01
1 2820010701200107082452091.4-0.4175000000D+00-0.1660000000D-02 0.2405930000D+02 0.1450100000D+00 0.4222000000D-02 0.1786000000D+00 0.4034084000D+01 0.3650000000D-01 0.1849900000D+01-0.5374600000D+01 0.2140000000D+00 0.1530000000D-02 0.1513230000D+02 0.6770000000D-02 0.3341000000D-02 0.1139000000D+00 0.6999290000D+00 0.6078800000D+01 0.3846500000D+01-0.2440100000D+01
1 2920010708200107152452098.4-0.4315000000D+00-0.2000000000D-04 0.2328210000D+02 0.1405400000D+00 0.3969000000D-02 0.1722000000D+00 0.3748281000D+01 0.1370000000D+00 0.1830000000D+01-0.6039100000D+01 0.2264000000D+00 0.7700000000D-03 0.1499780000D+02 0.4215000000D-01 0.2799000000D-02 0.1118000000D+00 0.3858100000D+00 0.3669200000D+01 0.3658200000D+01-0.3127300000D+01
1 3020010715200107222452105.4-0.4330000000D+00 0.9100000000D-03 0.2234320000D+02 0.1432800000D+00 0.3590000000D-02 0.1654000000D+00 0.3448575000D+01 0.2106000000D+00 0.1763600000D+01-0.4342000000D+00 0.2323000000D+00 0.2300000000D-03 0.1457270000D+02 0.8089000000D-01 0.2013000000D-02 0.1082000000D+00 0.7026900000D-01 0.3344500000D+01 0.3464100000D+01-0.3813800000D+01
1 3120010722200107292452112.4-0.4256000000D+00 0.1320000000D-02 0.2132870000D+02 0.1524700000D+00 0.2965000000D-02 0.1580000000D+00 0.3133668000D+01 0.2246000000D+00 0.1666000000D+01-0.1125900000D+01 0.2327000000D+00-0.2300000000D-03 0.1391820000D+02 0.1096100000D+00 0.1194000000D-02 0.1026000000D+00 0.6035163000D+01 0.3056800000D+01 0.3190200000D+01-0.4501700000D+01
1 3220010729200108052452119.4-0.4135000000D+00 0.1570000000D-02 0.2030800000D+02 0.1638100000D+00 0.2139000000D-02 0.1502000000D+00 0.2803438000D+01 0.1577000000D+00 0.1499400000D+01-0.1833400000D+01 0.2290000000D+00-0.7600000000D-03 0.1310380000D+02 0.1271800000D+00 0.6250000000D-03 0.9580000000D-01 0.5713362000D+01 0.2762600000D+01 0.2643000000D+01-0.5197200000D+01
1 3320010805200108122452126.4-0.3997000000D+00 0.1930000000D-02 0.1933090000D+02 0.1739600000D+00 0.1325000000D-02 0.1425000000D+00 0.2459046000D+01 0.1140000000D-01 0.1205800000D+01-0.2558300000D+01 0.2221000000D+00-0.1370000000D-02 0.1219570000D+02 0.1360000000D+00 0.4390000000D-03 0.8860000000D-01 0.5388242000D+01 0.2448200000D+01 0.1766300000D+01-0.5900000000D+01
1 3420010812200108192452133.4-0.3850000000D+00 0.2290000000D-02 0.1842480000D+02 0.1815900000D+00 0.7060000000D-03 0.1362000000D+00 0.2102329000D+01 0.6084000000D+01 0.6334000000D+00-0.3298500000D+01 0.2123000000D+00-0.1890000000D-02 0.1124230000D+02 0.1396900000D+00 0.4200000000D-03 0.8170000000D-01 0.5060876000D+01 0.2112900000D+01 0.9538000000D+00-0.3198000000D+00
1 3520010819200108262452140.4-0.3695000000D+00 0.2430000000D-02 0.1760230000D+02 0.1871400000D+00 0.4050000000D-03 0.1312000000D+00 0.1735302000D+01 0.5823200000D+01 0.5979100000D+01-0.4040900000D+01 0.2000000000D+00-0.2160000000D-02 0.1027410000D+02 0.1406300000D+00 0.4600000000D-03 0.7460000000D-01 0.4732895000D+01 0.1762900000D+01 0.1830000000D-01-0.1015600000D+01
1 3620010826200109022452147.4-0.3536000000D+00 0.2370000000D-02 0.1686490000D+02 0.1907800000D+00 0.2890000000D-03 0.1256000000D+00 0.1359971000D+01 0.5525400000D+01 0.4761400000D+01-0.4786000000D+01 0.1858000000D+00-0.2200000000D-02 0.9309900000D+01 0.1388300000D+00 0.6820000000D-03 0.6700000000D-01 0.4406188000D+01 0.1403000000D+01 0.5558300000D+01-0.1710700000D+01
1 3720010902200109092452154.4-0.3380000000D+00 0.2250000000D-02 0.1620450000D+02 0.1925000000D+00 0.3740000000D-03 0.1199000000D+00 0.9783260000D+00 0.5200800000D+01 0.3420500000D+01-0.5545300000D+01 0.1709000000D+00-0.2130000000D-02 0.8365500000D+01 0.1342700000D+00 0.9220000000D-03 0.5970000000D-01 0.4082943000D+01 0.1030900000D+01 0.5111700000D+01-0.2409800000D+01
1 3820010909200109162452161.4-0.3233000000D+00 0.2160000000D-02 0.1560710000D+02 0.1921400000D+00 0.6830000000D-03 0.1156000000D+00 0.5920490000D+00 0.4858800000D+01 0.2682900000D+01-0.3180000000D-01 0.1559000000D+00-0.2030000000D-02 0.7454500000D+01 0.1276800000D+00 0.1055000000D-02 0.5320000000D-01 0.3765850000D+01 0.6433000000D+00 0.4750600000D+01-0.3100800000D+01
1 3920010916200109232452168.4-0.3093000000D+00 0.2040000000D-02 0.1505910000D+02 0.1892800000D+00 0.1015000000D-02 0.1125000000D+00 0.2023770000D+00 0.4504200000D+01 0.2314600000D+01-0.7950000000D+00 0.1413000000D+00-0.1970000000D-02 0.6589700000D+01 0.1201400000D+00 0.1075000000D-02 0.4710000000D-01 0.3458355000D+01 0.2390000000D+00 0.4354400000D+01-0.3770300000D+01
1 4020010923200109302452175.4-0.2956000000D+00 0.1790000000D-02 0.1455170000D+02 0.1837000000D+00 0.1199000000D-02 0.1085000000D+00 0.6093486000D+01 0.4134700000D+01 0.2086100000D+01-0.1552300000D+01 0.1272000000D+00-0.1900000000D-02 0.5785300000D+01 0.1121900000D+00 0.1039000000D-02 0.4110000000D-01 0.3164849000D+01 0.6104500000D+01 0.3874300000D+01-0.4421500000D+01
1 4120010930200110072452182.4-0.2823000000D+00 0.1440000000D-02 0.1407670000D+02 0.1770500000D+00 0.1161000000D-02 0.1042000000D+00 0.5700169000D+01 0.3745900000D+01 0.1847100000D+01-0.2321000000D+01 0.1137000000D+00-0.1800000000D-02 0.5058900000D+01 0.1039000000D+00 0.1036000000D-02 0.3570000000D-01 0.2890583000D+01 0.5680400000D+01 0.3355600000D+01-0.5062700000D+01
1 4220011007200110142452189.4-0.2701000000D+00 0.1240000000D-02 0.1362210000D+02 0.1714100000D+00 0.1020000000D-02 0.1009000000D+00 0.5306656000D+01 0.3344300000D+01 0.1459700000D+01-0.3095100000D+01 0.1008000000D+00-0.1700000000D-02 0.4430500000D+01 0.9500000000D-01 0.1066000000D-02 0.3150000000D-01 0.2640728000D+01 0.5252900000D+01 0.2887900000D+01-0.5679900000D+01
1 4320011014200110212452196.4-0.2592000000D+00 0.1380000000D-02 0.1317540000D+02 0.1670600000D+00 0.9950000000D-03 0.9820000000D-01 0.4913494000D+01 0.2941200000D+01 0.8895000000D+00-0.3861200000D+01 0.8870000000D-01-0.1600000000D-02 0.3922000000D+01 0.8551000000D-01 0.1064000000D-02 0.2840000000D-01 0.2418542000D+01 0.4817300000D+01 0.2463500000D+01-0.6259700000D+01
1 4420011021200110282452203.4-0.2490000000D+00 0.1750000000D-02 0.1272860000D+02 0.1622700000D+00 0.1165000000D-02 0.9470000000D-01 0.4520675000D+01 0.2542900000D+01 0.4105000000D+00-0.4621100000D+01 0.7740000000D-01-0.1480000000D-02 0.3555300000D+01 0.7588000000D-01 0.1010000000D-02 0.2610000000D-01 0.2222275000D+01 0.4367400000D+01 0.2015600000D+01-0.5331000000D+00
1 4520011028200111042452210.4-0.2385000000D+00 0.2030000000D-02 0.1228120000D+02 0.1558300000D+00 0.1279000000D-02 0.9080000000D-01 0.4128084000D+01 0.2141900000D+01 0.1160000000D+00-0.5386900000D+01 0.6710000000D-01-0.1340000000D-02 0.3342800000D+01 0.6653000000D-01 0.9530000000D-03 0.2490000000D-01 0.2041849000D+01 0.3903200000D+01 0.1524800000D+01-0.1088600000D+01
1 4620011104200111112452217.4-0.2269000000D+00 0.1960000000D-02 0.1183510000D+02 0.1490100000D+00 0.1183000000D-02 0.8740000000D-01 0.3735910000D+01 0.1729300000D+01 0.6142100000D+01-0.6158600000D+01 0.5780000000D-01-0.1190000000D-02 0.3277400000D+01 0.5754000000D-01 0.9260000000D-03 0.2490000000D-01 0.1860022000D+01 0.3426900000D+01 0.1038500000D+01-0.1655600000D+01
1 4720011111200111182452224.4-0.2146000000D+00 0.1600000000D-02 0.1138910000D+02 0.1437000000D+00 0.9530000000D-03 0.8460000000D-01 0.3344457000D+01 0.1309800000D+01 0.5765900000D+01-0.6422000000D+00 0.4950000000D-01-0.1040000000D-02 0.3331200000D+01 0.4886000000D-01 0.9020000000D-03 0.2580000000D-01 0.1659870000D+01 0.2931500000D+01 0.5922000000D+00-0.2241200000D+01
1 4820011118200111252452231.4-0.2028000000D+00 0.1250000000D-02 0.1094040000D+02 0.1397700000D+00 0.8190000000D-03 0.8130000000D-01 0.2953680000D+01 0.8972000000D+00 0.5208400000D+01-0.1402600000D+01 0.4220000000D-01-0.9000000000D-03 0.3465600000D+01 0.4092000000D-01 0.8520000000D-03 0.2690000000D-01 0.1431759000D+01 0.2399100000D+01 0.1411000000D+00-0.2855800000D+01
1 4920011125200112022452238.4-0.1922000000D+00 0.1150000000D-02 0.1048920000D+02 0.1357700000D+00 0.8780000000D-03 0.7750000000D-01 0.2563183000D+01 0.4967000000D+00 0.4700700000D+01-0.2164800000D+01 0.3580000000D-01-0.7600000000D-03 0.3644100000D+01 0.3439000000D-01 0.8000000000D-03 0.2830000000D-01 0.1174045000D+01 0.1819200000D+01 0.5926100000D+01-0.3504900000D+01
1 5020011202200112092452245.4-0.1827000000D+00 0.1290000000D-02 0.1003970000D+02 0.1308300000D+00 0.9670000000D-03 0.7390000000D-01 0.2172485000D+01 0.1016000000D+00 0.4383700000D+01-0.2937100000D+01 0.3040000000D-01-0.6400000000D-03 0.3838200000D+01 0.2952000000D-01 0.7760000000D-03 0.2990000000D-01 0.8900140000D+00 0.1193300000D+01 0.5418700000D+01-0.4176700000D+01
1 5120011209200112162452252.4-0.1734000000D+00 0.1450000000D-02 0.9597800000D+01 0.1257000000D+00 0.9390000000D-03 0.7110000000D-01 0.1781360000D+01 0.5984500000D+01 0.4119800000D+01-0.3707000000D+01 0.2580000000D-01-0.5200000000D-03 0.4027900000D+01 0.2640000000D-01 0.7490000000D-03 0.3130000000D-01 0.5846220000D+00 0.5205000000D+00 0.4956000000D+01-0.4862300000D+01
1 5220011216200112232452259.4-0.1638000000D+00 0.1510000000D-02 0.9166400000D+01 0.1214600000D+00 0.8070000000D-03 0.6820000000D-01 0.1389759000D+01 0.5579800000D+01 0.3772700000D+01-0.4466900000D+01 0.2200000000D-01-0.4100000000D-03 0.4200100000D+01 0.2556000000D-01 0.6830000000D-03 0.3240000000D-01 0.2624680000D+00 0.6103500000D+01 0.4502500000D+01-0.5565300000D+01
1 5320011223200112302452266.4-0.1539000000D+00 0.1460000000D-02 0.8746000000D+01 0.1182000000D+00 0.6880000000D-03 0.6450000000D-01 0.9975120000D+00 0.5178500000D+01 0.3267400000D+01-0.5231300000D+01 0.1900000000D-01-0.3100000000D-03 0.4347600000D+01 0.2695000000D-01 0.5940000000D-03 0.3330000000D-01 0.6210380000D+01 0.5434300000D+01 0.3993300000D+01-0.2800000000D-02
1 5420011230200201062452273.4-0.1442000000D+00 0.1400000000D-02 0.8337000000D+01 0.1152600000D+00 0.6850000000D-03 0.6120000000D-01 0.6042380000D+00 0.4785700000D+01 0.2695300000D+01-0.6008600000D+01 0.1660000000D-01-0.2100000000D-03 0.4466700000D+01 0.2952000000D-01 0.5360000000D-03 0.3430000000D-01 0.5864783000D+01 0.4833900000D+01 0.3413400000D+01-0.7307000000D+00
1 5520020106200201132452280.4-0.1349000000D+00 0.1360000000D-02 0.7941100000D+01 0.1118600000D+00 0.7420000000D-03 0.5880000000D-01 0.2094070000D+00 0.4399500000D+01 0.2255700000D+01-0.4999000000D+00 0.1480000000D-01-0.1500000000D-03 0.4556400000D+01 0.3214000000D-01 0.5240000000D-03 0.3490000000D-01 0.5511065000D+01 0.4289000000D+01 0.2888200000D+01-0.1456500000D+01
2 5620001231200101072451909.4-0.4200000000D-02 0.1400000000D-03 0.1457180000D+02 0.2024700000D+00 0.9810000000D-03 0.2000000000D-02 0.6219896000D+01 0.4918800000D+01 0.4085100000D+01 0.3407500000D+01 0.3300000000D-02-0.3000000000D-04 0.1210120000D+02 0.1105100000D+00 0.3190000000D-03 0.2000000000D-02 0.2428615000D+01 0.1459200000D+01 0.6200500000D+01 0.6141100000D+01
2 5720010107200101142451916.4-0.4200000000D-02 0.1000000000D-03 0.1498840000D+02 0.2124100000D+00 0.1366000000D-02 0.1500000000D-02 0.3277867000D+01 0.2023000000D+01 0.1228600000D+01 0.3863100000D+01 0.3300000000D-02-0.1000000000D-04 0.1254160000D+02 0.1110400000D+00 0.5940000000D-03 0.1800000000D-02 0.5812086000D+01 0.4852500000D+01 0.3524800000D+01 0.1208000000D+00
2 5820010114200101212451923.4-0.4500000000D-02 0.1200000000D-03 0.1549120000D+02 0.2256800000D+00 0.1310000000D-02 0.1300000000D-02 0.3348360000D+00 0.5398200000D+01 0.4727600000D+01 0.4780900000D+01 0.3400000000D-02-0.2000000000D-04 0.1298690000D+02 0.1129200000D+00 0.3130000000D-03 0.1200000000D-02 0.2913621000D+01 0.1934300000D+01 0.6447000000D+00 0.6431000000D+00
2 5920010121200101282451930.4-0.4900000000D-02 0.1100000000D-03 0.1608650000D+02 0.2406500000D+00 0.1348000000D-02 0.1900000000D-02 0.3674069000D+01 0.2503000000D+01 0.1710100000D+01 0.5388000000D+01 0.3400000000D-02 0.0000000000D+00 0.1343220000D+02 0.1144500000D+00 0.4230000000D-03 0.1100000000D-02 0.1602300000D-01 0.5332400000D+01 0.3574500000D+01 0.1616700000D+01
2 6020010128200102042451937.4-0.4900000000D-02 0.6000000000D-04 0.1679600000D+02 0.2540400000D+00 0.1607000000D-02 0.2500000000D-02 0.7298820000D+00 0.5886000000D+01 0.5266500000D+01 0.5766500000D+01 0.3400000000D-02 0.2000000000D-04 0.1388650000D+02 0.1133800000D+00 0.2770000000D-03 0.1600000000D-02 0.3403150000D+01 0.2434700000D+01 0.1216500000D+01 0.2326000000D+01
2 6120010204200102112451944.4-0.5100000000D-02 0.3000000000D-04 0.1762500000D+02 0.2729600000D+00 0.1364000000D-02 0.2800000000D-02 0.4069737000D+01 0.2988600000D+01 0.2297000000D+01 0.5977400000D+01 0.3500000000D-02 0.2000000000D-04 0.1434220000D+02 0.1149900000D+00 0.2810000000D-03 0.2200000000D-02 0.5090920000D+00 0.5834700000D+01 0.3304500000D+01 0.2643100000D+01
2 6220010211200102182451951.4-0.5400000000D-02 0.2000000000D-04 0.1859370000D+02 0.2873800000D+00 0.1988000000D-02 0.2500000000D-02 0.1127219000D+01 0.1001000000D+00 0.5801100000D+01 0.6250700000D+01 0.3600000000D-02 0.4000000000D-04 0.1480820000D+02 0.1114100000D+00 0.2790000000D-03 0.2200000000D-02 0.3899979000D+01 0.2969600000D+01 0.2026200000D+01 0.2873200000D+01
2 6320010218200102252451958.4-0.5500000000D-02-0.5000000000D-04 0.1971420000D+02 0.3111000000D+00 0.1300000000D-02 0.2100000000D-02 0.4470532000D+01 0.3484900000D+01 0.2942900000D+01 0.4084000000D+00 0.3500000000D-02 0.9000000000D-04 0.1528270000D+02 0.1137800000D+00 0.3710000000D-03 0.1800000000D-02 0.1010720000D+01 0.9200000000D-01 0.2794500000D+01 0.3217000000D+01
2 6420010225200103042451965.4-0.5500000000D-02-0.1000000000D-03 0.2100420000D+02 0.3273500000D+00 0.2074000000D-02 0.1700000000D-02 0.1532744000D+01 0.6082000000D+00 0.6130000000D-01 0.1128500000D+01 0.3500000000D-02 0.1100000000D-03 0.1577480000D+02 0.1095000000D+00 0.1260000000D-03 0.1300000000D-02 0.4406695000D+01 0.3546900000D+01 0.3257800000D+01 0.3781300000D+01
2 6520010304200103112451972.4-0.5700000000D-02-0.1400000000D-03 0.2247770000D+02 0.3521200000D+00 0.1554000000D-02 0.2400000000D-02 0.4882344000D+01 0.4000200000D+01 0.3632400000D+01 0.1846300000D+01 0.3500000000D-02 0.1300000000D-03 0.1628830000D+02 0.1109200000D+00 0.4130000000D-03 0.1400000000D-02 0.1523092000D+01 0.6944000000D+00 0.2616600000D+01 0.4763400000D+01
2 6620010311200103182451979.4-0.5700000000D-02-0.2300000000D-03 0.2414810000D+02 0.3727500000D+00 0.2106000000D-02 0.3200000000D-02 0.1952336000D+01 0.1132000000D+01 0.6728000000D+00 0.2146600000D+01 0.3500000000D-02 0.1900000000D-03 0.1683130000D+02 0.1091400000D+00 0.3170000000D-03 0.2000000000D-02 0.4925223000D+01 0.4180600000D+01 0.4817300000D+01 0.5197600000D+01
2 6720010318200103252451986.4-0.5600000000D-02-0.2900000000D-03 0.2603690000D+02 0.3990800000D+00 0.1716000000D-02 0.3700000000D-02 0.5310715000D+01 0.4535100000D+01 0.4416800000D+01 0.2400000000D+01 0.3400000000D-02 0.2100000000D-03 0.1741760000D+02 0.1124700000D+00 0.7010000000D-03 0.2400000000D-02 0.2047755000D+01 0.1358400000D+01 0.2520900000D+01 0.5481500000D+01
2 6820010325200104012451993.4-0.5900000000D-02-0.3000000000D-03 0.2815460000D+02 0.4236200000D+00 0.1745000000D-02 0.3500000000D-02 0.2390904000D+01 0.1678500000D+01 0.1487000000D+01 0.2568900000D+01 0.3600000000D-02 0.2000000000D-03 0.1806120000D+02 0.1170100000D+00 0.7200000000D-03 0.2300000000D-02 0.5456109000D+01 0.4866500000D+01 0.5559000000D+01 0.5657900000D+01
2 6920010401200104082452000.4-0.6100000000D-02-0.3500000000D-03 0.3052100000D+02 0.4468500000D+00 0.2032000000D-02 0.2500000000D-02 0.5760447000D+01 0.5105200000D+01 0.5127500000D+01 0.2917000000D+01 0.3800000000D-02 0.2200000000D-03 0.1878470000D+02 0.1244100000D+00 0.1156000000D-02 0.1500000000D-02 0.2584148000D+01 0.2075000000D+01 0.2465000000D+01 0.5977200000D+01
2 7020010408200104152452007.4-0.6000000000D-02-0.4900000000D-03 0.3313630000D+02 0.4756800000D+00 0.1564000000D-02 0.1900000000D-02 0.2853437000D+01 0.2257000000D+01 0.2789900000D+01 0.3787400000D+01 0.3700000000D-02 0.2900000000D-03 0.1960460000D+02 0.1394600000D+00 0.1298000000D-02 0.1000000000D-02 0.5997620000D+01 0.5552400000D+01 0.5981700000D+01 0.6615000000D+00
2 7120010415200104222452014.4-0.6600000000D-02-0.4800000000D-03 0.3601960000D+02 0.4953500000D+00 0.1891000000D-02 0.2900000000D-02 0.6236492000D+01 0.5715400000D+01 0.6238700000D+01 0.4698000000D+01 0.4100000000D-02 0.2500000000D-03 0.2055590000D+02 0.1563100000D+00 0.1964000000D-02 0.1600000000D-02 0.3129009000D+01 0.2754700000D+01 0.2748500000D+01 0.1600700000D+01
2 7220010422200104292452021.4-0.7200000000D-02-0.4800000000D-03 0.3915540000D+02 0.5185800000D+00 0.2505000000D-02 0.4800000000D-02 0.3344805000D+01 0.2891700000D+01 0.4272000000D+01 0.4996800000D+01 0.4400000000D-02 0.2800000000D-03 0.2166770000D+02 0.1836400000D+00 0.2122000000D-02 0.2700000000D-02 0.2612470000D+00 0.6188300000D+01 0.6280200000D+01 0.1880100000D+01
2 7320010429200105062452028.4-0.7100000000D-02-0.7600000000D-03 0.4251870000D+02 0.5269600000D+00 0.2432000000D-02 0.5800000000D-02 0.4616570000D+00 0.1101000000D+00 0.1604900000D+01 0.5154900000D+01 0.4600000000D-02 0.3600000000D-03 0.2297880000D+02 0.2132900000D+00 0.2842000000D-02 0.3000000000D-02 0.3675578000D+01 0.3354900000D+01 0.3101100000D+01 0.2014100000D+01
2 7420010506200105132452035.4-0.7800000000D-02-0.7500000000D-03 0.4604410000D+02 0.5309200000D+00 0.5020000000D-02 0.5800000000D-02 0.3872073000D+01 0.3609100000D+01 0.5463700000D+01 0.5358800000D+01 0.4700000000D-02 0.4300000000D-03 0.2451880000D+02 0.2519000000D+00 0.2866000000D-02 0.3000000000D-02 0.8056860000D+00 0.4674000000D+00 0.3762000000D+00 0.2230100000D+01
2 7520010513200105202452042.4-0.8300000000D-02-0.8500000000D-03 0.4962920000D+02 0.5170800000D+00 0.6257000000D-02 0.4700000000D-02 0.1009598000D+01 0.8901000000D+00 0.2933600000D+01 0.5724000000D+01 0.5100000000D-02 0.4000000000D-03 0.2631750000D+02 0.2929700000D+00 0.3042000000D-02 0.2300000000D-02 0.4216366000D+01 0.3887100000D+01 0.3613800000D+01 0.2586800000D+01
2 7620010520200105272452049.4-0.9400000000D-02-0.9000000000D-03 0.5311340000D+02 0.4840600000D+00 0.8806000000D-02 0.4200000000D-02 0.4442309000D+01 0.4493200000D+01 0.3206000000D+00 0.3951000000D+00 0.5300000000D-02 0.4500000000D-03 0.2838960000D+02 0.3347700000D+00 0.2112000000D-02 0.2200000000D-02 0.1342252000D+01 0.1006600000D+01 0.7467000000D+00 0.3539500000D+01
2 7720010527200106032452056.4-0.9600000000D-02-0.1070000000D-02 0.5625410000D+02 0.4341100000D+00 0.1076900000D-01 0.6900000000D-02 0.1603879000D+01 0.1893700000D+01 0.4012400000D+01 0.1084700000D+01 0.5000000000D-02 0.5900000000D-03 0.3069640000D+02 0.3645600000D+00 0.3840000000D-03 0.3800000000D-02 0.4750588000D+01 0.4419400000D+01 0.3392300000D+01 0.4178000000D+01
2 7820010603200106102452063.4-0.1050000000D-01-0.1100000000D-02 0.5878420000D+02 0.3794000000D+00 0.1156700000D-01 0.9200000000D-02 0.5059874000D+01 0.5682700000D+01 0.1443900000D+01 0.1486700000D+01 0.5500000000D-02 0.5200000000D-03 0.3312130000D+02 0.3681300000D+00 0.2313000000D-02 0.5200000000D-02 0.1877099000D+01 0.1561400000D+01 0.4845100000D+01 0.4584000000D+01
2 7920010610200106172452070.4-0.1300000000D-01-0.7400000000D-03 0.6045980000D+02 0.3371300000D+00 0.1205600000D-01 0.9400000000D-02 0.2241940000D+01 0.3281100000D+01 0.5152500000D+01 0.1828500000D+01 0.6000000000D-02 0.4000000000D-03 0.3546280000D+02 0.3364400000D+00 0.5546000000D-02 0.6000000000D-02 0.5290572000D+01 0.4982700000D+01 0.1848100000D+01 0.4867300000D+01
2 8020010617200106242452077.4-0.1290000000D-01-0.9500000000D-03 0.6112200000D+02 0.3312800000D+00 0.1129500000D-01 0.6800000000D-02 0.5712439000D+01 0.9527000000D+00 0.2835200000D+01 0.2382900000D+01 0.5600000000D-02 0.5900000000D-03 0.3744930000D+02 0.2577300000D+00 0.7939000000D-02 0.4600000000D-02 0.2425583000D+01 0.2140000000D+01 0.5459500000D+01 0.5308100000D+01
2 8120010624200107012452084.4-0.1350000000D-01-0.9800000000D-03 0.6073970000D+02 0.3195500000D+00 0.1000200000D-01 0.6000000000D-02 0.2900527000D+01 0.4887200000D+01 0.3166000000D+00 0.3455100000D+01 0.5800000000D-02 0.5300000000D-03 0.3879500000D+02 0.1472600000D+00 0.8983000000D-02 0.3800000000D-02 0.5849160000D+01 0.5437800000D+01 0.2562700000D+01 0.6185900000D+01
2 8220010701200107082452091.4-0.1510000000D-01-0.5400000000D-03 0.5945120000D+02 0.3278400000D+00 0.1056700000D-01 0.8300000000D-02 0.8240600000D-01 0.2479000000D+01 0.4236300000D+01 0.4217200000D+01 0.6400000000D-02 0.3600000000D-03 0.3930540000D+02 0.4252000000D-01 0.8450000000D-02 0.4800000000D-02 0.2992132000D+01 0.1654300000D+01 0.6195800000D+01 0.8400000000D+00
2 8320010708200107152452098.4-0.1450000000D-01-0.6800000000D-03 0.5750760000D+02 0.3331900000D+00 0.8825000000D-02 0.9600000000D-02 0.3537315000D+01 0.8270000000D-01 0.1640800000D+01 0.4616500000D+01 0.6100000000D-02 0.4700000000D-03 0.3896700000D+02 0.1193900000D+00 0.6712000000D-02 0.6400000000D-02 0.1363530000D+00 0.3701800000D+01 0.3322200000D+01 0.1308600000D+01
2 8420010715200107222452105.4-0.1390000000D-01-0.7300000000D-03 0.5515140000D+02 0.3556300000D+00 0.8469000000D-02 0.8100000000D-02 0.6949310000D+00 0.3876100000D+01 0.5273300000D+01 0.4980900000D+01 0.6000000000D-02 0.4300000000D-03 0.3787830000D+02 0.2095100000D+00 0.5264000000D-02 0.6000000000D-02 0.3562080000D+01 0.6906000000D+00 0.5976000000D+00 0.1619000000D+01
2 8520010722200107292452112.4-0.1340000000D-01-0.5600000000D-03 0.5261500000D+02 0.3930400000D+00 0.6493000000D-02 0.5600000000D-02 0.4120683000D+01 0.1329900000D+01 0.2609800000D+01 0.5489400000D+01 0.5600000000D-02 0.4000000000D-03 0.3621940000D+02 0.2827300000D+00 0.3136000000D-02 0.4500000000D-02 0.7022240000D+00 0.4101400000D+01 0.3989200000D+01 0.2023700000D+01
2 8620010729200108052452119.4-0.1270000000D-01-0.5000000000D-03 0.5006560000D+02 0.4285900000D+00 0.4567000000D-02 0.4100000000D-02 0.1247676000D+01 0.4974200000D+01 0.6121500000D+01 0.1265000000D+00 0.5800000000D-02 0.2900000000D-03 0.3415810000D+02 0.3263200000D+00 0.1874000000D-02 0.2600000000D-02 0.4122206000D+01 0.1242800000D+01 0.8785000000D+00 0.2714000000D+01
2 8720010805200108122452126.4-0.1190000000D-01-0.4500000000D-03 0.4763700000D+02 0.4568400000D+00 0.3538000000D-02 0.5100000000D-02 0.4643509000D+01 0.2250900000D+01 0.3265300000D+01 0.8514000000D+00 0.5200000000D-02 0.3000000000D-03 0.3186810000D+02 0.3502000000D+00 0.9010000000D-03 0.2800000000D-02 0.1255926000D+01 0.4648900000D+01 0.4100800000D+01 0.3746200000D+01
2 8820010812200108192452133.4-0.1060000000D-01-0.4900000000D-03 0.4538820000D+02 0.4855000000D+00 0.1180000000D-02 0.5500000000D-02 0.1744190000D+01 0.5772900000D+01 0.5215000000D+00 0.1197000000D+01 0.4700000000D-02 0.2900000000D-03 0.2945830000D+02 0.3611300000D+00 0.1547000000D-02 0.3300000000D-02 0.4671280000D+01 0.1784000000D+01 0.1283000000D+00 0.4204400000D+01
2 8920010819200108262452140.4-0.1070000000D-01-0.2300000000D-03 0.4334380000D+02 0.4940900000D+00 0.1161000000D-02 0.5100000000D-02 0.5117210000D+01 0.2954600000D+01 0.3494800000D+01 0.1478500000D+01 0.4900000000D-02 0.1300000000D-03 0.2700540000D+02 0.3597900000D+00 0.1218000000D-02 0.3200000000D-02 0.1802377000D+01 0.5160200000D+01 0.3178200000D+01 0.4516800000D+01
2 9020010826200109022452147.4-0.1000000000D-01-0.1800000000D-03 0.4151510000D+02 0.5081700000D+00 0.9490000000D-03 0.3400000000D-02 0.2199074000D+01 0.1223000000D+00 0.4196500000D+01 0.1702300000D+01 0.4600000000D-02 0.1200000000D-03 0.2456310000D+02 0.3533300000D+00 0.2343000000D-02 0.2100000000D-02 0.5218385000D+01 0.2267500000D+01 0.1920000000D+00 0.4708200000D+01
2 9120010902200109092452154.4-0.9100000000D-02-0.1700000000D-03 0.3988690000D+02 0.4994200000D+00 0.1264000000D-02 0.1700000000D-02 0.5557108000D+01 0.3536900000D+01 0.2138600000D+01 0.2517500000D+01 0.4200000000D-02 0.9000000000D-04 0.2217230000D+02 0.3383100000D+00 0.1969000000D-02 0.9000000000D-03 0.2354007000D+01 0.5617100000D+01 0.3446900000D+01 0.5452500000D+01
2 9220010909200109162452161.4-0.8700000000D-02-0.4000000000D-04 0.3843990000D+02 0.5024500000D+00 0.2254000000D-02 0.1800000000D-02 0.2628009000D+01 0.6529000000D+00 0.4766900000D+01 0.3710000000D+01 0.4000000000D-02 0.6000000000D-04 0.1986960000D+02 0.3236000000D+00 0.2801000000D-02 0.9000000000D-03 0.5779518000D+01 0.2697400000D+01 0.5394000000D+00 0.6508000000D+00
2 9320010916200109232452168.4-0.8400000000D-02 0.4000000000D-04 0.3712520000D+02 0.4866500000D+00 0.2442000000D-02 0.3000000000D-02 0.5978456000D+01 0.4035400000D+01 0.2208500000D+01 0.4219000000D+01 0.3900000000D-02 0.1000000000D-04 0.1767590000D+02 0.3037500000D+00 0.2503000000D-02 0.1500000000D-02 0.2930534000D+01 0.6026900000D+01 0.3831100000D+01 0.1089800000D+01
2 9420010923200109302452175.4-0.7500000000D-02 0.3000000000D-04 0.3592840000D+02 0.4779200000D+00 0.2635000000D-02 0.3400000000D-02 0.3044207000D+01 0.1116900000D+01 0.5345500000D+01 0.4311600000D+01 0.3500000000D-02 0.6000000000D-04 0.1563190000D+02 0.2847300000D+00 0.2809000000D-02 0.1400000000D-02 0.9501800000D-01 0.3076400000D+01 0.8133000000D+00 0.1178400000D+01
2 9520010930200110072452182.4-0.6800000000D-02 0.9000000000D-04 0.3480200000D+02 0.4623700000D+00 0.3378000000D-02 0.2900000000D-02 0.1089850000D+00 0.4481800000D+01 0.2506300000D+01 0.4421500000D+01 0.3200000000D-02 0.4000000000D-04 0.1377250000D+02 0.2612600000D+00 0.2710000000D-02 0.9000000000D-03 0.3560037000D+01 0.1128000000D+00 0.4170900000D+01 0.1257900000D+01
2 9620011007200110142452189.4-0.6400000000D-02 0.1700000000D-03 0.3373570000D+02 0.4454000000D+00 0.2884000000D-02 0.1900000000D-02 0.3456928000D+01 0.1536500000D+01 0.5863000000D+01 0.4456900000D+01 0.3000000000D-02 0.5000000000D-04 0.1215500000D+02 0.2399500000D+00 0.2714000000D-02 0.3000000000D-03 0.7635270000D+00 0.3421400000D+01 0.1086200000D+01 0.1311500000D+01
2 9720011014200110212452196.4-0.5600000000D-02 0.1800000000D-03 0.3268310000D+02 0.4327300000D+00 0.3576000000D-02 0.4000000000D-03 0.5224540000D+00 0.4884300000D+01 0.2843900000D+01 0.4176200000D+01 0.2900000000D-02 0.3000000000D-04 0.1082510000D+02 0.2153900000D+00 0.2656000000D-02 0.3000000000D-03 0.4275140000D+01 0.4463000000D+00 0.4453000000D+01 0.4481300000D+01
2 9820011021200110282452203.4-0.4900000000D-02 0.2400000000D-03 0.3164300000D+02 0.4115900000D+00 0.2782000000D-02 0.8000000000D-03 0.3871521000D+01 0.1927800000D+01 0.7140000000D-01 0.1310500000D+01 0.2600000000D-02 0.7000000000D-04 0.9836600000D+01 0.1934800000D+00 0.2631000000D-02 0.5000000000D-03 0.1526637000D+01 0.3733400000D+01 0.1316700000D+01 0.4226900000D+01
2 9920011028200111042452210.4-0.4600000000D-02 0.3400000000D-03 0.3059460000D+02 0.4025200000D+00 0.3586000000D-02 0.1400000000D-02 0.9389680000D+00 0.5269000000D+01 0.3194800000D+01 0.1377000000D+01 0.2700000000D-02 0.4000000000D-04 0.9219500000D+01 0.1676000000D+00 0.2448000000D-02 0.4000000000D-03 0.5077789000D+01 0.7390000000D+00 0.4707400000D+01 0.4179400000D+01
210020011104200111112452217.4-0.4100000000D-02 0.3400000000D-03 0.2953760000D+02 0.3814700000D+00 0.2759000000D-02 0.1700000000D-02 0.4289987000D+01 0.2307500000D+01 0.4491000000D+00 0.1356100000D+01 0.2700000000D-02 0.6000000000D-04 0.8963600000D+01 0.1462400000D+00 0.2460000000D-02 0.2000000000D-03 0.2346804000D+01 0.4001600000D+01 0.1575100000D+01 0.3110200000D+01
210120011111200111182452224.4-0.3500000000D-02 0.3600000000D-03 0.2846380000D+02 0.3719600000D+00 0.3074000000D-02 0.1100000000D-02 0.1359348000D+01 0.5641800000D+01 0.3617200000D+01 0.1221200000D+01 0.2700000000D-02 0.6000000000D-04 0.9013100000D+01 0.1224000000D+00 0.2247000000D-02 0.4000000000D-03 0.5886371000D+01 0.9685000000D+00 0.4928000000D+01 0.1771300000D+01
210220011118200111252452231.4-0.3300000000D-02 0.4600000000D-03 0.2737600000D+02 0.3552600000D+00 0.2540000000D-02 0.2000000000D-03 0.4712180000D+01 0.2685800000D+01 0.8041000000D+00 0.1226500000D+01 0.2600000000D-02 0.1100000000D-03 0.9279500000D+01 0.1033500000D+00 0.2210000000D-02 0.6000000000D-03 0.3119104000D+01 0.4178500000D+01 0.1833700000D+01 0.1597800000D+01
210320011125200112022452238.4-0.2800000000D-02 0.4400000000D-03 0.2628080000D+02 0.3454400000D+00 0.2645000000D-02 0.6000000000D-03 0.1782701000D+01 0.6022100000D+01 0.4015300000D+01 0.4732900000D+01 0.2800000000D-02 0.7000000000D-04 0.9679100000D+01 0.8467000000D-01 0.2061000000D-02 0.6000000000D-03 0.3257890000D+00 0.1067000000D+01 0.5161200000D+01 0.1477700000D+01
210420011202200112092452245.4-0.2100000000D-02 0.3700000000D-03 0.2518310000D+02 0.3323500000D+00 0.2420000000D-02 0.1400000000D-02 0.5136465000D+01 0.3074000000D+01 0.1126500000D+01 0.4651100000D+01 0.2800000000D-02 0.9000000000D-04 0.1013150000D+02 0.7161000000D-01 0.1868000000D-02 0.3000000000D-03 0.3790813000D+01 0.4164500000D+01 0.2086400000D+01 0.1160900000D+01
210520011209200112162452252.4-0.1700000000D-02 0.3800000000D-03 0.2408930000D+02 0.3206000000D+00 0.2070000000D-02 0.1600000000D-02 0.2207069000D+01 0.1268000000D+00 0.4493100000D+01 0.4544600000D+01 0.2800000000D-02 0.9000000000D-04 0.1058660000D+02 0.6311000000D-01 0.1931000000D-02 0.2000000000D-03 0.9515030000D+00 0.9527000000D+00 0.5416500000D+01 0.4930900000D+01
210620011216200112232452259.4-0.1500000000D-02 0.4100000000D-03 0.2300490000D+02 0.3124000000D+00 0.2277000000D-02 0.1300000000D-02 0.5560651000D+01 0.3474300000D+01 0.1447100000D+01 0.4587000000D+01 0.2800000000D-02 0.1000000000D-03 0.1100480000D+02 0.6227000000D-01 0.1511000000D-02 0.6000000000D-03 0.4378884000D+01 0.3948800000D+01 0.2303000000D+01 0.4699700000D+01
210720011223200112302452266.4-0.7000000000D-03 0.3000000000D-03 0.2193950000D+02 0.2995800000D+00 0.1769000000D-02 0.7000000000D-03 0.2629956000D+01 0.5317000000D+00 0.4930800000D+01 0.4627700000D+01 0.3100000000D-02 0.5000000000D-04 0.1136760000D+02 0.6436000000D-01 0.1699000000D-02 0.8000000000D-03 0.1509047000D+01 0.7658000000D+00 0.5676300000D+01 0.4748500000D+01
210820011230200201062452273.4-0.2000000000D-03 0.2700000000D-03 0.2089990000D+02 0.2930500000D+00 0.2010000000D-02 0.2000000000D-03 0.5981795000D+01 0.3885600000D+01 0.1834500000D+01 0.1286200000D+01 0.3100000000D-02 0.5000000000D-04 0.1166220000D+02 0.7281000000D-01 0.1297000000D-02 0.7000000000D-03 0.4912452000D+01 0.3873100000D+01 0.2506900000D+01 0.4701700000D+01
210920020106200201132452280.4 0.0000000000D+00 0.2900000000D-03 0.1988980000D+02 0.2809100000D+00 0.1580000000D-02 0.1000000000D-02 0.3048540000D+01 0.9499000000D+00 0.5403200000D+01 0.1267700000D+01 0.3300000000D-02 0.2000000000D-04 0.1188250000D+02 0.7837000000D-01 0.1500000000D-02 0.3000000000D-03 0.2023723000D+01 0.7995000000D+00 0.5933300000D+01 0.5233500000D+01
