 7 5   2  44  56  71  95 4.4880 2.4930 1.5162 0.7217 0.4667  9.0 31.0 27.0 17.0 22.0  112 2453370.5000 2005                                                                                                                                                                                                                                                                      
1  220041231200501092453370.4 0.3500000000D-02-0.2000000000D-04 0.2321900000D+01 0.1061800000D+00 0.2378000000D-02 0.1600000000D-02 0.6010227000D+01 0.4381600000D+01 0.2579400000D+01 0.1221000000D+01 0.4900000000D-02-0.4500000000D-03 0.8589700000D+01 0.3738100000D+00 0.7837000000D-02 0.6800000000D-02 0.1864960000D+01 0.2751000000D+00 0.4784000000D+01 0.3555400000D+01
1  320050109200501182453379.4 0.2900000000D-02 0.8000000000D-04 0.2268900000D+01 0.1047400000D+00 0.2318000000D-02 0.1500000000D-02 0.2013685000D+01 0.3786000000D+00 0.4837700000D+01 0.5956600000D+01 0.5200000000D-02-0.4400000000D-03 0.8538500000D+01 0.3715400000D+00 0.7762000000D-02 0.6000000000D-02 0.4171822000D+01 0.2582900000D+01 0.8021000000D+00 0.1793300000D+01
1  420050118200501272453388.4 0.2500000000D-02 0.1100000000D-03 0.2213300000D+01 0.1029800000D+00 0.2309000000D-02 0.1300000000D-02 0.4297832000D+01 0.2663700000D+01 0.8272000000D+00 0.4166800000D+01 0.2700000000D-02 0.1600000000D-03 0.8490800000D+01 0.3687300000D+00 0.7851000000D-02 0.6600000000D-02 0.1958410000D+00 0.4897000000D+01 0.3119300000D+01 0.9020000000D-01
1  520050127200502052453397.4 0.3200000000D-02-0.8000000000D-04 0.2158800000D+01 0.1004900000D+00 0.2242000000D-02 0.1300000000D-02 0.2961990000D+00 0.4943200000D+01 0.3124900000D+01 0.2594200000D+01 0.8000000000D-03 0.4100000000D-03 0.8456000000D+01 0.3659700000D+00 0.7634000000D-02 0.5800000000D-02 0.2503785000D+01 0.9206000000D+00 0.5434400000D+01 0.4676700000D+01
1  620050205200502142453406.4 0.3600000000D-02-0.1500000000D-03 0.2105400000D+01 0.9854000000D-01 0.2192000000D-02 0.1400000000D-02 0.2576340000D+01 0.9396000000D+00 0.5400200000D+01 0.9093000000D+00 0.1200000000D-02 0.1600000000D-03 0.8428200000D+01 0.3655300000D+00 0.7545000000D-02 0.5700000000D-02 0.4812990000D+01 0.3230300000D+01 0.1446400000D+01 0.3074100000D+01
1  720050214200502232453415.4 0.2400000000D-02 0.9000000000D-04 0.2053500000D+01 0.9642000000D-01 0.2151000000D-02 0.1400000000D-02 0.4854515000D+01 0.3220800000D+01 0.1398700000D+01 0.5579200000D+01 0.4600000000D-02-0.5500000000D-03 0.8406300000D+01 0.3628800000D+00 0.7576000000D-02 0.5300000000D-02 0.8389550000D+00 0.5545600000D+01 0.3778100000D+01 0.1376400000D+01
1  820050223200503042453424.4 0.2100000000D-02 0.9000000000D-04 0.2005100000D+01 0.9447000000D-01 0.2117000000D-02 0.1500000000D-02 0.8483990000D+00 0.5500800000D+01 0.3674700000D+01 0.3778600000D+01 0.3700000000D-02-0.2200000000D-03 0.8397200000D+01 0.3617900000D+00 0.7482000000D-02 0.5800000000D-02 0.3149097000D+01 0.1573200000D+01 0.6092300000D+01 0.6133400000D+01
1  920050304200503132453433.4 0.2600000000D-02-0.6000000000D-04 0.1960000000D+01 0.9232000000D-01 0.2090000000D-02 0.1500000000D-02 0.3124216000D+01 0.1500200000D+01 0.5969900000D+01 0.2109400000D+01-0.4000000000D-03 0.6100000000D-03 0.8395300000D+01 0.3605900000D+00 0.7451000000D-02 0.5400000000D-02 0.5459783000D+01 0.3887200000D+01 0.2137700000D+01 0.4468500000D+01
1 1020050313200503222453442.4 0.2800000000D-02-0.9000000000D-04 0.1920100000D+01 0.9054000000D-01 0.2022000000D-02 0.1500000000D-02 0.5399706000D+01 0.3778300000D+01 0.1959600000D+01 0.3359000000D+00 0.1000000000D-03 0.2600000000D-03 0.8402300000D+01 0.3603000000D+00 0.7469000000D-02 0.5900000000D-02 0.1487794000D+01 0.6202200000D+01 0.4453500000D+01 0.2784500000D+01
1 1120050322200503312453451.4 0.2500000000D-02-0.4000000000D-04 0.1885000000D+01 0.8914000000D-01 0.1986000000D-02 0.1400000000D-02 0.1392560000D+01 0.6059200000D+01 0.4226100000D+01 0.4810900000D+01 0.2400000000D-02-0.2800000000D-03 0.8417300000D+01 0.3619900000D+00 0.7610000000D-02 0.6500000000D-02 0.3799915000D+01 0.2236000000D+01 0.4730000000D+00 0.1060600000D+01
1 1220050331200504092453460.4 0.1700000000D-02 0.1000000000D-03 0.1854900000D+01 0.8717000000D-01 0.1942000000D-02 0.1400000000D-02 0.3668485000D+01 0.2059900000D+01 0.2474000000D+00 0.3136200000D+01 0.3300000000D-02-0.3500000000D-03 0.8442200000D+01 0.3615200000D+00 0.7544000000D-02 0.6200000000D-02 0.6111860000D+01 0.4549800000D+01 0.2808200000D+01 0.5681900000D+01
1 1320050409200504182453469.4 0.1700000000D-02 0.4000000000D-04 0.1831000000D+01 0.8570000000D-01 0.1889000000D-02 0.1200000000D-02 0.5946009000D+01 0.4342700000D+01 0.2528700000D+01 0.1357100000D+01 0.1200000000D-02 0.1000000000D-03 0.8477100000D+01 0.3635000000D+00 0.7541000000D-02 0.6500000000D-02 0.2141271000D+01 0.5800000000D+00 0.5109800000D+01 0.3907800000D+01
1 1420050418200504272453478.4 0.2600000000D-02-0.1500000000D-03 0.1812400000D+01 0.8430000000D-01 0.1833000000D-02 0.1100000000D-02 0.1942495000D+01 0.3449000000D+00 0.4822500000D+01 0.5979000000D+01-0.2100000000D-02 0.6700000000D-03 0.8516600000D+01 0.3656600000D+00 0.7610000000D-02 0.6100000000D-02 0.4454131000D+01 0.2895600000D+01 0.1140300000D+01 0.2199200000D+01
1 1520050427200505062453487.4 0.2200000000D-02-0.4000000000D-04 0.1799100000D+01 0.8298000000D-01 0.1795000000D-02 0.1200000000D-02 0.4224649000D+01 0.2634800000D+01 0.8354000000D+00 0.4293000000D+01 0.4000000000D-03-0.2000000000D-04 0.8564500000D+01 0.3669600000D+00 0.7568000000D-02 0.6400000000D-02 0.4835700000D+00 0.5208500000D+01 0.3464300000D+01 0.5912000000D+00
1 1620050506200505152453496.4 0.1500000000D-02 0.9000000000D-04 0.1790700000D+01 0.8188000000D-01 0.1796000000D-02 0.1100000000D-02 0.2270370000D+00 0.4931300000D+01 0.3135500000D+01 0.2788200000D+01 0.3400000000D-02-0.6100000000D-03 0.8617500000D+01 0.3687000000D+00 0.7734000000D-02 0.5200000000D-02 0.2796271000D+01 0.1242000000D+01 0.5790900000D+01 0.5201100000D+01
1 1720050515200505242453505.4 0.1500000000D-02 0.4000000000D-04 0.1788000000D+01 0.8076000000D-01 0.1724000000D-02 0.1200000000D-02 0.2516436000D+01 0.9411000000D+00 0.5443800000D+01 0.1009300000D+01 0.9000000000D-03 0.2000000000D-04 0.8675700000D+01 0.3713200000D+00 0.7717000000D-02 0.6000000000D-02 0.5108979000D+01 0.3554400000D+01 0.1825000000D+01 0.3600000000D+01
1 1820050524200506022453514.4 0.1900000000D-02-0.4000000000D-04 0.1789600000D+01 0.8016000000D-01 0.1695000000D-02 0.1200000000D-02 0.4810418000D+01 0.3241000000D+01 0.1447000000D+01 0.5722800000D+01-0.1400000000D-02 0.4300000000D-03 0.8737500000D+01 0.3754800000D+00 0.7839000000D-02 0.5500000000D-02 0.1138460000D+01 0.5868200000D+01 0.4119900000D+01 0.1998700000D+01
1 1920050602200506112453523.4 0.2400000000D-02-0.1100000000D-03 0.1794700000D+01 0.7936000000D-01 0.1693000000D-02 0.1400000000D-02 0.8255940000D+00 0.5548700000D+01 0.3764900000D+01 0.3980100000D+01-0.1600000000D-02 0.2900000000D-03 0.8800200000D+01 0.3774200000D+00 0.8071000000D-02 0.6200000000D-02 0.3450358000D+01 0.1901500000D+01 0.1702000000D+00 0.3988000000D+00
1 2020050611200506202453532.4 0.1800000000D-02 0.3000000000D-04 0.1804300000D+01 0.7877000000D-01 0.1627000000D-02 0.1300000000D-02 0.3128901000D+01 0.1569900000D+01 0.6076100000D+01 0.2297600000D+01 0.1200000000D-02-0.3200000000D-03 0.8867700000D+01 0.3815100000D+00 0.8005000000D-02 0.6000000000D-02 0.5762201000D+01 0.4209400000D+01 0.2470600000D+01 0.4902300000D+01
1 2120050620200506292453541.4 0.1200000000D-02 0.1400000000D-03 0.1816900000D+01 0.7823000000D-01 0.1607000000D-02 0.1500000000D-02 0.5437004000D+01 0.3883200000D+01 0.2118000000D+01 0.5183000000D+00 0.2800000000D-02-0.5700000000D-03 0.8934000000D+01 0.3855300000D+00 0.8094000000D-02 0.7100000000D-02 0.1790328000D+01 0.2363000000D+00 0.4771800000D+01 0.3284900000D+01
1 2220050629200507082453550.4 0.1900000000D-02-0.2000000000D-04 0.1832000000D+01 0.7784000000D-01 0.1586000000D-02 0.1300000000D-02 0.1466656000D+01 0.6200400000D+01 0.4448100000D+01 0.5120400000D+01-0.1500000000D-02 0.3900000000D-03 0.8997100000D+01 0.3877000000D+00 0.8203000000D-02 0.6600000000D-02 0.4100691000D+01 0.2546600000D+01 0.8142000000D+00 0.1461400000D+01
1 2320050708200507172453559.4 0.2400000000D-02-0.1000000000D-03 0.1849500000D+01 0.7799000000D-01 0.1580000000D-02 0.1300000000D-02 0.3784242000D+01 0.2238900000D+01 0.4729000000D+00 0.3449400000D+01-0.3100000000D-02 0.5500000000D-03 0.9055600000D+01 0.3921800000D+00 0.8360000000D-02 0.6800000000D-02 0.1275310000D+00 0.4856100000D+01 0.3105100000D+01 0.6112200000D+01
1 2420050717200507262453568.4 0.2200000000D-02 0.0000000000D+00 0.1869300000D+01 0.7763000000D-01 0.1581000000D-02 0.1200000000D-02 0.6105180000D+01 0.4565100000D+01 0.2834400000D+01 0.1735200000D+01 0.3000000000D-03-0.3100000000D-03 0.9111000000D+01 0.3937300000D+00 0.8389000000D-02 0.6700000000D-02 0.2436420000D+01 0.8793000000D+00 0.5428600000D+01 0.4290700000D+01
1 2520050726200508042453577.4 0.1800000000D-02 0.1000000000D-03 0.1891200000D+01 0.7809000000D-01 0.1558000000D-02 0.1300000000D-02 0.2146910000D+01 0.6062000000D+00 0.5155700000D+01 0.2266000000D+00 0.1500000000D-02-0.4600000000D-03 0.9159200000D+01 0.3972300000D+00 0.8412000000D-02 0.6300000000D-02 0.4745074000D+01 0.3183800000D+01 0.1439600000D+01 0.2808200000D+01
1 2620050804200508132453586.4 0.1700000000D-02 0.1000000000D-03 0.1913900000D+01 0.7887000000D-01 0.1577000000D-02 0.1200000000D-02 0.4474441000D+01 0.2936300000D+01 0.1190000000D+01 0.4860900000D+01 0.2000000000D-03-0.1000000000D-03 0.9194800000D+01 0.4013200000D+00 0.8687000000D-02 0.5900000000D-02 0.7698280000D+00 0.5493300000D+01 0.3724500000D+01 0.9844000000D+00
1 2720050813200508222453595.4 0.2600000000D-02-0.7000000000D-04 0.1938000000D+01 0.7912000000D-01 0.1584000000D-02 0.1400000000D-02 0.5199070000D+00 0.5265200000D+01 0.3556200000D+01 0.3253400000D+01-0.2900000000D-02 0.4900000000D-03 0.9227200000D+01 0.4013900000D+00 0.8552000000D-02 0.6100000000D-02 0.3076497000D+01 0.1510200000D+01 0.6046200000D+01 0.5789900000D+01
1 2820050822200508312453604.4 0.3000000000D-02-0.1000000000D-03 0.1962000000D+01 0.8023000000D-01 0.1624000000D-02 0.1400000000D-02 0.2849853000D+01 0.1312700000D+01 0.5879400000D+01 0.1557300000D+01-0.3000000000D-02 0.3200000000D-03 0.9247000000D+01 0.4036300000D+00 0.8581000000D-02 0.6200000000D-02 0.5382936000D+01 0.3812600000D+01 0.2054900000D+01 0.4093100000D+01
1 2920050831200509092453613.4 0.2300000000D-02 0.1000000000D-03 0.1985500000D+01 0.8121000000D-01 0.1649000000D-02 0.1600000000D-02 0.5179404000D+01 0.3640300000D+01 0.1932600000D+01 0.6248700000D+01 0.1600000000D-02-0.6900000000D-03 0.9252900000D+01 0.4048800000D+00 0.8694000000D-02 0.6100000000D-02 0.1405303000D+01 0.6117100000D+01 0.4350500000D+01 0.2539800000D+01
1 3020050909200509182453622.4 0.2200000000D-02 0.1200000000D-03 0.2007800000D+01 0.8248000000D-01 0.1682000000D-02 0.1400000000D-02 0.1225064000D+01 0.5964500000D+01 0.4255600000D+01 0.4440400000D+01 0.8000000000D-03-0.3600000000D-03 0.9250900000D+01 0.4049300000D+00 0.8622000000D-02 0.6700000000D-02 0.3710286000D+01 0.2133000000D+01 0.3686000000D+00 0.7091000000D+00
1 3120050918200509272453631.4 0.2700000000D-02 0.1000000000D-04 0.2026600000D+01 0.8403000000D-01 0.1775000000D-02 0.1500000000D-02 0.3552139000D+01 0.2009500000D+01 0.2834000000D+00 0.2792900000D+01-0.3000000000D-02 0.4800000000D-03 0.9232600000D+01 0.4040400000D+00 0.8767000000D-02 0.6900000000D-02 0.6014634000D+01 0.4438100000D+01 0.2679900000D+01 0.5360500000D+01
1 3220050927200510062453640.4 0.3400000000D-02-0.9000000000D-04 0.2043400000D+01 0.8519000000D-01 0.1774000000D-02 0.1400000000D-02 0.5876411000D+01 0.4323800000D+01 0.2603000000D+01 0.1095300000D+01-0.3100000000D-02 0.2800000000D-03 0.9206900000D+01 0.4038400000D+00 0.8673000000D-02 0.7200000000D-02 0.2035488000D+01 0.4539000000D+00 0.4965200000D+01 0.3608900000D+01
1 3320051006200510152453649.4 0.3400000000D-02-0.5000000000D-04 0.2055800000D+01 0.8658000000D-01 0.1810000000D-02 0.1300000000D-02 0.1914801000D+01 0.3538000000D+00 0.4907200000D+01 0.5742900000D+01-0.1300000000D-02-0.1800000000D-03 0.9170100000D+01 0.4038600000D+00 0.8648000000D-02 0.6700000000D-02 0.4339526000D+01 0.2753900000D+01 0.9633000000D+00 0.1827700000D+01
1 3420051015200510242453658.4 0.2500000000D-02 0.1500000000D-03 0.2062100000D+01 0.8778000000D-01 0.1873000000D-02 0.1300000000D-02 0.4232558000D+01 0.2667300000D+01 0.9274000000D+00 0.4030400000D+01 0.1000000000D-02-0.5700000000D-03 0.9120700000D+01 0.4005800000D+00 0.8666000000D-02 0.7000000000D-02 0.3595010000D+00 0.5057700000D+01 0.3280600000D+01 0.1688000000D+00
1 3520051024200511022453667.4 0.2600000000D-02 0.8000000000D-04 0.2063800000D+01 0.8875000000D-01 0.1896000000D-02 0.1300000000D-02 0.2632630000D+00 0.4971100000D+01 0.3225100000D+01 0.2484200000D+01-0.9000000000D-03-0.6000000000D-04 0.9069100000D+01 0.3988400000D+00 0.8495000000D-02 0.6100000000D-02 0.2662957000D+01 0.1072300000D+01 0.5567600000D+01 0.4737900000D+01
1 3620051102200511112453676.4 0.3600000000D-02-0.1100000000D-03 0.2059000000D+01 0.8925000000D-01 0.1939000000D-02 0.1400000000D-02 0.2572934000D+01 0.9913000000D+00 0.5540400000D+01 0.8488000000D+00-0.5100000000D-02 0.6800000000D-03 0.9008500000D+01 0.3961000000D+00 0.8345000000D-02 0.5900000000D-02 0.4966448000D+01 0.3372400000D+01 0.1586200000D+01 0.3125900000D+01
1 3720051111200511202453685.4 0.3500000000D-02-0.5000000000D-04 0.2048200000D+01 0.9004000000D-01 0.1967000000D-02 0.1400000000D-02 0.4878505000D+01 0.3289200000D+01 0.1530400000D+01 0.5462500000D+01-0.2600000000D-02-0.2000000000D-04 0.8941600000D+01 0.3922200000D+00 0.8307000000D-02 0.5800000000D-02 0.9865340000D+00 0.5676300000D+01 0.3895800000D+01 0.1452600000D+01
1 3820051120200511292453694.4 0.3000000000D-02 0.5000000000D-04 0.2031500000D+01 0.9060000000D-01 0.2013000000D-02 0.1600000000D-02 0.8966820000D+00 0.5584500000D+01 0.3803400000D+01 0.3767200000D+01 0.4000000000D-03-0.6300000000D-03 0.8872300000D+01 0.3891800000D+00 0.8367000000D-02 0.5700000000D-02 0.3290255000D+01 0.1698800000D+01 0.6196800000D+01 0.6216500000D+01
1 3920051129200512082453703.4 0.2600000000D-02 0.1000000000D-03 0.2009500000D+01 0.9029000000D-01 0.2017000000D-02 0.1500000000D-02 0.3193160000D+01 0.1591600000D+01 0.6107300000D+01 0.2051400000D+01-0.1100000000D-02-0.1500000000D-03 0.8803600000D+01 0.3850000000D+00 0.8119000000D-02 0.5800000000D-02 0.5594164000D+01 0.3999900000D+01 0.2226400000D+01 0.4446000000D+01
1 4020051208200512172453712.4 0.2900000000D-02 0.1000000000D-04 0.1983500000D+01 0.9037000000D-01 0.2016000000D-02 0.1600000000D-02 0.5485717000D+01 0.3876600000D+01 0.2085800000D+01 0.2998000000D+00-0.3600000000D-02 0.2800000000D-03 0.8735100000D+01 0.3826000000D+00 0.8076000000D-02 0.6200000000D-02 0.1615623000D+01 0.2190000000D-01 0.4515300000D+01 0.2815600000D+01
1 4120051217200512262453721.4 0.3700000000D-02-0.1500000000D-03 0.1953300000D+01 0.9002000000D-01 0.2016000000D-02 0.1400000000D-02 0.1490785000D+01 0.6159900000D+01 0.4360800000D+01 0.4763100000D+01-0.4800000000D-02 0.3700000000D-03 0.8666700000D+01 0.3794000000D+00 0.8133000000D-02 0.6800000000D-02 0.3920632000D+01 0.2331000000D+01 0.5403000000D+00 0.1061700000D+01
1 4220051226200601042453730.4 0.3000000000D-02 0.0000000000D+00 0.1920300000D+01 0.8925000000D-01 0.2003000000D-02 0.1400000000D-02 0.3774623000D+01 0.2156900000D+01 0.3611000000D+00 0.3138900000D+01-0.1900000000D-02-0.3100000000D-03 0.8605900000D+01 0.3756900000D+00 0.7831000000D-02 0.6000000000D-02 0.6226045000D+01 0.4633000000D+01 0.2848200000D+01 0.5660700000D+01
1 4320060104200601132453739.4 0.2100000000D-02 0.1400000000D-03 0.1885600000D+01 0.8838000000D-01 0.2024000000D-02 0.1200000000D-02 0.6054444000D+01 0.4437800000D+01 0.2641300000D+01 0.1239100000D+01 0.2000000000D-03-0.6700000000D-03 0.8548700000D+01 0.3721900000D+00 0.7807000000D-02 0.6900000000D-02 0.2248912000D+01 0.6587000000D+00 0.5162100000D+01 0.3845000000D+01
2 4420041231200501312453370.4 0.6800000000D-02-0.1000000000D-04 0.4122700000D+01 0.1083000000D-01 0.2900000000D-04 0.2400000000D-02 0.2620930000D+01 0.2846000000D+00 0.8147000000D+00 0.3499000000D+00-0.2010000000D-01 0.6000000000D-04 0.1245510000D+02 0.9200000000D-02 0.7800000000D-04 0.6500000000D-02 0.4915581000D+01 0.1815800000D+01 0.5430200000D+01 0.2481400000D+01
2 4520050131200503032453401.4 0.6400000000D-02 0.0000000000D+00 0.3893600000D+01 0.1227000000D-01 0.1700000000D-04 0.2600000000D-02 0.4436582000D+01 0.2245500000D+01 0.4174100000D+01 0.3836800000D+01-0.1940000000D-01 0.3000000000D-04 0.1223680000D+02 0.5660000000D-02 0.8900000000D-04 0.8300000000D-02 0.5190650000D+00 0.3227600000D+01 0.7481000000D+00 0.1312000000D+00
2 4620050303200504032453432.4 0.6400000000D-02-0.1000000000D-04 0.3702000000D+01 0.1184000000D-01 0.4200000000D-04 0.1900000000D-02 0.6236890000D+01 0.4212600000D+01 0.6291000000D+00 0.1303300000D+01-0.2020000000D-01 0.7000000000D-04 0.1216060000D+02 0.3830000000D-02 0.8200000000D-04 0.7100000000D-02 0.2411590000D+01 0.3947700000D+01 0.2669600000D+01 0.3710900000D+01
2 4720050403200505042453463.4 0.6600000000D-02-0.1000000000D-04 0.3586100000D+01 0.9570000000D-02 0.6600000000D-04 0.2100000000D-02 0.1753674000D+01 0.6213500000D+01 0.2703000000D+01 0.4959500000D+01-0.2050000000D-01 0.3000000000D-04 0.1224040000D+02 0.7100000000D-02 0.5900000000D-04 0.7400000000D-02 0.4307573000D+01 0.5061900000D+01 0.4324900000D+01 0.1324800000D+01
2 4820050504200506042453494.4 0.6200000000D-02 0.1000000000D-04 0.3556500000D+01 0.5910000000D-02 0.8000000000D-04 0.1700000000D-02 0.3572244000D+01 0.2077400000D+01 0.4733700000D+01 0.2452800000D+01-0.1930000000D-01-0.5000000000D-04 0.1245680000D+02 0.1031000000D-01 0.4000000000D-04 0.6300000000D-02 0.6204351000D+01 0.4138000000D+00 0.5383100000D+01 0.4987400000D+01
2 4920050604200507052453525.4 0.6200000000D-02 0.0000000000D+00 0.3602300000D+01 0.2790000000D-02 0.8300000000D-04 0.2300000000D-02 0.5425975000D+01 0.5012700000D+01 0.4903000000D+00 0.6174500000D+01-0.2030000000D-01 0.0000000000D+00 0.1276360000D+02 0.1125000000D-01 0.4500000000D-04 0.7600000000D-02 0.1815658000D+01 0.2106600000D+01 0.6241500000D+01 0.2661000000D+01
2 5020050705200508052453556.4 0.6400000000D-02 0.0000000000D+00 0.3698900000D+01 0.5600000000D-02 0.6000000000D-04 0.2000000000D-02 0.1038962000D+01 0.1854700000D+01 0.2612800000D+01 0.3532300000D+01-0.2050000000D-01-0.2000000000D-04 0.1308340000D+02 0.9950000000D-02 0.8300000000D-04 0.8100000000D-02 0.3704937000D+01 0.3774600000D+01 0.1189000000D+01 0.6177500000D+01
2 5120050805200509052453587.4 0.6100000000D-02 0.3000000000D-04 0.3821900000D+01 0.8720000000D-02 0.2500000000D-04 0.2000000000D-02 0.2971588000D+01 0.4050000000D+01 0.5489800000D+01 0.1283500000D+01-0.2010000000D-01-0.5000000000D-04 0.1332680000D+02 0.6210000000D-02 0.1030000000D-03 0.6800000000D-02 0.5587968000D+01 0.5186300000D+01 0.2724000000D+01 0.3744200000D+01
2 5220050905200510062453618.4 0.6500000000D-02 0.0000000000D+00 0.3937800000D+01 0.8910000000D-02 0.6000000000D-04 0.2200000000D-02 0.4919970000D+01 0.6111000000D+01 0.2554400000D+01 0.4948600000D+01-0.2170000000D-01 0.4000000000D-04 0.1340910000D+02 0.4600000000D-02 0.1030000000D-03 0.7300000000D-02 0.1182001000D+01 0.5773700000D+01 0.4357100000D+01 0.1241500000D+01
2 5320051006200511062453649.4 0.6800000000D-02-0.1000000000D-04 0.4004600000D+01 0.5540000000D-02 0.9500000000D-04 0.2300000000D-02 0.5752370000D+00 0.1984200000D+01 0.4688000000D+01 0.2447800000D+01-0.2160000000D-01 0.1000000000D-04 0.1329500000D+02 0.8390000000D-02 0.6400000000D-04 0.7500000000D-02 0.3055755000D+01 0.5234000000D+00 0.6067600000D+01 0.4896300000D+01
2 5420051106200512072453680.4 0.6200000000D-02 0.1000000000D-04 0.3982200000D+01 0.2500000000D-02 0.9300000000D-04 0.2400000000D-02 0.2483555000D+01 0.5398900000D+01 0.4140000000D+00 0.6163800000D+01-0.1940000000D-01-0.6000000000D-04 0.1302310000D+02 0.1158000000D-01 0.2800000000D-04 0.8000000000D-02 0.4929726000D+01 0.2142600000D+01 0.4585000000D+00 0.2426400000D+01
2 5520051207200601072453711.4 0.6000000000D-02 0.1000000000D-04 0.3865100000D+01 0.6960000000D-02 0.6200000000D-04 0.1800000000D-02 0.4352931000D+01 0.1947800000D+01 0.2421400000D+01 0.3700700000D+01-0.1960000000D-01 0.0000000000D+00 0.1268100000D+02 0.1147000000D-01 0.6200000000D-04 0.7000000000D-02 0.5236980000D+00 0.3886200000D+01 0.1426500000D+01 0.5960700000D+01
3 5620041231200501272453370.4 0.1520000000D-01 0.1000000000D-04 0.5769200000D+01 0.1479000000D-01 0.4400000000D-04 0.1030000000D-01 0.4846072000D+01 0.2502100000D+01 0.2999800000D+01 0.5941800000D+01 0.3240000000D-01-0.7900000000D-03 0.1734160000D+02 0.1257000000D-01 0.9600000000D-04 0.3040000000D-01 0.8604850000D+00 0.3943100000D+01 0.1287100000D+01 0.1975500000D+01
3 5720050127200502232453397.4 0.1830000000D-01 0.6000000000D-04 0.5491300000D+01 0.1702000000D-01 0.2500000000D-04 0.1050000000D-01 0.1743647000D+01 0.5812300000D+01 0.1309200000D+01 0.5876200000D+01 0.3500000000D-02 0.1000000000D-03 0.1706540000D+02 0.8190000000D-02 0.1250000000D-03 0.3280000000D-01 0.4101685000D+01 0.6367000000D+00 0.4512200000D+01 0.1997900000D+01
3 5820050223200503222453424.4 0.1950000000D-01-0.3200000000D-03 0.5246100000D+01 0.1683000000D-01 0.4600000000D-04 0.1090000000D-01 0.4910471000D+01 0.2838700000D+01 0.5329900000D+01 0.6117100000D+01 0.8300000000D-02 0.7900000000D-03 0.1694060000D+02 0.4860000000D-02 0.1300000000D-03 0.3480000000D-01 0.1063185000D+01 0.3057100000D+01 0.1351400000D+01 0.2295900000D+01
3 5920050322200504182453451.4 0.8800000000D-02 0.0000000000D+00 0.5073800000D+01 0.1488000000D-01 0.7400000000D-04 0.9200000000D-02 0.1789755000D+01 0.6164500000D+01 0.2531000000D+01 0.2300000000D-01 0.3050000000D-01-0.6700000000D-03 0.1697800000D+02 0.7130000000D-02 0.1020000000D-03 0.3090000000D-01 0.4309932000D+01 0.5223400000D+01 0.4300500000D+01 0.2573600000D+01
3 6020050418200505152453478.4 0.1000000000D-01 0.1800000000D-03 0.4991800000D+01 0.1141000000D-01 0.9900000000D-04 0.9300000000D-02 0.4959531000D+01 0.3281900000D+01 0.6041300000D+01 0.6248300000D+01 0.7700000000D-02-0.3900000000D-03 0.1716970000D+02 0.1170000000D-01 0.7100000000D-04 0.3220000000D-01 0.1273664000D+01 0.1803400000D+01 0.7372000000D+00 0.2588900000D+01
3 6120050515200506112453505.4 0.1420000000D-01-0.2100000000D-03 0.4998800000D+01 0.6770000000D-02 0.1170000000D-03 0.1050000000D-01 0.1866137000D+01 0.5767000000D+00 0.3117000000D+01 0.2146000000D+00 0.1400000000D-02 0.7900000000D-03 0.1748620000D+02 0.1502000000D-01 0.5600000000D-04 0.3650000000D-01 0.4519521000D+01 0.4847300000D+01 0.3062800000D+01 0.2875500000D+01
3 6220050611200507082453532.4 0.6200000000D-02 0.1000000000D-04 0.5077000000D+01 0.4080000000D-02 0.1170000000D-03 0.9600000000D-02 0.5085890000D+01 0.4951500000D+01 0.1695000000D+00 0.5236000000D+00 0.2910000000D-01-0.4300000000D-03 0.1787300000D+02 0.1540000000D-01 0.6400000000D-04 0.3370000000D-01 0.1479819000D+01 0.1590300000D+01 0.5588600000D+01 0.3186000000D+01
3 6320050708200508042453559.4 0.7900000000D-02 0.3000000000D-03 0.5202600000D+01 0.7840000000D-02 0.8800000000D-04 0.9400000000D-02 0.2054084000D+01 0.2855800000D+01 0.3651000000D+01 0.5612000000D+00 0.1260000000D-01-0.6300000000D-03 0.1825890000D+02 0.1312000000D-01 0.9100000000D-04 0.3330000000D-01 0.4718585000D+01 0.4591700000D+01 0.2033900000D+01 0.3195800000D+01
3 6420050804200508312453586.4 0.1730000000D-01-0.1100000000D-03 0.5352000000D+01 0.1198000000D-01 0.3400000000D-04 0.1110000000D-01 0.5332444000D+01 0.1209000000D+00 0.1444500000D+01 0.8383000000D+00-0.4700000000D-02 0.9500000000D-03 0.1855000000D+02 0.8470000000D-02 0.1190000000D-03 0.3870000000D-01 0.1669646000D+01 0.1211100000D+01 0.5101900000D+01 0.3410300000D+01
3 6520050831200509272453613.4 0.1310000000D-01-0.9000000000D-04 0.5496400000D+01 0.1270000000D-01 0.6800000000D-04 0.1080000000D-01 0.2342120000D+01 0.3522700000D+01 0.6158700000D+01 0.1194000000D+01 0.2390000000D-01 0.8000000000D-04 0.1867070000D+02 0.5490000000D-02 0.1420000000D-03 0.3670000000D-01 0.4901119000D+01 0.3430200000D+01 0.1900000000D+01 0.3731500000D+01
3 6620050927200510242453640.4 0.1130000000D-01 0.3000000000D-03 0.5595600000D+01 0.9620000000D-02 0.1170000000D-03 0.9800000000D-02 0.5631256000D+01 0.6792000000D+00 0.3424900000D+01 0.1315700000D+01 0.1870000000D-01-0.7700000000D-03 0.1858500000D+02 0.9220000000D-02 0.1220000000D-03 0.3260000000D-01 0.1847409000D+01 0.5697800000D+01 0.4896600000D+01 0.3757500000D+01
3 6720051024200511202453667.4 0.2090000000D-01-0.1000000000D-04 0.5610400000D+01 0.4380000000D-02 0.1250000000D-03 0.1120000000D-01 0.2619077000D+01 0.4582400000D+01 0.5225000000D+00 0.1455000000D+01-0.5400000000D-02 0.6900000000D-03 0.1831120000D+02 0.1428000000D-01 0.8500000000D-04 0.3720000000D-01 0.5077582000D+01 0.2352800000D+01 0.1028900000D+01 0.3894400000D+01
3 6820051120200512172453694.4 0.1800000000D-01-0.2300000000D-03 0.5519300000D+01 0.5720000000D-02 0.1110000000D-03 0.1090000000D-01 0.5863069000D+01 0.3116900000D+01 0.3812400000D+01 0.1756300000D+01 0.1920000000D-01 0.2400000000D-03 0.1792150000D+02 0.1594000000D-01 0.6300000000D-04 0.3660000000D-01 0.2026769000D+01 0.5386000000D+01 0.3448900000D+01 0.4232400000D+01
3 6920051217200601132453721.4 0.1060000000D-01 0.1700000000D-03 0.5340800000D+01 0.1102000000D-01 0.8400000000D-04 0.9200000000D-02 0.2793607000D+01 0.4585000000D+00 0.8687000000D+00 0.1866000000D+01 0.2400000000D-01-0.9700000000D-03 0.1750880000D+02 0.1493000000D-01 0.8100000000D-04 0.3030000000D-01 0.5262207000D+01 0.2145500000D+01 0.5707800000D+01 0.4351200000D+01
3 7020060113200602092453748.4 0.1650000000D-01-0.1000000000D-04 0.5121600000D+01 0.1499000000D-01 0.4100000000D-04 0.9800000000D-02 0.5978972000D+01 0.3825300000D+01 0.4451400000D+01 0.1874300000D+01-0.3800000000D-02 0.2300000000D-03 0.1715820000D+02 0.1138000000D-01 0.1090000000D-03 0.3390000000D-01 0.2218197000D+01 0.5165500000D+01 0.2570700000D+01 0.4442700000D+01
4 7120041231200501172453370.2-0.3120000000D-01-0.7800000000D-03 0.9391000000D+01 0.2359000000D-01 0.1040000000D-03 0.1200000000D-01 0.3703610000D+00 0.4346400000D+01 0.3265100000D+01 0.5353000000D+01 0.6470000000D-01 0.1850000000D-02 0.2843920000D+02 0.1653000000D-01 0.1690000000D-03 0.3790000000D-01 0.2667725000D+01 0.5504000000D+01 0.5076700000D+01 0.1384600000D+01
4 7220050117200502032453387.2-0.4270000000D-01 0.9500000000D-03 0.9110800000D+01 0.2611000000D-01 0.1870000000D-03 0.1060000000D-01 0.4051200000D-01 0.3954300000D+01 0.5363900000D+01 0.4737200000D+01 0.9940000000D-01-0.3000000000D-02 0.2814720000D+02 0.1820000000D-01 0.3300000000D-03 0.3330000000D-01 0.2374584000D+01 0.4895400000D+01 0.1161600000D+01 0.7762000000D+00
4 7320050203200502202453404.2-0.3490000000D-01 0.1800000000D-03 0.8827700000D+01 0.2800000000D-01 0.7500000000D-04 0.1110000000D-01 0.5987318000D+01 0.3790100000D+01 0.2217000000D+00 0.4357600000D+01 0.5400000000D-01 0.1600000000D-03 0.2792840000D+02 0.1236000000D-01 0.2620000000D-03 0.3570000000D-01 0.2081942000D+01 0.4628300000D+01 0.2923900000D+01 0.4835000000D+00
4 7420050220200503092453421.2-0.2130000000D-01 0.1300000000D-03 0.8574600000D+01 0.2584000000D-01 0.7300000000D-04 0.7100000000D-02 0.5644239000D+01 0.3526600000D+01 0.5010200000D+01 0.3904400000D+01 0.3200000000D-01-0.7800000000D-03 0.2781300000D+02 0.1414000000D-01 0.2850000000D-03 0.2320000000D-01 0.1789054000D+01 0.3752000000D+01 0.1498600000D+01 0.8860000000D-01
4 7520050309200503262453438.2-0.2580000000D-01 0.7700000000D-03 0.8376600000D+01 0.2766000000D-01 0.1570000000D-03 0.6700000000D-02 0.5301655000D+01 0.3299200000D+01 0.5905600000D+01 0.2920400000D+01 0.2730000000D-01 0.1070000000D-02 0.2780350000D+02 0.9440000000D-02 0.3300000000D-03 0.2310000000D-01 0.1499160000D+01 0.3008500000D+01 0.1137100000D+01 0.5459100000D+01
4 7620050326200504122453455.2-0.1160000000D-01-0.2100000000D-03 0.8225200000D+01 0.2332000000D-01 0.1490000000D-03 0.4300000000D-02 0.4955707000D+01 0.3061700000D+01 0.5698800000D+01 0.2242100000D+01 0.2610000000D-01 0.4600000000D-03 0.2789570000D+02 0.1174000000D-01 0.2720000000D-03 0.1470000000D-01 0.1207337000D+01 0.2080200000D+01 0.1858700000D+01 0.4800100000D+01
4 7720050412200504292453472.2-0.2080000000D-01 0.1000000000D-04 0.8136200000D+01 0.1869000000D-01 0.1080000000D-03 0.6900000000D-02 0.4614039000D+01 0.2864600000D+01 0.5288300000D+01 0.1039100000D+01 0.6750000000D-01 0.2000000000D-03 0.2808430000D+02 0.2001000000D-01 0.2620000000D-03 0.2420000000D-01 0.9151390000D+00 0.1686600000D+01 0.6246100000D+01 0.3649100000D+01
4 7820050429200505162453489.2-0.1930000000D-01-0.9600000000D-03 0.8109800000D+01 0.1800000000D-01 0.2560000000D-03 0.8900000000D-02 0.4282007000D+01 0.2717000000D+01 0.5583000000D+01 0.7156000000D+00 0.5380000000D-01 0.3500000000D-02 0.2837790000D+02 0.1702000000D-01 0.2980000000D-03 0.3060000000D-01 0.6250870000D+00 0.7610000000D+00 0.1274600000D+01 0.3357600000D+01
4 7920050516200506022453506.2-0.3410000000D-01 0.4700000000D-03 0.8131400000D+01 0.1078000000D-01 0.1660000000D-03 0.9800000000D-02 0.3955953000D+01 0.2773200000D+01 0.5548800000D+01 0.6273700000D+01 0.1144000000D+00-0.2470000000D-02 0.2869930000D+02 0.3017000000D-01 0.3910000000D-03 0.3430000000D-01 0.3308660000D+00 0.6745000000D+00 0.4206200000D+01 0.2680000000D+01
4 8020050602200506192453523.2-0.3240000000D-01-0.1600000000D-03 0.8206100000D+01 0.6250000000D-02 0.1700000000D-03 0.1140000000D-01 0.3642741000D+01 0.3066100000D+01 0.4801200000D+01 0.5991200000D+01 0.8260000000D-01 0.7400000000D-03 0.2911960000D+02 0.2424000000D-01 0.1740000000D-03 0.4100000000D-01 0.3634800000D-01 0.3199000000D+00 0.5120100000D+01 0.2383400000D+01
4 8120050619200507062453540.2-0.3030000000D-01 0.5100000000D-03 0.8313200000D+01 0.7730000000D-02 0.3610000000D-03 0.9300000000D-02 0.3344879000D+01 0.3214700000D+01 0.4931100000D+01 0.5627300000D+01 0.7750000000D-01-0.2340000000D-02 0.2953410000D+02 0.2662000000D-01 0.5590000000D-03 0.3270000000D-01 0.6025522000D+01 0.5642400000D+01 0.1610500000D+01 0.2009800000D+01
4 8220050706200507232453557.2-0.3320000000D-01 0.8200000000D-03 0.8438300000D+01 0.1552000000D-01 0.7800000000D-04 0.9600000000D-02 0.3056246000D+01 0.3894700000D+01 0.1963000000D+00 0.5044700000D+01 0.7360000000D-01-0.1960000000D-02 0.2989880000D+02 0.2844000000D-01 0.8450000000D-03 0.3370000000D-01 0.5725910000D+01 0.6114900000D+01 0.3768200000D+01 0.1418400000D+01
4 8320050723200508092453574.2-0.1500000000D-01-0.2900000000D-03 0.8598200000D+01 0.1618000000D-01 0.1530000000D-03 0.6900000000D-02 0.2781869000D+01 0.3778800000D+01 0.4310500000D+01 0.4685500000D+01 0.2360000000D-01 0.5300000000D-03 0.3025880000D+02 0.1785000000D-01 0.1810000000D-03 0.2430000000D-01 0.5428119000D+01 0.5142400000D+01 0.2006400000D+01 0.1036700000D+01
4 8420050809200508262453591.2-0.2320000000D-01 0.6700000000D-03 0.8747500000D+01 0.1968000000D-01 0.1710000000D-03 0.5400000000D-02 0.2515486000D+01 0.3518300000D+01 0.4882500000D+01 0.3545100000D+01 0.5130000000D-01-0.7500000000D-03 0.3049430000D+02 0.1570000000D-01 0.3640000000D-03 0.1910000000D-01 0.5127894000D+01 0.4480000000D+01 0.1336600000D+01 0.6117200000D+01
4 8520050826200509122453608.2-0.1400000000D-01-0.5900000000D-03 0.8898600000D+01 0.2337000000D-01 0.2170000000D-03 0.6000000000D-02 0.2253070000D+01 0.3420900000D+01 0.1205000000D+00 0.3060800000D+01 0.3000000000D-01 0.2160000000D-02 0.3061450000D+02 0.7310000000D-02 0.8430000000D-03 0.2050000000D-01 0.4826207000D+01 0.5290200000D+01 0.2832300000D+01 0.5591700000D+01
4 8620050912200509292453625.2-0.2290000000D-01 0.2000000000D-04 0.9027400000D+01 0.1909000000D-01 0.1100000000D-03 0.7700000000D-02 0.1991926000D+01 0.3221500000D+01 0.5415100000D+01 0.2056500000D+01 0.7770000000D-01-0.3400000000D-03 0.3061780000D+02 0.9820000000D-02 0.2940000000D-03 0.2610000000D-01 0.4525337000D+01 0.2476700000D+01 0.7877000000D+00 0.4564000000D+01
4 8720050929200510162453642.2-0.3280000000D-01-0.2700000000D-03 0.9113300000D+01 0.1678000000D-01 0.1770000000D-03 0.1180000000D-01 0.1725464000D+01 0.3129900000D+01 0.5932600000D+01 0.1740700000D+01 0.8610000000D-01 0.1750000000D-02 0.3048040000D+02 0.1577000000D-01 0.2780000000D-03 0.3870000000D-01 0.4223678000D+01 0.1613000000D+01 0.1445000000D+00 0.4235200000D+01
4 8820051016200511022453659.2-0.3440000000D-01 0.3000000000D-04 0.9139000000D+01 0.1251000000D-01 0.3280000000D-03 0.1030000000D-01 0.1453560000D+01 0.3101000000D+01 0.5943500000D+01 0.1262900000D+01 0.1183000000D+00-0.3540000000D-02 0.3023130000D+02 0.2637000000D-01 0.5190000000D-03 0.3520000000D-01 0.3923081000D+01 0.7619000000D+00 0.3082800000D+01 0.3736800000D+01
4 8920051102200511192453676.2-0.4100000000D-01 0.2200000000D-03 0.9098900000D+01 0.6750000000D-02 0.1700000000D-03 0.1260000000D-01 0.1170777000D+01 0.3558500000D+01 0.5321800000D+01 0.8609000000D+00 0.9170000000D-01-0.4400000000D-03 0.2985330000D+02 0.2478000000D-01 0.2540000000D-03 0.4120000000D-01 0.3623640000D+01 0.6738000000D+00 0.5305500000D+01 0.3301000000D+01
4 9020051119200512062453693.2-0.2950000000D-01 0.0000000000D+00 0.8988300000D+01 0.8210000000D-02 0.2450000000D-03 0.1030000000D-01 0.8757090000D+00 0.4063700000D+01 0.5199800000D+01 0.6032000000D+00 0.4650000000D-01-0.2400000000D-03 0.2943180000D+02 0.2581000000D-01 0.1170000000D-03 0.3350000000D-01 0.3324078000D+01 0.3830000000D-01 0.1972200000D+01 0.3050000000D+01
4 9120051206200512232453710.2-0.3580000000D-01 0.1540000000D-02 0.8828500000D+01 0.1564000000D-01 0.1480000000D-03 0.7800000000D-02 0.5708770000D+00 0.4311700000D+01 0.5538300000D+01 0.6093700000D+01 0.7430000000D-01-0.4150000000D-02 0.2903630000D+02 0.3479000000D-01 0.6890000000D-03 0.2560000000D-01 0.3028813000D+01 0.3570000000D-01 0.3587900000D+01 0.2325000000D+01
4 9220051223200601092453727.2-0.1420000000D-01-0.4500000000D-03 0.8610000000D+01 0.1763000000D-01 0.1800000000D-03 0.6500000000D-02 0.2517560000D+00 0.4226800000D+01 0.4326900000D+01 0.5666300000D+01 0.9900000000D-02 0.2020000000D-02 0.2857840000D+02 0.2240000000D-01 0.1550000000D-03 0.2230000000D-01 0.2731427000D+01 0.5469500000D+01 0.1172400000D+01 0.1878500000D+01
4 9320060109200601262453744.2-0.1670000000D-01 0.2000000000D-03 0.8387200000D+01 0.2229000000D-01 0.1260000000D-03 0.4600000000D-02 0.6205135000D+01 0.3965800000D+01 0.4763100000D+01 0.4405000000D+01 0.4580000000D-01-0.4500000000D-03 0.2822990000D+02 0.2118000000D-01 0.1560000000D-03 0.1530000000D-01 0.2437041000D+01 0.5128900000D+01 0.2066800000D+01 0.6393000000D+00
4 9420060126200602122453761.2-0.2030000000D-01-0.2500000000D-03 0.8168700000D+01 0.2917000000D-01 0.1530000000D-03 0.7300000000D-02 0.5868245000D+01 0.3800200000D+01 0.6741000000D+00 0.3709600000D+01 0.5370000000D-01 0.1770000000D-02 0.2796210000D+02 0.1632000000D-01 0.7810000000D-03 0.2520000000D-01 0.2146415000D+01 0.5645700000D+01 0.3498900000D+01 0.1800000000D-02
5 9520041231200501222453370.4-0.6000000000D-02 0.7500000000D-03 0.1258260000D+02 0.3174000000D-01 0.1470000000D-03 0.6300000000D-02 0.1051998000D+01 0.4890700000D+01 0.6097600000D+01 0.2396600000D+01-0.3320000000D-01-0.1700000000D-02 0.3811990000D+02 0.3584000000D-01 0.5260000000D-03 0.2020000000D-01 0.3342140000D+01 0.1041000000D+00 0.3772200000D+01 0.4703400000D+01
5 9620050122200502132453392.4 0.1500000000D-01-0.1510000000D-02 0.1208390000D+02 0.3430000000D-01 0.3160000000D-03 0.1700000000D-02 0.4991604000D+01 0.2564000000D+01 0.4110100000D+01 0.4446600000D+01-0.7650000000D-01 0.5680000000D-02 0.3761060000D+02 0.3779000000D-01 0.9100000000D-03 0.4200000000D-02 0.1046174000D+01 0.3683200000D+01 0.8187000000D+00 0.8655000000D+00
5 9720050213200503072453414.4-0.2050000000D-01 0.6500000000D-03 0.1159020000D+02 0.3046000000D-01 0.2940000000D-03 0.3900000000D-02 0.2637876000D+01 0.4089000000D+00 0.1335100000D+01 0.3399900000D+01 0.3260000000D-01-0.5000000000D-03 0.3725370000D+02 0.2975000000D-01 0.6880000000D-03 0.1420000000D-01 0.5035783000D+01 0.7328000000D+00 0.4168200000D+01 0.6022700000D+01
5 9820050307200503292453436.4-0.5700000000D-02-0.1310000000D-02 0.1120340000D+02 0.3167000000D-01 0.7500000000D-04 0.7600000000D-02 0.2803970000D+00 0.4648100000D+01 0.3893900000D+01 0.5640100000D+01 0.2680000000D-01 0.1100000000D-03 0.3714510000D+02 0.2016000000D-01 0.1850000000D-03 0.2340000000D-01 0.2745887000D+01 0.3751700000D+01 0.4610000000D+00 0.1864000000D+01
5 9920050329200504202453458.4-0.2980000000D-01 0.8800000000D-03 0.1095660000D+02 0.3190000000D-01 0.2020000000D-03 0.9100000000D-02 0.4204736000D+01 0.2406900000D+01 0.5547900000D+01 0.1341600000D+01 0.2780000000D-01-0.1160000000D-02 0.3735530000D+02 0.1345000000D-01 0.4660000000D-03 0.3210000000D-01 0.4553320000D+00 0.8683000000D+00 0.1551200000D+01 0.3861500000D+01
510020050420200505122453480.4-0.1890000000D-01 0.1020000000D-02 0.1084890000D+02 0.2602000000D-01 0.3240000000D-03 0.1000000000D-01 0.1850759000D+01 0.1073000000D+00 0.2773500000D+01 0.3415500000D+01 0.1610000000D-01-0.4330000000D-02 0.3778510000D+02 0.1320000000D-01 0.6780000000D-03 0.3570000000D-01 0.4446072000D+01 0.4879500000D+01 0.4859600000D+01 0.6035100000D+01
510120050512200506032453502.4 0.5600000000D-02-0.1900000000D-03 0.1084900000D+02 0.1603000000D-01 0.2630000000D-03 0.8400000000D-02 0.5793533000D+01 0.4343400000D+01 0.4219000000D+00 0.5529500000D+01-0.8160000000D-01 0.2290000000D-02 0.3832040000D+02 0.2564000000D-01 0.4370000000D-03 0.3020000000D-01 0.2151888000D+01 0.2544600000D+01 0.1755700000D+01 0.1904800000D+01
510220050603200506252453524.4 0.7000000000D-02 0.3000000000D-04 0.1095800000D+02 0.1012000000D-01 0.2470000000D-03 0.4900000000D-02 0.3472603000D+01 0.2823500000D+01 0.4887700000D+01 0.1417900000D+01-0.4590000000D-01 0.0000000000D+00 0.3897670000D+02 0.3563000000D-01 0.2580000000D-03 0.1750000000D-01 0.6139748000D+01 0.6256700000D+01 0.4063700000D+01 0.4124900000D+01
510320050625200507172453546.4 0.3700000000D-02-0.6300000000D-03 0.1115110000D+02 0.1257000000D-01 0.2510000000D-03 0.6000000000D-03 0.1173667000D+01 0.1537800000D+01 0.2846400000D+01 0.1685000000D+00-0.1870000000D-01 0.1990000000D-02 0.3967770000D+02 0.3630000000D-01 0.3340000000D-03 0.2500000000D-02 0.3841895000D+01 0.3753000000D+01 0.1088200000D+01 0.2894600000D+01
510420050717200508082453568.4-0.2320000000D-01 0.4500000000D-03 0.1140020000D+02 0.1899000000D-01 0.2840000000D-03 0.6600000000D-02 0.5179323000D+01 0.5933300000D+01 0.8028000000D+00 0.2757400000D+01 0.3580000000D-01 0.6500000000D-03 0.4032640000D+02 0.2756000000D-01 0.2560000000D-03 0.2090000000D-01 0.1540827000D+01 0.1299600000D+01 0.5026900000D+01 0.5412000000D+01
510520050808200508302453590.4-0.1710000000D-01-0.5600000000D-03 0.1168750000D+02 0.2578000000D-01 0.6600000000D-04 0.9600000000D-02 0.2915768000D+01 0.4059700000D+01 0.4345100000D+01 0.4983800000D+01 0.4430000000D-01-0.1520000000D-02 0.4081710000D+02 0.1063000000D-01 0.2970000000D-03 0.3190000000D-01 0.5520402000D+01 0.5181000000D+01 0.3818600000D+01 0.1257700000D+01
510620050830200509212453612.4-0.1950000000D-01 0.1000000000D-03 0.1193200000D+02 0.3138000000D-01 0.2510000000D-03 0.1100000000D-01 0.6614220000D+00 0.1853900000D+01 0.4812600000D+01 0.8481000000D+00-0.1050000000D-01-0.6000000000D-04 0.4095950000D+02 0.6940000000D-02 0.7640000000D-03 0.3830000000D-01 0.3215133000D+01 0.3973000000D+01 0.1188000000D+01 0.3366600000D+01
510720050921200510132453634.4-0.2530000000D-01 0.1830000000D-02 0.1211870000D+02 0.2590000000D-01 0.3960000000D-03 0.1040000000D-01 0.4690767000D+01 0.5834500000D+01 0.2074800000D+01 0.3013900000D+01 0.1900000000D-01-0.6420000000D-02 0.4081450000D+02 0.6850000000D-02 0.1064000000D-02 0.3470000000D-01 0.9116320000D+00 0.1390000000D+00 0.4317900000D+01 0.5517300000D+01
510820051013200511042453656.4 0.9300000000D-02-0.8000000000D-03 0.1221480000D+02 0.1203000000D-01 0.3100000000D-03 0.7500000000D-02 0.2427810000D+01 0.3762100000D+01 0.5734100000D+01 0.5110900000D+01-0.1183000000D+00 0.5730000000D-02 0.4044540000D+02 0.2231000000D-01 0.1052000000D-02 0.2530000000D-01 0.4892700000D+01 0.2854200000D+01 0.1199100000D+01 0.1312200000D+01
510920051104200511262453678.4-0.3200000000D-02 0.4600000000D-03 0.1216620000D+02 0.9280000000D-02 0.7200000000D-04 0.3500000000D-02 0.1473170000D+00 0.3102200000D+01 0.3887100000D+01 0.9987000000D+00-0.2100000000D-01-0.6400000000D-03 0.3990880000D+02 0.4122000000D-01 0.8680000000D-03 0.9900000000D-02 0.2590119000D+01 0.6232200000D+01 0.4166700000D+01 0.3519800000D+01
511020051126200512182453700.4 0.8000000000D-02-0.1520000000D-02 0.1195590000D+02 0.1833000000D-01 0.1690000000D-03 0.2500000000D-02 0.4130544000D+01 0.1351300000D+01 0.2961900000D+01 0.5740000000D-01-0.1980000000D-01 0.3030000000D-02 0.3918790000D+02 0.4365000000D-01 0.5680000000D-03 0.8300000000D-02 0.2893180000D+00 0.3574700000D+01 0.1103600000D+01 0.2704500000D+01
511120051218200601092453722.4-0.2650000000D-01 0.4300000000D-03 0.1160700000D+02 0.2405000000D-01 0.2150000000D-03 0.6900000000D-02 0.1811591000D+01 0.5637100000D+01 0.3617000000D+00 0.2263200000D+01 0.5160000000D-01-0.9200000000D-03 0.3842020000D+02 0.3495000000D-01 0.2810000000D-03 0.2200000000D-01 0.4274665000D+01 0.1035800000D+01 0.4745000000D+01 0.4731800000D+01
511220060109200601312453744.4-0.2610000000D-01 0.2700000000D-03 0.1120990000D+02 0.3122000000D-01 0.1080000000D-03 0.9600000000D-02 0.5757727000D+01 0.3555600000D+01 0.4139300000D+01 0.4345200000D+01 0.3590000000D-01-0.1560000000D-02 0.3776670000D+02 0.2389000000D-01 0.1280000000D-03 0.3360000000D-01 0.1980147000D+01 0.4888900000D+01 0.3042900000D+01 0.5836000000D+00
