 7 5   2  44  56  71  95 4.4880 2.4930 1.5162 0.7217 0.4667  9.0 31.0 27.0 17.0 22.0  112 2457753.5000 2017                                                                                                                                                                                                                                                                      
1  220161231201701092457753.4 0.1000000000D-02 0.7000000000D-04 0.4806000000D+01 0.2111800000D+00 0.4426000000D-02 0.3100000000D-02 0.3247929000D+01 0.1651800000D+01 0.6164400000D+01 0.6246800000D+01 0.1350000000D-01 0.3200000000D-03 0.8828300000D+01 0.3871900000D+00 0.8225000000D-02 0.6200000000D-02 0.1286571000D+01 0.5976700000D+01 0.4195300000D+01 0.4156200000D+01
1  320170109201701182457762.4-0.8000000000D-03 0.4000000000D-03 0.4769500000D+01 0.2101600000D+00 0.4446000000D-02 0.2900000000D-02 0.5550157000D+01 0.3959300000D+01 0.2196100000D+01 0.4600800000D+01 0.1600000000D-01-0.2900000000D-03 0.8759300000D+01 0.3848700000D+00 0.8286000000D-02 0.6300000000D-02 0.3590547000D+01 0.2000700000D+01 0.2080000000D+00 0.2488700000D+01
1  420170118201701272457771.4 0.7000000000D-03-0.3000000000D-04 0.4740400000D+01 0.2095000000D+00 0.4454000000D-02 0.3200000000D-02 0.1567884000D+01 0.6265300000D+01 0.4501800000D+01 0.2920700000D+01 0.1730000000D-01-0.4300000000D-03 0.8695400000D+01 0.3804000000D+00 0.8059000000D-02 0.6300000000D-02 0.5894425000D+01 0.4302900000D+01 0.2525500000D+01 0.7399000000D+00
1  520170127201702052457780.4 0.1900000000D-02-0.2400000000D-03 0.4719900000D+01 0.2096700000D+00 0.4479000000D-02 0.3300000000D-02 0.3868111000D+01 0.2286600000D+01 0.5149000000D+00 0.1112700000D+01 0.1600000000D-01-0.6000000000D-04 0.8635400000D+01 0.3784400000D+00 0.7936000000D-02 0.5300000000D-02 0.1916167000D+01 0.3231000000D+00 0.4815600000D+01 0.5376300000D+01
1  620170205201702142457789.4 0.1200000000D-02-0.3000000000D-04 0.4706800000D+01 0.2088600000D+00 0.4525000000D-02 0.3400000000D-02 0.6166944000D+01 0.4593000000D+01 0.2841200000D+01 0.5729400000D+01 0.1250000000D-01 0.5800000000D-03 0.8575300000D+01 0.3754000000D+00 0.7924000000D-02 0.5400000000D-02 0.4221157000D+01 0.2632000000D+01 0.8427000000D+00 0.3656200000D+01
1  720170214201702232457798.4 0.0000000000D+00 0.2000000000D-03 0.4704600000D+01 0.2095600000D+00 0.4481000000D-02 0.3300000000D-02 0.2182289000D+01 0.6098000000D+00 0.5127700000D+01 0.3948400000D+01 0.1430000000D-01 0.5000000000D-04 0.8524700000D+01 0.3718300000D+00 0.7757000000D-02 0.5000000000D-02 0.2433570000D+00 0.4937000000D+01 0.3157900000D+01 0.2103600000D+01
1  820170223201703042457807.4-0.7000000000D-03 0.2600000000D-03 0.4709400000D+01 0.2104400000D+00 0.4505000000D-02 0.3100000000D-02 0.4480499000D+01 0.2912300000D+01 0.1141900000D+01 0.2185500000D+01 0.1810000000D-01-0.6800000000D-03 0.8479200000D+01 0.3686000000D+00 0.7734000000D-02 0.5000000000D-02 0.2549398000D+01 0.9631000000D+00 0.5481800000D+01 0.4865000000D+00
1  920170304201703132457816.4 0.1400000000D-02-0.2000000000D-03 0.4722200000D+01 0.2104600000D+00 0.4513000000D-02 0.3300000000D-02 0.4947480000D+00 0.5214800000D+01 0.3461500000D+01 0.5489000000D+00 0.1630000000D-01-0.1400000000D-03 0.8440300000D+01 0.3666300000D+00 0.7655000000D-02 0.5000000000D-02 0.4856040000D+01 0.3272300000D+01 0.1504200000D+01 0.5047900000D+01
1 1020170313201703222457825.4 0.2200000000D-02-0.2800000000D-03 0.4744000000D+01 0.2114400000D+00 0.4543000000D-02 0.2700000000D-02 0.2792469000D+01 0.1232900000D+01 0.5763500000D+01 0.5159700000D+01 0.1390000000D-01 0.3400000000D-03 0.8409900000D+01 0.3658500000D+00 0.7696000000D-02 0.5800000000D-02 0.8803830000D+00 0.5583300000D+01 0.3803100000D+01 0.3432900000D+01
1 1120170322201703312457834.4 0.0000000000D+00 0.2300000000D-03 0.4772500000D+01 0.2122700000D+00 0.4528000000D-02 0.2900000000D-02 0.5090287000D+01 0.3533600000D+01 0.1794400000D+01 0.3550700000D+01 0.1350000000D-01 0.2700000000D-03 0.8387200000D+01 0.3630300000D+00 0.7678000000D-02 0.5700000000D-02 0.3188019000D+01 0.1612100000D+01 0.6138700000D+01 0.1677300000D+01
1 1220170331201704092457843.4-0.4000000000D-03 0.2300000000D-03 0.4807700000D+01 0.2140200000D+00 0.4586000000D-02 0.2800000000D-02 0.1105408000D+01 0.5836100000D+01 0.4086400000D+01 0.1914000000D+01 0.1590000000D-01-0.2400000000D-03 0.8375800000D+01 0.3630000000D+00 0.7559000000D-02 0.5900000000D-02 0.5496545000D+01 0.3920700000D+01 0.2148600000D+01 0.1350000000D-01
1 1320170409201704182457852.4 0.7000000000D-03-0.7000000000D-04 0.4848600000D+01 0.2153200000D+00 0.4718000000D-02 0.3100000000D-02 0.3404013000D+01 0.1858800000D+01 0.1161000000D+00 0.3477000000D+00 0.1840000000D-01-0.6200000000D-03 0.8372000000D+01 0.3626100000D+00 0.7555000000D-02 0.6200000000D-02 0.1522459000D+01 0.6232600000D+01 0.4461600000D+01 0.4455000000D+01
1 1420170418201704272457861.4 0.1900000000D-02-0.2500000000D-03 0.4896800000D+01 0.2170000000D+00 0.4657000000D-02 0.3100000000D-02 0.5703364000D+01 0.4157300000D+01 0.2420500000D+01 0.4818400000D+01 0.1500000000D-01 0.1900000000D-03 0.8376400000D+01 0.3615500000D+00 0.7495000000D-02 0.5700000000D-02 0.3831796000D+01 0.2261000000D+01 0.5046000000D+00 0.2920600000D+01
1 1520170427201705062457870.4 0.1600000000D-02-0.1200000000D-03 0.4949900000D+01 0.2196200000D+00 0.4700000000D-02 0.3600000000D-02 0.1720582000D+01 0.1758000000D+00 0.4706400000D+01 0.3191500000D+01 0.1270000000D-01 0.5700000000D-03 0.8389400000D+01 0.3618900000D+00 0.7584000000D-02 0.5400000000D-02 0.6141757000D+01 0.4575600000D+01 0.2817200000D+01 0.1079900000D+01
1 1620170506201705152457879.4-0.7000000000D-03 0.3400000000D-03 0.5006100000D+01 0.2211100000D+00 0.4772000000D-02 0.3600000000D-02 0.4021384000D+01 0.2480200000D+01 0.7412000000D+00 0.1359600000D+01 0.1580000000D-01-0.1500000000D-03 0.8412000000D+01 0.3615000000D+00 0.7504000000D-02 0.5000000000D-02 0.2168902000D+01 0.6038000000D+00 0.5147900000D+01 0.5834800000D+01
1 1720170515201705242457888.4-0.1000000000D-03 0.1200000000D-03 0.5066200000D+01 0.2235400000D+00 0.4775000000D-02 0.3500000000D-02 0.4013000000D-01 0.4781700000D+01 0.3035900000D+01 0.6002600000D+01 0.1760000000D-01-0.4300000000D-03 0.8442000000D+01 0.3637200000D+00 0.7534000000D-02 0.5200000000D-02 0.4479988000D+01 0.2917000000D+01 0.1160600000D+01 0.4137400000D+01
1 1820170524201706022457897.4 0.2300000000D-02-0.3900000000D-03 0.5129100000D+01 0.2250600000D+00 0.4826000000D-02 0.3700000000D-02 0.2342763000D+01 0.8025000000D+00 0.5354600000D+01 0.4139100000D+01 0.1700000000D-01-0.1500000000D-03 0.8477500000D+01 0.3646700000D+00 0.7747000000D-02 0.4700000000D-02 0.5078290000D+00 0.5235300000D+01 0.3484700000D+01 0.2641900000D+01
1 1920170602201706112457906.4 0.1700000000D-02-0.1500000000D-03 0.5193200000D+01 0.2273500000D+00 0.4834000000D-02 0.3300000000D-02 0.4646677000D+01 0.3105200000D+01 0.1372800000D+01 0.2649900000D+01 0.1420000000D-01 0.4300000000D-03 0.8524800000D+01 0.3660600000D+00 0.7606000000D-02 0.5500000000D-02 0.2819294000D+01 0.1261400000D+01 0.5805000000D+01 0.8453000000D+00
1 2020170611201706202457915.4 0.1000000000D-03 0.1700000000D-03 0.5255900000D+01 0.2305600000D+00 0.4967000000D-02 0.3300000000D-02 0.6686270000D+00 0.5413000000D+01 0.3657300000D+01 0.8361000000D+00 0.1360000000D-01 0.4500000000D-03 0.8577200000D+01 0.3690300000D+00 0.7649000000D-02 0.5500000000D-02 0.5131170000D+01 0.3574400000D+01 0.1824600000D+01 0.5565200000D+01
1 2120170620201706292457924.4-0.4000000000D-03 0.2100000000D-03 0.5320300000D+01 0.2314800000D+00 0.4965000000D-02 0.3100000000D-02 0.2974164000D+01 0.1433800000D+01 0.5988100000D+01 0.5624100000D+01 0.1800000000D-01-0.4700000000D-03 0.8633900000D+01 0.3704200000D+00 0.7765000000D-02 0.6300000000D-02 0.1159564000D+01 0.5889500000D+01 0.4153900000D+01 0.3786300000D+01
1 2220170629201707082457933.4 0.7000000000D-03-0.9000000000D-04 0.5383300000D+01 0.2342900000D+00 0.4949000000D-02 0.3400000000D-02 0.5281287000D+01 0.3736600000D+01 0.1991900000D+01 0.3922300000D+01 0.1850000000D-01-0.3900000000D-03 0.8696000000D+01 0.3739800000D+00 0.7814000000D-02 0.5800000000D-02 0.3471614000D+01 0.1918500000D+01 0.1731000000D+00 0.2071400000D+01
1 2320170708201707172457942.4 0.2600000000D-02-0.4400000000D-03 0.5441100000D+01 0.2365700000D+00 0.5044000000D-02 0.3200000000D-02 0.1305946000D+01 0.6045000000D+01 0.4291100000D+01 0.2426000000D+01 0.1510000000D-01 0.4400000000D-03 0.8761200000D+01 0.3756000000D+00 0.7937000000D-02 0.6800000000D-02 0.5783155000D+01 0.4232900000D+01 0.2504000000D+01 0.3553000000D+00
1 2420170717201707262457951.4 0.7000000000D-03 0.3000000000D-04 0.5497000000D+01 0.2377100000D+00 0.5018000000D-02 0.3700000000D-02 0.3614499000D+01 0.2065500000D+01 0.3256000000D+00 0.5920000000D+00 0.1460000000D-01 0.4400000000D-03 0.8830700000D+01 0.3789500000D+00 0.7946000000D-02 0.5500000000D-02 0.1811801000D+01 0.2599000000D+00 0.4810800000D+01 0.4979800000D+01
1 2520170726201708042457960.4-0.1200000000D-02 0.3800000000D-03 0.5545600000D+01 0.2393900000D+00 0.5106000000D-02 0.3800000000D-02 0.5924046000D+01 0.4374300000D+01 0.2631500000D+01 0.5248800000D+01 0.1630000000D-01 0.1000000000D-04 0.8897900000D+01 0.3843400000D+00 0.8121000000D-02 0.5900000000D-02 0.4123824000D+01 0.2573100000D+01 0.8134000000D+00 0.3278400000D+01
1 2620170804201708132457969.4 0.2000000000D-03-0.5000000000D-04 0.5588100000D+01 0.2405500000D+00 0.5108000000D-02 0.4100000000D-02 0.1951003000D+01 0.3973000000D+00 0.4937400000D+01 0.3510600000D+01 0.1920000000D-01-0.4800000000D-03 0.8967300000D+01 0.3854500000D+00 0.8152000000D-02 0.5200000000D-02 0.1515370000D+00 0.4883500000D+01 0.3150100000D+01 0.1646300000D+01
1 2720170813201708222457978.4 0.1400000000D-02-0.3000000000D-03 0.5623200000D+01 0.2424600000D+00 0.5124000000D-02 0.3800000000D-02 0.4262262000D+01 0.2703000000D+01 0.9397000000D+00 0.1744600000D+01 0.1840000000D-01-0.1100000000D-03 0.9036000000D+01 0.3893300000D+00 0.8176000000D-02 0.5700000000D-02 0.2462659000D+01 0.9081000000D+00 0.5450500000D+01 0.9080000000D-01
1 2820170822201708312457987.4 0.1200000000D-02-0.1700000000D-03 0.5646800000D+01 0.2427300000D+00 0.5226000000D-02 0.4100000000D-02 0.2903240000D+00 0.5014300000D+01 0.3256500000D+01 0.6900000000D-01 0.1410000000D-01 0.7800000000D-03 0.9097900000D+01 0.3929700000D+00 0.8272000000D-02 0.5100000000D-02 0.4773259000D+01 0.3218000000D+01 0.1470900000D+01 0.4722200000D+01
1 2920170831201709092457996.4-0.6000000000D-03 0.1900000000D-03 0.5664300000D+01 0.2432300000D+00 0.5133000000D-02 0.3600000000D-02 0.2602256000D+01 0.1034200000D+01 0.5554100000D+01 0.4672600000D+01 0.1590000000D-01 0.2200000000D-03 0.9156800000D+01 0.3951000000D+00 0.8325000000D-02 0.6000000000D-02 0.7999310000D+00 0.5525100000D+01 0.3786500000D+01 0.3044600000D+01
1 3020170909201709182458005.4-0.1800000000D-02 0.3300000000D-03 0.5670200000D+01 0.2438800000D+00 0.5090000000D-02 0.3500000000D-02 0.4914800000D+01 0.3339400000D+01 0.1564100000D+01 0.3063200000D+01 0.1960000000D-01-0.4900000000D-03 0.9205200000D+01 0.3980700000D+00 0.8581000000D-02 0.6400000000D-02 0.3109432000D+01 0.1552900000D+01 0.6095000000D+01 0.1365200000D+01
1 3120170918201709272458014.4 0.6000000000D-03-0.2600000000D-03 0.5663700000D+01 0.2427200000D+00 0.5109000000D-02 0.3400000000D-02 0.9436790000D+00 0.5648800000D+01 0.3884900000D+01 0.1405400000D+01 0.1910000000D-01-0.1800000000D-03 0.9247900000D+01 0.4005000000D+00 0.8540000000D-02 0.6500000000D-02 0.5418155000D+01 0.3857000000D+01 0.2113100000D+01 0.5987700000D+01
1 3220170927201710062458023.4 0.1400000000D-02-0.3500000000D-03 0.5647600000D+01 0.2423500000D+00 0.5127000000D-02 0.3500000000D-02 0.3256144000D+01 0.1673600000D+01 0.6183100000D+01 0.6171800000D+01 0.1700000000D-01 0.2900000000D-03 0.9281600000D+01 0.4037800000D+00 0.8598000000D-02 0.6800000000D-02 0.1443365000D+01 0.6160800000D+01 0.4398400000D+01 0.4163300000D+01
1 3320171006201710152458032.4-0.9000000000D-03 0.1900000000D-03 0.5621300000D+01 0.2407800000D+00 0.5052000000D-02 0.3400000000D-02 0.5568249000D+01 0.3980000000D+01 0.2218300000D+01 0.4476300000D+01 0.1490000000D-01 0.5800000000D-03 0.9299400000D+01 0.4050900000D+00 0.8781000000D-02 0.6600000000D-02 0.3750700000D+01 0.2185500000D+01 0.4247000000D+00 0.2517800000D+01
1 3420171015201710242458041.4-0.1900000000D-02 0.2600000000D-03 0.5585400000D+01 0.2398000000D+00 0.5040000000D-02 0.3700000000D-02 0.1597011000D+01 0.4900000000D-02 0.4514200000D+01 0.2795200000D+01 0.1780000000D-01-0.1000000000D-03 0.9311000000D+01 0.4063600000D+00 0.8664000000D-02 0.6500000000D-02 0.6057391000D+01 0.4485100000D+01 0.2717700000D+01 0.7947000000D+00
1 3520171024201711022458050.4-0.1200000000D-02 0.2000000000D-04 0.5540100000D+01 0.2391100000D+00 0.5118000000D-02 0.4100000000D-02 0.3908709000D+01 0.2316100000D+01 0.5251000000D+00 0.1078500000D+01 0.2130000000D-01-0.7000000000D-03 0.9309700000D+01 0.4065800000D+00 0.8620000000D-02 0.5600000000D-02 0.2080331000D+01 0.5027000000D+00 0.5022200000D+01 0.5396800000D+01
1 3620171102201711112458059.4 0.3000000000D-03-0.2900000000D-03 0.5490400000D+01 0.2367100000D+00 0.4957000000D-02 0.3600000000D-02 0.6219229000D+01 0.4620200000D+01 0.2842800000D+01 0.5679300000D+01 0.1760000000D-01 0.1900000000D-03 0.9292800000D+01 0.4061500000D+00 0.8655000000D-02 0.5900000000D-02 0.4385644000D+01 0.2806300000D+01 0.1042200000D+01 0.3761800000D+01
1 3720171111201711202458068.4 0.2000000000D-03-0.1900000000D-03 0.5435800000D+01 0.2351000000D+00 0.4937000000D-02 0.4000000000D-02 0.2245978000D+01 0.6448000000D+00 0.5142800000D+01 0.3874200000D+01 0.1510000000D-01 0.6100000000D-03 0.9265200000D+01 0.4063000000D+00 0.8763000000D-02 0.5100000000D-02 0.4073920000D+00 0.5109900000D+01 0.3330100000D+01 0.2175200000D+01
1 3820171120201711292458077.4-0.2700000000D-02 0.3800000000D-03 0.5377000000D+01 0.2333900000D+00 0.4908000000D-02 0.3600000000D-02 0.4555003000D+01 0.2953100000D+01 0.1165700000D+01 0.2186600000D+01 0.1720000000D-01 0.0000000000D+00 0.9228400000D+01 0.4033500000D+00 0.8640000000D-02 0.5600000000D-02 0.2711529000D+01 0.1126900000D+01 0.5651700000D+01 0.5265000000D+00
1 3920171129201712082458086.4-0.2400000000D-02 0.2000000000D-03 0.5318300000D+01 0.2314500000D+00 0.4823000000D-02 0.3700000000D-02 0.5796280000D+00 0.5259000000D+01 0.3472000000D+01 0.5547000000D+00 0.1940000000D-01-0.3900000000D-03 0.9181800000D+01 0.4029000000D+00 0.8586000000D-02 0.5600000000D-02 0.5015733000D+01 0.3427900000D+01 0.1649600000D+01 0.5093500000D+01
1 4020171208201712172458095.4-0.2000000000D-03-0.2800000000D-03 0.5259600000D+01 0.2288300000D+00 0.4875000000D-02 0.2900000000D-02 0.2886106000D+01 0.1287000000D+01 0.5802100000D+01 0.5127100000D+01 0.1980000000D-01-0.3600000000D-03 0.9125900000D+01 0.4018900000D+00 0.8684000000D-02 0.6500000000D-02 0.1036484000D+01 0.5732300000D+01 0.3937700000D+01 0.3506000000D+01
1 4120171217201712262458104.4-0.4000000000D-03-0.1700000000D-03 0.5205300000D+01 0.2276100000D+00 0.4774000000D-02 0.3300000000D-02 0.5191771000D+01 0.3591500000D+01 0.1815600000D+01 0.3526700000D+01 0.1600000000D-01 0.4100000000D-03 0.9067100000D+01 0.3978300000D+00 0.8426000000D-02 0.5900000000D-02 0.3339817000D+01 0.1747500000D+01 0.6254800000D+01 0.1654900000D+01
1 4220171226201801042458113.4-0.1600000000D-02 0.1000000000D-03 0.5154800000D+01 0.2268100000D+00 0.4788000000D-02 0.2900000000D-02 0.1213097000D+01 0.5899400000D+01 0.4107800000D+01 0.1928400000D+01 0.1450000000D-01 0.5600000000D-03 0.9002200000D+01 0.3953000000D+00 0.8430000000D-02 0.6800000000D-02 0.5643296000D+01 0.4051400000D+01 0.2268000000D+01 0.1530000000D-01
1 4320180104201801132458122.4-0.3000000000D-02 0.3100000000D-03 0.5110000000D+01 0.2244800000D+00 0.4811000000D-02 0.3300000000D-02 0.3515898000D+01 0.1925000000D+01 0.1599000000D+00 0.2920000000D+00 0.1900000000D-01-0.4700000000D-03 0.8935400000D+01 0.3922400000D+00 0.8324000000D-02 0.6400000000D-02 0.1663663000D+01 0.7050000000D-01 0.4569700000D+01 0.4483700000D+01
2 4420161231201701312457753.4 0.8200000000D-02-0.3000000000D-04 0.7602900000D+01 0.6800000000D-02 0.8000000000D-04 0.2200000000D-02 0.9558360000D+00 0.4464300000D+01 0.4758000000D+00 0.3573100000D+01-0.5900000000D-02 0.8000000000D-04 0.1309210000D+02 0.1218000000D-01 0.3800000000D-04 0.3500000000D-02 0.5381111000D+01 0.2539900000D+01 0.6165900000D+01 0.1666200000D+01
2 4520170131201703032457784.4 0.7300000000D-02 0.2000000000D-04 0.7475100000D+01 0.5010000000D-02 0.7800000000D-04 0.1900000000D-02 0.2825773000D+01 0.9160000000D+00 0.2542700000D+01 0.8355000000D+00-0.6100000000D-02 0.7000000000D-04 0.1275860000D+02 0.1022000000D-01 0.6900000000D-04 0.3700000000D-02 0.9759150000D+00 0.4302400000D+01 0.1391000000D+01 0.5682900000D+01
2 4620170303201704032457815.4 0.7000000000D-02 0.3000000000D-04 0.7497100000D+01 0.6760000000D-02 0.6700000000D-04 0.2200000000D-02 0.4688396000D+01 0.3592800000D+01 0.4699400000D+01 0.5098800000D+01-0.4700000000D-02 0.1000000000D-04 0.1250770000D+02 0.5950000000D-02 0.7900000000D-04 0.4600000000D-02 0.2858297000D+01 0.6038500000D+01 0.3281300000D+01 0.2703300000D+01
2 4720170403201705042457846.4 0.7200000000D-02 0.4000000000D-04 0.7658900000D+01 0.9150000000D-02 0.4900000000D-04 0.3000000000D-02 0.2657180000D+00 0.5883700000D+01 0.4941000000D+00 0.2013900000D+01-0.4600000000D-02 0.1000000000D-04 0.1239260000D+02 0.2000000000D-02 0.7400000000D-04 0.2300000000D-02 0.4744832000D+01 0.5205000000D+00 0.4919200000D+01 0.4929000000D+00
2 4820170504201706042457877.4 0.7000000000D-02 0.6000000000D-04 0.7928800000D+01 0.1121000000D-01 0.3700000000D-04 0.2100000000D-02 0.2129950000D+01 0.1702600000D+01 0.3138300000D+01 0.5916600000D+01-0.3500000000D-02-0.4000000000D-04 0.1243460000D+02 0.4570000000D-02 0.7200000000D-04 0.4500000000D-02 0.3519410000D+00 0.9624000000D+00 0.5342000000D+00 0.4199700000D+01
2 4920170604201707052457908.4 0.7900000000D-02 0.0000000000D+00 0.8263500000D+01 0.1186000000D-01 0.4000000000D-04 0.2700000000D-02 0.4000884000D+01 0.3772900000D+01 0.5974600000D+01 0.3335600000D+01-0.2400000000D-02-0.6000000000D-04 0.1261810000D+02 0.8690000000D-02 0.4800000000D-04 0.3700000000D-02 0.2244090000D+01 0.2634300000D+01 0.2279400000D+01 0.1612500000D+01
2 5020170705201708052457939.4 0.9000000000D-02-0.1000000000D-04 0.8605400000D+01 0.1071000000D-01 0.6100000000D-04 0.2700000000D-02 0.5880011000D+01 0.5862300000D+01 0.2216900000D+01 0.1043500000D+01-0.3800000000D-02 0.2000000000D-04 0.1291160000D+02 0.1151000000D-01 0.1300000000D-04 0.5000000000D-02 0.4136869000D+01 0.4427500000D+01 0.2747700000D+01 0.5363400000D+01
2 5120170805201709052457970.4 0.8500000000D-02 0.3000000000D-04 0.8885400000D+01 0.7480000000D-02 0.8800000000D-04 0.3500000000D-02 0.1484243000D+01 0.1748400000D+01 0.4354800000D+01 0.4745100000D+01-0.3700000000D-02 0.0000000000D+00 0.1325450000D+02 0.1166000000D-01 0.5500000000D-04 0.3400000000D-02 0.6028507000D+01 0.6228700000D+01 0.3291400000D+01 0.2928700000D+01
2 5220170905201710062458001.4 0.9000000000D-02 0.0000000000D+00 0.9027000000D+01 0.3910000000D-02 0.1030000000D-03 0.2600000000D-02 0.3378205000D+01 0.4483100000D+01 0.1766000000D+00 0.2011900000D+01-0.3100000000D-02-0.3000000000D-04 0.1355900000D+02 0.8480000000D-02 0.1030000000D-03 0.4400000000D-02 0.1633818000D+01 0.1715900000D+01 0.5137200000D+01 0.6555000000D+00
2 5320171006201711062458032.4 0.9100000000D-02-0.1000000000D-04 0.8984700000D+01 0.5980000000D-02 0.7600000000D-04 0.2600000000D-02 0.5275638000D+01 0.1440200000D+01 0.2391700000D+01 0.6180300000D+01-0.4200000000D-02 0.2000000000D-04 0.1373010000D+02 0.2500000000D-02 0.1080000000D-03 0.5200000000D-02 0.3517577000D+01 0.2914300000D+01 0.7205000000D+00 0.4112300000D+01
2 5420171106201712072458063.4 0.7900000000D-02 0.2000000000D-04 0.8774500000D+01 0.9350000000D-02 0.4100000000D-04 0.3200000000D-02 0.8886360000D+00 0.3757800000D+01 0.5269400000D+01 0.3526500000D+01-0.3500000000D-02-0.2000000000D-04 0.1369660000D+02 0.6050000000D-02 0.8100000000D-04 0.3600000000D-02 0.5396695000D+01 0.2910000000D+01 0.2320600000D+01 0.1750100000D+01
2 5520171207201801072458094.4 0.8400000000D-02-0.4000000000D-04 0.8484900000D+01 0.9690000000D-02 0.6700000000D-04 0.2300000000D-02 0.2778154000D+01 0.5904000000D+01 0.1986400000D+01 0.1125200000D+01-0.2300000000D-02-0.4000000000D-04 0.1347150000D+02 0.1070000000D-01 0.3500000000D-04 0.4000000000D-02 0.9893990000D+00 0.4546000000D+01 0.3720900000D+01 0.5479700000D+01
3 5620161231201701272457753.4-0.3900000000D-01 0.3000000000D-03 0.1057460000D+02 0.9220000000D-02 0.1280000000D-03 0.2020000000D-01 0.6980320000D+00 0.4042600000D+01 0.8480000000D-01 0.5143700000D+01-0.7370000000D-01 0.7300000000D-03 0.1823010000D+02 0.1605000000D-01 0.2500000000D-04 0.3520000000D-01 0.5119507000D+01 0.2155500000D+01 0.5809100000D+01 0.3304200000D+01
3 5720170127201702232457780.4-0.2810000000D-01 0.3500000000D-03 0.1040700000D+02 0.6330000000D-02 0.1130000000D-03 0.1810000000D-01 0.3926487000D+01 0.1813200000D+01 0.3568900000D+01 0.5173700000D+01-0.5600000000D-01-0.7200000000D-03 0.1782190000D+02 0.1455000000D-01 0.1030000000D-03 0.3110000000D-01 0.2071279000D+01 0.5378700000D+01 0.2768100000D+01 0.3354500000D+01
3 5820170223201703222457807.4-0.1990000000D-01-0.5300000000D-03 0.1039720000D+02 0.7620000000D-02 0.1010000000D-03 0.2140000000D-01 0.8646650000D+00 0.5929100000D+01 0.6887000000D+00 0.5305200000D+01-0.8160000000D-01-0.1000000000D-04 0.1749170000D+02 0.9900000000D-02 0.1180000000D-03 0.3470000000D-01 0.5308607000D+01 0.2204000000D+01 0.5863300000D+01 0.3489300000D+01
3 5920170322201704182457834.4-0.3740000000D-01 0.0000000000D+00 0.1054150000D+02 0.1137000000D-01 0.7900000000D-04 0.2170000000D-01 0.4083458000D+01 0.3296400000D+01 0.4142300000D+01 0.5637000000D+01-0.7860000000D-01 0.8600000000D-03 0.1729510000D+02 0.5020000000D-02 0.1080000000D-03 0.3410000000D-01 0.2265350000D+01 0.4817800000D+01 0.2157300000D+01 0.3843300000D+01
3 6020170418201705152457861.4-0.3370000000D-01 0.3800000000D-03 0.1081640000D+02 0.1475000000D-01 0.6500000000D-04 0.1970000000D-01 0.1019023000D+01 0.4279000000D+00 0.1702800000D+01 0.5715300000D+01-0.5530000000D-01-0.5800000000D-03 0.1725970000D+02 0.3440000000D-02 0.1040000000D-03 0.3020000000D-01 0.5507622000D+01 0.2136000000D+00 0.5490200000D+01 0.3937500000D+01
3 6120170515201706112457888.4-0.2200000000D-01-0.5300000000D-03 0.1118630000D+02 0.1605000000D-01 0.3600000000D-04 0.2290000000D-01 0.4239898000D+01 0.3859900000D+01 0.5247300000D+01 0.5786200000D+01-0.7620000000D-01-0.5200000000D-03 0.1738510000D+02 0.8660000000D-02 0.8200000000D-04 0.3410000000D-01 0.2467033000D+01 0.2939000000D+01 0.2194300000D+01 0.4044500000D+01
3 6220170611201707082457915.4-0.4020000000D-01-0.1900000000D-03 0.1160170000D+02 0.1646000000D-01 0.5600000000D-04 0.2470000000D-01 0.1183246000D+01 0.9436000000D+00 0.3342200000D+01 0.6139300000D+01-0.8620000000D-01 0.7700000000D-03 0.1765520000D+02 0.1250000000D-01 0.6600000000D-04 0.3640000000D-01 0.5710656000D+01 0.5977500000D+01 0.5638200000D+01 0.4395200000D+01
3 6320170708201708042457942.4-0.4350000000D-01 0.5900000000D-03 0.1200980000D+02 0.1491000000D-01 0.9600000000D-04 0.2220000000D-01 0.4415321000D+01 0.4347500000D+01 0.9237000000D+00 0.1430000000D-01-0.6040000000D-01-0.3600000000D-03 0.1803050000D+02 0.1473000000D-01 0.3500000000D-04 0.3240000000D-01 0.2670527000D+01 0.2799600000D+01 0.2842300000D+01 0.4556500000D+01
3 6420170804201708312457969.4-0.2630000000D-01-0.2800000000D-03 0.1234550000D+02 0.1046000000D-01 0.1260000000D-03 0.2420000000D-01 0.1370136000D+01 0.1496300000D+01 0.4183000000D+01 0.8790000000D-01-0.7570000000D-01-0.8200000000D-03 0.1844360000D+02 0.1589000000D-01 0.6400000000D-04 0.3580000000D-01 0.5911595000D+01 0.6007700000D+01 0.3157000000D+01 0.4599600000D+01
3 6520170831201709272457996.4-0.3940000000D-01-0.3100000000D-03 0.1253790000D+02 0.4860000000D-02 0.1380000000D-03 0.2640000000D-01 0.4613888000D+01 0.5355600000D+01 0.1189200000D+01 0.4362000000D+00-0.9740000000D-01 0.8600000000D-03 0.1882350000D+02 0.1304000000D-01 0.1360000000D-03 0.3960000000D-01 0.2867989000D+01 0.2857400000D+01 0.6225200000D+01 0.4934000000D+01
3 6620170927201710242458023.4-0.4690000000D-01 0.6500000000D-03 0.1253940000D+02 0.6750000000D-02 0.1110000000D-03 0.2320000000D-01 0.1577943000D+01 0.3837900000D+01 0.4915200000D+01 0.6492000000D+00-0.7050000000D-01 0.1300000000D-03 0.1907460000D+02 0.7030000000D-02 0.1900000000D-03 0.3500000000D-01 0.6104944000D+01 0.5843500000D+01 0.3235700000D+01 0.5153800000D+01
3 6720171024201711202458050.4-0.2580000000D-01-0.2000000000D-04 0.1234650000D+02 0.1162000000D-01 0.5300000000D-04 0.2270000000D-01 0.4826552000D+01 0.1309800000D+01 0.2113800000D+01 0.6961000000D+00-0.7310000000D-01-0.8700000000D-03 0.1912840000D+02 0.4620000000D-02 0.1580000000D-03 0.3500000000D-01 0.3055687000D+01 0.1012700000D+01 0.6255700000D+01 0.5166000000D+01
3 6820171120201712172458077.4-0.2970000000D-01-0.4600000000D-03 0.1202100000D+02 0.1368000000D-01 0.5800000000D-04 0.2490000000D-01 0.1789636000D+01 0.4712000000D+01 0.3767000000D+00 0.9857000000D+00-0.9880000000D-01 0.7000000000D-03 0.1896520000D+02 0.1191000000D-01 0.5400000000D-04 0.3920000000D-01 0.4473000000D-02 0.3491300000D+01 0.3301300000D+01 0.5451800000D+01
3 6920171217201801132458104.4-0.4230000000D-01 0.4700000000D-03 0.1166930000D+02 0.1225000000D-01 0.9500000000D-04 0.2160000000D-01 0.5031161000D+01 0.1910500000D+01 0.4329300000D+01 0.1246200000D+01-0.7370000000D-01 0.4300000000D-03 0.1862230000D+02 0.1593000000D-01 0.9000000000D-05 0.3490000000D-01 0.3236582000D+01 0.3444000000D+00 0.4817400000D+01 0.5720900000D+01
3 7020180113201802092458131.4-0.2550000000D-01 0.1800000000D-03 0.1139270000D+02 0.9080000000D-02 0.1120000000D-03 0.1980000000D-01 0.1982038000D+01 0.5605800000D+01 0.1753400000D+01 0.1257600000D+01-0.6380000000D-01-0.9300000000D-03 0.1820440000D+02 0.1629000000D-01 0.7000000000D-04 0.3290000000D-01 0.1863140000D+00 0.3549800000D+01 0.9990000000D+00 0.5738600000D+01
4 7120161231201701172457753.2 0.1280000000D-01 0.4600000000D-03 0.1738960000D+02 0.1618000000D-01 0.3160000000D-03 0.1570000000D-01 0.1400390000D+01 0.5132300000D+01 0.2729100000D+01 0.3045000000D+01 0.9390000000D-01-0.2840000000D-02 0.2991400000D+02 0.2824000000D-01 0.6770000000D-03 0.2620000000D-01 0.5824301000D+01 0.3161600000D+01 0.1238600000D+01 0.1167300000D+01
4 7220170117201702032457770.2 0.2890000000D-01-0.1470000000D-02 0.1718320000D+02 0.7100000000D-02 0.3460000000D-03 0.1530000000D-01 0.1098055000D+01 0.4347200000D+01 0.6028900000D+01 0.2450100000D+01 0.7800000000D-01-0.1630000000D-02 0.2946070000D+02 0.2449000000D-01 0.6320000000D-03 0.2550000000D-01 0.5524275000D+01 0.1861600000D+01 0.3836300000D+01 0.5945000000D+00
4 7320170203201702202457787.2 0.2100000000D-02 0.4400000000D-03 0.1709050000D+02 0.7420000000D-02 0.2440000000D-03 0.8100000000D-02 0.7947120000D+00 0.4988500000D+01 0.4195000000D+00 0.1693300000D+01 0.3690000000D-01 0.3400000000D-03 0.2908140000D+02 0.2156000000D-01 0.1470000000D-03 0.1420000000D-01 0.5228737000D+01 0.1994700000D+01 0.6072500000D+01 0.6137600000D+01
4 7420170220201703092457804.2 0.1400000000D-02-0.1810000000D-02 0.1708840000D+02 0.1578000000D-01 0.2800000000D-03 0.1300000000D-01 0.4899530000D+00 0.5535600000D+01 0.2044100000D+01 0.5402000000D+00 0.6410000000D-01 0.3000000000D-04 0.2874620000D+02 0.1715000000D-01 0.3470000000D-03 0.2280000000D-01 0.4933223000D+01 0.1767800000D+01 0.6062400000D+01 0.4944300000D+01
4 7520170309201703262457821.2-0.1390000000D-01 0.2800000000D-03 0.1719730000D+02 0.1022000000D-01 0.3930000000D-03 0.1360000000D-01 0.1812120000D+00 0.5783800000D+01 0.5516200000D+01 0.2780000000D-01 0.5300000000D-01 0.1880000000D-02 0.2849060000D+02 0.1863000000D-01 0.7290000000D-03 0.2240000000D-01 0.4637887000D+01 0.4911000000D+00 0.3266600000D+01 0.4453200000D+01
4 7620170326201704122457838.2-0.2280000000D-01 0.3100000000D-03 0.1739590000D+02 0.1825000000D-01 0.1790000000D-03 0.1950000000D-01 0.6156545000D+01 0.5425100000D+01 0.4056000000D+00 0.5590800000D+01 0.9830000000D-01-0.5500000000D-03 0.2835090000D+02 0.7500000000D-02 0.2270000000D-03 0.3190000000D-01 0.4344551000D+01 0.4877000000D+00 0.5029800000D+01 0.3772000000D+01
4 7720170412201704292457855.2 0.3300000000D-02-0.5700000000D-03 0.1766250000D+02 0.2278000000D-01 0.6800000000D-04 0.2360000000D-01 0.5847313000D+01 0.5446700000D+01 0.4056500000D+01 0.5322600000D+01 0.9510000000D-01 0.1690000000D-02 0.2830990000D+02 0.4730000000D-02 0.2360000000D-03 0.3690000000D-01 0.4050704000D+01 0.5475900000D+01 0.4990700000D+01 0.3554400000D+01
4 7820170429201705162457872.2-0.1840000000D-01 0.2520000000D-02 0.1802740000D+02 0.2382000000D-01 0.1410000000D-03 0.1970000000D-01 0.5541315000D+01 0.5038500000D+01 0.5452700000D+01 0.4762700000D+01 0.1286000000D+00-0.3670000000D-02 0.2839620000D+02 0.1102000000D-01 0.7520000000D-03 0.3260000000D-01 0.3757308000D+01 0.5412900000D+01 0.3244700000D+01 0.2998200000D+01
4 7920170516201706022457889.2 0.2100000000D-01-0.2700000000D-03 0.1841730000D+02 0.2631000000D-01 0.1070000000D-03 0.2340000000D-01 0.5233852000D+01 0.4873700000D+01 0.2168000000D+00 0.4405900000D+01 0.9790000000D-01 0.8000000000D-04 0.2853760000D+02 0.1319000000D-01 0.2200000000D-03 0.3580000000D-01 0.3463990000D+01 0.3824500000D+01 0.4303300000D+01 0.2627500000D+01
4 8020170602201706192457906.2 0.2070000000D-01 0.5200000000D-03 0.1884600000D+02 0.2607000000D-01 0.2800000000D-04 0.1610000000D-01 0.4928038000D+01 0.4729400000D+01 0.3835800000D+01 0.4032800000D+01 0.6140000000D-01-0.1600000000D-03 0.2879120000D+02 0.2056000000D-01 0.2440000000D-03 0.2390000000D-01 0.3169082000D+01 0.3686400000D+01 0.2179700000D+01 0.2271100000D+01
4 8120170619201707062457923.2 0.2440000000D-01-0.1580000000D-02 0.1928820000D+02 0.2737000000D-01 0.2890000000D-03 0.1420000000D-01 0.4627011000D+01 0.4208900000D+01 0.4010000000D-01 0.3013900000D+01 0.9130000000D-01-0.3940000000D-02 0.2916610000D+02 0.1317000000D-01 0.6980000000D-03 0.2070000000D-01 0.2876859000D+01 0.2611700000D+01 0.3420300000D+01 0.1358100000D+01
4 8220170706201707232457940.2 0.7200000000D-02 0.9000000000D-04 0.1970200000D+02 0.2430000000D-01 0.2330000000D-03 0.9900000000D-02 0.4324557000D+01 0.4180500000D+01 0.2129000000D+00 0.2522100000D+01 0.2770000000D-01 0.1870000000D-02 0.2951690000D+02 0.2781000000D-01 0.2500000000D-03 0.1590000000D-01 0.2580178000D+01 0.2918800000D+01 0.9632000000D+00 0.7882000000D+00
4 8320170723201708092457957.2-0.1740000000D-01-0.2600000000D-03 0.2007550000D+02 0.2060000000D-01 0.1440000000D-03 0.1590000000D-01 0.4025233000D+01 0.4142700000D+01 0.1044800000D+01 0.1248000000D+01 0.6850000000D-01-0.3500000000D-03 0.2995470000D+02 0.2651000000D-01 0.1350000000D-03 0.2340000000D-01 0.2284871000D+01 0.2514900000D+01 0.5422000000D+00 0.5762800000D+01
4 8420170809201708262457974.2-0.1160000000D-01-0.4800000000D-03 0.2037800000D+02 0.1613000000D-01 0.4770000000D-03 0.2210000000D-01 0.3730843000D+01 0.3466500000D+01 0.5796900000D+01 0.9164000000D+00 0.7840000000D-01 0.2280000000D-02 0.3039830000D+02 0.2791000000D-01 0.7830000000D-03 0.3250000000D-01 0.1991438000D+01 0.1472900000D+01 0.3737400000D+01 0.5434400000D+01
4 8520170826201709122457991.2-0.3770000000D-01 0.2500000000D-02 0.2055820000D+02 0.1709000000D-01 0.5610000000D-03 0.2310000000D-01 0.3435065000D+01 0.4062400000D+01 0.7324000000D+00 0.2889000000D+00 0.1047000000D+00 0.0000000000D+00 0.3077720000D+02 0.2364000000D-01 0.4470000000D-03 0.3340000000D-01 0.1692184000D+01 0.2029900000D+01 0.5964100000D+01 0.4805200000D+01
4 8620170912201709292458008.2 0.8000000000D-02-0.6300000000D-03 0.2066210000D+02 0.8190000000D-02 0.1600000000D-03 0.2820000000D-01 0.3142978000D+01 0.4788900000D+01 0.6051300000D+01 0.6256300000D+01 0.1250000000D+00 0.1400000000D-03 0.3110000000D+02 0.1702000000D-01 0.2710000000D-03 0.4250000000D-01 0.1395115000D+01 0.1450400000D+01 0.4932300000D+01 0.4511700000D+01
4 8720170929201710162458025.2 0.1700000000D-02 0.2190000000D-02 0.2059620000D+02 0.4870000000D-02 0.5380000000D-03 0.2250000000D-01 0.2853384000D+01 0.5337200000D+01 0.5365400000D+01 0.5942400000D+01 0.1107000000D+00-0.1760000000D-02 0.3131660000D+02 0.1703000000D-01 0.7630000000D-03 0.3410000000D-01 0.1098067000D+01 0.1555000000D+00 0.3181500000D+01 0.4164100000D+01
4 8820171016201711022458042.2 0.1780000000D-01 0.1000000000D-04 0.2041400000D+02 0.1997000000D-01 0.5380000000D-03 0.2210000000D-01 0.2561853000D+01 0.4778600000D+01 0.4877000000D+00 0.5325500000D+01 0.1124000000D+00-0.2340000000D-02 0.3138450000D+02 0.7360000000D-02 0.7700000000D-03 0.3340000000D-01 0.7975270000D+00 0.2056500000D+01 0.5125300000D+01 0.3535200000D+01
4 8920171102201711192458059.2 0.2450000000D-01-0.1000000000D-03 0.2014130000D+02 0.2088000000D-01 0.8600000000D-04 0.1610000000D-01 0.2272568000D+01 0.5034400000D+01 0.5202800000D+01 0.4973100000D+01 0.5370000000D-01 0.8500000000D-03 0.3133170000D+02 0.1037000000D-01 0.1910000000D-03 0.2450000000D-01 0.4985690000D+00 0.4100000000D+01 0.3190100000D+01 0.3213700000D+01
4 9020171119201712062458076.2-0.4000000000D-03 0.7000000000D-04 0.1978870000D+02 0.2325000000D-01 0.9300000000D-04 0.1040000000D-01 0.1980712000D+01 0.4763900000D+01 0.4662000000D+00 0.3742600000D+01 0.7480000000D-01-0.2700000000D-02 0.3110670000D+02 0.1379000000D-01 0.5770000000D-03 0.1740000000D-01 0.1990610000D+00 0.4006700000D+01 0.2821700000D+01 0.2044800000D+01
4 9120171206201712232458093.2 0.8400000000D-02-0.1170000000D-02 0.1941690000D+02 0.2279000000D-01 0.5000000000D-03 0.1280000000D-01 0.1688517000D+01 0.4415900000D+01 0.2561000000D+00 0.3291300000D+01 0.2890000000D-01 0.3720000000D-02 0.3082290000D+02 0.2716000000D-01 0.2740000000D-03 0.2180000000D-01 0.6182647000D+01 0.3109600000D+01 0.5429800000D+01 0.1449400000D+01
4 9220171223201801092458110.2-0.2160000000D-01 0.2800000000D-03 0.1907610000D+02 0.1917000000D-01 0.1370000000D-03 0.1510000000D-01 0.1393572000D+01 0.4507900000D+01 0.1351400000D+01 0.2213000000D+01 0.6720000000D-01-0.1000000000D-04 0.3040660000D+02 0.2632000000D-01 0.2550000000D-03 0.2360000000D-01 0.5883480000D+01 0.2909800000D+01 0.1170500000D+01 0.4203000000D+00
4 9320180109201801262458127.2-0.1440000000D-01-0.6200000000D-03 0.1879130000D+02 0.1453000000D-01 0.1940000000D-03 0.2290000000D-01 0.1095113000D+01 0.4296100000D+01 0.5639000000D+00 0.1827800000D+01 0.1048000000D+00 0.2000000000D-03 0.2996570000D+02 0.2630000000D-01 0.1720000000D-03 0.3600000000D-01 0.5584073000D+01 0.2260500000D+01 0.4365200000D+01 0.3850000000D-01
4 9420180126201802122458144.2-0.3270000000D-01 0.3070000000D-02 0.1860800000D+02 0.1327000000D-01 0.4470000000D-03 0.2020000000D-01 0.7954630000D+00 0.4311700000D+01 0.3980000000D+00 0.1414800000D+01 0.8430000000D-01 0.2090000000D-02 0.2955880000D+02 0.2895000000D-01 0.4190000000D-03 0.3230000000D-01 0.5289147000D+01 0.2351500000D+01 0.6038300000D+01 0.5963800000D+01
5 9520161231201701222457753.4 0.1550000000D-01 0.1300000000D-03 0.2318430000D+02 0.2242000000D-01 0.4810000000D-03 0.7700000000D-02 0.2695064000D+01 0.5699900000D+01 0.1961800000D+01 0.5723200000D+01-0.3020000000D-01 0.5520000000D-02 0.4006650000D+02 0.4854000000D-01 0.6680000000D-03 0.1280000000D-01 0.8373360000D+00 0.3862500000D+01 0.6722000000D+00 0.3646800000D+01
5 9620170122201702132457775.4 0.3890000000D-01-0.1090000000D-02 0.2282080000D+02 0.3770000000D-02 0.5190000000D-03 0.1540000000D-01 0.3916770000D+00 0.3172900000D+01 0.5152900000D+01 0.1131900000D+01 0.6860000000D-01-0.2700000000D-03 0.3928290000D+02 0.3853000000D-01 0.4950000000D-03 0.2940000000D-01 0.4821001000D+01 0.1292200000D+01 0.3913100000D+01 0.5660800000D+01
5 9720170213201703072457797.4-0.1300000000D-02 0.4870000000D-02 0.2271190000D+02 0.1761000000D-01 0.3250000000D-03 0.2350000000D-01 0.4368576000D+01 0.3595100000D+01 0.1561900000D+01 0.3141400000D+01 0.6980000000D-01-0.1530000000D-02 0.3859740000D+02 0.1958000000D-01 0.1760000000D-03 0.3600000000D-01 0.2525220000D+01 0.5232800000D+01 0.6004900000D+01 0.1347200000D+01
5 9820170307201703292457819.4 0.9560000000D-01-0.2340000000D-02 0.2288600000D+02 0.3037000000D-01 0.4290000000D-03 0.2490000000D-01 0.2058415000D+01 0.1084200000D+01 0.3959800000D+01 0.5225700000D+01 0.4210000000D-01-0.1060000000D-02 0.3816590000D+02 0.1740000000D-01 0.5510000000D-03 0.4110000000D-01 0.2304080000D+00 0.3477100000D+01 0.1433100000D+01 0.3360900000D+01
5 9920170329201704202457841.4 0.6530000000D-01 0.5000000000D-03 0.2326650000D+02 0.2796000000D-01 0.4440000000D-03 0.2260000000D-01 0.6026950000D+01 0.5091600000D+01 0.6411000000D+00 0.9643000000D+00 0.2650000000D-01-0.3760000000D-02 0.3794750000D+02 0.1549000000D-01 0.7900000000D-03 0.3650000000D-01 0.4218380000D+01 0.1051700000D+01 0.4790800000D+01 0.5449400000D+01
510020170420201705122457863.4 0.7110000000D-01-0.1780000000D-02 0.2379230000D+02 0.2945000000D-01 0.3050000000D-03 0.1500000000D-01 0.3712779000D+01 0.3053100000D+01 0.4183700000D+01 0.2983900000D+01-0.6290000000D-01 0.3240000000D-02 0.3791370000D+02 0.1075000000D-01 0.6280000000D-03 0.2480000000D-01 0.1922879000D+01 0.3745300000D+01 0.1809900000D+01 0.1203100000D+01
510120170512201706032457885.4 0.2160000000D-01 0.1100000000D-03 0.2443500000D+02 0.3411000000D-01 0.1160000000D-03 0.5100000000D-02 0.1400340000D+01 0.9834000000D+00 0.1781800000D+01 0.4301600000D+01 0.6000000000D-03-0.2500000000D-03 0.3809630000D+02 0.1981000000D-01 0.2740000000D-03 0.6900000000D-02 0.5911905000D+01 0.1509000000D+00 0.4942100000D+01 0.2737900000D+01
510220170603201706252457907.4 0.1250000000D-01 0.5800000000D-03 0.2516590000D+02 0.3758000000D-01 0.1330000000D-03 0.1180000000D-01 0.5374334000D+01 0.5029500000D+01 0.1163700000D+01 0.4753600000D+01 0.2930000000D-01 0.1740000000D-02 0.3852470000D+02 0.2874000000D-01 0.8400000000D-04 0.1910000000D-01 0.3617355000D+01 0.3807400000D+01 0.1978400000D+01 0.2972300000D+01
510320170625201707172457929.4 0.5470000000D-01-0.6800000000D-03 0.2594030000D+02 0.3316000000D-01 0.3150000000D-03 0.2350000000D-01 0.3068240000D+01 0.2684000000D+01 0.4686000000D+01 0.4014000000D+00 0.6750000000D-01 0.7300000000D-03 0.3914950000D+02 0.3032000000D-01 0.1570000000D-03 0.3500000000D-01 0.1321408000D+01 0.1474700000D+01 0.8528000000D+00 0.5006400000D+01
510420170717201708082457951.4 0.4230000000D-01 0.3330000000D-02 0.2664390000D+02 0.2110000000D-01 0.1820000000D-03 0.3020000000D-01 0.7635200000D+00 0.7597000000D+00 0.1105000000D+01 0.2521600000D+01 0.7140000000D-01-0.2080000000D-02 0.3988720000D+02 0.3019000000D-01 0.3690000000D-03 0.4290000000D-01 0.5307293000D+01 0.5557700000D+01 0.4474700000D+01 0.7653000000D+00
510520170808201708302457973.4 0.1059000000D+00-0.1470000000D-02 0.2717590000D+02 0.1992000000D-01 0.2450000000D-03 0.2790000000D-01 0.4746290000D+01 0.5339400000D+01 0.2939400000D+01 0.4616000000D+01 0.9300000000D-02-0.2200000000D-03 0.4059310000D+02 0.3817000000D-01 0.7230000000D-03 0.4340000000D-01 0.3008024000D+01 0.3444200000D+01 0.1334400000D+01 0.2852100000D+01
510620170830201709212457995.4 0.7180000000D-01-0.3800000000D-03 0.2745700000D+02 0.2071000000D-01 0.5480000000D-03 0.2140000000D-01 0.2450836000D+01 0.3292000000D+01 0.6111900000D+01 0.3364000000D+00 0.4040000000D-01-0.5810000000D-02 0.4121290000D+02 0.4532000000D-01 0.1082000000D-02 0.3260000000D-01 0.7098340000D+00 0.8316000000D+00 0.4301000000D+01 0.4881100000D+01
510720170921201710132458017.4 0.7650000000D-01-0.2720000000D-02 0.2750120000D+02 0.9180000000D-02 0.5860000000D-03 0.1090000000D-01 0.1597610000D+00 0.1531300000D+01 0.3115300000D+01 0.2157300000D+01-0.9640000000D-01 0.7140000000D-02 0.4171950000D+02 0.3748000000D-01 0.1231000000D-02 0.1800000000D-01 0.4694388000D+01 0.4287300000D+01 0.1254400000D+01 0.4880000000D+00
510820171013201711042458039.4 0.2570000000D-01-0.4000000000D-03 0.2729150000D+02 0.1927000000D-01 0.3030000000D-03 0.6400000000D-02 0.4153146000D+01 0.6542000000D+00 0.6910000000D-01 0.2862700000D+01 0.3100000000D-01-0.1000000000D-02 0.4202630000D+02 0.2422000000D-01 0.9360000000D-03 0.8800000000D-02 0.2393075000D+01 0.8251000000D+00 0.4392200000D+01 0.7492000000D+00
510920171104201711262458061.4-0.4000000000D-02 0.2840000000D-02 0.2682460000D+02 0.3509000000D-01 0.2420000000D-03 0.1560000000D-01 0.1862267000D+01 0.4645500000D+01 0.1548500000D+01 0.4012300000D+01 0.3310000000D-01 0.2470000000D-02 0.4192760000D+02 0.2459000000D-01 0.3850000000D-03 0.2590000000D-01 0.9001600000D-01 0.3829600000D+01 0.1580300000D+01 0.2332800000D+01
511020171126201712182458083.4 0.6040000000D-01-0.7000000000D-03 0.2617720000D+02 0.3156000000D-01 0.3390000000D-03 0.2560000000D-01 0.5854538000D+01 0.2353400000D+01 0.4601700000D+01 0.6068900000D+01 0.8880000000D-01-0.1110000000D-02 0.4148720000D+02 0.2808000000D-01 0.1370000000D-03 0.3850000000D-01 0.4070871000D+01 0.1182000000D+01 0.3469000000D+00 0.4286200000D+01
511120171218201801092458105.4 0.7420000000D-01 0.6000000000D-03 0.2555720000D+02 0.2565000000D-01 0.2130000000D-03 0.2800000000D-01 0.3560655000D+01 0.3190000000D+00 0.2569600000D+01 0.1915100000D+01 0.5600000000D-01-0.1720000000D-02 0.4082960000D+02 0.3077000000D-01 0.1990000000D-03 0.4560000000D-01 0.1769870000D+01 0.5115600000D+01 0.4569100000D+01 0.1036000000D+00
511220180109201801312458127.4 0.8310000000D-01-0.3200000000D-03 0.2505410000D+02 0.1961000000D-01 0.2500000000D-03 0.2410000000D-01 0.1261714000D+01 0.4615200000D+01 0.7964000000D+00 0.4013400000D+01-0.9800000000D-02-0.3000000000D-03 0.4008880000D+02 0.3339000000D-01 0.1520000000D-03 0.3920000000D-01 0.5752906000D+01 0.2758600000D+01 0.1194200000D+01 0.2244300000D+01
