 4 2    2   13 19.7027  4.9788 36.0 36.0   23 2455926.5000 2012                                                                                                                                                                                                                                                                                                                  
1  220111231201202052455926.4-0.7130000000D-01-0.2400000000D-02 0.1164020000D+02 0.1024600000D+00 0.1189000000D-02 0.1002000000D+00-0.4816784000D+01-0.5325700000D+01-0.3868500000D+01-0.3776000000D+01-0.9840000000D-01 0.2800000000D-03 0.6532200000D+01 0.7848000000D-01 0.3660000000D-03 0.5760000000D-01-0.2660058000D+01-0.2737900000D+01-0.5236000000D+00-0.1616000000D+01
1  320120205201203122455962.4-0.1718000000D+00-0.5140000000D-02 0.1569120000D+02 0.1607300000D+00 0.2329000000D-02 0.1222000000D+00-0.5556978000D+01-0.5214000000D+01-0.2762400000D+01-0.5377300000D+01-0.9050000000D-01 0.1960000000D-02 0.9061500000D+01 0.6201000000D-01 0.1715000000D-02 0.6880000000D-01-0.3345858000D+01-0.2969500000D+01-0.3560000000D-01-0.3228200000D+01
1  420120312201204172455998.4-0.3514000000D+00 0.4900000000D-03 0.1851380000D+02 0.1066300000D+00 0.2316000000D-02 0.1263000000D+00-0.6104069000D+01-0.4026100000D+01-0.1989900000D+01-0.6950000000D+00-0.1550000000D-01 0.1040000000D-02 0.9012900000D+01 0.7463000000D-01 0.3540000000D-03 0.6290000000D-01-0.3999514000D+01-0.7171000000D+00-0.4078200000D+01-0.4969700000D+01
1  520120417201205232456034.4-0.3424000000D+00 0.2740000000D-02 0.1507350000D+02 0.1293100000D+00 0.5420000000D-03 0.9920000000D-01-0.4619930000D+00-0.3345100000D+01-0.1306100000D+01-0.2425200000D+01 0.2760000000D-01 0.7600000000D-03 0.6827500000D+01 0.4139000000D-01 0.3960000000D-03 0.4530000000D-01-0.4765079000D+01-0.1388000000D+01-0.4923800000D+01-0.4642000000D+00
1  620120523201206282456070.4-0.2461000000D+00 0.1270000000D-02 0.1115710000D+02 0.1124300000D+00 0.2140000000D-03 0.7050000000D-01-0.1319006000D+01-0.3790400000D+01-0.5130000000D+00-0.4471800000D+01 0.5050000000D-01 0.7100000000D-03 0.5891300000D+01 0.2045000000D-01 0.1700000000D-03 0.4460000000D-01-0.5542219000D+01-0.1471400000D+01-0.5560000000D+00-0.2304200000D+01
1  720120628201208032456106.4-0.1882000000D+00 0.9800000000D-03 0.8484900000D+01 0.9738000000D-01 0.2550000000D-03 0.5380000000D-01-0.2297327000D+01-0.4526500000D+01-0.4273000000D+00-0.1315000000D+00 0.7210000000D-01 0.9000000000D-04 0.5547000000D+01 0.3075000000D-01 0.1960000000D-03 0.3880000000D-01-0.1068970000D+00-0.1850500000D+01-0.2827400000D+01-0.4261400000D+01
1  820120803201209082456142.4-0.1599000000D+00 0.1220000000D-02 0.6688300000D+01 0.8879000000D-01 0.3240000000D-03 0.4740000000D-01-0.3376235000D+01-0.5401800000D+01-0.7915000000D+00-0.2329100000D+01 0.8180000000D-01-0.3000000000D-03 0.5258500000D+01 0.4118000000D-01 0.2540000000D-03 0.3780000000D-01-0.1038086000D+01-0.2865100000D+01-0.4451500000D+01-0.6161000000D+01
1  920120908201210142456178.4-0.1211000000D+00 0.3000000000D-03 0.5596000000D+01 0.9067000000D-01 0.4210000000D-03 0.3810000000D-01-0.4568658000D+01-0.8460000000D-01-0.1838800000D+01-0.4682800000D+01 0.6930000000D-01-0.1000000000D-03 0.4752900000D+01 0.4597000000D-01 0.4230000000D-03 0.3420000000D-01-0.2022818000D+01-0.4011500000D+01-0.6032100000D+01-0.1952700000D+01
1 1020121014201211192456214.4-0.1008000000D+00 0.3800000000D-03 0.5262800000D+01 0.9173000000D-01 0.5910000000D-03 0.3680000000D-01-0.5866993000D+01-0.1132500000D+01-0.3041800000D+01-0.5999000000D+00 0.6100000000D-01-0.4500000000D-03 0.3904000000D+01 0.4327000000D-01 0.4870000000D-03 0.2390000000D-01-0.3010314000D+01-0.5462700000D+01-0.1264100000D+01-0.3873500000D+01
1 1120121119201212252456250.4-0.9410000000D-01 0.7700000000D-03 0.5544200000D+01 0.8693000000D-01 0.6710000000D-03 0.4330000000D-01-0.8691950000D+00-0.2331100000D+01-0.4434100000D+01-0.2864800000D+01 0.4700000000D-01-0.1900000000D-03 0.2635900000D+01 0.4067000000D-01 0.4960000000D-03 0.1710000000D-01-0.3854843000D+01-0.8196000000D+00-0.2930100000D+01-0.5475900000D+01
1 1220121225201301302456286.4-0.6690000000D-01 0.1200000000D-03 0.5796400000D+01 0.7446000000D-01 0.6030000000D-03 0.4270000000D-01-0.2068465000D+01-0.3648500000D+01-0.5643000000D+01-0.5125600000D+01 0.3950000000D-01-0.1000000000D-03 0.1696400000D+01 0.3635000000D-01 0.4500000000D-03 0.1470000000D-01-0.4168966000D+01-0.2534500000D+01-0.4803000000D+01-0.4378000000D+00
2 1320111231201202052455926.4 0.7700000000D-02-0.1000000000D-03 0.2867640000D+02 0.2884000000D+00 0.2529000000D-02 0.1370000000D-01 0.2737830000D+00 0.5879900000D+01 0.1215800000D+01-0.2396300000D+01-0.4000000000D-02 0.1900000000D-03 0.1665740000D+02 0.2015700000D+00 0.7260000000D-03 0.6900000000D-02 0.2492760000D+01 0.2258400000D+01 0.4940400000D+01-0.5570500000D+01
2 1420120205201203122455962.4 0.2600000000D-02 0.2300000000D-03 0.3873430000D+02 0.3848400000D+00 0.5676000000D-02 0.3280000000D-01 0.3478878000D+01 0.3642800000D+01 0.6209500000D+01-0.1612900000D+01-0.1400000000D-02 0.1000000000D-04 0.2294250000D+02 0.1490500000D+00 0.4313000000D-02 0.4800000000D-02 0.5750419000D+01 0.5861300000D+01 0.2694700000D+01-0.5094800000D+01
2 1520120312201204172455998.4-0.3300000000D-02 0.5800000000D-03 0.4581990000D+02 0.2080900000D+00 0.5442000000D-02 0.2210000000D-01 0.6118100000D+00 0.2708000000D+01 0.4564200000D+01-0.1439600000D+01 0.6000000000D-02-0.4100000000D-03 0.2283170000D+02 0.1899800000D+00 0.7520000000D-03 0.2800000000D-02 0.2776706000D+01 0.6116600000D+01 0.2573800000D+01-0.4196500000D+01
2 1620120417201205232456034.4 0.5100000000D-02 0.6000000000D-04 0.3749220000D+02 0.3278700000D+00 0.1086000000D-02 0.1100000000D-02 0.3955670000D+01 0.1142400000D+01 0.3215400000D+01-0.1071900000D+01 0.8000000000D-03-0.7000000000D-04 0.1719850000D+02 0.1125500000D+00 0.9850000000D-03 0.1800000000D-02 0.5995003000D+01 0.3246700000D+01 0.5974900000D+01-0.4930300000D+01
2 1720120523201206282456070.4 0.6800000000D-02-0.1800000000D-03 0.2774230000D+02 0.2914100000D+00 0.6240000000D-03 0.2600000000D-02 0.8079180000D+00 0.4660000000D+01 0.1835600000D+01-0.2647300000D+01-0.1500000000D-02 0.1100000000D-03 0.1476330000D+02 0.6254000000D-01 0.3520000000D-03 0.2800000000D-02 0.2909288000D+01 0.8343000000D+00 0.1415900000D+01-0.3631000000D+00
2 1820120628201208032456106.4 0.3000000000D-03 0.6000000000D-04 0.2109780000D+02 0.2501900000D+00 0.7160000000D-03 0.2100000000D-02 0.3818674000D+01 0.1615300000D+01 0.5835900000D+01-0.2627100000D+01 0.2000000000D-02-0.7000000000D-04 0.1389140000D+02 0.8852000000D-01 0.5170000000D-03 0.1800000000D-02 0.6039935000D+01 0.4300500000D+01 0.3220400000D+01-0.7841000000D+00
2 1920120803201209082456142.4 0.1800000000D-02-0.9000000000D-04 0.1664640000D+02 0.2322800000D+00 0.9380000000D-03 0.2500000000D-02 0.4457420000D+00 0.4722600000D+01 0.2981000000D+01-0.2643300000D+01 0.7000000000D-03 0.5000000000D-04 0.1314140000D+02 0.1128100000D+00 0.7670000000D-03 0.1700000000D-02 0.2805971000D+01 0.1019100000D+01 0.5629400000D+01-0.5510000000D+01
2 2020120908201210142456178.4-0.1400000000D-02-0.1000000000D-04 0.1392380000D+02 0.2340900000D+00 0.1263000000D-02 0.2500000000D-02 0.3235847000D+01 0.1457300000D+01 0.6012000000D+01-0.4355800000D+01 0.8000000000D-03 0.6000000000D-04 0.1191090000D+02 0.1211400000D+00 0.1071000000D-02 0.3400000000D-02 0.5802022000D+01 0.3830000000D+01 0.1813100000D+01-0.1002200000D+01
2 2120121014201211192456214.4-0.3700000000D-02 0.4000000000D-04 0.1311330000D+02 0.2405900000D+00 0.1636000000D-02 0.2300000000D-02 0.5920457000D+01 0.4373700000D+01 0.2461300000D+01-0.2049700000D+01 0.4200000000D-02-0.1400000000D-03 0.9798200000D+01 0.1130200000D+00 0.1318000000D-02 0.1200000000D-02 0.2518561000D+01 0.1140000000D+00 0.4235400000D+01-0.2476100000D+01
2 2220121119201212252456250.4-0.9000000000D-03-0.1500000000D-03 0.1385700000D+02 0.2275400000D+00 0.1845000000D-02 0.3400000000D-02 0.2331065000D+01 0.8710000000D+00 0.5100300000D+01-0.4338800000D+01 0.4000000000D-03 0.4000000000D-04 0.6677700000D+01 0.1018700000D+00 0.1314000000D-02 0.3200000000D-02 0.5666612000D+01 0.2421300000D+01 0.2286000000D+00-0.5120200000D+01
2 2320121225201301302456286.4-0.6100000000D-02 0.1400000000D-03 0.1450970000D+02 0.1994000000D+00 0.1652000000D-02 0.1900000000D-02 0.5115184000D+01 0.3528300000D+01 0.1516200000D+01-0.5185200000D+01-0.1100000000D-02 0.7000000000D-04 0.4464200000D+01 0.8704000000D-01 0.1219000000D-02 0.2900000000D-02 0.3058564000D+01 0.4652700000D+01 0.2420000000D+01-0.1194400000D+01
