 4 2    2   13 19.7027  4.9788 36.0 36.0   23 2454831.5000 2009                                                                                                                                                                                                                                                                                                                  
1  220081231200902052454831.4-0.5850000000D-01-0.9900000000D-03 0.4838800000D+01 0.7470000000D-01 0.5050000000D-03 0.3880000000D-01-0.4247754000D+01-0.5573200000D+01-0.1266300000D+01-0.5203700000D+01 0.2300000000D-01-0.8400000000D-03 0.2233300000D+01 0.2855000000D-01 0.4250000000D-03 0.1510000000D-01-0.9765000000D+00-0.4243500000D+01-0.6148900000D+01-0.1544800000D+01
1  320090205200903132454867.4-0.8770000000D-01-0.3800000000D-03 0.5455100000D+01 0.6833000000D-01 0.5360000000D-03 0.3870000000D-01-0.5426978000D+01-0.5205000000D+00-0.2457500000D+01-0.9948000000D+00-0.8300000000D-02-0.9500000000D-03 0.1583100000D+01 0.3412000000D-01 0.4020000000D-03 0.1380000000D-01-0.1290994000D+01-0.6013900000D+01-0.1707400000D+01-0.2725300000D+01
1  420090313200904182454903.4-0.1086000000D+00 0.6000000000D-04 0.5734400000D+01 0.6478000000D-01 0.4720000000D-03 0.4260000000D-01-0.2581480000D+00-0.1804500000D+01-0.3562400000D+01-0.3034600000D+01-0.4530000000D-01-0.6800000000D-03 0.2298200000D+01 0.3511000000D-01 0.4290000000D-03 0.2090000000D-01-0.1540002000D+01-0.1342300000D+01-0.3307100000D+01-0.4226400000D+01
1  520090418200905242454939.4-0.1044000000D+00-0.4400000000D-03 0.5645300000D+01 0.6713000000D-01 0.4500000000D-03 0.4240000000D-01-0.1369329000D+01-0.3031600000D+01-0.4508700000D+01-0.5242200000D+01-0.6800000000D-01-0.6500000000D-03 0.3432000000D+01 0.3668000000D-01 0.3870000000D-03 0.2910000000D-01-0.2327552000D+01-0.2989900000D+01-0.4870800000D+01-0.6058300000D+01
1  620090524200906292454975.4-0.1136000000D+00-0.1200000000D-03 0.5394500000D+01 0.7772000000D-01 0.4550000000D-03 0.3700000000D-01-0.2531831000D+01-0.4162400000D+01-0.5605300000D+01-0.1168200000D+01-0.9020000000D-01 0.0000000000D+00 0.4190400000D+01 0.3873000000D-01 0.3680000000D-03 0.3300000000D-01-0.3292317000D+01-0.4475300000D+01-0.2359000000D+00-0.1825800000D+01
1  720090629200908042455011.4-0.1281000000D+00-0.1100000000D-03 0.5431900000D+01 0.8834000000D-01 0.4270000000D-03 0.4110000000D-01-0.3782646000D+01-0.5250100000D+01-0.3926000000D+00-0.3316800000D+01-0.9510000000D-01 0.1900000000D-03 0.4431100000D+01 0.3517000000D-01 0.3880000000D-03 0.3100000000D-01-0.4277297000D+01-0.5955100000D+01-0.2053300000D+01-0.3703900000D+01
1  820090804200909092455047.4-0.1287000000D+00-0.1060000000D-02 0.6168300000D+01 0.9722000000D-01 0.3600000000D-03 0.5280000000D-01-0.5044765000D+01-0.6281700000D+01-0.1733500000D+01-0.5610100000D+01-0.8540000000D-01 0.2300000000D-03 0.4088200000D+01 0.2407000000D-01 0.4300000000D-03 0.2900000000D-01-0.5190695000D+01-0.1350500000D+01-0.3505000000D+01-0.5487700000D+01
1  920090909200910152455083.4-0.1578000000D+00-0.9600000000D-03 0.7664600000D+01 0.9498000000D-01 0.1870000000D-03 0.6070000000D-01-0.6206601000D+01-0.9803000000D+00-0.2440200000D+01-0.1397800000D+01-0.7640000000D-01 0.4400000000D-03 0.3377900000D+01 0.2662000000D-01 0.4080000000D-03 0.2390000000D-01-0.5897114000D+01-0.3419300000D+01-0.4967700000D+01-0.7550000000D+00
1 1020091015200911202455119.4-0.2029000000D+00-0.1310000000D-02 0.9689500000D+01 0.9647000000D-01 0.2610000000D-03 0.8240000000D-01-0.9533710000D+00-0.1842700000D+01-0.8389000000D+00-0.3257600000D+01-0.6000000000D-01 0.5400000000D-03 0.3107200000D+01 0.4014000000D-01 0.3240000000D-03 0.2620000000D-01-0.6270246000D+01-0.4972400000D+01-0.6163300000D+01-0.2062500000D+01
1 1120091120200912262455155.4-0.2536000000D+00-0.3260000000D-02 0.1251350000D+02 0.1145700000D+00 0.9790000000D-03 0.1064000000D+00-0.1869623000D+01-0.2448400000D+01-0.8983000000D+00-0.5193000000D+01-0.4350000000D-01 0.1070000000D-02 0.4142700000D+01 0.5846000000D-01 0.3670000000D-03 0.3860000000D-01-0.3407460000D+00-0.6125100000D+01-0.2628900000D+01-0.3479000000D+01
1 1220091226201001312455191.4-0.3755000000D+00-0.1910000000D-02 0.1664540000D+02 0.1587000000D+00 0.2675000000D-02 0.1427000000D+00-0.2645480000D+01-0.2517700000D+01-0.6740000000D-01-0.4402000000D+00 0.2200000000D-02 0.1700000000D-03 0.5702200000D+01 0.2620000000D-01 0.1376000000D-02 0.4310000000D-01-0.9330660000D+00-0.8829000000D+00-0.3407900000D+01-0.5209400000D+01
2 1320081231200902052454831.4-0.2000000000D-02-0.6000000000D-04 0.1203240000D+02 0.1994500000D+00 0.1547000000D-02 0.3700000000D-02 0.2215748000D+01 0.9090000000D+00 0.5246100000D+01-0.4303400000D+01 0.8000000000D-03 0.4000000000D-04 0.5833600000D+01 0.7335000000D-01 0.1124000000D-02 0.2500000000D-02 0.5582496000D+01 0.2292900000D+01 0.2532000000D+00-0.5247900000D+01
2 1420090205200903132454867.4-0.4500000000D-02 0.1200000000D-03 0.1367310000D+02 0.1863400000D+00 0.1535000000D-02 0.4000000000D-03 0.5012245000D+01 0.3611500000D+01 0.1686100000D+01-0.4044000000D+00 0.1000000000D-03 0.5000000000D-04 0.4360300000D+01 0.8081000000D-01 0.1135000000D-02 0.2600000000D-02 0.2967136000D+01 0.4450800000D+01 0.2461600000D+01-0.1230900000D+01
2 1520090313200904182454903.4-0.8000000000D-03-0.3000000000D-04 0.1429030000D+02 0.1793700000D+00 0.1404000000D-02 0.1100000000D-02 0.1585013000D+01 0.8000000000D-02 0.4544100000D+01-0.4075400000D+01 0.2800000000D-02-0.7000000000D-04 0.6238000000D+01 0.8653000000D-01 0.1156000000D-02 0.1700000000D-02 0.3443170000D+00 0.3934000000D+00 0.4774300000D+01-0.4107000000D+01
2 1620090418200905242454939.4-0.2300000000D-02 0.1300000000D-03 0.1388300000D+02 0.1902000000D+00 0.1346000000D-02 0.1300000000D-02 0.4435839000D+01 0.2756000000D+01 0.1183700000D+01-0.4796500000D+01 0.0000000000D+00 0.1300000000D-03 0.8976000000D+01 0.1002900000D+00 0.1101000000D-02 0.2100000000D-02 0.3510206000D+01 0.2709400000D+01 0.8721000000D+00-0.5364800000D+01
2 1720090524200906292454975.4 0.2900000000D-02-0.4000000000D-04 0.1317390000D+02 0.2152800000D+00 0.1374000000D-02 0.1100000000D-02 0.9350670000D+00 0.5586100000D+01 0.4074400000D+01-0.2744900000D+01 0.3600000000D-02-0.4000000000D-04 0.1073050000D+02 0.1121900000D+00 0.1048000000D-02 0.1900000000D-02 0.2260040000D+00 0.5218000000D+01 0.3178600000D+01-0.1701700000D+01
2 1820090629200908042455011.4 0.1300000000D-02 0.1300000000D-03 0.1335830000D+02 0.2448800000D+00 0.1408000000D-02 0.3000000000D-02 0.3626918000D+01 0.2183600000D+01 0.5862000000D+00-0.4974400000D+01 0.3500000000D-02-0.3000000000D-04 0.1113470000D+02 0.1012600000D+00 0.1094000000D-02 0.3200000000D-02 0.3202345000D+01 0.1503800000D+01 0.5475000000D+01-0.4507300000D+01
2 1920090804200909092455047.4 0.4400000000D-02 0.6000000000D-04 0.1548190000D+02 0.2626400000D+00 0.1324000000D-02 0.6000000000D-03 0.3684200000D-01 0.5087000000D+01 0.3389100000D+01-0.2280100000D+01 0.9000000000D-03 0.8000000000D-04 0.1012640000D+02 0.7186000000D-01 0.1106000000D-02 0.1100000000D-02 0.6255720000D+01 0.3855800000D+01 0.1552500000D+01-0.6255100000D+01
2 2020090909200910152455083.4 0.8000000000D-02-0.1000000000D-03 0.1932700000D+02 0.2641000000D+00 0.9270000000D-03 0.3300000000D-02 0.2842228000D+01 0.1742300000D+01 0.1829000000D+00-0.4805300000D+01 0.3300000000D-02-0.1000000000D-03 0.8258900000D+01 0.6268000000D-01 0.1106000000D-02 0.1300000000D-02 0.3238739000D+01 0.5810800000D+01 0.4000700000D+01-0.3038500000D+01
2 2120091015200911202455119.4 0.2700000000D-02 0.2500000000D-03 0.2436770000D+02 0.2687300000D+00 0.4600000000D-03 0.4400000000D-02 0.5768477000D+01 0.4786600000D+01 0.4809400000D+01-0.5459200000D+01 0.4000000000D-03 0.1000000000D-04 0.7725500000D+01 0.9021000000D-01 0.9970000000D-03 0.2800000000D-02 0.5479240000D+00 0.1744000000D+01 0.3854000000D+00-0.4436900000D+01
2 2220091120200912262455155.4 0.9800000000D-02-0.5000000000D-04 0.3129050000D+02 0.3149400000D+00 0.1825000000D-02 0.1210000000D-01 0.2517004000D+01 0.1803300000D+01 0.3387800000D+01-0.4770800000D+01-0.1000000000D-03 0.2000000000D-04 0.1052130000D+02 0.1365500000D+00 0.1062000000D-02 0.7400000000D-02 0.4120065000D+01 0.4479500000D+01 0.2054100000D+01-0.1872900000D+01
2 2320091226201001312455191.4 0.2390000000D-01-0.7700000000D-03 0.4143010000D+02 0.4158700000D+00 0.7032000000D-02 0.2220000000D-01 0.5688644000D+01 0.5635800000D+01 0.1981700000D+01-0.3587900000D+01 0.5600000000D-02-0.2900000000D-03 0.1441120000D+02 0.7244000000D-01 0.3532000000D-02 0.6000000000D-02 0.1180428000D+01 0.8268000000D+00 0.4865200000D+01-0.1927800000D+01
