 6 8    2   33   41   48   56   63   84  115  6.6670  4.5860  3.3280  2.2960  1.3910  0.3940  0.3940  0.0790 12.0 50.0 55.0 50.0 53.0 18.0 12.0 36.0  125 2453735.5000 2006                                                                                                                                                                                                      
1  220051231200601122453735.5-0.1096000000D+00 0.1684000000D-01 0.3088290000D+02 0.5023000000D-01 0.6290000000D-03 0.2941000000D+00 0.4642505000D+01 0.5555700000D+01 0.8853000000D+00 0.6175100000D+01-0.2976000000D+00 0.3800000000D-03 0.1050230000D+02 0.4070000000D-01 0.2700000000D-03 0.1039000000D+00 0.3329338000D+01 0.3725000000D+01 0.6067900000D+01 0.4858300000D+01
1  320060112200601242453747.5 0.8130000000D-01 0.1693000000D-01 0.3119190000D+02 0.4826000000D-01 0.3830000000D-03 0.2995000000D+00 0.2981762000D+01 0.4255200000D+01 0.3510000000D-01 0.2619500000D+01-0.2924000000D+00 0.1970000000D-02 0.1091850000D+02 0.3788000000D-01 0.3960000000D-03 0.1070000000D+00 0.1671154000D+01 0.2144500000D+01 0.4368600000D+01 0.1329500000D+01
1  420060124200602052453759.5 0.2854000000D+00 0.1582000000D-01 0.3131640000D+02 0.4813000000D-01 0.6550000000D-03 0.2996000000D+00 0.1321222000D+01 0.2890200000D+01 0.5455600000D+01 0.5364400000D+01-0.2709000000D+00 0.3770000000D-02 0.1128090000D+02 0.3191000000D-01 0.3330000000D-03 0.1093000000D+00 0.1442000000D-01 0.6201000000D+00 0.2684000000D+01 0.4064700000D+01
1  520060205200602172453771.5 0.4704000000D+00 0.1277000000D-01 0.3124930000D+02 0.4391000000D-01 0.1037000000D-02 0.3002000000D+00 0.5942843000D+01 0.1438500000D+01 0.3580000000D+01 0.1810600000D+01-0.2250000000D+00 0.5100000000D-02 0.1155550000D+02 0.2643000000D-01 0.3160000000D-03 0.1109000000D+00 0.4640569000D+01 0.5456800000D+01 0.1476500000D+01 0.5278000000D+00
1  620060217200603012453783.5 0.6247000000D+00 0.9500000000D-02 0.3102910000D+02 0.3642000000D-01 0.9600000000D-03 0.2973000000D+00 0.4279256000D+01 0.2175000000D+00 0.1694500000D+01 0.4551800000D+01-0.1683000000D+00 0.6020000000D-02 0.1172740000D+02 0.2095000000D-01 0.4010000000D-03 0.1110000000D+00 0.2982542000D+01 0.4124100000D+01 0.2964000000D+00 0.3246900000D+01
1  720060301200603132453795.5 0.7488000000D+00 0.5400000000D-02 0.3066190000D+02 0.3823000000D-01 0.4800000000D-03 0.2886000000D+00 0.2611370000D+01 0.5407100000D+01 0.6121200000D+01 0.9843000000D+00-0.9280000000D-01 0.6350000000D-02 0.1178060000D+02 0.1719000000D-01 0.4880000000D-03 0.1117000000D+00 0.1322101000D+01 0.2899100000D+01 0.5075100000D+01 0.5972300000D+01
1  820060313200603252453807.5 0.8111000000D+00 0.2030000000D-02 0.3017290000D+02 0.4682000000D-01 0.2830000000D-03 0.2829000000D+00 0.9380780000D+00 0.4062700000D+01 0.5178100000D+01 0.3702900000D+01-0.1740000000D-01 0.6060000000D-02 0.1171840000D+02 0.1572000000D-01 0.5450000000D-03 0.1103000000D+00 0.5941946000D+01 0.1779300000D+01 0.3363500000D+01 0.2413300000D+01
1  920060325200604062453819.5 0.8462000000D+00-0.1090000000D-02 0.2959460000D+02 0.5509000000D-01 0.5060000000D-03 0.2742000000D+00 0.5542580000D+01 0.2594900000D+01 0.4180900000D+01 0.1156000000D+00 0.5910000000D-01 0.5580000000D-02 0.1155400000D+02 0.1811000000D-01 0.4230000000D-03 0.1099000000D+00 0.4275494000D+01 0.7407000000D+00 0.1469700000D+01 0.5131400000D+01
1 1020060406200604182453831.5 0.8216000000D+00-0.3840000000D-02 0.2896410000D+02 0.5941000000D-01 0.7580000000D-03 0.2705000000D+00 0.3857860000D+01 0.1044300000D+01 0.2514900000D+01 0.2804500000D+01 0.1279000000D+00 0.4590000000D-02 0.1130340000D+02 0.2544000000D-01 0.1990000000D-03 0.1062000000D+00 0.2604204000D+01 0.5674600000D+01 0.5816100000D+01 0.1573700000D+01
1 1120060418200604302453843.5 0.7768000000D+00-0.5890000000D-02 0.2830790000D+02 0.6078000000D-01 0.8220000000D-03 0.2644000000D+00 0.2168215000D+01 0.5815300000D+01 0.6344000000D+00 0.5504500000D+01 0.1815000000D+00 0.3640000000D-02 0.1097510000D+02 0.3198000000D-01 0.7700000000D-04 0.1022000000D+00 0.9282210000D+00 0.4112900000D+01 0.5132000000D+01 0.4282900000D+01
1 1220060430200605122453855.5 0.6977000000D+00-0.8190000000D-02 0.2766240000D+02 0.6440000000D-01 0.4340000000D-03 0.2620000000D+00 0.4743590000D+00 0.4375900000D+01 0.4690400000D+01 0.1908700000D+01 0.2266000000D+00 0.2380000000D-02 0.1058270000D+02 0.3537000000D-01 0.1560000000D-03 0.9770000000D-01 0.5531083000D+01 0.2501000000D+01 0.3733300000D+01 0.7109000000D+00
1 1320060512200605242453867.5 0.5967000000D+00-0.9450000000D-02 0.2708470000D+02 0.7200000000D-01 0.1230000000D-03 0.2554000000D+00 0.5059260000D+01 0.2814700000D+01 0.9474000000D+00 0.4610200000D+01 0.2501000000D+00 0.1150000000D-02 0.1015300000D+02 0.3771000000D-01 0.2200000000D-03 0.9250000000D-01 0.3846609000D+01 0.8663000000D+00 0.1941400000D+01 0.3393300000D+01
1 1420060524200606052453879.5 0.4895000000D+00-0.1088000000D-01 0.2656340000D+02 0.7666000000D-01 0.4270000000D-03 0.2482000000D+00 0.3357029000D+01 0.1179500000D+01 0.3980300000D+01 0.1007000000D+01 0.2656000000D+00-0.2000000000D-04 0.9694800000D+01 0.3885000000D-01 0.1960000000D-03 0.8890000000D-01 0.2158572000D+01 0.5538600000D+01 0.1036000000D+00 0.6089500000D+01
1 1520060605200606172453891.5 0.3556000000D+00-0.1128000000D-01 0.2609930000D+02 0.7415000000D-01 0.4380000000D-03 0.2431000000D+00 0.1651564000D+01 0.5830700000D+01 0.1820200000D+01 0.3695200000D+01 0.2630000000D+00-0.1140000000D-02 0.9226000000D+01 0.3938000000D-01 0.1290000000D-03 0.8470000000D-01 0.4669630000D+00 0.3938600000D+01 0.4034500000D+01 0.2493200000D+01
1 1620060617200606292453903.5 0.2328000000D+00-0.1137000000D-01 0.2571690000D+02 0.7033000000D-01 0.4230000000D-03 0.2379000000D+00 0.6227536000D+01 0.4192800000D+01 0.5799300000D+01 0.7410000000D-01 0.2513000000D+00-0.1820000000D-02 0.8767800000D+01 0.4143000000D-01 0.5800000000D-04 0.8180000000D-01 0.5054999000D+01 0.2309400000D+01 0.2273000000D+00 0.5188800000D+01
1 1720060629200607112453915.5 0.8910000000D-01-0.1111000000D-01 0.2540290000D+02 0.6531000000D-01 0.3660000000D-03 0.2380000000D+00 0.4519112000D+01 0.2605800000D+01 0.3638300000D+01 0.2752200000D+01 0.2308000000D+00-0.2430000000D-02 0.8319600000D+01 0.4198000000D-01 0.1950000000D-03 0.7680000000D-01 0.3355509000D+01 0.6433000000D+00 0.3749000000D+01 0.1604000000D+01
1 1820060711200607232453927.5-0.4020000000D-01-0.1033000000D-01 0.2517170000D+02 0.6252000000D-01 0.2150000000D-03 0.2367000000D+00 0.2810720000D+01 0.1056400000D+01 0.1024700000D+01 0.5432900000D+01 0.2010000000D+00-0.2590000000D-02 0.7889800000D+01 0.3982000000D-01 0.2080000000D-03 0.7300000000D-01 0.1652216000D+01 0.5249700000D+01 0.1590400000D+01 0.4294300000D+01
1 1920060723200608042453939.5-0.1719000000D+00-0.1002000000D-01 0.2503720000D+02 0.6589000000D-01 0.2250000000D-03 0.2401000000D+00 0.1103445000D+01 0.5745500000D+01 0.2897900000D+01 0.1838400000D+01 0.1717000000D+00-0.2710000000D-02 0.7489800000D+01 0.3672000000D-01 0.1700000000D-03 0.6860000000D-01 0.6229438000D+01 0.3604000000D+01 0.5927900000D+01 0.6999000000D+00
1 2020060804200608162453951.5-0.2968000000D+00-0.9110000000D-02 0.2500130000D+02 0.6545000000D-01 0.5910000000D-03 0.2376000000D+00 0.5679536000D+01 0.4094300000D+01 0.5466000000D+00 0.4536100000D+01 0.1356000000D+00-0.2680000000D-02 0.7130600000D+01 0.3288000000D-01 0.1070000000D-03 0.6530000000D-01 0.4520574000D+01 0.1975400000D+01 0.4244600000D+01 0.3365300000D+01
1 2120060816200608282453963.5-0.4039000000D+00-0.8740000000D-02 0.2504710000D+02 0.5973000000D-01 0.6420000000D-03 0.2381000000D+00 0.3973429000D+01 0.2454800000D+01 0.4617200000D+01 0.9437000000D+00 0.1042000000D+00-0.2640000000D-02 0.6821300000D+01 0.2939000000D-01 0.9000000000D-04 0.6290000000D-01 0.2810089000D+01 0.3689000000D+00 0.2952800000D+01 0.6051200000D+01
1 2220060828200609092453975.5-0.5134000000D+00-0.7680000000D-02 0.2516060000D+02 0.5376000000D-01 0.4660000000D-03 0.2377000000D+00 0.2269281000D+01 0.9162000000D+00 0.2572700000D+01 0.3642000000D+01 0.6990000000D-01-0.2700000000D-02 0.6568900000D+01 0.2655000000D-01 0.1770000000D-03 0.6130000000D-01 0.1098938000D+01 0.5074400000D+01 0.1794700000D+01 0.2441000000D+01
1 2320060909200609212453987.5-0.5934000000D+00-0.6450000000D-02 0.2536330000D+02 0.4858000000D-01 0.2440000000D-03 0.2395000000D+00 0.5675490000D+00 0.5703700000D+01 0.3975000000D+00 0.3750000000D-01 0.3860000000D-01-0.2640000000D-02 0.6383000000D+01 0.2331000000D-01 0.2910000000D-03 0.6060000000D-01 0.5670614000D+01 0.3462500000D+01 0.6247500000D+01 0.5137400000D+01
1 2420060921200610032453999.5-0.6750000000D+00-0.4740000000D-02 0.2563920000D+02 0.4821000000D-01 0.9100000000D-04 0.2442000000D+00 0.5152279000D+01 0.4223400000D+01 0.5041400000D+01 0.2742700000D+01 0.7600000000D-02-0.2730000000D-02 0.6259000000D+01 0.1859000000D-01 0.3520000000D-03 0.5930000000D-01 0.3960434000D+01 0.1887500000D+01 0.4297200000D+01 0.1550300000D+01
1 2520061003200610152454011.5-0.7249000000D+00-0.2370000000D-02 0.2599320000D+02 0.5137000000D-01 0.2930000000D-03 0.2492000000D+00 0.3457360000D+01 0.2712200000D+01 0.5338000000D+01 0.5441700000D+01-0.2480000000D-01-0.2650000000D-02 0.6198800000D+01 0.1331000000D-01 0.2870000000D-03 0.5950000000D-01 0.2253665000D+01 0.5179000000D+00 0.2494300000D+01 0.4255000000D+01
1 2620061015200610272454023.5-0.7604000000D+00-0.2200000000D-03 0.2644500000D+02 0.5044000000D-01 0.6010000000D-03 0.2578000000D+00 0.1766249000D+01 0.1108000000D+01 0.3164800000D+01 0.1877800000D+01-0.5470000000D-01-0.2650000000D-02 0.6210400000D+01 0.1116000000D-01 0.2170000000D-03 0.5910000000D-01 0.5526000000D+00 0.5674400000D+01 0.9510000000D+00 0.6747000000D+00
1 2720061027200611082454035.5-0.7676000000D+00 0.2520000000D-02 0.2696140000D+02 0.4643000000D-01 0.8180000000D-03 0.2606000000D+00 0.7834800000D-01 0.5864100000D+01 0.1022900000D+01 0.4600200000D+01-0.8870000000D-01-0.2540000000D-02 0.6292600000D+01 0.1309000000D-01 0.2250000000D-03 0.6030000000D-01 0.5141153000D+01 0.4544200000D+01 0.5902800000D+01 0.3375000000D+01
1 2820061108200611202454047.5-0.7387000000D+00 0.4640000000D-02 0.2751950000D+02 0.4595000000D-01 0.5750000000D-03 0.2674000000D+00 0.4677342000D+01 0.4488900000D+01 0.5402700000D+01 0.1043800000D+01-0.1184000000D+00-0.2430000000D-02 0.6446800000D+01 0.1673000000D-01 0.2590000000D-03 0.6200000000D-01 0.3453593000D+01 0.3221500000D+01 0.4317800000D+01 0.6096200000D+01
1 2920061120200612022454059.5-0.6884000000D+00 0.7300000000D-02 0.2810560000D+02 0.5127000000D-01 0.2150000000D-03 0.2706000000D+00 0.2997973000D+01 0.3051000000D+01 0.4412500000D+01 0.3773400000D+01-0.1509000000D+00-0.2290000000D-02 0.6669000000D+01 0.2071000000D-01 0.3050000000D-03 0.6500000000D-01 0.1773623000D+01 0.1760000000D+01 0.2553100000D+01 0.2524600000D+01
1 3020061202200612142454071.5-0.5894000000D+00 0.9720000000D-02 0.2871370000D+02 0.5631000000D-01 0.4480000000D-03 0.2755000000D+00 0.1322856000D+01 0.1562100000D+01 0.3856700000D+01 0.2062000000D+00-0.1776000000D+00-0.1960000000D-02 0.6952200000D+01 0.2510000000D-01 0.2950000000D-03 0.6840000000D-01 0.9998100000D-01 0.2759000000D+00 0.7202000000D+00 0.5265000000D+01
1 3120061214200612262454083.5-0.4751000000D+00 0.1233000000D-01 0.2931830000D+02 0.5670000000D-01 0.6200000000D-03 0.2817000000D+00 0.5935412000D+01 0.4160000000D-01 0.2199000000D+01 0.2944500000D+01-0.2017000000D+00-0.1520000000D-02 0.7283300000D+01 0.3016000000D-01 0.1890000000D-03 0.7170000000D-01 0.4715861000D+01 0.5019700000D+01 0.5190400000D+01 0.1722200000D+01
1 3220061226200701072454095.5-0.3162000000D+00 0.1485000000D-01 0.2987890000D+02 0.5321000000D-01 0.7370000000D-03 0.2876000000D+00 0.4268683000D+01 0.4794100000D+01 0.3082000000D+00 0.5668600000D+01-0.2187000000D+00-0.6100000000D-03 0.7647600000D+01 0.3502000000D-01 0.9200000000D-04 0.7620000000D-01 0.3054332000D+01 0.3403100000D+01 0.4947200000D+01 0.4472400000D+01
2 3320051231200602192453735.5 0.4800000000D-01 0.2080000000D-02 0.3956470000D+02 0.6126000000D-01 0.7890000000D-03 0.9480000000D-01 0.7305730000D+00 0.1537900000D+01 0.4033600000D+01-0.1963400000D+01-0.8310000000D-01 0.2600000000D-03 0.1312680000D+02 0.3456000000D-01 0.2630000000D-03 0.3640000000D-01 0.5774359000D+01 0.5983100000D+01 0.2721500000D+01-0.3215300000D+01
2 3420060219200604102453785.5 0.1533000000D+00 0.1070000000D-02 0.3979940000D+02 0.4742000000D-01 0.7370000000D-03 0.9540000000D-01 0.3882745000D+01 0.1640000000D+00 0.1832200000D+01-0.2372800000D+01-0.6770000000D-01 0.5700000000D-03 0.1416160000D+02 0.4620000000D-02 0.3610000000D-03 0.3500000000D-01 0.2616942000D+01 0.3351500000D+01 0.6233200000D+01-0.3565900000D+01
2 3520060410200605302453835.5 0.2055000000D+00 0.3300000000D-03 0.3700040000D+02 0.8236000000D-01 0.3940000000D-03 0.8820000000D-01 0.6964030000D+00 0.4386900000D+01 0.5681600000D+01-0.2773100000D+01-0.3860000000D-01 0.5600000000D-03 0.1354630000D+02 0.3201000000D-01 0.1130000000D-03 0.3020000000D-01 0.5703468000D+01 0.3049100000D+01 0.3158800000D+01-0.4067900000D+01
2 3620060530200607192453885.5 0.2201000000D+00 0.1400000000D-03 0.3391100000D+02 0.9859000000D-01 0.2390000000D-03 0.8030000000D-01 0.3711181000D+01 0.1602400000D+01 0.3486500000D+01-0.3316800000D+01-0.1100000000D-01 0.3700000000D-03 0.1194350000D+02 0.4226000000D-01 0.6800000000D-04 0.2650000000D-01 0.2450409000D+01 0.6180800000D+01 0.3529000000D+01-0.4540100000D+01
2 3720060719200609072453935.5 0.2252000000D+00 0.1900000000D-03 0.3226440000D+02 0.9301000000D-01 0.2930000000D-03 0.7670000000D-01 0.3979790000D+00 0.4944200000D+01 0.7756000000D+00-0.3830900000D+01 0.7300000000D-02 0.2900000000D-03 0.1032160000D+02 0.3604000000D-01 0.1380000000D-03 0.2330000000D-01 0.5456510000D+01 0.2894300000D+01 0.6245700000D+01-0.5060200000D+01
2 3820060907200610272453985.5 0.2344000000D+00 0.2900000000D-03 0.3247160000D+02 0.8283000000D-01 0.4120000000D-03 0.7950000000D-01 0.3370470000D+01 0.2080400000D+01 0.4135500000D+01-0.4346800000D+01 0.2140000000D-01 0.2600000000D-03 0.9096600000D+01 0.2265000000D-01 0.1890000000D-03 0.2060000000D-01 0.2196665000D+01 0.5857900000D+01 0.2592600000D+01-0.5522100000D+01
2 3920061027200612162454035.5 0.2512000000D+00 0.3000000000D-04 0.3449850000D+02 0.7558000000D-01 0.5130000000D-03 0.8380000000D-01 0.9840100000D-01 0.5736900000D+01 0.1520700000D+01-0.4763500000D+01 0.3430000000D-01 0.3200000000D-03 0.8563800000D+01 0.4350000000D-02 0.2360000000D-03 0.2080000000D-01 0.5257114000D+01 0.3372400000D+01 0.5383000000D+01-0.5902800000D+01
2 4020061216200702042454085.5 0.2545000000D+00-0.7100000000D-03 0.3769530000D+02 0.7028000000D-01 0.6420000000D-03 0.8990000000D-01 0.3176575000D+01 0.3358700000D+01 0.5777600000D+01-0.5201400000D+01 0.5040000000D-01 0.4200000000D-03 0.9064000000D+01 0.2525000000D-01 0.4900000000D-04 0.2370000000D-01 0.2064687000D+01 0.2016600000D+01 0.2425700000D+01-0.6219800000D+01
3 4120051231200602242453735.5 0.3800000000D-02-0.1400000000D-03 0.4909850000D+02 0.1077400000D+00 0.1011000000D-02 0.2900000000D-02 0.5248835000D+01 0.3780000000D-01 0.2285400000D+01-0.4924400000D+01 0.1000000000D-03 0.7000000000D-04 0.1587940000D+02 0.4944000000D-01 0.3450000000D-03 0.1400000000D-02 0.3958812000D+01 0.4421100000D+01 0.8473000000D+00-0.3486000000D+00
3 4220060224200604202453790.5-0.2900000000D-02 0.5000000000D-04 0.4918550000D+02 0.8998000000D-01 0.8850000000D-03 0.4200000000D-02 0.6169960000D+01 0.2191300000D+01 0.4262800000D+01-0.3821900000D+01 0.2900000000D-02-0.3000000000D-04 0.1730960000D+02 0.1733000000D-01 0.4090000000D-03 0.1900000000D-02 0.4854039000D+01 0.1030000000D+00 0.2285700000D+01-0.4853000000D+01
3 4320060420200606142453845.5-0.2200000000D-02 0.5000000000D-04 0.4506550000D+02 0.9024000000D-01 0.5010000000D-03 0.5200000000D-02 0.7406830000D+00 0.4185200000D+01 0.6012700000D+01-0.1679400000D+01 0.8000000000D-03 0.1000000000D-04 0.1633490000D+02 0.3686000000D-01 0.9100000000D-04 0.1000000000D-02 0.5699482000D+01 0.2780300000D+01 0.3593700000D+01-0.3269300000D+01
3 4420060614200608082453900.5-0.3000000000D-03 0.0000000000D+00 0.4123530000D+02 0.9041000000D-01 0.3830000000D-03 0.3300000000D-02 0.1502030000D+01 0.5621600000D+01 0.1401800000D+01-0.2303000000D+00 0.9000000000D-03 0.1000000000D-04 0.1424780000D+02 0.4300000000D-01 0.1020000000D-03 0.1300000000D-02 0.1967780000D+00 0.3762900000D+01 0.8435000000D+00-0.1262600000D+01
3 4520060808200610022453955.5-0.2000000000D-03-0.1000000000D-04 0.3983830000D+02 0.7944000000D-01 0.4690000000D-03 0.3500000000D-02 0.2223565000D+01 0.6482000000D+00 0.2690900000D+01-0.4790500000D+01 0.7000000000D-03 0.1000000000D-04 0.1237250000D+02 0.3201000000D-01 0.1940000000D-03 0.1200000000D-02 0.9608350000D+00 0.4492000000D+01 0.1503900000D+01-0.6171100000D+01
3 4620061002200611262454010.5-0.3000000000D-03-0.3000000000D-04 0.4123890000D+02 0.7540000000D-01 0.6220000000D-03 0.3400000000D-02 0.2961385000D+01 0.2183100000D+01 0.4026400000D+01-0.3592900000D+01 0.7000000000D-03 0.1000000000D-04 0.1126040000D+02 0.1134000000D-01 0.2810000000D-03 0.1000000000D-02 0.1755748000D+01 0.5028200000D+01 0.2050900000D+01-0.4535600000D+01
3 4720061126200701202454065.5-0.4700000000D-02 0.1300000000D-03 0.4506300000D+02 0.9404000000D-01 0.7880000000D-03 0.4300000000D-02 0.3760926000D+01 0.3929800000D+01 0.5915800000D+01-0.1701300000D+01 0.9000000000D-03 0.0000000000D+00 0.1144150000D+02 0.2336000000D-01 0.1920000000D-03 0.1000000000D-03 0.2597872000D+01 0.2900700000D+01 0.3005000000D+01-0.2458300000D+01
4 4820051231200602192453735.5-0.1368000000D+00-0.3800000000D-03 0.6272850000D+02 0.1004600000D+00 0.1239000000D-02 0.6630000000D-01 0.5165084000D+01 0.6010000000D+01 0.2076400000D+01 0.3218200000D+01 0.3820000000D-01-0.1000000000D-03 0.2078480000D+02 0.5551000000D-01 0.4210000000D-03 0.2380000000D-01 0.3925421000D+01 0.4171900000D+01 0.7679000000D+00 0.2019200000D+01
4 4920060219200604102453785.5-0.1593000000D+00-0.5000000000D-04 0.6310830000D+02 0.8752000000D-01 0.1126000000D-02 0.6470000000D-01 0.6404190000D+00 0.3017900000D+01 0.4852000000D+01 0.2670000000D+00 0.2960000000D-01-0.1600000000D-03 0.2243030000D+02 0.1288000000D-01 0.5620000000D-03 0.2400000000D-01 0.5658023000D+01 0.5402000000D+00 0.2968300000D+01 0.5342200000D+01
4 5020060410200605302453835.5-0.1583000000D+00 0.2300000000D-03 0.5866090000D+02 0.1198100000D+00 0.6900000000D-03 0.6040000000D-01 0.2352784000D+01 0.5862500000D+01 0.1101600000D+01 0.3529300000D+01 0.2360000000D-01-0.8000000000D-04 0.2145020000D+02 0.4722000000D-01 0.1880000000D-03 0.2270000000D-01 0.1076817000D+01 0.4540100000D+01 0.4976100000D+01 0.2323300000D+01
4 5120060530200607192453885.5-0.1500000000D+00 0.2200000000D-03 0.5376650000D+02 0.1382900000D+00 0.4410000000D-03 0.5580000000D-01 0.3985520000D+01 0.1799500000D+01 0.3584400000D+01 0.4472000000D+00 0.1840000000D-01-0.8000000000D-04 0.1891620000D+02 0.6323000000D-01 0.8200000000D-04 0.1790000000D-01 0.2723723000D+01 0.7350000000D-01 0.3443200000D+01 0.5480800000D+01
4 5220060719200609072453935.5-0.1372000000D+00 0.0000000000D+00 0.5115130000D+02 0.1350200000D+00 0.4540000000D-03 0.5220000000D-01 0.5569493000D+01 0.3823000000D+01 0.5791000000D+01 0.3661400000D+01 0.1370000000D-01-0.1000000000D-04 0.1634700000D+02 0.5507000000D-01 0.2040000000D-03 0.1530000000D-01 0.4343631000D+01 0.1727300000D+01 0.5017700000D+01 0.2455600000D+01
4 5320060907200610272453985.5-0.1354000000D+00-0.7000000000D-04 0.5148280000D+02 0.1255300000D+00 0.6060000000D-03 0.5220000000D-01 0.8647120000D+00 0.5872600000D+01 0.1541000000D+01 0.6170000000D+00 0.1190000000D-01-0.5000000000D-04 0.1441340000D+02 0.3503000000D-01 0.2920000000D-03 0.1530000000D-01 0.5972209000D+01 0.3326900000D+01 0.4290000000D-01 0.5755600000D+01
4 5420061027200612162454035.5-0.1445000000D+00-0.4200000000D-03 0.5469640000D+02 0.1208200000D+00 0.8170000000D-03 0.5520000000D-01 0.2475464000D+01 0.1817900000D+01 0.3884700000D+01 0.3918000000D+01 0.9900000000D-02-0.3000000000D-04 0.1357810000D+02 0.7250000000D-02 0.3750000000D-03 0.1370000000D-01 0.1348418000D+01 0.5793000000D+01 0.1477200000D+01 0.2715200000D+01
4 5520061216200702042454085.5-0.1578000000D+00-0.4200000000D-03 0.5974710000D+02 0.1125600000D+00 0.1092000000D-02 0.6050000000D-01 0.4149592000D+01 0.4325200000D+01 0.3976000000D+00 0.1007400000D+01 0.5900000000D-02-0.5000000000D-04 0.1438540000D+02 0.4021000000D-01 0.9400000000D-04 0.1910000000D-01 0.3035404000D+01 0.2979000000D+01 0.3737300000D+01 0.6089700000D+01
5 5620051231200602222453735.5 0.7900000000D-01 0.3200000000D-03 0.8759520000D+02 0.1483500000D+00 0.1752000000D-02 0.5670000000D-01 0.1289850000D+00 0.1023000000D+01 0.3320100000D+01 0.2976800000D+01-0.1260000000D-01-0.8000000000D-04 0.2858210000D+02 0.7872000000D-01 0.6010000000D-03 0.2070000000D-01 0.5183985000D+01 0.5455200000D+01 0.1996100000D+01 0.1685900000D+01
5 5720060222200604162453788.5 0.8800000000D-01 0.3000000000D-04 0.8787410000D+02 0.1362000000D+00 0.1522000000D-02 0.5550000000D-01 0.4802614000D+01 0.9060000000D+00 0.2814000000D+01 0.5899300000D+01-0.1340000000D-01 0.0000000000D+00 0.3092610000D+02 0.2017000000D-01 0.7400000000D-03 0.1880000000D-01 0.3546583000D+01 0.5040000000D+01 0.8789000000D+00 0.4676700000D+01
5 5820060416200606082453841.5 0.8500000000D-01-0.2200000000D-03 0.8099150000D+02 0.1659800000D+00 0.9330000000D-03 0.4750000000D-01 0.3140656000D+01 0.3612000000D+00 0.2024400000D+01 0.2495500000D+01-0.1220000000D-01-0.5000000000D-04 0.2919900000D+02 0.6944000000D-01 0.1980000000D-03 0.1740000000D-01 0.1875933000D+01 0.5287000000D+01 0.5876100000D+01 0.1272600000D+01
5 5920060608200607312453894.5 0.7250000000D-01-0.2400000000D-03 0.7412870000D+02 0.1812100000D+00 0.6420000000D-03 0.4440000000D-01 0.1392314000D+01 0.5530400000D+01 0.1074700000D+01 0.5296900000D+01-0.1340000000D-01 0.0000000000D+00 0.2535170000D+02 0.8541000000D-01 0.1450000000D-03 0.1440000000D-01 0.1459790000D+00 0.3738100000D+01 0.7865000000D+00 0.4072500000D+01
5 6020060731200609222453947.5 0.6010000000D-01-0.1700000000D-03 0.7115840000D+02 0.1756700000D+00 0.6920000000D-03 0.4480000000D-01 0.5879089000D+01 0.4231700000D+01 0.6154000000D+01 0.1783600000D+01-0.1370000000D-01 0.2000000000D-04 0.2168120000D+02 0.6996000000D-01 0.3020000000D-03 0.1250000000D-01 0.4674392000D+01 0.2002900000D+01 0.5219400000D+01 0.6038000000D+00
5 6120060922200611142454000.5 0.4800000000D-01 0.2000000000D-04 0.7283390000D+02 0.1687200000D+00 0.9320000000D-03 0.4910000000D-01 0.4083946000D+01 0.2991300000D+01 0.4953900000D+01 0.4590600000D+01-0.1210000000D-01-0.2000000000D-04 0.1915940000D+02 0.3806000000D-01 0.4560000000D-03 0.1180000000D-01 0.2934143000D+01 0.2423000000D+00 0.3162900000D+01 0.3453200000D+01
5 6220061114200701062454053.5 0.4380000000D-01 0.2600000000D-03 0.7878420000D+02 0.1679600000D+00 0.1301000000D-02 0.5270000000D-01 0.2333663000D+01 0.1969700000D+01 0.4152300000D+01 0.1180200000D+01-0.1290000000D-01 0.0000000000D+00 0.1859830000D+02 0.1812000000D-01 0.4670000000D-03 0.1290000000D-01 0.1227094000D+01 0.8731000000D+00 0.1375000000D+01 0.1047000000D+00
6 6320051231200601182453735.5 0.3109200000D+01 0.7380000000D-01 0.2030756000D+03 0.3626600000D+00 0.0000000000D+00 0.3015700000D+01 0.2429543000D+01 0.3641800000D+01 0.0000000000D+00 0.1324500000D+01-0.2274700000D+01 0.2310000000D-01 0.6623750000D+02 0.1324200000D+00 0.0000000000D+00 0.9735000000D+00 0.1189411000D+01 0.1663600000D+01 0.0000000000D+00 0.8460000000D-01
6 6420060118200602052453753.5 0.4324400000D+01-0.2695000000D-01 0.2061454000D+03 0.2778200000D+00 0.0000000000D+00 0.2972900000D+01 0.3267107000D+01 0.4912400000D+01 0.0000000000D+00 0.2967900000D+01-0.1872700000D+01-0.2696000000D-01 0.6851070000D+02 0.1377400000D+00 0.0000000000D+00 0.9980000000D+00 0.2018799000D+01 0.2406700000D+01 0.0000000000D+00 0.1685600000D+01
6 6520060205200602232453771.5 0.3401300000D+01 0.1042400000D+00 0.2049681000D+03 0.3271400000D+00 0.0000000000D+00 0.2959400000D+01 0.4102195000D+01 0.5818300000D+01 0.0000000000D+00 0.4581600000D+01-0.2452000000D+01 0.3988000000D-01 0.7036140000D+02 0.1178900000D+00 0.0000000000D+00 0.1051000000D+01 0.2837433000D+01 0.3964100000D+01 0.0000000000D+00 0.3320400000D+01
6 6620060223200603132453789.5 0.5553500000D+01-0.1348000000D+00 0.2041257000D+03 0.4600400000D+00 0.0000000000D+00 0.3039700000D+01 0.4930543000D+01 0.1125000000D+01 0.0000000000D+00 0.6225000000D+01-0.2178800000D+01 0.1967000000D-01 0.7127190000D+02 0.7517000000D-01 0.0000000000D+00 0.1047700000D+01 0.3665652000D+01 0.5500900000D+01 0.0000000000D+00 0.4967800000D+01
6 6720060313200603312453807.5 0.4021600000D+01 0.1973000000D-01 0.1992253000D+03 0.3499400000D+00 0.0000000000D+00 0.2944200000D+01 0.5764541000D+01 0.2443500000D+01 0.0000000000D+00 0.1602700000D+01-0.1619600000D+01-0.4158000000D-01 0.7128770000D+02 0.1325600000D+00 0.0000000000D+00 0.1065700000D+01 0.4485964000D+01 0.1093800000D+01 0.0000000000D+00 0.2995000000D+00
6 6820060331200604182453825.5 0.3728700000D+01 0.5149000000D-01 0.1935582000D+03 0.3820200000D+00 0.0000000000D+00 0.2867900000D+01 0.2991340000D+00 0.3623300000D+01 0.0000000000D+00 0.3217500000D+01-0.2248400000D+01 0.3273000000D-01 0.6931640000D+02 0.1150900000D+00 0.0000000000D+00 0.1050000000D+01 0.5308475000D+01 0.2430700000D+01 0.0000000000D+00 0.1958300000D+01
6 6920060418200605062453843.5 0.4855000000D+01-0.9519000000D-01 0.1860499000D+03 0.2687600000D+00 0.0000000000D+00 0.2792700000D+01 0.1105067000D+01 0.4641600000D+01 0.0000000000D+00 0.4857700000D+01-0.1599600000D+01-0.3297000000D-01 0.6680300000D+02 0.1468500000D+00 0.0000000000D+00 0.9723000000D+00 0.6106912000D+01 0.2918700000D+01 0.0000000000D+00 0.3588100000D+01
6 7020060506200605242453861.5 0.2782400000D+01 0.1157000000D+00 0.1814574000D+03 0.4242600000D+00 0.0000000000D+00 0.2576500000D+01 0.1894172000D+01 0.5326100000D+01 0.0000000000D+00 0.1849000000D+00-0.1873900000D+01 0.8400000000D-03 0.6420080000D+02 0.1801800000D+00 0.0000000000D+00 0.9243000000D+00 0.6266260000D+00 0.3976000000D+01 0.0000000000D+00 0.5175200000D+01
6 7120060524200606112453879.5 0.4322700000D+01-0.7840000000D-01 0.1759321000D+03 0.4441900000D+00 0.0000000000D+00 0.2491400000D+01 0.2691148000D+01 0.4279000000D+00 0.0000000000D+00 0.1732300000D+01-0.2155000000D+01 0.4391000000D-01 0.6144370000D+02 0.2257200000D+00 0.0000000000D+00 0.8597000000D+00 0.1418929000D+01 0.4814700000D+01 0.0000000000D+00 0.5147000000D+00
6 7220060611200606292453897.5 0.3977400000D+01-0.8917000000D-01 0.1715010000D+03 0.4560200000D+00 0.0000000000D+00 0.2432000000D+01 0.3470511000D+01 0.1378600000D+01 0.0000000000D+00 0.3324800000D+01-0.1384100000D+01-0.3539000000D-01 0.5793570000D+02 0.1878600000D+00 0.0000000000D+00 0.7944000000D+00 0.2218475000D+01 0.5957400000D+01 0.0000000000D+00 0.2064100000D+01
6 7320060629200607172453915.5 0.2161900000D+01 0.8272000000D-01 0.1666756000D+03 0.3529300000D+00 0.0000000000D+00 0.2367100000D+01 0.4244008000D+01 0.2619800000D+01 0.0000000000D+00 0.4865000000D+01-0.1808400000D+01 0.1410000000D-01 0.5478380000D+02 0.1626100000D+00 0.0000000000D+00 0.7841000000D+00 0.2996514000D+01 0.2426000000D+00 0.0000000000D+00 0.3642500000D+01
6 7420060717200608042453933.5 0.3447400000D+01-0.8778000000D-01 0.1658143000D+03 0.3292800000D+00 0.0000000000D+00 0.2452000000D+01 0.5008194000D+01 0.3111900000D+01 0.0000000000D+00 0.1536000000D+00-0.1646600000D+01 0.2320000000D-02 0.5204160000D+02 0.1582000000D+00 0.0000000000D+00 0.7490000000D+00 0.3782594000D+01 0.1078800000D+01 0.0000000000D+00 0.5245900000D+01
6 7520060804200608222453951.5 0.2060900000D+01 0.3424000000D-01 0.1648773000D+03 0.4104600000D+00 0.0000000000D+00 0.2457200000D+01 0.5783887000D+01 0.4237500000D+01 0.0000000000D+00 0.1763300000D+01-0.1561300000D+01-0.2820000000D-02 0.4950420000D+02 0.1453900000D+00 0.0000000000D+00 0.7174000000D+00 0.4567487000D+01 0.1859500000D+01 0.0000000000D+00 0.5517000000D+00
6 7620060822200609092453969.5 0.2085600000D+01 0.1145000000D-01 0.1651881000D+03 0.3845200000D+00 0.0000000000D+00 0.2455500000D+01 0.2684000000D+00 0.5187100000D+01 0.0000000000D+00 0.3339500000D+01-0.1833600000D+01 0.3475000000D-01 0.4710190000D+02 0.1137600000D+00 0.0000000000D+00 0.7041000000D+00 0.5360624000D+01 0.2933700000D+01 0.0000000000D+00 0.2173700000D+01
6 7720060909200609272453987.5 0.2651800000D+01-0.8013000000D-01 0.1660736000D+03 0.3826400000D+00 0.0000000000D+00 0.2513300000D+01 0.1039174000D+01 0.8180000000D-01 0.0000000000D+00 0.4943700000D+01-0.1307300000D+01-0.1897000000D-01 0.4511700000D+02 0.7243000000D-01 0.0000000000D+00 0.6554000000D+00 0.6140284000D+01 0.3243600000D+01 0.0000000000D+00 0.3803900000D+01
6 7820060927200610152454005.5 0.1118200000D+01 0.6981000000D-01 0.1700597000D+03 0.2800400000D+00 0.0000000000D+00 0.2475700000D+01 0.1809009000D+01 0.8014000000D+00 0.0000000000D+00 0.2591000000D+00-0.1570100000D+01 0.1207000000D-01 0.4395140000D+02 0.6886000000D-01 0.0000000000D+00 0.6318000000D+00 0.6541320000D+00 0.4299300000D+01 0.0000000000D+00 0.5383100000D+01
6 7920061015200611022454023.5 0.2581400000D+01-0.1145800000D+00 0.1738946000D+03 0.4432300000D+00 0.0000000000D+00 0.2515100000D+01 0.2598699000D+01 0.1756200000D+01 0.0000000000D+00 0.1808800000D+01-0.1488300000D+01 0.6560000000D-02 0.4302410000D+02 0.3507000000D-01 0.0000000000D+00 0.6304000000D+00 0.1451723000D+01 0.5445000000D+01 0.0000000000D+00 0.7058000000D+00
6 8020061102200611202454041.5 0.1197800000D+01 0.1752000000D-01 0.1783272000D+03 0.3934100000D+00 0.0000000000D+00 0.2672700000D+01 0.3380101000D+01 0.3027500000D+01 0.0000000000D+00 0.3407500000D+01-0.1121700000D+01-0.3909000000D-01 0.4263930000D+02 0.6536000000D-01 0.0000000000D+00 0.6141000000D+00 0.2260308000D+01 0.1473900000D+01 0.0000000000D+00 0.2282800000D+01
6 8120061120200612082454059.5 0.4116000000D+00 0.1210800000D+00 0.1834850000D+03 0.4619900000D+00 0.0000000000D+00 0.2733000000D+01 0.4175758000D+01 0.4192300000D+01 0.0000000000D+00 0.5001000000D+01-0.1676500000D+01 0.1626000000D-01 0.4302100000D+02 0.8318000000D-01 0.0000000000D+00 0.6521000000D+00 0.3052347000D+01 0.3219200000D+01 0.0000000000D+00 0.3857500000D+01
6 8220061208200612262454077.5 0.2617100000D+01-0.1148600000D+00 0.1913760000D+03 0.2842100000D+00 0.0000000000D+00 0.2959900000D+01 0.4975061000D+01 0.5627300000D+01 0.0000000000D+00 0.3226000000D+00-0.1390700000D+01-0.2108000000D-01 0.4466460000D+02 0.9451000000D-01 0.0000000000D+00 0.6906000000D+00 0.3862269000D+01 0.3824100000D+01 0.0000000000D+00 0.5499500000D+01
6 8320061226200701132454095.5 0.8586000000D+00 0.9071000000D-01 0.1969563000D+03 0.2724800000D+00 0.0000000000D+00 0.3088100000D+01 0.5801450000D+01 0.6157400000D+01 0.0000000000D+00 0.1993700000D+01-0.1561800000D+01-0.1194000000D-01 0.4661650000D+02 0.1279200000D+00 0.0000000000D+00 0.7175000000D+00 0.4672060000D+01 0.4735800000D+01 0.0000000000D+00 0.8403000000D+00
7 8420051231200601122453735.5-0.7833940000D+02 0.7496540000D+01 0.1937270000D+03 0.1560642000D+02 0.0000000000D+00 0.3516000000D+00 0.4436124000D+01 0.2602300000D+01 0.0000000000D+00 0.3471400000D+01-0.2047010000D+02-0.7786000000D-01 0.6644740000D+02 0.5681420000D+01 0.0000000000D+00 0.2310000000D+00 0.3234274000D+01 0.1367900000D+01 0.0000000000D+00 0.1368300000D+01
7 8520060112200601242453747.5 0.1521330000D+02-0.1134579000D+02 0.2062403000D+03 0.9004940000D+01 0.0000000000D+00 0.3257700000D+01 0.1586277000D+01 0.5808200000D+01 0.0000000000D+00 0.8136000000D+00 0.2316480000D+02-0.4458400000D+01 0.7420590000D+02 0.3652650000D+01 0.0000000000D+00 0.5980000000D+00 0.1166740000D+00 0.3991700000D+01 0.0000000000D+00 0.6219100000D+01
7 8620060124200602052453759.5-0.7989440000D+02 0.1272309000D+02 0.1628206000D+03 0.1289507000D+02 0.0000000000D+00 0.1581700000D+01 0.5323825000D+01 0.3898600000D+01 0.0000000000D+00 0.5962300000D+01-0.3848900000D+02 0.3398220000D+01 0.5883010000D+02 0.3460460000D+01 0.0000000000D+00 0.8060000000D+00 0.3807516000D+01 0.2207100000D+01 0.0000000000D+00 0.5304600000D+01
7 8720060205200602172453771.5-0.7403220000D+02 0.2093990000D+01 0.2597307000D+03 0.1772227000D+02 0.0000000000D+00 0.5641000000D+00 0.2463101000D+01 0.2158000000D+00 0.0000000000D+00 0.4610000000D+01 0.1621900000D+01-0.2669780000D+01 0.7689190000D+02 0.4909430000D+01 0.0000000000D+00 0.1486000000D+00 0.1214693000D+01 0.5294800000D+01 0.0000000000D+00 0.1648500000D+01
7 8820060217200603012453783.5 0.3334040000D+02-0.3497850000D+01 0.2246073000D+03 0.1172115000D+02 0.0000000000D+00 0.5217300000D+01 0.5883003000D+01 0.3960700000D+01 0.0000000000D+00 0.2358800000D+01-0.3015800000D+02 0.4078410000D+01 0.6035430000D+02 0.2852290000D+01 0.0000000000D+00 0.1269800000D+01 0.4684576000D+01 0.3139100000D+01 0.0000000000D+00 0.1075600000D+01
7 8920060301200603132453795.5-0.7465860000D+02 0.3929710000D+01 0.2299826000D+03 0.1748220000D+02 0.0000000000D+00 0.9237000000D+00 0.3367363000D+01 0.1244300000D+01 0.0000000000D+00 0.1176000000D+00-0.1143140000D+02-0.1311100000D+01 0.7717980000D+02 0.5941710000D+01 0.0000000000D+00 0.2892000000D+00 0.2159255000D+01 0.7050000000D-01 0.0000000000D+00 0.5549100000D+01
7 9020060313200603252453807.5 0.4219990000D+02-0.7797270000D+01 0.2110055000D+03 0.1037601000D+02 0.0000000000D+00 0.5039500000D+01 0.4620270000D+00 0.4773000000D+01 0.0000000000D+00 0.4357700000D+01-0.8255800000D+01 0.1558100000D+01 0.7291230000D+02 0.4017990000D+01 0.0000000000D+00 0.1873300000D+01 0.5603970000D+01 0.3775600000D+01 0.0000000000D+00 0.3201900000D+01
7 9120060325200604062453819.5-0.7308770000D+02 0.6236350000D+01 0.1936386000D+03 0.1531603000D+02 0.0000000000D+00 0.3616000000D+00 0.4221755000D+01 0.2291700000D+01 0.0000000000D+00 0.1860300000D+01-0.1803090000D+02-0.5269400000D+00 0.7128010000D+02 0.5923570000D+01 0.0000000000D+00 0.2766000000D+00 0.3009318000D+01 0.1073300000D+01 0.0000000000D+00 0.7343000000D+00
7 9220060406200604182453831.5 0.4412980000D+02-0.1350015000D+02 0.1736954000D+03 0.6023550000D+01 0.0000000000D+00 0.3333000000D+01 0.1310594000D+01 0.5581100000D+01 0.0000000000D+00 0.4495000000D+00 0.1840020000D+02-0.3009610000D+01 0.7613990000D+02 0.3784430000D+01 0.0000000000D+00 0.6992000000D+00 0.6225173000D+01 0.3929300000D+01 0.0000000000D+00 0.5138100000D+01
7 9320060418200604302453843.5-0.7868050000D+02 0.1132497000D+02 0.1477352000D+03 0.1135343000D+02 0.0000000000D+00 0.1269100000D+01 0.5081795000D+01 0.3561100000D+01 0.0000000000D+00 0.5502400000D+01-0.3041670000D+02 0.1875750000D+01 0.6110910000D+02 0.4252420000D+01 0.0000000000D+00 0.4155000000D+00 0.3671577000D+01 0.1927500000D+01 0.0000000000D+00 0.5199300000D+01
7 9420060430200605122453855.5-0.5154220000D+02-0.4531400000D+00 0.2255667000D+03 0.1475174000D+02 0.0000000000D+00 0.6790000000D-01 0.2235157000D+01 0.6279400000D+01 0.0000000000D+00 0.2457400000D+01 0.9181500000D+01-0.3045870000D+01 0.6831440000D+02 0.3983670000D+01 0.0000000000D+00 0.3160000000D+00 0.9065370000D+00 0.4926100000D+01 0.0000000000D+00 0.1243600000D+01
7 9520060512200605242453867.5 0.1760300000D+01 0.1539190000D+01 0.1842830000D+03 0.1066662000D+02 0.0000000000D+00 0.3431800000D+01 0.5729393000D+01 0.3952400000D+01 0.0000000000D+00 0.2015800000D+01-0.3443600000D+02 0.4411190000D+01 0.4847870000D+02 0.1979190000D+01 0.0000000000D+00 0.9213000000D+00 0.4371580000D+01 0.2913700000D+01 0.0000000000D+00 0.3744000000D+00
7 9620060524200606052453879.5-0.6467940000D+02 0.2559300000D+01 0.2039024000D+03 0.1530481000D+02 0.0000000000D+00 0.8209000000D+00 0.3090314000D+01 0.9382000000D+00 0.0000000000D+00 0.6030500000D+01-0.4794300000D+01-0.1489550000D+01 0.6502380000D+02 0.4819960000D+01 0.0000000000D+00 0.1916000000D+00 0.1887390000D+01 0.6048700000D+01 0.0000000000D+00 0.5056400000D+01
7 9720060605200606172453891.5 0.3412110000D+02-0.5475260000D+01 0.1871149000D+03 0.9745960000D+01 0.0000000000D+00 0.4345600000D+01 0.1738060000D+00 0.4480400000D+01 0.0000000000D+00 0.3822000000D+01-0.1029960000D+02 0.1792440000D+01 0.5874600000D+02 0.3199520000D+01 0.0000000000D+00 0.1432400000D+01 0.5325389000D+01 0.3487700000D+01 0.0000000000D+00 0.2699000000D+01
7 9820060617200606292453903.5-0.6751600000D+02 0.4671290000D+01 0.1746196000D+03 0.1384248000D+02 0.0000000000D+00 0.5036000000D+00 0.3902438000D+01 0.1923500000D+01 0.0000000000D+00 0.1204000000D+01-0.1053820000D+02-0.8485900000D+00 0.5753540000D+02 0.4720080000D+01 0.0000000000D+00 0.2373000000D+00 0.2740611000D+01 0.7718000000D+00 0.0000000000D+00 0.3379000000D+00
7 9920060629200607112453915.5 0.5183390000D+02-0.1261387000D+02 0.1544675000D+03 0.5299530000D+01 0.0000000000D+00 0.2507200000D+01 0.8985130000D+00 0.5042100000D+01 0.0000000000D+00 0.6203700000D+01 0.8629700000D+01-0.9616200000D+00 0.6056510000D+02 0.3147320000D+01 0.0000000000D+00 0.8109000000D+00 0.6028295000D+01 0.3884200000D+01 0.0000000000D+00 0.4468000000D+01
710020060711200607232453927.5-0.7783920000D+02 0.9306540000D+01 0.1366791000D+03 0.1002862000D+02 0.0000000000D+00 0.9634000000D+00 0.4676021000D+01 0.3059900000D+01 0.0000000000D+00 0.5236700000D+01-0.1824780000D+02 0.4966000000D+00 0.5028570000D+02 0.3848330000D+01 0.0000000000D+00 0.1361000000D+00 0.3448891000D+01 0.1653300000D+01 0.0000000000D+00 0.5208900000D+01
710120060723200608042453939.5-0.2520220000D+02-0.4015530000D+01 0.1921179000D+03 0.1183237000D+02 0.0000000000D+00 0.6773000000D+00 0.1894554000D+01 0.5991500000D+01 0.0000000000D+00 0.1099700000D+01 0.1273230000D+02-0.2666300000D+01 0.5367650000D+02 0.3024530000D+01 0.0000000000D+00 0.2975000000D+00 0.5286760000D+00 0.4488000000D+01 0.0000000000D+00 0.9841000000D+00
710220060804200608162453951.5-0.3527730000D+02 0.6354440000D+01 0.1525488000D+03 0.9652600000D+01 0.0000000000D+00 0.2092200000D+01 0.5445625000D+01 0.3851500000D+01 0.0000000000D+00 0.1499200000D+01-0.2898720000D+02 0.3456230000D+01 0.3860000000D+02 0.1444540000D+01 0.0000000000D+00 0.7649000000D+00 0.3983633000D+01 0.2389600000D+01 0.0000000000D+00 0.6109800000D+01
710320060816200608282453963.5-0.5827360000D+02 0.9424200000D+00 0.1960443000D+03 0.1462951000D+02 0.0000000000D+00 0.7460000000D+00 0.2719855000D+01 0.5649000000D+00 0.0000000000D+00 0.5731700000D+01 0.5603000000D+00-0.1421010000D+01 0.5024690000D+02 0.3611570000D+01 0.0000000000D+00 0.1110000000D+00 0.1547879000D+01 0.5693200000D+01 0.0000000000D+00 0.4531300000D+01
710420060828200609092453975.5 0.2298360000D+02-0.3275560000D+01 0.1853375000D+03 0.1009418000D+02 0.0000000000D+00 0.4260700000D+01 0.6089345000D+01 0.4132400000D+01 0.0000000000D+00 0.3269400000D+01-0.1117750000D+02 0.1812370000D+01 0.4450200000D+02 0.2351110000D+01 0.0000000000D+00 0.1055800000D+01 0.4990265000D+01 0.3177200000D+01 0.0000000000D+00 0.2207700000D+01
710520060909200609212453987.5-0.6817930000D+02 0.3296870000D+01 0.1795735000D+03 0.1436098000D+02 0.0000000000D+00 0.6736000000D+00 0.3515421000D+01 0.1510200000D+01 0.0000000000D+00 0.7764000000D+00-0.4773700000D+01-0.9532100000D+00 0.4528810000D+02 0.3671020000D+01 0.0000000000D+00 0.1839000000D+00 0.2423080000D+01 0.4417000000D+00 0.0000000000D+00 0.1440000000D-01
710620060921200610032453999.5 0.5179150000D+02-0.1108672000D+02 0.1716190000D+03 0.7087370000D+01 0.0000000000D+00 0.2369900000D+01 0.4812840000D+00 0.4589000000D+01 0.0000000000D+00 0.5370800000D+01 0.1466400000D+01 0.3415100000D+00 0.4696470000D+02 0.2503220000D+01 0.0000000000D+00 0.8594000000D+00 0.5796684000D+01 0.3812900000D+01 0.0000000000D+00 0.4056300000D+01
710720061003200610152454011.5-0.8238030000D+02 0.7631760000D+01 0.1543261000D+03 0.1146078000D+02 0.0000000000D+00 0.6197000000D+00 0.4251807000D+01 0.2519100000D+01 0.0000000000D+00 0.5002400000D+01-0.1011690000D+02-0.2780900000D+00 0.4171740000D+02 0.3412120000D+01 0.0000000000D+00 0.2850000000D-01 0.3196927000D+01 0.1394200000D+01 0.0000000000D+00 0.1212100000D+01
710820061015200610272454023.5 0.2865300000D+01-0.8321910000D+01 0.1861896000D+03 0.1009772000D+02 0.0000000000D+00 0.1403100000D+01 0.1467926000D+01 0.5600000000D+01 0.0000000000D+00 0.8966000000D+00 0.1383370000D+02-0.2294200000D+01 0.4701370000D+02 0.2657260000D+01 0.0000000000D+00 0.2283000000D+00 0.1627220000D+00 0.4093400000D+01 0.0000000000D+00 0.6179000000D+00
710920061027200611082454035.5-0.7626500000D+02 0.1116529000D+02 0.1425663000D+03 0.9226800000D+01 0.0000000000D+00 0.1639800000D+01 0.5062327000D+01 0.3677900000D+01 0.0000000000D+00 0.4949000000D+00-0.2379540000D+02 0.2549980000D+01 0.3603490000D+02 0.1580540000D+01 0.0000000000D+00 0.6796000000D+00 0.3659956000D+01 0.1956700000D+01 0.0000000000D+00 0.5697100000D+01
711020061108200611202454047.5-0.5485670000D+02-0.8583400000D+00 0.2180238000D+03 0.1592297000D+02 0.0000000000D+00 0.6706000000D+00 0.2347671000D+01 0.1910000000D+00 0.0000000000D+00 0.5439900000D+01 0.3848300000D+01-0.1506550000D+01 0.4495520000D+02 0.3126740000D+01 0.0000000000D+00 0.6040000000D-01 0.1193280000D+01 0.5325500000D+01 0.0000000000D+00 0.3856200000D+01
711120061120200612022454059.5 0.9352500000D+01-0.9915500000D+00 0.2088978000D+03 0.1161606000D+02 0.0000000000D+00 0.4840800000D+01 0.5741094000D+01 0.3824700000D+01 0.0000000000D+00 0.2700200000D+01-0.1338930000D+02 0.2047040000D+01 0.3981020000D+02 0.2000030000D+01 0.0000000000D+00 0.9123000000D+00 0.4631354000D+01 0.2879800000D+01 0.0000000000D+00 0.1630900000D+01
711220061202200612142454071.5-0.7346530000D+02 0.2131810000D+01 0.2116193000D+03 0.1686227000D+02 0.0000000000D+00 0.9078000000D+00 0.3166460000D+01 0.1132000000D+01 0.0000000000D+00 0.3771000000D+00-0.2561500000D+01-0.1057580000D+01 0.4461880000D+02 0.3586370000D+01 0.0000000000D+00 0.1856000000D+00 0.2088924000D+01 0.8940000000D-01 0.0000000000D+00 0.5933300000D+01
711320061214200612262454083.5 0.4215280000D+02-0.8264110000D+01 0.2123195000D+03 0.1022338000D+02 0.0000000000D+00 0.3752600000D+01 0.1979970000D+00 0.4421300000D+01 0.0000000000D+00 0.4578000000D+01-0.3828800000D+01 0.1280070000D+01 0.4510780000D+02 0.2445980000D+01 0.0000000000D+00 0.1043000000D+01 0.5526115000D+01 0.3720500000D+01 0.0000000000D+00 0.3613900000D+01
711420061226200701072454095.5-0.8798990000D+02 0.5886190000D+01 0.1939593000D+03 0.1516252000D+02 0.0000000000D+00 0.5850000000D-01 0.3944156000D+01 0.2112300000D+01 0.0000000000D+00 0.4204800000D+01-0.7689500000D+01-0.6894300000D+00 0.4516260000D+02 0.3851350000D+01 0.0000000000D+00 0.1478000000D+00 0.2904440000D+01 0.1086000000D+01 0.0000000000D+00 0.1304900000D+01
811520051231200602052453735.5 0.4620210000D+02-0.1587990000D+01 0.6277518000D+03 0.0000000000D+00 0.0000000000D+00 0.6405600000D+01 0.5368806000D+01 0.0000000000D+00 0.0000000000D+00 0.2346000000D+00 0.4336000000D+01 0.1021800000D+00 0.4579500000D+02 0.0000000000D+00 0.0000000000D+00 0.7412000000D+00 0.4140198000D+01 0.0000000000D+00 0.0000000000D+00 0.1129600000D+01
811620060205200603132453771.5 0.2297810000D+02 0.5938800000D+00 0.6060026000D+03 0.0000000000D+00 0.0000000000D+00 0.1165720000D+02 0.2010528000D+01 0.0000000000D+00 0.0000000000D+00 0.2907000000D+00 0.6720000000D-01-0.1949600000D+00 0.5347740000D+02 0.0000000000D+00 0.0000000000D+00 0.2239200000D+01 0.8315290000D+00 0.0000000000D+00 0.0000000000D+00 0.5402600000D+01
811720060313200604182453807.5 0.1035950000D+02-0.2654100000D+00 0.5703367000D+03 0.0000000000D+00 0.0000000000D+00 0.1167420000D+02 0.4899733000D+01 0.0000000000D+00 0.0000000000D+00 0.5378800000D+01 0.2160500000D+01-0.1472700000D+00 0.5781060000D+02 0.0000000000D+00 0.0000000000D+00 0.9338000000D+00 0.3859743000D+01 0.0000000000D+00 0.0000000000D+00 0.3738700000D+01
811820060418200605242453843.5 0.3622190000D+02 0.1473000000D-01 0.5277362000D+03 0.0000000000D+00 0.0000000000D+00 0.4257200000D+01 0.1456387000D+01 0.0000000000D+00 0.0000000000D+00 0.4693800000D+01-0.7004900000D+01 0.5388200000D+00 0.5224870000D+02 0.0000000000D+00 0.0000000000D+00 0.7060000000D+00 0.5631660000D+00 0.0000000000D+00 0.0000000000D+00 0.3795800000D+01
811920060524200606292453879.5 0.5270800000D+01-0.1221800000D+00 0.4966234000D+03 0.0000000000D+00 0.0000000000D+00 0.9828300000D+01 0.4256983000D+01 0.0000000000D+00 0.0000000000D+00 0.4813400000D+01 0.9024400000D+01-0.5746100000D+00 0.3821630000D+02 0.0000000000D+00 0.0000000000D+00 0.1066800000D+01 0.3401213000D+01 0.0000000000D+00 0.0000000000D+00 0.3694400000D+01
812020060629200608042453915.5 0.4232210000D+02-0.6257900000D+00 0.4711635000D+03 0.0000000000D+00 0.0000000000D+00 0.7364600000D+01 0.7242450000D+00 0.0000000000D+00 0.0000000000D+00 0.3115900000D+01-0.9649300000D+01 0.4604000000D+00 0.2145140000D+02 0.0000000000D+00 0.0000000000D+00 0.7072000000D+00 0.6114566000D+01 0.0000000000D+00 0.0000000000D+00 0.2758000000D+00
812120060804200609092453951.5-0.1231580000D+02 0.8099700000D+00 0.4709361000D+03 0.0000000000D+00 0.0000000000D+00 0.6968900000D+01 0.3479040000D+01 0.0000000000D+00 0.0000000000D+00 0.3546900000D+01 0.1147670000D+02-0.4360800000D+00 0.6217200000D+01 0.0000000000D+00 0.0000000000D+00 0.9615000000D+00 0.2354961000D+01 0.0000000000D+00 0.0000000000D+00 0.2614100000D+01
812220060909200610152453987.5 0.4648100000D+02-0.9031100000D+00 0.4883645000D+03 0.0000000000D+00 0.0000000000D+00 0.9737800000D+01 0.6247834000D+01 0.0000000000D+00 0.0000000000D+00 0.2199700000D+01-0.1383780000D+02 0.4529900000D+00 0.1084470000D+02 0.0000000000D+00 0.0000000000D+00 0.8573000000D+00 0.2580443000D+01 0.0000000000D+00 0.0000000000D+00 0.4974000000D+01
812320061015200611202454023.5-0.8735500000D+01 0.6540800000D+00 0.5207244000D+03 0.0000000000D+00 0.0000000000D+00 0.5893500000D+01 0.2775938000D+01 0.0000000000D+00 0.0000000000D+00 0.1295200000D+01 0.6954700000D+01-0.2042300000D+00 0.2032550000D+02 0.0000000000D+00 0.0000000000D+00 0.5067000000D+00 0.5546265000D+01 0.0000000000D+00 0.0000000000D+00 0.2802300000D+01
812420061120200612262454059.5 0.4723900000D+02-0.1178140000D+01 0.5690036000D+03 0.0000000000D+00 0.0000000000D+00 0.9316300000D+01 0.5601867000D+01 0.0000000000D+00 0.0000000000D+00 0.1481300000D+01-0.1284700000D+01 0.4154000000D-01 0.2448500000D+02 0.0000000000D+00 0.0000000000D+00 0.6494000000D+00 0.2265847000D+01 0.0000000000D+00 0.0000000000D+00 0.6182600000D+01
812520061226200701312454095.5-0.1062340000D+02 0.1417260000D+01 0.6076168000D+03 0.0000000000D+00 0.0000000000D+00 0.1255610000D+02 0.2205093000D+01 0.0000000000D+00 0.0000000000D+00 0.4426000000D+00-0.2197100000D+01-0.1403700000D+00 0.2539630000D+02 0.0000000000D+00 0.0000000000D+00 0.1584500000D+01 0.5407400000D+01 0.0000000000D+00 0.0000000000D+00 0.3895100000D+01
