 7 5    2   18   22   26   31  4.4880  2.4930  1.5162  0.7217  0.4667 24.0 110.0 100.0 75.0 75.0   35 2454831.5000 2009                                                                                                                                                                                                                                                          
1  220081231200901242454831.4 0.5100000000D-02-0.9000000000D-04 0.2462600000D+01 0.1212100000D+00 0.2395000000D-02 0.1100000000D-02 0.2324014000D+01 0.7067000000D+00 0.4938500000D+01 0.5497900000D+01-0.2100000000D-01 0.3600000000D-03 0.8515600000D+01 0.3987900000D+00 0.7505000000D-02 0.3700000000D-02 0.5851102000D+01 0.4208200000D+01 0.2141700000D+01 0.3063700000D+01
1  320090124200902172454855.4 0.5000000000D-02-0.8000000000D-04 0.2487600000D+01 0.1245400000D+00 0.2489000000D-02 0.1400000000D-02 0.2144428000D+01 0.5401000000D+00 0.4770700000D+01 0.5010100000D+01-0.2070000000D-01 0.3600000000D-03 0.8365500000D+01 0.3898700000D+00 0.7313000000D-02 0.3600000000D-02 0.5718744000D+01 0.4081800000D+01 0.2021500000D+01 0.2552400000D+01
1  420090217200903132454879.4 0.4800000000D-02-0.7000000000D-04 0.2549600000D+01 0.1284400000D+00 0.2581000000D-02 0.1800000000D-02 0.1955189000D+01 0.3643000000D+00 0.4596400000D+01 0.4632200000D+01-0.2080000000D-01 0.3700000000D-03 0.8264900000D+01 0.3835600000D+00 0.7187000000D-02 0.3800000000D-02 0.5591663000D+01 0.3963000000D+01 0.1910200000D+01 0.2165400000D+01
1  520090313200904062454903.4 0.4500000000D-02-0.4000000000D-04 0.2645600000D+01 0.1327000000D+00 0.2668000000D-02 0.2300000000D-02 0.1765983000D+01 0.1871000000D+00 0.4423500000D+01 0.4360800000D+01-0.2080000000D-01 0.3700000000D-03 0.8223100000D+01 0.3804200000D+00 0.7142000000D-02 0.4700000000D-02 0.5469391000D+01 0.3850800000D+01 0.1805600000D+01 0.1725300000D+01
1  620090406200904302454927.4 0.4100000000D-02-0.1000000000D-04 0.2768200000D+01 0.1371600000D+00 0.2744000000D-02 0.2500000000D-02 0.1585114000D+01 0.1390000000D-01 0.4255100000D+01 0.4207800000D+01-0.2060000000D-01 0.3500000000D-03 0.8243900000D+01 0.3807000000D+00 0.7178000000D-02 0.5100000000D-02 0.5351064000D+01 0.3742400000D+01 0.1704700000D+01 0.1534300000D+01
1  720090430200905242454951.4 0.3900000000D-02 0.1000000000D-04 0.2904500000D+01 0.1414500000D+00 0.2807000000D-02 0.3000000000D-02 0.1417673000D+01 0.6132200000D+01 0.4093800000D+01 0.4028900000D+01-0.2070000000D-01 0.3300000000D-03 0.8324000000D+01 0.3845700000D+00 0.7295000000D-02 0.6200000000D-02 0.5235253000D+01 0.3635200000D+01 0.1602100000D+01 0.1316600000D+01
1  820090524200906172454975.4 0.3600000000D-02 0.5000000000D-04 0.3039000000D+01 0.1450500000D+00 0.2844000000D-02 0.2900000000D-02 0.1266068000D+01 0.5976800000D+01 0.3940200000D+01 0.3894700000D+01-0.2010000000D-01 0.2800000000D-03 0.8451200000D+01 0.3912500000D+00 0.7480000000D-02 0.6700000000D-02 0.5119873000D+01 0.3526200000D+01 0.1495900000D+01 0.1131500000D+01
1  920090617200907112454999.4 0.3500000000D-02 0.7000000000D-04 0.3153800000D+01 0.1474500000D+00 0.2852000000D-02 0.2900000000D-02 0.1131089000D+01 0.5832300000D+01 0.3794500000D+01 0.3739600000D+01-0.1970000000D-01 0.2200000000D-03 0.8609700000D+01 0.4002600000D+00 0.7710000000D-02 0.7000000000D-02 0.5003304000D+01 0.3412300000D+01 0.1380900000D+01 0.1002000000D+01
1 1020090711200908042455023.4 0.3500000000D-02 0.1000000000D-03 0.3232500000D+01 0.1481500000D+00 0.2823000000D-02 0.2700000000D-02 0.1011727000D+01 0.5698900000D+01 0.3658800000D+01 0.3580600000D+01-0.1890000000D-01 0.1300000000D-03 0.8774800000D+01 0.4100000000D+00 0.7959000000D-02 0.7800000000D-02 0.4883217000D+01 0.3291200000D+01 0.1256200000D+01 0.8336000000D+00
1 1120090804200908282455047.4 0.3500000000D-02 0.1100000000D-03 0.3262600000D+01 0.1470900000D+00 0.2763000000D-02 0.2400000000D-02 0.9061440000D+00 0.5577000000D+01 0.3533800000D+01 0.3354000000D+01-0.1780000000D-01 0.3000000000D-04 0.8917900000D+01 0.4190700000D+00 0.8174000000D-02 0.7400000000D-02 0.4758413000D+01 0.3161000000D+01 0.1119400000D+01 0.6573000000D+00
1 1220090828200909212455071.4 0.3600000000D-02 0.1300000000D-03 0.3241900000D+01 0.1445900000D+00 0.2689000000D-02 0.2100000000D-02 0.8107660000D+00 0.5467000000D+01 0.3423500000D+01 0.3155200000D+01-0.1660000000D-01-0.7000000000D-04 0.9011200000D+01 0.4253800000D+00 0.8317000000D-02 0.7500000000D-02 0.4627849000D+01 0.3021900000D+01 0.9729000000D+00 0.5193000000D+00
1 1320090921200910152455095.4 0.3500000000D-02 0.1400000000D-03 0.3179900000D+01 0.1416200000D+00 0.2625000000D-02 0.1800000000D-02 0.7197470000D+00 0.5366100000D+01 0.3324200000D+01 0.2859300000D+01-0.1510000000D-01-0.2000000000D-03 0.9031400000D+01 0.4276700000D+00 0.8347000000D-02 0.7200000000D-02 0.4491851000D+01 0.2875600000D+01 0.8188000000D+00 0.3074000000D+00
1 1420091015200911082455119.4 0.3400000000D-02 0.1500000000D-03 0.3096000000D+01 0.1392300000D+00 0.2597000000D-02 0.1500000000D-02 0.6253690000D+00 0.5268700000D+01 0.3229800000D+01 0.2479800000D+01-0.1380000000D-01-0.3000000000D-03 0.8973400000D+01 0.4250800000D+00 0.8255000000D-02 0.6000000000D-02 0.4351712000D+01 0.2725200000D+01 0.6631000000D+00 0.9230000000D-01
1 1520091108200912022455143.4 0.3200000000D-02 0.1700000000D-03 0.3013000000D+01 0.1381800000D+00 0.2614000000D-02 0.1400000000D-02 0.5187150000D+00 0.5165400000D+01 0.3127200000D+01 0.2234500000D+01-0.1250000000D-01-0.4000000000D-03 0.8846300000D+01 0.4183800000D+00 0.8068000000D-02 0.5600000000D-02 0.4209648000D+01 0.2575600000D+01 0.5100000000D+00 0.6197300000D+01
1 1620091202200912262455167.4 0.3100000000D-02 0.1900000000D-03 0.2949600000D+01 0.1386300000D+00 0.2667000000D-02 0.1400000000D-02 0.3932100000D+00 0.5047400000D+01 0.3007700000D+01 0.1674700000D+01-0.1160000000D-01-0.4600000000D-03 0.8677400000D+01 0.4087900000D+00 0.7819000000D-02 0.4600000000D-02 0.4067989000D+01 0.2430000000D+01 0.3648000000D+00 0.5820900000D+01
1 1720091226201001192455191.4 0.3000000000D-02 0.2000000000D-03 0.2918400000D+01 0.1403900000D+00 0.2743000000D-02 0.1400000000D-02 0.2469360000D+00 0.4911800000D+01 0.2869200000D+01 0.1259800000D+01-0.1100000000D-01-0.4800000000D-03 0.8497700000D+01 0.3984200000D+00 0.7565000000D-02 0.3600000000D-02 0.3929173000D+01 0.2291500000D+01 0.2290000000D+00 0.5517700000D+01
2 1820081231200904202454831.4 0.6400000000D-02 0.1000000000D-04 0.3416500000D+01 0.9180000000D-02 0.2800000000D-04 0.4700000000D-02-0.2600880000D+00-0.2028700000D+01-0.8346000000D+00-0.5377500000D+01-0.2000000000D-01 0.4000000000D-04 0.1244140000D+02 0.1114000000D-01 0.8200000000D-04 0.4900000000D-02-0.3307394000D+01-0.1404000000D+00-0.2911900000D+01-0.1519200000D+01
2 1920090420200908082454941.4 0.7200000000D-02-0.1000000000D-04 0.3666100000D+01 0.1207000000D-01 0.7500000000D-04 0.9000000000D-03-0.2806519000D+01-0.3706400000D+01-0.8258000000D+00-0.4062200000D+01-0.1900000000D-01-0.2000000000D-04 0.1210790000D+02 0.1071000000D-01 0.3200000000D-04 0.3800000000D-02-0.5510508000D+01-0.4830000000D+01-0.4267000000D+00-0.1112700000D+01
2 2020090808200911262455051.4 0.1230000000D-01-0.7000000000D-04 0.4154000000D+01 0.9820000000D-02 0.3500000000D-04 0.3900000000D-02-0.5095094000D+01-0.3195200000D+01-0.7403000000D+00-0.2760000000D+00-0.1600000000D-01-0.4000000000D-04 0.1313720000D+02 0.8030000000D-02 0.9400000000D-04 0.5600000000D-02-0.1428326000D+01-0.1838700000D+01-0.4453400000D+01-0.4797600000D+01
2 2120091126201003162455161.4 0.7800000000D-02-0.1000000000D-04 0.3728300000D+01 0.4090000000D-02 0.6100000000D-04 0.4200000000D-02-0.8734460000D+00-0.3523400000D+01-0.1866000000D+01-0.6041700000D+01-0.2110000000D-01 0.7000000000D-04 0.1286240000D+02 0.1404000000D-01 0.6600000000D-04 0.5200000000D-02-0.3695167000D+01-0.2688000000D+00-0.3044000000D+01-0.3189300000D+01
3 2220081231200904102454831.4 0.4400000000D-02-0.8000000000D-04 0.4786500000D+01 0.1167000000D-01 0.4400000000D-04 0.1020000000D-01 0.1135258000D+01 0.5647400000D+01 0.3673000000D+00-0.1238800000D+01-0.9200000000D-02-0.5000000000D-04 0.1732790000D+02 0.1553000000D-01 0.1100000000D-03 0.3110000000D-01 0.4370485000D+01 0.1155800000D+01 0.4689800000D+01-0.3935900000D+01
3 2320090410200907192454931.4-0.1700000000D-02-0.1300000000D-03 0.5059100000D+01 0.1782000000D-01 0.9300000000D-04 0.1200000000D-01 0.1675986000D+01 0.6581000000D+00 0.3517900000D+01-0.6243300000D+01-0.2020000000D-01 0.8000000000D-04 0.1680930000D+02 0.1160000000D-01 0.5600000000D-04 0.3250000000D-01 0.5219742000D+01 0.5978200000D+01 0.4516600000D+01-0.2392200000D+01
3 2420090719200910272455031.4-0.1560000000D-01 0.1800000000D-03 0.5770100000D+01 0.7970000000D-02 0.5700000000D-04 0.1740000000D-01 0.2387064000D+01 0.3840200000D+01 0.5341200000D+01-0.4193900000D+01-0.2630000000D-01 0.1300000000D-03 0.1805010000D+02 0.1540000000D-01 0.1340000000D-03 0.3350000000D-01 0.6067897000D+01 0.5934500000D+01 0.3179800000D+01-0.7447000000D+00
3 2520091027201002042455131.4-0.1000000000D-02-0.5000000000D-04 0.5405200000D+01 0.1010000000D-01 0.1170000000D-03 0.9200000000D-02 0.3372055000D+01 0.5776300000D+01 0.2197300000D+01-0.2292300000D+01-0.2930000000D-01 0.1300000000D-03 0.1831430000D+02 0.1661000000D-01 0.5100000000D-04 0.3480000000D-01 0.5803260000D+00 0.4123500000D+01 0.1893500000D+01-0.5130400000D+01
4 2620081231200903162454831.4-0.2350000000D-01 0.2900000000D-03 0.7819300000D+01 0.1597000000D-01 0.1040000000D-03 0.7200000000D-02 0.4660600000D+01 0.2845900000D+01 0.3673500000D+01 0.2507200000D+01 0.9040000000D-01-0.8200000000D-03 0.2840970000D+02 0.2502000000D-01 0.1640000000D-03 0.2680000000D-01 0.1623127000D+01 0.4532700000D+01 0.1898000000D+01 0.5887600000D+01
4 2720090316200905302454906.4-0.1010000000D-01-0.1600000000D-03 0.8008800000D+01 0.2816000000D-01 0.8100000000D-04 0.8400000000D-02 0.2036470000D+01 0.8610000000D+00 0.3485700000D+01 0.2789300000D+01 0.4200000000D-01 0.9400000000D-03 0.2747520000D+02 0.1346000000D-01 0.1480000000D-03 0.2130000000D-01 0.5509788000D+01 0.6490000000D+00 0.5293500000D+01 0.9410000000D-01
4 2820090530200908132454981.4-0.8900000000D-02 0.8000000000D-04 0.8984800000D+01 0.1762000000D-01 0.1950000000D-03 0.1080000000D-01 0.5733369000D+01 0.5150200000D+01 0.1637700000D+01 0.4735800000D+01 0.8550000000D-01-0.6700000000D-03 0.2841510000D+02 0.2790000000D-01 0.1020000000D-03 0.2870000000D-01 0.3117815000D+01 0.3390800000D+01 0.9398000000D+00 0.1970100000D+01
4 2920090813200910272455056.4-0.1260000000D-01-0.1900000000D-03 0.9468100000D+01 0.1845000000D-01 0.7200000000D-04 0.1120000000D-01 0.3326790000D+01 0.5153900000D+01 0.4506000000D+00 0.6037400000D+01 0.6290000000D-01 0.6700000000D-03 0.3008270000D+02 0.1796000000D-01 0.2310000000D-03 0.3630000000D-01 0.7006930000D+00 0.2212000000D+00 0.3808800000D+01 0.3257600000D+01
4 3020091027201001102455131.4-0.1410000000D-01 0.1100000000D-03 0.8841100000D+01 0.1720000000D-01 0.1940000000D-03 0.7900000000D-02 0.1043364000D+01 0.3380900000D+01 0.6125200000D+01 0.1722700000D+01 0.8520000000D-01-0.7100000000D-03 0.3002160000D+02 0.2401000000D-01 0.9800000000D-04 0.2830000000D-01 0.4544302000D+01 0.1755200000D+01 0.6279000000D+01 0.5178400000D+01
5 3120081231200903162454831.4 0.1000000000D-01-0.2500000000D-03 0.1037800000D+02 0.2206000000D-01 0.1280000000D-03 0.2400000000D-02 0.3456358000D+01 0.1654500000D+01 0.2483300000D+01 0.8953000000D+00-0.4570000000D-01 0.1500000000D-02 0.3803140000D+02 0.3382000000D-01 0.2270000000D-03 0.9000000000D-02 0.4110170000D+00 0.3359500000D+01 0.7407000000D+00 0.4161400000D+01
5 3220090316200905302454906.4 0.7200000000D-02 0.2600000000D-03 0.1062290000D+02 0.3870000000D-01 0.1170000000D-03 0.7500000000D-02 0.5543860000D+00 0.5643700000D+01 0.2006500000D+01 0.1262800000D+01 0.3240000000D-01-0.1310000000D-02 0.3676740000D+02 0.1593000000D-01 0.2050000000D-03 0.2300000000D-01 0.4021456000D+01 0.5453800000D+01 0.3855600000D+01 0.4964500000D+01
5 3320090530200908132454981.4 0.9000000000D-02-0.1600000000D-03 0.1192190000D+02 0.2396000000D-01 0.2670000000D-03 0.6400000000D-02 0.3970204000D+01 0.3330500000D+01 0.6115800000D+01 0.1892000000D+01-0.2940000000D-01 0.1330000000D-02 0.3803670000D+02 0.3527000000D-01 0.1110000000D-03 0.1750000000D-01 0.1350494000D+01 0.1560600000D+01 0.5534200000D+01 0.5313500000D+01
5 3420090813200910272455056.4 0.9500000000D-02 0.2600000000D-03 0.1255480000D+02 0.2349000000D-01 0.9100000000D-04 0.1100000000D-01 0.1284973000D+01 0.3120600000D+01 0.4552800000D+01 0.3469100000D+01 0.2120000000D-01-0.1180000000D-02 0.4026690000D+02 0.2376000000D-01 0.2940000000D-03 0.3470000000D-01 0.4937736000D+01 0.4381800000D+01 0.1744900000D+01 0.6436000000D+00
5 3520091027201001102455131.4 0.5300000000D-02-0.1400000000D-03 0.1172950000D+02 0.2316000000D-01 0.2590000000D-03 0.2700000000D-02 0.5007396000D+01 0.1060300000D+01 0.3814500000D+01 0.4057900000D+01-0.1400000000D-01 0.9500000000D-03 0.4017550000D+02 0.3235000000D-01 0.1300000000D-03 0.1300000000D-01 0.2219976000D+01 0.5692500000D+01 0.3897500000D+01 0.1395400000D+01
