 4 2   2  56 19.7027 4.9788  7.0  7.0  109 2456657.5000 2014                                                                                                                                                                                                                                                                                                                     
1  220131231201401072456657.4 0.1339000000D+00 0.8100000000D-03 0.8295800000D+01 0.7265000000D-01 0.3910000000D-03 0.6430000000D-01 0.2245886000D+01 0.1350500000D+01 0.1632700000D+01-0.1057100000D+01-0.1337000000D+00-0.1270000000D-02 0.5846800000D+01 0.5847000000D-01 0.3120000000D-03 0.4600000000D-01 0.4553948000D+01 0.4209900000D+01 0.4287500000D+01-0.5016200000D+01
1  320140107201401142456664.4 0.1398000000D+00 0.6700000000D-03 0.8640800000D+01 0.7702000000D-01 0.4620000000D-03 0.6710000000D-01 0.1887451000D+01 0.1051200000D+01 0.1603300000D+01-0.1771000000D+01-0.1432000000D+00-0.1250000000D-02 0.6248100000D+01 0.6252000000D-01 0.3190000000D-03 0.4890000000D-01 0.4219956000D+01 0.3891600000D+01 0.4173200000D+01-0.5707700000D+01
1  420140114201401212456671.4 0.1456000000D+00 0.6200000000D-03 0.9031800000D+01 0.8212000000D-01 0.5020000000D-03 0.7000000000D-01 0.1531165000D+01 0.7684000000D+00 0.1508400000D+01-0.2484200000D+01-0.1529000000D+00-0.1340000000D-02 0.6678400000D+01 0.6684000000D-01 0.3330000000D-03 0.5220000000D-01 0.3887167000D+01 0.3588900000D+01 0.3910600000D+01-0.1198000000D+00
1  520140121201401282456678.4 0.1511000000D+00 0.7200000000D-03 0.9477500000D+01 0.8755000000D-01 0.5430000000D-03 0.7340000000D-01 0.1177688000D+01 0.5024000000D+00 0.1330000000D+01-0.3200400000D+01-0.1629000000D+00-0.1520000000D-02 0.7142900000D+01 0.7144000000D-01 0.3770000000D-03 0.5590000000D-01 0.3556249000D+01 0.3296700000D+01 0.3581900000D+01-0.8145000000D+00
1  620140128201402042456685.4 0.1566000000D+00 0.8300000000D-03 0.9986600000D+01 0.9315000000D-01 0.6040000000D-03 0.7770000000D-01 0.8280700000D+00 0.2516000000D+00 0.1099300000D+01-0.3913400000D+01-0.1736000000D+00-0.1700000000D-02 0.7646000000D+01 0.7645000000D-01 0.4410000000D-03 0.6020000000D-01 0.3227855000D+01 0.3011500000D+01 0.3284700000D+01-0.1501900000D+01
1  720140204201402112456692.4 0.1624000000D+00 0.8000000000D-03 0.1056600000D+02 0.9894000000D-01 0.7170000000D-03 0.8270000000D-01 0.4835910000D+00 0.1320000000D-01 0.8756000000D+00-0.4613100000D+01-0.1853000000D+00-0.1780000000D-02 0.8191100000D+01 0.8194000000D-01 0.5130000000D-03 0.6440000000D-01 0.2902544000D+01 0.2730600000D+01 0.3085200000D+01-0.2181600000D+01
1  820140211201402182456699.4 0.1681000000D+00 0.5900000000D-03 0.1121920000D+02 0.1054100000D+00 0.9230000000D-03 0.8770000000D-01 0.1454810000D+00 0.6070100000D+01 0.7497000000D+00-0.5303500000D+01-0.1978000000D+00-0.1790000000D-02 0.8780200000D+01 0.8810000000D-01 0.5710000000D-03 0.6860000000D-01 0.2580719000D+01 0.2455500000D+01 0.3017500000D+01-0.2863800000D+01
1  920140218201402252456706.4 0.1726000000D+00 0.2900000000D-03 0.1194880000D+02 0.1128800000D+00 0.1222000000D-02 0.9310000000D-01 0.6098101000D+01 0.5863300000D+01 0.6949000000D+00-0.5993500000D+01-0.2105000000D+00-0.1820000000D-02 0.9414800000D+01 0.9459000000D-01 0.6030000000D-03 0.7360000000D-01 0.2262759000D+01 0.2191200000D+01 0.3061900000D+01-0.3546900000D+01
1 1020140225201403042456713.4 0.1747000000D+00-0.7000000000D-04 0.1275420000D+02 0.1212200000D+00 0.1570000000D-02 0.9950000000D-01 0.5776406000D+01 0.5684200000D+01 0.6612000000D+00-0.3936000000D+00-0.2230000000D+00-0.1830000000D-02 0.1009210000D+02 0.1004500000D+00 0.6230000000D-03 0.7910000000D-01 0.1949107000D+01 0.1941900000D+01 0.3237600000D+01-0.4221100000D+01
1 1120140304201403112456720.4 0.1733000000D+00-0.6400000000D-03 0.1362620000D+02 0.1298700000D+00 0.1909000000D-02 0.1065000000D+00 0.5464927000D+01 0.5533700000D+01 0.6283000000D+00-0.1063800000D+01-0.2351000000D+00-0.1680000000D-02 0.1080070000D+02 0.1039700000D+00 0.7150000000D-03 0.8450000000D-01 0.1640152000D+01 0.1708800000D+01 0.3503900000D+01-0.4887300000D+01
1 1220140311201403182456727.4 0.1673000000D+00-0.1540000000D-02 0.1454220000D+02 0.1383100000D+00 0.2209000000D-02 0.1134000000D+00 0.5164474000D+01 0.5408200000D+01 0.6117000000D+00-0.1720900000D+01-0.2460000000D+00-0.1210000000D-02 0.1151640000D+02 0.1033800000D+00 0.9550000000D-03 0.8940000000D-01 0.1336062000D+01 0.1492400000D+01 0.3688500000D+01-0.5551900000D+01
1 1320140318201403252456734.4 0.1551000000D+00-0.2820000000D-02 0.1546630000D+02 0.1453500000D+00 0.2419000000D-02 0.1199000000D+00 0.4875143000D+01 0.5305800000D+01 0.6399000000D+00-0.2369500000D+01-0.2545000000D+00-0.4000000000D-03 0.1220110000D+02 0.9696000000D-01 0.1343000000D-02 0.9410000000D-01 0.1036700000D+01 0.1297700000D+01 0.3723700000D+01-0.6217700000D+01
1 1420140325201404012456741.4 0.1352000000D+00-0.4280000000D-02 0.1634490000D+02 0.1488700000D+00 0.2585000000D-02 0.1258000000D+00 0.4596142000D+01 0.5225400000D+01 0.7579000000D+00-0.3012300000D+01-0.2586000000D+00 0.5600000000D-03 0.1280140000D+02 0.8352000000D-01 0.1833000000D-02 0.9830000000D-01 0.7414070000D+00 0.1142500000D+01 0.3671200000D+01-0.5960000000D+00
1 1520140401201404082456748.4 0.1063000000D+00-0.5480000000D-02 0.1710520000D+02 0.1453700000D+00 0.2849000000D-02 0.1308000000D+00 0.4325356000D+01 0.5167300000D+01 0.9215000000D+00-0.3649100000D+01-0.2561000000D+00 0.1400000000D-02 0.1325420000D+02 0.6330000000D-01 0.2247000000D-02 0.1010000000D+00 0.4488110000D+00 0.1076000000D+01 0.3572600000D+01-0.1254300000D+01
1 1620140408201404152456755.4 0.6930000000D-01-0.6000000000D-02 0.1766610000D+02 0.1329800000D+00 0.3221000000D-02 0.1341000000D+00 0.4059055000D+01 0.5139100000D+01 0.1014200000D+01-0.4283700000D+01-0.2468000000D+00 0.1990000000D-02 0.1350380000D+02 0.4192000000D-01 0.2407000000D-02 0.1019000000D+00 0.1568310000D+00 0.1242300000D+01 0.3454700000D+01-0.1914600000D+01
1 1720140415201404222456762.4 0.2780000000D-01-0.5770000000D-02 0.1796430000D+02 0.1145000000D+00 0.3500000000D-02 0.1352000000D+00 0.3792602000D+01 0.5168400000D+01 0.1012500000D+01-0.4920100000D+01-0.2320000000D+00 0.2400000000D-02 0.1352540000D+02 0.3477000000D-01 0.2241000000D-02 0.1010000000D+00 0.6146325000D+01 0.1827500000D+01 0.3346500000D+01-0.2579600000D+01
1 1820140422201404292456769.4-0.1350000000D-01-0.5000000000D-02 0.1797190000D+02 0.9759000000D-01 0.3541000000D-02 0.1340000000D+00 0.3521580000D+01 0.5294700000D+01 0.9662000000D+00-0.5565000000D+01-0.2137000000D+00 0.2750000000D-02 0.1333140000D+02 0.4827000000D-01 0.1789000000D-02 0.9880000000D-01 0.5848927000D+01 0.2213200000D+01 0.3278900000D+01-0.3251100000D+01
1 1920140429201405062456776.4-0.5040000000D-01-0.4050000000D-02 0.1770000000D+02 0.9086000000D-01 0.3212000000D-02 0.1312000000D+00 0.3242511000D+01 0.5504100000D+01 0.9113000000D+00-0.6221500000D+01-0.1937000000D+00 0.3010000000D-02 0.1296310000D+02 0.6461000000D-01 0.1192000000D-02 0.9580000000D-01 0.5546351000D+01 0.2237700000D+01 0.3286200000D+01-0.3926700000D+01
1 2020140506201405132456783.4-0.7980000000D-01-0.3240000000D-02 0.1719350000D+02 0.9631000000D-01 0.2601000000D-02 0.1270000000D+00 0.2953049000D+01 0.5666900000D+01 0.8507000000D+00-0.6046000000D+00-0.1733000000D+00 0.3090000000D-02 0.1248020000D+02 0.7491000000D-01 0.7180000000D-03 0.9190000000D-01 0.5237650000D+01 0.2120300000D+01 0.3404600000D+01-0.4608300000D+01
1 2120140513201405202456790.4-0.1017000000D+00-0.2570000000D-02 0.1651860000D+02 0.1071800000D+00 0.1934000000D-02 0.1216000000D+00 0.2652184000D+01 0.5698500000D+01 0.7753000000D+00-0.1282700000D+01-0.1533000000D+00 0.2920000000D-02 0.1194430000D+02 0.7875000000D-01 0.4950000000D-03 0.8760000000D-01 0.4922560000D+01 0.1941100000D+01 0.3573200000D+01-0.5299800000D+01
1 2220140520201405272456797.4-0.1173000000D+00-0.1820000000D-02 0.1574130000D+02 0.1171300000D+00 0.1388000000D-02 0.1153000000D+00 0.2339924000D+01 0.5618100000D+01 0.6515000000D+00-0.1973100000D+01-0.1344000000D+00 0.2500000000D-02 0.1140240000D+02 0.7847000000D-01 0.4530000000D-03 0.8360000000D-01 0.4601381000D+01 0.1728000000D+01 0.3533600000D+01-0.6000100000D+01
1 2320140527201406032456804.4-0.1279000000D+00-0.9400000000D-03 0.1491650000D+02 0.1239300000D+00 0.9820000000D-03 0.1088000000D+00 0.2016741000D+01 0.5465000000D+01 0.4431000000D+00-0.2677800000D+01-0.1173000000D+00 0.2000000000D-02 0.1088270000D+02 0.7637000000D-01 0.4770000000D-03 0.8020000000D-01 0.4274700000D+01 0.1497600000D+01 0.3318400000D+01-0.4220000000D+00
1 2420140603201406102456811.4-0.1339000000D+00-0.1100000000D-03 0.1408760000D+02 0.1278000000D+00 0.7180000000D-03 0.1030000000D+00 0.1683366000D+01 0.5261700000D+01 0.1588000000D+00-0.3393900000D+01-0.1027000000D+00 0.1590000000D-02 0.1039900000D+02 0.7386000000D-01 0.4760000000D-03 0.7700000000D-01 0.3943159000D+01 0.1262900000D+01 0.3097700000D+01-0.1126500000D+01
1 2520140610201406172456818.4-0.1355000000D+00 0.4600000000D-03 0.1328410000D+02 0.1300600000D+00 0.5400000000D-03 0.9760000000D-01 0.1340859000D+01 0.5023500000D+01 0.6211300000D+01-0.4112500000D+01-0.9060000000D-01 0.1340000000D-02 0.9955400000D+01 0.7163000000D-01 0.3910000000D-03 0.7360000000D-01 0.3607232000D+01 0.1027800000D+01 0.2933700000D+01-0.1836400000D+01
1 2620140617201406242456825.4-0.1336000000D+00 0.7500000000D-03 0.1252030000D+02 0.1314900000D+00 0.3800000000D-03 0.9180000000D-01 0.9902130000D+00 0.4762300000D+01 0.6145200000D+01-0.4836700000D+01-0.8040000000D-01 0.1200000000D-02 0.9549800000D+01 0.6987000000D-01 0.2490000000D-03 0.7050000000D-01 0.3267166000D+01 0.7844000000D+00 0.2842800000D+01-0.2556300000D+01
1 2720140624201407012456832.4-0.1292000000D+00 0.8800000000D-03 0.1180140000D+02 0.1321800000D+00 0.2350000000D-03 0.8600000000D-01 0.6319950000D+00 0.4486900000D+01 0.2140000000D+00-0.5575500000D+01-0.7170000000D-01 0.1090000000D-02 0.9177900000D+01 0.6853000000D-01 0.1120000000D-03 0.6790000000D-01 0.2923138000D+01 0.5251000000D+00 0.3081300000D+01-0.3281900000D+01
1 2820140701201407082456839.4-0.1235000000D+00 0.9800000000D-03 0.1113060000D+02 0.1316100000D+00 0.2270000000D-03 0.8130000000D-01 0.2664290000D+00 0.4199700000D+01 0.1025200000D+01-0.4340000000D-01-0.6410000000D-01 0.9500000000D-03 0.8835200000D+01 0.6745000000D-01 0.7600000000D-04 0.6580000000D-01 0.2575381000D+01 0.2440000000D+00 0.4286900000D+01-0.4004200000D+01
1 2920140708201407152456846.4-0.1169000000D+00 0.1090000000D-02 0.1051140000D+02 0.1297200000D+00 0.2890000000D-03 0.7750000000D-01 0.6176923000D+01 0.3897600000D+01 0.1406900000D+01-0.7910000000D+00-0.5750000000D-01 0.8200000000D-03 0.8517200000D+01 0.6676000000D-01 0.1040000000D-03 0.6330000000D-01 0.2224268000D+01 0.6221300000D+01 0.4708100000D+01-0.4724400000D+01
1 3020140715201407222456853.4-0.1095000000D+00 0.1100000000D-02 0.9945400000D+01 0.1273100000D+00 0.2710000000D-03 0.7330000000D-01 0.5797460000D+01 0.3578200000D+01 0.1544500000D+01-0.1539300000D+01-0.5200000000D-01 0.7700000000D-03 0.8217600000D+01 0.6664000000D-01 0.9100000000D-04 0.6070000000D-01 0.1870232000D+01 0.5895300000D+01 0.4573400000D+01-0.5455300000D+01
1 3120140722201407292456860.4-0.1013000000D+00 0.1010000000D-02 0.9431000000D+01 0.1255100000D+00 0.2000000000D-03 0.6900000000D-01 0.5411559000D+01 0.3246400000D+01 0.1507500000D+01-0.2304900000D+01-0.4720000000D-01 0.7500000000D-03 0.7929800000D+01 0.6691000000D-01 0.8800000000D-04 0.5860000000D-01 0.1513626000D+01 0.5559200000D+01 0.3711300000D+01-0.6193300000D+01
1 3220140729201408052456867.4-0.9290000000D-01 0.9500000000D-03 0.8966300000D+01 0.1246000000D+00 0.1440000000D-03 0.6580000000D-01 0.5019398000D+01 0.2909500000D+01 0.9875000000D+00-0.3081700000D+01-0.4280000000D-01 0.6500000000D-03 0.7648400000D+01 0.6707000000D-01 0.1820000000D-03 0.5680000000D-01 0.1154732000D+01 0.5218600000D+01 0.3098100000D+01-0.6436000000D+00
1 3320140805201408122456874.4-0.8480000000D-01 0.1070000000D-02 0.8549800000D+01 0.1241600000D+00 0.2190000000D-03 0.6330000000D-01 0.4621103000D+01 0.2572400000D+01 0.2740000000D+00-0.3855700000D+01-0.3880000000D-01 0.4700000000D-03 0.7369800000D+01 0.6665000000D-01 0.3140000000D-03 0.5470000000D-01 0.7938020000D+00 0.4870000000D+01 0.2905300000D+01-0.1372600000D+01
1 3420140812201408192456881.4-0.7680000000D-01 0.1350000000D-02 0.8180300000D+01 0.1233000000D+00 0.3670000000D-03 0.6070000000D-01 0.4216669000D+01 0.2234300000D+01 0.1111000000D+00-0.4628800000D+01-0.3510000000D-01 0.2600000000D-03 0.7091700000D+01 0.6563000000D-01 0.4060000000D-03 0.5230000000D-01 0.4311500000D+00 0.4502800000D+01 0.2775600000D+01-0.2108000000D+01
1 3520140819201408262456888.4-0.6850000000D-01 0.1600000000D-02 0.7859300000D+01 0.1218100000D+00 0.4860000000D-03 0.5810000000D-01 0.3806164000D+01 0.1888000000D+01 0.6260000000D-01-0.5415500000D+01-0.3210000000D-01 0.1700000000D-03 0.6811600000D+01 0.6468000000D-01 0.4160000000D-03 0.5020000000D-01 0.6735700000D-01 0.4112600000D+01 0.2527100000D+01-0.2850500000D+01
1 3620140826201409022456895.4-0.5920000000D-01 0.1620000000D-02 0.7589000000D+01 0.1202800000D+00 0.5120000000D-03 0.5620000000D-01 0.3390126000D+01 0.1528500000D+01 0.6237100000D+01-0.6213600000D+01-0.2990000000D-01 0.2700000000D-03 0.6525900000D+01 0.6419000000D-01 0.3880000000D-03 0.4830000000D-01 0.5986369000D+01 0.3708700000D+01 0.2037200000D+01-0.3588700000D+01
1 3720140902201409092456902.4-0.4900000000D-01 0.1390000000D-02 0.7369000000D+01 0.1194600000D+00 0.4460000000D-03 0.5510000000D-01 0.2969618000D+01 0.1158400000D+01 0.5957700000D+01-0.7276000000D+00-0.2790000000D-01 0.4600000000D-03 0.6230600000D+01 0.6376000000D-01 0.4340000000D-03 0.4610000000D-01 0.5622514000D+01 0.3300900000D+01 0.1409500000D+01-0.4321600000D+01
1 3820140909201409162456909.4-0.3900000000D-01 0.1130000000D-02 0.7195300000D+01 0.1193000000D+00 0.4070000000D-03 0.5410000000D-01 0.2545738000D+01 0.7862000000D+00 0.5393500000D+01-0.1519100000D+01-0.2550000000D-01 0.5900000000D-03 0.5922600000D+01 0.6267000000D-01 0.5480000000D-03 0.4360000000D-01 0.5259550000D+01 0.2888500000D+01 0.9590000000D+00-0.5053900000D+01
1 3920140916201409232456916.4-0.2970000000D-01 0.1030000000D-02 0.7063600000D+01 0.1189400000D+00 0.5250000000D-03 0.5290000000D-01 0.2119254000D+01 0.4169000000D+00 0.4815500000D+01-0.2316200000D+01-0.2240000000D-01 0.5700000000D-03 0.5601100000D+01 0.6083000000D-01 0.6280000000D-03 0.4100000000D-01 0.4898167000D+01 0.2460400000D+01 0.6406000000D+00-0.5790000000D+01
1 4020140923201409302456923.4-0.2120000000D-01 0.1110000000D-02 0.6973100000D+01 0.1174700000D+00 0.6990000000D-03 0.5220000000D-01 0.1690996000D+01 0.4460000000D-01 0.4479700000D+01-0.3125900000D+01-0.1880000000D-01 0.4800000000D-03 0.5266800000D+01 0.5897000000D-01 0.6270000000D-03 0.3860000000D-01 0.4539570000D+01 0.2010700000D+01 0.2965000000D+00-0.2401000000D+00
1 4120140930201410072456930.4-0.1300000000D-01 0.1240000000D-02 0.6922200000D+01 0.1151700000D+00 0.7900000000D-03 0.5250000000D-01 0.1262434000D+01 0.5942700000D+01 0.4206200000D+01-0.3929500000D+01-0.1520000000D-01 0.4300000000D-03 0.4919900000D+01 0.5769000000D-01 0.5950000000D-03 0.3610000000D-01 0.4185464000D+01 0.1548300000D+01 0.6105800000D+01-0.9610000000D+00
1 4220141007201410142456937.4-0.4800000000D-02 0.1290000000D-02 0.6904400000D+01 0.1129300000D+00 0.7790000000D-03 0.5260000000D-01 0.8352070000D+00 0.5543600000D+01 0.3857900000D+01-0.4719700000D+01-0.1160000000D-01 0.4800000000D-03 0.4560600000D+01 0.5667000000D-01 0.6160000000D-03 0.3320000000D-01 0.3837683000D+01 0.1084500000D+01 0.5560700000D+01-0.1673000000D+01
1 4320141014201410212456944.4 0.3500000000D-02 0.1240000000D-02 0.6909400000D+01 0.1112000000D+00 0.7430000000D-03 0.5220000000D-01 0.4104100000D+00 0.5137100000D+01 0.3345500000D+01-0.5513200000D+01-0.7800000000D-02 0.6100000000D-03 0.4191200000D+01 0.5539000000D-01 0.6760000000D-03 0.3020000000D-01 0.3498237000D+01 0.6182000000D+00 0.5067800000D+01-0.2382400000D+01
1 4420141021201410282456951.4 0.1170000000D-01 0.1150000000D-02 0.6927700000D+01 0.1093400000D+00 0.8070000000D-03 0.5220000000D-01 0.6271643000D+01 0.4730400000D+01 0.2756400000D+01-0.3300000000D-01-0.3600000000D-02 0.7300000000D-03 0.3817200000D+01 0.5378000000D-01 0.7020000000D-03 0.2750000000D-01 0.3169749000D+01 0.1418000000D+00 0.4627000000D+01-0.3082200000D+01
1 4520141028201411042456958.4 0.1920000000D-01 0.1070000000D-02 0.6952700000D+01 0.1063800000D+00 0.9310000000D-03 0.5300000000D-01 0.5852763000D+01 0.4321200000D+01 0.2293300000D+01-0.8227000000D+00 0.1200000000D-02 0.8000000000D-03 0.3447300000D+01 0.5223000000D-01 0.6660000000D-03 0.2490000000D-01 0.2855902000D+01 0.5937600000D+01 0.4155500000D+01-0.3755600000D+01
1 4620141104201411112456965.4 0.2630000000D-01 0.9200000000D-03 0.6978100000D+01 0.1023000000D+00 0.9810000000D-03 0.5310000000D-01 0.5437337000D+01 0.3901900000D+01 0.1943400000D+01-0.1599100000D+01 0.6700000000D-02 0.8300000000D-03 0.3092800000D+01 0.5085000000D-01 0.6210000000D-03 0.2220000000D-01 0.2561463000D+01 0.5449000000D+01 0.3604600000D+01-0.4405000000D+01
1 4720141111201411182456972.4 0.3290000000D-01 0.6900000000D-03 0.6996600000D+01 0.9812000000D-01 0.9150000000D-03 0.5280000000D-01 0.5025693000D+01 0.3469100000D+01 0.1598500000D+01-0.2381800000D+01 0.1250000000D-01 0.8500000000D-03 0.2767300000D+01 0.4925000000D-01 0.6160000000D-03 0.1980000000D-01 0.2291665000D+01 0.4965800000D+01 0.3032700000D+01-0.5037300000D+01
1 4820141118201411252456979.4 0.3860000000D-01 0.4900000000D-03 0.7001000000D+01 0.9474000000D-01 0.7960000000D-03 0.5270000000D-01 0.4617840000D+01 0.3028700000D+01 0.1156900000D+01-0.3168000000D+01 0.1840000000D-01 0.8600000000D-03 0.2488500000D+01 0.4709000000D-01 0.6210000000D-03 0.1800000000D-01 0.2050880000D+01 0.4483300000D+01 0.2509200000D+01-0.5640500000D+01
1 4920141125201412022456986.4 0.4330000000D-01 0.4300000000D-03 0.6985300000D+01 0.9211000000D-01 0.7580000000D-03 0.5290000000D-01 0.4213417000D+01 0.2591800000D+01 0.6115000000D+00-0.3941900000D+01 0.2450000000D-01 0.8700000000D-03 0.2276500000D+01 0.4450000000D-01 0.6000000000D-03 0.1680000000D-01 0.1839864000D+01 0.3994600000D+01 0.2000300000D+01-0.6208600000D+01
1 5020141202201412092456993.4 0.4680000000D-01 0.5300000000D-03 0.6947000000D+01 0.8928000000D-01 0.8260000000D-03 0.5250000000D-01 0.3811779000D+01 0.2161600000D+01 0.1635000000D+00-0.4706700000D+01 0.3050000000D-01 0.8700000000D-03 0.2149200000D+01 0.4175000000D-01 0.5680000000D-03 0.1610000000D-01 0.1651847000D+01 0.3499300000D+01 0.1456300000D+01-0.4762000000D+00
1 5120141209201412162457000.4 0.4990000000D-01 0.6600000000D-03 0.6886400000D+01 0.8598000000D-01 0.8590000000D-03 0.5160000000D-01 0.3412399000D+01 0.1728600000D+01 0.6135400000D+01-0.5477700000D+01 0.3660000000D-01 0.8600000000D-03 0.2114300000D+01 0.3886000000D-01 0.5630000000D-03 0.1610000000D-01 0.1471226000D+01 0.3000900000D+01 0.9044000000D+00-0.1035600000D+01
1 5220141216201412232457007.4 0.5300000000D-01 0.6200000000D-03 0.6805200000D+01 0.8302000000D-01 0.7800000000D-03 0.5090000000D-01 0.3015019000D+01 0.1286400000D+01 0.5841000000D+01-0.6251500000D+01 0.4250000000D-01 0.8300000000D-03 0.2164300000D+01 0.3570000000D-01 0.5690000000D-03 0.1680000000D-01 0.1279046000D+01 0.2495000000D+01 0.4089000000D+00-0.1615000000D+01
1 5320141223201412302457014.4 0.5620000000D-01 0.3800000000D-03 0.6703600000D+01 0.8122000000D-01 0.6330000000D-03 0.5030000000D-01 0.2619439000D+01 0.8416000000D+00 0.5434200000D+01-0.7364000000D+00 0.4830000000D-01 0.7600000000D-03 0.2279500000D+01 0.3247000000D-01 0.5520000000D-03 0.1790000000D-01 0.1061548000D+01 0.1969000000D+01 0.6226700000D+01-0.2216100000D+01
1 5420141230201501062457021.4 0.5900000000D-01 0.1000000000D-03 0.6581100000D+01 0.8030000000D-01 0.5640000000D-03 0.4940000000D-01 0.2225166000D+01 0.4088000000D+00 0.4871300000D+01-0.1496700000D+01 0.5380000000D-01 0.6800000000D-03 0.2436200000D+01 0.2969000000D-01 0.5230000000D-03 0.1910000000D-01 0.8138890000D+00 0.1419700000D+01 0.5723500000D+01-0.2847100000D+01
1 5520150106201501132457028.4 0.6090000000D-01-0.2000000000D-04 0.6439700000D+01 0.7920000000D-01 0.6110000000D-03 0.4800000000D-01 0.1831378000D+01 0.6274000000D+01 0.4397700000D+01-0.2260100000D+01 0.5880000000D-01 0.6200000000D-03 0.2613400000D+01 0.2752000000D-01 0.5200000000D-03 0.2040000000D-01 0.5379920000D+00 0.8562000000D+00 0.5201200000D+01-0.3509900000D+01
2 5620131231201401072456657.4 0.2500000000D-02 0.1800000000D-03 0.2023710000D+02 0.2191900000D+00 0.4530000000D-03 0.3600000000D-02 0.1604120000D+00 0.5412100000D+01 0.5345500000D+01 0.2949900000D+01 0.4000000000D-03-0.2100000000D-03 0.1488920000D+02 0.1570300000D+00 0.5780000000D-03 0.2200000000D-02 0.2541866000D+01 0.1999200000D+01 0.1804000000D+01 0.5544500000D+01
2 5720140107201401142456664.4 0.2400000000D-02 0.1700000000D-03 0.2107950000D+02 0.2257700000D+00 0.1059000000D-02 0.3800000000D-02 0.3532028000D+01 0.2563500000D+01 0.2508400000D+01 0.3230900000D+01 0.4000000000D-03-0.1700000000D-03 0.1586280000D+02 0.1650700000D+00 0.8780000000D-03 0.2900000000D-02 0.5939965000D+01 0.5425500000D+01 0.5063600000D+01 0.5946000000D+01
2 5820140114201401212456671.4 0.2300000000D-02 0.1900000000D-03 0.2204250000D+02 0.2404400000D+00 0.7500000000D-03 0.3300000000D-02 0.6232950000D+00 0.5993900000D+01 0.3349000000D+00 0.3611400000D+01 0.4000000000D-03-0.1800000000D-03 0.1690720000D+02 0.1764600000D+00 0.7380000000D-03 0.3300000000D-02 0.3056745000D+01 0.2551700000D+01 0.2793900000D+01 0.6219500000D+01
2 5920140121201401282456678.4 0.1900000000D-02 0.3000000000D-03 0.2314690000D+02 0.2490400000D+00 0.1173000000D-02 0.2900000000D-02 0.4000352000D+01 0.3171600000D+01 0.3471400000D+01 0.4315100000D+01 0.7000000000D-03-0.2500000000D-03 0.1803290000D+02 0.1866900000D+00 0.9230000000D-03 0.2900000000D-02 0.1749800000D+00 0.6001400000D+01 0.5915800000D+01 0.3333000000D+00
2 6020140128201402042456685.4 0.1600000000D-02 0.3400000000D-03 0.2441020000D+02 0.2644800000D+00 0.1322000000D-02 0.3500000000D-02 0.1098918000D+01 0.3417000000D+00 0.1405200000D+01 0.5059300000D+01 0.8000000000D-03-0.2500000000D-03 0.1925520000D+02 0.1993700000D+00 0.1020000000D-02 0.2500000000D-02 0.3579381000D+01 0.3148100000D+01 0.3663900000D+01 0.9805000000D+00
2 6120140204201402112456692.4 0.1500000000D-02 0.3300000000D-03 0.2584810000D+02 0.2746900000D+00 0.1532000000D-02 0.4800000000D-02 0.4485648000D+01 0.3833000000D+01 0.4791400000D+01 0.5596500000D+01 0.8000000000D-03-0.2300000000D-03 0.2057990000D+02 0.2122600000D+00 0.9910000000D-03 0.2900000000D-02 0.7032840000D+00 0.3304000000D+00 0.7666000000D+00 0.1869200000D+01
2 6220140211201402182456699.4 0.1300000000D-02 0.3700000000D-03 0.2747170000D+02 0.2871800000D+00 0.2116000000D-02 0.5700000000D-02 0.1596179000D+01 0.1047900000D+01 0.2244600000D+01 0.5928200000D+01 0.1000000000D-02-0.2900000000D-03 0.2201960000D+02 0.2247700000D+00 0.1155000000D-02 0.4200000000D-02 0.4114161000D+01 0.3794900000D+01 0.4360700000D+01 0.2405800000D+01
2 6320140218201402252456706.4 0.6000000000D-03 0.5300000000D-03 0.2928610000D+02 0.2997600000D+00 0.2842000000D-02 0.5400000000D-02 0.4997939000D+01 0.4573100000D+01 0.5948800000D+01 0.6810000000D-01 0.1400000000D-02-0.3600000000D-03 0.2357240000D+02 0.2390000000D+00 0.1292000000D-02 0.4900000000D-02 0.1246078000D+01 0.9810000000D+00 0.2000300000D+01 0.2790900000D+01
2 6420140225201403042456713.4 0.9000000000D-03 0.4400000000D-03 0.3128830000D+02 0.3105000000D+00 0.3409000000D-02 0.5000000000D-02 0.2126015000D+01 0.1853400000D+01 0.3267700000D+01 0.6592000000D+00 0.1200000000D-02-0.2900000000D-03 0.2523590000D+02 0.2494100000D+00 0.9870000000D-03 0.5100000000D-02 0.4665602000D+01 0.4480000000D+01 0.5629700000D+01 0.3202300000D+01
2 6520140304201403112456720.4 0.1100000000D-02 0.4100000000D-03 0.3345190000D+02 0.3218400000D+00 0.4651000000D-02 0.5400000000D-02 0.5548578000D+01 0.5434100000D+01 0.7022000000D+00 0.1534300000D+01 0.1100000000D-02-0.2800000000D-03 0.2697990000D+02 0.2556300000D+00 0.1685000000D-02 0.4400000000D-02 0.1807489000D+01 0.1680000000D+01 0.3482400000D+01 0.3807400000D+01
2 6620140311201403182456727.4 0.8000000000D-03 0.5900000000D-03 0.3571900000D+02 0.3308300000D+00 0.4555000000D-02 0.7800000000D-02 0.2699627000D+01 0.2789200000D+01 0.4390600000D+01 0.2147500000D+01 0.1300000000D-02-0.3700000000D-03 0.2874400000D+02 0.2520800000D+00 0.1753000000D-02 0.5100000000D-02 0.5237483000D+01 0.5211900000D+01 0.1444900000D+01 0.4668000000D+01
2 6720140318201403252456734.4 0.1200000000D-02 0.5300000000D-03 0.3799870000D+02 0.3355600000D+00 0.6211000000D-02 0.9200000000D-02 0.6146541000D+01 0.1341000000D+00 0.1803900000D+01 0.2595700000D+01 0.9000000000D-03-0.2800000000D-03 0.3043890000D+02 0.2327800000D+00 0.3402000000D-02 0.6600000000D-02 0.2390187000D+01 0.2426500000D+01 0.4890400000D+01 0.5271700000D+01
2 6820140325201404012456741.4 0.1500000000D-02 0.5600000000D-03 0.4015690000D+02 0.3389700000D+00 0.6064000000D-02 0.9200000000D-02 0.3321116000D+01 0.3829500000D+01 0.5750800000D+01 0.3040800000D+01 0.5000000000D-03-0.3000000000D-03 0.3192890000D+02 0.1979300000D+00 0.4694000000D-02 0.8000000000D-02 0.5830171000D+01 0.6012600000D+01 0.2539800000D+01 0.5728400000D+01
2 6920140401201404082456748.4 0.2000000000D-02 0.6100000000D-03 0.4202520000D+02 0.3205600000D+00 0.6888000000D-02 0.7300000000D-02 0.5054340000D+00 0.1241200000D+01 0.3270200000D+01 0.3704600000D+01 0.1000000000D-03-0.2800000000D-03 0.3306650000D+02 0.1365900000D+00 0.5513000000D-02 0.7300000000D-02 0.2991092000D+01 0.3330800000D+01 0.6044100000D+01 0.6143400000D+01
2 7020140408201404152456755.4 0.1900000000D-02 0.6900000000D-03 0.4340150000D+02 0.2904800000D+00 0.7796000000D-02 0.7800000000D-02 0.3978142000D+01 0.4982300000D+01 0.8922000000D+00 0.4600100000D+01 0.1000000000D-03-0.3300000000D-03 0.3369570000D+02 0.7276000000D-01 0.6178000000D-02 0.5900000000D-02 0.1532470000D+00 0.9373000000D+00 0.3420900000D+01 0.5239000000D+00
2 7120140415201404222456762.4 0.1800000000D-02 0.7600000000D-03 0.4414550000D+02 0.2436700000D+00 0.8187000000D-02 0.9300000000D-02 0.1168595000D+01 0.2512600000D+01 0.4649800000D+01 0.5270900000D+01-0.1000000000D-03-0.3100000000D-03 0.3376320000D+02 0.5380000000D-01 0.5197000000D-02 0.5500000000D-02 0.3598067000D+01 0.5871800000D+01 0.7433000000D+00 0.1373000000D+01
2 7220140422201404292456769.4 0.3000000000D-02 0.5200000000D-03 0.4417830000D+02 0.2042800000D+00 0.8116000000D-02 0.1010000000D-01 0.4638497000D+01 0.1614000000D+00 0.2052800000D+01 0.5740200000D+01-0.6000000000D-03-0.2000000000D-03 0.3327560000D+02 0.1070300000D+00 0.4204000000D-02 0.6800000000D-02 0.7567540000D+00 0.3713600000D+01 0.4280700000D+01 0.2092000000D+01
2 7320140429201405062456776.4 0.2600000000D-02 0.6000000000D-03 0.4352600000D+02 0.2004400000D+00 0.7703000000D-02 0.8100000000D-02 0.1817585000D+01 0.4168300000D+01 0.5799000000D+01 0.6214900000D+01-0.2000000000D-03-0.2700000000D-03 0.3235220000D+02 0.1596500000D+00 0.3093000000D-02 0.7100000000D-02 0.4193728000D+01 0.1060900000D+01 0.1889700000D+01 0.2502500000D+01
2 7420140506201405132456783.4 0.2400000000D-02 0.6400000000D-03 0.4229630000D+02 0.2215600000D+00 0.5574000000D-02 0.6300000000D-02 0.5270103000D+01 0.1834500000D+01 0.3067600000D+01 0.6670000000D+00-0.4000000000D-03-0.1900000000D-03 0.3113480000D+02 0.1913300000D+00 0.1290000000D-02 0.6100000000D-02 0.1342275000D+01 0.4668100000D+01 0.5419700000D+01 0.2956100000D+01
2 7520140513201405202456790.4 0.3400000000D-02 0.3500000000D-03 0.4065350000D+02 0.2574100000D+00 0.5097000000D-02 0.6200000000D-02 0.2427643000D+01 0.5562200000D+01 0.4907000000D+00 0.1467900000D+01-0.7000000000D-03-0.6000000000D-04 0.2978350000D+02 0.2043000000D+00 0.1670000000D-02 0.4600000000D-02 0.4767342000D+01 0.1884200000D+01 0.3272100000D+01 0.3487800000D+01
2 7620140520201405272456797.4 0.3200000000D-02 0.3700000000D-03 0.3876580000D+02 0.2901400000D+00 0.2977000000D-02 0.7500000000D-02 0.5857561000D+01 0.2945800000D+01 0.4061100000D+01 0.2022700000D+01-0.7000000000D-03-0.6000000000D-04 0.2841180000D+02 0.2096500000D+00 0.8170000000D-03 0.4000000000D-02 0.1904059000D+01 0.5428500000D+01 0.1258800000D+01 0.4322700000D+01
2 7720140527201406032456804.4 0.2900000000D-02 0.3800000000D-03 0.3675930000D+02 0.3098800000D+00 0.2886000000D-02 0.7300000000D-02 0.2993035000D+01 0.2196000000D+00 0.1355300000D+01 0.2353600000D+01-0.6000000000D-03-0.2000000000D-04 0.2708720000D+02 0.2032800000D+00 0.1281000000D-02 0.4700000000D-02 0.5317951000D+01 0.2628900000D+01 0.4309400000D+01 0.4908500000D+01
2 7820140603201406102456811.4 0.2800000000D-02 0.3100000000D-03 0.3474230000D+02 0.3285200000D+00 0.1416000000D-02 0.6200000000D-02 0.1188880000D+00 0.3765000000D+01 0.5213800000D+01 0.2713800000D+01-0.7000000000D-03 0.4000000000D-04 0.2585250000D+02 0.2017500000D+00 0.9590000000D-03 0.5000000000D-02 0.2444289000D+01 0.6150600000D+01 0.2350300000D+01 0.5314100000D+01
2 7920140610201406172456818.4 0.2800000000D-02 0.2300000000D-03 0.3277300000D+02 0.3318500000D+00 0.1017000000D-02 0.4300000000D-02 0.3518259000D+01 0.9798000000D+00 0.2260700000D+01 0.3164900000D+01-0.6000000000D-03 0.4000000000D-04 0.2471470000D+02 0.1918000000D+00 0.6420000000D-03 0.4600000000D-02 0.5848663000D+01 0.3350000000D+01 0.5174500000D+01 0.5616600000D+01
2 8020140617201406242456825.4 0.2300000000D-02 0.2500000000D-03 0.3090800000D+02 0.3353200000D+00 0.8070000000D-03 0.3400000000D-02 0.6261970000D+00 0.4452500000D+01 0.6027900000D+01 0.3986100000D+01-0.3000000000D-03 0.4000000000D-04 0.2368200000D+02 0.1892200000D+00 0.6460000000D-03 0.3300000000D-02 0.2966026000D+01 0.5437000000D+00 0.2681500000D+01 0.6003700000D+01
2 8120140624201407012456832.4 0.1800000000D-02 0.2400000000D-03 0.2915180000D+02 0.3357500000D+00 0.2660000000D-03 0.3900000000D-02 0.4009712000D+01 0.1639600000D+01 0.4738700000D+01 0.4617400000D+01-0.2000000000D-03 0.7000000000D-04 0.2272910000D+02 0.1847900000D+00 0.1610000000D-03 0.2400000000D-02 0.7946900000D-01 0.4022000000D+01 0.9167000000D+00 0.4158000000D+00
2 8220140701201407082456839.4 0.1800000000D-02 0.1100000000D-03 0.2752630000D+02 0.3317200000D+00 0.2480000000D-03 0.4400000000D-02 0.1102392000D+01 0.5075700000D+01 0.4854000000D+00 0.5057600000D+01-0.1000000000D-03 0.1100000000D-03 0.2185630000D+02 0.1822700000D+00 0.2580000000D-03 0.2500000000D-02 0.3472380000D+01 0.1174300000D+01 0.2908800000D+01 0.1261200000D+01
2 8320140708201407152456846.4 0.1600000000D-02 0.7000000000D-04 0.2602820000D+02 0.3316300000D+00 0.7160000000D-03 0.4400000000D-02 0.4471730000D+01 0.2238000000D+01 0.6095300000D+01 0.5315700000D+01 0.1000000000D-03 0.9000000000D-04 0.2103850000D+02 0.1821800000D+00 0.4810000000D-03 0.3200000000D-02 0.5791280000D+00 0.4629000000D+01 0.2467300000D+01 0.1761100000D+01
2 8420140715201407222456853.4 0.1200000000D-02 0.3000000000D-04 0.2466280000D+02 0.3234200000D+00 0.2730000000D-03 0.3400000000D-02 0.1550719000D+01 0.5652100000D+01 0.4716300000D+01 0.5652500000D+01 0.2000000000D-03 0.1500000000D-03 0.2027150000D+02 0.1781400000D+00 0.2340000000D-03 0.3400000000D-02 0.3965627000D+01 0.1748600000D+01 0.1217400000D+01 0.2046500000D+01
2 8520140722201407292456860.4 0.1100000000D-02-0.4000000000D-04 0.2342440000D+02 0.3258100000D+00 0.1015000000D-02 0.2600000000D-02 0.4907184000D+01 0.2793700000D+01 0.5723000000D+00 0.6149400000D+01 0.2000000000D-03 0.1900000000D-03 0.1953470000D+02 0.1811000000D+00 0.8240000000D-03 0.3000000000D-02 0.1066941000D+01 0.5173300000D+01 0.3156400000D+01 0.2357200000D+01
2 8620140729201408052456867.4 0.1100000000D-02-0.1000000000D-03 0.2230900000D+02 0.3180600000D+00 0.6860000000D-03 0.2200000000D-02 0.1973422000D+01 0.6195100000D+01 0.4762100000D+01 0.5836000000D+00 0.3000000000D-03 0.1900000000D-03 0.1881980000D+02 0.1769100000D+00 0.5500000000D-03 0.2200000000D-02 0.4448445000D+01 0.2269600000D+01 0.8445000000D+00 0.2736900000D+01
2 8720140805201408122456874.4 0.8000000000D-03-0.1200000000D-03 0.2131870000D+02 0.3191300000D+00 0.1034000000D-02 0.2700000000D-02 0.5317297000D+01 0.3316000000D+01 0.1320000000D+01 0.1177700000D+01 0.4000000000D-03 0.2000000000D-03 0.1811590000D+02 0.1779200000D+00 0.9670000000D-03 0.1700000000D-02 0.1545341000D+01 0.5660200000D+01 0.3765600000D+01 0.3519100000D+01
2 8820140812201408192456881.4 0.6000000000D-03-0.1800000000D-03 0.2044830000D+02 0.3135900000D+00 0.1131000000D-02 0.3100000000D-02 0.2371690000D+01 0.4269000000D+00 0.5159700000D+01 0.1475700000D+01 0.3000000000D-03 0.2600000000D-03 0.1741440000D+02 0.1742200000D+00 0.9320000000D-03 0.2100000000D-02 0.4923517000D+01 0.2739600000D+01 0.1091500000D+01 0.4167900000D+01
2 8920140819201408262456888.4 0.4000000000D-03-0.2100000000D-03 0.1970080000D+02 0.3139400000D+00 0.1142000000D-02 0.3200000000D-02 0.5704205000D+01 0.3811700000D+01 0.2019500000D+01 0.1735800000D+01 0.5000000000D-03 0.2400000000D-03 0.1670610000D+02 0.1733900000D+00 0.1155000000D-02 0.2400000000D-02 0.2017802000D+01 0.6098500000D+01 0.4239800000D+01 0.4594900000D+01
2 9020140826201409022456895.4 0.0000000000D+00-0.1900000000D-03 0.1906700000D+02 0.3116100000D+00 0.1428000000D-02 0.2800000000D-02 0.2748321000D+01 0.9139000000D+00 0.5479600000D+01 0.1934300000D+01 0.7000000000D-03 0.2000000000D-03 0.1598180000D+02 0.1700300000D+00 0.1300000000D-02 0.2500000000D-02 0.5394620000D+01 0.3160700000D+01 0.1335800000D+01 0.4834000000D+01
2 9120140902201409092456902.4-0.3000000000D-03-0.2200000000D-03 0.1855290000D+02 0.3086800000D+00 0.1318000000D-02 0.2000000000D-02 0.6071277000D+01 0.4285300000D+01 0.2690300000D+01 0.2278200000D+01 0.8000000000D-03 0.2000000000D-03 0.1523720000D+02 0.1659300000D+00 0.1239000000D-02 0.1900000000D-02 0.2488394000D+01 0.2049000000D+00 0.4682800000D+01 0.5075100000D+01
2 9220140909201409162456909.4-0.5000000000D-03-0.2700000000D-03 0.1814830000D+02 0.3090100000D+00 0.1713000000D-02 0.1500000000D-02 0.3107951000D+01 0.1376800000D+01 0.5819100000D+01 0.2899000000D+01 0.7000000000D-03 0.2200000000D-03 0.1446550000D+02 0.1630200000D+00 0.1642000000D-02 0.1300000000D-02 0.5866588000D+01 0.3535900000D+01 0.1636000000D+01 0.5529600000D+01
2 9320140916201409232456916.4-0.9000000000D-03-0.2400000000D-03 0.1785150000D+02 0.3036400000D+00 0.1628000000D-02 0.1500000000D-02 0.1419120000D+00 0.4737200000D+01 0.3130000000D+01 0.3727500000D+01 0.1000000000D-02 0.1500000000D-03 0.1366360000D+02 0.1570700000D+00 0.1429000000D-02 0.9000000000D-03 0.2963143000D+01 0.5500000000D+00 0.5025900000D+01 0.1291000000D+00
2 9420140923201409302456923.4-0.1400000000D-02-0.2300000000D-03 0.1764930000D+02 0.3036400000D+00 0.1845000000D-02 0.2100000000D-02 0.3458290000D+01 0.1813200000D+01 0.6230600000D+01 0.4192900000D+01 0.1100000000D-02 0.1400000000D-03 0.1282800000D+02 0.1537100000D+00 0.1770000000D-02 0.1300000000D-02 0.6325900000D-01 0.3856900000D+01 0.1951900000D+01 0.9274000000D+00
2 9520140930201410072456930.4-0.1500000000D-02-0.3100000000D-03 0.1753140000D+02 0.2972100000D+00 0.1907000000D-02 0.2500000000D-02 0.4909060000D+00 0.5166100000D+01 0.3467000000D+01 0.4432600000D+01 0.1000000000D-02 0.1500000000D-03 0.1195930000D+02 0.1473400000D+00 0.1584000000D-02 0.1600000000D-02 0.3450649000D+01 0.8499000000D+00 0.5307800000D+01 0.1217700000D+01
2 9620141007201410142456937.4-0.1800000000D-02-0.2800000000D-03 0.1748440000D+02 0.2947300000D+00 0.2035000000D-02 0.2500000000D-02 0.3808133000D+01 0.2227100000D+01 0.3416000000D+00 0.4650300000D+01 0.9000000000D-03 0.1400000000D-03 0.1106360000D+02 0.1433900000D+00 0.1811000000D-02 0.1500000000D-02 0.5617090000D+00 0.4133100000D+01 0.2247600000D+01 0.1472900000D+01
2 9720141014201410212456944.4-0.2300000000D-02-0.2400000000D-03 0.1748650000D+02 0.2879300000D+00 0.2158000000D-02 0.2200000000D-02 0.8438080000D+00 0.5568200000D+01 0.3734000000D+01 0.4837200000D+01 0.1000000000D-02 0.9000000000D-04 0.1014630000D+02 0.1377800000D+00 0.1726000000D-02 0.1100000000D-02 0.3964414000D+01 0.1111500000D+01 0.5549500000D+01 0.1668100000D+01
2 9820141021201410282456951.4-0.2500000000D-02-0.2500000000D-03 0.1752210000D+02 0.2809200000D+00 0.2164000000D-02 0.1500000000D-02 0.4165340000D+01 0.2616300000D+01 0.7990000000D+00 0.5245200000D+01 0.8000000000D-03 0.1100000000D-03 0.9223300000D+01 0.1332200000D+00 0.1687000000D-02 0.6000000000D-03 0.1095897000D+01 0.4368600000D+01 0.2497900000D+01 0.2269400000D+01
2 9920141028201411042456958.4-0.2600000000D-02-0.2600000000D-03 0.1756880000D+02 0.2755700000D+00 0.2344000000D-02 0.1300000000D-02 0.1206892000D+01 0.5944400000D+01 0.3991700000D+01 0.5954200000D+01 0.7000000000D-03 0.9000000000D-04 0.8313100000D+01 0.1282000000D+00 0.1757000000D-02 0.6000000000D-03 0.4526474000D+01 0.1344500000D+01 0.5763900000D+01 0.3258700000D+01
210020141104201411112456965.4-0.3100000000D-02-0.1600000000D-03 0.1761150000D+02 0.2649300000D+00 0.2278000000D-02 0.1500000000D-02 0.4534597000D+01 0.2981800000D+01 0.1179900000D+01 0.4037000000D+00 0.6000000000D-03 0.6000000000D-04 0.7446000000D+01 0.1233000000D+00 0.1604000000D-02 0.8000000000D-03 0.1694181000D+01 0.4587200000D+01 0.2672700000D+01 0.3910600000D+01
210120141111201411182456972.4-0.3400000000D-02-0.1400000000D-03 0.1763120000D+02 0.2597500000D+00 0.2394000000D-02 0.2100000000D-02 0.1582992000D+01 0.1300000000D-01 0.4314700000D+01 0.7664000000D+00 0.5000000000D-03 0.4000000000D-04 0.6659500000D+01 0.1176000000D+00 0.1665000000D-02 0.8000000000D-03 0.5171333000D+01 0.1558800000D+01 0.5949200000D+01 0.4159800000D+01
210220141118201411252456979.4-0.3600000000D-02-0.1000000000D-03 0.1761420000D+02 0.2477100000D+00 0.2266000000D-02 0.2100000000D-02 0.4917281000D+01 0.3324900000D+01 0.1589700000D+01 0.9496000000D+00 0.3000000000D-03 0.5000000000D-04 0.5999600000D+01 0.1124400000D+00 0.1533000000D-02 0.6000000000D-03 0.2394979000D+01 0.4794800000D+01 0.2792700000D+01 0.4390700000D+01
210320141125201412022456986.4-0.3900000000D-02-0.4000000000D-04 0.1755240000D+02 0.2445200000D+00 0.2336000000D-02 0.1900000000D-02 0.1972072000D+01 0.3474000000D+00 0.4621700000D+01 0.1171700000D+01 0.2000000000D-03 0.4000000000D-04 0.5517400000D+01 0.1052800000D+00 0.1570000000D-02 0.2000000000D-03 0.5932363000D+01 0.1760100000D+01 0.6100000000D+01 0.5208800000D+01
210420141202201412092456993.4-0.4300000000D-02 0.2000000000D-04 0.1743730000D+02 0.2330200000D+00 0.2191000000D-02 0.1400000000D-02 0.5312039000D+01 0.3655400000D+01 0.1910100000D+01 0.1439800000D+01 0.0000000000D+00 0.3000000000D-04 0.5253500000D+01 0.9924000000D-01 0.1513000000D-02 0.3000000000D-03 0.3207216000D+01 0.4988300000D+01 0.2941500000D+01 0.4586000000D+00
210520141209201412162457000.4-0.4300000000D-02 0.2000000000D-04 0.1726940000D+02 0.2292700000D+00 0.2095000000D-02 0.8000000000D-03 0.2371780000D+01 0.6743000000D+00 0.5041600000D+01 0.2303300000D+01-0.1000000000D-03 0.5000000000D-04 0.5222000000D+01 0.9160000000D-01 0.1490000000D-02 0.6000000000D-03 0.4861200000D+00 0.1933000000D+01 0.6210500000D+01 0.7984000000D+00
210620141216201412232457007.4-0.4600000000D-02 0.8000000000D-04 0.1704350000D+02 0.2212000000D+00 0.2086000000D-02 0.1200000000D-02 0.5716170000D+01 0.3985100000D+01 0.2236600000D+01 0.3218900000D+01-0.3000000000D-03 0.7000000000D-04 0.5395700000D+01 0.8486000000D-01 0.1464000000D-02 0.6000000000D-03 0.4032309000D+01 0.5142800000D+01 0.3125600000D+01 0.1019400000D+01
210720141223201412302457014.4-0.4600000000D-02 0.1100000000D-03 0.1676950000D+02 0.2176000000D+00 0.1818000000D-02 0.1700000000D-02 0.2779149000D+01 0.1005100000D+01 0.5450800000D+01 0.3623800000D+01-0.5000000000D-03 0.7000000000D-04 0.5723400000D+01 0.7828000000D-01 0.1457000000D-02 0.4000000000D-03 0.1267617000D+01 0.2056700000D+01 0.8450000000D-01 0.1370300000D+01
210820141230201501062457021.4-0.4600000000D-02 0.1100000000D-03 0.1644490000D+02 0.2128800000D+00 0.1923000000D-02 0.2000000000D-02 0.6126146000D+01 0.4324400000D+01 0.2519800000D+01 0.3777200000D+01-0.6000000000D-03 0.6000000000D-04 0.6144500000D+01 0.7264000000D-01 0.1373000000D-02 0.3000000000D-03 0.4755568000D+01 0.5228800000D+01 0.3322900000D+01 0.2601600000D+01
210920150106201501132457028.4-0.4500000000D-02 0.1300000000D-03 0.1608350000D+02 0.2077000000D+00 0.1556000000D-02 0.1800000000D-02 0.3190441000D+01 0.1350300000D+01 0.5963200000D+01 0.3892900000D+01-0.7000000000D-03 0.9000000000D-04 0.6608000000D+01 0.6882000000D-01 0.1455000000D-02 0.6000000000D-03 0.1932527000D+01 0.2116900000D+01 0.2869000000D+00 0.3359900000D+01
