 4 2   2  56 19.7027 4.9788  7.0  7.0  109 2455926.5000 2012                                                                                                                                                                                                                                                                                                                     
1  220111231201201072455926.4-0.6860000000D-01-0.1760000000D-02 0.1163920000D+02 0.9815000000D-01 0.7750000000D-03 0.8990000000D-01 0.1463164000D+01 0.1058200000D+01 0.2020500000D+01-0.3662100000D+01-0.9820000000D-01-0.1700000000D-03 0.6560000000D+01 0.7137000000D-01 0.1460000000D-03 0.5150000000D-01 0.3620573000D+01 0.3603800000D+01 0.4024700000D+01-0.1492500000D+01
1  320120107201201142455933.4-0.8080000000D-01-0.2190000000D-02 0.1230130000D+02 0.1053200000D+00 0.8770000000D-03 0.9570000000D-01 0.1131378000D+01 0.8356000000D+00 0.1877400000D+01-0.4353500000D+01-0.9960000000D-01 0.1000000000D-04 0.7065400000D+01 0.7343000000D-01 0.1250000000D-03 0.5530000000D-01 0.3308356000D+01 0.3313300000D+01 0.4523300000D+01-0.2162500000D+01
1  420120114201201212455940.4-0.9590000000D-01-0.2800000000D-02 0.1303700000D+02 0.1130400000D+00 0.1030000000D-02 0.1016000000D+00 0.8057960000D+00 0.6270000000D+00 0.1769000000D+01-0.5033800000D+01-0.9970000000D-01 0.2600000000D-03 0.7580900000D+01 0.7420000000D-01 0.2480000000D-03 0.5900000000D-01 0.2998281000D+01 0.3034200000D+01 0.5085300000D+01-0.2834700000D+01
1  520120121201201282455947.4-0.1149000000D+00-0.3470000000D-02 0.1384460000D+02 0.1207600000D+00 0.1218000000D-02 0.1073000000D+00 0.4874260000D+00 0.4354000000D+00 0.1699300000D+01-0.5709700000D+01-0.9790000000D-01 0.5500000000D-03 0.8093000000D+01 0.7270000000D-01 0.5180000000D-03 0.6260000000D-01 0.2690917000D+01 0.2770600000D+01 0.5155800000D+01-0.3508900000D+01
1  620120128201202042455954.4-0.1388000000D+00-0.4020000000D-02 0.1471120000D+02 0.1275500000D+00 0.1474000000D-02 0.1137000000D+00 0.1772120000D+00 0.2603000000D+00 0.1668600000D+01-0.1007000000D+00-0.9380000000D-01 0.8700000000D-03 0.8579000000D+01 0.6767000000D-01 0.8840000000D-03 0.6630000000D-01 0.2386509000D+01 0.2529800000D+01 0.5091400000D+01-0.4177000000D+01
1  720120204201202112455961.4-0.1678000000D+00-0.4410000000D-02 0.1560820000D+02 0.1324500000D+00 0.1792000000D-02 0.1208000000D+00 0.6158799000D+01 0.1057000000D+00 0.1698700000D+01-0.7640000000D+00-0.8710000000D-01 0.1240000000D-02 0.9007500000D+01 0.5786000000D-01 0.1289000000D-02 0.6920000000D-01 0.2084866000D+01 0.2326300000D+01 0.5006400000D+01-0.4838700000D+01
1  820120211201202182455968.4-0.2010000000D+00-0.4760000000D-02 0.1649020000D+02 0.1339800000D+00 0.2199000000D-02 0.1273000000D+00 0.5865711000D+01 0.6263000000D+01 0.1800400000D+01-0.1417200000D+01-0.7780000000D-01 0.1680000000D-02 0.9339800000D+01 0.4262000000D-01 0.1671000000D-02 0.7100000000D-01 0.1785327000D+01 0.2198700000D+01 0.4906000000D+01-0.5503600000D+01
1  920120218201202252455975.4-0.2364000000D+00-0.5010000000D-02 0.1729300000D+02 0.1296900000D+00 0.2708000000D-02 0.1328000000D+00 0.5580357000D+01 0.6179000000D+01 0.1931000000D+01-0.2066200000D+01-0.6600000000D-01 0.2060000000D-02 0.9533700000D+01 0.2357000000D-01 0.1882000000D-02 0.7180000000D-01 0.1486643000D+01 0.2335000000D+01 0.4777100000D+01-0.6172400000D+01
1 1020120225201203032455982.4-0.2720000000D+00-0.4900000000D-02 0.1793480000D+02 0.1178200000D+00 0.3177000000D-02 0.1367000000D+00 0.5300981000D+01 0.6156800000D+01 0.2013700000D+01-0.2712100000D+01-0.5210000000D-01 0.2190000000D-02 0.9554100000D+01 0.1797000000D-01 0.1784000000D-02 0.7160000000D-01 0.1186829000D+01 0.3427800000D+01 0.4611000000D+01-0.5579000000D+00
1 1120120303201203102455989.4-0.3052000000D+00-0.4130000000D-02 0.1833400000D+02 0.1014100000D+00 0.3402000000D-02 0.1387000000D+00 0.5024718000D+01 0.6228600000D+01 0.2028700000D+01-0.3357400000D+01-0.3730000000D-01 0.1990000000D-02 0.9392300000D+01 0.3659000000D-01 0.1416000000D-02 0.6980000000D-01 0.8834460000D+00 0.3830400000D+01 0.4418400000D+01-0.1228300000D+01
1 1220120310201203172455996.4-0.3328000000D+00-0.2700000000D-02 0.1843620000D+02 0.8901000000D-01 0.3340000000D-02 0.1384000000D+00 0.4748064000D+01 0.1309000000D+00 0.1982600000D+01-0.4004600000D+01-0.2310000000D-01 0.1590000000D-02 0.9075100000D+01 0.5431000000D-01 0.9210000000D-03 0.6670000000D-01 0.5745490000D+00 0.3732000000D+01 0.4256800000D+01-0.1909600000D+01
1 1320120317201203242456003.4-0.3518000000D+00-0.9700000000D-03 0.1823210000D+02 0.8844000000D-01 0.3028000000D-02 0.1358000000D+00 0.4467574000D+01 0.3610000000D+00 0.1905900000D+01-0.4658600000D+01-0.1090000000D-01 0.1230000000D-02 0.8655500000D+01 0.6514000000D-01 0.4080000000D-03 0.6340000000D-01 0.2595880000D+00 0.3519100000D+01 0.4397500000D+01-0.2602200000D+01
1 1420120324201203312456010.4-0.3604000000D+00 0.4900000000D-03 0.1775810000D+02 0.9792000000D-01 0.2528000000D-02 0.1313000000D+00 0.4180327000D+01 0.4977000000D+00 0.1829100000D+01-0.5322500000D+01-0.1100000000D-02 0.1100000000D-02 0.8193200000D+01 0.6813000000D-01 0.3180000000D-03 0.6020000000D-01 0.6222682000D+01 0.3261500000D+01 0.5681000000D+01-0.3297300000D+01
1 1520120331201204072456017.4-0.3589000000D+00 0.1360000000D-02 0.1708440000D+02 0.1098500000D+00 0.2000000000D-02 0.1258000000D+00 0.3884358000D+01 0.5013000000D+00 0.1785600000D+01-0.5997500000D+01 0.6800000000D-02 0.1150000000D-02 0.7739400000D+01 0.6465000000D-01 0.5690000000D-03 0.5700000000D-01 0.5899352000D+01 0.2981000000D+01 0.5915200000D+01-0.3993100000D+01
1 1620120407201204142456024.4-0.3501000000D+00 0.1700000000D-02 0.1629050000D+02 0.1193500000D+00 0.1567000000D-02 0.1200000000D+00 0.3578971000D+01 0.4084000000D+00 0.1786700000D+01-0.3988000000D+00 0.1410000000D-01 0.1190000000D-02 0.7326600000D+01 0.5729000000D-01 0.6570000000D-03 0.5410000000D-01 0.5574678000D+01 0.2688300000D+01 0.5758900000D+01-0.4688500000D+01
1 1720120414201204212456031.4-0.3373000000D+00 0.1800000000D-02 0.1544130000D+02 0.1251900000D+00 0.1216000000D-02 0.1139000000D+00 0.3264439000D+01 0.2588000000D+00 0.1828400000D+01-0.1087900000D+01 0.2130000000D-01 0.1110000000D-02 0.6968800000D+01 0.4853000000D-01 0.6080000000D-03 0.5150000000D-01 0.5249853000D+01 0.2390700000D+01 0.5482700000D+01-0.5386400000D+01
1 1820120421201204282456038.4-0.3227000000D+00 0.1900000000D-02 0.1458170000D+02 0.1270900000D+00 0.8880000000D-03 0.1073000000D+00 0.2941256000D+01 0.7390000000D-01 0.1867500000D+01-0.1786500000D+01 0.2840000000D-01 0.9400000000D-03 0.6669500000D+01 0.3999000000D-01 0.4930000000D-03 0.4950000000D-01 0.4925327000D+01 0.2097000000D+01 0.5071500000D+01-0.6088300000D+01
1 1920120428201205052456045.4-0.3077000000D+00 0.2050000000D-02 0.1374470000D+02 0.1256600000D+00 0.5910000000D-03 0.1009000000D+00 0.2610010000D+01 0.6141700000D+01 0.1848600000D+01-0.2499200000D+01 0.3500000000D-01 0.7900000000D-03 0.6426100000D+01 0.3273000000D-01 0.3920000000D-03 0.4810000000D-01 0.4601009000D+01 0.1824100000D+01 0.4525000000D+01-0.5061000000D+00
1 2020120505201205122456052.4-0.2927000000D+00 0.2200000000D-02 0.1295190000D+02 0.1223100000D+00 0.3380000000D-03 0.9540000000D-01 0.2271565000D+01 0.5897900000D+01 0.1726900000D+01-0.3220500000D+01 0.4100000000D-01 0.7100000000D-03 0.6231200000D+01 0.2726000000D-01 0.3280000000D-03 0.4690000000D-01 0.4276333000D+01 0.1589900000D+01 0.3924000000D+01-0.1203300000D+01
1 2120120512201205192456059.4-0.2776000000D+00 0.2220000000D-02 0.1221290000D+02 0.1187100000D+00 0.1870000000D-03 0.9060000000D-01 0.1926961000D+01 0.5628900000D+01 0.1543700000D+01-0.3941700000D+01 0.4630000000D-01 0.6900000000D-03 0.6075800000D+01 0.2378000000D-01 0.2930000000D-03 0.4570000000D-01 0.3950481000D+01 0.1402900000D+01 0.3400400000D+01-0.1901300000D+01
1 2220120519201205262456066.4-0.2628000000D+00 0.2110000000D-02 0.1152840000D+02 0.1156900000D+00 0.1730000000D-03 0.8550000000D-01 0.1577082000D+01 0.5342600000D+01 0.1569900000D+01-0.4662800000D+01 0.5120000000D-01 0.6500000000D-03 0.5951700000D+01 0.2213000000D-01 0.2490000000D-03 0.4470000000D-01 0.3622609000D+01 0.1252900000D+01 0.2993200000D+01-0.2609100000D+01
1 2320120526201206022456073.4-0.2487000000D+00 0.1970000000D-02 0.1089510000D+02 0.1129700000D+00 0.2610000000D-03 0.8030000000D-01 0.1222530000D+01 0.5045800000D+01 0.1630700000D+01-0.5395900000D+01 0.5590000000D-01 0.5600000000D-03 0.5852200000D+01 0.2197000000D-01 0.1820000000D-03 0.4420000000D-01 0.3292002000D+01 0.1104500000D+01 0.2588200000D+01-0.3320900000D+01
1 2420120602201206092456080.4-0.2355000000D+00 0.1850000000D-02 0.1030930000D+02 0.1099100000D+00 0.3520000000D-03 0.7610000000D-01 0.8637020000D+00 0.4741900000D+01 0.1603500000D+01-0.6138800000D+01 0.6010000000D-01 0.4600000000D-03 0.5771700000D+01 0.2283000000D-01 0.1160000000D-03 0.4380000000D-01 0.2958196000D+01 0.9207000000D+00 0.1902100000D+01-0.4029400000D+01
1 2520120609201206162456087.4-0.2232000000D+00 0.1710000000D-02 0.9767200000D+01 0.1064000000D+00 0.3910000000D-03 0.7260000000D-01 0.5009140000D+00 0.4430500000D+01 0.1561300000D+01-0.5960000000D+00 0.6370000000D-01 0.4300000000D-03 0.5704500000D+01 0.2428000000D-01 0.1190000000D-03 0.4330000000D-01 0.2620951000D+01 0.6864000000D+00 0.9034000000D+00-0.4739600000D+01
1 2620120616201206232456094.4-0.2116000000D+00 0.1500000000D-02 0.9265000000D+01 0.1025700000D+00 0.3590000000D-03 0.6890000000D-01 0.1343090000D+00 0.4110700000D+01 0.1549300000D+01-0.1332200000D+01 0.6660000000D-01 0.4500000000D-03 0.5646600000D+01 0.2608000000D-01 0.1730000000D-03 0.4270000000D-01 0.2280193000D+01 0.4057000000D+00 0.3822000000D+00-0.5457200000D+01
1 2720120623201206302456101.4-0.2007000000D+00 0.1250000000D-02 0.8800700000D+01 0.9887000000D-01 0.2620000000D-03 0.6500000000D-01 0.6047169000D+01 0.3779400000D+01 0.1536500000D+01-0.2076500000D+01 0.6910000000D-01 0.4600000000D-03 0.5594300000D+01 0.2827000000D-01 0.1980000000D-03 0.4220000000D-01 0.1936048000D+01 0.9270000000D-01 0.1212000000D+00-0.6181900000D+01
1 2820120630201207072456108.4-0.1909000000D+00 0.1040000000D-02 0.8372100000D+01 0.9607000000D-01 0.1580000000D-03 0.6180000000D-01 0.5673359000D+01 0.3439400000D+01 0.1357700000D+01-0.2832600000D+01 0.7150000000D-01 0.3700000000D-03 0.5544100000D+01 0.3077000000D-01 0.1660000000D-03 0.4200000000D-01 0.1588669000D+01 0.6050000000D+01 0.6028500000D+01-0.6225000000D+00
1 2920120707201207142456115.4-0.1822000000D+00 0.1020000000D-02 0.7975200000D+01 0.9439000000D-01 0.1400000000D-03 0.5930000000D-01 0.5296233000D+01 0.3098400000D+01 0.6943000000D+00-0.3587000000D+01 0.7380000000D-01 0.1900000000D-03 0.5492600000D+01 0.3321000000D-01 0.1270000000D-03 0.4170000000D-01 0.1238109000D+01 0.5718100000D+01 0.5169200000D+01-0.1345100000D+01
1 3020120714201207212456122.4-0.1746000000D+00 0.1150000000D-02 0.7605600000D+01 0.9324000000D-01 0.2280000000D-03 0.5670000000D-01 0.4915572000D+01 0.2761200000D+01 0.2975000000D+00-0.4338100000D+01 0.7550000000D-01 0.0000000000D+00 0.5438000000D+01 0.3523000000D-01 0.1770000000D-03 0.4110000000D-01 0.8843650000D+00 0.5376500000D+01 0.4275300000D+01-0.2071800000D+01
1 3120120721201207282456129.4-0.1673000000D+00 0.1270000000D-02 0.7261700000D+01 0.9177000000D-01 0.3160000000D-03 0.5400000000D-01 0.4530854000D+01 0.2423900000D+01 0.2258000000D+00-0.5094900000D+01 0.7640000000D-01-0.7000000000D-04 0.5379800000D+01 0.3671000000D-01 0.2430000000D-03 0.4050000000D-01 0.5275820000D+00 0.5016200000D+01 0.3892200000D+01-0.2805900000D+01
1 3220120728201208042456136.4-0.1599000000D+00 0.1220000000D-02 0.6944500000D+01 0.8986000000D-01 0.3420000000D-03 0.5150000000D-01 0.4141708000D+01 0.2077900000D+01 0.2618000000D+00-0.5863700000D+01 0.7660000000D-01-0.5000000000D-04 0.5317400000D+01 0.3804000000D-01 0.2540000000D-03 0.4020000000D-01 0.1682060000D+00 0.4634900000D+01 0.3648900000D+01-0.3543200000D+01
1 3320120804201208112456143.4-0.1524000000D+00 0.1010000000D-02 0.6655300000D+01 0.8841000000D-01 0.3060000000D-03 0.4960000000D-01 0.3748219000D+01 0.1719500000D+01 0.2683000000D+00-0.3536000000D+00 0.7620000000D-01 0.1000000000D-04 0.5248400000D+01 0.3962000000D-01 0.2130000000D-03 0.3980000000D-01 0.6089912000D+01 0.4244700000D+01 0.3272000000D+01-0.4275400000D+01
1 3420120811201208182456150.4-0.1454000000D+00 0.7600000000D-03 0.6392100000D+01 0.8807000000D-01 0.2410000000D-03 0.4800000000D-01 0.3350505000D+01 0.1357200000D+01 0.5310000000D-01-0.1122800000D+01 0.7580000000D-01 0.4000000000D-04 0.5170300000D+01 0.4121000000D-01 0.1920000000D-03 0.3910000000D-01 0.5726498000D+01 0.3859100000D+01 0.2571800000D+01-0.5008400000D+01
1 3520120818201208252456157.4-0.1392000000D+00 0.6000000000D-03 0.6153100000D+01 0.8844000000D-01 0.2260000000D-03 0.4610000000D-01 0.2948296000D+01 0.9993000000D+00 0.5759000000D+01-0.1895700000D+01 0.7540000000D-01-0.2000000000D-04 0.5082000000D+01 0.4226000000D-01 0.2520000000D-03 0.3820000000D-01 0.5361182000D+01 0.3476200000D+01 0.1931200000D+01-0.5749800000D+01
1 3620120825201209012456164.4-0.1340000000D+00 0.5900000000D-03 0.5938900000D+01 0.8871000000D-01 0.3190000000D-03 0.4430000000D-01 0.2541154000D+01 0.6457000000D+00 0.5232100000D+01-0.2682400000D+01 0.7480000000D-01-0.1400000000D-03 0.4983700000D+01 0.4262000000D-01 0.3360000000D-03 0.3750000000D-01 0.4994212000D+01 0.3085100000D+01 0.1544800000D+01-0.2127000000D+00
1 3720120901201209082456171.4-0.1293000000D+00 0.6500000000D-03 0.5752300000D+01 0.8857000000D-01 0.4400000000D-03 0.4310000000D-01 0.2128932000D+01 0.2881000000D+00 0.4941300000D+01-0.3477700000D+01 0.7380000000D-01-0.2400000000D-03 0.4875400000D+01 0.4269000000D-01 0.3790000000D-03 0.3690000000D-01 0.4626149000D+01 0.2675800000D+01 0.1206300000D+01-0.9521000000D+00
1 3820120908201209152456178.4-0.1248000000D+00 0.6800000000D-03 0.5595900000D+01 0.8840000000D-01 0.4960000000D-03 0.4240000000D-01 0.1711953000D+01 0.6202300000D+01 0.4702900000D+01-0.4264300000D+01 0.7230000000D-01-0.2900000000D-03 0.4755200000D+01 0.4295000000D-01 0.3690000000D-03 0.3580000000D-01 0.4257623000D+01 0.2251800000D+01 0.7535000000D+00-0.1687200000D+01
1 3920120915201209222456185.4-0.1204000000D+00 0.6800000000D-03 0.5470200000D+01 0.8871000000D-01 0.4630000000D-03 0.4130000000D-01 0.1290822000D+01 0.5823500000D+01 0.4395800000D+01-0.5052200000D+01 0.7050000000D-01-0.3200000000D-03 0.4620900000D+01 0.4328000000D-01 0.3650000000D-03 0.3450000000D-01 0.3889081000D+01 0.1823900000D+01 0.1386000000D+00-0.2430500000D+01
1 4020120922201209292456192.4-0.1162000000D+00 0.6700000000D-03 0.5374500000D+01 0.8947000000D-01 0.4010000000D-03 0.4030000000D-01 0.8661750000D+00 0.5442300000D+01 0.3916500000D+01-0.5856800000D+01 0.6840000000D-01-0.3500000000D-03 0.4470900000D+01 0.4320000000D-01 0.4170000000D-03 0.3340000000D-01 0.3520921000D+01 0.1394200000D+01 0.5828900000D+01-0.3176900000D+01
1 4120120929201210062456199.4-0.1121000000D+00 0.6500000000D-03 0.5308200000D+01 0.9022000000D-01 0.4090000000D-03 0.4010000000D-01 0.4387150000D+00 0.5063600000D+01 0.3298500000D+01-0.3827000000D+00 0.6610000000D-01-0.3500000000D-03 0.4304600000D+01 0.4250000000D-01 0.4830000000D-03 0.3220000000D-01 0.3153748000D+01 0.9548000000D+00 0.5377500000D+01-0.3914200000D+01
1 4220121006201210132456206.4-0.1081000000D+00 0.5700000000D-03 0.5270700000D+01 0.9034000000D-01 0.5010000000D-03 0.4030000000D-01 0.9199000000D-02 0.4686100000D+01 0.2834000000D+01-0.1178000000D+01 0.6360000000D-01-0.3400000000D-03 0.4121600000D+01 0.4144000000D-01 0.5040000000D-03 0.3070000000D-01 0.2788418000D+01 0.4967000000D+00 0.4997300000D+01-0.4642800000D+01
1 4320121013201210202456213.4-0.1042000000D+00 0.4300000000D-03 0.5262100000D+01 0.8962000000D-01 0.5730000000D-03 0.4000000000D-01 0.5861846000D+01 0.4302500000D+01 0.2553900000D+01-0.1972400000D+01 0.6100000000D-01-0.3000000000D-03 0.3921600000D+01 0.4052000000D-01 0.4730000000D-03 0.2890000000D-01 0.2426123000D+01 0.2030000000D-01 0.4570900000D+01-0.5375400000D+01
1 4420121020201210272456220.4-0.1005000000D+00 0.2800000000D-03 0.5280800000D+01 0.8860000000D-01 0.5690000000D-03 0.4000000000D-01 0.5431733000D+01 0.3908000000D+01 0.2287600000D+01-0.2779700000D+01 0.5840000000D-01-0.2800000000D-03 0.3704400000D+01 0.3991000000D-01 0.4550000000D-03 0.2720000000D-01 0.2068347000D+01 0.5821000000D+01 0.4043000000D+01-0.6107800000D+01
1 4520121027201211032456227.4-0.9740000000D-01 0.2500000000D-03 0.5322000000D+01 0.8794000000D-01 0.5110000000D-03 0.4050000000D-01 0.5003471000D+01 0.3505400000D+01 0.1876000000D+01-0.3583900000D+01 0.5600000000D-01-0.3200000000D-03 0.3470400000D+01 0.3932000000D-01 0.4900000000D-03 0.2550000000D-01 0.1716753000D+01 0.5339100000D+01 0.3518000000D+01-0.5418000000D+00
1 4620121103201211102456234.4-0.9480000000D-01 0.3900000000D-03 0.5378600000D+01 0.8757000000D-01 0.5080000000D-03 0.4120000000D-01 0.4577874000D+01 0.3102700000D+01 0.1267800000D+01-0.4374200000D+01 0.5360000000D-01-0.3800000000D-03 0.3221800000D+01 0.3855000000D-01 0.5350000000D-03 0.2360000000D-01 0.1373290000D+01 0.4851600000D+01 0.3076500000D+01-0.1245500000D+01
1 4720121110201211172456241.4-0.9240000000D-01 0.5700000000D-03 0.5444800000D+01 0.8662000000D-01 0.6140000000D-03 0.4150000000D-01 0.4155150000D+01 0.2702500000D+01 0.7409000000D+00-0.5160200000D+01 0.5120000000D-01-0.4200000000D-03 0.2963000000D+01 0.3778000000D-01 0.5340000000D-03 0.2140000000D-01 0.1040547000D+01 0.4350600000D+01 0.2659600000D+01-0.1942500000D+01
1 4820121117201211242456248.4-0.8950000000D-01 0.6500000000D-03 0.5517100000D+01 0.8450000000D-01 0.7100000000D-03 0.4190000000D-01 0.3735552000D+01 0.2296900000D+01 0.4018000000D+00-0.5953300000D+01 0.4860000000D-01-0.3800000000D-03 0.2700400000D+01 0.3737000000D-01 0.4940000000D-03 0.1950000000D-01 0.7221990000D+00 0.3841100000D+01 0.2171200000D+01-0.2627800000D+01
1 4920121124201212012456255.4-0.8600000000D-01 0.5700000000D-03 0.5591000000D+01 0.8184000000D-01 0.7010000000D-03 0.4260000000D-01 0.3319715000D+01 0.1876400000D+01 0.1032000000D+00-0.4601000000D+00 0.4610000000D-01-0.2900000000D-03 0.2442400000D+01 0.3719000000D-01 0.4760000000D-03 0.1770000000D-01 0.4230450000D+00 0.3337600000D+01 0.1595600000D+01-0.3285400000D+01
1 5020121201201212082456262.4-0.8230000000D-01 0.3900000000D-03 0.5659400000D+01 0.7965000000D-01 0.6230000000D-03 0.4330000000D-01 0.2907999000D+01 0.1444700000D+01 0.5991100000D+01-0.1237600000D+01 0.4380000000D-01-0.2100000000D-03 0.2199900000D+01 0.3679000000D-01 0.4950000000D-03 0.1590000000D-01 0.1484450000D+00 0.2841700000D+01 0.1047400000D+01-0.3912800000D+01
1 5120121208201212152456269.4-0.7900000000D-01 0.2700000000D-03 0.5715300000D+01 0.7805000000D-01 0.5880000000D-03 0.4360000000D-01 0.2500079000D+01 0.1013800000D+01 0.5460800000D+01-0.2009300000D+01 0.4200000000D-01-0.1600000000D-03 0.1987300000D+01 0.3601000000D-01 0.5010000000D-03 0.1440000000D-01 0.6186458000D+01 0.2343700000D+01 0.5543000000D+00-0.4514600000D+01
1 5220121215201212222456276.4-0.7620000000D-01 0.3000000000D-03 0.5755200000D+01 0.7631000000D-01 0.6580000000D-03 0.4350000000D-01 0.2095277000D+01 0.5896000000D+00 0.4963800000D+01-0.2787200000D+01 0.4050000000D-01-0.1700000000D-03 0.1822600000D+01 0.3508000000D-01 0.4770000000D-03 0.1340000000D-01 0.5972715000D+01 0.1839900000D+01 0.3900000000D-01-0.5088400000D+01
1 5320121222201212292456283.4-0.7360000000D-01 0.4000000000D-03 0.5778800000D+01 0.7400000000D-01 0.7360000000D-03 0.4380000000D-01 0.1693163000D+01 0.1634000000D+00 0.4603800000D+01-0.3565900000D+01 0.3930000000D-01-0.1700000000D-03 0.1723300000D+01 0.3408000000D-01 0.4610000000D-03 0.1300000000D-01 0.5785260000D+01 0.1335900000D+01 0.5753100000D+01-0.5639400000D+01
1 5420121229201301052456290.4-0.7080000000D-01 0.4900000000D-03 0.5785700000D+01 0.7171000000D-01 0.7290000000D-03 0.4410000000D-01 0.1293627000D+01 0.6008800000D+01 0.4280700000D+01-0.4331300000D+01 0.3820000000D-01-0.1400000000D-03 0.1699700000D+01 0.3283000000D-01 0.4720000000D-03 0.1310000000D-01 0.5609099000D+01 0.8333000000D+00 0.5195900000D+01-0.6187500000D+01
1 5520130105201301122456297.4-0.6770000000D-01 0.5300000000D-03 0.5774200000D+01 0.7020000000D-01 0.6470000000D-03 0.4370000000D-01 0.8964000000D+00 0.5564000000D+01 0.3886600000D+01-0.5092700000D+01 0.3740000000D-01-0.7000000000D-04 0.1749500000D+01 0.3128000000D-01 0.4810000000D-03 0.1370000000D-01 0.5423859000D+01 0.3232000000D+00 0.4695700000D+01-0.4735000000D+00
2 5620111231201201072455926.4 0.3900000000D-02 0.2700000000D-03 0.2872540000D+02 0.2694300000D+00 0.1766000000D-02 0.5800000000D-02 0.2708070000D+00 0.5938400000D+01 0.8828000000D+00 0.3072000000D+01 0.4000000000D-03-0.1800000000D-03 0.1673750000D+02 0.1808700000D+00 0.4170000000D-03 0.3100000000D-02 0.2492428000D+01 0.2262400000D+01 0.2984100000D+01 0.5627600000D+01
2 5720120107201201142455933.4 0.3700000000D-02 0.4100000000D-03 0.3035510000D+02 0.2788300000D+00 0.1864000000D-02 0.5200000000D-02 0.3671628000D+01 0.3175900000D+01 0.4073800000D+01 0.3497300000D+01 0.6000000000D-03-0.2500000000D-03 0.1798940000D+02 0.1856900000D+00 0.8000000000D-04 0.3800000000D-02 0.5911995000D+01 0.5720800000D+01 0.5382900000D+01 0.5968300000D+01
2 5820120114201201212455940.4 0.3600000000D-02 0.4600000000D-03 0.3216790000D+02 0.2958300000D+00 0.2932000000D-02 0.4700000000D-02 0.7963510000D+00 0.3964000000D+00 0.1767600000D+01 0.4169500000D+01 0.4000000000D-03-0.2200000000D-03 0.1927120000D+02 0.1868500000D+00 0.7690000000D-03 0.3800000000D-02 0.3051522000D+01 0.2871000000D+01 0.4918600000D+01 0.7830000000D-01
2 5920120121201201282455947.4 0.3700000000D-02 0.4800000000D-03 0.3416260000D+02 0.3075500000D+00 0.2792000000D-02 0.5400000000D-02 0.4211372000D+01 0.3960400000D+01 0.5322300000D+01 0.5008500000D+01 0.3000000000D-03-0.2300000000D-03 0.2054490000D+02 0.1825700000D+00 0.1213000000D-02 0.3200000000D-02 0.1938070000D+00 0.7340000000D-01 0.2871500000D+01 0.6086000000D+00
2 6020120128201202042455954.4 0.3900000000D-02 0.5300000000D-03 0.3631010000D+02 0.3182500000D+00 0.3699000000D-02 0.7500000000D-02 0.1352310000D+01 0.1236600000D+01 0.2809300000D+01 0.5560100000D+01 0.2000000000D-03-0.2500000000D-03 0.2176130000D+02 0.1667000000D+00 0.1970000000D-02 0.3200000000D-02 0.3623374000D+01 0.3548200000D+01 0.8220000000D-01 0.1540500000D+01
2 6120120204201202112455961.4 0.3400000000D-02 0.7000000000D-03 0.3854080000D+02 0.3231100000D+00 0.4156000000D-02 0.8300000000D-02 0.4785603000D+01 0.4832900000D+01 0.3341000000D+00 0.5970500000D+01 0.5000000000D-03-0.3400000000D-03 0.2283240000D+02 0.1410200000D+00 0.3155000000D-02 0.4300000000D-02 0.7733540000D+00 0.7617000000D+00 0.3679300000D+01 0.2204900000D+01
2 6220120211201202182455968.4 0.3700000000D-02 0.7100000000D-03 0.4074660000D+02 0.3172800000D+00 0.5016000000D-02 0.7800000000D-02 0.1945191000D+01 0.2170300000D+01 0.4152600000D+01 0.1867000000D+00 0.1000000000D-03-0.2800000000D-03 0.2366890000D+02 0.9840000000D-01 0.4027000000D-02 0.5200000000D-02 0.4209582000D+01 0.4304600000D+01 0.1038600000D+01 0.2703200000D+01
2 6320120218201202252455975.4 0.4900000000D-02 0.5000000000D-03 0.4276560000D+02 0.2963100000D+00 0.6537000000D-02 0.6500000000D-02 0.5396764000D+01 0.5824600000D+01 0.1686500000D+01 0.9249000000D+00-0.1000000000D-03-0.2300000000D-03 0.2415600000D+02 0.4202000000D-01 0.4743000000D-02 0.5100000000D-02 0.1364799000D+01 0.1618400000D+01 0.4519900000D+01 0.3104700000D+01
2 6420120225201203032455982.4 0.4500000000D-02 0.7500000000D-03 0.4439330000D+02 0.2591500000D+00 0.7313000000D-02 0.8000000000D-02 0.2571923000D+01 0.3287300000D+01 0.5583600000D+01 0.1837900000D+01 0.0000000000D+00-0.2700000000D-03 0.2420860000D+02 0.2850000000D-01 0.4724000000D-02 0.4100000000D-02 0.4802747000D+01 0.1290400000D+01 0.1933200000D+01 0.3739500000D+01
2 6520120303201203102455989.4 0.5100000000D-02 0.6900000000D-03 0.4542120000D+02 0.2047700000D+00 0.8192000000D-02 0.9900000000D-02 0.6034668000D+01 0.8281000000D+00 0.2886500000D+01 0.2387800000D+01-0.3000000000D-03-0.2300000000D-03 0.2380190000D+02 0.9162000000D-01 0.3514000000D-02 0.3900000000D-02 0.1955641000D+01 0.5186000000D+01 0.5305700000D+01 0.4562800000D+01
2 6620120310201203172455996.4 0.6000000000D-02 0.5000000000D-03 0.4571800000D+02 0.1809200000D+00 0.8327000000D-02 0.1020000000D-01 0.3214134000D+01 0.4861100000D+01 0.4429000000D+00 0.2823700000D+01-0.9000000000D-03-0.7000000000D-04 0.2299620000D+02 0.1410000000D+00 0.2450000000D-02 0.4400000000D-02 0.5386635000D+01 0.2386400000D+01 0.2821000000D+01 0.5250000000D+01
2 6720120317201203242456003.4 0.5900000000D-02 0.6100000000D-03 0.4525860000D+02 0.1854900000D+00 0.7083000000D-02 0.8100000000D-02 0.3910660000D+00 0.2668100000D+01 0.4030500000D+01 0.3284000000D+01-0.6000000000D-03-0.1500000000D-03 0.2192330000D+02 0.1727700000D+00 0.5000000000D-03 0.4800000000D-02 0.2529747000D+01 0.5904300000D+01 0.1106000000D+00 0.5675100000D+01
2 6820120324201203312456010.4 0.5800000000D-02 0.6200000000D-03 0.4412060000D+02 0.2270700000D+00 0.6257000000D-02 0.6100000000D-02 0.3844833000D+01 0.2655000000D+00 0.1520200000D+01 0.4062900000D+01-0.8000000000D-03-0.7000000000D-04 0.2072980000D+02 0.1781900000D+00 0.6190000000D-03 0.4000000000D-02 0.5950628000D+01 0.3076200000D+01 0.5450500000D+01 0.6049900000D+01
2 6920120331201204072456017.4 0.5400000000D-02 0.5800000000D-03 0.4247790000D+02 0.2672200000D+00 0.4321000000D-02 0.6300000000D-02 0.1007699000D+01 0.4017200000D+01 0.5186600000D+01 0.4871100000D+01-0.7000000000D-03-0.6000000000D-04 0.1956050000D+02 0.1713200000D+00 0.1477000000D-02 0.3000000000D-02 0.3085375000D+01 0.2609000000D+00 0.3323500000D+01 0.2589000000D+00
2 7020120407201204142456024.4 0.5500000000D-02 0.4600000000D-03 0.4051760000D+02 0.2956100000D+00 0.3256000000D-02 0.7400000000D-02 0.4444604000D+01 0.1364700000D+01 0.2609100000D+01 0.5419900000D+01-0.6000000000D-03-0.4000000000D-04 0.1849260000D+02 0.1506700000D+00 0.1420000000D-02 0.2200000000D-02 0.2182010000D+00 0.3710500000D+01 0.5080000000D+00 0.1087000000D+01
2 7120120414201204212456031.4 0.5100000000D-02 0.4500000000D-03 0.3841310000D+02 0.3126200000D+00 0.2693000000D-02 0.6900000000D-02 0.1589366000D+01 0.4934700000D+01 0.6330000000D-01 0.5752700000D+01-0.4000000000D-03-0.6000000000D-04 0.1757420000D+02 0.1303800000D+00 0.1544000000D-02 0.2600000000D-02 0.3633906000D+01 0.8666000000D+00 0.3731200000D+01 0.1864200000D+01
2 7220120421201204282456038.4 0.4300000000D-02 0.5000000000D-03 0.3628110000D+02 0.3208200000D+00 0.1449000000D-02 0.5300000000D-02 0.5009066000D+01 0.2205100000D+01 0.3910000000D+01 0.6185500000D+01-0.3000000000D-03-0.2000000000D-04 0.1680120000D+02 0.1097700000D+00 0.1307000000D-02 0.2900000000D-02 0.7668660000D+00 0.4357900000D+01 0.1109500000D+01 0.2301600000D+01
2 7320120428201205052456045.4 0.4600000000D-02 0.3000000000D-03 0.3420450000D+02 0.3182500000D+00 0.1610000000D-02 0.3800000000D-02 0.2137421000D+01 0.5704000000D+01 0.1152900000D+01 0.5076000000D+00-0.3000000000D-03 0.0000000000D+00 0.1617320000D+02 0.9140000000D-01 0.1136000000D-02 0.2900000000D-02 0.4182560000D+01 0.1533300000D+01 0.4019100000D+01 0.2638300000D+01
2 7420120505201205122456052.4 0.4400000000D-02 0.2500000000D-03 0.3223390000D+02 0.3154500000D+00 0.9330000000D-03 0.3800000000D-02 0.5542459000D+01 0.2926500000D+01 0.5487400000D+01 0.1389400000D+01-0.2000000000D-03 0.1000000000D-04 0.1566680000D+02 0.7954000000D-01 0.8580000000D-03 0.2300000000D-02 0.1315094000D+01 0.5090300000D+01 0.1482400000D+01 0.2994400000D+01
2 7520120512201205192456059.4 0.3800000000D-02 0.2900000000D-03 0.3038840000D+02 0.3039200000D+00 0.8570000000D-03 0.4700000000D-02 0.2657786000D+01 0.1019000000D+00 0.2014700000D+01 0.1871100000D+01-0.1000000000D-03 0.3000000000D-04 0.1526250000D+02 0.6874000000D-01 0.8030000000D-03 0.1700000000D-02 0.4728918000D+01 0.2319000000D+01 0.4054800000D+01 0.3710400000D+01
2 7620120519201205262456066.4 0.3600000000D-02 0.2200000000D-03 0.2867660000D+02 0.3000800000D+00 0.9820000000D-03 0.4900000000D-02 0.6051513000D+01 0.3573300000D+01 0.3716000000D+00 0.2200000000D+01-0.2000000000D-03 0.8000000000D-04 0.1493950000D+02 0.6779000000D-01 0.5120000000D-03 0.1800000000D-02 0.1858258000D+01 0.5915800000D+01 0.1788400000D+01 0.4473200000D+01
2 7720120526201206022456073.4 0.3600000000D-02 0.1400000000D-03 0.2708780000D+02 0.2868200000D+00 0.4470000000D-03 0.4400000000D-02 0.3156706000D+01 0.7311000000D+00 0.3686000000D+01 0.2451200000D+01-0.2000000000D-03 0.8000000000D-04 0.1467930000D+02 0.6460000000D-01 0.5660000000D-03 0.2300000000D-02 0.5267524000D+01 0.3166500000D+01 0.4148100000D+01 0.5007900000D+01
2 7820120602201206092456080.4 0.3100000000D-02 0.1600000000D-03 0.2562790000D+02 0.2800600000D+00 0.7120000000D-03 0.3000000000D-02 0.2579000000D+00 0.4167600000D+01 0.1090900000D+01 0.2810200000D+01-0.1000000000D-03 0.8000000000D-04 0.1446960000D+02 0.6899000000D-01 0.3590000000D-03 0.2500000000D-02 0.2391141000D+01 0.4095000000D+00 0.1444700000D+01 0.5267500000D+01
2 7920120609201206162456087.4 0.2600000000D-02 0.1600000000D-03 0.2427500000D+02 0.2703500000D+00 0.7080000000D-03 0.2200000000D-02 0.3638210000D+01 0.1318600000D+01 0.5153900000D+01 0.3504200000D+01-0.1000000000D-03 0.1100000000D-03 0.1429220000D+02 0.7192000000D-01 0.4090000000D-03 0.2100000000D-02 0.5794406000D+01 0.3906900000D+01 0.3964300000D+01 0.5560200000D+01
2 8020120616201206232456094.4 0.2500000000D-02 0.8000000000D-04 0.2303050000D+02 0.2625400000D+00 0.4680000000D-03 0.2200000000D-02 0.7314870000D+00 0.4729400000D+01 0.2017400000D+01 0.4341000000D+01 0.0000000000D+00 0.1200000000D-03 0.1414090000D+02 0.7744000000D-01 0.4100000000D-03 0.1500000000D-02 0.2911314000D+01 0.1063900000D+01 0.1283600000D+01 0.5982700000D+01
2 8120120623201206302456101.4 0.2200000000D-02 0.5000000000D-04 0.2187410000D+02 0.2571400000D+00 0.9160000000D-03 0.2900000000D-02 0.4104515000D+01 0.1871200000D+01 0.5806800000D+01 0.4832200000D+01 0.1000000000D-03 0.1000000000D-03 0.1400030000D+02 0.8352000000D-01 0.3530000000D-03 0.1100000000D-02 0.2489700000D-01 0.4513700000D+01 0.3798000000D+01 0.6007000000D+00
2 8220120630201207072456108.4 0.1900000000D-02 0.3000000000D-04 0.2080700000D+02 0.2477000000D+00 0.3430000000D-03 0.3000000000D-02 0.1190238000D+01 0.5268400000D+01 0.3372100000D+01 0.5080700000D+01 0.2000000000D-03 0.1300000000D-03 0.1386990000D+02 0.8692000000D-01 0.5740000000D-03 0.1600000000D-02 0.3418130000D+01 0.1628600000D+01 0.1365400000D+01 0.1367700000D+01
2 8320120707201207142456115.4 0.1700000000D-02-0.3000000000D-04 0.1981780000D+02 0.2464200000D+00 0.1054000000D-02 0.2600000000D-02 0.4556113000D+01 0.2401400000D+01 0.1657000000D+00 0.5374400000D+01 0.2000000000D-03 0.1600000000D-03 0.1373770000D+02 0.9482000000D-01 0.4430000000D-03 0.1900000000D-02 0.5255470000D+00 0.5040300000D+01 0.3737300000D+01 0.1741000000D+01
2 8420120714201207212456122.4 0.1600000000D-02-0.8000000000D-04 0.1890170000D+02 0.2380200000D+00 0.5400000000D-03 0.2000000000D-02 0.1634285000D+01 0.5789900000D+01 0.4197000000D+01 0.5713900000D+01 0.4000000000D-03 0.1600000000D-03 0.1360170000D+02 0.9693000000D-01 0.6010000000D-03 0.2100000000D-02 0.3912602000D+01 0.2133400000D+01 0.1464400000D+01 0.1991800000D+01
2 8520120721201207282456129.4 0.1400000000D-02-0.1000000000D-03 0.1805370000D+02 0.2378100000D+00 0.9180000000D-03 0.1500000000D-02 0.4992265000D+01 0.2909000000D+01 0.8298000000D+00 0.1813000000D+00 0.5000000000D-03 0.1600000000D-03 0.1345570000D+02 0.1034700000D+00 0.5370000000D-03 0.1700000000D-02 0.1014228000D+01 0.5516700000D+01 0.4164800000D+01 0.2240300000D+01
2 8620120728201208042456136.4 0.1200000000D-02-0.1500000000D-03 0.1727080000D+02 0.2317600000D+00 0.7500000000D-03 0.1800000000D-02 0.2062264000D+01 0.1370000000D-01 0.4799100000D+01 0.8764000000D+00 0.4000000000D-03 0.2200000000D-03 0.1329730000D+02 0.1054100000D+00 0.6390000000D-03 0.1300000000D-02 0.4396043000D+01 0.2600200000D+01 0.1582900000D+01 0.2791900000D+01
2 8720120804201208112456143.4 0.1100000000D-02-0.1800000000D-03 0.1655400000D+02 0.2324200000D+00 0.8780000000D-03 0.2100000000D-02 0.5411553000D+01 0.3403300000D+01 0.1508900000D+01 0.1293600000D+01 0.5000000000D-03 0.2100000000D-03 0.1312320000D+02 0.1101100000D+00 0.6550000000D-03 0.1100000000D-02 0.1492755000D+01 0.5964900000D+01 0.4517300000D+01 0.3579000000D+01
2 8820120811201208182456150.4 0.7000000000D-03-0.1600000000D-03 0.1589780000D+02 0.2294700000D+00 0.9350000000D-03 0.2400000000D-02 0.2472628000D+01 0.5055000000D+00 0.5199100000D+01 0.1531800000D+01 0.7000000000D-03 0.1800000000D-03 0.1292930000D+02 0.1121000000D+00 0.7070000000D-03 0.1500000000D-02 0.4870384000D+01 0.3036300000D+01 0.1631400000D+01 0.4251600000D+01
2 8920120818201208252456157.4 0.4000000000D-03-0.1800000000D-03 0.1530740000D+02 0.2290500000D+00 0.8310000000D-03 0.2100000000D-02 0.5812178000D+01 0.3883000000D+01 0.2335500000D+01 0.1701400000D+01 0.8000000000D-03 0.1900000000D-03 0.1271310000D+02 0.1137000000D+00 0.7320000000D-03 0.1800000000D-02 0.1963123000D+01 0.1016000000D+00 0.4983000000D+01 0.4513700000D+01
2 9020120825201209012456164.4 0.3000000000D-03-0.2200000000D-03 0.1477990000D+02 0.2298700000D+00 0.1095000000D-02 0.1600000000D-02 0.2863629000D+01 0.9841000000D+00 0.5579200000D+01 0.2005200000D+01 0.8000000000D-03 0.2100000000D-03 0.1247220000D+02 0.1161400000D+00 0.8660000000D-03 0.1700000000D-02 0.5337796000D+01 0.3449200000D+01 0.1738200000D+01 0.4744300000D+01
2 9120120901201209082456171.4 0.0000000000D+00-0.1900000000D-03 0.1432320000D+02 0.2285000000D+00 0.9920000000D-03 0.1100000000D-02 0.6193065000D+01 0.4353900000D+01 0.2938300000D+01 0.2500300000D+01 0.1100000000D-02 0.1500000000D-03 0.1220360000D+02 0.1150300000D+00 0.8400000000D-03 0.1400000000D-02 0.2427960000D+01 0.4976000000D+00 0.5282600000D+01 0.5009900000D+01
2 9220120908201209152456178.4-0.4000000000D-03-0.1800000000D-03 0.1393510000D+02 0.2312300000D+00 0.1152000000D-02 0.1000000000D-02 0.3234933000D+01 0.1445600000D+01 0.6046900000D+01 0.3467300000D+01 0.1200000000D-02 0.1400000000D-03 0.1190400000D+02 0.1166300000D+00 0.1014000000D-02 0.8000000000D-03 0.5801149000D+01 0.3831200000D+01 0.2003300000D+01 0.5538500000D+01
2 9320120915201209222456185.4-0.6000000000D-03-0.2300000000D-03 0.1362060000D+02 0.2299100000D+00 0.1164000000D-02 0.1400000000D-02 0.2719050000D+00 0.4812000000D+01 0.3420200000D+01 0.3978500000D+01 0.1200000000D-02 0.1500000000D-03 0.1156950000D+02 0.1136800000D+00 0.9630000000D-03 0.8000000000D-03 0.2890606000D+01 0.8635000000D+00 0.5557500000D+01 0.3155000000D+00
2 9420120922201209292456192.4-0.9000000000D-03-0.2200000000D-03 0.1338220000D+02 0.2332800000D+00 0.1230000000D-02 0.1700000000D-02 0.3588706000D+01 0.1894300000D+01 0.2094000000D+00 0.4271000000D+01 0.1300000000D-02 0.1300000000D-03 0.1119930000D+02 0.1142100000D+00 0.1142000000D-02 0.1200000000D-02 0.6264326000D+01 0.4179000000D+01 0.2277200000D+01 0.8781000000D+00
2 9520120929201210062456199.4-0.1300000000D-02-0.1900000000D-03 0.1321950000D+02 0.2324500000D+00 0.1335000000D-02 0.1900000000D-02 0.6189030000D+00 0.5256700000D+01 0.3721100000D+01 0.4450600000D+01 0.1500000000D-02 0.9000000000D-04 0.1078770000D+02 0.1103400000D+00 0.1151000000D-02 0.1500000000D-02 0.3355657000D+01 0.1195300000D+01 0.5735800000D+01 0.1150100000D+01
2 9620121006201210132456206.4-0.1500000000D-02-0.1900000000D-03 0.1313360000D+02 0.2334100000D+00 0.1346000000D-02 0.1600000000D-02 0.3930603000D+01 0.2328400000D+01 0.7398000000D+00 0.4623000000D+01 0.1500000000D-02 0.1000000000D-03 0.1033620000D+02 0.1084900000D+00 0.1185000000D-02 0.1400000000D-02 0.4494780000D+00 0.4481400000D+01 0.2640700000D+01 0.1306600000D+01
2 9720121013201210202456213.4-0.1700000000D-02-0.2100000000D-03 0.1311730000D+02 0.2342000000D+00 0.1475000000D-02 0.1300000000D-02 0.9582740000D+00 0.5683200000D+01 0.3989500000D+01 0.4992500000D+01 0.1400000000D-02 0.1000000000D-03 0.9838800000D+01 0.1054000000D+00 0.1348000000D-02 0.1100000000D-02 0.3829689000D+01 0.1482300000D+01 0.5937800000D+01 0.1596100000D+01
2 9820121020201210272456220.4-0.2100000000D-02-0.1500000000D-03 0.1316790000D+02 0.2323900000D+00 0.1506000000D-02 0.1000000000D-02 0.4269268000D+01 0.2747300000D+01 0.1136000000D+01 0.5523300000D+01 0.1400000000D-02 0.6000000000D-04 0.9300800000D+01 0.1021400000D+00 0.1245000000D-02 0.7000000000D-03 0.9311910000D+00 0.4737400000D+01 0.2925200000D+01 0.2089900000D+01
2 9920121027201211032456227.4-0.2400000000D-02-0.1300000000D-03 0.1327310000D+02 0.2328100000D+00 0.1616000000D-02 0.1000000000D-02 0.1298877000D+01 0.6091000000D+01 0.4268900000D+01 0.9960000000D-01 0.1400000000D-02 0.4000000000D-04 0.8721400000D+01 0.9961000000D-01 0.1458000000D-02 0.6000000000D-03 0.4322544000D+01 0.1718900000D+01 0.6170600000D+01 0.3156400000D+01
210020121103201211102456234.4-0.2700000000D-02-0.1000000000D-03 0.1342190000D+02 0.2277600000D+00 0.1690000000D-02 0.1400000000D-02 0.4613619000D+01 0.3147600000D+01 0.1534900000D+01 0.4962000000D+00 0.1300000000D-02 0.3000000000D-04 0.8108600000D+01 0.9627000000D-01 0.1235000000D-02 0.8000000000D-03 0.1438806000D+01 0.4945500000D+01 0.3181700000D+01 0.3676500000D+01
210120121110201211172456241.4-0.3000000000D-02-0.6000000000D-04 0.1359940000D+02 0.2281300000D+00 0.1756000000D-02 0.1600000000D-02 0.1648930000D+01 0.1947000000D+00 0.4538800000D+01 0.7569000000D+00 0.1300000000D-02 0.1000000000D-04 0.7471500000D+01 0.9458000000D-01 0.1512000000D-02 0.8000000000D-03 0.4850294000D+01 0.1916400000D+01 0.1204000000D+00 0.3944300000D+01
210220121117201211242456248.4-0.3400000000D-02 0.0000000000D+00 0.1379040000D+02 0.2208200000D+00 0.1819000000D-02 0.1700000000D-02 0.4970236000D+01 0.3526000000D+01 0.1823100000D+01 0.9628000000D+00 0.1200000000D-02 0.0000000000D+00 0.6825400000D+01 0.9219000000D-01 0.1256000000D-02 0.7000000000D-03 0.1992920000D+01 0.5128000000D+01 0.3358000000D+01 0.4172100000D+01
210320121124201212012456255.4-0.3600000000D-02 0.1000000000D-04 0.1398130000D+02 0.2187000000D+00 0.1835000000D-02 0.1300000000D-02 0.2012815000D+01 0.5617000000D+00 0.4913400000D+01 0.1164600000D+01 0.1100000000D-02 0.0000000000D+00 0.6193800000D+01 0.9045000000D-01 0.1407000000D-02 0.4000000000D-03 0.5438900000D+01 0.2086400000D+01 0.3137000000D+00 0.4548600000D+01
210420121201201212082456262.4-0.3900000000D-02 0.7000000000D-04 0.1415520000D+02 0.2110300000D+00 0.1932000000D-02 0.9000000000D-03 0.5341861000D+01 0.3883500000D+01 0.2131200000D+01 0.1774000000D+01 0.9000000000D-03 0.0000000000D+00 0.5605400000D+01 0.8856000000D-01 0.1234000000D-02 0.3000000000D-03 0.2625672000D+01 0.5302000000D+01 0.3522800000D+01 0.5962500000D+01
210520121208201212152456269.4-0.4100000000D-02 0.1000000000D-03 0.1430290000D+02 0.2075700000D+00 0.1824000000D-02 0.8000000000D-03 0.2391874000D+01 0.9072000000D+00 0.5285000000D+01 0.2684500000D+01 0.8000000000D-03 0.0000000000D+00 0.5100700000D+01 0.8671000000D-01 0.1322000000D-02 0.5000000000D-03 0.6124934000D+01 0.2256200000D+01 0.4463000000D+00 0.4553000000D+00
210620121215201212222456276.4-0.4200000000D-02 0.1100000000D-03 0.1441050000D+02 0.2011600000D+00 0.1931000000D-02 0.1300000000D-02 0.5728052000D+01 0.4221400000D+01 0.2394000000D+01 0.3352800000D+01 0.6000000000D-03 0.0000000000D+00 0.4720600000D+01 0.8414000000D-01 0.1230000000D-02 0.6000000000D-03 0.3370382000D+01 0.5477500000D+01 0.3667100000D+01 0.6668000000D+00
210720121222201212292456283.4-0.4300000000D-02 0.1300000000D-03 0.1447630000D+02 0.1954600000D+00 0.1741000000D-02 0.1700000000D-02 0.2784182000D+01 0.1239900000D+01 0.5749600000D+01 0.3554700000D+01 0.4000000000D-03 0.1000000000D-04 0.4508300000D+01 0.8195000000D-01 0.1266000000D-02 0.5000000000D-03 0.6387360000D+00 0.2422600000D+01 0.5241000000D+00 0.9409000000D+00
210820121229201301052456290.4-0.4400000000D-02 0.1800000000D-03 0.1449040000D+02 0.1922100000D+00 0.1886000000D-02 0.1800000000D-02 0.6126218000D+01 0.4549700000D+01 0.2676400000D+01 0.3736100000D+01 0.3000000000D-03 0.1000000000D-04 0.4482500000D+01 0.7798000000D-01 0.1185000000D-02 0.2000000000D-03 0.4198068000D+01 0.5640400000D+01 0.3824900000D+01 0.1673600000D+01
210920130105201301122456297.4-0.4300000000D-02 0.1600000000D-03 0.1445610000D+02 0.1860100000D+00 0.1651000000D-02 0.1600000000D-02 0.3186883000D+01 0.1567300000D+01 0.6163700000D+01 0.3897400000D+01 0.1000000000D-03 0.2000000000D-04 0.4635600000D+01 0.7567000000D-01 0.1277000000D-02 0.3000000000D-03 0.1462256000D+01 0.2577100000D+01 0.6672000000D+00 0.3049900000D+01
