 4 2   2  56 19.7027 4.9788  7.0  7.0 109 2451178.5000 1999                                                                                                                                                                                                                                                                                                                      
1  219981231199901072451178.4-0.1630000000D+00-0.8600000000D-03 0.7264300000D+01 0.7124000000D-01 0.2460000000D-03 0.5580000000D-01 0.5937667000D+01 0.4879600000D+01 0.4680300000D+01-0.2198000000D+01 0.8220000000D-01 0.1110000000D-02 0.5626100000D+01 0.5002000000D-01 0.2020000000D-03 0.4370000000D-01 0.2049856000D+01 0.1586400000D+01 0.1069900000D+01-0.6073500000D+01
1  319990107199901142451185.4-0.1683000000D+00-0.1150000000D-02 0.7527100000D+01 0.7495000000D-01 0.3450000000D-03 0.5780000000D-01 0.5566664000D+01 0.4565900000D+01 0.4384100000D+01-0.2932600000D+01 0.8910000000D-01 0.1240000000D-02 0.5949400000D+01 0.5236000000D-01 0.2620000000D-03 0.4620000000D-01 0.1710731000D+01 0.1256300000D+01 0.9801000000D+00-0.4922000000D+00
1  419990114199901212451192.4-0.1750000000D+00-0.1330000000D-02 0.7833200000D+01 0.7925000000D-01 0.4310000000D-03 0.6040000000D-01 0.5196686000D+01 0.4251900000D+01 0.4285900000D+01-0.3665000000D+01 0.9700000000D-01 0.1270000000D-02 0.6292600000D+01 0.5533000000D-01 0.2970000000D-03 0.4900000000D-01 0.1372632000D+01 0.9307000000D+00 0.9763000000D+00-0.1189800000D+01
1  519990121199901282451199.4-0.1833000000D+00-0.1360000000D-02 0.8187500000D+01 0.8447000000D-01 0.4860000000D-03 0.6350000000D-01 0.4828480000D+01 0.3941800000D+01 0.4282600000D+01-0.4390700000D+01 0.1057000000D+00 0.1260000000D-02 0.6658800000D+01 0.5902000000D-01 0.3130000000D-03 0.5190000000D-01 0.1035836000D+01 0.6157000000D+00 0.9793000000D+00-0.1882600000D+01
1  619990128199902042451206.4-0.1931000000D+00-0.1360000000D-02 0.8594900000D+01 0.9053000000D-01 0.5200000000D-03 0.6680000000D-01 0.4462611000D+01 0.3644000000D+01 0.4280500000D+01-0.5110700000D+01 0.1151000000D+00 0.1300000000D-02 0.7052500000D+01 0.6321000000D-01 0.3300000000D-03 0.5480000000D-01 0.7005420000D+00 0.3166000000D+00 0.8483000000D+00-0.2574600000D+01
1  719990204199902112451213.4-0.2038000000D+00-0.1470000000D-02 0.9062900000D+01 0.9682000000D-01 0.5370000000D-03 0.7020000000D-01 0.4099690000D+01 0.3365200000D+01 0.4177600000D+01-0.5831400000D+01 0.1251000000D+00 0.1460000000D-02 0.7479900000D+01 0.6768000000D-01 0.3680000000D-03 0.5800000000D-01 0.3671120000D+00 0.3210000000D-01 0.5139000000D+00-0.3269900000D+01
1  819990211199902182451220.4-0.2156000000D+00-0.1780000000D-02 0.9601100000D+01 0.1027700000D+00 0.5840000000D-03 0.7450000000D-01 0.3740895000D+01 0.3102900000D+01 0.3957200000D+01-0.2692000000D+00 0.1361000000D+00 0.1750000000D-02 0.7947500000D+01 0.7255000000D-01 0.4610000000D-03 0.6190000000D-01 0.3613800000D-01 0.6038000000D+01 0.1319000000D+00-0.3962600000D+01
1  919990218199902252451227.4-0.2289000000D+00-0.2230000000D-02 0.1021590000D+02 0.1084900000D+00 0.7050000000D-03 0.7980000000D-01 0.3387784000D+01 0.2853000000D+01 0.3725600000D+01-0.9830000000D+00 0.1485000000D+00 0.2090000000D-02 0.8460600000D+01 0.7819000000D-01 0.5830000000D-03 0.6620000000D-01 0.5991327000D+01 0.5763600000D+01 0.6112800000D+01-0.4648800000D+01
1 1019990225199903042451234.4-0.2445000000D+00-0.2650000000D-02 0.1090930000D+02 0.1145000000D+00 0.9130000000D-03 0.8570000000D-01 0.3041786000D+01 0.2616200000D+01 0.3578500000D+01-0.1684000000D+01 0.1627000000D+00 0.2410000000D-02 0.9023500000D+01 0.8495000000D-01 0.6950000000D-03 0.7070000000D-01 0.5666620000D+01 0.5492000000D+01 0.5884800000D+01-0.5329700000D+01
1 1119990304199903112451241.4-0.2626000000D+00-0.2910000000D-02 0.1168130000D+02 0.1212800000D+00 0.1199000000D-02 0.9160000000D-01 0.2704125000D+01 0.2399800000D+01 0.3530100000D+01-0.2374200000D+01 0.1791000000D+00 0.2670000000D-02 0.9641200000D+01 0.9307000000D-01 0.7410000000D-03 0.7530000000D-01 0.5345412000D+01 0.5225700000D+01 0.5742500000D+01-0.6011000000D+01
1 1219990311199903182451248.4-0.2829000000D+00-0.3040000000D-02 0.1252960000D+02 0.1286200000D+00 0.1562000000D-02 0.9780000000D-01 0.2376162000D+01 0.2212700000D+01 0.3521400000D+01-0.3061400000D+01 0.1976000000D+00 0.2930000000D-02 0.1031780000D+02 0.1018800000D+00 0.7000000000D-03 0.8060000000D-01 0.5028020000D+01 0.4967400000D+01 0.5720500000D+01-0.4105000000D+00
1 1319990318199903252451255.4-0.3044000000D+00-0.3110000000D-02 0.1344480000D+02 0.1358200000D+00 0.1966000000D-02 0.1051000000D+00 0.2059388000D+01 0.2059900000D+01 0.3497100000D+01-0.3739100000D+01 0.2179000000D+00 0.3220000000D-02 0.1105140000D+02 0.1097100000D+00 0.6280000000D-03 0.8670000000D-01 0.4714851000D+01 0.4717700000D+01 0.5892200000D+01-0.1085500000D+01
1 1419990325199904012451262.4-0.3259000000D+00-0.3030000000D-02 0.1440340000D+02 0.1426300000D+00 0.2380000000D-02 0.1128000000D+00 0.1754951000D+01 0.1939800000D+01 0.3452400000D+01-0.4399900000D+01 0.2400000000D+00 0.3430000000D-02 0.1182750000D+02 0.1145300000D+00 0.6850000000D-03 0.9280000000D-01 0.4406162000D+01 0.4477300000D+01 0.6246000000D+01-0.1751800000D+01
1 1519990401199904082451269.4-0.3461000000D+00-0.2570000000D-02 0.1536880000D+02 0.1494700000D+00 0.2744000000D-02 0.1199000000D+00 0.1463203000D+01 0.1851400000D+01 0.3435600000D+01-0.5046800000D+01 0.2632000000D+00 0.3370000000D-02 0.1261730000D+02 0.1143800000D+00 0.1005000000D-02 0.9820000000D-01 0.4101959000D+01 0.4251400000D+01 0.2377000000D+00-0.2416400000D+01
1 1619990408199904152451276.4-0.3628000000D+00-0.1510000000D-02 0.1629110000D+02 0.1553400000D+00 0.2968000000D-02 0.1261000000D+00 0.1183749000D+01 0.1790400000D+01 0.3479700000D+01-0.5686300000D+01 0.2866000000D+00 0.2910000000D-02 0.1337460000D+02 0.1067100000D+00 0.1552000000D-02 0.1033000000D+00 0.3802088000D+01 0.4047900000D+01 0.2818000000D+00-0.3083300000D+01
1 1719990415199904222451283.4-0.3731000000D+00 0.1100000000D-03 0.1710460000D+02 0.1572200000D+00 0.3062000000D-02 0.1316000000D+00 0.9149360000D+00 0.1748200000D+01 0.3602000000D+01-0.3700000000D-01 0.3078000000D+00 0.2050000000D-02 0.1403220000D+02 0.8974000000D-01 0.2145000000D-02 0.1080000000D+00 0.3505906000D+01 0.3885700000D+01 0.2005000000D+00-0.3746600000D+01
1 1819990422199904292451290.4-0.3735000000D+00 0.1880000000D-02 0.1773350000D+02 0.1513600000D+00 0.3188000000D-02 0.1358000000D+00 0.6532010000D+00 0.1719000000D+01 0.3749000000D+01-0.6643000000D+00 0.3238000000D+00 0.1060000000D-02 0.1451450000D+02 0.6486000000D-01 0.2550000000D-02 0.1110000000D+00 0.3211921000D+01 0.3818200000D+01 0.7690000000D-01-0.4404000000D+01
1 1919990429199905062451297.4-0.3620000000D+00 0.3240000000D-02 0.1811430000D+02 0.1373900000D+00 0.3433000000D-02 0.1376000000D+00 0.3934290000D+00 0.1713200000D+01 0.3847500000D+01-0.1292800000D+01 0.3323000000D+00 0.2000000000D-03 0.1476390000D+02 0.3988000000D-01 0.2658000000D-02 0.1118000000D+00 0.2917966000D+01 0.4032800000D+01 0.6238000000D+01-0.5065900000D+01
1 2019990506199905132451304.4-0.3399000000D+00 0.3980000000D-02 0.1821280000D+02 0.1186300000D+00 0.3635000000D-02 0.1372000000D+00 0.1303300000D+00 0.1760400000D+01 0.3866000000D+01-0.1928800000D+01 0.3332000000D+00-0.5300000000D-03 0.1476050000D+02 0.3480000000D-01 0.2420000000D-02 0.1108000000D+00 0.2621798000D+01 0.4760000000D+01 0.6139100000D+01-0.5734400000D+01
1 2119990513199905202451311.4-0.3108000000D+00 0.4230000000D-02 0.1802980000D+02 0.1024600000D+00 0.3587000000D-02 0.1347000000D+00 0.6142473000D+01 0.1893200000D+01 0.3831900000D+01-0.2574800000D+01 0.3277000000D+00-0.1270000000D-02 0.1452270000D+02 0.5335000000D-01 0.1890000000D-02 0.1083000000D+00 0.2321442000D+01 0.5118300000D+01 0.6088400000D+01-0.1246000000D+00
1 2219990520199905272451318.4-0.2794000000D+00 0.4230000000D-02 0.1760040000D+02 0.9664000000D-01 0.3157000000D-02 0.1306000000D+00 0.5860110000D+01 0.2081800000D+01 0.3767700000D+01-0.3234500000D+01 0.3176000000D+00-0.1990000000D-02 0.1409870000D+02 0.7241000000D-01 0.1270000000D-02 0.1047000000D+00 0.2015311000D+01 0.5108500000D+01 0.6086000000D+01-0.8033000000D+00
1 2319990527199906032451325.4-0.2488000000D+00 0.4140000000D-02 0.1698450000D+02 0.1020600000D+00 0.2498000000D-02 0.1257000000D+00 0.5564666000D+01 0.2207900000D+01 0.3672900000D+01-0.3906200000D+01 0.3041000000D+00-0.2530000000D-02 0.1355430000D+02 0.8444000000D-01 0.8000000000D-03 0.1001000000D+00 0.1702355000D+01 0.4974800000D+01 0.6065700000D+01-0.1489000000D+01
1 2419990603199906102451332.4-0.2208000000D+00 0.3920000000D-02 0.1624780000D+02 0.1123500000D+00 0.1814000000D-02 0.1197000000D+00 0.5255846000D+01 0.2212100000D+01 0.3533500000D+01-0.4590500000D+01 0.2882000000D+00-0.2720000000D-02 0.1295140000D+02 0.9036000000D-01 0.5400000000D-03 0.9520000000D-01 0.1382295000D+01 0.4783900000D+01 0.5974700000D+01-0.2185100000D+01
1 2519990610199906172451339.4-0.1956000000D+00 0.3450000000D-02 0.1544810000D+02 0.1222600000D+00 0.1281000000D-02 0.1132000000D+00 0.4934035000D+01 0.2112800000D+01 0.3335700000D+01-0.5290900000D+01 0.2709000000D+00-0.2520000000D-02 0.1233540000D+02 0.9272000000D-01 0.4540000000D-03 0.9050000000D-01 0.1055453000D+01 0.4558600000D+01 0.5894000000D+01-0.2890400000D+01
1 2619990617199906242451346.4-0.1736000000D+00 0.2700000000D-02 0.1463210000D+02 0.1296000000D+00 0.9330000000D-03 0.1070000000D+00 0.4599915000D+01 0.1941900000D+01 0.3075600000D+01-0.6007300000D+01 0.2537000000D+00-0.2110000000D-02 0.1173340000D+02 0.9321000000D-01 0.4420000000D-03 0.8630000000D-01 0.7224190000D+00 0.4314100000D+01 0.5857000000D+01-0.3601400000D+01
1 2719990624199907012451353.4-0.1554000000D+00 0.1880000000D-02 0.1383590000D+02 0.1344200000D+00 0.7470000000D-03 0.1015000000D+00 0.4254564000D+01 0.1720600000D+01 0.2779700000D+01-0.4503000000D+00 0.2380000000D+00-0.1770000000D-02 0.1116010000D+02 0.9276000000D-01 0.3960000000D-03 0.8240000000D-01 0.3838790000D+00 0.4058600000D+01 0.5812700000D+01-0.4312000000D+01
1 2819990701199907082451360.4-0.1415000000D+00 0.1210000000D-02 0.1308020000D+02 0.1380600000D+00 0.5830000000D-03 0.9640000000D-01 0.3899338000D+01 0.1468600000D+01 0.2556100000D+01-0.1178800000D+01 0.2242000000D+00-0.1620000000D-02 0.1061900000D+02 0.9183000000D-01 0.2670000000D-03 0.7810000000D-01 0.4044200000D-01 0.3794100000D+01 0.5870200000D+01-0.5026900000D+01
1 2919990708199907152451367.4-0.1316000000D+00 0.7800000000D-03 0.1237310000D+02 0.1409400000D+00 0.3490000000D-03 0.9080000000D-01 0.3535177000D+01 0.1199100000D+01 0.2454400000D+01-0.1918000000D+01 0.2119000000D+00-0.1590000000D-02 0.1010890000D+02 0.9046000000D-01 0.1340000000D-03 0.7410000000D-01 0.5975681000D+01 0.3515000000D+01 0.1486000000D+00-0.5755100000D+01
1 3019990715199907222451374.4-0.1250000000D+00 0.5200000000D-03 0.1171930000D+02 0.1425400000D+00 0.8900000000D-04 0.8570000000D-01 0.3162482000D+01 0.9163000000D+00 0.3082400000D+01-0.2674500000D+01 0.2005000000D+00-0.1560000000D-02 0.9627700000D+01 0.8877000000D-01 0.1750000000D-03 0.7090000000D-01 0.5623612000D+01 0.3215700000D+01 0.1097800000D+01-0.2049000000D+00
1 3119990722199907292451381.4-0.1207000000D+00 0.3400000000D-03 0.1112450000D+02 0.1425100000D+00 0.2270000000D-03 0.8180000000D-01 0.2781643000D+01 0.6172000000D+00 0.4778900000D+01-0.3439300000D+01 0.1897000000D+00-0.1500000000D-02 0.9172400000D+01 0.8705000000D-01 0.2720000000D-03 0.6790000000D-01 0.5267986000D+01 0.2893600000D+01 0.1166100000D+01-0.9331000000D+00
1 3219990729199908052451388.4-0.1183000000D+00 0.1800000000D-03 0.1059200000D+02 0.1414700000D+00 0.3810000000D-03 0.7850000000D-01 0.2393330000D+01 0.2989000000D+00 0.4788600000D+01-0.4200300000D+01 0.1794000000D+00-0.1430000000D-02 0.8738000000D+01 0.8577000000D-01 0.3140000000D-03 0.6440000000D-01 0.4909508000D+01 0.2549800000D+01 0.8621000000D+00-0.1660900000D+01
1 3319990805199908122451395.4-0.1174000000D+00 0.5000000000D-04 0.1012150000D+02 0.1404200000D+00 0.3870000000D-03 0.7470000000D-01 0.1998293000D+01 0.6245300000D+01 0.4638600000D+01-0.4965100000D+01 0.1697000000D+00-0.1410000000D-02 0.8317100000D+01 0.8499000000D-01 0.3340000000D-03 0.6080000000D-01 0.4548834000D+01 0.2190700000D+01 0.2819000000D+00-0.2399700000D+01
1 3419990812199908192451402.4-0.1179000000D+00-0.1000000000D-04 0.9709500000D+01 0.1399600000D+00 0.3100000000D-03 0.7120000000D-01 0.1597190000D+01 0.5898200000D+01 0.4230900000D+01-0.5748600000D+01 0.1604000000D+00-0.1410000000D-02 0.7903100000D+01 0.8404000000D-01 0.4250000000D-03 0.5790000000D-01 0.4186445000D+01 0.1823900000D+01 0.5980400000D+01-0.3143100000D+01
1 3519990819199908262451409.4-0.1193000000D+00-0.1100000000D-03 0.9353100000D+01 0.1396800000D+00 0.3240000000D-03 0.6910000000D-01 0.1190641000D+01 0.5548300000D+01 0.3527600000D+01-0.2554000000D+00 0.1511000000D+00-0.1360000000D-02 0.7491500000D+01 0.8221000000D-01 0.5500000000D-03 0.5510000000D-01 0.3822820000D+01 0.1448100000D+01 0.5630600000D+01-0.3878700000D+01
1 3619990826199909022451416.4-0.1212000000D+00-0.3400000000D-03 0.9049600000D+01 0.1388900000D+00 0.4890000000D-03 0.6740000000D-01 0.7793320000D+00 0.5197600000D+01 0.3084000000D+01-0.1038200000D+01 0.1417000000D+00-0.1230000000D-02 0.7079700000D+01 0.7960000000D-01 0.6300000000D-03 0.5190000000D-01 0.3458635000D+01 0.1056600000D+01 0.5390800000D+01-0.4610800000D+01
1 3719990902199909092451423.4-0.1237000000D+00-0.6700000000D-03 0.8796800000D+01 0.1370600000D+00 0.6650000000D-03 0.6540000000D-01 0.3639370000D+00 0.4840800000D+01 0.2898200000D+01-0.1821100000D+01 0.1324000000D+00-0.1140000000D-02 0.6665300000D+01 0.7693000000D-01 0.6270000000D-03 0.4840000000D-01 0.3094773000D+01 0.6443000000D+00 0.5118100000D+01-0.5347900000D+01
1 3819990909199909162451430.4-0.1271000000D+00-0.9100000000D-03 0.8593800000D+01 0.1345300000D+00 0.7380000000D-03 0.6360000000D-01 0.6228557000D+01 0.4470600000D+01 0.2738800000D+01-0.2617800000D+01 0.1234000000D+00-0.1150000000D-02 0.6246000000D+01 0.7484000000D-01 0.5850000000D-03 0.4520000000D-01 0.2732385000D+01 0.2169000000D+00 0.4680800000D+01-0.6088100000D+01
1 3919990916199909232451437.4-0.1317000000D+00-0.9200000000D-03 0.8437000000D+01 0.1323700000D+00 0.6830000000D-03 0.6280000000D-01 0.5808189000D+01 0.4086100000D+01 0.2442900000D+01-0.3418200000D+01 0.1145000000D+00-0.1300000000D-02 0.5819200000D+01 0.7305000000D-01 0.6250000000D-03 0.4230000000D-01 0.2372794000D+01 0.6068700000D+01 0.4123800000D+01-0.5346000000D+00
1 4019990923199909302451444.4-0.1372000000D+00-0.6700000000D-03 0.8317700000D+01 0.1309900000D+00 0.6320000000D-03 0.6250000000D-01 0.5387331000D+01 0.3695700000D+01 0.1888200000D+01-0.4208600000D+01 0.1054000000D+00-0.1500000000D-02 0.5383800000D+01 0.7079000000D-01 0.7350000000D-03 0.3900000000D-01 0.2017350000D+01 0.5633800000D+01 0.3664200000D+01-0.1254600000D+01
1 4119990930199910072451451.4-0.1425000000D+00-0.3800000000D-03 0.8226400000D+01 0.1294200000D+00 0.7370000000D-03 0.6170000000D-01 0.4966728000D+01 0.3305800000D+01 0.1301600000D+01-0.4995600000D+01 0.9560000000D-01-0.1620000000D-02 0.4941700000D+01 0.6796000000D-01 0.7940000000D-03 0.3540000000D-01 0.1667642000D+01 0.5185300000D+01 0.3290400000D+01-0.1973300000D+01
1 4219991007199910142451458.4-0.1468000000D+00-0.2700000000D-03 0.8156600000D+01 0.1264900000D+00 0.9060000000D-03 0.6090000000D-01 0.4546809000D+01 0.2914200000D+01 0.9266000000D+00-0.5790400000D+01 0.8500000000D-01-0.1600000000D-02 0.4497200000D+01 0.6515000000D-01 0.7580000000D-03 0.3210000000D-01 0.1325949000D+01 0.4718600000D+01 0.2884900000D+01-0.2687700000D+01
1 4319991014199910212451465.4-0.1502000000D+00-0.3500000000D-03 0.8104200000D+01 0.1222500000D+00 0.9820000000D-03 0.6070000000D-01 0.4128332000D+01 0.2511300000D+01 0.6574000000D+00-0.3049000000D+00 0.7400000000D-01-0.1520000000D-02 0.4056600000D+01 0.6279000000D-01 0.6960000000D-03 0.2900000000D-01 0.9956010000D+00 0.4242400000D+01 0.2370700000D+01-0.3385000000D+01
1 4419991021199910282451472.4-0.1530000000D+00-0.4800000000D-03 0.8062300000D+01 0.1181300000D+00 0.9350000000D-03 0.6090000000D-01 0.3712351000D+01 0.2093600000D+01 0.3331000000D+00-0.1089300000D+01 0.6300000000D-01-0.1450000000D-02 0.3627300000D+01 0.6053000000D-01 0.6980000000D-03 0.2590000000D-01 0.6808900000D+00 0.3768500000D+01 0.1805100000D+01-0.4057800000D+01
1 4519991028199911042451479.4-0.1557000000D+00-0.5100000000D-03 0.8020100000D+01 0.1149500000D+00 0.8690000000D-03 0.6050000000D-01 0.3299405000D+01 0.1669100000D+01 0.6148200000D+01-0.1867300000D+01 0.5220000000D-01-0.1460000000D-02 0.3220100000D+01 0.5776000000D-01 0.7300000000D-03 0.2290000000D-01 0.3867410000D+00 0.3295400000D+01 0.1311200000D+01-0.4712000000D+01
1 4619991104199911112451486.4-0.1584000000D+00-0.3900000000D-03 0.7969100000D+01 0.1121300000D+00 0.9070000000D-03 0.5960000000D-01 0.2889325000D+01 0.1246700000D+01 0.5602200000D+01-0.2652800000D+01 0.4150000000D-01-0.1520000000D-02 0.2850700000D+01 0.5457000000D-01 0.7210000000D-03 0.2030000000D-01 0.1186030000D+00 0.2813800000D+01 0.8507000000D+00-0.5343300000D+01
1 4719991111199911182451493.4-0.1606000000D+00-0.2000000000D-03 0.7905600000D+01 0.1087000000D+00 0.1021000000D-02 0.5930000000D-01 0.2481789000D+01 0.8256000000D+00 0.5137600000D+01-0.3440500000D+01 0.3090000000D-01-0.1550000000D-02 0.2539100000D+01 0.5136000000D-01 0.6770000000D-03 0.1830000000D-01 0.6164734000D+01 0.2322700000D+01 0.3420000000D+00-0.5939900000D+01
1 4819991118199911252451500.4-0.1618000000D+00-0.2000000000D-04 0.7828600000D+01 0.1045300000D+00 0.1074000000D-02 0.5910000000D-01 0.2076728000D+01 0.3974000000D+00 0.4766600000D+01-0.4214000000D+01 0.2020000000D-01-0.1520000000D-02 0.2307300000D+01 0.4816000000D-01 0.6510000000D-03 0.1690000000D-01 0.5960038000D+01 0.1828800000D+01 0.6062300000D+01-0.2193000000D+00
1 4919991125199912022451507.4-0.1622000000D+00 0.1300000000D-03 0.7735900000D+01 0.1005400000D+00 0.9840000000D-03 0.5810000000D-01 0.1674213000D+01 0.6240700000D+01 0.4405200000D+01-0.4980800000D+01 0.9800000000D-02-0.1400000000D-02 0.2173400000D+01 0.4470000000D-01 0.6560000000D-03 0.1630000000D-01 0.5779977000D+01 0.1333400000D+01 0.5525800000D+01-0.7652000000D+00
1 5019991202199912092451514.4-0.1618000000D+00 0.2900000000D-03 0.7624400000D+01 0.9752000000D-01 0.8250000000D-03 0.5680000000D-01 0.1274088000D+01 0.5797400000D+01 0.3952900000D+01-0.5757600000D+01-0.1000000000D-03-0.1260000000D-02 0.2142800000D+01 0.4096000000D-01 0.6490000000D-03 0.1640000000D-01 0.5606261000D+01 0.8275000000D+00 0.5036800000D+01-0.1319600000D+01
1 5119991209199912162451521.4-0.1605000000D+00 0.4200000000D-03 0.7492800000D+01 0.9518000000D-01 0.7410000000D-03 0.5600000000D-01 0.8759200000D+00 0.5362400000D+01 0.3399900000D+01-0.2517000000D+00-0.9200000000D-02-0.1140000000D-02 0.2204500000D+01 0.3733000000D-01 0.6130000000D-03 0.1720000000D-01 0.5417374000D+01 0.3027000000D+00 0.4533400000D+01-0.1896900000D+01
1 5219991216199912232451528.4-0.1583000000D+00 0.4300000000D-03 0.7342100000D+01 0.9271000000D-01 0.7690000000D-03 0.5510000000D-01 0.4791930000D+00 0.4938800000D+01 0.2918000000D+01-0.1016800000D+01-0.1750000000D-01-0.1080000000D-02 0.2335200000D+01 0.3415000000D-01 0.5890000000D-03 0.1830000000D-01 0.5199188000D+01 0.6046100000D+01 0.3988000000D+01-0.2502400000D+01
1 5319991223199912302451535.4-0.1555000000D+00 0.3400000000D-03 0.7175500000D+01 0.8967000000D-01 0.7870000000D-03 0.5360000000D-01 0.8341100000D-01 0.4518700000D+01 0.2605500000D+01-0.1777500000D+01-0.2500000000D-01-0.1030000000D-02 0.2508200000D+01 0.3128000000D-01 0.5950000000D-03 0.1970000000D-01 0.4948401000D+01 0.5495900000D+01 0.3479400000D+01-0.3141600000D+01
1 5419991230200001062451542.4-0.1523000000D+00 0.2500000000D-03 0.6997000000D+01 0.8676000000D-01 0.7070000000D-03 0.5190000000D-01 0.5971483000D+01 0.4093800000D+01 0.2349400000D+01-0.2548400000D+01-0.3190000000D-01-0.9400000000D-03 0.2700200000D+01 0.2876000000D-01 0.5860000000D-03 0.2110000000D-01 0.4668576000D+01 0.4925400000D+01 0.3036200000D+01-0.3809700000D+01
1 5520000106200001132451549.4-0.1492000000D+00 0.2800000000D-03 0.6808800000D+01 0.8487000000D-01 0.5680000000D-03 0.5060000000D-01 0.5576904000D+01 0.3668400000D+01 0.1983800000D+01-0.3320900000D+01-0.3820000000D-01-0.7900000000D-03 0.2894000000D+01 0.2711000000D-01 0.5360000000D-03 0.2260000000D-01 0.4365292000D+01 0.4329600000D+01 0.2578000000D+01-0.4495300000D+01
2 5619981231199901072451178.4-0.4800000000D-02 0.1200000000D-03 0.1846840000D+02 0.2085700000D+00 0.7900000000D-03 0.2200000000D-02 0.1749600000D-01 0.5165600000D+01 0.4809400000D+01 0.3454900000D+01 0.3200000000D-02 0.3000000000D-04 0.1393690000D+02 0.1426100000D+00 0.5890000000D-03 0.2300000000D-02 0.2372166000D+01 0.1730400000D+01 0.1353700000D+01 0.6002400000D+01
2 5719990107199901142451185.4-0.5200000000D-02 0.1300000000D-03 0.1913380000D+02 0.2193300000D+00 0.8950000000D-03 0.1800000000D-02 0.3381516000D+01 0.2300500000D+01 0.1780000000D+01 0.4219200000D+01 0.3300000000D-02 0.7000000000D-04 0.1476300000D+02 0.1505300000D+00 0.7020000000D-03 0.1900000000D-02 0.5765182000D+01 0.5145500000D+01 0.4488800000D+01 0.7310000000D-01
2 5819990114199901212451192.4-0.5400000000D-02 0.7000000000D-04 0.1990670000D+02 0.2300100000D+00 0.1012000000D-02 0.2100000000D-02 0.4632980000D+00 0.5709100000D+01 0.5558500000D+01 0.5030100000D+01 0.3300000000D-02 0.9000000000D-04 0.1564660000D+02 0.1583200000D+00 0.7450000000D-03 0.1400000000D-02 0.2876163000D+01 0.2261000000D+01 0.2112200000D+01 0.6858000000D+00
2 5919990121199901282451199.4-0.5700000000D-02 0.4000000000D-04 0.2079150000D+02 0.2444900000D+00 0.7260000000D-03 0.3100000000D-02 0.3829812000D+01 0.2850300000D+01 0.2786000000D+01 0.5491400000D+01 0.3500000000D-02 0.9000000000D-04 0.1658920000D+02 0.1688500000D+00 0.5690000000D-03 0.1600000000D-02 0.6271462000D+01 0.5683800000D+01 0.5574200000D+01 0.1715500000D+01
2 6019990128199902042451206.4-0.6200000000D-02 0.4000000000D-04 0.2181350000D+02 0.2539900000D+00 0.1302000000D-02 0.3600000000D-02 0.9151080000D+00 0.1800000000D-02 0.6226000000D+01 0.5736000000D+01 0.3700000000D-02 0.1100000000D-03 0.1760950000D+02 0.1763900000D+00 0.1030000000D-02 0.2500000000D-02 0.3385166000D+01 0.2834100000D+01 0.2706600000D+01 0.2211700000D+01
2 6119990204199902112451213.4-0.6500000000D-02-0.1000000000D-04 0.2298160000D+02 0.2725300000D+00 0.9080000000D-03 0.3400000000D-02 0.4287228000D+01 0.3431100000D+01 0.4230500000D+01 0.6046300000D+01 0.3800000000D-02 0.1800000000D-03 0.1871130000D+02 0.1908000000D+00 0.8050000000D-03 0.3000000000D-02 0.5013710000D+00 0.6258100000D+01 0.5218000000D+00 0.2520700000D+01
2 6219990211199902182451220.4-0.6700000000D-02-0.1000000000D-03 0.2432010000D+02 0.2821100000D+00 0.1309000000D-02 0.2900000000D-02 0.1379657000D+01 0.6153000000D+00 0.9761000000D+00 0.1382000000D+00 0.3900000000D-02 0.1900000000D-03 0.1991830000D+02 0.2009400000D+00 0.1200000000D-02 0.3200000000D-02 0.3902726000D+01 0.3439300000D+01 0.3508900000D+01 0.2764700000D+01
2 6319990218199902252451227.4-0.7200000000D-02-0.1000000000D-03 0.2584240000D+02 0.2991500000D+00 0.1645000000D-02 0.2500000000D-02 0.4761417000D+01 0.4071200000D+01 0.5243200000D+01 0.9468000000D+00 0.4200000000D-02 0.2100000000D-03 0.2124060000D+02 0.2175100000D+00 0.1255000000D-02 0.2500000000D-02 0.1024477000D+01 0.5966000000D+00 0.1251500000D+01 0.3147400000D+01
2 6419990225199903042451234.4-0.7500000000D-02-0.2200000000D-03 0.2755850000D+02 0.3090900000D+00 0.1643000000D-02 0.3600000000D-02 0.1866246000D+01 0.1293200000D+01 0.2248000000D+01 0.1590500000D+01 0.4200000000D-02 0.3100000000D-03 0.2269450000D+02 0.2318100000D+00 0.1396000000D-02 0.2200000000D-02 0.4432302000D+01 0.4079200000D+01 0.4321700000D+01 0.3934400000D+01
2 6519990304199903112451241.4-0.7900000000D-02-0.2600000000D-03 0.2947580000D+02 0.3228700000D+00 0.3030000000D-02 0.4700000000D-02 0.5263129000D+01 0.4786900000D+01 0.6187500000D+01 0.2013700000D+01 0.4200000000D-02 0.3600000000D-03 0.2429200000D+02 0.2507300000D+00 0.1660000000D-02 0.2900000000D-02 0.1561315000D+01 0.1250900000D+01 0.2025100000D+01 0.4688700000D+01
2 6619990311199903182451248.4-0.8400000000D-02-0.2900000000D-03 0.3158390000D+02 0.3335300000D+00 0.3311000000D-02 0.5500000000D-02 0.2386089000D+01 0.2062100000D+01 0.3561400000D+01 0.2271400000D+01 0.4500000000D-02 0.3500000000D-03 0.2604000000D+02 0.2684200000D+00 0.1393000000D-02 0.4200000000D-02 0.4977303000D+01 0.4743900000D+01 0.5460800000D+01 0.5121900000D+01
2 6719990318199903252451255.4-0.9200000000D-02-0.3200000000D-03 0.3386810000D+02 0.3400200000D+00 0.4469000000D-02 0.4900000000D-02 0.5803980000D+01 0.5638000000D+01 0.8636000000D+00 0.2587200000D+01 0.4700000000D-02 0.4000000000D-03 0.2793180000D+02 0.2834800000D+00 0.1381000000D-02 0.4700000000D-02 0.2115083000D+01 0.1944800000D+01 0.3041000000D+01 0.5369200000D+01
2 6819990325199904012451262.4-0.9900000000D-02-0.3600000000D-03 0.3625800000D+02 0.3503600000D+00 0.5739000000D-02 0.3900000000D-02 0.2951286000D+01 0.2968700000D+01 0.4631700000D+01 0.3224700000D+01 0.4800000000D-02 0.4700000000D-03 0.2992560000D+02 0.2933900000D+00 0.1628000000D-02 0.4300000000D-02 0.5541042000D+01 0.5437500000D+01 0.1036100000D+01 0.5735200000D+01
2 6919990401199904082451269.4-0.1040000000D-01-0.4600000000D-03 0.3868320000D+02 0.3534800000D+00 0.5876000000D-02 0.4300000000D-02 0.1115980000D+00 0.3522000000D+00 0.1991100000D+01 0.4234200000D+01 0.5100000000D-02 0.5000000000D-03 0.3195240000D+02 0.2881700000D+00 0.2091000000D-02 0.3300000000D-02 0.2688856000D+01 0.2667000000D+01 0.5098700000D+01 0.1113000000D+00
2 7019990408199904152451276.4-0.1200000000D-01-0.3100000000D-03 0.4100040000D+02 0.3576500000D+00 0.7429000000D-02 0.6900000000D-02 0.3568207000D+01 0.4021400000D+01 0.5762500000D+01 0.4828400000D+01 0.6100000000D-02 0.3400000000D-03 0.3388760000D+02 0.2667100000D+00 0.4145000000D-02 0.4100000000D-02 0.6125078000D+01 0.6172800000D+01 0.2499600000D+01 0.1106900000D+01
2 7119990415199904222451283.4-0.1240000000D-01-0.3900000000D-03 0.4306020000D+02 0.3565800000D+00 0.6831000000D-02 0.8000000000D-02 0.7522880000D+00 0.1474200000D+01 0.3478400000D+01 0.5213300000D+01 0.5700000000D-02 0.5600000000D-03 0.3557140000D+02 0.2185000000D+00 0.5413000000D-02 0.6100000000D-02 0.3282089000D+01 0.3465900000D+01 0.6480000000D-01 0.1668400000D+01
2 7219990422199904292451290.4-0.1240000000D-01-0.5600000000D-03 0.4465950000D+02 0.3278700000D+00 0.7986000000D-02 0.7600000000D-02 0.4227827000D+01 0.5182700000D+01 0.9037000000D+00 0.5673800000D+01 0.6000000000D-02 0.5500000000D-03 0.3680960000D+02 0.1451600000D+00 0.6540000000D-02 0.7100000000D-02 0.4426300000D+00 0.7559000000D+00 0.3504300000D+01 0.2050100000D+01
2 7319990429199905062451297.4-0.1330000000D-01-0.2900000000D-03 0.4564180000D+02 0.2968300000D+00 0.8673000000D-02 0.5700000000D-02 0.1422167000D+01 0.2683500000D+01 0.4896600000D+01 0.1206000000D+00 0.6500000000D-02 0.4200000000D-03 0.3745810000D+02 0.6864000000D-01 0.6671000000D-02 0.6400000000D-02 0.3886725000D+01 0.4714100000D+01 0.9446000000D+00 0.2432700000D+01
2 7419990506199905132451304.4-0.1270000000D-01-0.4000000000D-03 0.4591180000D+02 0.2441500000D+00 0.8534000000D-02 0.6900000000D-02 0.4897695000D+01 0.2509000000D+00 0.2275200000D+01 0.1046200000D+01 0.6200000000D-02 0.5200000000D-03 0.3746610000D+02 0.5637000000D-01 0.5735000000D-02 0.4800000000D-02 0.1046673000D+01 0.3564500000D+01 0.4461600000D+01 0.3130100000D+01
2 7519990513199905202451311.4-0.1220000000D-01-0.4500000000D-03 0.4546100000D+02 0.2184000000D+00 0.8785000000D-02 0.8400000000D-02 0.2082572000D+01 0.4204400000D+01 0.6020000000D+01 0.1576400000D+01 0.5900000000D-02 0.5800000000D-03 0.3687760000D+02 0.1237700000D+00 0.4527000000D-02 0.5000000000D-02 0.4486091000D+01 0.1258200000D+01 0.1858100000D+01 0.4005500000D+01
2 7619990520199905272451318.4-0.1180000000D-01-0.3300000000D-03 0.4437820000D+02 0.2226500000D+00 0.7038000000D-02 0.8400000000D-02 0.5540414000D+01 0.1922700000D+01 0.3402800000D+01 0.2000200000D+01 0.5800000000D-02 0.4800000000D-03 0.3582420000D+02 0.1792500000D+00 0.2984000000D-02 0.6000000000D-02 0.1637303000D+01 0.4893800000D+01 0.5542600000D+01 0.4640300000D+01
2 7719990527199906032451325.4-0.1130000000D-01-0.3100000000D-03 0.4280830000D+02 0.2510900000D+00 0.5698000000D-02 0.6300000000D-02 0.2702493000D+01 0.5766900000D+01 0.6693000000D+00 0.2407100000D+01 0.5900000000D-02 0.4100000000D-03 0.3447460000D+02 0.2139400000D+00 0.1811000000D-02 0.6200000000D-02 0.5065586000D+01 0.2170400000D+01 0.2968500000D+01 0.5018700000D+01
2 7819990603199906102451332.4-0.1110000000D-01-0.2700000000D-03 0.4093790000D+02 0.2895900000D+00 0.4818000000D-02 0.4300000000D-02 0.6134904000D+01 0.3172400000D+01 0.4366800000D+01 0.3216200000D+01 0.5700000000D-02 0.4000000000D-03 0.3298230000D+02 0.2314400000D+00 0.1701000000D-02 0.4900000000D-02 0.2204193000D+01 0.5680100000D+01 0.5863000000D+00 0.5404100000D+01
2 7919990610199906172451339.4-0.1000000000D-01-0.3700000000D-03 0.3889900000D+02 0.3205600000D+00 0.2732000000D-02 0.4500000000D-02 0.3272126000D+01 0.5221000000D+00 0.1527400000D+01 0.4092800000D+01 0.5300000000D-02 0.4200000000D-03 0.3145440000D+02 0.2415100000D+00 0.6670000000D-03 0.3300000000D-02 0.5620248000D+01 0.2924500000D+01 0.4630800000D+01 0.6043300000D+01
2 8019990617199906242451346.4-0.9800000000D-02-0.2900000000D-03 0.3681770000D+02 0.3418400000D+00 0.2688000000D-02 0.5600000000D-02 0.3971810000D+00 0.4054700000D+01 0.5191800000D+01 0.4646200000D+01 0.5600000000D-02 0.2800000000D-03 0.2995660000D+02 0.2400700000D+00 0.1114000000D-02 0.3000000000D-02 0.2746885000D+01 0.1174000000D+00 0.1654500000D+01 0.7086000000D+00
2 8119990624199907012451353.4-0.9400000000D-02-0.2700000000D-03 0.3477120000D+02 0.3589500000D+00 0.1036000000D-02 0.5600000000D-02 0.3795047000D+01 0.1300300000D+01 0.2530100000D+01 0.4936000000D+01 0.5500000000D-02 0.2600000000D-03 0.2853110000D+02 0.2410000000D+00 0.5840000000D-03 0.4000000000D-02 0.6151893000D+01 0.3615800000D+01 0.6132000000D+01 0.1332400000D+01
2 8219990701199907082451360.4-0.8500000000D-02-0.4200000000D-03 0.3281860000D+02 0.3637200000D+00 0.1145000000D-02 0.4500000000D-02 0.8993520000D+00 0.4773600000D+01 0.5842200000D+01 0.5279500000D+01 0.5100000000D-02 0.3200000000D-03 0.2718750000D+02 0.2341900000D+00 0.4010000000D-03 0.4200000000D-02 0.3268485000D+01 0.7897000000D+00 0.2332600000D+01 0.1647700000D+01
2 8319990708199907152451367.4-0.8100000000D-02-0.3800000000D-03 0.3098830000D+02 0.3713700000D+00 0.1740000000D-03 0.3200000000D-02 0.4278151000D+01 0.1961300000D+01 0.3744300000D+01 0.5744600000D+01 0.5000000000D-02 0.2500000000D-03 0.2592920000D+02 0.2343100000D+00 0.4060000000D-03 0.3800000000D-02 0.3812720000D+00 0.4246900000D+01 0.1126700000D+01 0.1933100000D+01
2 8419990715199907222451374.4-0.7900000000D-02-0.3200000000D-03 0.2929350000D+02 0.3717300000D+00 0.3400000000D-04 0.2300000000D-02 0.1364853000D+01 0.5405200000D+01 0.5368700000D+01 0.2911000000D+00 0.4900000000D-02 0.2000000000D-03 0.2473610000D+02 0.2293200000D+00 0.3450000000D-03 0.2600000000D-02 0.3773181000D+01 0.1401600000D+01 0.5484900000D+01 0.2249900000D+01
2 8519990722199907292451381.4-0.7500000000D-02-0.3400000000D-03 0.2774690000D+02 0.3712700000D+00 0.3000000000D-03 0.2900000000D-02 0.4726674000D+01 0.2555500000D+01 0.9701000000D+00 0.9639000000D+00 0.4600000000D-02 0.2200000000D-03 0.2360810000D+02 0.2258700000D+00 0.3330000000D-03 0.1600000000D-02 0.8785980000D+00 0.4816900000D+01 0.2742400000D+01 0.3056400000D+01
2 8619990729199908052451388.4-0.6900000000D-02-0.3600000000D-03 0.2635300000D+02 0.3717800000D+00 0.8170000000D-03 0.3200000000D-02 0.1797808000D+01 0.5979800000D+01 0.4013600000D+01 0.1289600000D+01 0.4200000000D-02 0.2100000000D-03 0.2252440000D+02 0.2240500000D+00 0.1006000000D-02 0.1800000000D-02 0.4264626000D+01 0.1952000000D+01 0.6207200000D+01 0.3905600000D+01
2 8719990805199908122451395.4-0.7000000000D-02-0.2400000000D-03 0.2510990000D+02 0.3673000000D+00 0.7930000000D-03 0.3100000000D-02 0.5144718000D+01 0.3103500000D+01 0.1632300000D+01 0.1555200000D+01 0.4200000000D-02 0.1100000000D-03 0.2147600000D+02 0.2181100000D+00 0.7210000000D-03 0.2300000000D-02 0.1364801000D+01 0.5329800000D+01 0.3615200000D+01 0.4417500000D+01
2 8819990812199908192451402.4-0.7000000000D-02-0.1800000000D-03 0.2401640000D+02 0.3690200000D+00 0.1248000000D-02 0.2400000000D-02 0.2202094000D+01 0.2254000000D+00 0.4558200000D+01 0.1742900000D+01 0.4100000000D-02 0.8000000000D-04 0.2044510000D+02 0.2171800000D+00 0.1382000000D-02 0.2400000000D-02 0.4746952000D+01 0.2435700000D+01 0.4192000000D+00 0.4616800000D+01
2 8919990819199908262451409.4-0.6600000000D-02-0.1900000000D-03 0.2307030000D+02 0.3622800000D+00 0.1245000000D-02 0.1400000000D-02 0.5535983000D+01 0.3616800000D+01 0.2149800000D+01 0.2233100000D+01 0.3800000000D-02 0.5000000000D-04 0.1942250000D+02 0.2091100000D+00 0.1046000000D-02 0.1700000000D-02 0.1844210000D+01 0.5786700000D+01 0.4090600000D+01 0.4853900000D+01
2 9019990826199909022451416.4-0.6500000000D-02-0.1200000000D-03 0.2227300000D+02 0.3645000000D+00 0.1599000000D-02 0.1000000000D-02 0.2581902000D+01 0.7203000000D+00 0.5023900000D+01 0.3205300000D+01 0.3700000000D-02 0.0000000000D+00 0.1840040000D+02 0.2078400000D+00 0.1763000000D-02 0.1000000000D-02 0.5224962000D+01 0.2867500000D+01 0.8507000000D+00 0.5317800000D+01
2 9119990902199909092451423.4-0.6500000000D-02-0.4000000000D-04 0.2161220000D+02 0.3568300000D+00 0.1699000000D-02 0.1500000000D-02 0.5905989000D+01 0.4098700000D+01 0.2480900000D+01 0.4045300000D+01 0.3700000000D-02-0.4000000000D-04 0.1736630000D+02 0.1989000000D+00 0.1470000000D-02 0.7000000000D-03 0.2322316000D+01 0.6192400000D+01 0.4404700000D+01 0.3060000000D+00
2 9219990909199909162451430.4-0.6200000000D-02-0.3000000000D-04 0.2108690000D+02 0.3559800000D+00 0.1734000000D-02 0.2200000000D-02 0.2943982000D+01 0.1183100000D+01 0.5601300000D+01 0.4267200000D+01 0.3300000000D-02-0.3000000000D-04 0.1631700000D+02 0.1953500000D+00 0.1823000000D-02 0.1300000000D-02 0.5704872000D+01 0.3238800000D+01 0.1262300000D+01 0.9761000000D+00
2 9319990916199909232451437.4-0.5900000000D-02 0.0000000000D+00 0.2067810000D+02 0.3500400000D+00 0.2131000000D-02 0.2200000000D-02 0.6262592000D+01 0.4552600000D+01 0.2761700000D+01 0.4411700000D+01 0.3200000000D-02-0.6000000000D-04 0.1524350000D+02 0.1868200000D+00 0.1833000000D-02 0.1500000000D-02 0.2806451000D+01 0.2659000000D+00 0.4709100000D+01 0.1142100000D+01
2 9419990923199909302451444.4-0.5800000000D-02 0.7000000000D-04 0.2038400000D+02 0.3444800000D+00 0.1993000000D-02 0.2000000000D-02 0.3297196000D+01 0.1620300000D+01 0.6066200000D+01 0.4539600000D+01 0.2900000000D-02-0.7000000000D-04 0.1415360000D+02 0.1814600000D+00 0.1886000000D-02 0.1400000000D-02 0.6195532000D+01 0.3563500000D+01 0.1611100000D+01 0.1291700000D+01
2 9519990930199910072451451.4-0.5400000000D-02 0.8000000000D-04 0.2017380000D+02 0.3389100000D+00 0.2431000000D-02 0.1300000000D-02 0.3321310000D+00 0.4975200000D+01 0.3051800000D+01 0.4621600000D+01 0.2700000000D-02-0.7000000000D-04 0.1304230000D+02 0.1737100000D+00 0.2062000000D-02 0.9000000000D-03 0.3307293000D+01 0.5751000000D+00 0.4982000000D+01 0.1310300000D+01
2 9619991007199910142451458.4-0.5100000000D-02 0.1300000000D-03 0.2003720000D+02 0.3280800000D+00 0.2212000000D-02 0.5000000000D-03 0.3651286000D+01 0.2030200000D+01 0.2632000000D+00 0.5253200000D+01 0.2300000000D-02-0.5000000000D-04 0.1192440000D+02 0.1671600000D+00 0.1800000000D-02 0.3000000000D-03 0.4270280000D+00 0.3842800000D+01 0.1903800000D+01 0.1779000000D+01
2 9719991014199910212451465.4-0.4800000000D-02 0.2000000000D-03 0.1994420000D+02 0.3237100000D+00 0.2675000000D-02 0.6000000000D-03 0.6898740000D+00 0.5370600000D+01 0.3346400000D+01 0.5701000000D+00 0.2200000000D-02-0.9000000000D-04 0.1080830000D+02 0.1598900000D+00 0.2122000000D-02 0.3000000000D-03 0.3841496000D+01 0.8469000000D+00 0.5236800000D+01 0.3906200000D+01
2 9819991021199910282451472.4-0.4600000000D-02 0.2300000000D-03 0.1988010000D+02 0.3095100000D+00 0.2451000000D-02 0.1200000000D-02 0.4013822000D+01 0.2415000000D+01 0.5971000000D+00 0.1090200000D+01 0.2000000000D-02-0.6000000000D-04 0.9720500000D+01 0.1528800000D+00 0.1794000000D-02 0.6000000000D-03 0.9869460000D+00 0.4098200000D+01 0.2131500000D+01 0.4218000000D+01
2 9919991028199911042451479.4-0.4100000000D-02 0.2400000000D-03 0.1981850000D+02 0.3027200000D+00 0.2692000000D-02 0.1500000000D-02 0.1058401000D+01 0.5739000000D+01 0.3733800000D+01 0.1115800000D+01 0.1900000000D-02-0.7000000000D-04 0.8688300000D+01 0.1451000000D+00 0.1960000000D-02 0.6000000000D-03 0.4435456000D+01 0.1088600000D+01 0.5443100000D+01 0.4224100000D+01
210019991104199911112451486.4-0.4000000000D-02 0.3400000000D-03 0.1974140000D+02 0.2888600000D+00 0.2506000000D-02 0.1300000000D-02 0.4389030000D+01 0.2773100000D+01 0.9413000000D+00 0.1230600000D+01 0.1800000000D-02-0.5000000000D-04 0.7750800000D+01 0.1378200000D+00 0.1734000000D-02 0.3000000000D-03 0.1624436000D+01 0.4335900000D+01 0.2306000000D+01 0.4224200000D+01
210119991111199911182451493.4-0.3600000000D-02 0.3400000000D-03 0.1963350000D+02 0.2814200000D+00 0.2617000000D-02 0.9000000000D-03 0.1440236000D+01 0.6086900000D+01 0.4105900000D+01 0.1353900000D+01 0.1800000000D-02-0.6000000000D-04 0.6955400000D+01 0.1289500000D+00 0.1822000000D-02 0.0000000000D+00 0.5125555000D+01 0.1316800000D+01 0.5602800000D+01 0.1144400000D+01
210219991118199911252451500.4-0.3100000000D-02 0.3200000000D-03 0.1948380000D+02 0.2696700000D+00 0.2489000000D-02 0.2000000000D-03 0.4777443000D+01 0.3113900000D+01 0.1223100000D+01 0.1948300000D+01 0.1700000000D-02-0.2000000000D-04 0.6353400000D+01 0.1203800000D+00 0.1683000000D-02 0.3000000000D-03 0.2371917000D+01 0.4559500000D+01 0.2484000000D+01 0.1215600000D+01
210319991125199912022451507.4-0.2700000000D-02 0.3300000000D-03 0.1928480000D+02 0.2600600000D+00 0.2377000000D-02 0.7000000000D-03 0.1834522000D+01 0.1382000000D+00 0.4558200000D+01 0.4010700000D+01 0.1700000000D-02-0.2000000000D-04 0.5989300000D+01 0.1110900000D+00 0.1722000000D-02 0.5000000000D-03 0.5923753000D+01 0.1524100000D+01 0.5710400000D+01 0.1067600000D+01
210419991202199912092451514.4-0.2500000000D-02 0.3700000000D-03 0.1903200000D+02 0.2529100000D+00 0.2377000000D-02 0.1200000000D-02 0.5177430000D+01 0.3446400000D+01 0.1520100000D+01 0.4088200000D+01 0.1700000000D-02 0.0000000000D+00 0.5875700000D+01 0.1010000000D+00 0.1565000000D-02 0.3000000000D-03 0.3199133000D+01 0.4751300000D+01 0.2672300000D+01 0.1111800000D+01
210519991209199912162451521.4-0.1800000000D-02 0.2800000000D-03 0.1872520000D+02 0.2431600000D+00 0.2115000000D-02 0.1400000000D-02 0.2239021000D+01 0.4706000000D+00 0.4969600000D+01 0.4217000000D+01 0.1800000000D-02-0.1000000000D-04 0.5992900000D+01 0.9233000000D-01 0.1681000000D-02 0.1000000000D-03 0.4627280000D+00 0.1693800000D+01 0.5868700000D+01 0.7806000000D+00
210619991216199912232451528.4-0.1300000000D-02 0.2600000000D-03 0.1836870000D+02 0.2389000000D+00 0.2164000000D-02 0.1200000000D-02 0.5585843000D+01 0.3783700000D+01 0.1851500000D+01 0.4172000000D+01 0.1800000000D-02 0.0000000000D+00 0.6283800000D+01 0.8265000000D-01 0.1467000000D-02 0.3000000000D-03 0.3985303000D+01 0.4882000000D+01 0.2852700000D+01 0.4388600000D+01
210719991223199912302451535.4-0.9000000000D-03 0.2600000000D-03 0.1796570000D+02 0.2295000000D+00 0.1888000000D-02 0.5000000000D-03 0.2650309000D+01 0.8133000000D+00 0.5414000000D+01 0.4317100000D+01 0.1900000000D-02 0.0000000000D+00 0.6686300000D+01 0.7588000000D-01 0.1646000000D-02 0.4000000000D-03 0.1194989000D+01 0.1790600000D+01 0.6067200000D+01 0.4295700000D+01
210819991230200001062451542.4-0.5000000000D-03 0.2400000000D-03 0.1752430000D+02 0.2280300000D+00 0.1890000000D-02 0.2000000000D-03 0.5999337000D+01 0.4131900000D+01 0.2198200000D+01 0.6157000000D+00 0.2100000000D-02-0.2000000000D-04 0.7141800000D+01 0.6929000000D-01 0.1331000000D-02 0.5000000000D-03 0.4661289000D+01 0.4919900000D+01 0.3044900000D+01 0.4379400000D+01
210920000106200001132451549.4 0.0000000000D+00 0.1600000000D-03 0.1704670000D+02 0.2204300000D+00 0.1719000000D-02 0.9000000000D-03 0.3064942000D+01 0.1172800000D+01 0.5756200000D+01 0.1022700000D+01 0.2300000000D-02-0.2000000000D-04 0.7607400000D+01 0.6615000000D-01 0.1506000000D-02 0.3000000000D-03 0.1820885000D+01 0.1795800000D+01 0.2100000000D-01 0.4443600000D+01
