 7 5   2  44  56  71  95 4.4880 2.4930 1.5162 0.7217 0.4667  9.0 31.0 27.0 17.0 22.0  112 2453004.5000 2004                                                                                                                                                                                                                                                                      
1  220031231200401092453004.4 0.2700000000D-02 0.1200000000D-03 0.2922700000D+01 0.1318400000D+00 0.2865000000D-02 0.1800000000D-02 0.3083320000D+00 0.4961200000D+01 0.3143500000D+01 0.2768000000D+01 0.9100000000D-02 0.1100000000D-03 0.8604300000D+01 0.3750500000D+00 0.7862000000D-02 0.5900000000D-02 0.2247565000D+01 0.6579000000D+00 0.5155800000D+01 0.4558800000D+01
1  320040109200401182453013.4 0.4000000000D-02-0.1700000000D-03 0.2857800000D+01 0.1289700000D+00 0.2817000000D-02 0.1900000000D-02 0.2601366000D+01 0.9696000000D+00 0.5449800000D+01 0.1101100000D+01 0.6100000000D-02 0.5600000000D-03 0.8554200000D+01 0.3730900000D+00 0.7777000000D-02 0.5800000000D-02 0.4554570000D+01 0.2966400000D+01 0.1174800000D+01 0.2914100000D+01
1  420040118200401272453022.4 0.3700000000D-02-0.9000000000D-04 0.2791600000D+01 0.1266800000D+00 0.2769000000D-02 0.1900000000D-02 0.4893364000D+01 0.3260000000D+01 0.1438600000D+01 0.5729300000D+01 0.9000000000D-02-0.1900000000D-03 0.8512000000D+01 0.3691200000D+00 0.7655000000D-02 0.5600000000D-02 0.5784890000D+00 0.5275700000D+01 0.3504000000D+01 0.1253400000D+01
1  520040127200402052453031.4 0.3000000000D-02 0.6000000000D-04 0.2725200000D+01 0.1242900000D+00 0.2743000000D-02 0.2100000000D-02 0.9012180000D+00 0.5551200000D+01 0.3717000000D+01 0.3976900000D+01 0.1160000000D-01-0.6700000000D-03 0.8477800000D+01 0.3668100000D+00 0.7707000000D-02 0.5100000000D-02 0.2886582000D+01 0.1305300000D+01 0.5821700000D+01 0.5983700000D+01
1  620040205200402142453040.4 0.2300000000D-02 0.1300000000D-03 0.2659700000D+01 0.1210800000D+00 0.2659000000D-02 0.1900000000D-02 0.3190829000D+01 0.1557600000D+01 0.6026200000D+01 0.2300100000D+01 0.8700000000D-02 0.5000000000D-04 0.8452300000D+01 0.3649900000D+00 0.7549000000D-02 0.5400000000D-02 0.5195386000D+01 0.3614900000D+01 0.1853300000D+01 0.4247700000D+01
1  720040214200402232453049.4 0.2700000000D-02 0.0000000000D+00 0.2596900000D+01 0.1187300000D+00 0.2590000000D-02 0.2000000000D-02 0.5480177000D+01 0.3845900000D+01 0.2014300000D+01 0.5114000000D+00 0.6400000000D-02 0.3900000000D-03 0.8435600000D+01 0.3642200000D+00 0.7556000000D-02 0.5600000000D-02 0.1221821000D+01 0.5927800000D+01 0.4158800000D+01 0.2653200000D+01
1  820040223200403032453058.4 0.3700000000D-02-0.1900000000D-03 0.2536300000D+01 0.1161600000D+00 0.2526000000D-02 0.1800000000D-02 0.1485755000D+01 0.6136100000D+01 0.4303300000D+01 0.5016700000D+01 0.6800000000D-02 0.1500000000D-03 0.8425800000D+01 0.3629700000D+00 0.7707000000D-02 0.6300000000D-02 0.3531944000D+01 0.1962200000D+01 0.2026000000D+00 0.9603000000D+00
1  920040303200403122453067.4 0.2800000000D-02 0.0000000000D+00 0.2479200000D+01 0.1133100000D+00 0.2448000000D-02 0.1700000000D-02 0.3773929000D+01 0.2143400000D+01 0.3215000000D+00 0.3387200000D+01 0.9400000000D-02-0.4000000000D-03 0.8429400000D+01 0.3629200000D+00 0.7486000000D-02 0.5700000000D-02 0.5842730000D+01 0.4271100000D+01 0.2508600000D+01 0.5541900000D+01
1 1020040312200403212453076.4 0.1700000000D-02 0.1900000000D-03 0.2426400000D+01 0.1107100000D+00 0.2424000000D-02 0.1500000000D-02 0.6062142000D+01 0.4437900000D+01 0.2622300000D+01 0.1546100000D+01 0.1050000000D-01-0.5200000000D-03 0.8441100000D+01 0.3629200000D+00 0.7511000000D-02 0.6900000000D-02 0.1870874000D+01 0.3023000000D+00 0.4825600000D+01 0.3782500000D+01
1 1120040321200403302453085.4 0.2300000000D-02 0.0000000000D+00 0.2379000000D+01 0.1083600000D+00 0.2325000000D-02 0.1500000000D-02 0.2067663000D+01 0.4449000000D+00 0.4916800000D+01 0.6600000000D-02 0.6100000000D-02 0.4100000000D-03 0.8459500000D+01 0.3630100000D+00 0.7549000000D-02 0.6000000000D-02 0.4182590000D+01 0.2617800000D+01 0.8671000000D+00 0.2128100000D+01
1 1220040330200404082453094.4 0.2800000000D-02-0.1000000000D-03 0.2336600000D+01 0.1064800000D+00 0.2287000000D-02 0.1400000000D-02 0.4357263000D+01 0.2740400000D+01 0.9178000000D+00 0.4573000000D+01 0.5000000000D-02 0.4600000000D-03 0.8487600000D+01 0.3646400000D+00 0.7552000000D-02 0.6300000000D-02 0.2116480000D+00 0.4931900000D+01 0.3172400000D+01 0.4311000000D+00
1 1320040408200404172453103.4 0.2700000000D-02-0.6000000000D-04 0.2299800000D+01 0.1041600000D+00 0.2276000000D-02 0.1500000000D-02 0.3642890000D+00 0.5040900000D+01 0.3237600000D+01 0.3086300000D+01 0.8400000000D-02-0.3400000000D-03 0.8523500000D+01 0.3641100000D+00 0.7602000000D-02 0.5300000000D-02 0.2523822000D+01 0.9645000000D+00 0.5518200000D+01 0.4995300000D+01
1 1420040417200404262453112.4 0.2000000000D-02 0.8000000000D-04 0.2270500000D+01 0.1025100000D+00 0.2167000000D-02 0.1500000000D-02 0.2656295000D+01 0.1050900000D+01 0.5527900000D+01 0.1229200000D+01 0.9100000000D-02-0.4100000000D-03 0.8567300000D+01 0.3670600000D+00 0.7593000000D-02 0.5900000000D-02 0.4836751000D+01 0.3277800000D+01 0.1533000000D+01 0.3430900000D+01
1 1520040426200405052453121.4 0.1400000000D-02 0.1500000000D-03 0.2246900000D+01 0.1009600000D+00 0.2134000000D-02 0.1700000000D-02 0.4950092000D+01 0.3352700000D+01 0.1548300000D+01 0.6017200000D+01 0.7600000000D-02-0.1000000000D-04 0.8615100000D+01 0.3701100000D+00 0.7776000000D-02 0.4900000000D-02 0.8664470000D+00 0.5595500000D+01 0.3837400000D+01 0.1794000000D+01
1 1620040505200405142453130.4 0.2500000000D-02-0.8000000000D-04 0.2229800000D+01 0.9933000000D-01 0.2102000000D-02 0.1600000000D-02 0.9627480000D+00 0.5657100000D+01 0.3870500000D+01 0.4165900000D+01 0.4600000000D-02 0.5200000000D-03 0.8671700000D+01 0.3707600000D+00 0.7758000000D-02 0.5800000000D-02 0.3178926000D+01 0.1625100000D+01 0.6179600000D+01 0.1735000000D+00
1 1720040514200405232453139.4 0.2800000000D-02-0.1300000000D-03 0.2219400000D+01 0.9841000000D-01 0.2063000000D-02 0.1600000000D-02 0.3261505000D+01 0.1679500000D+01 0.6170700000D+01 0.2523300000D+01 0.5200000000D-02 0.2500000000D-03 0.8733100000D+01 0.3748000000D+00 0.7789000000D-02 0.5800000000D-02 0.5491842000D+01 0.3937400000D+01 0.2194500000D+01 0.4752500000D+01
1 1820040523200406012453148.4 0.1900000000D-02 0.8000000000D-04 0.2215400000D+01 0.9706000000D-01 0.2028000000D-02 0.1700000000D-02 0.5562696000D+01 0.3989300000D+01 0.2225000000D+01 0.6992000000D+00 0.9300000000D-02-0.6300000000D-03 0.8796100000D+01 0.3774900000D+00 0.7903000000D-02 0.6700000000D-02 0.1520933000D+01 0.6251700000D+01 0.4513400000D+01 0.3158700000D+01
1 1920040601200406102453157.4 0.1600000000D-02 0.1200000000D-03 0.2218000000D+01 0.9664000000D-01 0.1994000000D-02 0.1500000000D-02 0.1584365000D+01 0.1660000000D-01 0.4528000000D+01 0.5369400000D+01 0.8000000000D-02-0.2000000000D-03 0.8862900000D+01 0.3805300000D+00 0.7953000000D-02 0.6500000000D-02 0.3833028000D+01 0.2279500000D+01 0.5453000000D+00 0.1312000000D+01
1 2020040610200406192453166.4 0.2000000000D-02 0.2000000000D-04 0.2225800000D+01 0.9644000000D-01 0.2006000000D-02 0.1500000000D-02 0.3892266000D+01 0.2334900000D+01 0.5570000000D+00 0.3600100000D+01 0.4400000000D-02 0.5500000000D-03 0.8926900000D+01 0.3838200000D+00 0.8208000000D-02 0.7100000000D-02 0.6144529000D+01 0.4595000000D+01 0.2859400000D+01 0.5995000000D+01
1 2120040619200406282453175.4 0.2800000000D-02-0.1100000000D-03 0.2240400000D+01 0.9582000000D-01 0.1962000000D-02 0.1400000000D-02 0.6202928000D+01 0.4650500000D+01 0.2904500000D+01 0.2015800000D+01 0.4600000000D-02 0.3200000000D-03 0.8994000000D+01 0.3868400000D+00 0.8179000000D-02 0.6600000000D-02 0.2172330000D+01 0.6195000000D+00 0.5170100000D+01 0.4217500000D+01
1 2220040628200407072453184.4 0.2800000000D-02-0.6000000000D-04 0.2260400000D+01 0.9618000000D-01 0.1944000000D-02 0.1500000000D-02 0.2234059000D+01 0.6854000000D+00 0.5220700000D+01 0.4191000000D+00 0.6500000000D-02-0.1500000000D-03 0.9057300000D+01 0.3920000000D+00 0.8253000000D-02 0.6300000000D-02 0.4483311000D+01 0.2927500000D+01 0.1173200000D+01 0.2614500000D+01
1 2320040707200407162453193.4 0.1800000000D-02 0.1600000000D-03 0.2284200000D+01 0.9648000000D-01 0.1958000000D-02 0.1400000000D-02 0.4550642000D+01 0.3009500000D+01 0.1273000000D+01 0.5092300000D+01 0.8700000000D-02-0.4900000000D-03 0.9113300000D+01 0.3942200000D+00 0.8466000000D-02 0.6100000000D-02 0.5097240000D+00 0.5239500000D+01 0.3493500000D+01 0.8508000000D+00
1 2420040716200407252453202.4 0.2000000000D-02 0.8000000000D-04 0.2313000000D+01 0.9708000000D-01 0.1966000000D-02 0.1800000000D-02 0.5865150000D+00 0.5331900000D+01 0.3606500000D+01 0.3421500000D+01 0.6300000000D-02 0.1100000000D-03 0.9169100000D+01 0.3972000000D+00 0.8387000000D-02 0.6000000000D-02 0.2818902000D+01 0.1259200000D+01 0.5794600000D+01 0.5633300000D+01
1 2520040725200408032453211.4 0.3000000000D-02-0.1100000000D-03 0.2344200000D+01 0.9792000000D-01 0.2023000000D-02 0.1700000000D-02 0.2907319000D+01 0.1376100000D+01 0.5945900000D+01 0.1788700000D+01 0.2400000000D-02 0.7900000000D-03 0.9214600000D+01 0.3999000000D+00 0.8438000000D-02 0.5700000000D-02 0.5127451000D+01 0.3564900000D+01 0.1818100000D+01 0.3950600000D+01
1 2620040803200408122453220.4 0.3300000000D-02-0.8000000000D-04 0.2378400000D+01 0.9912000000D-01 0.2034000000D-02 0.1800000000D-02 0.5229362000D+01 0.3698400000D+01 0.1986300000D+01 0.8650000000D-01 0.5500000000D-02-0.4000000000D-04 0.9250100000D+01 0.4016300000D+00 0.8553000000D-02 0.6000000000D-02 0.1151809000D+01 0.5871300000D+01 0.4125000000D+01 0.2303900000D+01
1 2720040812200408212453229.4 0.2900000000D-02 0.4000000000D-04 0.2413700000D+01 0.1009600000D+00 0.2074000000D-02 0.1800000000D-02 0.1269389000D+01 0.6020300000D+01 0.4290300000D+01 0.4601500000D+01 0.8200000000D-02-0.5400000000D-03 0.9276000000D+01 0.4043400000D+00 0.8717000000D-02 0.6800000000D-02 0.3459023000D+01 0.1893700000D+01 0.1354000000D+00 0.6498000000D+00
1 2820040821200408302453238.4 0.2300000000D-02 0.1600000000D-03 0.2448200000D+01 0.1022500000D+00 0.2134000000D-02 0.1800000000D-02 0.3591968000D+01 0.2060800000D+01 0.3448000000D+00 0.2970100000D+01 0.6500000000D-02-0.2000000000D-04 0.9291100000D+01 0.4045100000D+00 0.8695000000D-02 0.6600000000D-02 0.5765169000D+01 0.4196400000D+01 0.2451200000D+01 0.5244800000D+01
1 2920040830200409082453247.4 0.2900000000D-02 0.1000000000D-04 0.2482200000D+01 0.1039700000D+00 0.2155000000D-02 0.1700000000D-02 0.5914157000D+01 0.4377200000D+01 0.2653600000D+01 0.1262400000D+01 0.4200000000D-02 0.3900000000D-03 0.9296700000D+01 0.4066100000D+00 0.8710000000D-02 0.7300000000D-02 0.1787862000D+01 0.2144000000D+00 0.4728800000D+01 0.3518800000D+01
1 3020040908200409172453256.4 0.4200000000D-02-0.1900000000D-03 0.2512900000D+01 0.1055500000D+00 0.2192000000D-02 0.1600000000D-02 0.1952120000D+01 0.4094000000D+00 0.4974900000D+01 0.5899000000D+01 0.2900000000D-02 0.4600000000D-03 0.9286900000D+01 0.4075500000D+00 0.8829000000D-02 0.7100000000D-02 0.4093144000D+01 0.2518500000D+01 0.7395000000D+00 0.1747800000D+01
1 3120040917200409262453265.4 0.3600000000D-02 0.0000000000D+00 0.2538800000D+01 0.1070700000D+00 0.2242000000D-02 0.1700000000D-02 0.4271502000D+01 0.2723600000D+01 0.1003000000D+01 0.4244200000D+01 0.6600000000D-02-0.3400000000D-03 0.9268300000D+01 0.4062900000D+00 0.8679000000D-02 0.7100000000D-02 0.1143820000D+00 0.4817200000D+01 0.3045200000D+01 0.1364000000D+00
1 3220040926200410052453274.4 0.2900000000D-02 0.1400000000D-03 0.2558900000D+01 0.1087500000D+00 0.2337000000D-02 0.1600000000D-02 0.3059120000D+00 0.5037600000D+01 0.3300700000D+01 0.2741900000D+01 0.8400000000D-02-0.6100000000D-03 0.9239600000D+01 0.4052800000D+00 0.8652000000D-02 0.6300000000D-02 0.2418627000D+01 0.8345000000D+00 0.5342800000D+01 0.4594200000D+01
1 3320041005200410142453283.4 0.3200000000D-02 0.5000000000D-04 0.2573000000D+01 0.1097100000D+00 0.2348000000D-02 0.1800000000D-02 0.2620967000D+01 0.1060000000D+01 0.5618500000D+01 0.9989000000D+00 0.3800000000D-02 0.3900000000D-03 0.9197900000D+01 0.4035100000D+00 0.8580000000D-02 0.6200000000D-02 0.4722508000D+01 0.3135500000D+01 0.1362200000D+01 0.3027200000D+01
1 3420041014200410232453292.4 0.3900000000D-02-0.8000000000D-04 0.2579600000D+01 0.1111700000D+00 0.2383000000D-02 0.1800000000D-02 0.4933818000D+01 0.3363600000D+01 0.1609000000D+01 0.5681200000D+01 0.2500000000D-02 0.4900000000D-03 0.9147500000D+01 0.4022100000D+00 0.8579000000D-02 0.5800000000D-02 0.7431000000D+00 0.5437500000D+01 0.3649500000D+01 0.1319300000D+01
1 3520041023200411012453301.4 0.4500000000D-02-0.1500000000D-03 0.2577400000D+01 0.1119900000D+00 0.2452000000D-02 0.2100000000D-02 0.9606040000D+00 0.5668000000D+01 0.3902000000D+01 0.3950300000D+01 0.5100000000D-02-0.2000000000D-03 0.9089600000D+01 0.3980500000D+00 0.8601000000D-02 0.5400000000D-02 0.3046385000D+01 0.1458300000D+01 0.5972900000D+01 0.6061800000D+01
1 3620041101200411102453310.4 0.3500000000D-02 0.6000000000D-04 0.2567800000D+01 0.1122700000D+00 0.2426000000D-02 0.1800000000D-02 0.3267651000D+01 0.1679900000D+01 0.6196400000D+01 0.2261800000D+01 0.6800000000D-02-0.4600000000D-03 0.9027700000D+01 0.3960600000D+00 0.8400000000D-02 0.6000000000D-02 0.5350126000D+01 0.3757700000D+01 0.1978100000D+01 0.4284900000D+01
1 3720041110200411192453319.4 0.2800000000D-02 0.1900000000D-03 0.2549900000D+01 0.1122800000D+00 0.2448000000D-02 0.2000000000D-02 0.5571874000D+01 0.3976300000D+01 0.2201800000D+01 0.4692000000D+00 0.6000000000D-02-0.2300000000D-03 0.8960500000D+01 0.3945800000D+00 0.8403000000D-02 0.6000000000D-02 0.1370944000D+01 0.6061400000D+01 0.4259600000D+01 0.2767300000D+01
1 3820041119200411282453328.4 0.3900000000D-02-0.8000000000D-04 0.2523800000D+01 0.1119000000D+00 0.2445000000D-02 0.1700000000D-02 0.1590052000D+01 0.6269400000D+01 0.4490600000D+01 0.5022900000D+01 0.2100000000D-02 0.5000000000D-03 0.8891800000D+01 0.3893100000D+00 0.8287000000D-02 0.6600000000D-02 0.3674512000D+01 0.2081600000D+01 0.3054000000D+00 0.9350000000D+00
1 3920041128200412072453337.4 0.4300000000D-02-0.1500000000D-03 0.2490300000D+01 0.1116000000D+00 0.2454000000D-02 0.1700000000D-02 0.3888855000D+01 0.2278100000D+01 0.4748000000D+00 0.3351600000D+01 0.2200000000D-02 0.3000000000D-03 0.8822600000D+01 0.3868500000D+00 0.8183000000D-02 0.6300000000D-02 0.5978803000D+01 0.4385100000D+01 0.2595900000D+01 0.5569300000D+01
1 4020041207200412162453346.4 0.3600000000D-02 0.1000000000D-04 0.2450500000D+01 0.1100700000D+00 0.2457000000D-02 0.1500000000D-02 0.6184248000D+01 0.4569500000D+01 0.2781600000D+01 0.1546600000D+01 0.6600000000D-02-0.6700000000D-03 0.8755000000D+01 0.3829300000D+00 0.8069000000D-02 0.7300000000D-02 0.2000085000D+01 0.4065000000D+00 0.4906600000D+01 0.3795400000D+01
1 4120041216200412252453355.4 0.3000000000D-02 0.1000000000D-03 0.2406100000D+01 0.1090500000D+00 0.2400000000D-02 0.1600000000D-02 0.2194374000D+01 0.5703000000D+00 0.5050100000D+01 0.4440000000D-01 0.5600000000D-02-0.3400000000D-03 0.8690000000D+01 0.3793500000D+00 0.7936000000D-02 0.5900000000D-02 0.4305164000D+01 0.2711200000D+01 0.9319000000D+00 0.2151600000D+01
1 4220041225200501032453364.4 0.2900000000D-02 0.7000000000D-04 0.2356600000D+01 0.1080100000D+00 0.2397000000D-02 0.1400000000D-02 0.4485212000D+01 0.2857500000D+01 0.1027700000D+01 0.4593200000D+01 0.2500000000D-02 0.3000000000D-03 0.8625100000D+01 0.3768800000D+00 0.8065000000D-02 0.6400000000D-02 0.3276810000D+00 0.5023300000D+01 0.3233700000D+01 0.3517000000D+00
1 4320050103200501122453373.4 0.3800000000D-02-0.1200000000D-03 0.2304400000D+01 0.1056600000D+00 0.2352000000D-02 0.1500000000D-02 0.4895450000D+00 0.5141600000D+01 0.3334400000D+01 0.3036200000D+01 0.1700000000D-02 0.3100000000D-03 0.8571500000D+01 0.3726900000D+00 0.7805000000D-02 0.5500000000D-02 0.2633719000D+01 0.1044200000D+01 0.5553800000D+01 0.5006300000D+01
2 4420031231200401312453004.4 0.7700000000D-02 0.0000000000D+00 0.4610800000D+01 0.1166000000D-01 0.2100000000D-04 0.3200000000D-02 0.1404455000D+01 0.5252300000D+01 0.6030900000D+01 0.4044300000D+01-0.1910000000D-01 0.1000000000D-04 0.1249100000D+02 0.8970000000D-02 0.8600000000D-04 0.7100000000D-02 0.3536506000D+01 0.4762000000D+00 0.4108900000D+01 0.1150000000D-01
2 4520040131200403022453035.4 0.7600000000D-02-0.2000000000D-04 0.4341900000D+01 0.1261000000D-01 0.2100000000D-04 0.2600000000D-02 0.3230678000D+01 0.9223000000D+00 0.3336300000D+01 0.1300900000D+01-0.1940000000D-01 0.4000000000D-04 0.1228250000D+02 0.4770000000D-02 0.8400000000D-04 0.8500000000D-02 0.5422941000D+01 0.1894700000D+01 0.5780400000D+01 0.3659100000D+01
2 4620040302200404022453066.4 0.7200000000D-02 0.0000000000D+00 0.4110000000D+01 0.1158000000D-01 0.4700000000D-04 0.2400000000D-02 0.5045772000D+01 0.2886200000D+01 0.5681000000D+01 0.5143700000D+01-0.1860000000D-01-0.1000000000D-04 0.1222220000D+02 0.3920000000D-02 0.8000000000D-04 0.7700000000D-02 0.1031331000D+01 0.2462200000D+01 0.1162800000D+01 0.1037900000D+01
2 4720040402200405032453097.4 0.6700000000D-02 0.1000000000D-04 0.3956900000D+01 0.8850000000D-02 0.6900000000D-04 0.2600000000D-02 0.5789080000D+00 0.4898000000D+01 0.1421200000D+01 0.2626700000D+01-0.1820000000D-01-0.3000000000D-04 0.1231490000D+02 0.7230000000D-02 0.5900000000D-04 0.7300000000D-02 0.2926710000D+01 0.3626600000D+01 0.2877600000D+01 0.5002800000D+01
2 4820040503200406032453128.4 0.6900000000D-02 0.0000000000D+00 0.3901900000D+01 0.4900000000D-02 0.8400000000D-04 0.2300000000D-02 0.2411560000D+01 0.8010000000D+00 0.3387900000D+01 0.6248700000D+01-0.2040000000D-01 0.6000000000D-04 0.1254300000D+02 0.1023000000D-01 0.3500000000D-04 0.7500000000D-02 0.4822716000D+01 0.5265800000D+01 0.4170100000D+01 0.2401500000D+01
2 4920040603200407042453159.4 0.7300000000D-02-0.1000000000D-04 0.3941600000D+01 0.2740000000D-02 0.8100000000D-04 0.2600000000D-02 0.4274694000D+01 0.4129100000D+01 0.5415800000D+01 0.3717400000D+01-0.2070000000D-01 0.0000000000D+00 0.1285550000D+02 0.1131000000D-01 0.4300000000D-04 0.7800000000D-02 0.4332220000D+00 0.6882000000D+00 0.4687400000D+01 0.6244900000D+01
2 5020040704200408042453190.4 0.6800000000D-02 0.2000000000D-04 0.4058500000D+01 0.6350000000D-02 0.5600000000D-04 0.2200000000D-02 0.6174045000D+01 0.6001000000D+00 0.1317100000D+01 0.1176000000D+01-0.2030000000D-01-0.3000000000D-04 0.1317430000D+02 0.9830000000D-02 0.8700000000D-04 0.8500000000D-02 0.2321947000D+01 0.2362700000D+01 0.5983900000D+01 0.3500200000D+01
2 5120040804200409042453221.4 0.7400000000D-02 0.0000000000D+00 0.4218300000D+01 0.9410000000D-02 0.2700000000D-04 0.2800000000D-02 0.1818284000D+01 0.2727600000D+01 0.4869900000D+01 0.5204700000D+01-0.2080000000D-01-0.1000000000D-04 0.1340580000D+02 0.5610000000D-02 0.1130000000D-03 0.6500000000D-02 0.4204446000D+01 0.3859200000D+01 0.1449300000D+01 0.1166800000D+01
2 5220040904200410052453252.4 0.7300000000D-02 0.1000000000D-04 0.4376700000D+01 0.8580000000D-02 0.7000000000D-04 0.2800000000D-02 0.3755965000D+01 0.4785200000D+01 0.1309900000D+01 0.2447500000D+01-0.2000000000D-01-0.6000000000D-04 0.1346970000D+02 0.4570000000D-02 0.9600000000D-04 0.8700000000D-02 0.6082003000D+01 0.4210600000D+01 0.2983500000D+01 0.4863600000D+01
2 5320041005200411052453283.4 0.6800000000D-02 0.3000000000D-04 0.4465500000D+01 0.4490000000D-02 0.9800000000D-04 0.2600000000D-02 0.5681815000D+01 0.7210000000D+00 0.3390800000D+01 0.5020000000D-01-0.1930000000D-01-0.4000000000D-04 0.1333710000D+02 0.9000000000D-02 0.6000000000D-04 0.7600000000D-02 0.1673159000D+01 0.5399800000D+01 0.4490400000D+01 0.2290300000D+01
2 5420041105200412062453314.4 0.7000000000D-02 0.0000000000D+00 0.4438400000D+01 0.3030000000D-02 0.9000000000D-04 0.2500000000D-02 0.1297893000D+01 0.4536000000D+01 0.5357700000D+01 0.3678400000D+01-0.2050000000D-01 0.4000000000D-04 0.1305140000D+02 0.1155000000D-01 0.2600000000D-04 0.8200000000D-02 0.3547461000D+01 0.7455000000D+00 0.5413300000D+01 0.5950500000D+01
2 5520041206200501062453345.4 0.7000000000D-02 0.0000000000D+00 0.4294200000D+01 0.7980000000D-02 0.5500000000D-04 0.2700000000D-02 0.3164892000D+01 0.6901000000D+00 0.1053300000D+01 0.1305100000D+01-0.1970000000D-01 0.0000000000D+00 0.1270800000D+02 0.1135000000D-01 0.5400000000D-04 0.6900000000D-02 0.5424823000D+01 0.2472900000D+01 0.6159200000D+01 0.3496400000D+01
3 5620031231200401272453004.4 0.2710000000D-01-0.3600000000D-03 0.6444500000D+01 0.1553000000D-01 0.4700000000D-04 0.1280000000D-01 0.2998067000D+01 0.5356000000D+00 0.1180800000D+01 0.2156900000D+01 0.3310000000D-01 0.1400000000D-03 0.1739620000D+02 0.1277000000D-01 0.1100000000D-03 0.3480000000D-01 0.5133638000D+01 0.1920400000D+01 0.5405500000D+01 0.4303100000D+01
3 5720040127200402232453031.4 0.1620000000D-01 0.1500000000D-03 0.6119600000D+01 0.1750000000D-01 0.3400000000D-04 0.1040000000D-01 0.6188086000D+01 0.3848600000D+01 0.5915600000D+01 0.2224900000D+01 0.3460000000D-01-0.9600000000D-03 0.1712970000D+02 0.7380000000D-02 0.1090000000D-03 0.2940000000D-01 0.2091515000D+01 0.4878900000D+01 0.2425800000D+01 0.4422800000D+01
3 5820040223200403212453058.4 0.2220000000D-01 0.0000000000D+00 0.5825000000D+01 0.1692000000D-01 0.6000000000D-04 0.1140000000D-01 0.3083866000D+01 0.8833000000D+00 0.3599400000D+01 0.2266100000D+01 0.7400000000D-02 0.3700000000D-03 0.1701990000D+02 0.3800000000D-02 0.1160000000D-03 0.3350000000D-01 0.5335496000D+01 0.8632000000D+00 0.5738600000D+01 0.4542000000D+01
3 5920040321200404172453085.4 0.2120000000D-01-0.3500000000D-03 0.5605400000D+01 0.1429000000D-01 0.8700000000D-04 0.1130000000D-01 0.6260177000D+01 0.4216400000D+01 0.6971000000D+00 0.2513000000D+01 0.2250000000D-01 0.5400000000D-03 0.1707490000D+02 0.6830000000D-02 0.1090000000D-03 0.3600000000D-01 0.2298461000D+01 0.3062000000D+01 0.2538400000D+01 0.4845400000D+01
3 6020040417200405142453112.4 0.1090000000D-01 0.1000000000D-03 0.5484300000D+01 0.1023000000D-01 0.1020000000D-03 0.9500000000D-02 0.3160271000D+01 0.1363200000D+01 0.4118000000D+01 0.2641500000D+01 0.3510000000D-01-0.8400000000D-03 0.1727990000D+02 0.1243000000D-01 0.7100000000D-04 0.3090000000D-01 0.5544769000D+01 0.6024900000D+01 0.4687100000D+01 0.5038300000D+01
3 6120040514200406102453139.4 0.1610000000D-01 0.1300000000D-03 0.5468400000D+01 0.5590000000D-02 0.1160000000D-03 0.1060000000D-01 0.7735600000D-01 0.5073700000D+01 0.1193000000D+01 0.2693100000D+01 0.6400000000D-02 0.1500000000D-03 0.1761070000D+02 0.1482000000D-01 0.5700000000D-04 0.3430000000D-01 0.2506501000D+01 0.2792600000D+01 0.1150400000D+01 0.5135300000D+01
3 6220040610200407072453166.4 0.1930000000D-01-0.2400000000D-03 0.5549400000D+01 0.4610000000D-02 0.1040000000D-03 0.1160000000D-01 0.3303135000D+01 0.3438400000D+01 0.4463800000D+01 0.3003200000D+01 0.1410000000D-01 0.8700000000D-03 0.1800440000D+02 0.1529000000D-01 0.8200000000D-04 0.3840000000D-01 0.5748867000D+01 0.5894400000D+01 0.3672200000D+01 0.5422400000D+01
3 6320040707200408032453193.4 0.1110000000D-01 0.1200000000D-03 0.5703200000D+01 0.9070000000D-02 0.7300000000D-04 0.1030000000D-01 0.2733820000D+00 0.1001000000D+01 0.1632800000D+01 0.3248400000D+01 0.3780000000D-01-0.7400000000D-03 0.1838530000D+02 0.1279000000D-01 0.9900000000D-04 0.3340000000D-01 0.2704511000D+01 0.2569200000D+01 0.6225900000D+01 0.5662500000D+01
3 6420040803200408302453220.4 0.1570000000D-01 0.3500000000D-03 0.5900600000D+01 0.1250000000D-01 0.3000000000D-04 0.1120000000D-01 0.3547805000D+01 0.4458900000D+01 0.6095200000D+01 0.3339100000D+01 0.1300000000D-01-0.2900000000D-03 0.1866420000D+02 0.8150000000D-02 0.1050000000D-03 0.3540000000D-01 0.5938967000D+01 0.5305100000D+01 0.2747400000D+01 0.5721100000D+01
3 6520040830200409262453247.4 0.2500000000D-01-0.1500000000D-03 0.6094600000D+01 0.1241000000D-01 0.7700000000D-04 0.1300000000D-01 0.5483510000D+00 0.1572000000D+01 0.4306900000D+01 0.3628800000D+01 0.1020000000D-01 0.9000000000D-03 0.1875960000D+02 0.5380000000D-02 0.1530000000D-03 0.4030000000D-01 0.2887149000D+01 0.1323800000D+01 0.6041900000D+01 0.5962400000D+01
3 6620040926200410232453274.4 0.1860000000D-01-0.6000000000D-04 0.6226300000D+01 0.8240000000D-02 0.1240000000D-03 0.1170000000D-01 0.3827464000D+01 0.4994600000D+01 0.1396800000D+01 0.3943200000D+01 0.3900000000D-01-0.5400000000D-03 0.1864650000D+02 0.9220000000D-02 0.1360000000D-03 0.3510000000D-01 0.6117629000D+01 0.3655300000D+01 0.2849700000D+01 0.6225000000D+01
3 6720041023200411192453301.4 0.1840000000D-01 0.2800000000D-03 0.6247600000D+01 0.3350000000D-02 0.1350000000D-03 0.1110000000D-01 0.8056130000D+00 0.2939600000D+01 0.4810300000D+01 0.3990000000D+01 0.1890000000D-01-0.5800000000D-03 0.1835850000D+02 0.1402000000D-01 0.6600000000D-04 0.3320000000D-01 0.3064896000D+01 0.2572000000D+00 0.5886600000D+01 0.6265400000D+01
3 6820041119200412162453328.4 0.2780000000D-01-0.1900000000D-03 0.6136300000D+01 0.7090000000D-02 0.1080000000D-03 0.1280000000D-01 0.4044336000D+01 0.1307900000D+01 0.1875400000D+01 0.4181500000D+01 0.4000000000D-02 0.9200000000D-03 0.1795990000D+02 0.1621000000D-01 0.5300000000D-04 0.3820000000D-01 0.1410200000D-01 0.3330000000D+01 0.1223100000D+01 0.1756000000D+00
3 6920041216200501122453355.4 0.2070000000D-01-0.2600000000D-03 0.5918400000D+01 0.1229000000D-01 0.8000000000D-04 0.1140000000D-01 0.9756070000D+00 0.4803600000D+01 0.5259500000D+01 0.4457600000D+01 0.3100000000D-01-0.1100000000D-03 0.1754980000D+02 0.1549000000D-01 0.1060000000D-03 0.3380000000D-01 0.3249960000D+01 0.1063000000D+00 0.3468800000D+01 0.4892000000D+00
3 7020050112200502082453382.4 0.1430000000D-01 0.1900000000D-03 0.5644800000D+01 0.1591000000D-01 0.3800000000D-04 0.9700000000D-02 0.4167288000D+01 0.1868200000D+01 0.2779400000D+01 0.4488600000D+01 0.2130000000D-01-0.7400000000D-03 0.1720630000D+02 0.1140000000D-01 0.1290000000D-03 0.3000000000D-01 0.2060720000D+00 0.3192200000D+01 0.5104000000D+00 0.5736000000D+00
4 7120031231200401172453004.2-0.2280000000D-01 0.2900000000D-03 0.1050440000D+02 0.2424000000D-01 0.1400000000D-03 0.6100000000D-02 0.2576030000D+00 0.3985900000D+01 0.5052400000D+01 0.5320600000D+01 0.2570000000D-01-0.6100000000D-03 0.2854260000D+02 0.2191000000D-01 0.1910000000D-03 0.1680000000D-01 0.2392201000D+01 0.5157300000D+01 0.1968700000D+01 0.1207300000D+01
4 7220040117200402032453021.2-0.2850000000D-01 0.8000000000D-03 0.1017530000D+02 0.3098000000D-01 0.1940000000D-03 0.7300000000D-02 0.6218159000D+01 0.3827300000D+01 0.5219000000D+00 0.4274500000D+01 0.3690000000D-01 0.1020000000D-02 0.2826440000D+02 0.2001000000D-01 0.8190000000D-03 0.2040000000D-01 0.2100680000D+01 0.5652100000D+01 0.3311400000D+01 0.1112000000D+00
4 7320040203200402202453038.2-0.1200000000D-01-0.8500000000D-03 0.9829300000D+01 0.2502000000D-01 0.1480000000D-03 0.6600000000D-02 0.5886244000D+01 0.3529800000D+01 0.4330900000D+01 0.3502000000D+01 0.4150000000D-01 0.9600000000D-03 0.2803750000D+02 0.1582000000D-01 0.2690000000D-03 0.1760000000D-01 0.1805056000D+01 0.4048100000D+01 0.1360400000D+01 0.5716500000D+01
4 7420040220200403082453055.2-0.3180000000D-01 0.2300000000D-03 0.9535300000D+01 0.2693000000D-01 0.8900000000D-04 0.1100000000D-01 0.5552823000D+01 0.3307400000D+01 0.5724300000D+01 0.2711700000D+01 0.8710000000D-01 0.5000000000D-04 0.2793230000D+02 0.1144000000D-01 0.1720000000D-03 0.3190000000D-01 0.1513019000D+01 0.3270200000D+01 0.1083200000D+01 0.4996700000D+01
4 7520040308200403252453072.2-0.3100000000D-01-0.6200000000D-03 0.9281700000D+01 0.2830000000D-01 0.2530000000D-03 0.1140000000D-01 0.5218648000D+01 0.3161100000D+01 0.2589000000D+00 0.2403200000D+01 0.8160000000D-01 0.8000000000D-04 0.2793760000D+02 0.6020000000D-02 0.6470000000D-03 0.3530000000D-01 0.1223168000D+01 0.8137000000D+00 0.2739200000D+01 0.4708300000D+01
4 7620040325200404112453089.2-0.3820000000D-01 0.2700000000D-03 0.9082700000D+01 0.1925000000D-01 0.1230000000D-03 0.1130000000D-01 0.4880832000D+01 0.2818800000D+01 0.3976300000D+01 0.1784900000D+01 0.1040000000D+00-0.2710000000D-02 0.2803900000D+02 0.2111000000D-01 0.4540000000D-03 0.3530000000D-01 0.9297460000D+00 0.1793600000D+01 0.5554500000D+01 0.4124400000D+01
4 7720040411200404282453106.2-0.3470000000D-01-0.8000000000D-04 0.8956200000D+01 0.1781000000D-01 0.1520000000D-03 0.1190000000D-01 0.4548901000D+01 0.2656100000D+01 0.5304200000D+01 0.1452200000D+01 0.5250000000D-01 0.9000000000D-03 0.2826950000D+02 0.1706000000D-01 0.2190000000D-03 0.3790000000D-01 0.6380180000D+00 0.1258500000D+01 0.4589000000D+00 0.3850500000D+01
4 7820040428200405152453123.2-0.2930000000D-01 0.6400000000D-03 0.8897900000D+01 0.1574000000D-01 0.3110000000D-03 0.8000000000D-02 0.4222825000D+01 0.2544100000D+01 0.5488200000D+01 0.9497000000D+00 0.5870000000D-01-0.3020000000D-02 0.2855510000D+02 0.2391000000D-01 0.4900000000D-03 0.2680000000D-01 0.3465410000D+00 0.3168000000D+00 0.2388400000D+01 0.3378800000D+01
4 7920040515200406012453140.2-0.2550000000D-01 0.1600000000D-03 0.8903300000D+01 0.5530000000D-02 0.1680000000D-03 0.8100000000D-02 0.3903375000D+01 0.2625500000D+01 0.3636700000D+01 0.2726000000D+00 0.2970000000D-01 0.1000000000D-02 0.2893170000D+02 0.2393000000D-01 0.5560000000D-03 0.2710000000D-01 0.5202500000D-01 0.5828000000D+00 0.5130300000D+01 0.2699100000D+01
4 8020040601200406182453157.2-0.1500000000D-01-0.1700000000D-03 0.8971600000D+01 0.6260000000D-02 0.2360000000D-03 0.5200000000D-02 0.3595935000D+01 0.3086800000D+01 0.4741800000D+01 0.5937300000D+01 0.2370000000D-01 0.3700000000D-03 0.2933460000D+02 0.2325000000D-01 0.1050000000D-03 0.1730000000D-01 0.6040857000D+01 0.6111300000D+01 0.9292000000D+00 0.2108400000D+01
4 8120040618200407052453174.2-0.2500000000D-01 0.5000000000D-03 0.9087500000D+01 0.1057000000D-01 0.1830000000D-03 0.6900000000D-02 0.3298548000D+01 0.3624100000D+01 0.4949900000D+01 0.4697700000D+01 0.6680000000D-01-0.6700000000D-03 0.2972710000D+02 0.2747000000D-01 0.3220000000D-03 0.2230000000D-01 0.5743593000D+01 0.5938200000D+01 0.3436300000D+01 0.8361000000D+00
4 8220040705200407222453191.2-0.1070000000D-01-0.1700000000D-02 0.9268200000D+01 0.1191000000D-01 0.2240000000D-03 0.8500000000D-02 0.3013479000D+01 0.3794600000D+01 0.3707500000D+01 0.4302600000D+01 0.3420000000D-01 0.4000000000D-02 0.3013920000D+02 0.1955000000D-01 0.1180000000D-03 0.2680000000D-01 0.5447782000D+01 0.5262000000D+01 0.3746100000D+01 0.4880000000D+00
4 8320040722200408082453208.2-0.3220000000D-01 0.6000000000D-04 0.9454300000D+01 0.1833000000D-01 0.1450000000D-03 0.1080000000D-01 0.2736068000D+01 0.3565000000D+01 0.4423600000D+01 0.3543300000D+01 0.9930000000D-01-0.4900000000D-03 0.3045180000D+02 0.1659000000D-01 0.1750000000D-03 0.3480000000D-01 0.5147933000D+01 0.4932900000D+01 0.1763100000D+01 0.5950500000D+01
4 8420040808200408252453225.2-0.4000000000D-01-0.2700000000D-03 0.9664900000D+01 0.2192000000D-01 0.2800000000D-04 0.1350000000D-01 0.2464958000D+01 0.3445900000D+01 0.5897400000D+01 0.3311900000D+01 0.9240000000D-01 0.6000000000D-03 0.3067730000D+02 0.9780000000D-02 0.2670000000D-03 0.4280000000D-01 0.4847334000D+01 0.4710800000D+01 0.2413300000D+01 0.5675400000D+01
4 8520040825200409112453242.2-0.3530000000D-01-0.3200000000D-03 0.9875100000D+01 0.1655000000D-01 0.1760000000D-03 0.1160000000D-01 0.2200271000D+01 0.3156400000D+01 0.3804900000D+01 0.2949600000D+01 0.9730000000D-01-0.3150000000D-02 0.3078920000D+02 0.1524000000D-01 0.3930000000D-03 0.3450000000D-01 0.4548849000D+01 0.3076800000D+01 0.4640000000D+00 0.5269100000D+01
4 8620040911200409282453259.2-0.4360000000D-01 0.4100000000D-03 0.1003700000D+02 0.1945000000D-01 0.1460000000D-03 0.1320000000D-01 0.1929827000D+01 0.3070500000D+01 0.5996000000D+01 0.2451600000D+01 0.5900000000D-01 0.3200000000D-03 0.3074530000D+02 0.9060000000D-02 0.3620000000D-03 0.3990000000D-01 0.4246436000D+01 0.2087500000D+01 0.6162000000D+00 0.4780200000D+01
4 8720040928200410152453276.2-0.2640000000D-01-0.5000000000D-04 0.1014830000D+02 0.1510000000D-01 0.2360000000D-03 0.8900000000D-02 0.1657405000D+01 0.2910300000D+01 0.5661400000D+01 0.2169800000D+01 0.2640000000D-01-0.3400000000D-03 0.3057650000D+02 0.1386000000D-01 0.2020000000D-03 0.2670000000D-01 0.3944790000D+01 0.9746000000D+00 0.1432000000D+01 0.4424900000D+01
4 8820041015200411012453293.2-0.2700000000D-01 0.6000000000D-03 0.1018530000D+02 0.4060000000D-02 0.2160000000D-03 0.6700000000D-02 0.1380637000D+01 0.2863100000D+01 0.4219300000D+01 0.1178700000D+01 0.3800000000D-01-0.1900000000D-03 0.3029360000D+02 0.2480000000D-01 0.6010000000D-03 0.2020000000D-01 0.3646188000D+01 0.1152100000D+01 0.5466400000D+01 0.3407900000D+01
4 8920041101200411182453310.2-0.1490000000D-01-0.6900000000D-03 0.1013300000D+02 0.6490000000D-02 0.3330000000D-03 0.6300000000D-02 0.1091033000D+01 0.3415200000D+01 0.5146000000D+01 0.6309000000D+00 0.6400000000D-02 0.3500000000D-02 0.2988950000D+02 0.1730000000D-01 0.5980000000D-03 0.1870000000D-01 0.3344948000D+01 0.6198100000D+01 0.9718000000D+00 0.2832900000D+01
4 9020041118200412052453327.2-0.2410000000D-01 0.2800000000D-03 0.1000390000D+02 0.1066000000D-01 0.2070000000D-03 0.7700000000D-02 0.7939470000D+00 0.4112500000D+01 0.5050800000D+01 0.5700300000D+01 0.7450000000D-01-0.1100000000D-02 0.2950410000D+02 0.2818000000D-01 0.1740000000D-03 0.2260000000D-01 0.3046847000D+01 0.6186000000D+01 0.3591900000D+01 0.1685800000D+01
4 9120041205200412222453344.2-0.2480000000D-01-0.9100000000D-03 0.9797400000D+01 0.1752000000D-01 0.1790000000D-03 0.1080000000D-01 0.4886440000D+00 0.4371900000D+01 0.3214600000D+01 0.5316200000D+01 0.6020000000D-01 0.2870000000D-02 0.2905150000D+02 0.2176000000D-01 0.5110000000D-03 0.3300000000D-01 0.2750810000D+01 0.6157300000D+01 0.4757000000D+01 0.1304900000D+01
4 9220041222200501082453361.2-0.2900000000D-01-0.3300000000D-03 0.9539300000D+01 0.1895000000D-01 0.2990000000D-03 0.1030000000D-01 0.1708050000D+00 0.3890500000D+01 0.4722200000D+01 0.4710400000D+01 0.8520000000D-01-0.3800000000D-03 0.2864270000D+02 0.2399000000D-01 0.5440000000D-03 0.3160000000D-01 0.2453730000D+01 0.5017200000D+01 0.8591000000D+00 0.7201000000D+00
4 9320050108200501252453378.2-0.4140000000D-01 0.2800000000D-03 0.9260300000D+01 0.2518000000D-01 0.4200000000D-04 0.1250000000D-01 0.6129499000D+01 0.3775300000D+01 0.5202700000D+01 0.4283600000D+01 0.8730000000D-01-0.1000000000D-04 0.2830480000D+02 0.1946000000D-01 0.2290000000D-03 0.3890000000D-01 0.2160147000D+01 0.5041900000D+01 0.3019400000D+01 0.3178000000D+00
4 9420050125200502112453395.2-0.2930000000D-01-0.3400000000D-03 0.8965200000D+01 0.2550000000D-01 0.6200000000D-04 0.1070000000D-01 0.5796033000D+01 0.3579800000D+01 0.3496200000D+01 0.3972500000D+01 0.5450000000D-01-0.2600000000D-03 0.2803280000D+02 0.1716000000D-01 0.2160000000D-03 0.3330000000D-01 0.1866158000D+01 0.4381900000D+01 0.2002700000D+01 0.9360000000D-01
5 9520031231200401222453004.4-0.2780000000D-01-0.4300000000D-03 0.1407510000D+02 0.3243000000D-01 0.1490000000D-03 0.1000000000D-01 0.3146900000D-01 0.3820600000D+01 0.4395500000D+01 0.4842100000D+01 0.4040000000D-01-0.4500000000D-03 0.3818260000D+02 0.2653000000D-01 0.1740000000D-03 0.2660000000D-01 0.2159032000D+01 0.5124700000D+01 0.2559600000D+01 0.6863000000D+00
5 9620040122200402132453026.4-0.2940000000D-01-0.2100000000D-03 0.1349720000D+02 0.3779000000D-01 0.1170000000D-03 0.1180000000D-01 0.3979663000D+01 0.1563900000D+01 0.3504300000D+01 0.6980000000D+00-0.1150000000D-01 0.8000000000D-03 0.3771770000D+02 0.2162000000D-01 0.4520000000D-03 0.3530000000D-01 0.6148287000D+01 0.2900500000D+01 0.5937000000D+00 0.2863900000D+01
5 9720040213200403062453048.4-0.3260000000D-01 0.1490000000D-02 0.1294190000D+02 0.3689000000D-01 0.2390000000D-03 0.1150000000D-01 0.1635361000D+01 0.5551300000D+01 0.1248100000D+01 0.2792200000D+01 0.6000000000D-02-0.4550000000D-02 0.3745970000D+02 0.2375000000D-01 0.7640000000D-03 0.3460000000D-01 0.3853484000D+01 0.6570000000D-01 0.3799800000D+01 0.5087500000D+01
5 9820040306200403282453070.4 0.1800000000D-02-0.3500000000D-03 0.1246320000D+02 0.3035000000D-01 0.2530000000D-03 0.8300000000D-02 0.5568588000D+01 0.3298000000D+01 0.4878500000D+01 0.4946000000D+01-0.7840000000D-01 0.1760000000D-02 0.3739250000D+02 0.2369000000D-01 0.6670000000D-03 0.2400000000D-01 0.1559953000D+01 0.3186600000D+01 0.8107000000D+00 0.9351000000D+00
5 9920040328200404192453092.4-0.1120000000D-01 0.1080000000D-02 0.1210460000D+02 0.2403000000D-01 0.6100000000D-04 0.3700000000D-02 0.3220888000D+01 0.1318600000D+01 0.1304300000D+01 0.6370000000D+00-0.4260000000D-01 0.1230000000D-02 0.3753530000D+02 0.2977000000D-01 0.4030000000D-03 0.1210000000D-01 0.5551266000D+01 0.4590000000D-01 0.3839000000D+01 0.2942700000D+01
510020040419200405112453114.4 0.1430000000D-01-0.1770000000D-02 0.1191860000D+02 0.2239000000D-01 0.2170000000D-03 0.1100000000D-02 0.8796370000D+00 0.5543700000D+01 0.2580600000D+01 0.6173200000D+01-0.3000000000D-01 0.2700000000D-02 0.3796020000D+02 0.3022000000D-01 0.2360000000D-03 0.3800000000D-02 0.3259603000D+01 0.3445500000D+01 0.5495200000D+01 0.2579200000D+01
510120040511200406022453136.4-0.1720000000D-01-0.2000000000D-03 0.1190340000D+02 0.1712000000D-01 0.3970000000D-03 0.5800000000D-02 0.4832164000D+01 0.3369800000D+01 0.6086100000D+01 0.1897000000D+01 0.2100000000D-01 0.1460000000D-02 0.3859110000D+02 0.2690000000D-01 0.4130000000D-03 0.1700000000D-01 0.9656630000D+00 0.9297000000D+00 0.1977900000D+01 0.4296400000D+01
510220040602200406242453158.4-0.2980000000D-01 0.3800000000D-03 0.1201330000D+02 0.7610000000D-02 0.3210000000D-03 0.9100000000D-02 0.2516254000D+01 0.1957200000D+01 0.3451200000D+01 0.3927800000D+01 0.7560000000D-01-0.4330000000D-02 0.3930260000D+02 0.2343000000D-01 0.4630000000D-03 0.3140000000D-01 0.4951541000D+01 0.5153400000D+01 0.4766400000D+01 0.4860000000D-01
510320040624200407162453180.4-0.2120000000D-01-0.8000000000D-04 0.1223150000D+02 0.1557000000D-01 0.1680000000D-03 0.1180000000D-01 0.2201430000D+00 0.6879000000D+00 0.1627900000D+01 0.6091200000D+01-0.1890000000D-01 0.6100000000D-03 0.3996710000D+02 0.3209000000D-01 0.3810000000D-03 0.3880000000D-01 0.2653288000D+01 0.2739500000D+01 0.8340000000D+00 0.2269200000D+01
510420040716200408072453202.4-0.1570000000D-01 0.7400000000D-03 0.1254660000D+02 0.2360000000D-01 0.1670000000D-03 0.1110000000D-01 0.4224837000D+01 0.4914700000D+01 0.3830000000D-01 0.2084000000D+01-0.5000000000D-01-0.9000000000D-03 0.4059310000D+02 0.2761000000D-01 0.3370000000D-03 0.3450000000D-01 0.3529880000D+00 0.1025000000D+00 0.3826600000D+01 0.4470800000D+01
510520040807200408292453224.4 0.6600000000D-02-0.2800000000D-03 0.1291520000D+02 0.2724000000D-01 0.1460000000D-03 0.7100000000D-02 0.1958491000D+01 0.2803500000D+01 0.4516400000D+01 0.4324700000D+01-0.6500000000D-01 0.2800000000D-03 0.4103070000D+02 0.1743000000D-01 0.2920000000D-03 0.2220000000D-01 0.4333313000D+01 0.3667500000D+01 0.1240000000D+01 0.3608000000D+00
510620040829200409202453246.4-0.6100000000D-02 0.4300000000D-03 0.1328080000D+02 0.2535000000D-01 0.7600000000D-04 0.1700000000D-02 0.5980171000D+01 0.7431000000D+00 0.2988500000D+01 0.2124000000D+00-0.3420000000D-01 0.1840000000D-02 0.4120140000D+02 0.1039000000D-01 0.1590000000D-03 0.5300000000D-02 0.2029143000D+01 0.1669000000D+00 0.5386900000D+01 0.2527400000D+01
510720040920200410122453268.4-0.6000000000D-03-0.1290000000D-02 0.1354140000D+02 0.2362000000D-01 0.2660000000D-03 0.4500000000D-02 0.3715127000D+01 0.5012800000D+01 0.1865300000D+01 0.5576600000D+01 0.1990000000D-01 0.3700000000D-03 0.4103830000D+02 0.1713000000D-01 0.4680000000D-03 0.1280000000D-01 0.6006559000D+01 0.2662700000D+01 0.4279000000D+01 0.1616000000D+01
510820041012200411032453290.4-0.2010000000D-01-0.8800000000D-03 0.1363700000D+02 0.1573000000D-01 0.4120000000D-03 0.9000000000D-02 0.1442536000D+01 0.2898200000D+01 0.5476600000D+01 0.1545600000D+01-0.1160000000D-01 0.4200000000D-02 0.4053370000D+02 0.1113000000D-01 0.9450000000D-03 0.2520000000D-01 0.3703945000D+01 0.1169000000D+00 0.1144900000D+01 0.3708900000D+01
510920041103200411252453312.4-0.4190000000D-01 0.1120000000D-02 0.1355280000D+02 0.5290000000D-02 0.3680000000D-03 0.1100000000D-01 0.5441511000D+01 0.2018200000D+01 0.2660900000D+01 0.3564300000D+01 0.9980000000D-01-0.8480000000D-02 0.3988750000D+02 0.1603000000D-01 0.1051000000D-02 0.3590000000D-01 0.1404361000D+01 0.5213900000D+01 0.4279100000D+01 0.5793200000D+01
511020041125200412172453334.4-0.1880000000D-01-0.3300000000D-03 0.1331020000D+02 0.2164000000D-01 0.9200000000D-04 0.1270000000D-01 0.3140348000D+01 0.5547000000D+00 0.5537700000D+01 0.5668300000D+01-0.6340000000D-01 0.2840000000D-02 0.3923370000D+02 0.3747000000D-01 0.1063000000D-02 0.3690000000D-01 0.5388879000D+01 0.2838900000D+01 0.9454000000D+00 0.1726000000D+01
511120041217200501082453356.4-0.2720000000D-01 0.1880000000D-02 0.1290830000D+02 0.3213000000D-01 0.1520000000D-03 0.1000000000D-01 0.8217030000D+00 0.4572100000D+01 0.8287000000D+00 0.1586500000D+01-0.3320000000D-01-0.2170000000D-02 0.3853460000D+02 0.4006000000D-01 0.7470000000D-03 0.2880000000D-01 0.3089908000D+01 0.9960000000D-01 0.4031100000D+01 0.3823100000D+01
511220050108200501302453378.4 0.1210000000D-01-0.8400000000D-03 0.1240360000D+02 0.3426000000D-01 0.1630000000D-03 0.5500000000D-02 0.4771095000D+01 0.2355200000D+01 0.3978100000D+01 0.3633700000D+01-0.6870000000D-01 0.1810000000D-02 0.3788480000D+02 0.2892000000D-01 0.3410000000D-03 0.1770000000D-01 0.7937900000D+00 0.3723200000D+01 0.1111500000D+01 0.5950000000D+01
