 7 5   2  44  56  71  95 4.4880 2.4930 1.5162 0.7217 0.4667  9.0 31.0 27.0 17.0 22.0  112 2454100.5000 2007                                                                                                                                                                                                                                                                      
1  220061231200701092454100.4 0.2300000000D-02 0.8000000000D-04 0.1800000000D+01 0.8444000000D-01 0.1904000000D-02 0.1200000000D-02 0.1876631000D+01 0.2850000000D+00 0.4795200000D+01 0.5693600000D+01-0.7000000000D-02-0.4300000000D-03 0.8547600000D+01 0.3729700000D+00 0.7813000000D-02 0.5700000000D-02 0.4772151000D+01 0.3179600000D+01 0.1393200000D+01 0.2316100000D+01
1  320070109200701182454109.4 0.2200000000D-02 0.5000000000D-04 0.1787300000D+01 0.8490000000D-01 0.1946000000D-02 0.1100000000D-02 0.4152805000D+01 0.2566400000D+01 0.7784000000D+00 0.3872700000D+01-0.8000000000D-02-0.1100000000D-03 0.8487700000D+01 0.3706400000D+00 0.7860000000D-02 0.5700000000D-02 0.7954080000D+00 0.5491000000D+01 0.3694100000D+01 0.5263000000D+00
1  420070118200701272454118.4 0.2800000000D-02-0.9000000000D-04 0.1777800000D+01 0.8471000000D-01 0.1944000000D-02 0.1100000000D-02 0.1415960000D+00 0.4841300000D+01 0.3074600000D+01 0.2289500000D+01-0.1100000000D-01 0.4400000000D-03 0.8438500000D+01 0.3660600000D+00 0.7653000000D-02 0.5300000000D-02 0.3102139000D+01 0.1514300000D+01 0.6025200000D+01 0.5223700000D+01
1  520070127200702052454127.4 0.2900000000D-02-0.9000000000D-04 0.1771800000D+01 0.8507000000D-01 0.1941000000D-02 0.1200000000D-02 0.2411232000D+01 0.8303000000D+00 0.5341200000D+01 0.6208000000D+00-0.1130000000D-01 0.3400000000D-03 0.8396400000D+01 0.3643600000D+00 0.7535000000D-02 0.5700000000D-02 0.5410220000D+01 0.3822500000D+01 0.2043100000D+01 0.3609500000D+01
1  620070205200702142454136.4 0.1800000000D-02 0.1100000000D-03 0.1768900000D+01 0.8529000000D-01 0.1957000000D-02 0.1100000000D-02 0.4678367000D+01 0.3104500000D+01 0.1333100000D+01 0.5267200000D+01-0.7300000000D-02-0.5400000000D-03 0.8358700000D+01 0.3617400000D+00 0.7517000000D-02 0.5200000000D-02 0.1435397000D+01 0.6135600000D+01 0.4362600000D+01 0.1993400000D+01
1  720070214200702232454145.4 0.1800000000D-02 0.5000000000D-04 0.1771000000D+01 0.8556000000D-01 0.1970000000D-02 0.1400000000D-02 0.6610580000D+00 0.5376500000D+01 0.3607000000D+01 0.3510200000D+01-0.7700000000D-02-0.3100000000D-03 0.8332200000D+01 0.3596700000D+00 0.7458000000D-02 0.6300000000D-02 0.3744629000D+01 0.2163500000D+01 0.3959000000D+00 0.3101000000D+00
1  820070223200703042454154.4 0.2500000000D-02-0.1000000000D-03 0.1777400000D+01 0.8575000000D-01 0.1997000000D-02 0.1300000000D-02 0.2926238000D+01 0.1367600000D+01 0.5892300000D+01 0.1817800000D+01-0.1120000000D-01 0.4400000000D-03 0.8311900000D+01 0.3577000000D+00 0.7517000000D-02 0.6100000000D-02 0.6054435000D+01 0.4479200000D+01 0.2723900000D+01 0.4949300000D+01
1  920070304200703132454163.4 0.2400000000D-02-0.6000000000D-04 0.1789300000D+01 0.8621000000D-01 0.1985000000D-02 0.1400000000D-02 0.5191890000D+01 0.3638000000D+01 0.1877400000D+01 0.5460000000D-01-0.1180000000D-01 0.3500000000D-03 0.8302700000D+01 0.3568900000D+00 0.7424000000D-02 0.6400000000D-02 0.2081756000D+01 0.5081000000D+00 0.5033700000D+01 0.3234400000D+01
1 1020070313200703222454172.4 0.2000000000D-02 0.1000000000D-04 0.1805900000D+01 0.8709000000D-01 0.2002000000D-02 0.1400000000D-02 0.1176043000D+01 0.5910800000D+01 0.4134100000D+01 0.4497500000D+01-0.1030000000D-01-0.6000000000D-04 0.8302400000D+01 0.3579200000D+00 0.7438000000D-02 0.6200000000D-02 0.4393354000D+01 0.2821700000D+01 0.1047300000D+01 0.1451900000D+01
1 1120070322200703312454181.4 0.1400000000D-02 0.9000000000D-04 0.1826700000D+01 0.8735000000D-01 0.2016000000D-02 0.1400000000D-02 0.3444499000D+01 0.1903800000D+01 0.1448000000D+00 0.2808800000D+01-0.7900000000D-02-0.4800000000D-03 0.8309100000D+01 0.3566500000D+00 0.7457000000D-02 0.6200000000D-02 0.4216000000D+00 0.5138000000D+01 0.3383500000D+01 0.6093500000D+01
1 1220070331200704092454190.4 0.1700000000D-02 0.0000000000D+00 0.1852400000D+01 0.8802000000D-01 0.1999000000D-02 0.1300000000D-02 0.5715813000D+01 0.4177100000D+01 0.2414300000D+01 0.1008500000D+01-0.9600000000D-02-0.3000000000D-04 0.8327900000D+01 0.3573400000D+00 0.7386000000D-02 0.5700000000D-02 0.2733731000D+01 0.1167300000D+01 0.5691400000D+01 0.4359000000D+01
1 1320070409200704182454199.4 0.2600000000D-02-0.1700000000D-03 0.1881100000D+01 0.8874000000D-01 0.1993000000D-02 0.1200000000D-02 0.1707236000D+01 0.1710000000D+00 0.4692600000D+01 0.5569400000D+01-0.1370000000D-01 0.7000000000D-03 0.8353700000D+01 0.3579400000D+00 0.7359000000D-02 0.5300000000D-02 0.5046308000D+01 0.3481300000D+01 0.1732300000D+01 0.2701100000D+01
1 1420070418200704272454208.4 0.1800000000D-02 0.0000000000D+00 0.1912200000D+01 0.8927000000D-01 0.1995000000D-02 0.1400000000D-02 0.3985007000D+01 0.2451900000D+01 0.6968000000D+00 0.3925800000D+01-0.1180000000D-01 0.9000000000D-04 0.8386200000D+01 0.3587200000D+00 0.7387000000D-02 0.5800000000D-02 0.1075759000D+01 0.5797000000D+01 0.4054800000D+01 0.1051800000D+01
1 1520070427200705062454217.4 0.1100000000D-02 0.1200000000D-03 0.1945100000D+01 0.8990000000D-01 0.2027000000D-02 0.1100000000D-02 0.6266757000D+01 0.4737900000D+01 0.2984000000D+01 0.2327700000D+01-0.9000000000D-02-0.4700000000D-03 0.8425300000D+01 0.3608100000D+00 0.7595000000D-02 0.5200000000D-02 0.3388771000D+01 0.1832500000D+01 0.8570000000D-01 0.5826600000D+01
1 1620070506200705152454226.4 0.1500000000D-02 0.0000000000D+00 0.1979300000D+01 0.9038000000D-01 0.1996000000D-02 0.1300000000D-02 0.2269392000D+01 0.7386000000D+00 0.5279300000D+01 0.6532000000D+00-0.1000000000D-01-0.1600000000D-03 0.8473100000D+01 0.3618900000D+00 0.7531000000D-02 0.5900000000D-02 0.5701668000D+01 0.4145200000D+01 0.2418100000D+01 0.4093700000D+01
1 1720070515200705242454235.4 0.2000000000D-02-0.8000000000D-04 0.2013300000D+01 0.9126000000D-01 0.1998000000D-02 0.1300000000D-02 0.4559657000D+01 0.3027700000D+01 0.1264400000D+01 0.5324000000D+01-0.1240000000D-01 0.2900000000D-03 0.8526700000D+01 0.3655300000D+00 0.7598000000D-02 0.5900000000D-02 0.1731623000D+01 0.1762000000D+00 0.4713000000D+01 0.2506200000D+01
1 1820070524200706022454244.4 0.2100000000D-02-0.7000000000D-04 0.2045900000D+01 0.9164000000D-01 0.2034000000D-02 0.1500000000D-02 0.5706530000D+00 0.5324300000D+01 0.3565300000D+01 0.3676600000D+01-0.1440000000D-01 0.5200000000D-03 0.8582700000D+01 0.3683800000D+00 0.7807000000D-02 0.6900000000D-02 0.4044418000D+01 0.2493400000D+01 0.7470000000D+00 0.7909000000D+00
1 1920070602200706112454253.4 0.1400000000D-02 0.8000000000D-04 0.2077500000D+01 0.9202000000D-01 0.1981000000D-02 0.1400000000D-02 0.2869223000D+01 0.1332600000D+01 0.5857400000D+01 0.1900400000D+01-0.1120000000D-01-0.2200000000D-03 0.8645400000D+01 0.3710800000D+00 0.7726000000D-02 0.6000000000D-02 0.7369600000D-01 0.4802900000D+01 0.3063900000D+01 0.5393500000D+01
1 2020070611200706202454262.4 0.9000000000D-03 0.1400000000D-03 0.2106300000D+01 0.9236000000D-01 0.1967000000D-02 0.1700000000D-02 0.5172046000D+01 0.3630800000D+01 0.1864000000D+01 0.2224000000D+00-0.8900000000D-02-0.6400000000D-03 0.8709500000D+01 0.3740300000D+00 0.7850000000D-02 0.6900000000D-02 0.2385761000D+01 0.8329000000D+00 0.5379100000D+01 0.3621400000D+01
1 2120070620200706292454271.4 0.2000000000D-02-0.8000000000D-04 0.2131300000D+01 0.9224000000D-01 0.1957000000D-02 0.1500000000D-02 0.1195545000D+01 0.5933900000D+01 0.4175900000D+01 0.4711000000D+01-0.1290000000D-01 0.2400000000D-03 0.8773700000D+01 0.3769500000D+00 0.7922000000D-02 0.6000000000D-02 0.4697343000D+01 0.3144100000D+01 0.1413000000D+01 0.1925000000D+01
1 2220070629200707082454280.4 0.2400000000D-02-0.1100000000D-03 0.2152200000D+01 0.9245000000D-01 0.1945000000D-02 0.1600000000D-02 0.3506507000D+01 0.1956600000D+01 0.1801000000D+00 0.3080700000D+01-0.1470000000D-01 0.5100000000D-03 0.8836400000D+01 0.3816700000D+00 0.8041000000D-02 0.6200000000D-02 0.7254770000D+00 0.5454900000D+01 0.3703200000D+01 0.2714000000D+00
1 2320070708200707172454289.4 0.1600000000D-02 0.8000000000D-04 0.2169000000D+01 0.9180000000D-01 0.1924000000D-02 0.1500000000D-02 0.5820738000D+01 0.4266400000D+01 0.2509700000D+01 0.1261400000D+01-0.1300000000D-01-0.2000000000D-04 0.8896800000D+01 0.3831300000D+00 0.8226000000D-02 0.5400000000D-02 0.3035525000D+01 0.1483900000D+01 0.6036600000D+01 0.4804000000D+01
1 2420070717200707262454298.4 0.1300000000D-02 0.1200000000D-03 0.2181300000D+01 0.9159000000D-01 0.1880000000D-02 0.1500000000D-02 0.1855899000D+01 0.2935000000D+00 0.4810300000D+01 0.6094100000D+01-0.1100000000D-01-0.4300000000D-03 0.8956200000D+01 0.3870800000D+00 0.8181000000D-02 0.6100000000D-02 0.5345476000D+01 0.3788700000D+01 0.2049600000D+01 0.3302400000D+01
1 2520070726200708042454307.4 0.1700000000D-02 0.4000000000D-04 0.2188100000D+01 0.9157000000D-01 0.1886000000D-02 0.1400000000D-02 0.4177667000D+01 0.2612000000D+01 0.8188000000D+00 0.4329400000D+01-0.1080000000D-01-0.3700000000D-03 0.9007500000D+01 0.3918700000D+00 0.8312000000D-02 0.5400000000D-02 0.1371637000D+01 0.6096400000D+01 0.4332800000D+01 0.1622200000D+01
1 2620070804200708132454316.4 0.2500000000D-02-0.1000000000D-03 0.2191400000D+01 0.9044000000D-01 0.1832000000D-02 0.1500000000D-02 0.2184250000D+00 0.4929100000D+01 0.3167300000D+01 0.2843700000D+01-0.1500000000D-01 0.4900000000D-03 0.9053300000D+01 0.3924200000D+00 0.8376000000D-02 0.6500000000D-02 0.3679473000D+01 0.2119300000D+01 0.3807000000D+00 0.3450000000D-01
1 2720070813200708222454325.4 0.2600000000D-02-0.6000000000D-04 0.2190300000D+01 0.9002000000D-01 0.1806000000D-02 0.1500000000D-02 0.2545381000D+01 0.9673000000D+00 0.5479400000D+01 0.1134000000D+01-0.1570000000D-01 0.4400000000D-03 0.9090400000D+01 0.3956600000D+00 0.8461000000D-02 0.6500000000D-02 0.5987055000D+01 0.4423900000D+01 0.2672900000D+01 0.4571700000D+01
1 2820070822200708312454334.4 0.1600000000D-02 0.1700000000D-03 0.2185100000D+01 0.8943000000D-01 0.1790000000D-02 0.1600000000D-02 0.4874014000D+01 0.3292800000D+01 0.1522400000D+01 0.5904200000D+01-0.1120000000D-01-0.5700000000D-03 0.9117700000D+01 0.3973300000D+00 0.8484000000D-02 0.7200000000D-02 0.2010415000D+01 0.4441000000D+00 0.4975800000D+01 0.2997400000D+01
1 2920070831200709092454343.4 0.1800000000D-02 0.1000000000D-03 0.2177500000D+01 0.8874000000D-01 0.1761000000D-02 0.1600000000D-02 0.9207170000D+00 0.5617600000D+01 0.3858300000D+01 0.4064000000D+01-0.1120000000D-01-0.4100000000D-03 0.9135500000D+01 0.3986600000D+00 0.8507000000D-02 0.6600000000D-02 0.4316367000D+01 0.2745700000D+01 0.9920000000D+00 0.1139200000D+01
1 3020070909200709182454352.4 0.2700000000D-02-0.6000000000D-04 0.2166300000D+01 0.8838000000D-01 0.1801000000D-02 0.1600000000D-02 0.3251261000D+01 0.1667800000D+01 0.6190800000D+01 0.2448200000D+01-0.1390000000D-01 0.2100000000D-03 0.9137000000D+01 0.4005200000D+00 0.8763000000D-02 0.7000000000D-02 0.3385640000D+00 0.5052800000D+01 0.3284000000D+01 0.5764600000D+01
1 3120070918200709272454361.4 0.3000000000D-02-0.7000000000D-04 0.2154600000D+01 0.8801000000D-01 0.1762000000D-02 0.1600000000D-02 0.5581392000D+01 0.3992900000D+01 0.2237400000D+01 0.7231000000D+00-0.1550000000D-01 0.4000000000D-03 0.9133200000D+01 0.4000500000D+00 0.8579000000D-02 0.6700000000D-02 0.2643000000D+01 0.1066800000D+01 0.5585300000D+01 0.4018300000D+01
1 3220070927200710062454370.4 0.2700000000D-02 0.3000000000D-04 0.2141700000D+01 0.8806000000D-01 0.1758000000D-02 0.1400000000D-02 0.1627599000D+01 0.3610000000D-01 0.4556600000D+01 0.5316900000D+01-0.1460000000D-01 0.6000000000D-04 0.9117500000D+01 0.4005800000D+00 0.8527000000D-02 0.5900000000D-02 0.4947373000D+01 0.3365800000D+01 0.1588500000D+01 0.2341800000D+01
1 3320071006200710152454379.4 0.2000000000D-02 0.1600000000D-03 0.2127100000D+01 0.8799000000D-01 0.1797000000D-02 0.1500000000D-02 0.3954675000D+01 0.2366800000D+01 0.6120000000D+00 0.3628100000D+01-0.1060000000D-01-0.6800000000D-03 0.9085500000D+01 0.3997000000D+00 0.8629000000D-02 0.6100000000D-02 0.9678260000D+00 0.5670000000D+01 0.3888300000D+01 0.6155000000D+00
1 3420071015200710242454388.4 0.2500000000D-02 0.3000000000D-04 0.2113700000D+01 0.8816000000D-01 0.1786000000D-02 0.1400000000D-02 0.6279121000D+01 0.4687700000D+01 0.2936400000D+01 0.2041700000D+01-0.1220000000D-01-0.1800000000D-03 0.9049300000D+01 0.3978500000D+00 0.8465000000D-02 0.5700000000D-02 0.3271135000D+01 0.1684000000D+01 0.6186300000D+01 0.5320900000D+01
1 3520071024200711022454397.4 0.3500000000D-02-0.1400000000D-03 0.2099800000D+01 0.8828000000D-01 0.1807000000D-02 0.1400000000D-02 0.2316909000D+01 0.7260000000D+00 0.5276900000D+01 0.4560000000D+00-0.1640000000D-01 0.6500000000D-03 0.9001400000D+01 0.3948500000D+00 0.8408000000D-02 0.5900000000D-02 0.5574298000D+01 0.3985100000D+01 0.2218100000D+01 0.3718700000D+01
1 3620071102200711112454406.4 0.3100000000D-02 0.0000000000D+00 0.2086000000D+01 0.8879000000D-01 0.1849000000D-02 0.1300000000D-02 0.4633812000D+01 0.3045500000D+01 0.1308000000D+01 0.5068600000D+01-0.1470000000D-01 0.1100000000D-03 0.8944800000D+01 0.3928700000D+00 0.8382000000D-02 0.5800000000D-02 0.1594260000D+01 0.4200000000D-02 0.4508800000D+01 0.2041400000D+01
1 3720071111200711202454415.4 0.2500000000D-02 0.1100000000D-03 0.2073200000D+01 0.8962000000D-01 0.1908000000D-02 0.1600000000D-02 0.6632940000D+00 0.5360800000D+01 0.3608100000D+01 0.3472600000D+01-0.1210000000D-01-0.4200000000D-03 0.8883000000D+01 0.3910400000D+00 0.8411000000D-02 0.6700000000D-02 0.3897669000D+01 0.2307100000D+01 0.5132000000D+00 0.4131000000D+00
1 3820071120200711292454424.4 0.2500000000D-02 0.8000000000D-04 0.2061400000D+01 0.8992000000D-01 0.1933000000D-02 0.1500000000D-02 0.2970687000D+01 0.1386700000D+01 0.5939000000D+01 0.1734300000D+01-0.1160000000D-01-0.3400000000D-03 0.8816600000D+01 0.3863000000D+00 0.8276000000D-02 0.6300000000D-02 0.6200787000D+01 0.4609400000D+01 0.2837100000D+01 0.4968100000D+01
1 3920071129200712082454433.4 0.3100000000D-02-0.3000000000D-04 0.2051500000D+01 0.9092000000D-01 0.1963000000D-02 0.1600000000D-02 0.5273608000D+01 0.3690400000D+01 0.1940800000D+01 0.2840000000D-01-0.1390000000D-01 0.1500000000D-03 0.8749800000D+01 0.3842300000D+00 0.8160000000D-02 0.6700000000D-02 0.2221464000D+01 0.6279000000D+00 0.5119300000D+01 0.3257700000D+01
1 4020071208200712172454442.4 0.3700000000D-02-0.1300000000D-03 0.2043000000D+01 0.9188000000D-01 0.2008000000D-02 0.1600000000D-02 0.1288536000D+01 0.5991000000D+01 0.4231200000D+01 0.4493800000D+01-0.1660000000D-01 0.5800000000D-03 0.8680900000D+01 0.3814200000D+00 0.8083000000D-02 0.6600000000D-02 0.4525720000D+01 0.2931700000D+01 0.1133200000D+01 0.1447500000D+01
1 4120071217200712262454451.4 0.2800000000D-02 0.6000000000D-04 0.2037000000D+01 0.9240000000D-01 0.2019000000D-02 0.1400000000D-02 0.3581535000D+01 0.2002500000D+01 0.2556000000D+00 0.2859200000D+01-0.1330000000D-01-0.1900000000D-03 0.8612900000D+01 0.3767300000D+00 0.7894000000D-02 0.6100000000D-02 0.5468620000D+00 0.5235200000D+01 0.3452200000D+01 0.6123400000D+01
1 4220071226200801042454460.4 0.2200000000D-02 0.1600000000D-03 0.2033600000D+01 0.9315000000D-01 0.2081000000D-02 0.1500000000D-02 0.5870310000D+01 0.4297400000D+01 0.2549800000D+01 0.9720000000D+00-0.1050000000D-01-0.6700000000D-03 0.8546700000D+01 0.3731600000D+00 0.7929000000D-02 0.5900000000D-02 0.2851862000D+01 0.1260500000D+01 0.5760500000D+01 0.4258900000D+01
1 4320080104200801132454469.4 0.3000000000D-02-0.5000000000D-04 0.2033900000D+01 0.9397000000D-01 0.2085000000D-02 0.1300000000D-02 0.1872263000D+01 0.3011000000D+00 0.4838500000D+01 0.5670200000D+01-0.1360000000D-01 0.1100000000D-03 0.8485900000D+01 0.3695500000D+00 0.7710000000D-02 0.5500000000D-02 0.5157592000D+01 0.3564700000D+01 0.1788100000D+01 0.2712200000D+01
2 4420061231200701312454100.4 0.5200000000D-02 0.2000000000D-04 0.3463800000D+01 0.8890000000D-02 0.4700000000D-04 0.1800000000D-02 0.6257422000D+01 0.4165100000D+01 0.4707000000D+01 0.1343000000D+01-0.1820000000D-01-0.6000000000D-04 0.1242570000D+02 0.9890000000D-02 0.7400000000D-04 0.6500000000D-02 0.2695667000D+01 0.5878900000D+01 0.3242500000D+01 0.4109600000D+01
2 4520070131200703032454131.4 0.5200000000D-02 0.0000000000D+00 0.3340100000D+01 0.1146000000D-01 0.2100000000D-04 0.1500000000D-02 0.1774040000D+01 0.6177200000D+01 0.1093300000D+01 0.4992400000D+01-0.1870000000D-01 0.0000000000D+00 0.1218100000D+02 0.6290000000D-02 0.8500000000D-04 0.5600000000D-02 0.4582408000D+01 0.1107200000D+01 0.4973500000D+01 0.1532900000D+01
2 4620070303200704032454162.4 0.5300000000D-02 0.0000000000D+00 0.3266800000D+01 0.1205000000D-01 0.3100000000D-04 0.1900000000D-02 0.3551487000D+01 0.1878900000D+01 0.4315000000D+01 0.2333400000D+01-0.1910000000D-01 0.0000000000D+00 0.1207290000D+02 0.4000000000D-02 0.8400000000D-04 0.7300000000D-02 0.1919180000D+00 0.2015000000D+01 0.5204000000D+00 0.5372400000D+01
2 4720070403200705042454193.4 0.5000000000D-02 0.2000000000D-04 0.3268700000D+01 0.1075000000D-01 0.5200000000D-04 0.1800000000D-02 0.5328744000D+01 0.3879300000D+01 0.2858000000D+00 0.5863600000D+01-0.1850000000D-01-0.4000000000D-04 0.1211850000D+02 0.6640000000D-02 0.6200000000D-04 0.6700000000D-02 0.2088625000D+01 0.2989500000D+01 0.2092800000D+01 0.2695600000D+01
2 4820070504200706042454224.4 0.5400000000D-02 0.0000000000D+00 0.3337200000D+01 0.7920000000D-02 0.7100000000D-04 0.1600000000D-02 0.8452120000D+00 0.5943700000D+01 0.2349600000D+01 0.3420200000D+01-0.1980000000D-01 0.0000000000D+00 0.1230740000D+02 0.9720000000D-02 0.5000000000D-04 0.5700000000D-02 0.3986404000D+01 0.4585100000D+01 0.3387200000D+01 0.3414000000D+00
2 4920070604200707052454255.4 0.5500000000D-02 0.1000000000D-04 0.3437300000D+01 0.4340000000D-02 0.8500000000D-04 0.2100000000D-02 0.2683677000D+01 0.2014400000D+01 0.4413600000D+01 0.8710000000D+00-0.2020000000D-01-0.2000000000D-04 0.1259520000D+02 0.1125000000D-01 0.3800000000D-04 0.7700000000D-02 0.5882537000D+01 0.6225100000D+01 0.4229600000D+01 0.4072000000D+01
2 5020070705200708052454286.4 0.5200000000D-02 0.2000000000D-04 0.3529200000D+01 0.3650000000D-02 0.7700000000D-04 0.1900000000D-02 0.4567584000D+01 0.5375900000D+01 0.2157000000D+00 0.4669100000D+01-0.1910000000D-01-0.9000000000D-04 0.1291930000D+02 0.1043000000D-01 0.6900000000D-04 0.7100000000D-02 0.1490379000D+01 0.1608800000D+01 0.5339900000D+01 0.1590600000D+01
2 5120070805200709052454317.4 0.5600000000D-02 0.0000000000D+00 0.3584300000D+01 0.7290000000D-02 0.4300000000D-04 0.2200000000D-02 0.2110080000D+00 0.1637800000D+01 0.2573700000D+01 0.2163200000D+01-0.2040000000D-01 0.0000000000D+00 0.1318850000D+02 0.7250000000D-02 0.1040000000D-03 0.8300000000D-02 0.3374748000D+01 0.3139400000D+01 0.6575000000D+00 0.5327400000D+01
2 5220070905200710062454348.4 0.5700000000D-02 0.0000000000D+00 0.3596300000D+01 0.9120000000D-02 0.4000000000D-04 0.1500000000D-02 0.2165660000D+01 0.3763000000D+01 0.6122800000D+01 0.6069500000D+01-0.2140000000D-01 0.4000000000D-04 0.1331600000D+02 0.4430000000D-02 0.1060000000D-03 0.5900000000D-02 0.5252664000D+01 0.3915800000D+01 0.2271100000D+01 0.2817000000D+01
2 5320071006200711062454379.4 0.5800000000D-02 0.0000000000D+00 0.3572000000D+01 0.7550000000D-02 0.8300000000D-04 0.2300000000D-02 0.4121271000D+01 0.5876100000D+01 0.2307900000D+01 0.3690600000D+01-0.2120000000D-01 0.5000000000D-04 0.1324940000D+02 0.7400000000D-02 0.7500000000D-04 0.8100000000D-02 0.8428940000D+00 0.4726900000D+01 0.3978200000D+01 0.4517000000D+00
2 5420071106200712072454410.4 0.5900000000D-02-0.2000000000D-04 0.3513900000D+01 0.3500000000D-02 0.9100000000D-04 0.1800000000D-02 0.6049556000D+01 0.2149500000D+01 0.4369100000D+01 0.1007700000D+01-0.2170000000D-01 0.1000000000D-03 0.1301220000D+02 0.1124000000D-01 0.4300000000D-04 0.7000000000D-02 0.2716013000D+01 0.1980000000D-01 0.4721400000D+01 0.3944800000D+01
2 5520071207200801072454441.4 0.5600000000D-02 0.0000000000D+00 0.3425800000D+01 0.4700000000D-02 0.7400000000D-04 0.1800000000D-02 0.1647585000D+01 0.5610500000D+01 0.9550000000D-01 0.4883800000D+01-0.2050000000D-01 0.3000000000D-04 0.1268210000D+02 0.1162000000D-01 0.5600000000D-04 0.6800000000D-02 0.4591848000D+01 0.1697900000D+01 0.5621800000D+01 0.1569000000D+01
3 5620061231200701272454100.4 0.1480000000D-01-0.1800000000D-03 0.4859800000D+01 0.1183000000D-01 0.7700000000D-04 0.9800000000D-02 0.5414595000D+01 0.3302200000D+01 0.3825800000D+01 0.9057000000D+00-0.1390000000D-01 0.6500000000D-03 0.1730130000D+02 0.1391000000D-01 0.9800000000D-04 0.3510000000D-01 0.1853934000D+01 0.4906100000D+01 0.2172600000D+01 0.3671600000D+01
3 5720070127200702232454127.4 0.8200000000D-02-0.2300000000D-03 0.4706800000D+01 0.1534000000D-01 0.3900000000D-04 0.9300000000D-02 0.2299988000D+01 0.3845000000D+00 0.1334900000D+01 0.1185400000D+01 0.7800000000D-02 0.2600000000D-03 0.1699610000D+02 0.9970000000D-02 0.1240000000D-03 0.3350000000D-01 0.5095716000D+01 0.1623100000D+01 0.5430800000D+01 0.4012500000D+01
3 5820070223200703222454154.4 0.2500000000D-02 0.1600000000D-03 0.4601800000D+01 0.1668000000D-01 0.2800000000D-04 0.7900000000D-02 0.5448406000D+01 0.3726400000D+01 0.5800900000D+01 0.1156300000D+01 0.1140000000D-01-0.8700000000D-03 0.1682680000D+02 0.5960000000D-02 0.1000000000D-03 0.2920000000D-01 0.2057575000D+01 0.4124400000D+01 0.2221700000D+01 0.4102900000D+01
3 5920070322200704182454181.4 0.7500000000D-02-0.1300000000D-03 0.4574400000D+01 0.1609000000D-01 0.5900000000D-04 0.9300000000D-02 0.2307788000D+01 0.7658000000D+00 0.3367900000D+01 0.1176500000D+01-0.1480000000D-01 0.2300000000D-03 0.1682440000D+02 0.6450000000D-02 0.1060000000D-03 0.3400000000D-01 0.5305044000D+01 0.1290000000D+00 0.5518700000D+01 0.4220700000D+01
3 6020070418200705152454208.4 0.1600000000D-02-0.2000000000D-03 0.4624600000D+01 0.1369000000D-01 0.8600000000D-04 0.9700000000D-02 0.5460440000D+01 0.4123100000D+01 0.5575000000D+00 0.1437800000D+01-0.1100000000D-02 0.5000000000D-03 0.1697720000D+02 0.1053000000D-01 0.7500000000D-04 0.3570000000D-01 0.2270401000D+01 0.2863300000D+01 0.2207900000D+01 0.4572200000D+01
3 6120070515200706112454235.4-0.4000000000D-02 0.2000000000D-03 0.4730300000D+01 0.9700000000D-02 0.1000000000D-03 0.8600000000D-02 0.2352363000D+01 0.1292300000D+01 0.3997200000D+01 0.1568100000D+01 0.1240000000D-01-0.8500000000D-03 0.1726430000D+02 0.1436000000D-01 0.6400000000D-04 0.3100000000D-01 0.5517443000D+01 0.5900600000D+01 0.4261900000D+01 0.4751900000D+01
3 6220070611200707082454262.4 0.2800000000D-02 0.0000000000D+00 0.4855600000D+01 0.5190000000D-02 0.1190000000D-03 0.9600000000D-02 0.5558855000D+01 0.5043500000D+01 0.1016900000D+01 0.1609900000D+01-0.1570000000D-01 0.0000000000D+00 0.1763920000D+02 0.1510000000D-01 0.5600000000D-04 0.3490000000D-01 0.2478402000D+01 0.2668700000D+01 0.7055000000D+00 0.4812700000D+01
3 6320070708200708042454289.4 0.1100000000D-02-0.1800000000D-03 0.4962400000D+01 0.5330000000D-02 0.1010000000D-03 0.1050000000D-01 0.2517022000D+01 0.3408200000D+01 0.4479600000D+01 0.1940400000D+01-0.1140000000D-01 0.8700000000D-03 0.1802980000D+02 0.1418000000D-01 0.1180000000D-03 0.3850000000D-01 0.5718581000D+01 0.5766100000D+01 0.3385300000D+01 0.5127300000D+01
3 6420070804200708312454316.4-0.3700000000D-02 0.2200000000D-03 0.5028700000D+01 0.9500000000D-02 0.6600000000D-04 0.9400000000D-02 0.5791059000D+01 0.9289000000D+00 0.1670700000D+01 0.2230300000D+01 0.1180000000D-01-0.5700000000D-03 0.1835490000D+02 0.1003000000D-01 0.1190000000D-03 0.3390000000D-01 0.2671384000D+01 0.2313100000D+01 0.6196600000D+01 0.5370300000D+01
3 6520070831200709272454343.4 0.4100000000D-02 0.1700000000D-03 0.5049500000D+01 0.1215000000D-01 0.3100000000D-04 0.9500000000D-02 0.2804131000D+01 0.4398300000D+01 0.6222400000D+01 0.2350700000D+01-0.1180000000D-01-0.2800000000D-03 0.1853080000D+02 0.7280000000D-02 0.1250000000D-03 0.3530000000D-01 0.5903015000D+01 0.4660700000D+01 0.2616000000D+01 0.5405000000D+01
3 6620070927200710242454370.4 0.8000000000D-02-0.1700000000D-03 0.5028700000D+01 0.1152000000D-01 0.8800000000D-04 0.1050000000D-01 0.6106034000D+01 0.1514200000D+01 0.4126700000D+01 0.2652400000D+01-0.1580000000D-01 0.9000000000D-03 0.1850050000D+02 0.8270000000D-02 0.1410000000D-03 0.3880000000D-01 0.2848721000D+01 0.6837000000D+00 0.5802400000D+01 0.5656100000D+01
3 6720071024200711202454397.4 0.1800000000D-02 0.9000000000D-04 0.4972100000D+01 0.7300000000D-02 0.1240000000D-03 0.9500000000D-02 0.3111317000D+01 0.5057500000D+01 0.1309700000D+01 0.2965300000D+01 0.1280000000D-01-0.4000000000D-03 0.1827550000D+02 0.1266000000D-01 0.9800000000D-04 0.3480000000D-01 0.6078004000D+01 0.3448100000D+01 0.2475200000D+01 0.5922100000D+01
3 6820071120200712172454424.4 0.5600000000D-02 0.2000000000D-03 0.4880800000D+01 0.3980000000D-02 0.1280000000D-03 0.9000000000D-02 0.8578100000D-01 0.3166800000D+01 0.4687300000D+01 0.3000200000D+01-0.3500000000D-02-0.6600000000D-03 0.1791640000D+02 0.1529000000D-01 0.4000000000D-04 0.3290000000D-01 0.3025406000D+01 0.1160000000D+00 0.5094500000D+01 0.5951600000D+01
3 6920071217200801132454451.4 0.1040000000D-01-0.2300000000D-03 0.4764900000D+01 0.7880000000D-02 0.1010000000D-03 0.9900000000D-02 0.3306129000D+01 0.1142200000D+01 0.1796800000D+01 0.3187400000D+01-0.1860000000D-01 0.7400000000D-03 0.1750490000D+02 0.1524000000D-01 0.6800000000D-04 0.3630000000D-01 0.6259784000D+01 0.3146300000D+01 0.5745000000D+00 0.6170300000D+01
3 7020080113200802092454478.4 0.2100000000D-02-0.8000000000D-04 0.4658800000D+01 0.1255000000D-01 0.7100000000D-04 0.9000000000D-02 0.2076730000D+00 0.4630000000D+01 0.5323500000D+01 0.3425800000D+01 0.6600000000D-02-0.5000000000D-04 0.1714070000D+02 0.1320000000D-01 0.1290000000D-03 0.3280000000D-01 0.3215844000D+01 0.6192800000D+01 0.3441000000D+01 0.1855000000D+00
4 7120061231200701172454100.2-0.3230000000D-01 0.2700000000D-03 0.7904600000D+01 0.1593000000D-01 0.3100000000D-03 0.9800000000D-02 0.5336971000D+01 0.3160700000D+01 0.3630100000D+01 0.2954400000D+01 0.1030000000D+00-0.1530000000D-02 0.2837850000D+02 0.2470000000D-01 0.6270000000D-03 0.3520000000D-01 0.1780811000D+01 0.4252500000D+01 0.2223000000D+00 0.5712600000D+01
4 7220070117200702032454117.2-0.2870000000D-01 0.1000000000D-03 0.7746100000D+01 0.2275000000D-01 0.6800000000D-04 0.1050000000D-01 0.5001023000D+01 0.3014300000D+01 0.3757700000D+01 0.2585300000D+01 0.7280000000D-01 0.1900000000D-03 0.2805080000D+02 0.1916000000D-01 0.1840000000D-03 0.3840000000D-01 0.1487888000D+01 0.4247100000D+01 0.2103500000D+01 0.5390600000D+01
4 7320070203200702202454134.2-0.1910000000D-01 0.4000000000D-03 0.7608500000D+01 0.2545000000D-01 0.6500000000D-04 0.7000000000D-02 0.4653678000D+01 0.2768800000D+01 0.4505800000D+01 0.2193900000D+01 0.5200000000D-01-0.1720000000D-02 0.2780410000D+02 0.1560000000D-01 0.3770000000D-03 0.2540000000D-01 0.1195341000D+01 0.3920500000D+01 0.2125300000D+01 0.5034500000D+01
4 7420070220200703092454151.2-0.1470000000D-01-0.4000000000D-04 0.7506900000D+01 0.2400000000D-01 0.2240000000D-03 0.6800000000D-02 0.4299757000D+01 0.2501700000D+01 0.3262600000D+01 0.1404900000D+01 0.3270000000D-01 0.1140000000D-02 0.2764540000D+02 0.2233000000D-01 0.7870000000D-03 0.2490000000D-01 0.9035290000D+00 0.2996400000D+01 0.5750000000D-01 0.4315500000D+01
4 7520070309200703262454168.2-0.8200000000D-02-0.1600000000D-03 0.7455500000D+01 0.2664000000D-01 0.9500000000D-04 0.4400000000D-02 0.3943287000D+01 0.2302200000D+01 0.4658500000D+01 0.7622000000D+00 0.2380000000D-01 0.6300000000D-03 0.2758330000D+02 0.1039000000D-01 0.2720000000D-03 0.1650000000D-01 0.6134500000D+00 0.2296500000D+01 0.1176400000D+01 0.3748200000D+01
4 7620070326200704122454185.2-0.1740000000D-01 0.1800000000D-03 0.7454500000D+01 0.2465000000D-01 0.5300000000D-04 0.5300000000D-02 0.3586206000D+01 0.2102000000D+01 0.4733500000D+01 0.5669300000D+01 0.6290000000D-01-0.6700000000D-03 0.2762150000D+02 0.1653000000D-01 0.1150000000D-03 0.1970000000D-01 0.3223390000D+00 0.1362200000D+01 0.5504800000D+01 0.2437800000D+01
4 7720070412200704292454202.2-0.6900000000D-02-0.1430000000D-02 0.7518800000D+01 0.2347000000D-01 0.2180000000D-03 0.6900000000D-02 0.3235662000D+01 0.1745200000D+01 0.3826800000D+01 0.5215400000D+01 0.2530000000D-01 0.5270000000D-02 0.2781990000D+02 0.8290000000D-02 0.6680000000D-03 0.2530000000D-01 0.3328200000D-01 0.1219400000D+01 0.1149000000D+00 0.2042500000D+01
4 7820070429200705162454219.2-0.2580000000D-01 0.3100000000D-03 0.7600200000D+01 0.1953000000D-01 0.1350000000D-03 0.8100000000D-02 0.2890790000D+01 0.1687400000D+01 0.4554000000D+01 0.4410300000D+01 0.9570000000D-01-0.1080000000D-02 0.2802390000D+02 0.2235000000D-01 0.6400000000D-04 0.2970000000D-01 0.6024419000D+01 0.2788000000D+00 0.4326900000D+01 0.1279800000D+01
4 7920070516200706022454236.2-0.2500000000D-01-0.1500000000D-03 0.7721500000D+01 0.1478000000D-01 0.1340000000D-03 0.1060000000D-01 0.2557078000D+01 0.1533800000D+01 0.4148300000D+01 0.4086200000D+01 0.9330000000D-01 0.8100000000D-03 0.2835580000D+02 0.2356000000D-01 0.2110000000D-03 0.3880000000D-01 0.5731986000D+01 0.6243700000D+01 0.4732400000D+01 0.9857000000D+00
4 8020070602200706192454253.2-0.2140000000D-01 0.1700000000D-03 0.7859300000D+01 0.1338000000D-01 0.3930000000D-03 0.9400000000D-02 0.2239111000D+01 0.1180500000D+01 0.3747400000D+01 0.3693400000D+01 0.8200000000D-01-0.3600000000D-03 0.2875870000D+02 0.2082000000D-01 0.7000000000D-03 0.3430000000D-01 0.5441344000D+01 0.5013700000D+01 0.4115000000D+00 0.6158000000D+00
4 8120070619200707062454270.2-0.2250000000D-01 0.3000000000D-03 0.7977500000D+01 0.6830000000D-02 0.1270000000D-03 0.1040000000D-01 0.1929581000D+01 0.1998600000D+01 0.3684900000D+01 0.3112200000D+01 0.9090000000D-01-0.1300000000D-02 0.2913810000D+02 0.2572000000D-01 0.3680000000D-03 0.3780000000D-01 0.5143921000D+01 0.5522300000D+01 0.3659400000D+01 0.4170000000D-01
4 8220070706200707232454287.2-0.9100000000D-02-0.2000000000D-04 0.8083800000D+01 0.8120000000D-02 0.1830000000D-03 0.7600000000D-02 0.1636953000D+01 0.2421900000D+01 0.3582400000D+01 0.2875600000D+01 0.3930000000D-01 0.6000000000D-04 0.2954200000D+02 0.2365000000D-01 0.1840000000D-03 0.2800000000D-01 0.4847786000D+01 0.4899100000D+01 0.2536000000D+01 0.6081300000D+01
4 8320070723200708092454304.2-0.1070000000D-01 0.6000000000D-04 0.8162500000D+01 0.9050000000D-02 0.3590000000D-03 0.5400000000D-02 0.1358821000D+01 0.2433000000D+01 0.3232300000D+01 0.1983800000D+01 0.4380000000D-01-0.4500000000D-03 0.2990440000D+02 0.2680000000D-01 0.6920000000D-03 0.1990000000D-01 0.4551113000D+01 0.3902300000D+01 0.2741000000D+00 0.5163900000D+01
4 8420070809200708262454321.2-0.4400000000D-02-0.7500000000D-03 0.8207900000D+01 0.1901000000D-01 0.1150000000D-03 0.5100000000D-02 0.1088532000D+01 0.2517900000D+01 0.4719100000D+01 0.1361100000D+01 0.1830000000D-01 0.2680000000D-02 0.3018130000D+02 0.1787000000D-01 0.6770000000D-03 0.1990000000D-01 0.4249265000D+01 0.4358300000D+01 0.2081200000D+01 0.4536700000D+01
4 8520070826200709122454338.2-0.1870000000D-01 0.1400000000D-03 0.8230400000D+01 0.2017000000D-01 0.5800000000D-04 0.5800000000D-02 0.8288650000D+00 0.2398100000D+01 0.3604300000D+01 0.2107000000D+00 0.6960000000D-01-0.6300000000D-03 0.3037880000D+02 0.8650000000D-02 0.1670000000D-03 0.2140000000D-01 0.3948398000D+01 0.3142900000D+01 0.1018500000D+01 0.3301400000D+01
4 8620070912200709292454355.2-0.2000000000D-01-0.8800000000D-03 0.8221300000D+01 0.1842000000D-01 0.1590000000D-03 0.9200000000D-02 0.5741730000D+00 0.2170000000D+01 0.3114700000D+01 0.6155900000D+01 0.7200000000D-01 0.3190000000D-02 0.3042550000D+02 0.1705000000D-01 0.7390000000D-03 0.3390000000D-01 0.3647563000D+01 0.2205500000D+01 0.5971500000D+01 0.2913100000D+01
4 8720070929200710162454372.2-0.2850000000D-01 0.2000000000D-03 0.8192700000D+01 0.2147000000D-01 0.2700000000D-03 0.8800000000D-02 0.3167360000D+00 0.2059000000D+01 0.5085400000D+01 0.5672300000D+01 0.1045000000D+00-0.1280000000D-02 0.3035650000D+02 0.1282000000D-01 0.4490000000D-03 0.3240000000D-01 0.3344611000D+01 0.2799000000D+00 0.1851800000D+01 0.2391700000D+01
4 8820071016200711022454389.2-0.3210000000D-01 0.1600000000D-03 0.8136500000D+01 0.1519000000D-01 0.1400000000D-03 0.1100000000D-01 0.5506500000D-01 0.1918500000D+01 0.4552600000D+01 0.5241900000D+01 0.1089000000D+00-0.6900000000D-03 0.3014070000D+02 0.1968000000D-01 0.2410000000D-03 0.4070000000D-01 0.3043497000D+01 0.3342000000D+00 0.4933400000D+01 0.1928400000D+01
4 8920071102200711192454406.2-0.2010000000D-01-0.2700000000D-03 0.8051900000D+01 0.1078000000D-01 0.2540000000D-03 0.9800000000D-02 0.6065053000D+01 0.1767000000D+01 0.4141900000D+01 0.5004900000D+01 0.6100000000D-01 0.7200000000D-03 0.2980120000D+02 0.1848000000D-01 0.2520000000D-03 0.3650000000D-01 0.2741898000D+01 0.5907600000D+01 0.6212500000D+01 0.1674600000D+01
4 9020071119200712062454423.2-0.3080000000D-01 0.1280000000D-02 0.7962400000D+01 0.7990000000D-02 0.2020000000D-03 0.7900000000D-02 0.5781005000D+01 0.2510600000D+01 0.4509400000D+01 0.4309100000D+01 0.9540000000D-01-0.4100000000D-02 0.2944220000D+02 0.2876000000D-01 0.2090000000D-03 0.2930000000D-01 0.2444409000D+01 0.5771600000D+01 0.2993500000D+01 0.9605000000D+00
4 9120071206200712232454440.2-0.1280000000D-01-0.1400000000D-03 0.7840100000D+01 0.8810000000D-02 0.1720000000D-03 0.7200000000D-02 0.5479147000D+01 0.2969900000D+01 0.3893500000D+01 0.3994400000D+01 0.3260000000D-01 0.7100000000D-03 0.2900020000D+02 0.2551000000D-01 0.1470000000D-03 0.2650000000D-01 0.2145450000D+01 0.5247000000D+01 0.3396500000D+01 0.6707000000D+00
4 9220071223200801092454457.2-0.1250000000D-01 0.2100000000D-03 0.7720500000D+01 0.1301000000D-01 0.1990000000D-03 0.4100000000D-02 0.5162305000D+01 0.3021100000D+01 0.3721000000D+01 0.3014100000D+01 0.3960000000D-01-0.6100000000D-03 0.2858040000D+02 0.2517000000D-01 0.1320000000D-03 0.1500000000D-01 0.1848480000D+01 0.4699500000D+01 0.1283200000D+01 0.6006100000D+01
4 9320080109200801262454474.2-0.1230000000D-01-0.4300000000D-03 0.7614900000D+01 0.2137000000D-01 0.4300000000D-04 0.6200000000D-02 0.4834529000D+01 0.2969200000D+01 0.4842200000D+01 0.2077200000D+01 0.3740000000D-01 0.2180000000D-02 0.2820960000D+02 0.2157000000D-01 0.4800000000D-03 0.2300000000D-01 0.1556165000D+01 0.4859400000D+01 0.2843900000D+01 0.5116200000D+01
4 9420080126200802122454491.2-0.1630000000D-01 0.0000000000D+00 0.7530900000D+01 0.2213000000D-01 0.7600000000D-04 0.5400000000D-02 0.4490864000D+01 0.2747600000D+01 0.3585800000D+01 0.1197200000D+01 0.6040000000D-01-0.8000000000D-04 0.2788890000D+02 0.1811000000D-01 0.2070000000D-03 0.1980000000D-01 0.1261456000D+01 0.3912000000D+01 0.2102400000D+01 0.4273400000D+01
5 9520061231200701222454100.4 0.1880000000D-01-0.1190000000D-02 0.1053820000D+02 0.2602000000D-01 0.1630000000D-03 0.5200000000D-02 0.2065215000D+01 0.7310000000D-01 0.5548900000D+01 0.4722900000D+01-0.1173000000D+00 0.6890000000D-02 0.3792990000D+02 0.1390000000D-01 0.7760000000D-03 0.1910000000D-01 0.4782698000D+01 0.1896500000D+01 0.1019400000D+01 0.1242000000D+01
5 9620070122200702132454122.4-0.5100000000D-02 0.4700000000D-03 0.1027780000D+02 0.3643000000D-01 0.1550000000D-03 0.7000000000D-03 0.5996543000D+01 0.4040400000D+01 0.8114000000D+00 0.7630000000D+00 0.1140000000D-01-0.1750000000D-02 0.3744940000D+02 0.2505000000D-01 0.9550000000D-03 0.1400000000D-02 0.2488990000D+01 0.5977800000D+01 0.3934100000D+01 0.3422900000D+01
5 9720070213200703072454144.4 0.1700000000D-02-0.1060000000D-02 0.1006050000D+02 0.3787000000D-01 0.2070000000D-03 0.4100000000D-02 0.3628098000D+01 0.1753400000D+01 0.4042800000D+01 0.5999800000D+01-0.6000000000D-02 0.3180000000D-02 0.3709340000D+02 0.2161000000D-01 0.7780000000D-03 0.1500000000D-01 0.1958930000D+00 0.3153100000D+01 0.8810000000D+00 0.2636600000D+01
5 9820070307200703292454166.4-0.1950000000D-01 0.4800000000D-03 0.9929100000D+01 0.3622000000D-01 0.1180000000D-03 0.7100000000D-02 0.1251900000D+01 0.5862100000D+01 0.1777200000D+01 0.1705500000D+01 0.5610000000D-01-0.1350000000D-02 0.3691550000D+02 0.1359000000D-01 0.3520000000D-03 0.2690000000D-01 0.4187772000D+01 0.6049400000D+01 0.4346300000D+01 0.4681500000D+01
5 9920070329200704202454188.4-0.9900000000D-02 0.4900000000D-03 0.9924400000D+01 0.3466000000D-01 0.1240000000D-03 0.9600000000D-02 0.5159794000D+01 0.3675000000D+01 0.1765000000D+00 0.3778100000D+01 0.2570000000D-01-0.1710000000D-02 0.3698950000D+02 0.1703000000D-01 0.6500000000D-04 0.3610000000D-01 0.1898017000D+01 0.2638600000D+01 0.1783100000D+01 0.5596000000D+00
510020070420200705122454210.4 0.7300000000D-02 0.2800000000D-03 0.1003190000D+02 0.3003000000D-01 0.1740000000D-03 0.9200000000D-02 0.2792018000D+01 0.1470400000D+01 0.4231900000D+01 0.5942400000D+01-0.3430000000D-01-0.4400000000D-03 0.3731030000D+02 0.2315000000D-01 0.1000000000D-03 0.3460000000D-01 0.5890239000D+01 0.2290000000D-01 0.5933400000D+01 0.2784100000D+01
510120070512200706032454232.4 0.7400000000D-02 0.7000000000D-03 0.1023210000D+02 0.2205000000D-01 0.2590000000D-03 0.6700000000D-02 0.4390140000D+00 0.5495800000D+01 0.1643400000D+01 0.1748100000D+01-0.2620000000D-01-0.2470000000D-02 0.3787160000D+02 0.2073000000D-01 0.4370000000D-03 0.2480000000D-01 0.3596995000D+01 0.4035000000D+01 0.3563700000D+01 0.4928400000D+01
510220070603200706252454254.4 0.2480000000D-01-0.1540000000D-02 0.1045520000D+02 0.9710000000D-02 0.2140000000D-03 0.2800000000D-02 0.4388596000D+01 0.3539000000D+01 0.5189400000D+01 0.3917400000D+01-0.8820000000D-01 0.5600000000D-02 0.3852580000D+02 0.2524000000D-01 0.8440000000D-03 0.1040000000D-01 0.1300662000D+01 0.2065300000D+01 0.6511000000D+00 0.8312000000D+00
510320070625200707172454276.4-0.6500000000D-02 0.1500000000D-03 0.1064610000D+02 0.1030000000D-01 0.7200000000D-04 0.2700000000D-02 0.2078833000D+01 0.2715900000D+01 0.3907100000D+01 0.3088000000D+01 0.2890000000D-01-0.7900000000D-03 0.3916490000D+02 0.3725000000D-01 0.8440000000D-03 0.9900000000D-02 0.5285656000D+01 0.5862900000D+01 0.3814100000D+01 0.6263500000D+01
510420070717200708082454298.4-0.2000000000D-02-0.6100000000D-03 0.1079650000D+02 0.1659000000D-01 0.2600000000D-03 0.6200000000D-02 0.6078400000D+01 0.7950000000D+00 0.2304300000D+01 0.5289100000D+01 0.1180000000D-01 0.2210000000D-02 0.3980180000D+02 0.3899000000D-01 0.6910000000D-03 0.2290000000D-01 0.2987684000D+01 0.3005100000D+01 0.2627000000D+00 0.2169500000D+01
510520070808200708302454320.4-0.1550000000D-01 0.5100000000D-03 0.1090200000D+02 0.2039000000D-01 0.2570000000D-03 0.8700000000D-02 0.3814808000D+01 0.5203200000D+01 0.5906200000D+01 0.9837000000D+00 0.4930000000D-01-0.1310000000D-02 0.4037770000D+02 0.2446000000D-01 0.4370000000D-03 0.3220000000D-01 0.6861390000D+00 0.2370000000D-01 0.2912100000D+01 0.4109600000D+01
510620070830200709212454342.4-0.1120000000D-01 0.1090000000D-02 0.1094840000D+02 0.2611000000D-01 0.7600000000D-04 0.1080000000D-01 0.1564316000D+01 0.3231900000D+01 0.2750800000D+01 0.3168300000D+01 0.4380000000D-01-0.5070000000D-02 0.4072010000D+02 0.1524000000D-01 0.3230000000D-03 0.3980000000D-01 0.4664448000D+01 0.2797200000D+01 0.5534400000D+01 0.6243200000D+01
510720070921200710132454364.4 0.1560000000D-01-0.5100000000D-03 0.1091280000D+02 0.2817000000D-01 0.1920000000D-03 0.9500000000D-02 0.5602347000D+01 0.1004900000D+01 0.3954900000D+01 0.5389300000D+01-0.6970000000D-01 0.1850000000D-02 0.4068390000D+02 0.1465000000D-01 0.1140000000D-03 0.3510000000D-01 0.2359010000D+01 0.6134100000D+01 0.8632000000D+00 0.2108900000D+01
510820071013200711042454386.4 0.1050000000D-01 0.1500000000D-03 0.1083060000D+02 0.2138000000D-01 0.2800000000D-03 0.6200000000D-02 0.3352426000D+01 0.5099200000D+01 0.1391100000D+01 0.1288800000D+01-0.5330000000D-01-0.2000000000D-03 0.4036830000D+02 0.2000000000D-01 0.3230000000D-03 0.2320000000D-01 0.5462900000D-01 0.3707500000D+01 0.3226800000D+01 0.4258500000D+01
510920071104200711262454408.4 0.8100000000D-02-0.5400000000D-03 0.1070100000D+02 0.1183000000D-01 0.2870000000D-03 0.1100000000D-02 0.1086598000D+01 0.3211000000D+01 0.5472900000D+01 0.3456400000D+01-0.3500000000D-01 0.2080000000D-02 0.3981900000D+02 0.2682000000D-01 0.3020000000D-03 0.3800000000D-02 0.4034903000D+01 0.1220500000D+01 0.5341000000D+00 0.1429000000D+00
511020071126200712182454430.4-0.9700000000D-02-0.1500000000D-03 0.1052310000D+02 0.9090000000D-02 0.2560000000D-03 0.4400000000D-02 0.5080771000D+01 0.2174900000D+01 0.3408000000D+01 0.2690500000D+01 0.2730000000D-01 0.7000000000D-03 0.3912960000D+02 0.3258000000D-01 0.1260000000D-03 0.1620000000D-01 0.1733691000D+01 0.4962600000D+01 0.3505500000D+01 0.5653900000D+01
511120071218200801092454452.4-0.1380000000D-01 0.3000000000D-04 0.1032420000D+02 0.1614000000D-01 0.2990000000D-03 0.7500000000D-02 0.2765078000D+01 0.4486000000D+00 0.1454800000D+01 0.4825600000D+01 0.4550000000D-01-0.7300000000D-03 0.3842370000D+02 0.3921000000D-01 0.3850000000D-03 0.2790000000D-01 0.5717524000D+01 0.2311500000D+01 0.5227800000D+01 0.1502900000D+01
511220080109200801312454474.4-0.6900000000D-02 0.5000000000D-04 0.1011520000D+02 0.2153000000D-01 0.3090000000D-03 0.9200000000D-02 0.4259640000D+00 0.4827800000D+01 0.5148600000D+01 0.5342000000D+00 0.2800000000D-02 0.7200000000D-03 0.3769370000D+02 0.3143000000D-01 0.6000000000D-03 0.3490000000D-01 0.3421442000D+01 0.5768200000D+01 0.1895000000D+01 0.3560300000D+01
