 7 5   2  44  56  71  95 4.4880 2.4930 1.5162 0.7217 0.4667  9.0 31.0 27.0 17.0 22.0  112 2458118.5000 2018                                                                                                                                                                                                                                                                      
1  220171231201801092458118.4-0.9000000000D-03-0.1600000000D-03 0.5130200000D+01 0.2258700000D+00 0.4756000000D-02 0.3300000000D-02 0.4587115000D+01 0.2990800000D+01 0.1207600000D+01 0.2260900000D+01 0.1940000000D-01-0.3400000000D-03 0.8965800000D+01 0.3938400000D+00 0.8325000000D-02 0.5700000000D-02 0.2734344000D+01 0.1140200000D+01 0.5637400000D+01 0.4891000000D+00
1  320180109201801182458127.4-0.3000000000D-03-0.2200000000D-03 0.5088000000D+01 0.2246400000D+00 0.4833000000D-02 0.3400000000D-02 0.6063320000D+00 0.5301300000D+01 0.3521100000D+01 0.4743000000D+00 0.1480000000D-01 0.6000000000D-03 0.8897400000D+01 0.3902700000D+00 0.8218000000D-02 0.5400000000D-02 0.5037921000D+01 0.3443900000D+01 0.1663700000D+01 0.5157300000D+01
1  420180118201801272458136.4-0.2000000000D-02 0.1500000000D-03 0.5057100000D+01 0.2234700000D+00 0.4706000000D-02 0.3000000000D-02 0.2907674000D+01 0.1318700000D+01 0.5829800000D+01 0.5203200000D+01 0.1560000000D-01 0.2400000000D-03 0.8830600000D+01 0.3867800000D+00 0.8186000000D-02 0.6300000000D-02 0.1058551000D+01 0.5748800000D+01 0.3969900000D+01 0.3429300000D+01
1  520180127201802052458145.4-0.3600000000D-02 0.4000000000D-03 0.5033000000D+01 0.2228400000D+00 0.4697000000D-02 0.2900000000D-02 0.5208327000D+01 0.3623400000D+01 0.1858100000D+01 0.3540300000D+01 0.1860000000D-01-0.4500000000D-03 0.8763800000D+01 0.3840700000D+00 0.8252000000D-02 0.6300000000D-02 0.3362795000D+01 0.1773900000D+01 0.6273600000D+01 0.1723700000D+01
1  620180205201802142458154.4-0.1400000000D-02-0.1300000000D-03 0.5016400000D+01 0.2223600000D+00 0.4734000000D-02 0.2900000000D-02 0.1224794000D+01 0.5929700000D+01 0.4168000000D+01 0.1853800000D+01 0.1890000000D-01-0.3700000000D-03 0.8703600000D+01 0.3803200000D+00 0.8032000000D-02 0.6400000000D-02 0.5667155000D+01 0.4077100000D+01 0.2302000000D+01 0.4730000000D-01
1  720180214201802232458163.4-0.3000000000D-03-0.2900000000D-03 0.5009800000D+01 0.2226400000D+00 0.4764000000D-02 0.3300000000D-02 0.3524149000D+01 0.1950400000D+01 0.1860000000D+00 0.2482000000D+00 0.1710000000D-01 0.4000000000D-04 0.8649200000D+01 0.3786300000D+00 0.7954000000D-02 0.6000000000D-02 0.1689312000D+01 0.9910000000D-01 0.4593100000D+01 0.4512800000D+01
1  820180223201803042458172.4-0.1800000000D-02 0.8000000000D-04 0.5011300000D+01 0.2221200000D+00 0.4780000000D-02 0.3300000000D-02 0.5822786000D+01 0.4254800000D+01 0.2513800000D+01 0.4815500000D+01 0.1420000000D-01 0.5200000000D-03 0.8596900000D+01 0.3758200000D+00 0.7965000000D-02 0.5900000000D-02 0.3994768000D+01 0.2409200000D+01 0.6241000000D+00 0.2856100000D+01
1  920180304201803132458181.4-0.2800000000D-02 0.2400000000D-03 0.5022700000D+01 0.2234100000D+00 0.4785000000D-02 0.3600000000D-02 0.1838398000D+01 0.2736000000D+00 0.4797900000D+01 0.3132800000D+01 0.1630000000D-01-0.5000000000D-04 0.8555700000D+01 0.3729800000D+00 0.7770000000D-02 0.5500000000D-02 0.1746300000D-01 0.4714300000D+01 0.2934600000D+01 0.1163500000D+01
1 1020180313201803222458190.4-0.2800000000D-02 0.1500000000D-03 0.5041200000D+01 0.2247400000D+00 0.4858000000D-02 0.3800000000D-02 0.4137230000D+01 0.2578000000D+01 0.8122000000D+00 0.1321500000D+01 0.1990000000D-01-0.7300000000D-03 0.8521200000D+01 0.3701700000D+00 0.7726000000D-02 0.4700000000D-02 0.2323990000D+01 0.7403000000D+00 0.5259000000D+01 0.5789000000D+01
1 1120180322201803312458199.4-0.7000000000D-03-0.2600000000D-03 0.5068300000D+01 0.2251600000D+00 0.4831000000D-02 0.3600000000D-02 0.1525940000D+00 0.4879300000D+01 0.3132000000D+01 0.5996400000D+01 0.1730000000D-01-0.4000000000D-04 0.8493100000D+01 0.3685900000D+00 0.7671000000D-02 0.5300000000D-02 0.4631103000D+01 0.3050400000D+01 0.1285100000D+01 0.4113200000D+01
1 1220180331201804092458208.4-0.4000000000D-03-0.2500000000D-03 0.5104000000D+01 0.2267300000D+00 0.4854000000D-02 0.3600000000D-02 0.2451786000D+01 0.8978000000D+00 0.5429300000D+01 0.4148500000D+01 0.1470000000D-01 0.4200000000D-03 0.8473900000D+01 0.3681200000D+00 0.7739000000D-02 0.5000000000D-02 0.6557810000D+00 0.5362700000D+01 0.3587400000D+01 0.2584100000D+01
1 1320180409201804182458217.4-0.3100000000D-02 0.3200000000D-03 0.5145200000D+01 0.2280700000D+00 0.4860000000D-02 0.3200000000D-02 0.4751351000D+01 0.3199900000D+01 0.1457600000D+01 0.2531900000D+01 0.1540000000D-01 0.1400000000D-03 0.8464100000D+01 0.3655900000D+00 0.7707000000D-02 0.5700000000D-02 0.2963813000D+01 0.1391200000D+01 0.5927300000D+01 0.8813000000D+00
1 1420180418201804272458226.4-0.3100000000D-02 0.2000000000D-03 0.5192500000D+01 0.2300500000D+00 0.4904000000D-02 0.3300000000D-02 0.7683860000D+00 0.5503100000D+01 0.3755400000D+01 0.8503000000D+00 0.1770000000D-01-0.3300000000D-03 0.8464700000D+01 0.3664800000D+00 0.7624000000D-02 0.5400000000D-02 0.5272785000D+01 0.3700800000D+01 0.1934300000D+01 0.5496600000D+01
1 1520180427201805062458235.4-0.1200000000D-02-0.2300000000D-03 0.5245000000D+01 0.2313400000D+00 0.5035000000D-02 0.2800000000D-02 0.3069009000D+01 0.1526800000D+01 0.6075900000D+01 0.5518700000D+01 0.1940000000D-01-0.5400000000D-03 0.8472500000D+01 0.3668200000D+00 0.7690000000D-02 0.6600000000D-02 0.1298984000D+01 0.6014300000D+01 0.4245300000D+01 0.3792800000D+01
1 1620180506201805152458244.4-0.7000000000D-03-0.2500000000D-03 0.5303600000D+01 0.2335100000D+00 0.4980000000D-02 0.3400000000D-02 0.5370720000D+01 0.3827100000D+01 0.2095100000D+01 0.3839800000D+01 0.1570000000D-01 0.2800000000D-03 0.8490000000D+01 0.3661700000D+00 0.7610000000D-02 0.5600000000D-02 0.3608579000D+01 0.2041900000D+01 0.2914000000D+00 0.2099300000D+01
1 1720180515201805242458253.4-0.1700000000D-02-0.1000000000D-04 0.5365400000D+01 0.2367800000D+00 0.5052000000D-02 0.3200000000D-02 0.1390372000D+01 0.6131400000D+01 0.4377600000D+01 0.2262600000D+01 0.1380000000D-01 0.5700000000D-03 0.8515400000D+01 0.3672600000D+00 0.7685000000D-02 0.6300000000D-02 0.5918757000D+01 0.4355900000D+01 0.2601200000D+01 0.3446000000D+00
1 1820180524201806022458262.4-0.3700000000D-02 0.3300000000D-03 0.5430100000D+01 0.2381500000D+00 0.5142000000D-02 0.3900000000D-02 0.3693453000D+01 0.2154700000D+01 0.4216000000D+00 0.5549000000D+00 0.1750000000D-01-0.2800000000D-03 0.8549400000D+01 0.3675500000D+00 0.7648000000D-02 0.5400000000D-02 0.1946011000D+01 0.3845000000D+00 0.4928600000D+01 0.4894900000D+01
1 1920180602201806112458271.4-0.2700000000D-02 0.3000000000D-04 0.5498000000D+01 0.2410000000D+00 0.5121000000D-02 0.3600000000D-02 0.5997817000D+01 0.4456800000D+01 0.2715400000D+01 0.5087100000D+01 0.1890000000D-01-0.4500000000D-03 0.8590300000D+01 0.3701800000D+00 0.7679000000D-02 0.5500000000D-02 0.4257166000D+01 0.2697200000D+01 0.9436000000D+00 0.3303500000D+01
1 2020180611201806202458280.4-0.1000000000D-03-0.4900000000D-03 0.5566700000D+01 0.2431500000D+00 0.5176000000D-02 0.4500000000D-02 0.2019685000D+01 0.4791000000D+00 0.5026400000D+01 0.3431000000D+01 0.1740000000D-01 0.1000000000D-04 0.8635700000D+01 0.3713600000D+00 0.7905000000D-02 0.4700000000D-02 0.2849240000D+00 0.5015300000D+01 0.3269600000D+01 0.1539900000D+01
1 2120180620201806292458289.4-0.1600000000D-02-0.9000000000D-04 0.5635600000D+01 0.2453200000D+00 0.5206000000D-02 0.3700000000D-02 0.4325695000D+01 0.2783800000D+01 0.1052500000D+01 0.1677400000D+01 0.1500000000D-01 0.4600000000D-03 0.8692300000D+01 0.3732600000D+00 0.7776000000D-02 0.5500000000D-02 0.2596341000D+01 0.1040900000D+01 0.5587200000D+01 0.3250000000D-01
1 2220180629201807082458298.4-0.3500000000D-02 0.2800000000D-03 0.5701300000D+01 0.2485500000D+00 0.5351000000D-02 0.4100000000D-02 0.3496220000D+00 0.5093200000D+01 0.3343000000D+01 0.6266300000D+01 0.1500000000D-01 0.3500000000D-03 0.8752500000D+01 0.3771000000D+00 0.7814000000D-02 0.5200000000D-02 0.4908228000D+01 0.3352900000D+01 0.1600600000D+01 0.4636900000D+01
1 2320180708201807172458307.4-0.3300000000D-02 0.1100000000D-03 0.5767200000D+01 0.2497600000D+00 0.5338000000D-02 0.3600000000D-02 0.2657084000D+01 0.1114600000D+01 0.5667700000D+01 0.4526200000D+01 0.1930000000D-01-0.5300000000D-03 0.8815600000D+01 0.3784700000D+00 0.7962000000D-02 0.6000000000D-02 0.9363510000D+00 0.5668100000D+01 0.3933000000D+01 0.3069000000D+01
1 2420180717201807262458316.4-0.2000000000D-02-0.2000000000D-03 0.5830100000D+01 0.2527600000D+00 0.5327000000D-02 0.3600000000D-02 0.4965952000D+01 0.3418400000D+01 0.1670400000D+01 0.2980900000D+01 0.1920000000D-01-0.3200000000D-03 0.8883700000D+01 0.3820800000D+00 0.7999000000D-02 0.6200000000D-02 0.3248122000D+01 0.1695800000D+01 0.6237800000D+01 0.1257000000D+01
1 2520180726201808042458325.4-0.7000000000D-03-0.4000000000D-03 0.5884900000D+01 0.2550700000D+00 0.5457000000D-02 0.3200000000D-02 0.9920620000D+00 0.5728900000D+01 0.3970700000D+01 0.1240700000D+01 0.1520000000D-01 0.5900000000D-03 0.8952600000D+01 0.3843100000D+00 0.8096000000D-02 0.6800000000D-02 0.5559445000D+01 0.4008500000D+01 0.2279200000D+01 0.5989600000D+01
1 2620180804201808132458334.4-0.3000000000D-02 0.1200000000D-03 0.5937300000D+01 0.2560700000D+00 0.5400000000D-02 0.3700000000D-02 0.3301811000D+01 0.1749100000D+01 0.4700000000D-02 0.5977600000D+01 0.1540000000D-01 0.3900000000D-03 0.9023300000D+01 0.3875600000D+00 0.8158000000D-02 0.6300000000D-02 0.1587618000D+01 0.3560000000D-01 0.4587100000D+01 0.4151700000D+01
1 2720180813201808222458343.4-0.4900000000D-02 0.4200000000D-03 0.5981000000D+01 0.2575900000D+00 0.5435000000D-02 0.3800000000D-02 0.5612391000D+01 0.4056100000D+01 0.2311300000D+01 0.4313800000D+01 0.1770000000D-01-0.1300000000D-03 0.9089600000D+01 0.3929000000D+00 0.8375000000D-02 0.6400000000D-02 0.3899146000D+01 0.2348500000D+01 0.5912000000D+00 0.2497100000D+01
1 2820180822201808312458352.4-0.2700000000D-02-0.1700000000D-03 0.6015000000D+01 0.2586000000D+00 0.5478000000D-02 0.4000000000D-02 0.1640003000D+01 0.8110000000D-01 0.4617400000D+01 0.2709800000D+01 0.1980000000D-01-0.4300000000D-03 0.9156100000D+01 0.3943100000D+00 0.8370000000D-02 0.6200000000D-02 0.6209557000D+01 0.4656800000D+01 0.2920500000D+01 0.7662000000D+00
1 2920180831201809092458361.4-0.1600000000D-02-0.3600000000D-03 0.6040600000D+01 0.2601400000D+00 0.5517000000D-02 0.4500000000D-02 0.3951539000D+01 0.2387600000D+01 0.6240000000D+00 0.9126000000D+00 0.1850000000D-01 0.0000000000D+00 0.9220000000D+01 0.3980700000D+00 0.8385000000D-02 0.5500000000D-02 0.2236890000D+01 0.6799000000D+00 0.5217000000D+01 0.5445400000D+01
1 3020180909201809182458370.4-0.2700000000D-02-0.2000000000D-04 0.6053900000D+01 0.2599000000D+00 0.5583000000D-02 0.4500000000D-02 0.6262816000D+01 0.4697200000D+01 0.2945000000D+01 0.5584200000D+01 0.1440000000D-01 0.7900000000D-03 0.9273400000D+01 0.4017100000D+00 0.8498000000D-02 0.5500000000D-02 0.4546889000D+01 0.2988900000D+01 0.1233400000D+01 0.3730000000D+01
1 3120180918201809272458379.4-0.4500000000D-02 0.2600000000D-03 0.6058800000D+01 0.2604200000D+00 0.5518000000D-02 0.4400000000D-02 0.2291304000D+01 0.7182000000D+00 0.5236000000D+01 0.3810200000D+01 0.1670000000D-01 0.1200000000D-03 0.9322000000D+01 0.4033200000D+00 0.8506000000D-02 0.5600000000D-02 0.5728000000D+00 0.5294100000D+01 0.3547500000D+01 0.2139400000D+01
1 3220180927201810062458388.4-0.5000000000D-02 0.2500000000D-03 0.6051700000D+01 0.2611900000D+00 0.5501000000D-02 0.4000000000D-02 0.4603303000D+01 0.3023600000D+01 0.1238300000D+01 0.2099400000D+01 0.2060000000D-01-0.6000000000D-03 0.9359000000D+01 0.4051400000D+00 0.8698000000D-02 0.6100000000D-02 0.2881475000D+01 0.1319400000D+01 0.5861400000D+01 0.5707000000D+00
1 3320181006201810152458397.4-0.2400000000D-02-0.3200000000D-03 0.6032500000D+01 0.2594400000D+00 0.5470000000D-02 0.4000000000D-02 0.6311860000D+00 0.5330900000D+01 0.3562200000D+01 0.4534000000D+00 0.1890000000D-01-0.7000000000D-04 0.9386200000D+01 0.4072800000D+00 0.8674000000D-02 0.5900000000D-02 0.5189496000D+01 0.3623100000D+01 0.1875200000D+01 0.5147100000D+01
1 3420181015201810242458406.4-0.1900000000D-02-0.3200000000D-03 0.6003900000D+01 0.2586300000D+00 0.5472000000D-02 0.3400000000D-02 0.2942272000D+01 0.1354500000D+01 0.5860900000D+01 0.5073700000D+01 0.1660000000D-01 0.4000000000D-03 0.9402800000D+01 0.4098900000D+00 0.8762000000D-02 0.7000000000D-02 0.1213896000D+01 0.5927000000D+01 0.4158900000D+01 0.3481200000D+01
1 3520181024201811022458415.4-0.5000000000D-02 0.3300000000D-03 0.5965900000D+01 0.2570400000D+00 0.5375000000D-02 0.3500000000D-02 0.5252892000D+01 0.3659300000D+01 0.1889100000D+01 0.3447200000D+01 0.1550000000D-01 0.4400000000D-03 0.9403800000D+01 0.4098000000D+00 0.8909000000D-02 0.6800000000D-02 0.3520397000D+01 0.1950300000D+01 0.1919000000D+00 0.1749700000D+01
1 3620181102201811112458424.4-0.5400000000D-02 0.2700000000D-03 0.5919100000D+01 0.2555400000D+00 0.5354000000D-02 0.3600000000D-02 0.1279717000D+01 0.5966600000D+01 0.4190400000D+01 0.1768900000D+01 0.1840000000D-01-0.2100000000D-03 0.9397000000D+01 0.4108400000D+00 0.8781000000D-02 0.6800000000D-02 0.5826461000D+01 0.4249500000D+01 0.2477700000D+01 0.7360000000D-01
1 3720181111201811202458433.4-0.3900000000D-02-0.1000000000D-03 0.5864800000D+01 0.2541100000D+00 0.5470000000D-02 0.3800000000D-02 0.3589121000D+01 0.1995300000D+01 0.2121000000D+00 0.2662000000D+00 0.2120000000D-01-0.6700000000D-03 0.9377800000D+01 0.4107900000D+00 0.8728000000D-02 0.6600000000D-02 0.1848810000D+01 0.2667000000D+00 0.4773500000D+01 0.4517500000D+01
1 3820181120201811292458442.4-0.2800000000D-02-0.2800000000D-03 0.5809200000D+01 0.2519200000D+00 0.5285000000D-02 0.3700000000D-02 0.5897505000D+01 0.4297500000D+01 0.2522000000D+01 0.4719000000D+01 0.1700000000D-01 0.2800000000D-03 0.9344100000D+01 0.4089900000D+00 0.8714000000D-02 0.6100000000D-02 0.4153487000D+01 0.2569300000D+01 0.8005000000D+00 0.2937100000D+01
1 3920181129201812082458451.4-0.3400000000D-02-0.7000000000D-04 0.5750800000D+01 0.2504700000D+00 0.5266000000D-02 0.4200000000D-02 0.1921937000D+01 0.3212000000D+00 0.4816700000D+01 0.3124900000D+01 0.1460000000D-01 0.6300000000D-03 0.9300300000D+01 0.4082600000D+00 0.8796000000D-02 0.5700000000D-02 0.1747010000D+00 0.4873000000D+01 0.3089300000D+01 0.1137800000D+01
1 4020181208201812172458460.4-0.6200000000D-02 0.4300000000D-03 0.5690600000D+01 0.2485000000D+00 0.5288000000D-02 0.4200000000D-02 0.4228426000D+01 0.2630300000D+01 0.8456000000D+00 0.1316100000D+01 0.1770000000D-01-0.1700000000D-03 0.9250200000D+01 0.4047700000D+00 0.8620000000D-02 0.5200000000D-02 0.2478505000D+01 0.8892000000D+00 0.5407300000D+01 0.5847500000D+01
1 4120181217201812262458469.4-0.5300000000D-02 0.1400000000D-03 0.5634300000D+01 0.2468200000D+00 0.5169000000D-02 0.3900000000D-02 0.2507180000D+00 0.4933700000D+01 0.3147400000D+01 0.5996300000D+01 0.1940000000D-01-0.4500000000D-03 0.9191200000D+01 0.4034500000D+00 0.8550000000D-02 0.5800000000D-02 0.4782477000D+01 0.3190800000D+01 0.1409900000D+01 0.4160400000D+01
1 4220181226201901042458478.4-0.2700000000D-02-0.3800000000D-03 0.5580600000D+01 0.2442800000D+00 0.5182000000D-02 0.3900000000D-02 0.2554903000D+01 0.9588000000D+00 0.5474200000D+01 0.4102100000D+01 0.1870000000D-01-0.2100000000D-03 0.9124600000D+01 0.4016500000D+00 0.8700000000D-02 0.5300000000D-02 0.8030330000D+00 0.5497600000D+01 0.3702800000D+01 0.2671700000D+01
1 4320190104201901132458487.4-0.3700000000D-02-0.9000000000D-04 0.5532600000D+01 0.2430800000D+00 0.5128000000D-02 0.3500000000D-02 0.4858440000D+01 0.3263800000D+01 0.1491500000D+01 0.2553000000D+01 0.1530000000D-01 0.4400000000D-03 0.9060200000D+01 0.3972900000D+00 0.8386000000D-02 0.6200000000D-02 0.3106423000D+01 0.1512300000D+01 0.6019100000D+01 0.8324000000D+00
2 4420171231201801312458118.4 0.7900000000D-02 0.0000000000D+00 0.8279600000D+01 0.7830000000D-02 0.7700000000D-04 0.2500000000D-02 0.6058599000D+01 0.3211000000D+01 0.5596900000D+01 0.1148400000D+01-0.2700000000D-02-0.3000000000D-04 0.1321940000D+02 0.1237000000D-01 0.3300000000D-04 0.3200000000D-02 0.4265548000D+01 0.1443100000D+01 0.5046100000D+01 0.5873200000D+01
2 4520180131201803032458149.4 0.8100000000D-02-0.2000000000D-04 0.8114800000D+01 0.5460000000D-02 0.8000000000D-04 0.1800000000D-02 0.1647501000D+01 0.5787500000D+01 0.1404400000D+01 0.4852600000D+01-0.3400000000D-02 0.4000000000D-04 0.1287780000D+02 0.1065000000D-01 0.6100000000D-04 0.4000000000D-02 0.6142753000D+01 0.3238700000D+01 0.3565000000D+00 0.3363000000D+01
2 4620180303201804032458180.4 0.7500000000D-02 0.1000000000D-04 0.8100200000D+01 0.5930000000D-02 0.7500000000D-04 0.2300000000D-02 0.3512435000D+01 0.2261800000D+01 0.3452400000D+01 0.2718200000D+01-0.3000000000D-02 0.2000000000D-04 0.1260910000D+02 0.6660000000D-02 0.7600000000D-04 0.3900000000D-02 0.1740347000D+01 0.4978500000D+01 0.2031400000D+01 0.4536000000D+00
2 4720180403201805042458211.4 0.7900000000D-02-0.1000000000D-04 0.8230900000D+01 0.8600000000D-02 0.5600000000D-04 0.2400000000D-02 0.5375624000D+01 0.4651100000D+01 0.5704800000D+01 0.6024000000D+01-0.2100000000D-02 0.0000000000D+00 0.1247350000D+02 0.1990000000D-02 0.8100000000D-04 0.2500000000D-02 0.3625291000D+01 0.1205000000D+00 0.3898500000D+01 0.4544900000D+01
2 4820180504201806042458242.4 0.8600000000D-02-0.1000000000D-04 0.8481800000D+01 0.1085000000D-01 0.3800000000D-04 0.2100000000D-02 0.9583870000D+00 0.5265000000D+00 0.1813800000D+01 0.3549200000D+01-0.3300000000D-02 0.9000000000D-04 0.1249070000D+02 0.3660000000D-02 0.7500000000D-04 0.3400000000D-02 0.5513420000D+01 0.6118700000D+01 0.5657300000D+01 0.1795200000D+01
2 4920180604201807052458273.4 0.7800000000D-02 0.4000000000D-04 0.8811300000D+01 0.1189000000D-01 0.3100000000D-04 0.2200000000D-02 0.2830264000D+01 0.2615000000D+01 0.4580300000D+01 0.7480000000D+00-0.3300000000D-02 0.6000000000D-04 0.1265500000D+02 0.8080000000D-02 0.5000000000D-04 0.3200000000D-02 0.1120877000D+01 0.1485100000D+01 0.1166800000D+01 0.5784700000D+01
2 5020180705201808052458304.4 0.8000000000D-02 0.3000000000D-04 0.9164900000D+01 0.1120000000D-01 0.5300000000D-04 0.2100000000D-02 0.4709753000D+01 0.4666800000D+01 0.8539000000D+00 0.5004200000D+01-0.2300000000D-02 0.1000000000D-04 0.1293570000D+02 0.1126000000D-01 0.7000000000D-05 0.4300000000D-02 0.3012851000D+01 0.3264000000D+01 0.3609100000D+01 0.2790700000D+01
2 5120180805201809052458335.4 0.8300000000D-02 0.4000000000D-04 0.9471900000D+01 0.8650000000D-02 0.8500000000D-04 0.3400000000D-02 0.3132030000D+00 0.5347000000D+00 0.3215300000D+01 0.2077600000D+01-0.2300000000D-02 0.3000000000D-04 0.1327800000D+02 0.1211000000D-01 0.5100000000D-04 0.2400000000D-02 0.4904252000D+01 0.5135800000D+01 0.2261200000D+01 0.5303000000D+00
2 5220180905201810062458366.4 0.7900000000D-02 0.6000000000D-04 0.9654400000D+01 0.4550000000D-02 0.1050000000D-03 0.2300000000D-02 0.2206177000D+01 0.3000900000D+01 0.5253300000D+01 0.5851400000D+01-0.1100000000D-02-0.4000000000D-04 0.1360040000D+02 0.9040000000D-02 0.9000000000D-04 0.4100000000D-02 0.5105190000D+00 0.6514000000D+00 0.4008500000D+01 0.4354700000D+01
2 5320181006201811062458397.4 0.8900000000D-02-0.2000000000D-04 0.9653600000D+01 0.5020000000D-02 0.8700000000D-04 0.2500000000D-02 0.4102263000D+01 0.1265000000D+00 0.1157000000D+01 0.3366600000D+01-0.2000000000D-03-0.5000000000D-04 0.1379620000D+02 0.3400000000D-02 0.1130000000D-03 0.3900000000D-02 0.2395928000D+01 0.2160700000D+01 0.5822200000D+01 0.1677100000D+01
2 5420181106201812072458428.4 0.9100000000D-02-0.1000000000D-04 0.9469200000D+01 0.9120000000D-02 0.5000000000D-04 0.2800000000D-02 0.5997280000D+01 0.2546500000D+01 0.3913000000D+01 0.9745000000D+00-0.1800000000D-02 0.4000000000D-04 0.1379450000D+02 0.4670000000D-02 0.9500000000D-04 0.4500000000D-02 0.4276731000D+01 0.1808700000D+01 0.1304500000D+01 0.5407500000D+01
2 5520181207201901072458459.4 0.7700000000D-02 0.3000000000D-04 0.9178200000D+01 0.1025000000D-01 0.6000000000D-04 0.3000000000D-02 0.1603678000D+01 0.4724500000D+01 0.7282000000D+00 0.4717900000D+01-0.1400000000D-02 0.0000000000D+00 0.1359350000D+02 0.1023000000D-01 0.3900000000D-04 0.3400000000D-02 0.6153809000D+01 0.3420300000D+01 0.2805800000D+01 0.2950700000D+01
3 5620171231201801272458118.4-0.3500000000D-01 0.5200000000D-03 0.1151140000D+02 0.1078000000D-01 0.1100000000D-03 0.2010000000D-01 0.1124023000D+01 0.4488100000D+01 0.6964000000D+00 0.5905700000D+01-0.6100000000D-01-0.5000000000D-03 0.1840850000D+02 0.1613000000D-01 0.1300000000D-04 0.3260000000D-01 0.5610781000D+01 0.2661400000D+01 0.5404000000D+01 0.4092800000D+01
3 5720180127201802232458145.4-0.2000000000D-01-0.3500000000D-03 0.1130200000D+02 0.7280000000D-02 0.1190000000D-03 0.2180000000D-01 0.4353657000D+01 0.1984600000D+01 0.4079000000D+01 0.5959900000D+01-0.7750000000D-01-0.6000000000D-03 0.1799180000D+02 0.1493000000D-01 0.7000000000D-04 0.3510000000D-01 0.2561430000D+01 0.5835700000D+01 0.2971100000D+01 0.4177100000D+01
3 5820180223201803222458172.4-0.3460000000D-01-0.2100000000D-03 0.1124610000D+02 0.6650000000D-02 0.1010000000D-03 0.2310000000D-01 0.1294472000D+01 0.6184600000D+01 0.1034200000D+01 0.1460000000D-01-0.8970000000D-01 0.8400000000D-03 0.1764410000D+02 0.1128000000D-01 0.1130000000D-03 0.3640000000D-01 0.5797893000D+01 0.2673300000D+01 0.6009900000D+01 0.4523700000D+01
3 5920180322201804182458199.4-0.4000000000D-01 0.5800000000D-03 0.1134980000D+02 0.1048000000D-01 0.7000000000D-04 0.2040000000D-01 0.4515577000D+01 0.3693600000D+01 0.4514200000D+01 0.1760000000D+00-0.6240000000D-01-0.1400000000D-03 0.1742350000D+02 0.6210000000D-02 0.1460000000D-03 0.3140000000D-01 0.2753718000D+01 0.5825700000D+01 0.2981000000D+01 0.4700000000D+01
3 6020180418201805152458226.4-0.2330000000D-01-0.2100000000D-03 0.1159530000D+02 0.1371000000D-01 0.6300000000D-04 0.2200000000D-01 0.1452815000D+01 0.8787000000D+00 0.1864900000D+01 0.1890000000D+00-0.7200000000D-01-0.7500000000D-03 0.1735670000D+02 0.1490000000D-02 0.1140000000D-03 0.3310000000D-01 0.5993980000D+01 0.7681000000D+00 0.6281400000D+01 0.4758500000D+01
3 6120180515201806112458253.4-0.3450000000D-01-0.4700000000D-03 0.1194870000D+02 0.1565000000D-01 0.4800000000D-04 0.2520000000D-01 0.4675842000D+01 0.4286400000D+01 0.5406500000D+01 0.5037000000D+00-0.9480000000D-01 0.7800000000D-03 0.1745230000D+02 0.7730000000D-02 0.7500000000D-04 0.3720000000D-01 0.2952296000D+01 0.3331700000D+01 0.2868600000D+01 0.5080500000D+01
3 6220180611201807082458280.4-0.4620000000D-01 0.4700000000D-03 0.1236500000D+02 0.1642000000D-01 0.3600000000D-04 0.2330000000D-01 0.1619827000D+01 0.1374000000D+01 0.3338200000D+01 0.7242000000D+00-0.7160000000D-01 0.2500000000D-03 0.1769890000D+02 0.1261000000D-01 0.3700000000D-04 0.3340000000D-01 0.6194920000D+01 0.9790000000D-01 0.6180900000D+01 0.5321300000D+01
3 6320180708201808042458307.4-0.2810000000D-01-0.9000000000D-04 0.1279090000D+02 0.1533000000D-01 0.7000000000D-04 0.2360000000D-01 0.4851672000D+01 0.4750700000D+01 0.1109300000D+01 0.7326000000D+00-0.7010000000D-01-0.9800000000D-03 0.1806200000D+02 0.1561000000D-01 0.1800000000D-04 0.3370000000D-01 0.3153410000D+01 0.3318200000D+01 0.1639600000D+01 0.5347500000D+01
3 6420180804201808312458334.4-0.3310000000D-01-0.6500000000D-03 0.1315930000D+02 0.1215000000D-01 0.1320000000D-03 0.2780000000D-01 0.1805976000D+01 0.1868100000D+01 0.4515000000D+01 0.1018300000D+01-0.9920000000D-01 0.3700000000D-03 0.1848290000D+02 0.1545000000D-01 0.3800000000D-04 0.3930000000D-01 0.1114850000D+00 0.2637000000D+00 0.4304200000D+01 0.5620300000D+01
3 6520180831201809272458361.4-0.5110000000D-01 0.4700000000D-03 0.1339840000D+02 0.6940000000D-02 0.1570000000D-03 0.2550000000D-01 0.5048616000D+01 0.5529900000D+01 0.1741800000D+01 0.1303600000D+01-0.8170000000D-01 0.4600000000D-03 0.1888060000D+02 0.1273000000D-01 0.9500000000D-04 0.3640000000D-01 0.3351762000D+01 0.3432100000D+01 0.7506000000D+00 0.5901000000D+01
3 6620180927201810242458388.4-0.3380000000D-01 0.3300000000D-03 0.1345290000D+02 0.4770000000D-02 0.1310000000D-03 0.2360000000D-01 0.2011512000D+01 0.4055600000D+01 0.5113600000D+01 0.1335700000D+01-0.6870000000D-01-0.1080000000D-02 0.1915730000D+02 0.7770000000D-02 0.1570000000D-03 0.3370000000D-01 0.3065090000D+00 0.1157000000D+00 0.3607300000D+01 0.5930900000D+01
3 6720181024201811202458415.4-0.2880000000D-01-0.5100000000D-03 0.1329910000D+02 0.1043000000D-01 0.8500000000D-04 0.2760000000D-01 0.5258671000D+01 0.1659900000D+01 0.2488000000D+01 0.1570400000D+01-0.1003000000D+00 0.1200000000D-03 0.1924820000D+02 0.3980000000D-02 0.1620000000D-03 0.3890000000D-01 0.3542049000D+01 0.1810000000D+01 0.2826000000D+00 0.6150600000D+01
3 6820181120201812172458442.4-0.4690000000D-01 0.3400000000D-03 0.1299050000D+02 0.1408000000D-01 0.8000000000D-04 0.2540000000D-01 0.2221394000D+01 0.5113400000D+01 0.6598000000D+00 0.1900400000D+01-0.9120000000D-01 0.9100000000D-03 0.1911470000D+02 0.9630000000D-02 0.1240000000D-03 0.3720000000D-01 0.4922880000D+00 0.4095200000D+01 0.3570000000D+01 0.1663000000D+00
3 6920181217201901132458469.4-0.3430000000D-01 0.5200000000D-03 0.1262600000D+02 0.1379000000D-01 0.9200000000D-04 0.2190000000D-01 0.5462734000D+01 0.2344000000D+01 0.4877900000D+01 0.1953000000D+01-0.6790000000D-01-0.6500000000D-03 0.1879790000D+02 0.1506000000D-01 0.4100000000D-04 0.3210000000D-01 0.3724605000D+01 0.8765000000D+00 0.2082000000D+00 0.2387000000D+00
3 7020190113201902092458496.4-0.2130000000D-01-0.5400000000D-03 0.1231080000D+02 0.1021000000D-01 0.1120000000D-03 0.2520000000D-01 0.2414019000D+01 0.5878200000D+01 0.2048500000D+01 0.2101200000D+01-0.9330000000D-01-0.5000000000D-04 0.1838680000D+02 0.1680000000D-01 0.5400000000D-04 0.3660000000D-01 0.6736750000D+00 0.3949600000D+01 0.4971000000D+00 0.3906000000D+00
4 7120171231201801172458118.2-0.2490000000D-01 0.1270000000D-02 0.1894280000D+02 0.2134000000D-01 0.6060000000D-03 0.1650000000D-01 0.8837160000D+00 0.3811600000D+01 0.5110000000D-01 0.1406400000D+01 0.4910000000D-01 0.3550000000D-02 0.3020290000D+02 0.2569000000D-01 0.2100000000D-03 0.2560000000D-01 0.5373794000D+01 0.2234900000D+01 0.3862300000D+01 0.5965900000D+01
4 7220180117201802032458135.2-0.2380000000D-01 0.2700000000D-03 0.1868990000D+02 0.1339000000D-01 0.2160000000D-03 0.2220000000D-01 0.5850280000D+00 0.4053800000D+01 0.7050000000D+00 0.7771000000D+00 0.1085000000D+00-0.4100000000D-03 0.2976510000D+02 0.2566000000D-01 0.1970000000D-03 0.3580000000D-01 0.5075518000D+01 0.1960500000D+01 0.6248300000D+01 0.5266600000D+01
4 7320180203201802202458152.2 0.2300000000D-02-0.5000000000D-04 0.1853310000D+02 0.6360000000D-02 0.2260000000D-03 0.2490000000D-01 0.2822950000D+00 0.4052400000D+01 0.5757400000D+01 0.5469000000D+00 0.1107000000D+00 0.6600000000D-03 0.2935520000D+02 0.2434000000D-01 0.1860000000D-03 0.3950000000D-01 0.4777841000D+01 0.1432200000D+01 0.4439600000D+01 0.5032500000D+01
4 7420180220201803092458169.2-0.1800000000D-01 0.3380000000D-02 0.1851460000D+02 0.1289000000D-01 0.5260000000D-03 0.2040000000D-01 0.6263006000D+01 0.4258000000D+01 0.1076000000D+00 0.3560000000D-01 0.1181000000D+00-0.2900000000D-02 0.2900720000D+02 0.2046000000D-01 0.2770000000D-03 0.3000000000D-01 0.4483486000D+01 0.1427700000D+01 0.4941900000D+01 0.4526400000D+01
4 7520180309201803262458186.2 0.3070000000D-01-0.9700000000D-03 0.1854540000D+02 0.1143000000D-01 0.1360000000D-03 0.2160000000D-01 0.5955715000D+01 0.5192300000D+01 0.5009700000D+01 0.5886500000D+01 0.8750000000D-01 0.5000000000D-04 0.2872410000D+02 0.1320000000D-01 0.2460000000D-03 0.3340000000D-01 0.4187082000D+01 0.8778000000D+00 0.5219100000D+01 0.4144000000D+01
4 7620180326201804122458203.2 0.1850000000D-01 0.3000000000D-03 0.1871190000D+02 0.1498000000D-01 0.1670000000D-03 0.1320000000D-01 0.5648491000D+01 0.5028900000D+01 0.5149500000D+01 0.5464100000D+01 0.5050000000D-01-0.2800000000D-03 0.2854530000D+02 0.1137000000D-01 0.2730000000D-03 0.1960000000D-01 0.3891246000D+01 0.6191800000D+01 0.3245500000D+01 0.3690200000D+01
4 7720180412201804292458220.2 0.9800000000D-02-0.9700000000D-03 0.1897390000D+02 0.2578000000D-01 0.5510000000D-03 0.1200000000D-01 0.5343883000D+01 0.4408000000D+01 0.3277000000D+00 0.4316800000D+01 0.6470000000D-01-0.1480000000D-02 0.2848040000D+02 0.4290000000D-02 0.4790000000D-03 0.1880000000D-01 0.3598457000D+01 0.1344500000D+01 0.4552300000D+01 0.2552600000D+01
4 7820180429201805162458237.2 0.4200000000D-02-0.5300000000D-03 0.1928270000D+02 0.2191000000D-01 0.2110000000D-03 0.1110000000D-01 0.5034450000D+01 0.4784700000D+01 0.3937400000D+01 0.3748600000D+01 0.2200000000D-01 0.3240000000D-02 0.2848100000D+02 0.1672000000D-01 0.4350000000D-03 0.1660000000D-01 0.3302373000D+01 0.4058100000D+01 0.1283700000D+01 0.1925500000D+01
4 7920180516201806022458254.2-0.2180000000D-01 0.8000000000D-04 0.1966730000D+02 0.2590000000D-01 0.3100000000D-04 0.1790000000D-01 0.4729212000D+01 0.4412900000D+01 0.5249600000D+01 0.2661500000D+01 0.8040000000D-01-0.8800000000D-03 0.2865220000D+02 0.1143000000D-01 0.2490000000D-03 0.2540000000D-01 0.3008050000D+01 0.3593000000D+01 0.2910300000D+01 0.9327000000D+00
4 8020180602201806192458271.2-0.1390000000D-01 0.4000000000D-03 0.2009240000D+02 0.3099000000D-01 0.5340000000D-03 0.2300000000D-01 0.4426318000D+01 0.3900700000D+01 0.6119600000D+01 0.2351000000D+01 0.7470000000D-01 0.2920000000D-02 0.2887750000D+02 0.1995000000D-01 0.4960000000D-03 0.3340000000D-01 0.2714901000D+01 0.2485800000D+01 0.4477500000D+01 0.6585000000D+00
4 8120180619201807062458288.2-0.2520000000D-01 0.1820000000D-02 0.2052800000D+02 0.2875000000D-01 0.3600000000D-03 0.2320000000D-01 0.4121958000D+01 0.4147500000D+01 0.2184500000D+01 0.1758600000D+01 0.9540000000D-01 0.6400000000D-03 0.2918440000D+02 0.2868000000D-01 0.6910000000D-03 0.3350000000D-01 0.2418335000D+01 0.2984300000D+01 0.7612000000D+00 0.5790000000D-01
4 8220180706201807232458305.2 0.1310000000D-01-0.5000000000D-03 0.2097830000D+02 0.2499000000D-01 0.1190000000D-03 0.2870000000D-01 0.3821597000D+01 0.3705500000D+01 0.5826300000D+01 0.1423900000D+01 0.1176000000D+00 0.0000000000D+00 0.2958440000D+02 0.2441000000D-01 0.1040000000D-03 0.3980000000D-01 0.2124368000D+01 0.2238400000D+01 0.3401600000D+01 0.5995000000D+01
4 8320180723201808092458322.2 0.7500000000D-02 0.2270000000D-02 0.2137670000D+02 0.2612000000D-01 0.5120000000D-03 0.2240000000D-01 0.3523415000D+01 0.3313300000D+01 0.5858700000D+01 0.1082100000D+01 0.8820000000D-01-0.1600000000D-03 0.3000790000D+02 0.2579000000D-01 0.1070000000D-03 0.3080000000D-01 0.1828470000D+01 0.1935100000D+01 0.3356800000D+01 0.5729500000D+01
4 8420180809201808262458339.2 0.3770000000D-01-0.1670000000D-02 0.2173890000D+02 0.1532000000D-01 0.1890000000D-03 0.2120000000D-01 0.3225923000D+01 0.3565400000D+01 0.1766300000D+01 0.4076000000D+00 0.9940000000D-01-0.1860000000D-02 0.3043760000D+02 0.2959000000D-01 0.7860000000D-03 0.3090000000D-01 0.1532573000D+01 0.1961900000D+01 0.6152000000D+01 0.5029800000D+01
4 8520180826201809122458356.2 0.2840000000D-01-0.2600000000D-03 0.2198190000D+02 0.1101000000D-01 0.2790000000D-03 0.1530000000D-01 0.2931108000D+01 0.3191100000D+01 0.5230500000D+01 0.5780000000D-01 0.4990000000D-01 0.3800000000D-03 0.3085920000D+02 0.2279000000D-01 0.1850000000D-03 0.2110000000D-01 0.1236529000D+01 0.1230600000D+01 0.3668200000D+01 0.4653600000D+01
4 8620180912201809292458373.2-0.5500000000D-02 0.5000000000D-04 0.2210350000D+02 0.1163000000D-01 0.3070000000D-03 0.1170000000D-01 0.2636683000D+01 0.3755200000D+01 0.6131700000D+01 0.4964400000D+01 0.5970000000D-01-0.1270000000D-02 0.3120750000D+02 0.1829000000D-01 0.2350000000D-03 0.1670000000D-01 0.9389200000D+00 0.9680000000D+00 0.3935600000D+01 0.3242700000D+01
4 8720180929201810162458390.2 0.1400000000D-01-0.2750000000D-02 0.2212320000D+02 0.8690000000D-02 0.1370000000D-03 0.1780000000D-01 0.2347105000D+01 0.4961100000D+01 0.4273800000D+01 0.4478400000D+01 0.2410000000D-01 0.5490000000D-02 0.3148570000D+02 0.2900000000D-02 0.3900000000D-03 0.2360000000D-01 0.6418690000D+00 0.9889000000D+00 0.6140300000D+01 0.2758000000D+01
4 8820181016201811022458407.2-0.3100000000D-01 0.7600000000D-03 0.2197280000D+02 0.1586000000D-01 0.1460000000D-03 0.2000000000D-01 0.2054879000D+01 0.4524200000D+01 0.5187600000D+01 0.3591700000D+01 0.8520000000D-01-0.3000000000D-03 0.3157020000D+02 0.5250000000D-02 0.3880000000D-03 0.2850000000D-01 0.3436000000D+00 0.5943800000D+01 0.3088000000D+01 0.1889600000D+01
4 8920181102201811192458424.2-0.1290000000D-01-0.1900000000D-03 0.2171690000D+02 0.2118000000D-01 0.1980000000D-03 0.2790000000D-01 0.1763689000D+01 0.4339900000D+01 0.5849300000D+01 0.3288000000D+01 0.1191000000D+00 0.3600000000D-03 0.3154550000D+02 0.7000000000D-02 0.2640000000D-03 0.4040000000D-01 0.4401000000D-01 0.2911600000D+01 0.4022300000D+01 0.1575400000D+01
4 9020181119201812062458441.2-0.1160000000D-01 0.1970000000D-02 0.2138430000D+02 0.2133000000D-01 0.3030000000D-03 0.2400000000D-01 0.1474812000D+01 0.4677300000D+01 0.3343300000D+01 0.2989600000D+01 0.9190000000D-01 0.2100000000D-02 0.3140600000D+02 0.2635000000D-01 0.5930000000D-03 0.3600000000D-01 0.6030310000D+01 0.3434100000D+01 0.8599000000D+00 0.1209300000D+01
4 9120181206201812232458458.2 0.1340000000D-01-0.5700000000D-03 0.2099990000D+02 0.2238000000D-01 0.6700000000D-04 0.2700000000D-01 0.1180204000D+01 0.4086300000D+01 0.5483800000D+01 0.2396800000D+01 0.1367000000D+00-0.2640000000D-02 0.3106210000D+02 0.1848000000D-01 0.4320000000D-03 0.3840000000D-01 0.5729149000D+01 0.2321700000D+01 0.3637800000D+01 0.6435000000D+00
4 9220181223201901092458475.2 0.2520000000D-01 0.2200000000D-03 0.2063020000D+02 0.2129000000D-01 0.2310000000D-03 0.2090000000D-01 0.8848700000D+00 0.3838500000D+01 0.6181300000D+01 0.2141600000D+01 0.7650000000D-01 0.5100000000D-03 0.3069270000D+02 0.2466000000D-01 0.7200000000D-04 0.3150000000D-01 0.5430624000D+01 0.2292800000D+01 0.3162800000D+01 0.4282000000D+00
4 9320190109201901262458492.2 0.1840000000D-01-0.5600000000D-03 0.2030660000D+02 0.1835000000D-01 0.3420000000D-03 0.1380000000D-01 0.5893150000D+00 0.4268300000D+01 0.1976800000D+01 0.1372500000D+01 0.7730000000D-01-0.2090000000D-02 0.3026690000D+02 0.2966000000D-01 0.7300000000D-03 0.2140000000D-01 0.5134177000D+01 0.2516800000D+01 0.5028000000D+00 0.5913600000D+01
4 9420190126201902122458509.2 0.3290000000D-01-0.2210000000D-02 0.2004690000D+02 0.6930000000D-02 0.4310000000D-03 0.1360000000D-01 0.2875500000D+00 0.3277300000D+01 0.4881300000D+01 0.8193000000D+00 0.5220000000D-01 0.4600000000D-03 0.2981900000D+02 0.2538000000D-01 0.4730000000D-03 0.2080000000D-01 0.4833908000D+01 0.1359300000D+01 0.3327000000D+01 0.5354700000D+01
5 9520171231201801222458118.4 0.4780000000D-01 0.2740000000D-02 0.2519190000D+02 0.1475000000D-01 0.5410000000D-03 0.2570000000D-01 0.3343695000D+01 0.5971500000D+01 0.1456200000D+01 0.1734000000D+01 0.6260000000D-01-0.5410000000D-02 0.4036140000D+02 0.2436000000D-01 0.4910000000D-03 0.4160000000D-01 0.1551801000D+01 0.4646400000D+01 0.4881200000D+01 0.6205300000D+01
5 9620180122201802132458140.4 0.1103000000D+00-0.3920000000D-02 0.2480000000D+02 0.1016000000D-01 0.1650000000D-03 0.2010000000D-01 0.1043470000D+01 0.5339700000D+01 0.4116000000D+01 0.3746600000D+01-0.4660000000D-01 0.2620000000D-02 0.3964200000D+02 0.2862000000D-01 0.6980000000D-03 0.3210000000D-01 0.5536991000D+01 0.2815000000D+01 0.1315700000D+01 0.1920600000D+01
5 9720180213201803072458162.4 0.4100000000D-01-0.2500000000D-03 0.2467080000D+02 0.1869000000D-01 0.3520000000D-03 0.1020000000D-01 0.5020687000D+01 0.3316000000D+01 0.6013500000D+01 0.5578400000D+01-0.3800000000D-02-0.1470000000D-02 0.3902100000D+02 0.3687000000D-01 0.8620000000D-03 0.1830000000D-01 0.3238548000D+01 0.3540000000D+00 0.4241500000D+01 0.3883200000D+01
5 9820180307201803292458184.4 0.1950000000D-01 0.1900000000D-03 0.2473490000D+02 0.1614000000D-01 0.3780000000D-03 0.5600000000D-02 0.2710178000D+01 0.1450500000D+01 0.2871800000D+01 0.6214700000D+01-0.3690000000D-01 0.4840000000D-02 0.3852320000D+02 0.3153000000D-01 0.8020000000D-03 0.7800000000D-02 0.9409050000D+00 0.4048600000D+01 0.1302400000D+01 0.4158600000D+01
5 9920180329201804202458206.4 0.2270000000D-01 0.2000000000D-03 0.2500200000D+02 0.2416000000D-01 0.1220000000D-03 0.1520000000D-01 0.3988700000D+00 0.6025000000D+01 0.6265200000D+01 0.1109900000D+01 0.7270000000D-01-0.1060000000D-02 0.3817340000D+02 0.1517000000D-01 0.4900000000D-03 0.2450000000D-01 0.4928117000D+01 0.1217900000D+01 0.4713400000D+01 0.5708700000D+01
510020180420201805122458228.4 0.4210000000D-01 0.1460000000D-02 0.2547440000D+02 0.3266000000D-01 0.1500000000D-04 0.2620000000D-01 0.4370962000D+01 0.3856200000D+01 0.5836100000D+01 0.3154300000D+01 0.7950000000D-01-0.7400000000D-03 0.3809430000D+02 0.4750000000D-02 0.1790000000D-03 0.3750000000D-01 0.2633479000D+01 0.3340900000D+01 0.2957300000D+01 0.1430900000D+01
510120180512201806032458250.4 0.8830000000D-01-0.3000000000D-04 0.2610870000D+02 0.3659000000D-01 0.1080000000D-03 0.2990000000D-01 0.2060316000D+01 0.1607500000D+01 0.3552300000D+01 0.5283800000D+01 0.3750000000D-01-0.1400000000D-03 0.3827790000D+02 0.1140000000D-01 0.2900000000D-03 0.4350000000D-01 0.3380720000D+00 0.4695000000D+00 0.7160000000D+00 0.3537300000D+01
510220180603201806252458272.4 0.7260000000D-01 0.9700000000D-03 0.2687320000D+02 0.3271000000D-01 0.2180000000D-03 0.2620000000D-01 0.6034066000D+01 0.5634300000D+01 0.4494000000D+00 0.1061800000D+01 0.2600000000D-01-0.3460000000D-02 0.3867440000D+02 0.1772000000D-01 0.5250000000D-03 0.3830000000D-01 0.4324091000D+01 0.4776600000D+01 0.4082800000D+01 0.5645200000D+01
510320180625201807172458294.4 0.8880000000D-01-0.2650000000D-02 0.2763450000D+02 0.2961000000D-01 0.2070000000D-03 0.1730000000D-01 0.3726238000D+01 0.3654100000D+01 0.3203400000D+01 0.3059800000D+01-0.5890000000D-01 0.3080000000D-02 0.3924750000D+02 0.3095000000D-01 0.8190000000D-03 0.2500000000D-01 0.2025639000D+01 0.2744400000D+01 0.1079700000D+01 0.1352300000D+01
510420180717201808082458316.4 0.5270000000D-01-0.2050000000D-02 0.2833750000D+02 0.3497000000D-01 0.3370000000D-03 0.7300000000D-02 0.1422834000D+01 0.1477300000D+01 0.4845400000D+01 0.4258300000D+01 0.3410000000D-01-0.2800000000D-02 0.3985760000D+02 0.5146000000D-01 0.1039000000D-02 0.8500000000D-02 0.6011528000D+01 0.2280000000D+00 0.4164500000D+01 0.2845400000D+01
510520180808201808302458338.4-0.1000000000D-02 0.2860000000D-02 0.2894940000D+02 0.3164000000D-01 0.7310000000D-03 0.1110000000D-01 0.5408038000D+01 0.5271200000D+01 0.1749200000D+01 0.5064100000D+01-0.4690000000D-01 0.7760000000D-02 0.4059180000D+02 0.5510000000D-01 0.9730000000D-03 0.1920000000D-01 0.3715738000D+01 0.3793400000D+01 0.8077000000D+00 0.3195200000D+01
510620180830201809212458360.4 0.5820000000D-01-0.1240000000D-02 0.2941690000D+02 0.1019000000D-01 0.7620000000D-03 0.2320000000D-01 0.3111938000D+01 0.2420700000D+01 0.4923900000D+01 0.4077000000D+00 0.9900000000D-01-0.2100000000D-02 0.4137010000D+02 0.3930000000D-01 0.7370000000D-03 0.3270000000D-01 0.1418488000D+01 0.1120400000D+01 0.3930300000D+01 0.5136900000D+01
510720180921201810132458382.4 0.3320000000D-01 0.4150000000D-02 0.2957750000D+02 0.1270000000D-01 0.4190000000D-03 0.3240000000D-01 0.8175170000D+00 0.3664100000D+01 0.1982600000D+01 0.2525400000D+01 0.9440000000D-01-0.2620000000D-02 0.4196240000D+02 0.1434000000D-01 0.1710000000D-03 0.4380000000D-01 0.5400936000D+01 0.5010300000D+01 0.7010000000D+00 0.7817000000D+00
510820181013201811042458404.4 0.1194000000D+00-0.1900000000D-02 0.2937680000D+02 0.2319000000D-01 0.5800000000D-04 0.3210000000D-01 0.4808631000D+01 0.1106100000D+01 0.3520800000D+01 0.4608500000D+01 0.2970000000D-01-0.2400000000D-03 0.4222390000D+02 0.5710000000D-02 0.3460000000D-03 0.4740000000D-01 0.3100410000D+01 0.2682700000D+01 0.5385000000D+00 0.2883600000D+01
510920181104201811262458426.4 0.8910000000D-01-0.5100000000D-03 0.2892260000D+02 0.2582000000D-01 0.2170000000D-03 0.2610000000D-01 0.2518302000D+01 0.5257300000D+01 0.6185500000D+01 0.4092000000D+00-0.1370000000D-01-0.9600000000D-03 0.4217720000D+02 0.1018000000D-01 0.3690000000D-03 0.3750000000D-01 0.7994460000D+00 0.4580300000D+01 0.4074700000D+01 0.4973200000D+01
511020181126201812182458448.4 0.6080000000D-01-0.1290000000D-02 0.2830550000D+02 0.2869000000D-01 0.1510000000D-03 0.1280000000D-01 0.2265800000D+00 0.3130000000D+01 0.4429000000D+01 0.2414500000D+01-0.3650000000D-01 0.1000000000D-02 0.4182100000D+02 0.2257000000D-01 0.3110000000D-03 0.1960000000D-01 0.4781267000D+01 0.1996800000D+01 0.1385700000D+01 0.6449000000D+00
511120181218201901092458470.4 0.3730000000D-01-0.1460000000D-02 0.2767100000D+02 0.3239000000D-01 0.3320000000D-03 0.6400000000D-02 0.4214385000D+01 0.9333000000D+00 0.3713500000D+01 0.2797700000D+01 0.2300000000D-01-0.1300000000D-03 0.4124260000D+02 0.3609000000D-01 0.2440000000D-03 0.8500000000D-02 0.2480507000D+01 0.5895400000D+01 0.4079200000D+01 0.9700000000D+00
511220190109201901312458492.4-0.2900000000D-02 0.2990000000D-02 0.2710810000D+02 0.2992000000D-01 0.7420000000D-03 0.1620000000D-01 0.1914514000D+01 0.4779300000D+01 0.1170600000D+01 0.4190300000D+01 0.2570000000D-01 0.3110000000D-02 0.4051390000D+02 0.4319000000D-01 0.4040000000D-03 0.2690000000D-01 0.1784400000D+00 0.3242300000D+01 0.6207600000D+01 0.2487800000D+01
