 7 5   2  44  56  71  95 4.4880 2.4930 1.5162 0.7217 0.4667  9.0 31.0 27.0 17.0 22.0  112 2458483.5000 2019                                                                                                                                                                                                                                                                      
1  220181231201901092458483.4-0.6300000000D-02 0.4400000000D-03 0.5552700000D+01 0.2436100000D+00 0.5184000000D-02 0.3700000000D-02 0.5929231000D+01 0.4335100000D+01 0.2565000000D+01 0.4820100000D+01 0.1660000000D-01-0.3000000000D-04 0.9089300000D+01 0.4005800000D+00 0.8552000000D-02 0.6000000000D-02 0.4177290000D+01 0.2585200000D+01 0.7842000000D+00 0.2866400000D+01
1  320190109201901182458492.4-0.4700000000D-02-0.1000000000D-04 0.5508200000D+01 0.2421900000D+00 0.5125000000D-02 0.4000000000D-02 0.1948838000D+01 0.3570000000D+00 0.4870600000D+01 0.3139000000D+01 0.1940000000D-01-0.5500000000D-03 0.9020200000D+01 0.3954900000D+00 0.8451000000D-02 0.5800000000D-02 0.1972640000D+00 0.4888900000D+01 0.3110600000D+01 0.1131100000D+01
1  420190118201901272458501.4-0.3400000000D-02-0.2500000000D-03 0.5471400000D+01 0.2416500000D+00 0.5119000000D-02 0.3800000000D-02 0.4251142000D+01 0.2661900000D+01 0.8841000000D+00 0.1309900000D+01 0.1840000000D-01-0.2400000000D-03 0.8954200000D+01 0.3931300000D+00 0.8288000000D-02 0.5400000000D-02 0.2501195000D+01 0.9066000000D+00 0.5402000000D+01 0.5888900000D+01
1  520190127201902052458510.4-0.3600000000D-02-0.1100000000D-03 0.5440300000D+01 0.2404600000D+00 0.5203000000D-02 0.4000000000D-02 0.2690910000D+00 0.4971500000D+01 0.3203600000D+01 0.5916400000D+01 0.1390000000D-01 0.6300000000D-03 0.8885800000D+01 0.3899100000D+00 0.8179000000D-02 0.5300000000D-02 0.4805137000D+01 0.3211100000D+01 0.1425200000D+01 0.4178400000D+01
1  620190205201902142458519.4-0.5300000000D-02 0.2200000000D-03 0.5421600000D+01 0.2400900000D+00 0.5084000000D-02 0.3700000000D-02 0.2569716000D+01 0.9886000000D+00 0.5499800000D+01 0.4177300000D+01 0.1520000000D-01 0.1400000000D-03 0.8821400000D+01 0.3859600000D+00 0.8123000000D-02 0.5600000000D-02 0.8260010000D+00 0.5516900000D+01 0.3739100000D+01 0.2621400000D+01
1  720190214201902232458528.4-0.6400000000D-02 0.3500000000D-03 0.5410600000D+01 0.2400400000D+00 0.5069000000D-02 0.3300000000D-02 0.4870079000D+01 0.3292100000D+01 0.1522100000D+01 0.2449200000D+01 0.1850000000D-01-0.5800000000D-03 0.8760000000D+01 0.3828800000D+00 0.8186000000D-02 0.6000000000D-02 0.3130572000D+01 0.1542700000D+01 0.6051500000D+01 0.9491000000D+00
1  820190223201903042458537.4-0.3800000000D-02-0.2300000000D-03 0.5407100000D+01 0.2396500000D+00 0.5106000000D-02 0.3500000000D-02 0.8865660000D+00 0.5598300000D+01 0.3838500000D+01 0.7839000000D+00 0.1790000000D-01-0.2900000000D-03 0.8706000000D+01 0.3799100000D+00 0.7987000000D-02 0.5700000000D-02 0.5435478000D+01 0.3847300000D+01 0.2075700000D+01 0.5551300000D+01
1  920190304201903132458546.4-0.3000000000D-02-0.3200000000D-03 0.5414300000D+01 0.2401500000D+00 0.5127000000D-02 0.3100000000D-02 0.3186326000D+01 0.1618800000D+01 0.6141200000D+01 0.5493700000D+01 0.1560000000D-01 0.1600000000D-03 0.8659000000D+01 0.3785500000D+00 0.7961000000D-02 0.6400000000D-02 0.1458054000D+01 0.6154500000D+01 0.4368600000D+01 0.3774400000D+01
1 1020190313201903222458555.4-0.5300000000D-02 0.2100000000D-03 0.5429700000D+01 0.2400000000D+00 0.5111000000D-02 0.3400000000D-02 0.5485939000D+01 0.3922200000D+01 0.2184800000D+01 0.3849300000D+01 0.1350000000D-01 0.4400000000D-03 0.8616400000D+01 0.3758500000D+00 0.7999000000D-02 0.6100000000D-02 0.3763942000D+01 0.2182500000D+01 0.4061000000D+00 0.2052600000D+01
1 1120190322201903312458564.4-0.6000000000D-02 0.2600000000D-03 0.5453600000D+01 0.2416200000D+00 0.5154000000D-02 0.3400000000D-02 0.1502822000D+01 0.6226400000D+01 0.4473300000D+01 0.2196600000D+01 0.1590000000D-01-0.1500000000D-03 0.8585700000D+01 0.3740500000D+00 0.7792000000D-02 0.6000000000D-02 0.6070358000D+01 0.4487700000D+01 0.2709500000D+01 0.3732000000D+00
1 1220190331201904092458573.4-0.5200000000D-02 0.0000000000D+00 0.5484400000D+01 0.2431200000D+00 0.5280000000D-02 0.4000000000D-02 0.3803125000D+01 0.2250400000D+01 0.4932000000D+00 0.5617000000D+00 0.1910000000D-01-0.7300000000D-03 0.8562700000D+01 0.3719400000D+00 0.7751000000D-02 0.5500000000D-02 0.2094154000D+01 0.5139000000D+00 0.5030800000D+01 0.4808900000D+01
1 1320190409201904182458582.4-0.3500000000D-02-0.3100000000D-03 0.5524300000D+01 0.2439900000D+00 0.5218000000D-02 0.3700000000D-02 0.6103634000D+01 0.4551600000D+01 0.2811800000D+01 0.5082000000D+01 0.1580000000D-01 0.6000000000D-04 0.8546300000D+01 0.3706500000D+00 0.7712000000D-02 0.5800000000D-02 0.4401658000D+01 0.2824500000D+01 0.1062000000D+01 0.3295500000D+01
1 1420190418201904272458591.4-0.3700000000D-02-0.1900000000D-03 0.5571600000D+01 0.2462800000D+00 0.5248000000D-02 0.4200000000D-02 0.2121837000D+01 0.5715000000D+00 0.5103600000D+01 0.3370700000D+01 0.1330000000D-01 0.4900000000D-03 0.8538700000D+01 0.3706100000D+00 0.7786000000D-02 0.5000000000D-02 0.4266360000D+00 0.5137300000D+01 0.3365600000D+01 0.1562100000D+01
1 1520190427201905062458600.4-0.6700000000D-02 0.3800000000D-03 0.5623500000D+01 0.2479600000D+00 0.5299000000D-02 0.3900000000D-02 0.4423615000D+01 0.2876600000D+01 0.1133200000D+01 0.1566900000D+01 0.1490000000D-01 0.1000000000D-04 0.8541400000D+01 0.3684600000D+00 0.7739000000D-02 0.5300000000D-02 0.2734982000D+01 0.1165300000D+01 0.5707100000D+01 0.5680000000D-01
1 1620190506201905152458609.4-0.6100000000D-02 0.1500000000D-03 0.5681300000D+01 0.2502200000D+00 0.5310000000D-02 0.3800000000D-02 0.4429940000D+00 0.5180100000D+01 0.3434600000D+01 0.6233900000D+01 0.1700000000D-01-0.4000000000D-03 0.8553500000D+01 0.3700200000D+00 0.7685000000D-02 0.5300000000D-02 0.5044323000D+01 0.3475600000D+01 0.1714000000D+01 0.4586800000D+01
1 1720190515201905242458618.4-0.3700000000D-02-0.3900000000D-03 0.5743500000D+01 0.2516800000D+00 0.5426000000D-02 0.3700000000D-02 0.2746000000D+01 0.1204600000D+01 0.5757100000D+01 0.4359300000D+01 0.1770000000D-01-0.4200000000D-03 0.8572000000D+01 0.3709500000D+00 0.7816000000D-02 0.5900000000D-02 0.1070730000D+01 0.5790700000D+01 0.4024400000D+01 0.3107900000D+01
1 1820190524201906022458627.4-0.4100000000D-02-0.2200000000D-03 0.5810400000D+01 0.2541900000D+00 0.5395000000D-02 0.3700000000D-02 0.5050155000D+01 0.3507300000D+01 0.1776700000D+01 0.2905600000D+01 0.1400000000D-01 0.3700000000D-03 0.8601700000D+01 0.3706400000D+00 0.7718000000D-02 0.5700000000D-02 0.3380530000D+01 0.1817500000D+01 0.7300000000D-01 0.1248200000D+01
1 1920190602201906112458636.4-0.5600000000D-02 0.1000000000D-03 0.5878700000D+01 0.2579500000D+00 0.5494000000D-02 0.3500000000D-02 0.1072243000D+01 0.5814300000D+01 0.4059300000D+01 0.1148700000D+01 0.1270000000D-01 0.5300000000D-03 0.8638400000D+01 0.3724800000D+00 0.7772000000D-02 0.6200000000D-02 0.5690949000D+01 0.4130600000D+01 0.2379600000D+01 0.5920000000D+01
1 2020190611201906202458645.4-0.7000000000D-02 0.2900000000D-03 0.5949800000D+01 0.2591700000D+00 0.5579000000D-02 0.3600000000D-02 0.3377596000D+01 0.1839000000D+01 0.1098000000D+00 0.5949900000D+01 0.1680000000D-01-0.4000000000D-03 0.8682200000D+01 0.3734000000D+00 0.7796000000D-02 0.6300000000D-02 0.1718281000D+01 0.1602000000D+00 0.4704000000D+01 0.4095300000D+01
1 2120190620201906292458654.4-0.5700000000D-02-0.7000000000D-04 0.6023400000D+01 0.2623900000D+00 0.5540000000D-02 0.4000000000D-02 0.5684302000D+01 0.4142000000D+01 0.2402700000D+01 0.4164100000D+01 0.1760000000D-01-0.4400000000D-03 0.8732800000D+01 0.3762700000D+00 0.7829000000D-02 0.5700000000D-02 0.4029464000D+01 0.2472200000D+01 0.7226000000D+00 0.2464200000D+01
1 2220190629201907082458663.4-0.3300000000D-02-0.5400000000D-03 0.6095200000D+01 0.2651500000D+00 0.5613000000D-02 0.4200000000D-02 0.1708431000D+01 0.1665000000D+00 0.4706900000D+01 0.2684500000D+01 0.1520000000D-01 0.1800000000D-03 0.8786700000D+01 0.3777400000D+00 0.8047000000D-02 0.6100000000D-02 0.5718800000D-01 0.4789500000D+01 0.3048800000D+01 0.6513000000D+00
1 2320190708201907172458672.4-0.5500000000D-02 0.0000000000D+00 0.6166600000D+01 0.2670500000D+00 0.5653000000D-02 0.4300000000D-02 0.4016311000D+01 0.2472800000D+01 0.7418000000D+00 0.8098000000D+00 0.1340000000D-01 0.4700000000D-03 0.8850500000D+01 0.3801300000D+00 0.7949000000D-02 0.5400000000D-02 0.2368540000D+01 0.8151000000D+00 0.5362300000D+01 0.5413500000D+01
1 2420190717201907262458681.4-0.7700000000D-02 0.3800000000D-03 0.6233600000D+01 0.2701300000D+00 0.5791000000D-02 0.4400000000D-02 0.4197500000D-01 0.4782700000D+01 0.3039700000D+01 0.5451600000D+01 0.1400000000D-01 0.2200000000D-03 0.8916300000D+01 0.3846900000D+00 0.7994000000D-02 0.5600000000D-02 0.4680427000D+01 0.3126300000D+01 0.1370300000D+01 0.3721400000D+01
1 2520190726201908042458690.4-0.6500000000D-02 0.0000000000D+00 0.6298400000D+01 0.2717500000D+00 0.5787000000D-02 0.4700000000D-02 0.2351090000D+01 0.8055000000D+00 0.5356700000D+01 0.3684600000D+01 0.1790000000D-01-0.5600000000D-03 0.8983300000D+01 0.3860000000D+00 0.8142000000D-02 0.5300000000D-02 0.7083300000D+00 0.5440900000D+01 0.3704500000D+01 0.2171800000D+01
1 2620190804201908132458699.4-0.5200000000D-02-0.3000000000D-03 0.6358700000D+01 0.2748100000D+00 0.5801000000D-02 0.4100000000D-02 0.4661311000D+01 0.3110700000D+01 0.1359800000D+01 0.1992100000D+01 0.1730000000D-01-0.2400000000D-03 0.9054700000D+01 0.3895100000D+00 0.8161000000D-02 0.6300000000D-02 0.3019839000D+01 0.1467200000D+01 0.6010600000D+01 0.4971000000D+00
1 2720190813201908222458708.4-0.4700000000D-02-0.3000000000D-03 0.6408600000D+01 0.2769500000D+00 0.5953000000D-02 0.4300000000D-02 0.6884730000D+00 0.5422300000D+01 0.3664100000D+01 0.2653000000D+00 0.1290000000D-01 0.7000000000D-03 0.9124200000D+01 0.3922500000D+00 0.8228000000D-02 0.5900000000D-02 0.5331016000D+01 0.3778300000D+01 0.2045800000D+01 0.5213600000D+01
1 2820190822201908312458717.4-0.7200000000D-02 0.2100000000D-03 0.6455000000D+01 0.2780100000D+00 0.5871000000D-02 0.4000000000D-02 0.2999079000D+01 0.1442400000D+01 0.5975100000D+01 0.4943400000D+01 0.1380000000D-01 0.3100000000D-03 0.9192600000D+01 0.3951700000D+00 0.8329000000D-02 0.6500000000D-02 0.1358761000D+01 0.6088600000D+01 0.4356000000D+01 0.3420400000D+01
1 2920190831201909092458726.4-0.8800000000D-02 0.4100000000D-03 0.6491600000D+01 0.2795500000D+00 0.5859000000D-02 0.4000000000D-02 0.5310321000D+01 0.3747700000D+01 0.1994300000D+01 0.3366400000D+01 0.1660000000D-01-0.2900000000D-03 0.9254800000D+01 0.3999500000D+00 0.8582000000D-02 0.6600000000D-02 0.3669794000D+01 0.2117900000D+01 0.3656000000D+00 0.1707100000D+01
1 3020190909201909182458735.4-0.6000000000D-02-0.2800000000D-03 0.6515400000D+01 0.2801400000D+00 0.5919000000D-02 0.3900000000D-02 0.1338164000D+01 0.6056800000D+01 0.4304400000D+01 0.1713900000D+01 0.1770000000D-01-0.3500000000D-03 0.9314700000D+01 0.4016600000D+00 0.8547000000D-02 0.6800000000D-02 0.5979830000D+01 0.4424600000D+01 0.2686600000D+01 0.3360000000D-01
1 3120190918201909272458744.4-0.5100000000D-02-0.3900000000D-03 0.6529900000D+01 0.2811700000D+00 0.5967000000D-02 0.4500000000D-02 0.3649550000D+01 0.2080400000D+01 0.3160000000D+00 0.1324000000D+00 0.1590000000D-01 0.1200000000D-03 0.9369500000D+01 0.4053000000D+00 0.8574000000D-02 0.6300000000D-02 0.2006637000D+01 0.4468000000D+00 0.4977800000D+01 0.4525000000D+01
1 3220190927201910062458753.4-0.7200000000D-02 0.1400000000D-03 0.6532000000D+01 0.2804400000D+00 0.5981000000D-02 0.4400000000D-02 0.5960532000D+01 0.4388000000D+01 0.2639100000D+01 0.4734900000D+01 0.1220000000D-01 0.7500000000D-03 0.9411000000D+01 0.4085200000D+00 0.8713000000D-02 0.6200000000D-02 0.4316054000D+01 0.2755200000D+01 0.9935000000D+00 0.2869700000D+01
1 3320191006201910152458762.4-0.8600000000D-02 0.3100000000D-03 0.6523600000D+01 0.2808000000D+00 0.5952000000D-02 0.4600000000D-02 0.1988406000D+01 0.4102000000D+00 0.4928400000D+01 0.3027200000D+01 0.1500000000D-01 0.0000000000D+00 0.9446000000D+01 0.4097800000D+00 0.8660000000D-02 0.6200000000D-02 0.3413470000D+00 0.5058400000D+01 0.3302700000D+01 0.1204000000D+01
1 3420191015201910242458771.4-0.8300000000D-02 0.1400000000D-03 0.6503100000D+01 0.2814800000D+00 0.5997000000D-02 0.4800000000D-02 0.4299479000D+01 0.2717100000D+01 0.9287000000D+00 0.1251100000D+01 0.1880000000D-01-0.6800000000D-03 0.9468700000D+01 0.4105900000D+00 0.8771000000D-02 0.5500000000D-02 0.2649317000D+01 0.1081100000D+01 0.5617400000D+01 0.5953100000D+01
1 3520191024201911022458780.4-0.5800000000D-02-0.3600000000D-03 0.6472500000D+01 0.2793300000D+00 0.5904000000D-02 0.4400000000D-02 0.3262040000D+00 0.5022000000D+01 0.3252400000D+01 0.5891200000D+01 0.1600000000D-01 0.4000000000D-04 0.9478100000D+01 0.4120300000D+00 0.8758000000D-02 0.5900000000D-02 0.4956710000D+01 0.3384600000D+01 0.1631000000D+01 0.4230600000D+01
1 3620191102201911112458789.4-0.5800000000D-02-0.2500000000D-03 0.6433000000D+01 0.2783300000D+00 0.5890000000D-02 0.4400000000D-02 0.2635843000D+01 0.1044700000D+01 0.5547900000D+01 0.4083300000D+01 0.1350000000D-01 0.4900000000D-03 0.9475800000D+01 0.4138000000D+00 0.8858000000D-02 0.6100000000D-02 0.9804160000D+00 0.5688600000D+01 0.3914500000D+01 0.2713200000D+01
1 3720191111201911202458798.4-0.9300000000D-02 0.4600000000D-03 0.6385300000D+01 0.2767800000D+00 0.5810000000D-02 0.4000000000D-02 0.4944885000D+01 0.3349300000D+01 0.1569900000D+01 0.2420500000D+01 0.1360000000D-01 0.2700000000D-03 0.9459500000D+01 0.4122000000D+00 0.8947000000D-02 0.6500000000D-02 0.3286220000D+01 0.1710600000D+01 0.6237500000D+01 0.9818000000D+00
1 3820191120201911292458807.4-0.9000000000D-02 0.2600000000D-03 0.6331100000D+01 0.2748800000D+00 0.5749000000D-02 0.4300000000D-02 0.9698680000D+00 0.5654800000D+01 0.3874800000D+01 0.7947000000D+00 0.1640000000D-01-0.3100000000D-03 0.9434400000D+01 0.4128200000D+00 0.8817000000D-02 0.6300000000D-02 0.5591829000D+01 0.4010100000D+01 0.2236300000D+01 0.5568100000D+01
1 3920191129201912082458816.4-0.6600000000D-02-0.2400000000D-03 0.6271500000D+01 0.2727100000D+00 0.5868000000D-02 0.3400000000D-02 0.3277178000D+01 0.1682900000D+01 0.6189500000D+01 0.5497500000D+01 0.1820000000D-01-0.5900000000D-03 0.9397600000D+01 0.4125700000D+00 0.8797000000D-02 0.7200000000D-02 0.1613759000D+01 0.2810000000D-01 0.4524700000D+01 0.3811600000D+01
1 4020191208201912172458825.4-0.6300000000D-02-0.2300000000D-03 0.6213300000D+01 0.2707300000D+00 0.5685000000D-02 0.4100000000D-02 0.5583735000D+01 0.3984700000D+01 0.2210400000D+01 0.3793500000D+01 0.1370000000D-01 0.3700000000D-03 0.9349700000D+01 0.4094600000D+00 0.8723000000D-02 0.6200000000D-02 0.3917977000D+01 0.2330000000D+01 0.5591000000D+00 0.2077700000D+01
1 4120191217201912262458834.4-0.7400000000D-02 0.5000000000D-04 0.6154400000D+01 0.2695500000D+00 0.5668000000D-02 0.3800000000D-02 0.1606365000D+01 0.7800000000D-02 0.4500800000D+01 0.2234400000D+01 0.1170000000D-01 0.6100000000D-03 0.9292800000D+01 0.4080900000D+00 0.8770000000D-02 0.6700000000D-02 0.6222073000D+01 0.4633700000D+01 0.2848600000D+01 0.3418000000D+00
1 4220191226202001042458843.4-0.9600000000D-02 0.4400000000D-03 0.6096400000D+01 0.2670900000D+00 0.5727000000D-02 0.4400000000D-02 0.3910912000D+01 0.2317400000D+01 0.5395000000D+00 0.5395000000D+00 0.1560000000D-01-0.3300000000D-03 0.9232100000D+01 0.4044900000D+00 0.8589000000D-02 0.5900000000D-02 0.2242538000D+01 0.6503000000D+00 0.5160600000D+01 0.4860400000D+01
1 4320200104202001132458852.4-0.8200000000D-02 0.6000000000D-04 0.6045500000D+01 0.2657700000D+00 0.5586000000D-02 0.3900000000D-02 0.6214879000D+01 0.4619300000D+01 0.2837500000D+01 0.5061000000D+01 0.1670000000D-01-0.4800000000D-03 0.9165200000D+01 0.4023600000D+00 0.8494000000D-02 0.6200000000D-02 0.4546391000D+01 0.2952100000D+01 0.1169200000D+01 0.3336300000D+01
2 4420181231201901312458483.4 0.7700000000D-02 0.1000000000D-04 0.8954100000D+01 0.8640000000D-02 0.7300000000D-04 0.2800000000D-02 0.4884615000D+01 0.1974200000D+01 0.4328800000D+01 0.4675500000D+01-0.3000000000D-03-0.4000000000D-04 0.1334690000D+02 0.1223000000D-01 0.1700000000D-04 0.3400000000D-02 0.3146932000D+01 0.3225000000D+00 0.3950900000D+01 0.3545000000D+01
2 4520190131201903032458514.4 0.8300000000D-02-0.3000000000D-04 0.8754800000D+01 0.6200000000D-02 0.8500000000D-04 0.2200000000D-02 0.4750860000D+00 0.4401000000D+01 0.2380000000D+00 0.2539600000D+01 0.0000000000D+00-0.4000000000D-04 0.1299970000D+02 0.1123000000D-01 0.5700000000D-04 0.4400000000D-02 0.5023661000D+01 0.2155200000D+01 0.5520300000D+01 0.6517000000D+00
2 4620190303201904032458545.4 0.8700000000D-02-0.2000000000D-04 0.8699100000D+01 0.5640000000D-02 0.7600000000D-04 0.2800000000D-02 0.2342097000D+01 0.9064000000D+00 0.2333300000D+01 0.6201500000D+01-0.1500000000D-02 0.5000000000D-04 0.1271370000D+02 0.7520000000D-02 0.7500000000D-04 0.3900000000D-02 0.6199010000D+00 0.3963000000D+01 0.9540000000D+00 0.4487600000D+01
2 4720190403201905042458576.4 0.7500000000D-02 0.4000000000D-04 0.8796300000D+01 0.7890000000D-02 0.5700000000D-04 0.2600000000D-02 0.4207142000D+01 0.3424400000D+01 0.4471200000D+01 0.3901800000D+01-0.1300000000D-02 0.1000000000D-04 0.1255450000D+02 0.2820000000D-02 0.8400000000D-04 0.3600000000D-02 0.2502722000D+01 0.5587600000D+01 0.2674900000D+01 0.1993900000D+01
2 4820190504201906042458607.4 0.8000000000D-02 0.0000000000D+00 0.9023600000D+01 0.1031000000D-01 0.4300000000D-04 0.2800000000D-02 0.6074475000D+01 0.5621900000D+01 0.4860000000D+00 0.1125900000D+01 0.1000000000D-03-0.4000000000D-04 0.1254730000D+02 0.2490000000D-02 0.8200000000D-04 0.2600000000D-02 0.4388982000D+01 0.4922700000D+01 0.4552900000D+01 0.5810500000D+01
2 4920190604201907052458638.4 0.8700000000D-02-0.2000000000D-04 0.9342800000D+01 0.1177000000D-01 0.3400000000D-04 0.2000000000D-02 0.1663988000D+01 0.1428400000D+01 0.3091000000D+01 0.4640200000D+01-0.5000000000D-03 0.1000000000D-04 0.1268870000D+02 0.7390000000D-02 0.5100000000D-04 0.4000000000D-02 0.6277925000D+01 0.2695000000D+00 0.2831000000D+00 0.3464100000D+01
2 5020190705201908052458669.4 0.8400000000D-02 0.0000000000D+00 0.9702500000D+01 0.1156000000D-01 0.4000000000D-04 0.2700000000D-02 0.3543227000D+01 0.3510800000D+01 0.5913000000D+01 0.2797200000D+01-0.2000000000D-03 0.0000000000D+00 0.1295530000D+02 0.1101000000D-01 0.1400000000D-04 0.4000000000D-02 0.1885300000D+01 0.2144500000D+01 0.1747000000D+01 0.4337000000D+00
2 5120190805201909052458700.4 0.9300000000D-02-0.4000000000D-04 0.1003170000D+02 0.9680000000D-02 0.8200000000D-04 0.2700000000D-02 0.5429616000D+01 0.5585100000D+01 0.1919900000D+01 0.5997500000D+01 0.1000000000D-03 0.1000000000D-04 0.1329780000D+02 0.1202000000D-01 0.3400000000D-04 0.2600000000D-02 0.3776614000D+01 0.3991700000D+01 0.9064000000D+00 0.4773000000D+01
2 5220190905201910062458731.4 0.9700000000D-02-0.3000000000D-04 0.1025360000D+02 0.5700000000D-02 0.1080000000D-03 0.2300000000D-02 0.1038366000D+01 0.1630000000D+01 0.4091000000D+01 0.3728800000D+01-0.1200000000D-02 0.1000000000D-03 0.1363000000D+02 0.9900000000D-02 0.8500000000D-04 0.3500000000D-02 0.5666487000D+01 0.5863500000D+01 0.2893200000D+01 0.1839300000D+01
2 5320191006201911062458762.4 0.8400000000D-02 0.3000000000D-04 0.1029760000D+02 0.4360000000D-02 0.9700000000D-04 0.2300000000D-02 0.2933397000D+01 0.4989900000D+01 0.2130000000D-01 0.7522000000D+00-0.1100000000D-02 0.6000000000D-04 0.1385370000D+02 0.4470000000D-02 0.1180000000D-03 0.2900000000D-02 0.1270255000D+01 0.1295400000D+01 0.4721200000D+01 0.5953700000D+01
2 5420191106201912072458793.4 0.8300000000D-02 0.0000000000D+00 0.1014560000D+02 0.8520000000D-02 0.5400000000D-04 0.2000000000D-02 0.4827923000D+01 0.1373600000D+01 0.2482100000D+01 0.5185200000D+01 0.0000000000D+00 0.1000000000D-04 0.1388490000D+02 0.3530000000D-02 0.1020000000D-03 0.4500000000D-02 0.3152956000D+01 0.7598000000D+00 0.1245000000D+00 0.2818300000D+01
2 5520191207202001072458824.4 0.7700000000D-02 0.2000000000D-04 0.9859800000D+01 0.1048000000D-01 0.5400000000D-04 0.3100000000D-02 0.4339460000D+00 0.3533300000D+01 0.5613300000D+01 0.2171800000D+01-0.2000000000D-03 0.4000000000D-04 0.1370870000D+02 0.9370000000D-02 0.5200000000D-04 0.2100000000D-02 0.5031398000D+01 0.2282500000D+01 0.1973100000D+01 0.4497000000D+00
3 5620181231201901272458483.4-0.2300000000D-01-0.9000000000D-04 0.1244880000D+02 0.1194000000D-01 0.1080000000D-03 0.2340000000D-01 0.1555613000D+01 0.4831600000D+01 0.9878000000D+00 0.3687000000D+00-0.7760000000D-01-0.7400000000D-03 0.1858850000D+02 0.1650000000D-01 0.3700000000D-04 0.3430000000D-01 0.6098726000D+01 0.3219000000D+01 0.1159100000D+01 0.4900200000D+01
3 5720190127201902232458510.4-0.2940000000D-01-0.5200000000D-03 0.1219700000D+02 0.8530000000D-02 0.1230000000D-03 0.2580000000D-01 0.4787124000D+01 0.2240000000D+01 0.4555200000D+01 0.6617000000D+00-0.1006000000D+00 0.7600000000D-03 0.1816120000D+02 0.1500000000D-01 0.5500000000D-04 0.3750000000D-01 0.3048946000D+01 0.9060000000D-01 0.3751900000D+01 0.5191900000D+01
3 5820190223201903222458537.4-0.4210000000D-01 0.4300000000D-03 0.1209320000D+02 0.6260000000D-02 0.1220000000D-03 0.2280000000D-01 0.1729672000D+01 0.1100000000D-01 0.1435000000D+01 0.8941000000D+00-0.7530000000D-01 0.3700000000D-03 0.1779510000D+02 0.1135000000D-01 0.7500000000D-04 0.3250000000D-01 0.1325000000D-02 0.3236900000D+01 0.8640000000D-01 0.5437500000D+01
3 5920190322201904182458564.4-0.2590000000D-01 0.6000000000D-04 0.1215500000D+02 0.9180000000D-02 0.9500000000D-04 0.2220000000D-01 0.4952297000D+01 0.3976700000D+01 0.4991700000D+01 0.8932000000D+00-0.6720000000D-01-0.9600000000D-03 0.1754750000D+02 0.6360000000D-02 0.1060000000D-03 0.3110000000D-01 0.3238383000D+01 0.1542000000D+00 0.3502000000D+01 0.5450900000D+01
3 6020190418201905152458591.4-0.2750000000D-01-0.6300000000D-03 0.1236440000D+02 0.1279000000D-01 0.7200000000D-04 0.2600000000D-01 0.1891163000D+01 0.1278700000D+01 0.2398900000D+01 0.1146300000D+01-0.9480000000D-01 0.2500000000D-03 0.1745650000D+02 0.1920000000D-02 0.1370000000D-03 0.3640000000D-01 0.1938770000D+00 0.2362900000D+01 0.1441000000D+00 0.5720500000D+01
3 6120190515201906112458618.4-0.4720000000D-01 0.3500000000D-03 0.1269250000D+02 0.1558000000D-01 0.3700000000D-04 0.2440000000D-01 0.5115597000D+01 0.4732900000D+01 0.5831300000D+01 0.1430500000D+01-0.8130000000D-01 0.5500000000D-03 0.1752610000D+02 0.5310000000D-02 0.1230000000D-03 0.3400000000D-01 0.3434287000D+01 0.3825900000D+01 0.3349000000D+01 0.6013600000D+01
3 6220190611201907082458645.4-0.3450000000D-01 0.3600000000D-03 0.1310360000D+02 0.1688000000D-01 0.5500000000D-04 0.2310000000D-01 0.2060230000D+01 0.1779900000D+01 0.3651100000D+01 0.1466100000D+01-0.6580000000D-01-0.9300000000D-03 0.1774230000D+02 0.1130000000D-01 0.6700000000D-04 0.3170000000D-01 0.3921870000D+00 0.5001000000D+00 0.7605000000D+00 0.6058400000D+01
3 6320190708201908042458672.4-0.2880000000D-01-0.6600000000D-03 0.1353790000D+02 0.1631000000D-01 0.5900000000D-04 0.2830000000D-01 0.5292009000D+01 0.5209900000D+01 0.1634700000D+01 0.1664200000D+01-0.9700000000D-01-0.2000000000D-04 0.1808980000D+02 0.1501000000D-01 0.2300000000D-04 0.3810000000D-01 0.3633236000D+01 0.3740900000D+01 0.4334800000D+01 0.6270000000D+01
3 6420190804201908312458699.4-0.5060000000D-01 0.1500000000D-03 0.1393750000D+02 0.1356000000D-01 0.1100000000D-03 0.2820000000D-01 0.2246091000D+01 0.2322300000D+01 0.5169500000D+01 0.1985800000D+01-0.9560000000D-01 0.9100000000D-03 0.1850480000D+02 0.1651000000D-01 0.4600000000D-04 0.3790000000D-01 0.5914600000D+00 0.6687000000D+00 0.3518500000D+01 0.3043000000D+00
3 6520190831201909272458726.4-0.4100000000D-01 0.5300000000D-03 0.1422570000D+02 0.8000000000D-02 0.1330000000D-03 0.2480000000D-01 0.5487592000D+01 0.5860900000D+01 0.2188700000D+01 0.2072500000D+01-0.7170000000D-01-0.6700000000D-03 0.1891810000D+02 0.1451000000D-01 0.1150000000D-03 0.3380000000D-01 0.3831642000D+01 0.3917500000D+01 0.1031100000D+01 0.3936000000D+00
3 6620190927201910242458753.4-0.2570000000D-01-0.6200000000D-03 0.1433160000D+02 0.4050000000D-02 0.1420000000D-03 0.2870000000D-01 0.2449217000D+01 0.4062100000D+01 0.5503300000D+01 0.2200300000D+01-0.9750000000D-01-0.3700000000D-03 0.1923170000D+02 0.8360000000D-02 0.1460000000D-03 0.3950000000D-01 0.7868930000D+00 0.8774000000D+00 0.4349400000D+01 0.5527000000D+00
3 6720191024201911202458780.4-0.4520000000D-01-0.9000000000D-04 0.1422700000D+02 0.9350000000D-02 0.8400000000D-04 0.2870000000D-01 0.5695799000D+01 0.2098400000D+01 0.2732400000D+01 0.2533000000D+01-0.1051000000D+00 0.9800000000D-03 0.1935620000D+02 0.1650000000D-02 0.1690000000D-03 0.4010000000D-01 0.4024121000D+01 0.3044000000D+01 0.1125400000D+01 0.8629000000D+00
3 6820191120201912172458807.4-0.4260000000D-01 0.7000000000D-03 0.1393980000D+02 0.1340000000D-01 0.5300000000D-04 0.2380000000D-01 0.2658007000D+01 0.5603200000D+01 0.6324000000D+00 0.2694500000D+01-0.7330000000D-01-0.4300000000D-03 0.1926110000D+02 0.8910000000D-02 0.1070000000D-03 0.3330000000D-01 0.9758320000D+00 0.4554200000D+01 0.4136400000D+01 0.9992000000D+00
3 6920191217202001132458834.4-0.2280000000D-01-0.2800000000D-03 0.1356610000D+02 0.1374000000D-01 0.5500000000D-04 0.2540000000D-01 0.5898974000D+01 0.2765600000D+01 0.4962200000D+01 0.2757200000D+01-0.8770000000D-01-0.7000000000D-03 0.1896750000D+02 0.1523000000D-01 0.5900000000D-04 0.3710000000D-01 0.4208960000D+01 0.1405700000D+01 0.3450000000D-01 0.1097200000D+01
3 7020200113202002092458861.4-0.3700000000D-01-0.2500000000D-03 0.1322180000D+02 0.1125000000D-01 0.1130000000D-03 0.2710000000D-01 0.2851306000D+01 0.6188800000D+01 0.2211000000D+01 0.3068100000D+01-0.1044000000D+00 0.9200000000D-03 0.1855980000D+02 0.1681000000D-01 0.4000000000D-04 0.3820000000D-01 0.1158480000D+01 0.4518800000D+01 0.1913400000D+01 0.1388800000D+01
4 7120181231201901172458483.2 0.3810000000D-01-0.1860000000D-02 0.2045630000D+02 0.1528000000D-01 0.2760000000D-03 0.2080000000D-01 0.3760050000D+00 0.3326300000D+01 0.4685200000D+01 0.1049700000D+01 0.9080000000D-01-0.7300000000D-03 0.3049160000D+02 0.2645000000D-01 0.1770000000D-03 0.3270000000D-01 0.4920287000D+01 0.1648800000D+01 0.3573500000D+01 0.5569400000D+01
4 7220190117201902032458500.2 0.1140000000D-01 0.6500000000D-03 0.2018640000D+02 0.1560000000D-01 0.2670000000D-03 0.1220000000D-01 0.7712300000D-01 0.3305000000D+01 0.5829600000D+01 0.5330000000D+00 0.4910000000D-01-0.9000000000D-04 0.3005070000D+02 0.2543000000D-01 0.7400000000D-04 0.1750000000D-01 0.4622293000D+01 0.1422900000D+01 0.3576100000D+01 0.5049100000D+01
4 7320190203201902202458517.2 0.1170000000D-01-0.1810000000D-02 0.1998620000D+02 0.1512000000D-01 0.3400000000D-03 0.1310000000D-01 0.6060804000D+01 0.3966000000D+01 0.1139100000D+01 0.5580000000D+01 0.5590000000D-01 0.2000000000D-04 0.2962540000D+02 0.2533000000D-01 0.7240000000D-03 0.1870000000D-01 0.4326459000D+01 0.1688700000D+01 0.5936200000D+01 0.3873200000D+01
4 7420190220201903092458534.2 0.5300000000D-02-0.1250000000D-02 0.1987680000D+02 0.5400000000D-03 0.5090000000D-03 0.1250000000D-01 0.5755447000D+01 0.5746200000D+01 0.4280900000D+01 0.4962600000D+01 0.3140000000D-01 0.2680000000D-02 0.2923730000D+02 0.1821000000D-01 0.4550000000D-03 0.1820000000D-01 0.4027762000D+01 0.3894000000D+00 0.2343300000D+01 0.3273800000D+01
4 7520190309201903262458551.2-0.2600000000D-01 0.2100000000D-03 0.1990500000D+02 0.1066000000D-01 0.1790000000D-03 0.1920000000D-01 0.5451831000D+01 0.4243500000D+01 0.5783600000D+01 0.4101800000D+01 0.8470000000D-01-0.7900000000D-03 0.2895730000D+02 0.1677000000D-01 0.2560000000D-03 0.2820000000D-01 0.3731708000D+01 0.3822000000D+00 0.3832800000D+01 0.2374000000D+01
4 7620190326201904122458568.2-0.7300000000D-02-0.3100000000D-03 0.2001520000D+02 0.1545000000D-01 0.1550000000D-03 0.2530000000D-01 0.5146078000D+01 0.4346800000D+01 0.5938600000D+01 0.3847400000D+01 0.7850000000D-01 0.3280000000D-02 0.2873760000D+02 0.6410000000D-02 0.4750000000D-03 0.3460000000D-01 0.3436933000D+01 0.1025500000D+01 0.5312700000D+01 0.2118600000D+01
4 7720190412201904292458585.2-0.1890000000D-01 0.1660000000D-02 0.2022430000D+02 0.1739000000D-01 0.5030000000D-03 0.2390000000D-01 0.4839973000D+01 0.4652900000D+01 0.3395500000D+01 0.3250400000D+01 0.1152000000D+00-0.1320000000D-02 0.2865150000D+02 0.1063000000D-01 0.5320000000D-03 0.3260000000D-01 0.3140689000D+01 0.5253600000D+01 0.2266100000D+01 0.1567600000D+01
4 7820190429201905162458602.2 0.1740000000D-01-0.1200000000D-03 0.2052780000D+02 0.2242000000D-01 0.1570000000D-03 0.2750000000D-01 0.4534849000D+01 0.4035000000D+01 0.5455100000D+01 0.2924500000D+01 0.1143000000D+00-0.4400000000D-03 0.2865240000D+02 0.2910000000D-02 0.2770000000D-03 0.3760000000D-01 0.2845731000D+01 0.3539200000D+01 0.3485200000D+01 0.1231300000D+01
4 7920190516201906022458619.2 0.2160000000D-01 0.1090000000D-02 0.2089500000D+02 0.2449000000D-01 0.1590000000D-03 0.1990000000D-01 0.4229347000D+01 0.3832400000D+01 0.5264700000D+01 0.2626000000D+01 0.6890000000D-01 0.3200000000D-03 0.2874530000D+02 0.1422000000D-01 0.1990000000D-03 0.2790000000D-01 0.2549259000D+01 0.3172500000D+01 0.1338400000D+01 0.9516000000D+00
4 8020190602201906192458636.2 0.4340000000D-01-0.2870000000D-02 0.2132250000D+02 0.2098000000D-01 0.4160000000D-03 0.1830000000D-01 0.3925627000D+01 0.3705900000D+01 0.3400000000D+01 0.1826400000D+01 0.9560000000D-01-0.3460000000D-02 0.2897700000D+02 0.1258000000D-01 0.2820000000D-03 0.2440000000D-01 0.2255822000D+01 0.2311200000D+01 0.2218900000D+01 0.8440000000D-01
4 8120190619201907062458653.2 0.1730000000D-01-0.1000000000D-04 0.2175100000D+02 0.2763000000D-01 0.2090000000D-03 0.1290000000D-01 0.3623233000D+01 0.3369800000D+01 0.5306200000D+01 0.1345800000D+01 0.3870000000D-01 0.8400000000D-03 0.2926300000D+02 0.1950000000D-01 0.1730000000D-03 0.1660000000D-01 0.1959307000D+01 0.2128300000D+01 0.2530500000D+01 0.5974400000D+01
4 8220190706201907232458670.2-0.1200000000D-01-0.9000000000D-04 0.2220080000D+02 0.2624000000D-01 0.7800000000D-04 0.1400000000D-01 0.3321333000D+01 0.3325000000D+01 0.1323500000D+01 0.6217900000D+01 0.5750000000D-01-0.4200000000D-03 0.2962880000D+02 0.2458000000D-01 0.1470000000D-03 0.1820000000D-01 0.1663076000D+01 0.1940200000D+01 0.5654000000D+00 0.4559900000D+01
4 8320190723201908092458687.2 0.1150000000D-01-0.2760000000D-02 0.2265900000D+02 0.1896000000D-01 0.4460000000D-03 0.2010000000D-01 0.3024279000D+01 0.2643100000D+01 0.3945400000D+01 0.5800400000D+01 0.5470000000D-01 0.3050000000D-02 0.3005520000D+02 0.2645000000D-01 0.3500000000D-03 0.2840000000D-01 0.1369575000D+01 0.1130300000D+01 0.2977400000D+01 0.4188900000D+01
4 8420190809201908262458704.2-0.3480000000D-01 0.1650000000D-02 0.2300310000D+02 0.2354000000D-01 0.3020000000D-03 0.2200000000D-01 0.2725314000D+01 0.2993200000D+01 0.1026000000D+00 0.5071000000D+01 0.9260000000D-01-0.7300000000D-03 0.3048490000D+02 0.2761000000D-01 0.2110000000D-03 0.3010000000D-01 0.1072284000D+01 0.1152300000D+01 0.3610400000D+01 0.3378900000D+01
4 8520190826201909122458721.2-0.1500000000D-02-0.5800000000D-03 0.2331330000D+02 0.1574000000D-01 0.2030000000D-03 0.3100000000D-01 0.2430099000D+01 0.2830600000D+01 0.5601000000D+01 0.4737700000D+01 0.1167000000D+00 0.5200000000D-03 0.3091310000D+02 0.2473000000D-01 0.1950000000D-03 0.4040000000D-01 0.7756300000D+00 0.1019700000D+01 0.5009800000D+01 0.3094700000D+01
4 8620190912201909292458738.2 0.4000000000D-03 0.1610000000D-02 0.2351050000D+02 0.8530000000D-02 0.6940000000D-03 0.2700000000D-01 0.2138718000D+01 0.1465000000D+01 0.4098000000D+01 0.4396900000D+01 0.1075000000D+00 0.1100000000D-03 0.3128960000D+02 0.2233000000D-01 0.5880000000D-03 0.3570000000D-01 0.4810920000D+00 0.4020000000D-01 0.2450100000D+01 0.2764800000D+01
4 8720190929201910162458755.2 0.1470000000D-01 0.3400000000D-03 0.2355110000D+02 0.1467000000D-01 0.4450000000D-03 0.2810000000D-01 0.1843682000D+01 0.3438100000D+01 0.5926900000D+01 0.3817900000D+01 0.1427000000D+00-0.3590000000D-02 0.3153970000D+02 0.2324000000D-01 0.8620000000D-03 0.3770000000D-01 0.1824230000D+00 0.5915000000D+00 0.4080700000D+01 0.2184300000D+01
4 8820191016201911022458772.2 0.3380000000D-01 0.1800000000D-03 0.2346790000D+02 0.1248000000D-01 0.2490000000D-03 0.2230000000D-01 0.1552644000D+01 0.3873400000D+01 0.4828500000D+01 0.3584700000D+01 0.7030000000D-01 0.9100000000D-03 0.3173900000D+02 0.3030000000D-02 0.1340000000D-03 0.3030000000D-01 0.6168408000D+01 0.6009200000D+01 0.2953900000D+01 0.1916700000D+01
4 8920191102201911192458789.2 0.2320000000D-01-0.1140000000D-02 0.2325540000D+02 0.1583000000D-01 0.4790000000D-03 0.1410000000D-01 0.1262019000D+01 0.4366100000D+01 0.3284600000D+01 0.2667500000D+01 0.8340000000D-01-0.3470000000D-02 0.3173020000D+02 0.9450000000D-02 0.7060000000D-03 0.1850000000D-01 0.5871136000D+01 0.4479600000D+01 0.2167300000D+01 0.1024400000D+01
4 9020191119201912062458806.2 0.2360000000D-01-0.1740000000D-02 0.2293060000D+02 0.2522000000D-01 0.6060000000D-03 0.1440000000D-01 0.9686300000D+00 0.3472700000D+01 0.5582600000D+01 0.2042400000D+01 0.4770000000D-01 0.7400000000D-03 0.3159800000D+02 0.1142000000D-01 0.7540000000D-03 0.1910000000D-01 0.5571353000D+01 0.1773100000D+01 0.3480500000D+01 0.3946000000D+00
4 9120191206201912232458823.2-0.2040000000D-01 0.4600000000D-03 0.2256150000D+02 0.2430000000D-01 0.5100000000D-04 0.1410000000D-01 0.6762180000D+00 0.3629100000D+01 0.4615000000D+00 0.8237000000D+00 0.5270000000D-01 0.1800000000D-03 0.3134510000D+02 0.1985000000D-01 0.2110000000D-03 0.1890000000D-01 0.5273289000D+01 0.2327700000D+01 0.1344800000D+01 0.5451000000D+01
4 9220191223202001092458840.2-0.1000000000D-01-0.1600000000D-02 0.2216330000D+02 0.2005000000D-01 0.1340000000D-03 0.2380000000D-01 0.3817020000D+00 0.3552200000D+01 0.2605400000D+01 0.3877000000D+00 0.9300000000D-01 0.5400000000D-03 0.3097850000D+02 0.2545000000D-01 0.1200000000D-04 0.3480000000D-01 0.4973717000D+01 0.1811400000D+01 0.4881800000D+01 0.4964100000D+01
4 9320200109202001262458857.2-0.3980000000D-01 0.3180000000D-02 0.2183400000D+02 0.2477000000D-01 0.5190000000D-03 0.2250000000D-01 0.8491600000D-01 0.3198000000D+01 0.5875900000D+01 0.6240000000D+01 0.8990000000D-01 0.8600000000D-03 0.3054640000D+02 0.2748000000D-01 0.6070000000D-03 0.3050000000D-01 0.4675975000D+01 0.1296600000D+01 0.3272500000D+01 0.4491800000D+01
4 9420200126202002122458874.2-0.6800000000D-02 0.1100000000D-03 0.2152930000D+02 0.1591000000D-01 0.2150000000D-03 0.2820000000D-01 0.6068955000D+01 0.3242000000D+01 0.1204000000D+00 0.5710700000D+01 0.1243000000D+00-0.7800000000D-03 0.3010820000D+02 0.2669000000D-01 0.2020000000D-03 0.3920000000D-01 0.4378213000D+01 0.1297500000D+01 0.5399200000D+01 0.4035500000D+01
5 9520181231201901222458483.4 0.1760000000D-01 0.3500000000D-03 0.2730550000D+02 0.2596000000D-01 0.2320000000D-03 0.1000000000D-01 0.3999626000D+01 0.1006300000D+01 0.4590700000D+01 0.2216200000D+01 0.6400000000D-01-0.2190000000D-02 0.4080860000D+02 0.3994000000D-01 0.1009000000D-02 0.1730000000D-01 0.2264362000D+01 0.6024700000D+01 0.4102100000D+01 0.2580000000D+00
5 9620190122201902132458505.4 0.2300000000D-02 0.3480000000D-02 0.2685920000D+02 0.2563000000D-01 0.6180000000D-03 0.2110000000D-01 0.1697920000D+01 0.5015900000D+01 0.1641200000D+01 0.3828900000D+01 0.4680000000D-01 0.2080000000D-02 0.4007480000D+02 0.4297000000D-01 0.6450000000D-03 0.3170000000D-01 0.6246611000D+01 0.3326900000D+01 0.8765000000D+00 0.2189500000D+01
5 9720190213201903072458527.4 0.7820000000D-01-0.7400000000D-03 0.2656650000D+02 0.9890000000D-02 0.4360000000D-03 0.2900000000D-01 0.5676569000D+01 0.3199100000D+01 0.5086600000D+01 0.5917600000D+01 0.8530000000D-01-0.1690000000D-02 0.3934760000D+02 0.3257000000D-01 0.2980000000D-03 0.4140000000D-01 0.3947577000D+01 0.8088000000D+00 0.4193100000D+01 0.4180900000D+01
5 9820190307201903292458549.4 0.9090000000D-01 0.4000000000D-04 0.2654450000D+02 0.1435000000D-01 0.2110000000D-03 0.2940000000D-01 0.3369509000D+01 0.2134100000D+01 0.3200200000D+01 0.1715700000D+01 0.3590000000D-01-0.1530000000D-02 0.3876560000D+02 0.1858000000D-01 0.1070000000D-03 0.4370000000D-01 0.1650177000D+01 0.4724200000D+01 0.1581900000D+01 0.1270000000D-01
5 9920190329201904202458571.4 0.8440000000D-01-0.6100000000D-03 0.2675180000D+02 0.2211000000D-01 0.1730000000D-03 0.2370000000D-01 0.1059867000D+01 0.2466000000D+00 0.1215000000D+01 0.3795600000D+01-0.1790000000D-01-0.3400000000D-03 0.3841450000D+02 0.9450000000D-02 0.1770000000D-03 0.3330000000D-01 0.5636314000D+01 0.2328200000D+01 0.5749100000D+01 0.2111000000D+01
510020190420201905122458593.4 0.5040000000D-01-0.7800000000D-03 0.2717180000D+02 0.2783000000D-01 0.1780000000D-03 0.1190000000D-01 0.5032596000D+01 0.4439600000D+01 0.5247100000D+01 0.5699200000D+01 0.4300000000D-02-0.2050000000D-02 0.3834680000D+02 0.8560000000D-02 0.5880000000D-03 0.1750000000D-01 0.3339211000D+01 0.1729000000D+00 0.3644100000D+01 0.4012100000D+01
510120190512201906032458615.4 0.2590000000D-01 0.1000000000D-04 0.2776770000D+02 0.2782000000D-01 0.3400000000D-03 0.7500000000D-02 0.2721152000D+01 0.2485800000D+01 0.2018500000D+01 0.6187500000D+01-0.4350000000D-01 0.5660000000D-02 0.3847140000D+02 0.1332000000D-01 0.9020000000D-03 0.8100000000D-02 0.1040671000D+01 0.2828700000D+01 0.7231000000D+00 0.4361700000D+01
510220190603201906252458637.4 0.5720000000D-01-0.2040000000D-02 0.2841910000D+02 0.4443000000D-01 0.5800000000D-03 0.1690000000D-01 0.4129250000D+00 0.4158000000D+00 0.4516400000D+01 0.1258900000D+01 0.6450000000D-01-0.1500000000D-03 0.3876240000D+02 0.2583000000D-01 0.6690000000D-03 0.2700000000D-01 0.5026166000D+01 0.5842900000D+01 0.4030800000D+01 0.5924000000D+01
510320190625201907172458659.4-0.1050000000D-01 0.6940000000D-02 0.2917720000D+02 0.5378000000D-01 0.8330000000D-03 0.2970000000D-01 0.4392285000D+01 0.4200400000D+01 0.1137100000D+01 0.3187500000D+01 0.6790000000D-01-0.1300000000D-03 0.3926580000D+02 0.3811000000D-01 0.2920000000D-03 0.3620000000D-01 0.2730709000D+01 0.2878900000D+01 0.6141500000D+01 0.1620700000D+01
510420190717201908082458681.4 0.1277000000D+00-0.3080000000D-02 0.3000690000D+02 0.4549000000D-01 0.9560000000D-03 0.3440000000D-01 0.2090431000D+01 0.1633300000D+01 0.4301800000D+01 0.5289400000D+01 0.6320000000D-01-0.8100000000D-03 0.4000100000D+02 0.3197000000D-01 0.5040000000D-03 0.4450000000D-01 0.4339770000D+00 0.2437000000D+00 0.1821800000D+01 0.3565300000D+01
510520190808201908302458703.4 0.9030000000D-01 0.9900000000D-03 0.3072510000D+02 0.2407000000D-01 0.5510000000D-03 0.3260000000D-01 0.6071808000D+01 0.5705700000D+01 0.1454400000D+01 0.1028000000D+01 0.5920000000D-01-0.5000000000D-02 0.4079590000D+02 0.2335000000D-01 0.5920000000D-03 0.4430000000D-01 0.4418718000D+01 0.4231100000D+01 0.5070700000D+01 0.5661700000D+01
510620190830201909212458725.4 0.1021000000D+00-0.2000000000D-02 0.3121600000D+02 0.1331000000D-01 0.2220000000D-03 0.2450000000D-01 0.3773797000D+01 0.3920200000D+01 0.6044100000D+01 0.3077000000D+01-0.5270000000D-01 0.2640000000D-02 0.4149300000D+02 0.2552000000D-01 0.2100000000D-03 0.3310000000D-01 0.2119680000D+01 0.2269600000D+01 0.1406700000D+01 0.1413600000D+01
510720190921201910132458747.4 0.4340000000D-01-0.4000000000D-03 0.3143280000D+02 0.8740000000D-02 0.3140000000D-03 0.1030000000D-01 0.1479095000D+01 0.2610300000D+01 0.4580000000D+01 0.4802600000D+01-0.1220000000D-01-0.5000000000D-04 0.4205740000D+02 0.2513000000D-01 0.4330000000D-03 0.1430000000D-01 0.6104519000D+01 0.6119000000D+01 0.3364100000D+01 0.3245300000D+01
510820191013201911042458769.4 0.2450000000D-01-0.3000000000D-04 0.3135710000D+02 0.1389000000D-01 0.3080000000D-03 0.1140000000D-01 0.5469976000D+01 0.1557400000D+01 0.2407400000D+01 0.5108900000D+01 0.1720000000D-01 0.2070000000D-02 0.4240020000D+02 0.1425000000D-01 0.5390000000D-03 0.1560000000D-01 0.3805386000D+01 0.3536000000D+01 0.7449000000D+00 0.3344300000D+01
510920191104201911262458791.4 0.5530000000D-01-0.6800000000D-03 0.3101750000D+02 0.2755000000D-01 0.1210000000D-03 0.2480000000D-01 0.3178728000D+01 0.6097400000D+01 0.5059800000D+01 0.5812000000D+00 0.7110000000D-01 0.9700000000D-03 0.4244830000D+02 0.7090000000D-02 0.3000000000D-03 0.3500000000D-01 0.1504950000D+01 0.5035500000D+01 0.4879500000D+01 0.5243900000D+01
511020191126201912182458813.4 0.3990000000D-01 0.3810000000D-02 0.3044510000D+02 0.4145000000D-01 0.4560000000D-03 0.3380000000D-01 0.8847850000D+00 0.3724800000D+01 0.4223000000D+00 0.2663200000D+01 0.8790000000D-01-0.1840000000D-02 0.4217770000D+02 0.2638000000D-01 0.2960000000D-03 0.4400000000D-01 0.5486764000D+01 0.2231100000D+01 0.4067700000D+01 0.9835000000D+00
511120191218202001092458835.4 0.1150000000D+00-0.1410000000D-02 0.2974990000D+02 0.3837000000D-01 0.6170000000D-03 0.3200000000D-01 0.4872206000D+01 0.1338100000D+01 0.3883600000D+01 0.4769300000D+01 0.2440000000D-01 0.3600000000D-03 0.4155660000D+02 0.3042000000D-01 0.7560000000D-03 0.4640000000D-01 0.3185007000D+01 0.5860000000D+01 0.1414900000D+01 0.3023900000D+01
511220200109202001312458857.4 0.8380000000D-01-0.2500000000D-03 0.2907590000D+02 0.2095000000D-01 0.4170000000D-03 0.2600000000D-01 0.2574891000D+01 0.5390700000D+01 0.9454000000D+00 0.4505000000D+00 0.6260000000D-01-0.6800000000D-02 0.4078690000D+02 0.1759000000D-01 0.8240000000D-03 0.3740000000D-01 0.8858080000D+00 0.3854200000D+01 0.4409700000D+01 0.5081000000D+01
