 7 5   2  44  56  71  95 4.4880 2.4930 1.5162 0.7217 0.4667  9.0 31.0 27.0 17.0 22.0  112 2451909.5000 2001                                                                                                                                                                                                                                                                      
1  220001231200101092451909.4-0.1300000000D-02-0.2500000000D-03 0.4755900000D+01 0.2102400000D+00 0.4480000000D-02 0.2900000000D-02 0.2420604000D+01 0.8071000000D+00 0.5302500000D+01 0.1613700000D+01 0.1370000000D-01 0.5000000000D-03 0.8597100000D+01 0.3756500000D+00 0.7932000000D-02 0.5600000000D-02 0.4149287000D+01 0.2564400000D+01 0.7741000000D+00 0.3159700000D+01
1  320010109200101182451918.4-0.1200000000D-02-0.1700000000D-03 0.4682900000D+01 0.2074900000D+00 0.4436000000D-02 0.3200000000D-02 0.4720818000D+01 0.3107900000D+01 0.1305300000D+01 0.6226300000D+01 0.1650000000D-01-0.1900000000D-03 0.8559700000D+01 0.3721500000D+00 0.7723000000D-02 0.5100000000D-02 0.1725310000D+00 0.4870400000D+01 0.3096300000D+01 0.1533500000D+01
1  420010118200101272451927.4-0.2200000000D-02 0.1000000000D-03 0.4610800000D+01 0.2048000000D+00 0.4422000000D-02 0.3400000000D-02 0.7379270000D+00 0.5410400000D+01 0.3597300000D+01 0.4444200000D+01 0.1950000000D-01-0.6900000000D-03 0.8529200000D+01 0.3697300000D+00 0.7720000000D-02 0.4800000000D-02 0.2479833000D+01 0.8981000000D+00 0.5418200000D+01 0.6224400000D+01
1  520010127200102052451936.4-0.3200000000D-02 0.2500000000D-03 0.4541800000D+01 0.2009400000D+00 0.4286000000D-02 0.3200000000D-02 0.3037806000D+01 0.1427100000D+01 0.5915400000D+01 0.2816100000D+01 0.1630000000D-01 0.1100000000D-03 0.8506100000D+01 0.3683700000D+00 0.7653000000D-02 0.5000000000D-02 0.4787782000D+01 0.3209000000D+01 0.1444100000D+01 0.4498300000D+01
1  620010205200102142451945.4-0.2600000000D-02 0.7000000000D-04 0.4477500000D+01 0.1984300000D+00 0.4205000000D-02 0.3100000000D-02 0.5338401000D+01 0.3727600000D+01 0.1919200000D+01 0.9801000000D+00 0.1410000000D-01 0.4500000000D-03 0.8493100000D+01 0.3677500000D+00 0.7667000000D-02 0.5300000000D-02 0.8133610000D+00 0.5520900000D+01 0.3750200000D+01 0.2939700000D+01
1  720010214200102232451954.4-0.5000000000D-03-0.3000000000D-03 0.4415900000D+01 0.1955800000D+00 0.4134000000D-02 0.2800000000D-02 0.1356012000D+01 0.6031000000D+01 0.4224500000D+01 0.5594100000D+01 0.1540000000D-01 0.6000000000D-04 0.8487600000D+01 0.3657600000D+00 0.7742000000D-02 0.5800000000D-02 0.3122473000D+01 0.1553000000D+01 0.6088100000D+01 0.1224000000D+01
1  820010223200103042451963.4-0.1400000000D-02-0.3000000000D-04 0.4360000000D+01 0.1924800000D+00 0.4036000000D-02 0.2800000000D-02 0.3657041000D+01 0.2050800000D+01 0.2530000000D+00 0.3924700000D+01 0.1780000000D-01-0.3900000000D-03 0.8494600000D+01 0.3666000000D+00 0.7609000000D-02 0.5600000000D-02 0.5432512000D+01 0.3862700000D+01 0.2098400000D+01 0.5842200000D+01
1  920010304200103132451972.4-0.3300000000D-02 0.3400000000D-03 0.4309700000D+01 0.1895200000D+00 0.4025000000D-02 0.2300000000D-02 0.5958671000D+01 0.4358300000D+01 0.2574100000D+01 0.2240200000D+01 0.1880000000D-01-0.4400000000D-03 0.8509500000D+01 0.3671600000D+00 0.7637000000D-02 0.6600000000D-02 0.1459964000D+01 0.6176200000D+01 0.4409800000D+01 0.4049100000D+01
1 1020010313200103222451981.4-0.2500000000D-02 0.9000000000D-04 0.4266200000D+01 0.1873100000D+00 0.3910000000D-02 0.2600000000D-02 0.1978046000D+01 0.3792000000D+00 0.4879300000D+01 0.6105000000D+00 0.1470000000D-01 0.4200000000D-03 0.8532100000D+01 0.3667600000D+00 0.7634000000D-02 0.5700000000D-02 0.3770808000D+01 0.2207000000D+01 0.4582000000D+00 0.2442000000D+01
1 1120010322200103312451990.4-0.1300000000D-02-0.1400000000D-03 0.4229100000D+01 0.1858500000D+00 0.3896000000D-02 0.2400000000D-02 0.4281642000D+01 0.2688000000D+01 0.8914000000D+00 0.5294300000D+01 0.1380000000D-01 0.5000000000D-03 0.8564400000D+01 0.3683500000D+00 0.7670000000D-02 0.6000000000D-02 0.6082320000D+01 0.4521000000D+01 0.2764600000D+01 0.6587000000D+00
1 1220010331200104092451999.4-0.9000000000D-03-0.1400000000D-03 0.4199300000D+01 0.1833900000D+00 0.3895000000D-02 0.2800000000D-02 0.3025210000D+00 0.4999800000D+01 0.3227700000D+01 0.3674600000D+01 0.1790000000D-01-0.3900000000D-03 0.8604600000D+01 0.3685200000D+00 0.7639000000D-02 0.5100000000D-02 0.2110836000D+01 0.5509000000D+00 0.5100400000D+01 0.5285700000D+01
1 1320010409200104182452008.4-0.2100000000D-02 0.1300000000D-03 0.4178800000D+01 0.1823900000D+00 0.3775000000D-02 0.2600000000D-02 0.2607996000D+01 0.1022800000D+01 0.5525300000D+01 0.1901400000D+01 0.1860000000D-01-0.3900000000D-03 0.8651100000D+01 0.3712700000D+00 0.7687000000D-02 0.5500000000D-02 0.4423174000D+01 0.2865000000D+01 0.1118700000D+01 0.3670600000D+01
1 1420010418200104272452017.4-0.3300000000D-02 0.3300000000D-03 0.4165500000D+01 0.1812600000D+00 0.3759000000D-02 0.3200000000D-02 0.4914457000D+01 0.3335100000D+01 0.1559200000D+01 0.2850000000D+00 0.1660000000D-01 0.1300000000D-03 0.8701900000D+01 0.3735500000D+00 0.7930000000D-02 0.4500000000D-02 0.4522450000D+00 0.5183800000D+01 0.3434600000D+01 0.2053300000D+01
1 1520010427200105062452026.4-0.1500000000D-02-0.8000000000D-04 0.4160300000D+01 0.1800800000D+00 0.3731000000D-02 0.2700000000D-02 0.9387810000D+00 0.5648000000D+01 0.3888900000D+01 0.4798100000D+01 0.1450000000D-01 0.5000000000D-03 0.8762400000D+01 0.3750800000D+00 0.7819000000D-02 0.5600000000D-02 0.2764567000D+01 0.1210600000D+01 0.5763300000D+01 0.4073000000D+00
1 1620010506200105152452035.4-0.4000000000D-03-0.2500000000D-03 0.4162800000D+01 0.1800900000D+00 0.3747000000D-02 0.3000000000D-02 0.3247760000D+01 0.1680300000D+01 0.6196200000D+01 0.3127500000D+01 0.1540000000D-01 0.2300000000D-03 0.8826200000D+01 0.3792500000D+00 0.7875000000D-02 0.5400000000D-02 0.5077291000D+01 0.3523200000D+01 0.1775800000D+01 0.5051600000D+01
1 1720010515200105242452044.4-0.1700000000D-02 0.8000000000D-04 0.4174200000D+01 0.1792400000D+00 0.3718000000D-02 0.2700000000D-02 0.5557579000D+01 0.3995100000D+01 0.2255200000D+01 0.1329600000D+01 0.1960000000D-01-0.5900000000D-03 0.8891100000D+01 0.3815700000D+00 0.8039000000D-02 0.6400000000D-02 0.1106211000D+01 0.5838400000D+01 0.4099600000D+01 0.3413200000D+01
1 1820010524200106022452053.4-0.2400000000D-02 0.2300000000D-03 0.4193500000D+01 0.1801300000D+00 0.3699000000D-02 0.2600000000D-02 0.1586009000D+01 0.2640000000D-01 0.4556600000D+01 0.6083600000D+01 0.1850000000D-01-0.1700000000D-03 0.8959800000D+01 0.3849800000D+00 0.8037000000D-02 0.6000000000D-02 0.3418367000D+01 0.1865100000D+01 0.1257000000D+00 0.1595300000D+01
1 1920010602200106112452062.4-0.2200000000D-02 0.1200000000D-03 0.4218400000D+01 0.1810000000D+00 0.3787000000D-02 0.2400000000D-02 0.3898480000D+01 0.2347500000D+01 0.5899000000D+00 0.4307800000D+01 0.1460000000D-01 0.6800000000D-03 0.9026500000D+01 0.3874600000D+00 0.8216000000D-02 0.7100000000D-02 0.5729904000D+01 0.4178900000D+01 0.2448200000D+01 0.6270400000D+01
1 2020010611200106202452071.4-0.5000000000D-03-0.2000000000D-03 0.4252300000D+01 0.1813100000D+00 0.3737000000D-02 0.2600000000D-02 0.6211784000D+01 0.4661600000D+01 0.2928900000D+01 0.2797000000D+01 0.1560000000D-01 0.3000000000D-03 0.9093600000D+01 0.3907500000D+00 0.8242000000D-02 0.6100000000D-02 0.1758062000D+01 0.2046000000D+00 0.4754900000D+01 0.4494800000D+01
1 2120010620200106292452080.4-0.1000000000D-03-0.2000000000D-03 0.4291600000D+01 0.1829800000D+00 0.3751000000D-02 0.2700000000D-02 0.2243254000D+01 0.6949000000D+00 0.5240800000D+01 0.1115100000D+01 0.1810000000D-01-0.2200000000D-03 0.9155000000D+01 0.3960700000D+00 0.8394000000D-02 0.6200000000D-02 0.4069404000D+01 0.2515000000D+01 0.7557000000D+00 0.2860900000D+01
1 2220010629200107082452089.4-0.2100000000D-02 0.2600000000D-03 0.4334400000D+01 0.1842600000D+00 0.3817000000D-02 0.2800000000D-02 0.4558179000D+01 0.3014500000D+01 0.1286200000D+01 0.5840600000D+01 0.1970000000D-01-0.3800000000D-03 0.9212000000D+01 0.3971800000D+00 0.8505000000D-02 0.5700000000D-02 0.9620400000D-01 0.4825000000D+01 0.3086500000D+01 0.1105700000D+01
1 2320010708200107172452098.4-0.2200000000D-02 0.2100000000D-03 0.4381600000D+01 0.1862800000D+00 0.3859000000D-02 0.3200000000D-02 0.5907590000D+00 0.5330400000D+01 0.3599400000D+01 0.4026300000D+01 0.1760000000D-01 0.1600000000D-03 0.9266000000D+01 0.4007300000D+00 0.8449000000D-02 0.5700000000D-02 0.2406179000D+01 0.8457000000D+00 0.5379100000D+01 0.5883400000D+01
1 2420010717200107262452107.4-0.5000000000D-03-0.1600000000D-03 0.4429200000D+01 0.1879200000D+00 0.3969000000D-02 0.3300000000D-02 0.2906462000D+01 0.1366800000D+01 0.5929500000D+01 0.2448600000D+01 0.1410000000D-01 0.7900000000D-03 0.9307800000D+01 0.4038600000D+00 0.8531000000D-02 0.5200000000D-02 0.4715538000D+01 0.3153000000D+01 0.1394400000D+01 0.4172500000D+01
1 2520010726200108042452116.4 0.1000000000D-03-0.2000000000D-03 0.4478600000D+01 0.1901400000D+00 0.3987000000D-02 0.3200000000D-02 0.5222358000D+01 0.3680000000D+01 0.1954900000D+01 0.6610000000D+00 0.1740000000D-01-0.4000000000D-04 0.9341800000D+01 0.4046400000D+00 0.8577000000D-02 0.5700000000D-02 0.7406920000D+00 0.5458400000D+01 0.3710900000D+01 0.2565600000D+01
1 2620010804200108132452125.4-0.3000000000D-03-0.1000000000D-04 0.4525700000D+01 0.1933200000D+00 0.4050000000D-02 0.3000000000D-02 0.1255373000D+01 0.5993000000D+01 0.4243600000D+01 0.5253800000D+01 0.2060000000D-01-0.6100000000D-03 0.9363900000D+01 0.4065700000D+00 0.8732000000D-02 0.6300000000D-02 0.3048771000D+01 0.1482100000D+01 0.6012900000D+01 0.9100000000D+00
1 2720010813200108222452134.4-0.1900000000D-02 0.2900000000D-03 0.4568700000D+01 0.1946900000D+00 0.4119000000D-02 0.3100000000D-02 0.3570285000D+01 0.2023700000D+01 0.2909000000D+00 0.3571400000D+01 0.1820000000D-01 0.6000000000D-04 0.9375000000D+01 0.4072300000D+00 0.8689000000D-02 0.6200000000D-02 0.5356022000D+01 0.3785300000D+01 0.2035300000D+01 0.5540600000D+01
1 2820010822200108312452143.4-0.1200000000D-02 0.9000000000D-04 0.4608200000D+01 0.1968700000D+00 0.4148000000D-02 0.2700000000D-02 0.5884880000D+01 0.4332500000D+01 0.2591400000D+01 0.1946700000D+01 0.1600000000D-01 0.4500000000D-03 0.9375900000D+01 0.4089900000D+00 0.8734000000D-02 0.7000000000D-02 0.1379848000D+01 0.6088100000D+01 0.4317900000D+01 0.3767000000D+01
1 2920010831200109092452152.4 0.1200000000D-02-0.3600000000D-03 0.4639900000D+01 0.1986800000D+00 0.4170000000D-02 0.2700000000D-02 0.1915474000D+01 0.3573000000D+00 0.4900200000D+01 0.2927000000D+00 0.1560000000D-01 0.3400000000D-03 0.9360500000D+01 0.4089100000D+00 0.8889000000D-02 0.6800000000D-02 0.3686046000D+01 0.2111600000D+01 0.3404000000D+00 0.2067700000D+01
1 3020010909200109182452161.4 0.5000000000D-03-0.9000000000D-04 0.4663100000D+01 0.2000000000D+00 0.4222000000D-02 0.2800000000D-02 0.4228006000D+01 0.2665300000D+01 0.9232000000D+00 0.4912700000D+01 0.1890000000D-01-0.3400000000D-03 0.9338500000D+01 0.4082600000D+00 0.8709000000D-02 0.6800000000D-02 0.5991690000D+01 0.4410500000D+01 0.2636400000D+01 0.3814000000D+00
1 3120010918200109272452170.4-0.9000000000D-03 0.2300000000D-03 0.4676200000D+01 0.2014900000D+00 0.4365000000D-02 0.3000000000D-02 0.2564550000D+00 0.4975300000D+01 0.3221900000D+01 0.3399000000D+01 0.2080000000D-01-0.5900000000D-03 0.9305900000D+01 0.4075100000D+00 0.8633000000D-02 0.6000000000D-02 0.2013971000D+01 0.4277000000D+00 0.4931400000D+01 0.4877800000D+01
1 3220010927200110062452179.4-0.8000000000D-03 0.1400000000D-03 0.4680700000D+01 0.2020100000D+00 0.4312000000D-02 0.3000000000D-02 0.2566652000D+01 0.9936000000D+00 0.5528400000D+01 0.1615100000D+01 0.1610000000D-01 0.4100000000D-03 0.9259400000D+01 0.4052500000D+00 0.8617000000D-02 0.6000000000D-02 0.4318742000D+01 0.2731400000D+01 0.9570000000D+00 0.3281900000D+01
1 3320011006200110152452188.4 0.3000000000D-03-0.9000000000D-04 0.4675000000D+01 0.2030200000D+00 0.4337000000D-02 0.3400000000D-02 0.4875823000D+01 0.3296100000D+01 0.1523800000D+01 0.6281000000D+01 0.1470000000D-01 0.5400000000D-03 0.9206000000D+01 0.4037300000D+00 0.8628000000D-02 0.5300000000D-02 0.3402010000D+00 0.5034600000D+01 0.3248100000D+01 0.1586600000D+01
1 3420011015200110242452197.4 0.1800000000D-02-0.3100000000D-03 0.4657100000D+01 0.2030200000D+00 0.4412000000D-02 0.3500000000D-02 0.9003440000D+00 0.5600900000D+01 0.3823700000D+01 0.4488200000D+01 0.1810000000D-01-0.3100000000D-03 0.9146800000D+01 0.3996200000D+00 0.8517000000D-02 0.5200000000D-02 0.2644372000D+01 0.1053500000D+01 0.5571500000D+01 0.1370000000D-01
1 3520011024200111022452206.4 0.3000000000D-03 0.5000000000D-04 0.4630800000D+01 0.2024900000D+00 0.4322000000D-02 0.3200000000D-02 0.3206693000D+01 0.1614600000D+01 0.6116100000D+01 0.2876300000D+01 0.1930000000D-01-0.4600000000D-03 0.9081700000D+01 0.3977600000D+00 0.8419000000D-02 0.5600000000D-02 0.4948794000D+01 0.3355900000D+01 0.1576500000D+01 0.4553000000D+01
1 3620011102200111112452215.4-0.1200000000D-02 0.3600000000D-03 0.4594600000D+01 0.2011900000D+00 0.4315000000D-02 0.3300000000D-02 0.5511754000D+01 0.3914600000D+01 0.2135400000D+01 0.9947000000D+00 0.1800000000D-01-0.1200000000D-03 0.9011900000D+01 0.3962100000D+00 0.8517000000D-02 0.5800000000D-02 0.9701220000D+00 0.5662500000D+01 0.3863500000D+01 0.3062200000D+01
1 3720011111200111202452224.4 0.5000000000D-03-0.6000000000D-04 0.4549000000D+01 0.1997800000D+00 0.4280000000D-02 0.2900000000D-02 0.1532564000D+01 0.6213600000D+01 0.4430300000D+01 0.5697000000D+01 0.1470000000D-01 0.4700000000D-03 0.8943900000D+01 0.3912500000D+00 0.8275000000D-02 0.6100000000D-02 0.3274162000D+01 0.1680300000D+01 0.6189100000D+01 0.1195700000D+01
1 3820011120200111292452233.4 0.1700000000D-02-0.2600000000D-03 0.4495200000D+01 0.1986100000D+00 0.4285000000D-02 0.2800000000D-02 0.3835663000D+01 0.2230200000D+01 0.4242000000D+00 0.3938200000D+01 0.1480000000D-01 0.2900000000D-03 0.8874900000D+01 0.3888000000D+00 0.8216000000D-02 0.6300000000D-02 0.5578683000D+01 0.3985100000D+01 0.2198300000D+01 0.5881500000D+01
1 3920011129200112082452242.4 0.1000000000D-02-0.3000000000D-04 0.4435500000D+01 0.1953600000D+00 0.4238000000D-02 0.2400000000D-02 0.6137211000D+01 0.4529300000D+01 0.2746400000D+01 0.2325200000D+01 0.1930000000D-01-0.6800000000D-03 0.8807300000D+01 0.3855800000D+00 0.8148000000D-02 0.6800000000D-02 0.1600192000D+01 0.7500000000D-02 0.4503900000D+01 0.4070400000D+01
1 4020011208200112172452251.4 0.0000000000D+00 0.1700000000D-03 0.4371400000D+01 0.1935300000D+00 0.4138000000D-02 0.2800000000D-02 0.2155406000D+01 0.5414000000D+00 0.5023700000D+01 0.6726000000D+00 0.1830000000D-01-0.3400000000D-03 0.8743900000D+01 0.3822200000D+00 0.7978000000D-02 0.5800000000D-02 0.3905238000D+01 0.2311400000D+01 0.5286000000D+00 0.2464600000D+01
1 4120011217200112262452260.4-0.5000000000D-03 0.2100000000D-03 0.4302000000D+01 0.1914800000D+00 0.4126000000D-02 0.2400000000D-02 0.4456019000D+01 0.2841000000D+01 0.1019800000D+01 0.5402100000D+01 0.1460000000D-01 0.4200000000D-03 0.8681600000D+01 0.3786100000D+00 0.8094000000D-02 0.6100000000D-02 0.6210536000D+01 0.4623500000D+01 0.2847200000D+01 0.5987000000D+00
1 4220011226200201042452269.4 0.1300000000D-02-0.1800000000D-03 0.4231200000D+01 0.1875400000D+00 0.4014000000D-02 0.2900000000D-02 0.4722370000D+00 0.5137400000D+01 0.3341000000D+01 0.3641300000D+01 0.1460000000D-01 0.2700000000D-03 0.8629900000D+01 0.3757600000D+00 0.7865000000D-02 0.5300000000D-02 0.2233341000D+01 0.6443000000D+00 0.5152400000D+01 0.5307600000D+01
1 4320020104200201132452278.4 0.2000000000D-02-0.2600000000D-03 0.4158300000D+01 0.1848600000D+00 0.3972000000D-02 0.2800000000D-02 0.2771622000D+01 0.1153200000D+01 0.5629700000D+01 0.1979200000D+01 0.1620000000D-01-0.1600000000D-03 0.8583000000D+01 0.3744500000D+00 0.7792000000D-02 0.5300000000D-02 0.4540196000D+01 0.2952400000D+01 0.1161700000D+01 0.3615300000D+01
2 4420001231200101312451909.4 0.1140000000D-01 0.0000000000D+00 0.6334900000D+01 0.1318000000D-01 0.1200000000D-04 0.4400000000D-02 0.5089979000D+01 0.2501800000D+01 0.4837900000D+01 0.4954500000D+01-0.1580000000D-01 0.4000000000D-04 0.1259460000D+02 0.7420000000D-02 0.8200000000D-04 0.9800000000D-02 0.6156090000D+00 0.3857900000D+01 0.8811000000D+00 0.6927000000D+00
2 4520010131200103032451940.4 0.1130000000D-01-0.2000000000D-04 0.6003600000D+01 0.1258000000D-01 0.4600000000D-04 0.4100000000D-02 0.6554820000D+00 0.4428800000D+01 0.9986000000D+00 0.2574500000D+01-0.1670000000D-01 0.7000000000D-04 0.1244200000D+02 0.2590000000D-02 0.9000000000D-04 0.8900000000D-02 0.2500350000D+01 0.5338900000D+01 0.2874400000D+01 0.4326000000D+01
2 4620010303200104032451971.4 0.1130000000D-01-0.3000000000D-04 0.5734900000D+01 0.9900000000D-02 0.7100000000D-04 0.4000000000D-02 0.2502718000D+01 0.1050000000D+00 0.2969000000D+01 0.6264600000D+01-0.1600000000D-01 0.0000000000D+00 0.1244590000D+02 0.3810000000D-02 0.7400000000D-04 0.9000000000D-02 0.4389532000D+01 0.5116900000D+01 0.4667600000D+01 0.1868400000D+01
2 4720010403200105042452002.4 0.1050000000D-01 0.1000000000D-04 0.5572900000D+01 0.5790000000D-02 0.8500000000D-04 0.4000000000D-02 0.4355758000D+01 0.2200800000D+01 0.4951300000D+01 0.3792000000D+01-0.1530000000D-01-0.4000000000D-04 0.1260190000D+02 0.8420000000D-02 0.4600000000D-04 0.8400000000D-02 0.6281905000D+01 0.4644000000D+00 0.6105700000D+01 0.5695900000D+01
2 4820010504200106042452033.4 0.1050000000D-01 0.0000000000D+00 0.5542100000D+01 0.2300000000D-02 0.8700000000D-04 0.3900000000D-02 0.6221847000D+01 0.5258500000D+01 0.6654000000D+00 0.1143000000D+01-0.1720000000D-01 0.4000000000D-04 0.1287820000D+02 0.1102000000D-01 0.2800000000D-04 0.9000000000D-02 0.1891973000D+01 0.2219000000D+01 0.7071000000D+00 0.3222200000D+01
2 4920010604200107052452064.4 0.1100000000D-01-0.1000000000D-04 0.5644100000D+01 0.5740000000D-02 0.6200000000D-04 0.3600000000D-02 0.1822766000D+01 0.2121500000D+01 0.2701500000D+01 0.4964300000D+01-0.1740000000D-01 0.0000000000D+00 0.1320960000D+02 0.1127000000D-01 0.5200000000D-04 0.9700000000D-02 0.3783298000D+01 0.3952700000D+01 0.1197700000D+01 0.6145000000D+00
2 5020010705200108052452095.4 0.1070000000D-01 0.1000000000D-04 0.5851900000D+01 0.9260000000D-02 0.1600000000D-04 0.4200000000D-02 0.3724034000D+01 0.4263500000D+01 0.5411800000D+01 0.2603700000D+01-0.1720000000D-01-0.1000000000D-04 0.1351060000D+02 0.8310000000D-02 0.9200000000D-04 0.8400000000D-02 0.5670472000D+01 0.5649100000D+01 0.2858900000D+01 0.4348700000D+01
2 5120010805200109052452126.4 0.1140000000D-01-0.1000000000D-04 0.6096800000D+01 0.9660000000D-02 0.5800000000D-04 0.4100000000D-02 0.5635348000D+01 0.6255600000D+01 0.2818200000D+01 0.6206700000D+01-0.1850000000D-01 0.4000000000D-04 0.1368390000D+02 0.3570000000D-02 0.1110000000D-03 0.9000000000D-02 0.1269676000D+01 0.5539000000D+00 0.4557700000D+01 0.1949600000D+01
2 5220010905200110062452157.4 0.1190000000D-01-0.3000000000D-04 0.6288100000D+01 0.6070000000D-02 0.1000000000D-03 0.4200000000D-02 0.1261593000D+01 0.2024000000D+01 0.4910000000D+01 0.3736800000D+01-0.1770000000D-01-0.2000000000D-04 0.1366290000D+02 0.5360000000D-02 0.8800000000D-04 0.8800000000D-02 0.3147882000D+01 0.6959000000D+00 0.1492000000D+00 0.5586600000D+01
2 5320011006200111062452188.4 0.1120000000D-01 0.0000000000D+00 0.6340900000D+01 0.1560000000D-02 0.1040000000D-03 0.3800000000D-02 0.3159402000D+01 0.5510100000D+01 0.6280000000D+00 0.1121700000D+01-0.1620000000D-01-0.6000000000D-04 0.1345340000D+02 0.1040000000D-01 0.3500000000D-04 0.9300000000D-02 0.5023895000D+01 0.2273500000D+01 0.1754700000D+01 0.3073300000D+01
2 5420011106200112072452219.4 0.1070000000D-01 0.0000000000D+00 0.6226200000D+01 0.6960000000D-02 0.7200000000D-04 0.4200000000D-02 0.5040720000D+01 0.2283000000D+01 0.2581600000D+01 0.5072300000D+01-0.1680000000D-01-0.1000000000D-04 0.1312420000D+02 0.1247000000D-01 0.4000000000D-04 0.7800000000D-02 0.6166270000D+00 0.4084800000D+01 0.1629500000D+01 0.3553000000D+00
2 5520011207200201072452250.4 0.1030000000D-01 0.0000000000D+00 0.5975000000D+01 0.1120000000D-01 0.3500000000D-04 0.4200000000D-02 0.6215320000D+00 0.4270600000D+01 0.4746400000D+01 0.2263800000D+01-0.1610000000D-01-0.4000000000D-04 0.1277930000D+02 0.1080000000D-01 0.6500000000D-04 0.8300000000D-02 0.2494189000D+01 0.5853600000D+01 0.3003900000D+01 0.4365500000D+01
3 5620001231200101272451909.4 0.2980000000D-01 0.1500000000D-03 0.8836400000D+01 0.1799000000D-01 0.3800000000D-04 0.1500000000D-01 0.1857258000D+01 0.5502300000D+01 0.8742000000D+00 0.6010500000D+01 0.5240000000D-01-0.9300000000D-03 0.1754220000D+02 0.1017000000D-01 0.1050000000D-03 0.3000000000D-01 0.3669404000D+01 0.5581000000D+00 0.3897600000D+01 0.1496200000D+01
3 5720010127200102232451936.4 0.3670000000D-01 0.1400000000D-03 0.8431600000D+01 0.1771000000D-01 0.5500000000D-04 0.1610000000D-01 0.5065326000D+01 0.2538100000D+01 0.5288600000D+01 0.6024200000D+01 0.2700000000D-01 0.4800000000D-03 0.1734290000D+02 0.4390000000D-02 0.1100000000D-03 0.3430000000D-01 0.6250400000D+00 0.3414000000D+01 0.8243000000D+00 0.1603300000D+01
3 5820010223200103222451963.4 0.4000000000D-01-0.5000000000D-03 0.8085000000D+01 0.1492000000D-01 0.8200000000D-04 0.1620000000D-01 0.1987655000D+01 0.5866200000D+01 0.2470700000D+01 0.4500000000D-01 0.4560000000D-01 0.4500000000D-03 0.1731320000D+02 0.4300000000D-02 0.1190000000D-03 0.3540000000D-01 0.3866434000D+01 0.5037200000D+01 0.3674900000D+01 0.1930200000D+01
3 5920010322200104182451990.4 0.2500000000D-01 0.6000000000D-04 0.7844100000D+01 0.1088000000D-01 0.1070000000D-03 0.1380000000D-01 0.5195041000D+01 0.2975600000D+01 0.5780600000D+01 0.2127000000D+00 0.5350000000D-01-0.8200000000D-03 0.1744170000D+02 0.8720000000D-02 0.9100000000D-04 0.3090000000D-01 0.8269170000D+00 0.1261200000D+01 0.7444000000D+00 0.2120400000D+01
3 6020010418200105152452017.4 0.2870000000D-01 0.3200000000D-03 0.7734700000D+01 0.6080000000D-02 0.1330000000D-03 0.1430000000D-01 0.2125668000D+01 0.3027000000D+00 0.2823600000D+01 0.2116000000D+00 0.2650000000D-01 0.2600000000D-03 0.1771800000D+02 0.1300000000D-01 0.5200000000D-04 0.3520000000D-01 0.4070686000D+01 0.4243800000D+01 0.4642200000D+01 0.2173700000D+01
3 6120010515200106112452044.4 0.3700000000D-01-0.3000000000D-03 0.7766300000D+01 0.4230000000D-02 0.9900000000D-04 0.1590000000D-01 0.5351036000D+01 0.5101600000D+01 0.5990700000D+01 0.5333000000D+00 0.3890000000D-01 0.7600000000D-03 0.1809650000D+02 0.1506000000D-01 0.4600000000D-04 0.3880000000D-01 0.1029824000D+01 0.1229400000D+01 0.5986100000D+01 0.2485300000D+01
3 6220010611200107082452071.4 0.2590000000D-01 0.3000000000D-04 0.7934500000D+01 0.9040000000D-02 0.7200000000D-04 0.1490000000D-01 0.2308094000D+01 0.2640100000D+01 0.3151000000D+01 0.7834000000D+00 0.5880000000D-01-0.7900000000D-03 0.1850130000D+02 0.1481000000D-01 0.7600000000D-04 0.3430000000D-01 0.4270848000D+01 0.4280800000D+01 0.1529600000D+01 0.2749700000D+01
3 6320010708200108042452098.4 0.2780000000D-01 0.4900000000D-03 0.8200700000D+01 0.1278000000D-01 0.3200000000D-04 0.1510000000D-01 0.5560916000D+01 0.6062400000D+01 0.1039700000D+01 0.8437000000D+00 0.3310000000D-01-0.1800000000D-03 0.1884980000D+02 0.1107000000D-01 0.1430000000D-03 0.3570000000D-01 0.1224825000D+01 0.1137000000D+01 0.4743400000D+01 0.2754800000D+01
3 6420010804200108312452125.4 0.4250000000D-01-0.1800000000D-03 0.8500000000D+01 0.1311000000D-01 0.6800000000D-04 0.1800000000D-01 0.2538249000D+01 0.3141000000D+01 0.5716400000D+01 0.1122900000D+01 0.3490000000D-01 0.8800000000D-03 0.1905030000D+02 0.5220000000D-02 0.1650000000D-03 0.4070000000D-01 0.4459951000D+01 0.3891100000D+01 0.1477800000D+01 0.3032000000D+01
3 6520010831200109272452152.4 0.3530000000D-01-0.2300000000D-03 0.8744200000D+01 0.9290000000D-02 0.1130000000D-03 0.1690000000D-01 0.5799217000D+01 0.2616000000D+00 0.3051300000D+01 0.1407100000D+01 0.6090000000D-01-0.5900000000D-03 0.1904920000D+02 0.6270000000D-02 0.1470000000D-03 0.3660000000D-01 0.1410328000D+01 0.5469400000D+01 0.4357600000D+01 0.3342800000D+01
3 6620010927200110242452179.4 0.3070000000D-01 0.4200000000D-03 0.8850300000D+01 0.3530000000D-02 0.1510000000D-03 0.1580000000D-01 0.2769689000D+01 0.4066000000D+01 0.1459000000D+00 0.1450000000D+01 0.3780000000D-01-0.4500000000D-03 0.1884250000D+02 0.1228000000D-01 0.6600000000D-04 0.3360000000D-01 0.4642174000D+01 0.1834600000D+01 0.1542700000D+01 0.3343400000D+01
3 6720011024200111202452206.4 0.4470000000D-01-0.1300000000D-03 0.8779300000D+01 0.5670000000D-02 0.1370000000D-03 0.1790000000D-01 0.6012218000D+01 0.2954900000D+01 0.3472200000D+01 0.1671500000D+01 0.2740000000D-01 0.9100000000D-03 0.1848350000D+02 0.1654000000D-01 0.3300000000D-04 0.3790000000D-01 0.1591403000D+01 0.4968600000D+01 0.2919700000D+01 0.3550800000D+01
3 6820011120200112172452233.4 0.3860000000D-01-0.4100000000D-03 0.8547200000D+01 0.1212000000D-01 0.9500000000D-04 0.1640000000D-01 0.2959221000D+01 0.1913000000D+00 0.6692000000D+00 0.1961400000D+01 0.5350000000D-01-0.2200000000D-03 0.1805580000D+02 0.1643000000D-01 0.5800000000D-04 0.3540000000D-01 0.4825071000D+01 0.1802500000D+01 0.4947700000D+01 0.3861600000D+01
3 6920011217200201132452260.4 0.2650000000D-01 0.3100000000D-03 0.8200900000D+01 0.1666000000D-01 0.3000000000D-04 0.1380000000D-01 0.6176814000D+01 0.3554900000D+01 0.4274500000D+01 0.1988900000D+01 0.4100000000D-01-0.7500000000D-03 0.1765930000D+02 0.1323000000D-01 0.8900000000D-04 0.3040000000D-01 0.1777681000D+01 0.5014000000D+01 0.2217400000D+01 0.3919000000D+01
3 7020020113200202092452287.4 0.3640000000D-01-0.1000000000D-04 0.7810000000D+01 0.1830000000D-01 0.4000000000D-04 0.1570000000D-01 0.3100680000D+01 0.5610000000D+00 0.3018100000D+01 0.2141900000D+01 0.2220000000D-01 0.6400000000D-03 0.1736390000D+02 0.8200000000D-02 0.1280000000D-03 0.3430000000D-01 0.5015864000D+01 0.1867800000D+01 0.5640700000D+01 0.4075200000D+01
4 7120001231200101172451909.2-0.2930000000D-01-0.1240000000D-02 0.1444020000D+02 0.2670000000D-01 0.2780000000D-03 0.1450000000D-01 0.1940898000D+01 0.5478800000D+01 0.3178000000D+00 0.1660600000D+01 0.8810000000D-01-0.1920000000D-02 0.2879910000D+02 0.2524000000D-01 0.7590000000D-03 0.3090000000D-01 0.3749998000D+01 0.1939000000D+00 0.3070400000D+01 0.3496200000D+01
4 7220010117200102032451926.2-0.5420000000D-01 0.2000000000D-03 0.1401710000D+02 0.2909000000D-01 0.8400000000D-04 0.1910000000D-01 0.1626983000D+01 0.5321100000D+01 0.2411200000D+01 0.1150100000D+01 0.8640000000D-01-0.3900000000D-03 0.2855270000D+02 0.1256000000D-01 0.3120000000D-03 0.3910000000D-01 0.3455157000D+01 0.8530000000D-01 0.4106700000D+01 0.2985500000D+01
4 7320010203200102202451943.2-0.5290000000D-01-0.3700000000D-03 0.1361800000D+02 0.2712000000D-01 0.1060000000D-03 0.1790000000D-01 0.1310306000D+01 0.5027600000D+01 0.1358500000D+01 0.8943000000D+00 0.4490000000D-01 0.3400000000D-03 0.2840800000D+02 0.9400000000D-02 0.1610000000D-03 0.3750000000D-01 0.3159621000D+01 0.5003800000D+01 0.2220600000D+01 0.2754600000D+01
4 7420010220200103092451960.2-0.6190000000D-01 0.1930000000D-02 0.1327200000D+02 0.2623000000D-01 0.2450000000D-03 0.1410000000D-01 0.9941790000D+00 0.4777000000D+01 0.8593000000D+00 0.2237000000D+00 0.7970000000D-01-0.5060000000D-02 0.2843120000D+02 0.6640000000D-02 0.7100000000D-03 0.2990000000D-01 0.2867378000D+01 0.5972500000D+01 0.3177500000D+01 0.2160400000D+01
4 7520010309200103262451977.2-0.4060000000D-01-0.5000000000D-04 0.1297650000D+02 0.2105000000D-01 0.1710000000D-03 0.1300000000D-01 0.6766990000D+00 0.4645800000D+01 0.1639000000D+01 0.6158100000D+01 0.7400000000D-02 0.1220000000D-02 0.2847960000D+02 0.1264000000D-01 0.1380000000D-03 0.2930000000D-01 0.2572100000D+01 0.3308000000D+01 0.2152100000D+01 0.1784000000D+01
4 7620010326200104122451994.2-0.2530000000D-01 0.2100000000D-03 0.1276910000D+02 0.1499000000D-01 0.1840000000D-03 0.7100000000D-02 0.3599980000D+00 0.4332300000D+01 0.3843000000D+00 0.5310200000D+01 0.2310000000D-01-0.3500000000D-03 0.2867490000D+02 0.1714000000D-01 0.2020000000D-03 0.1600000000D-01 0.2277943000D+01 0.2871700000D+01 0.1554200000D+01 0.9818000000D+00
4 7720010412200104292452011.2-0.3410000000D-01 0.7900000000D-03 0.1265800000D+02 0.1555000000D-01 0.4180000000D-03 0.9900000000D-02 0.4897800000D-01 0.4294600000D+01 0.7974000000D+00 0.4326600000D+01 0.3640000000D-01 0.1610000000D-02 0.2897510000D+02 0.1949000000D-01 0.7400000000D-03 0.2260000000D-01 0.1986736000D+01 0.1489200000D+01 0.3360500000D+01 0.6212700000D+01
4 7820010429200105162452028.2-0.1490000000D-01-0.1280000000D-02 0.1261080000D+02 0.4660000000D-02 0.9200000000D-04 0.9400000000D-02 0.6021522000D+01 0.5264900000D+01 0.5149300000D+01 0.3616100000D+01 0.5060000000D-01 0.4500000000D-03 0.2931310000D+02 0.2421000000D-01 0.2030000000D-03 0.2020000000D-01 0.1689902000D+01 0.2079900000D+01 0.5733000000D+00 0.5555600000D+01
4 7920010516200106022452045.2-0.4150000000D-01 0.3200000000D-03 0.1268810000D+02 0.6530000000D-02 0.2060000000D-03 0.1500000000D-01 0.5718354000D+01 0.5408400000D+01 0.7580000000D-01 0.2922500000D+01 0.8860000000D-01 0.2000000000D-04 0.2971410000D+02 0.2616000000D-01 0.1290000000D-03 0.3530000000D-01 0.1395068000D+01 0.1612300000D+01 0.5905500000D+01 0.4904900000D+01
4 8020010602200106192452062.2-0.4020000000D-01-0.1020000000D-02 0.1284210000D+02 0.1230000000D-01 0.3990000000D-03 0.1610000000D-01 0.5422199000D+01 0.5167300000D+01 0.5330000000D+00 0.2654300000D+01 0.7990000000D-01-0.3900000000D-03 0.3013520000D+02 0.2908000000D-01 0.7010000000D-03 0.3830000000D-01 0.1100967000D+01 0.7124000000D+00 0.2987400000D+01 0.4600600000D+01
4 8120010619200107062452079.2-0.5010000000D-01 0.0000000000D+00 0.1306520000D+02 0.1966000000D-01 0.1720000000D-03 0.1650000000D-01 0.5127912000D+01 0.5713600000D+01 0.3741900000D+01 0.2063100000D+01 0.1023000000D+00-0.2920000000D-02 0.3052520000D+02 0.2862000000D-01 0.6670000000D-03 0.3860000000D-01 0.8023940000D+00 0.1085200000D+01 0.4959000000D+01 0.3999000000D+01
4 8220010706200107232452096.2-0.5500000000D-01-0.1100000000D-03 0.1335330000D+02 0.2058000000D-01 0.1130000000D-03 0.1790000000D-01 0.4841711000D+01 0.5322500000D+01 0.1808000000D+00 0.1768000000D+01 0.4330000000D-01 0.9700000000D-03 0.3089770000D+02 0.1687000000D-01 0.9500000000D-04 0.4090000000D-01 0.5048760000D+00 0.4611000000D+00 0.3883200000D+01 0.3723500000D+01
4 8320010723200108092452113.2-0.4660000000D-01 0.6100000000D-03 0.1366670000D+02 0.2061000000D-01 0.2330000000D-03 0.1190000000D-01 0.4558196000D+01 0.5043100000D+01 0.8260000000D-01 0.1307800000D+01 0.5470000000D-01-0.3520000000D-02 0.3113830000D+02 0.2049000000D-01 0.7430000000D-03 0.2870000000D-01 0.2071270000D+00 0.5937000000D+01 0.2745100000D+01 0.3234400000D+01
4 8420010809200108262452130.2-0.4650000000D-01 0.6700000000D-03 0.1396370000D+02 0.2478000000D-01 0.3790000000D-03 0.1250000000D-01 0.4275418000D+01 0.5103000000D+01 0.2520200000D+01 0.6706000000D+00 0.1390000000D-01 0.1600000000D-02 0.3129650000D+02 0.2360000000D-02 0.4470000000D-03 0.2860000000D-01 0.6190223000D+01 0.6033000000D+00 0.4374000000D+01 0.2547000000D+01
4 8520010826200109122452147.2-0.2490000000D-01-0.1900000000D-03 0.1422090000D+02 0.1748000000D-01 0.1660000000D-03 0.7700000000D-02 0.3993916000D+01 0.4737700000D+01 0.8169000000D+00 0.6267600000D+01 0.1840000000D-01 0.3500000000D-03 0.3129350000D+02 0.8490000000D-02 0.2770000000D-03 0.1740000000D-01 0.5890837000D+01 0.3603100000D+01 0.1928500000D+01 0.1889800000D+01
4 8620010912200109292452164.2-0.3340000000D-01 0.7800000000D-03 0.1439020000D+02 0.1292000000D-01 0.2740000000D-03 0.1170000000D-01 0.3709589000D+01 0.4574200000D+01 0.6999000000D+00 0.5053700000D+01 0.6580000000D-01-0.1900000000D-03 0.3113660000D+02 0.1074000000D-01 0.3290000000D-03 0.2460000000D-01 0.5589955000D+01 0.2305900000D+01 0.3058700000D+01 0.6301000000D+00
4 8720010929200110162452181.2-0.1300000000D-01-0.2630000000D-02 0.1447730000D+02 0.8450000000D-02 0.2050000000D-03 0.1360000000D-01 0.3422854000D+01 0.5489700000D+01 0.2168700000D+01 0.4655500000D+01 0.4220000000D-01 0.3180000000D-02 0.3088970000D+02 0.2152000000D-01 0.5400000000D-04 0.2840000000D-01 0.5292481000D+01 0.2378900000D+01 0.3229600000D+01 0.3022000000D+00
4 8820011016200111022452198.2-0.4320000000D-01 0.1400000000D-03 0.1440900000D+02 0.6700000000D-02 0.2220000000D-03 0.1690000000D-01 0.3131171000D+01 0.5884700000D+01 0.2345000000D+00 0.3954700000D+01 0.9890000000D-01-0.8700000000D-03 0.3051960000D+02 0.2473000000D-01 0.1280000000D-03 0.3640000000D-01 0.4992637000D+01 0.1934800000D+01 0.4185000000D+00 0.5821800000D+01
4 8920011102200111192452215.2-0.5740000000D-01-0.1100000000D-03 0.1424450000D+02 0.1324000000D-01 0.2400000000D-03 0.1980000000D-01 0.2833932000D+01 0.5908200000D+01 0.6931000000D+00 0.3701900000D+01 0.7600000000D-01 0.2800000000D-03 0.3009250000D+02 0.2610000000D-01 0.9600000000D-04 0.4230000000D-01 0.4693649000D+01 0.1453800000D+01 0.3114400000D+01 0.5557500000D+01
4 9020011119200112062452232.2-0.4450000000D-01-0.7500000000D-03 0.1399520000D+02 0.2430000000D-01 0.1800000000D-03 0.1610000000D-01 0.2534974000D+01 0.6140200000D+01 0.3686700000D+01 0.3267200000D+01 0.8010000000D-01-0.3450000000D-02 0.2965650000D+02 0.2726000000D-01 0.3270000000D-03 0.3250000000D-01 0.4398018000D+01 0.1543500000D+01 0.5822300000D+01 0.5127300000D+01
4 9120011206200112232452249.2-0.6000000000D-01 0.8900000000D-03 0.1363840000D+02 0.2282000000D-01 0.1870000000D-03 0.1700000000D-01 0.2226371000D+01 0.5670500000D+01 0.4281000000D+00 0.2723400000D+01 0.3540000000D-01 0.9500000000D-03 0.2921930000D+02 0.2185000000D-01 0.1570000000D-03 0.3680000000D-01 0.4099761000D+01 0.9080000000D+00 0.5990600000D+01 0.4638300000D+01
4 9220011223200201092452266.2-0.3510000000D-01-0.8000000000D-04 0.1325220000D+02 0.2606000000D-01 0.1210000000D-03 0.1090000000D-01 0.1915415000D+01 0.5496700000D+01 0.1347000000D+00 0.2370600000D+01 0.1860000000D-01-0.3300000000D-03 0.2884810000D+02 0.2126000000D-01 0.2060000000D-03 0.2430000000D-01 0.3802981000D+01 0.3580000000D+00 0.3271100000D+01 0.4239200000D+01
4 9320020109200201262452283.2-0.3490000000D-01 0.8200000000D-03 0.1284740000D+02 0.3159000000D-01 0.2710000000D-03 0.8600000000D-02 0.1602547000D+01 0.5470700000D+01 0.3283400000D+01 0.1333000000D+01 0.3070000000D-01 0.2600000000D-03 0.2855240000D+02 0.1621000000D-01 0.5810000000D-03 0.1970000000D-01 0.3509483000D+01 0.7327000000D+00 0.4815000000D+01 0.3209700000D+01
4 9420020126200202122452300.2-0.2050000000D-01-0.5800000000D-03 0.1244320000D+02 0.2635000000D-01 0.1340000000D-03 0.7800000000D-02 0.1281740000D+01 0.5004200000D+01 0.6002400000D+01 0.7546000000D+00 0.4000000000D-02 0.3180000000D-02 0.2831520000D+02 0.1411000000D-01 0.5120000000D-03 0.1830000000D-01 0.3213116000D+01 0.4941400000D+01 0.1349600000D+01 0.2648700000D+01
5 9520001231200101222451909.4-0.5810000000D-01 0.3520000000D-02 0.1934510000D+02 0.3188000000D-01 0.3450000000D-03 0.1370000000D-01 0.4504736000D+01 0.1942900000D+01 0.1627800000D+01 0.2339900000D+01-0.1880000000D-01-0.3440000000D-02 0.3842810000D+02 0.1658000000D-01 0.5390000000D-03 0.2510000000D-01 0.2605600000D-01 0.2154300000D+01 0.4197200000D+01 0.4164600000D+01
5 9620010122200102132451931.4 0.1110000000D-01-0.1650000000D-02 0.1863480000D+02 0.3958000000D-01 0.3410000000D-03 0.7100000000D-02 0.2185121000D+01 0.6098500000D+01 0.4223200000D+01 0.4456400000D+01-0.9400000000D-01 0.4520000000D-02 0.3807230000D+02 0.2420000000D-02 0.2810000000D-03 0.1460000000D-01 0.4014094000D+01 0.6110000000D+00 0.6161600000D+01 0.6248600000D+01
5 9720010213200103072451953.4-0.1240000000D-01 0.4700000000D-03 0.1799870000D+02 0.4102000000D-01 0.4170000000D-03 0.5000000000D-03 0.6143365000D+01 0.3718800000D+01 0.7742000000D+00 0.1760400000D+01-0.2160000000D-01 0.2070000000D-02 0.3799590000D+02 0.4440000000D-02 0.5700000000D-03 0.5000000000D-03 0.1718479000D+01 0.5288800000D+01 0.2569400000D+01 0.5316600000D+01
5 9820010307200103292451975.4-0.5200000000D-02-0.1610000000D-02 0.1747150000D+02 0.3314000000D-01 0.3850000000D-03 0.7600000000D-02 0.3817729000D+01 0.1408200000D+01 0.4277300000D+01 0.5517300000D+01 0.4220000000D-01-0.1200000000D-02 0.3809170000D+02 0.9640000000D-02 0.4800000000D-03 0.1500000000D-01 0.5705939000D+01 0.3128000000D+00 0.5673400000D+01 0.1126100000D+01
5 9920010329200104202451997.4-0.4650000000D-01 0.3400000000D-03 0.1709880000D+02 0.2181000000D-01 0.3060000000D-03 0.1250000000D-01 0.1494649000D+01 0.5535600000D+01 0.1825500000D+01 0.1423800000D+01 0.2650000000D-01 0.8000000000D-04 0.3840600000D+02 0.2433000000D-01 0.1290000000D-03 0.2890000000D-01 0.3411392000D+01 0.3706300000D+01 0.2271600000D+01 0.3281500000D+01
510020010420200105122452019.4-0.4830000000D-01 0.4000000000D-03 0.1693490000D+02 0.1364000000D-01 0.2550000000D-03 0.1530000000D-01 0.5460424000D+01 0.3751200000D+01 0.6224100000D+01 0.3582100000D+01 0.3100000000D-02-0.1990000000D-02 0.3893700000D+02 0.3243000000D-01 0.9700000000D-04 0.3650000000D-01 0.1116541000D+01 0.1216500000D+01 0.4899300000D+01 0.5542800000D+01
510120010512200106032452041.4-0.2240000000D-01-0.2700000000D-03 0.1699830000D+02 0.1018000000D-01 0.3650000000D-03 0.1460000000D-01 0.3150342000D+01 0.2176900000D+01 0.4010800000D+01 0.5794900000D+01-0.6630000000D-01 0.2600000000D-03 0.3961370000D+02 0.3559000000D-01 0.1200000000D-03 0.3300000000D-01 0.5103455000D+01 0.5065600000D+01 0.1616000000D+01 0.1514200000D+01
510220010603200106252452063.4-0.2680000000D-01 0.1870000000D-02 0.1725730000D+02 0.1195000000D-01 0.3800000000D-03 0.9900000000D-02 0.8475400000D+00 0.1129100000D+01 0.1243300000D+01 0.1757900000D+01-0.4440000000D-01-0.1250000000D-02 0.4039500000D+02 0.2650000000D-01 0.1380000000D-03 0.2170000000D-01 0.2804805000D+01 0.2748100000D+01 0.2816500000D+01 0.3678300000D+01
510320010625200107172452085.4 0.1120000000D-01-0.1270000000D-02 0.1767150000D+02 0.2491000000D-01 0.2450000000D-03 0.2800000000D-02 0.4837420000D+01 0.5527300000D+01 0.4370300000D+01 0.3989100000D+01-0.5450000000D-01 0.2770000000D-02 0.4104920000D+02 0.2543000000D-01 0.4460000000D-03 0.7000000000D-02 0.5039100000D+00 0.7827000000D+00 0.5228800000D+01 0.5878400000D+01
510420010717200108082452107.4-0.2230000000D-01 0.2800000000D-03 0.1815600000D+02 0.3654000000D-01 0.3010000000D-03 0.4800000000D-02 0.2553032000D+01 0.3229200000D+01 0.4900000000D+00 0.2818600000D+01-0.2800000000D-01 0.4610000000D-02 0.4153280000D+02 0.2831000000D-01 0.7770000000D-03 0.9900000000D-02 0.4486434000D+01 0.4508300000D+01 0.1685100000D+01 0.4863000000D+01
510520010808200108302452129.4-0.5600000000D-02-0.2580000000D-02 0.1867710000D+02 0.3485000000D-01 0.4470000000D-03 0.1150000000D-01 0.2746950000D+00 0.8138000000D+00 0.3521100000D+01 0.5098000000D+01 0.7650000000D-01-0.4330000000D-02 0.4182410000D+02 0.2329000000D-01 0.1025000000D-02 0.2240000000D-01 0.2186374000D+01 0.1403600000D+01 0.4853500000D+01 0.6232000000D+00
510620010830200109212452151.4-0.5460000000D-01 0.2400000000D-03 0.1913580000D+02 0.2100000000D-01 0.3180000000D-03 0.1480000000D-01 0.4279100000D+01 0.4878600000D+01 0.8297000000D+00 0.9059000000D+00-0.5400000000D-02 0.1490000000D-02 0.4187240000D+02 0.2754000000D-01 0.9070000000D-03 0.3540000000D-01 0.6167475000D+01 0.3977800000D+01 0.1576700000D+01 0.2721200000D+01
510720010921200110132452173.4-0.6670000000D-01 0.1890000000D-02 0.1938690000D+02 0.1159000000D-01 0.1350000000D-03 0.1790000000D-01 0.1994476000D+01 0.3476400000D+01 0.6132900000D+01 0.3018900000D+01 0.2370000000D-01-0.5400000000D-02 0.4156750000D+02 0.3870000000D-01 0.6190000000D-03 0.3810000000D-01 0.3864726000D+01 0.1051200000D+01 0.4749900000D+01 0.4965700000D+01
510820011013200111042452195.4-0.2300000000D-01-0.3300000000D-03 0.1934990000D+02 0.1002000000D-01 0.3800000000D-03 0.1550000000D-01 0.5988127000D+01 0.2063600000D+01 0.3780800000D+01 0.5258000000D+01-0.9370000000D-01 0.2250000000D-02 0.4093860000D+02 0.3787000000D-01 0.2340000000D-03 0.3100000000D-01 0.1562944000D+01 0.4758100000D+01 0.1568400000D+01 0.8192000000D+00
510920011104200111262452217.4-0.9200000000D-02 0.4500000000D-03 0.1907010000D+02 0.1791000000D-01 0.2880000000D-03 0.8600000000D-02 0.3691174000D+01 0.7009000000D+00 0.1250100000D+01 0.1176300000D+01-0.6460000000D-01 0.1080000000D-02 0.4018450000D+02 0.3362000000D-01 0.1050000000D-03 0.1900000000D-01 0.5546533000D+01 0.2512800000D+01 0.1691300000D+01 0.3021100000D+01
511020011126200112182452239.4-0.1600000000D-02-0.3100000000D-03 0.1857540000D+02 0.2826000000D-01 0.1790000000D-03 0.4000000000D-03 0.1385470000D+01 0.4903200000D+01 0.5231100000D+01 0.4440800000D+01-0.1440000000D-01 0.1020000000D-02 0.3941910000D+02 0.3288000000D-01 0.1170000000D-03 0.1500000000D-02 0.3247603000D+01 0.1673000000D+00 0.4311100000D+01 0.3345000000D+00
511120011218200201092452261.4-0.2200000000D-01-0.3500000000D-03 0.1794160000D+02 0.3654000000D-01 0.6300000000D-04 0.7800000000D-02 0.5355028000D+01 0.2687600000D+01 0.3891800000D+01 0.2301400000D+01 0.2700000000D-02 0.2740000000D-02 0.3875230000D+02 0.3550000000D-01 0.4960000000D-03 0.1670000000D-01 0.9488160000D+00 0.3942300000D+01 0.9647000000D+00 0.4205800000D+01
511220020109200201312452283.4-0.3320000000D-01-0.6100000000D-03 0.1723860000D+02 0.3829000000D-01 0.2160000000D-03 0.1270000000D-01 0.3032347000D+01 0.3430000000D+00 0.2142700000D+01 0.4510100000D+01 0.7300000000D-01-0.4440000000D-02 0.3822070000D+02 0.3644000000D-01 0.9200000000D-03 0.2840000000D-01 0.4933931000D+01 0.1179000000D+01 0.4305100000D+01 0.6720000000D-01
