 7 5   2  44  56  71  95 4.4880 2.4930 1.5162 0.7217 0.4667  9.0 31.0 27.0 17.0 22.0  112 2452274.5000 2002                                                                                                                                                                                                                                                                      
1  220011231200201092452274.4-0.4000000000D-03 0.2700000000D-03 0.4190000000D+01 0.1862100000D+00 0.4021000000D-02 0.2700000000D-02 0.3844091000D+01 0.2227400000D+01 0.4199000000D+00 0.3907000000D+01 0.1730000000D-01-0.1800000000D-03 0.8601900000D+01 0.3738900000D+00 0.7843000000D-02 0.6200000000D-02 0.5609000000D+01 0.4022300000D+01 0.2253900000D+01 0.5924200000D+01
1  320020109200201182452283.4-0.3000000000D-03 0.1700000000D-03 0.4118000000D+01 0.1832500000D+00 0.3911000000D-02 0.2400000000D-02 0.6143216000D+01 0.4522800000D+01 0.2709900000D+01 0.2336200000D+01 0.1500000000D-01 0.2600000000D-03 0.8560500000D+01 0.3723900000D+00 0.7791000000D-02 0.6100000000D-02 0.1632928000D+01 0.4750000000D-01 0.4550900000D+01 0.4088600000D+01
1  420020118200201272452292.4 0.1700000000D-02-0.2600000000D-03 0.4045200000D+01 0.1797300000D+00 0.3808000000D-02 0.2500000000D-02 0.2158803000D+01 0.5376000000D+00 0.5020900000D+01 0.6959000000D+00 0.1350000000D-01 0.4000000000D-03 0.8523300000D+01 0.3708000000D+00 0.7853000000D-02 0.6000000000D-02 0.3940541000D+01 0.2360700000D+01 0.5775000000D+00 0.2411000000D+01
1  520020127200202052452301.4 0.1300000000D-02-0.1100000000D-03 0.3973600000D+01 0.1766900000D+00 0.3771000000D-02 0.2400000000D-02 0.4457481000D+01 0.2838500000D+01 0.1031500000D+01 0.5349000000D+01 0.1640000000D-01-0.2700000000D-03 0.8499100000D+01 0.3683000000D+00 0.7620000000D-02 0.5800000000D-02 0.6248504000D+01 0.4667500000D+01 0.2894500000D+01 0.7289000000D+00
1  620020205200202142452310.4 0.0000000000D+00 0.1700000000D-03 0.3904300000D+01 0.1738000000D+00 0.3765000000D-02 0.2700000000D-02 0.4730920000D+00 0.5141200000D+01 0.3329300000D+01 0.3726600000D+01 0.1890000000D-01-0.6600000000D-03 0.8482800000D+01 0.3664500000D+00 0.7608000000D-02 0.5000000000D-02 0.2274131000D+01 0.6962000000D+00 0.5217400000D+01 0.5265900000D+01
1  720020214200202232452319.4-0.3000000000D-03 0.1700000000D-03 0.3839200000D+01 0.1703300000D+00 0.3622000000D-02 0.2500000000D-02 0.2771768000D+01 0.1156200000D+01 0.5642800000D+01 0.1997100000D+01 0.1510000000D-01 0.2200000000D-03 0.8473400000D+01 0.3656600000D+00 0.7573000000D-02 0.5500000000D-02 0.4583621000D+01 0.3009100000D+01 0.1247300000D+01 0.3660400000D+01
1  820020223200203042452328.4 0.4000000000D-03 0.0000000000D+00 0.3778700000D+01 0.1679900000D+00 0.3564000000D-02 0.2800000000D-02 0.5071189000D+01 0.3457300000D+01 0.1644600000D+01 0.2724000000D+00 0.1320000000D-01 0.4800000000D-03 0.8474400000D+01 0.3655800000D+00 0.7589000000D-02 0.5000000000D-02 0.6106290000D+00 0.5322400000D+01 0.3555800000D+01 0.2047700000D+01
1  920020304200203132452337.4 0.1700000000D-02-0.2400000000D-03 0.3722100000D+01 0.1653000000D+00 0.3525000000D-02 0.2700000000D-02 0.1087670000D+01 0.5761600000D+01 0.3952000000D+01 0.4765100000D+01 0.1530000000D-01-0.7000000000D-04 0.8483500000D+01 0.3638800000D+00 0.7656000000D-02 0.5600000000D-02 0.2921127000D+01 0.1355300000D+01 0.5900200000D+01 0.4822000000D+00
1 1020020313200203222452346.4 0.7000000000D-03 0.2000000000D-04 0.3672100000D+01 0.1625500000D+00 0.3403000000D-02 0.2500000000D-02 0.3387763000D+01 0.1779500000D+01 0.6261300000D+01 0.3137900000D+01 0.1730000000D-01-0.4200000000D-03 0.8503700000D+01 0.3656500000D+00 0.7569000000D-02 0.5400000000D-02 0.5232584000D+01 0.3666900000D+01 0.1910000000D+01 0.5017600000D+01
1 1120020322200203312452355.4-0.8000000000D-03 0.3100000000D-03 0.3628000000D+01 0.1599000000D+00 0.3378000000D-02 0.2400000000D-02 0.5688578000D+01 0.4086500000D+01 0.2298200000D+01 0.1247900000D+01 0.1740000000D-01-0.3000000000D-03 0.8531200000D+01 0.3671000000D+00 0.7657000000D-02 0.6500000000D-02 0.1261241000D+01 0.5982500000D+01 0.4219400000D+01 0.3440900000D+01
1 1220020331200204092452364.4 0.3000000000D-03 0.1000000000D-04 0.3590700000D+01 0.1579100000D+00 0.3295000000D-02 0.2300000000D-02 0.1707334000D+01 0.1085000000D+00 0.4605500000D+01 0.6033700000D+01 0.1350000000D-01 0.4800000000D-03 0.8567000000D+01 0.3671000000D+00 0.7652000000D-02 0.5800000000D-02 0.3573127000D+01 0.2013600000D+01 0.2731000000D+00 0.1661200000D+01
1 1320020409200204182452373.4 0.1300000000D-02-0.1600000000D-03 0.3560100000D+01 0.1565700000D+00 0.3274000000D-02 0.2200000000D-02 0.4010494000D+01 0.2417800000D+01 0.6204000000D+00 0.4285100000D+01 0.1310000000D-01 0.4300000000D-03 0.8611200000D+01 0.3696500000D+00 0.7690000000D-02 0.6400000000D-02 0.5885591000D+01 0.4327700000D+01 0.2576200000D+01 0.6282600000D+01
1 1420020418200204272452382.4 0.1000000000D-02-0.5000000000D-04 0.3537100000D+01 0.1543000000D+00 0.3264000000D-02 0.2100000000D-02 0.3114800000D-01 0.4730100000D+01 0.2963200000D+01 0.2802500000D+01 0.1740000000D-01-0.5000000000D-03 0.8661900000D+01 0.3707300000D+00 0.7698000000D-02 0.6000000000D-02 0.1914801000D+01 0.3582000000D+00 0.4907000000D+01 0.4462500000D+01
1 1520020427200205062452391.4 0.1000000000D-03 0.1500000000D-03 0.3523200000D+01 0.1536100000D+00 0.3167000000D-02 0.2300000000D-02 0.2336858000D+01 0.7543000000D+00 0.5259400000D+01 0.1014500000D+01 0.1750000000D-01-0.3500000000D-03 0.8717700000D+01 0.3737700000D+00 0.7750000000D-02 0.5700000000D-02 0.4227593000D+01 0.2671800000D+01 0.9300000000D+00 0.2909100000D+01
1 1620020506200205152452400.4-0.5000000000D-03 0.2300000000D-03 0.3516000000D+01 0.1529100000D+00 0.3165000000D-02 0.2300000000D-02 0.4643811000D+01 0.3068600000D+01 0.1289900000D+01 0.5844200000D+01 0.1480000000D-01 0.2900000000D-03 0.8775700000D+01 0.3764900000D+00 0.8014000000D-02 0.5400000000D-02 0.2568860000D+00 0.4990500000D+01 0.3245600000D+01 0.1076400000D+01
1 1720020515200205242452409.4 0.1000000000D-02-0.1200000000D-03 0.3517300000D+01 0.1518300000D+00 0.3140000000D-02 0.2500000000D-02 0.6687580000D+00 0.5382900000D+01 0.3629700000D+01 0.3992200000D+01 0.1340000000D-01 0.4700000000D-03 0.8842200000D+01 0.3785500000D+00 0.7914000000D-02 0.5400000000D-02 0.2569256000D+01 0.1016600000D+01 0.5570700000D+01 0.5886100000D+01
1 1820020524200206022452418.4 0.1700000000D-02-0.2000000000D-03 0.3526200000D+01 0.1520000000D+00 0.3142000000D-02 0.2500000000D-02 0.2978753000D+01 0.1415900000D+01 0.5940200000D+01 0.2356700000D+01 0.1480000000D-01 0.1000000000D-03 0.8909400000D+01 0.3833200000D+00 0.7969000000D-02 0.5600000000D-02 0.4881910000D+01 0.3327900000D+01 0.1579400000D+01 0.4184300000D+01
1 1920020602200206112452427.4 0.4000000000D-03 0.1400000000D-03 0.3542700000D+01 0.1516800000D+00 0.3130000000D-02 0.2700000000D-02 0.5289823000D+01 0.3732800000D+01 0.1995400000D+01 0.5755000000D+00 0.1840000000D-01-0.5900000000D-03 0.8975000000D+01 0.3857700000D+00 0.8173000000D-02 0.5600000000D-02 0.9104180000D+00 0.5643000000D+01 0.3902800000D+01 0.2678000000D+01
1 2020020611200206202452436.4 0.0000000000D+00 0.2000000000D-03 0.3566700000D+01 0.1525600000D+00 0.3132000000D-02 0.2300000000D-02 0.1319603000D+01 0.6049400000D+01 0.4304200000D+01 0.5184900000D+01 0.1680000000D-01-0.7000000000D-04 0.9043600000D+01 0.3891000000D+00 0.8146000000D-02 0.6500000000D-02 0.3221985000D+01 0.1667600000D+01 0.6212400000D+01 0.8632000000D+00
1 2120020620200206292452445.4 0.6000000000D-03 0.2000000000D-04 0.3595400000D+01 0.1535700000D+00 0.3218000000D-02 0.2500000000D-02 0.3633573000D+01 0.2089200000D+01 0.3406000000D+00 0.3441000000D+01 0.1280000000D-01 0.7600000000D-03 0.9107100000D+01 0.3918800000D+00 0.8290000000D-02 0.6600000000D-02 0.5532876000D+01 0.3979100000D+01 0.2246800000D+01 0.5622300000D+01
1 2220020629200207082452454.4 0.1800000000D-02-0.1800000000D-03 0.3631900000D+01 0.1542600000D+00 0.3181000000D-02 0.2300000000D-02 0.5948460000D+01 0.4404400000D+01 0.2675600000D+01 0.1837700000D+01 0.1460000000D-01 0.1900000000D-03 0.9167600000D+01 0.3949400000D+00 0.8371000000D-02 0.6800000000D-02 0.1560066000D+01 0.4500000000D-02 0.4552500000D+01 0.3794800000D+01
1 2320020708200207172452463.4 0.1900000000D-02-0.1100000000D-03 0.3672600000D+01 0.1561200000D+00 0.3191000000D-02 0.2400000000D-02 0.1981572000D+01 0.4377000000D+00 0.4985000000D+01 0.2496000000D+00 0.1720000000D-01-0.3500000000D-03 0.9220500000D+01 0.3998000000D+00 0.8539000000D-02 0.6500000000D-02 0.3870313000D+01 0.2313500000D+01 0.5549000000D+00 0.2110000000D+01
1 2420020717200207262452472.4 0.3000000000D-03 0.2600000000D-03 0.3715100000D+01 0.1575200000D+00 0.3265000000D-02 0.2200000000D-02 0.4297914000D+01 0.2758500000D+01 0.1031300000D+01 0.4899500000D+01 0.1770000000D-01-0.2800000000D-03 0.9266400000D+01 0.4007700000D+00 0.8614000000D-02 0.6800000000D-02 0.6179175000D+01 0.4621200000D+01 0.2880200000D+01 0.3766000000D+00
1 2520020726200208042452481.4 0.6000000000D-03 0.1400000000D-03 0.3760600000D+01 0.1593800000D+00 0.3303000000D-02 0.2700000000D-02 0.3316290000D+00 0.5074400000D+01 0.3348200000D+01 0.3293500000D+01 0.1550000000D-01 0.2500000000D-03 0.9307200000D+01 0.4040000000D+00 0.8568000000D-02 0.5900000000D-02 0.2204715000D+01 0.6404000000D+00 0.5167000000D+01 0.4995400000D+01
1 2620020804200208132452490.4 0.2400000000D-02-0.2200000000D-03 0.3805400000D+01 0.1610500000D+00 0.3389000000D-02 0.2500000000D-02 0.2648375000D+01 0.1109200000D+01 0.5678200000D+01 0.1691200000D+01 0.1190000000D-01 0.8000000000D-03 0.9333300000D+01 0.4067000000D+00 0.8667000000D-02 0.5400000000D-02 0.4512899000D+01 0.2946500000D+01 0.1180400000D+01 0.3242800000D+01
1 2720020813200208222452499.4 0.2500000000D-02-0.1400000000D-03 0.3848900000D+01 0.1631600000D+00 0.3429000000D-02 0.2800000000D-02 0.4964881000D+01 0.3423000000D+01 0.1701600000D+01 0.6221100000D+01 0.1600000000D-01-0.1600000000D-03 0.9350600000D+01 0.4067400000D+00 0.8640000000D-02 0.5800000000D-02 0.5366190000D+00 0.5249300000D+01 0.3492600000D+01 0.1654000000D+01
1 2820020822200208312452508.4 0.1800000000D-02 0.6000000000D-04 0.3888800000D+01 0.1660100000D+00 0.3518000000D-02 0.2900000000D-02 0.9981290000D+00 0.5736300000D+01 0.3989100000D+01 0.4455000000D+01 0.1900000000D-01-0.6500000000D-03 0.9356000000D+01 0.4074500000D+00 0.8728000000D-02 0.5900000000D-02 0.2843322000D+01 0.1270400000D+01 0.5796700000D+01 0.1333000000D+00
1 2920020831200209092452517.4 0.9000000000D-03 0.2200000000D-03 0.3923400000D+01 0.1672700000D+00 0.3563000000D-02 0.2800000000D-02 0.3312994000D+01 0.1764400000D+01 0.3310000000D-01 0.2808900000D+01 0.1560000000D-01 0.1800000000D-03 0.9348400000D+01 0.4075000000D+00 0.8672000000D-02 0.5900000000D-02 0.5149361000D+01 0.3572600000D+01 0.1815900000D+01 0.4695600000D+01
1 3020020909200209182452526.4 0.1700000000D-02 0.2000000000D-04 0.3952700000D+01 0.1692500000D+00 0.3587000000D-02 0.2700000000D-02 0.5627126000D+01 0.4071100000D+01 0.2324800000D+01 0.1036400000D+01 0.1360000000D-01 0.4900000000D-03 0.9330300000D+01 0.4082000000D+00 0.8729000000D-02 0.6600000000D-02 0.1171923000D+01 0.5875200000D+01 0.4099700000D+01 0.3097100000D+01
1 3120020918200209272452535.4 0.3700000000D-02-0.3200000000D-03 0.3973100000D+01 0.1708400000D+00 0.3615000000D-02 0.2500000000D-02 0.1656940000D+01 0.9390000000D-01 0.4625000000D+01 0.5636200000D+01 0.1420000000D-01 0.1500000000D-03 0.9298200000D+01 0.4066600000D+00 0.8855000000D-02 0.6900000000D-02 0.3476927000D+01 0.1897800000D+01 0.1288000000D+00 0.1354700000D+01
1 3220020927200210062452544.4 0.2700000000D-02-0.3000000000D-04 0.3984400000D+01 0.1716800000D+00 0.3636000000D-02 0.2700000000D-02 0.3968270000D+01 0.2398600000D+01 0.6468000000D+00 0.4009700000D+01 0.1710000000D-01-0.4000000000D-03 0.9259700000D+01 0.4056700000D+00 0.8661000000D-02 0.6600000000D-02 0.5781674000D+01 0.4196300000D+01 0.2419200000D+01 0.5973300000D+01
1 3320021006200210152452553.4 0.1300000000D-02 0.2500000000D-03 0.3985500000D+01 0.1723400000D+00 0.3739000000D-02 0.2300000000D-02 0.6278264000D+01 0.4705700000D+01 0.2948900000D+01 0.2444500000D+01 0.1810000000D-01-0.5000000000D-03 0.9212500000D+01 0.4046400000D+00 0.8595000000D-02 0.7000000000D-02 0.1803165000D+01 0.2137000000D+00 0.4707600000D+01 0.4140200000D+01
1 3420021015200210242452562.4 0.2000000000D-02 0.5000000000D-04 0.3977500000D+01 0.1725100000D+00 0.3689000000D-02 0.2600000000D-02 0.2303594000D+01 0.7214000000D+00 0.5248700000D+01 0.7501000000D+00 0.1340000000D-01 0.4700000000D-03 0.9154500000D+01 0.4012500000D+00 0.8546000000D-02 0.6200000000D-02 0.4107204000D+01 0.2517000000D+01 0.7392000000D+00 0.2495100000D+01
1 3520021024200211022452571.4 0.3100000000D-02-0.1400000000D-03 0.3959200000D+01 0.1729900000D+00 0.3711000000D-02 0.2500000000D-02 0.4610826000D+01 0.3021900000D+01 0.1239100000D+01 0.5455600000D+01 0.1240000000D-01 0.4800000000D-03 0.9091500000D+01 0.3991900000D+00 0.8515000000D-02 0.6200000000D-02 0.1281470000D+00 0.4819900000D+01 0.3029800000D+01 0.7359000000D+00
1 3620021102200211112452580.4 0.3700000000D-02-0.2000000000D-03 0.3930100000D+01 0.1721500000D+00 0.3777000000D-02 0.2900000000D-02 0.6330170000D+00 0.5325000000D+01 0.3544800000D+01 0.3779300000D+01 0.1640000000D-01-0.4700000000D-03 0.9025900000D+01 0.3947700000D+00 0.8370000000D-02 0.5300000000D-02 0.2432035000D+01 0.8386000000D+00 0.5350100000D+01 0.5320900000D+01
1 3720021111200211202452589.4 0.2400000000D-02 0.9000000000D-04 0.3893800000D+01 0.1713100000D+00 0.3679000000D-02 0.2600000000D-02 0.2937127000D+01 0.1335500000D+01 0.5830000000D+01 0.2026600000D+01 0.1680000000D-01-0.4500000000D-03 0.8956500000D+01 0.3922100000D+00 0.8258000000D-02 0.6000000000D-02 0.4736350000D+01 0.3141600000D+01 0.1360700000D+01 0.3735800000D+01
1 3820021120200211292452598.4 0.1300000000D-02 0.2800000000D-03 0.3848800000D+01 0.1699400000D+00 0.3652000000D-02 0.3000000000D-02 0.5239822000D+01 0.3632300000D+01 0.1836700000D+01 0.3093000000D+00 0.1470000000D-01 0.2000000000D-04 0.8884000000D+01 0.3901700000D+00 0.8387000000D-02 0.4900000000D-02 0.7577280000D+00 0.5450400000D+01 0.3652000000D+01 0.2130700000D+01
1 3920021129200212082452607.4 0.3000000000D-02-0.1100000000D-03 0.3795800000D+01 0.1678800000D+00 0.3627000000D-02 0.2600000000D-02 0.1257901000D+01 0.5929500000D+01 0.4137100000D+01 0.4797600000D+01 0.1220000000D-01 0.4400000000D-03 0.8817800000D+01 0.3851000000D+00 0.8112000000D-02 0.6100000000D-02 0.3062128000D+01 0.1468500000D+01 0.5978200000D+01 0.4509000000D+00
1 4020021208200212172452616.4 0.3800000000D-02-0.2400000000D-03 0.3736300000D+01 0.1662800000D+00 0.3612000000D-02 0.2700000000D-02 0.3558260000D+01 0.1943200000D+01 0.1302000000D+00 0.3127000000D+01 0.1270000000D-01 0.1500000000D-03 0.8752500000D+01 0.3827700000D+00 0.8026000000D-02 0.5700000000D-02 0.5367289000D+01 0.3774000000D+01 0.1987700000D+01 0.5084400000D+01
1 4120021217200212262452625.4 0.2600000000D-02 0.5000000000D-04 0.3672700000D+01 0.1630900000D+00 0.3539000000D-02 0.2500000000D-02 0.5857009000D+01 0.4238400000D+01 0.2443800000D+01 0.1293200000D+01 0.1680000000D-01-0.7000000000D-03 0.8689700000D+01 0.3796700000D+00 0.8026000000D-02 0.6600000000D-02 0.1389513000D+01 0.6082800000D+01 0.4295700000D+01 0.3442800000D+01
1 4220021226200301042452634.4 0.1900000000D-02 0.1600000000D-03 0.3605700000D+01 0.1608700000D+00 0.3458000000D-02 0.2300000000D-02 0.1872272000D+01 0.2485000000D+00 0.4721900000D+01 0.6091300000D+01 0.1530000000D-01-0.2500000000D-03 0.8634900000D+01 0.3763300000D+00 0.7831000000D-02 0.5700000000D-02 0.3695464000D+01 0.2104100000D+01 0.3250000000D+00 0.1637000000D+01
1 4320030104200301132452643.4 0.1900000000D-02 0.9000000000D-04 0.3534700000D+01 0.1586900000D+00 0.3459000000D-02 0.2100000000D-02 0.4169924000D+01 0.2546900000D+01 0.7152000000D+00 0.4286200000D+01 0.1140000000D-01 0.5100000000D-03 0.8582600000D+01 0.3729800000D+00 0.7905000000D-02 0.6600000000D-02 0.6001845000D+01 0.4416800000D+01 0.2646500000D+01 0.6230200000D+01
2 4420011231200201312452274.4 0.1040000000D-01-0.1000000000D-04 0.5731400000D+01 0.1288000000D-01 0.8000000000D-05 0.3500000000D-02 0.3879291000D+01 0.1332300000D+01 0.3076300000D+01 0.2463300000D+01-0.1640000000D-01-0.4000000000D-04 0.1255860000D+02 0.8010000000D-02 0.8500000000D-04 0.9000000000D-02 0.5774597000D+01 0.2740900000D+01 0.6212200000D+01 0.4519300000D+01
2 4520020131200203032452305.4 0.9200000000D-02 0.3000000000D-04 0.5412300000D+01 0.1277000000D-01 0.3800000000D-04 0.3700000000D-02 0.5721723000D+01 0.3256600000D+01 0.6024100000D+01 0.4230000000D-01-0.1540000000D-01-0.7000000000D-04 0.1238540000D+02 0.3390000000D-02 0.8800000000D-04 0.8000000000D-02 0.1376756000D+01 0.4152800000D+01 0.1739800000D+01 0.1981100000D+01
2 4620020303200204032452336.4 0.8700000000D-02 0.2000000000D-04 0.5144600000D+01 0.1060000000D-01 0.6200000000D-04 0.3200000000D-02 0.1277304000D+01 0.5219300000D+01 0.1785700000D+01 0.3667700000D+01-0.1700000000D-01 0.1000000000D-04 0.1236610000D+02 0.3810000000D-02 0.7400000000D-04 0.9300000000D-02 0.3266883000D+01 0.4251000000D+01 0.3415100000D+01 0.5714000000D+01
2 4720020403200205042452367.4 0.9000000000D-02 0.0000000000D+00 0.4972700000D+01 0.6980000000D-02 0.8200000000D-04 0.3700000000D-02 0.3120764000D+01 0.9982000000D+00 0.3818600000D+01 0.1336200000D+01-0.1770000000D-01 0.0000000000D+00 0.1250110000D+02 0.7860000000D-02 0.5200000000D-04 0.7500000000D-02 0.5160431000D+01 0.5692400000D+01 0.5070000000D+01 0.3249800000D+01
2 4820020504200206042452398.4 0.8800000000D-02 0.1000000000D-04 0.4921300000D+01 0.2790000000D-02 0.8500000000D-04 0.3500000000D-02 0.4978266000D+01 0.3595800000D+01 0.5761500000D+01 0.4841200000D+01-0.1830000000D-01 0.1000000000D-04 0.1276000000D+02 0.1090000000D-01 0.3200000000D-04 0.9700000000D-02 0.7712650000D+00 0.1143800000D+01 0.5894700000D+01 0.8618000000D+00
2 4920020604200207052452429.4 0.9400000000D-02 0.0000000000D+00 0.4995100000D+01 0.4440000000D-02 0.7100000000D-04 0.3200000000D-02 0.5743090000D+00 0.8256000000D+00 0.1486100000D+01 0.2471700000D+01-0.1990000000D-01 0.6000000000D-04 0.1308720000D+02 0.1123000000D-01 0.4400000000D-04 0.9200000000D-02 0.2663393000D+01 0.2849800000D+01 0.2544000000D+00 0.4478000000D+01
2 5020020705200208052452460.4 0.9900000000D-02 0.0000000000D+00 0.5169900000D+01 0.8470000000D-02 0.3000000000D-04 0.3800000000D-02 0.2476050000D+01 0.3049200000D+01 0.3917300000D+01 0.6271400000D+01-0.1930000000D-01-0.1000000000D-04 0.1339650000D+02 0.8890000000D-02 0.8900000000D-04 0.9300000000D-02 0.4550853000D+01 0.4531700000D+01 0.1749600000D+01 0.2044800000D+01
2 5120020805200209052452491.4 0.9400000000D-02 0.3000000000D-04 0.5395400000D+01 0.9790000000D-02 0.4600000000D-04 0.3800000000D-02 0.4392270000D+01 0.5086000000D+01 0.1530700000D+01 0.3828200000D+01-0.1840000000D-01-0.2000000000D-04 0.1359060000D+02 0.4260000000D-02 0.1140000000D-03 0.9100000000D-02 0.1498200000D+00 0.5917800000D+01 0.3562300000D+01 0.5849100000D+01
2 5220020905200210062452522.4 0.9700000000D-02 0.0000000000D+00 0.5588600000D+01 0.7100000000D-02 0.9100000000D-04 0.3900000000D-02 0.2623600000D-01 0.8417000000D+00 0.3718300000D+01 0.1283500000D+01-0.2000000000D-01 0.8000000000D-04 0.1360060000D+02 0.4920000000D-02 0.9100000000D-04 0.8700000000D-02 0.2027693000D+01 0.6025900000D+01 0.5296300000D+01 0.3349400000D+01
2 5320021006200211062452553.4 0.1000000000D-01-0.2000000000D-04 0.5666100000D+01 0.1990000000D-02 0.1030000000D-03 0.3300000000D-02 0.1931181000D+01 0.3521500000D+01 0.5720600000D+01 0.4974500000D+01-0.1950000000D-01 0.5000000000D-04 0.1341490000D+02 0.9920000000D-02 0.4800000000D-04 0.9700000000D-02 0.3903230000D+01 0.1238100000D+01 0.3891000000D+00 0.7386000000D+00
2 5420021106200212072452584.4 0.9600000000D-02-0.1000000000D-04 0.5587400000D+01 0.5540000000D-02 0.8100000000D-04 0.3600000000D-02 0.3816305000D+01 0.1001700000D+01 0.1467400000D+01 0.2677700000D+01-0.1870000000D-01 0.3000000000D-04 0.1310100000D+02 0.1226000000D-01 0.3100000000D-04 0.7400000000D-02 0.5778549000D+01 0.2954100000D+01 0.6220000000D+00 0.4402200000D+01
2 5520021207200301072452615.4 0.9400000000D-02-0.3000000000D-04 0.5372500000D+01 0.1031000000D-01 0.3800000000D-04 0.3500000000D-02 0.5680790000D+01 0.3096300000D+01 0.3437500000D+01 0.6155000000D+01-0.1890000000D-01 0.5000000000D-04 0.1275430000D+02 0.1106000000D-01 0.6300000000D-04 0.8100000000D-02 0.1373068000D+01 0.4728900000D+01 0.2038100000D+01 0.2069100000D+01
3 5620011231200201272452274.4 0.3070000000D-01 0.2900000000D-03 0.7998800000D+01 0.1770000000D-01 0.1800000000D-04 0.1460000000D-01 0.2255811000D+01 0.5967100000D+01 0.1345200000D+01 0.3863000000D+00 0.2480000000D-01 0.9000000000D-04 0.1748900000D+02 0.1106000000D-01 0.1240000000D-03 0.3320000000D-01 0.4154592000D+01 0.1092500000D+01 0.4723100000D+01 0.2313700000D+01
3 5720020127200202232452301.4 0.3800000000D-01-0.3500000000D-03 0.7608700000D+01 0.1753000000D-01 0.3700000000D-04 0.1580000000D-01 0.5458790000D+01 0.2976600000D+01 0.5484600000D+01 0.6442000000D+00 0.3170000000D-01 0.7200000000D-03 0.1726930000D+02 0.6070000000D-02 0.1340000000D-03 0.3600000000D-01 0.1110960000D+01 0.3928700000D+01 0.1371300000D+01 0.2611800000D+01
3 5820020223200203222452328.4 0.2510000000D-01-0.1200000000D-03 0.7268100000D+01 0.1543000000D-01 0.6700000000D-04 0.1350000000D-01 0.2373919000D+01 0.6268200000D+01 0.2518700000D+01 0.8775000000D+00 0.5230000000D-01-0.7500000000D-03 0.1720920000D+02 0.3780000000D-02 0.1160000000D-03 0.3120000000D-01 0.4353525000D+01 0.5733300000D+01 0.4343100000D+01 0.2899700000D+01
3 5920020322200204182452355.4 0.2240000000D-01 0.3200000000D-03 0.7020000000D+01 0.1230000000D-01 0.1060000000D-03 0.1270000000D-01 0.5573085000D+01 0.3363900000D+01 0.6158900000D+01 0.8751000000D+00 0.2920000000D-01-0.3700000000D-03 0.1731190000D+02 0.8200000000D-02 0.8200000000D-04 0.3130000000D-01 0.1314506000D+01 0.1829600000D+01 0.1328300000D+01 0.2912000000D+01
3 6020020418200205152452382.4 0.3210000000D-01-0.2300000000D-03 0.6890900000D+01 0.7500000000D-02 0.1280000000D-03 0.1430000000D-01 0.2495887000D+01 0.5919000000D+00 0.3246600000D+01 0.1114000000D+01 0.2460000000D-01 0.8500000000D-03 0.1756390000D+02 0.1332000000D-01 0.4400000000D-04 0.3680000000D-01 0.4559032000D+01 0.4905300000D+01 0.3813800000D+01 0.3177400000D+01
3 6120020515200206112452409.4 0.2410000000D-01-0.2000000000D-03 0.6893900000D+01 0.3800000000D-02 0.1230000000D-03 0.1340000000D-01 0.5715620000D+01 0.4889300000D+01 0.2499000000D+00 0.1394300000D+01 0.5060000000D-01-0.3700000000D-03 0.1792480000D+02 0.1524000000D-01 0.2300000000D-04 0.3450000000D-01 0.1519916000D+01 0.1684900000D+01 0.6239600000D+01 0.3497000000D+01
3 6220020611200207082452436.4 0.1990000000D-01 0.3900000000D-03 0.7023000000D+01 0.7500000000D-02 0.9700000000D-04 0.1270000000D-01 0.2669280000D+01 0.2914000000D+01 0.3751700000D+01 0.1460400000D+01 0.3370000000D-01-0.5500000000D-03 0.1832870000D+02 0.1502000000D-01 0.6600000000D-04 0.3230000000D-01 0.4760854000D+01 0.4794900000D+01 0.2185400000D+01 0.3523200000D+01
3 6320020708200208042452463.4 0.3300000000D-01-0.2000000000D-04 0.7251000000D+01 0.1231000000D-01 0.3200000000D-04 0.1530000000D-01 0.5922590000D+01 0.2126000000D+00 0.1464800000D+01 0.1696000000D+01 0.1910000000D-01 0.1000000000D-02 0.1869230000D+02 0.1121000000D-01 0.1170000000D-03 0.3830000000D-01 0.1715010000D+01 0.1656200000D+01 0.5435900000D+01 0.3711700000D+01
3 6420020804200208312452490.4 0.3050000000D-01-0.2300000000D-03 0.7527400000D+01 0.1351000000D-01 0.5800000000D-04 0.1510000000D-01 0.2904682000D+01 0.3596700000D+01 0.2000000000D-03 0.2017000000D+01 0.4790000000D-01 0.1000000000D-04 0.1892190000D+02 0.6050000000D-02 0.1380000000D-03 0.3760000000D-01 0.4950163000D+01 0.4333300000D+01 0.1999600000D+01 0.4029500000D+01
3 6520020831200209272452517.4 0.2300000000D-01 0.4000000000D-03 0.7771100000D+01 0.1071000000D-01 0.1070000000D-03 0.1380000000D-01 0.6171584000D+01 0.7090000000D+00 0.3568700000D+01 0.2119200000D+01 0.4190000000D-01-0.8600000000D-03 0.1895660000D+02 0.5420000000D-02 0.1530000000D-03 0.3260000000D-01 0.1899241000D+01 0.6125300000D+01 0.5080400000D+01 0.4093400000D+01
3 6620020927200210242452544.4 0.3550000000D-01 0.1500000000D-03 0.7903100000D+01 0.5080000000D-02 0.1320000000D-03 0.1600000000D-01 0.3148309000D+01 0.4355900000D+01 0.6286000000D+00 0.2280800000D+01 0.1900000000D-01 0.6500000000D-03 0.1878160000D+02 0.1176000000D-01 0.1020000000D-03 0.3710000000D-01 0.5130719000D+01 0.2496400000D+01 0.1434500000D+01 0.4229100000D+01
3 6720021024200211202452571.4 0.3730000000D-01-0.4000000000D-03 0.7874400000D+01 0.4560000000D-02 0.1210000000D-03 0.1560000000D-01 0.1125320000D+00 0.3182300000D+01 0.3960700000D+01 0.2590900000D+01 0.4340000000D-01 0.1800000000D-03 0.1844130000D+02 0.1543000000D-01 0.5800000000D-04 0.3780000000D-01 0.2079575000D+01 0.5519400000D+01 0.4156000000D+01 0.4534700000D+01
3 6820021120200212172452598.4 0.2490000000D-01 0.1400000000D-03 0.7683100000D+01 0.1039000000D-01 0.9800000000D-04 0.1300000000D-01 0.3344491000D+01 0.6387000000D+00 0.9178000000D+00 0.2703100000D+01 0.4540000000D-01-0.9900000000D-03 0.1802200000D+02 0.1612000000D-01 0.3800000000D-04 0.3130000000D-01 0.5312736000D+01 0.2286900000D+01 0.5448000000D+01 0.4674200000D+01
3 6920021217200301132452625.4 0.3140000000D-01 0.1100000000D-03 0.7377500000D+01 0.1519000000D-01 0.4700000000D-04 0.1380000000D-01 0.2773950000D+00 0.3999500000D+01 0.4231800000D+01 0.2769600000D+01 0.1750000000D-01 0.3300000000D-03 0.1761800000D+02 0.1401000000D-01 0.9500000000D-04 0.3450000000D-01 0.2265374000D+01 0.5442700000D+01 0.2615600000D+01 0.4767900000D+01
3 7020030113200302092452652.4 0.3420000000D-01-0.4600000000D-03 0.7018300000D+01 0.1734000000D-01 0.2400000000D-04 0.1430000000D-01 0.3480135000D+01 0.1000400000D+01 0.2531100000D+01 0.3041400000D+01 0.3150000000D-01 0.5600000000D-03 0.1730450000D+02 0.9500000000D-02 0.1030000000D-03 0.3650000000D-01 0.5504186000D+01 0.2121700000D+01 0.5562700000D+01 0.5079300000D+01
4 7120011231200201172452274.2-0.3720000000D-01-0.2000000000D-04 0.1306230000D+02 0.2739000000D-01 0.4100000000D-04 0.1200000000D-01 0.1398254000D+01 0.5037000000D+01 0.5909600000D+01 0.1288900000D+01 0.9000000000D-03 0.2430000000D-02 0.2867760000D+02 0.1462000000D-01 0.2410000000D-03 0.2560000000D-01 0.3294620000D+01 0.5876400000D+01 0.1080300000D+01 0.3152200000D+01
4 7220020117200202032452291.2-0.2400000000D-01 0.1800000000D-03 0.1265460000D+02 0.2776000000D-01 0.9500000000D-04 0.6800000000D-02 0.1081009000D+01 0.4770800000D+01 0.3830000000D-01 0.2428000000D+00 0.3460000000D-01-0.7900000000D-03 0.2844300000D+02 0.1504000000D-01 0.2370000000D-03 0.1510000000D-01 0.2999495000D+01 0.5633500000D+01 0.2772400000D+01 0.2218400000D+01
4 7320020203200202202452308.2-0.2660000000D-01-0.8000000000D-04 0.1226550000D+02 0.3053000000D-01 0.2610000000D-03 0.1020000000D-01 0.7629870000D+00 0.4701800000D+01 0.2248500000D+01 0.5608600000D+01 0.3790000000D-01 0.2150000000D-02 0.2829240000D+02 0.8490000000D-02 0.6510000000D-03 0.2400000000D-01 0.2707120000D+01 0.2562000000D+00 0.4056300000D+01 0.1316800000D+01
4 7420020220200203092452325.2-0.1550000000D-01-0.1250000000D-02 0.1190810000D+02 0.2186000000D-01 0.1650000000D-03 0.9700000000D-02 0.4395830000D+00 0.4298400000D+01 0.4988900000D+01 0.4954900000D+01 0.4370000000D-01 0.1810000000D-02 0.2821630000D+02 0.1859000000D-01 0.6240000000D-03 0.2350000000D-01 0.2411169000D+01 0.3790500000D+01 0.9230000000D+00 0.6835000000D+00
4 7520020309200203262452342.2-0.4130000000D-01 0.4000000000D-03 0.1163070000D+02 0.2315000000D-01 0.1990000000D-03 0.1430000000D-01 0.1178140000D+00 0.4049500000D+01 0.4855000000D+00 0.4348600000D+01 0.9010000000D-01-0.1300000000D-03 0.2829240000D+02 0.9830000000D-02 0.1710000000D-03 0.3510000000D-01 0.2119241000D+01 0.2908800000D+01 0.2635800000D+01 0.7730000000D-01
4 7620020326200204122452359.2-0.3570000000D-01-0.1230000000D-02 0.1140110000D+02 0.1948000000D-01 0.2190000000D-03 0.1500000000D-01 0.6081105000D+01 0.4051900000D+01 0.1359900000D+01 0.4056300000D+01 0.7020000000D-01 0.3200000000D-03 0.2845230000D+02 0.1375000000D-01 0.3150000000D-03 0.3740000000D-01 0.1826587000D+01 0.2065700000D+01 0.3048800000D+01 0.6131000000D+01
4 7720020412200204292452376.2-0.4950000000D-01 0.5100000000D-03 0.1126520000D+02 0.1102000000D-01 0.1410000000D-03 0.1420000000D-01 0.5762367000D+01 0.3707400000D+01 0.5117100000D+01 0.3443500000D+01 0.8660000000D-01-0.2130000000D-02 0.2870270000D+02 0.2677000000D-01 0.7800000000D-03 0.3650000000D-01 0.1532751000D+01 0.2246400000D+01 0.2110000000D-01 0.5531000000D+01
4 7820020429200205162452393.2-0.4520000000D-01 0.1200000000D-03 0.1121480000D+02 0.9490000000D-02 0.2460000000D-03 0.1410000000D-01 0.5449489000D+01 0.3785800000D+01 0.5850000000D-01 0.3137400000D+01 0.3790000000D-01 0.3100000000D-03 0.2905000000D+02 0.2232000000D-01 0.1020000000D-03 0.3690000000D-01 0.1239757000D+01 0.1443800000D+01 0.2145600000D+01 0.5235800000D+01
4 7920020516200206022452410.2-0.2940000000D-01 0.1600000000D-03 0.1124620000D+02 0.5040000000D-02 0.1880000000D-03 0.8500000000D-02 0.5141028000D+01 0.4547900000D+01 0.5720600000D+01 0.2681200000D+01 0.3310000000D-01-0.1780000000D-02 0.2944620000D+02 0.2391000000D-01 0.1730000000D-03 0.2230000000D-01 0.9449480000D+00 0.1009900000D+01 0.2542400000D+01 0.4727900000D+01
4 8020020602200206192452427.2-0.3230000000D-01 0.4800000000D-03 0.1136150000D+02 0.9260000000D-02 0.1410000000D-03 0.9500000000D-02 0.4841980000D+01 0.5072200000D+01 0.4756700000D+01 0.1822200000D+01 0.3000000000D-03 0.3850000000D-02 0.2988480000D+02 0.1830000000D-01 0.6670000000D-03 0.2330000000D-01 0.6492260000D+00 0.1065100000D+01 0.6141300000D+01 0.3913700000D+01
4 8120020619200207062452444.2-0.1860000000D-01-0.2700000000D-03 0.1155160000D+02 0.1373000000D-01 0.2150000000D-03 0.6300000000D-02 0.4548810000D+01 0.4921700000D+01 0.5666800000D+01 0.9796000000D+00 0.3210000000D-01 0.3100000000D-03 0.3027140000D+02 0.2263000000D-01 0.1620000000D-03 0.1640000000D-01 0.3527620000D+00 0.2823000000D+00 0.2463000000D+01 0.3096200000D+01
4 8220020706200207232452461.2-0.3060000000D-01 0.2200000000D-03 0.1179520000D+02 0.1949000000D-01 0.6700000000D-04 0.1090000000D-01 0.4261677000D+01 0.4852800000D+01 0.5593100000D+01 0.6279400000D+01 0.7710000000D-01 0.1000000000D-04 0.3062850000D+02 0.2019000000D-01 0.2960000000D-03 0.2840000000D-01 0.5389400000D-01 0.2077000000D+00 0.4155900000D+01 0.2080700000D+01
4 8320020723200208092452478.2-0.2240000000D-01-0.1850000000D-02 0.1208220000D+02 0.1950000000D-01 0.9100000000D-04 0.1260000000D-01 0.3981755000D+01 0.4603000000D+01 0.4954500000D+01 0.6016000000D+01 0.4210000000D-01 0.4300000000D-02 0.3095340000D+02 0.1207000000D-01 0.4660000000D-03 0.3290000000D-01 0.6040333000D+01 0.4799000000D+01 0.5340000000D+00 0.1729400000D+01
4 8420020809200208262452495.2-0.4690000000D-01 0.5400000000D-03 0.1235610000D+02 0.2284000000D-01 0.1960000000D-03 0.1530000000D-01 0.3702438000D+01 0.4376000000D+01 0.3456000000D+00 0.5319600000D+01 0.1088000000D+00-0.1870000000D-02 0.3107530000D+02 0.8120000000D-02 0.3860000000D-03 0.3730000000D-01 0.5739039000D+01 0.5806100000D+01 0.3225000000D+01 0.1056000000D+01
4 8520020826200209122452512.2-0.5170000000D-01-0.2600000000D-03 0.1261390000D+02 0.2056000000D-01 0.1630000000D-03 0.1740000000D-01 0.3423714000D+01 0.4293800000D+01 0.1017900000D+01 0.5072600000D+01 0.7200000000D-01 0.6000000000D-03 0.3111990000D+02 0.2290000000D-02 0.2790000000D-03 0.4330000000D-01 0.5439015000D+01 0.2943700000D+01 0.2786200000D+01 0.7997000000D+00
4 8620020912200209292452529.2-0.4610000000D-01-0.7000000000D-04 0.1280990000D+02 0.1063000000D-01 0.1790000000D-03 0.1400000000D-01 0.3145809000D+01 0.3954000000D+01 0.5376700000D+01 0.4647700000D+01 0.6680000000D-01-0.2100000000D-02 0.3103170000D+02 0.2338000000D-01 0.8520000000D-03 0.3440000000D-01 0.5141513000D+01 0.3069300000D+01 0.7045000000D+00 0.3660000000D+00
4 8720020929200210162452546.2-0.5970000000D-01 0.1370000000D-02 0.1288990000D+02 0.1429000000D-01 0.4880000000D-03 0.1460000000D-01 0.2860208000D+01 0.4052700000D+01 0.6141000000D+00 0.4117300000D+01 0.4560000000D-01-0.3000000000D-03 0.3078150000D+02 0.1727000000D-01 0.3450000000D-03 0.3620000000D-01 0.4839074000D+01 0.1541200000D+01 0.2774000000D+01 0.6086600000D+01
4 8820021016200211022452563.2-0.2980000000D-01-0.2500000000D-03 0.1289510000D+02 0.6330000000D-02 0.1940000000D-03 0.9600000000D-02 0.2572327000D+01 0.4915200000D+01 0.7760000000D-01 0.3749800000D+01 0.1830000000D-01-0.3700000000D-03 0.3044260000D+02 0.2181000000D-01 0.1280000000D-03 0.2260000000D-01 0.4539976000D+01 0.1463400000D+01 0.1595800000D+01 0.5700500000D+01
4 8920021102200211192452580.2-0.3390000000D-01 0.1060000000D-02 0.1277210000D+02 0.9800000000D-02 0.2350000000D-03 0.8300000000D-02 0.2278813000D+01 0.5803700000D+01 0.5184500000D+01 0.2553600000D+01 0.2600000000D-01 0.1470000000D-02 0.3003530000D+02 0.2741000000D-01 0.7580000000D-03 0.1950000000D-01 0.4242469000D+01 0.1608600000D+01 0.6032600000D+01 0.4548800000D+01
4 9020021119200212062452597.2-0.2110000000D-01-0.3700000000D-03 0.1255200000D+02 0.1420000000D-01 0.4460000000D-03 0.8300000000D-02 0.1976530000D+01 0.5148600000D+01 0.6278900000D+01 0.1927800000D+01 0.2060000000D-01 0.2630000000D-02 0.2958510000D+02 0.2529000000D-01 0.5660000000D-03 0.1990000000D-01 0.3942892000D+01 0.4230000000D+00 0.2297600000D+01 0.3939200000D+01
4 9120021206200212232452614.2-0.2740000000D-01 0.6000000000D-04 0.1226140000D+02 0.2144000000D-01 0.1050000000D-03 0.1110000000D-01 0.1670475000D+01 0.5257200000D+01 0.5532300000D+01 0.9636000000D+00 0.8140000000D-01-0.6800000000D-03 0.2917040000D+02 0.2572000000D-01 0.2030000000D-03 0.2740000000D-01 0.3646492000D+01 0.4408000000D+00 0.4314200000D+01 0.2954100000D+01
4 9220021223200301092452631.2-0.3790000000D-01-0.5900000000D-03 0.1191660000D+02 0.2643000000D-01 0.3000000000D-04 0.1530000000D-01 0.1357559000D+01 0.5046500000D+01 0.2901900000D+01 0.6852000000D+00 0.6670000000D-01 0.2440000000D-02 0.2876520000D+02 0.1672000000D-01 0.3700000000D-03 0.3630000000D-01 0.3351084000D+01 0.2699000000D+00 0.5365000000D+01 0.2657600000D+01
4 9320030109200301262452648.2-0.4330000000D-01 0.2400000000D-03 0.1154050000D+02 0.2660000000D-01 0.3390000000D-03 0.1360000000D-01 0.1039175000D+01 0.4641600000D+01 0.6113800000D+01 0.1030000000D+00 0.1049000000D+00-0.3460000000D-02 0.2847750000D+02 0.2261000000D-01 0.4940000000D-03 0.3280000000D-01 0.3056145000D+01 0.5855600000D+01 0.2624900000D+01 0.2161600000D+01
4 9420030126200302122452665.2-0.5020000000D-01 0.3700000000D-03 0.1116530000D+02 0.2868000000D-01 0.7700000000D-04 0.1510000000D-01 0.7172260000D+00 0.4545600000D+01 0.1136800000D+01 0.5970400000D+01 0.6990000000D-01-0.2300000000D-03 0.2823410000D+02 0.1281000000D-01 0.3290000000D-03 0.3900000000D-01 0.2762263000D+01 0.5537000000D+01 0.3517900000D+01 0.1742300000D+01
5 9520011231200201222452274.4-0.3730000000D-01 0.3700000000D-03 0.1752470000D+02 0.4021000000D-01 0.2420000000D-03 0.1050000000D-01 0.5127411000D+01 0.2655700000D+01 0.7341000000D+00 0.2146000000D+01 0.2710000000D-01 0.6200000000D-03 0.3840230000D+02 0.2709000000D-01 0.5820000000D-03 0.2020000000D-01 0.7346610000D+00 0.3954800000D+01 0.1650000000D+01 0.3995600000D+01
5 9620020122200202132452296.4-0.4240000000D-01 0.0000000000D+00 0.1682870000D+02 0.4115000000D-01 0.1870000000D-03 0.1320000000D-01 0.2801693000D+01 0.2808000000D+00 0.3288300000D+01 0.4226500000D+01 0.6420000000D-01-0.4930000000D-02 0.3801190000D+02 0.2701000000D-01 0.8070000000D-03 0.3280000000D-01 0.4721260000D+01 0.1308400000D+01 0.4870000000D+01 0.6111400000D+01
5 9720020213200203072452318.4-0.4200000000D-01 0.4500000000D-03 0.1617350000D+02 0.3652000000D-01 0.1270000000D-03 0.1460000000D-01 0.4724540000D+00 0.4326100000D+01 0.5855000000D+00 0.4420000000D-01-0.4480000000D-01 0.1090000000D-02 0.3777470000D+02 0.1386000000D-01 0.4780000000D-03 0.3550000000D-01 0.2426766000D+01 0.4347500000D+01 0.1879400000D+01 0.2060700000D+01
5 9820020307200203292452340.4-0.2210000000D-01 0.6800000000D-03 0.1563380000D+02 0.3090000000D-01 0.1290000000D-03 0.1210000000D-01 0.4424723000D+01 0.2144200000D+01 0.4874700000D+01 0.2260300000D+01-0.6160000000D-01-0.2800000000D-03 0.3782830000D+02 0.1177000000D-01 0.1820000000D-03 0.2900000000D-01 0.1335570000D+00 0.8186000000D+00 0.6278900000D+01 0.4245200000D+01
5 9920020329200204202452362.4-0.4000000000D-03 0.4000000000D-04 0.1525630000D+02 0.2455000000D-01 0.2050000000D-03 0.6200000000D-02 0.2095161000D+01 0.6262200000D+01 0.2761800000D+01 0.4470600000D+01-0.5700000000D-01 0.7200000000D-03 0.3811950000D+02 0.1938000000D-01 0.1790000000D-03 0.1630000000D-01 0.4122865000D+01 0.4412300000D+01 0.4218800000D+01 0.1863000000D+00
510020020420200205122452384.4-0.1160000000D-01 0.4800000000D-03 0.1507890000D+02 0.1817000000D-01 0.3700000000D-03 0.4000000000D-03 0.6053823000D+01 0.4072600000D+01 0.4336000000D+00 0.2629500000D+01-0.1780000000D-01 0.1810000000D-02 0.3861830000D+02 0.2562000000D-01 0.2530000000D-03 0.1200000000D-02 0.1827977000D+01 0.2086700000D+01 0.1470400000D+01 0.4687000000D+01
510120020512200206032452406.4-0.2100000000D-02-0.1750000000D-02 0.1507700000D+02 0.5060000000D-02 0.3750000000D-03 0.6900000000D-02 0.3736573000D+01 0.2258600000D+01 0.4014900000D+01 0.5528800000D+01 0.3460000000D-01-0.3400000000D-03 0.3926100000D+02 0.3290000000D-01 0.6140000000D-03 0.1690000000D-01 0.5813621000D+01 0.4780000000D-01 0.4657400000D+01 0.1373500000D+01
510220020603200206252452428.4-0.2820000000D-01-0.8100000000D-03 0.1524460000D+02 0.1411000000D-01 0.1200000000D-03 0.1110000000D-01 0.1432148000D+01 0.1709300000D+01 0.2015500000D+01 0.1500400000D+01-0.1460000000D-01 0.3690000000D-02 0.3989610000D+02 0.5177000000D-01 0.1066000000D-02 0.2860000000D-01 0.3516479000D+01 0.3831500000D+01 0.1272600000D+01 0.3462700000D+01
510320020625200207172452450.4-0.5440000000D-01 0.1700000000D-02 0.1558710000D+02 0.2413000000D-01 0.3280000000D-03 0.1320000000D-01 0.5424910000D+01 0.5672200000D+01 0.1181400000D+01 0.3531600000D+01 0.9400000000D-01-0.9450000000D-02 0.4057820000D+02 0.5370000000D-01 0.1263000000D-02 0.3840000000D-01 0.1219341000D+01 0.1087400000D+01 0.4366100000D+01 0.5631900000D+01
510420020717200208082452472.4-0.1980000000D-01-0.8000000000D-03 0.1607940000D+02 0.2166000000D-01 0.4650000000D-03 0.1490000000D-01 0.3143003000D+01 0.3538000000D+01 0.4629400000D+01 0.5690400000D+01-0.9190000000D-01 0.3740000000D-02 0.4123380000D+02 0.4061000000D-01 0.1201000000D-02 0.3580000000D-01 0.5202700000D+01 0.4450400000D+01 0.1235800000D+01 0.1556200000D+01
510520020808200208302452494.4-0.3420000000D-01 0.2220000000D-02 0.1658300000D+02 0.2215000000D-01 0.2500000000D-03 0.1150000000D-01 0.8658240000D+00 0.1617000000D+01 0.1897900000D+01 0.1671400000D+01-0.5040000000D-01-0.1300000000D-02 0.4161870000D+02 0.1868000000D-01 0.5640000000D-03 0.2720000000D-01 0.2898779000D+01 0.1425200000D+01 0.4604000000D+01 0.3642500000D+01
510620020830200209212452516.4 0.1000000000D-01-0.1040000000D-02 0.1699600000D+02 0.2349000000D-01 0.1250000000D-03 0.5500000000D-02 0.4873457000D+01 0.5792500000D+01 0.2610200000D+01 0.3858600000D+01-0.6430000000D-01 0.2090000000D-02 0.4164010000D+02 0.1373000000D-01 0.1840000000D-03 0.1360000000D-01 0.5951810000D+00 0.4544900000D+01 0.3313000000D+01 0.5849100000D+01
510720020921200210132452538.4-0.8000000000D-02-0.2500000000D-03 0.1725560000D+02 0.1620000000D-01 0.3430000000D-03 0.2300000000D-02 0.2595636000D+01 0.3617300000D+01 0.1220000000D-01 0.2607900000D+01 0.2900000000D-02 0.1090000000D-02 0.4134610000D+02 0.1931000000D-01 0.2880000000D-03 0.5600000000D-02 0.4575711000D+01 0.1820000000D+01 0.1413600000D+01 0.4684000000D+01
510820021013200211042452560.4-0.2360000000D-01-0.8200000000D-03 0.1729600000D+02 0.7080000000D-02 0.3820000000D-03 0.1020000000D-01 0.3104080000D+00 0.2126800000D+01 0.4023400000D+01 0.5046000000D+01 0.3730000000D-01 0.2000000000D-03 0.4081300000D+02 0.2894000000D-01 0.1530000000D-03 0.2280000000D-01 0.2273960000D+01 0.5584000000D+01 0.5282800000D+01 0.7446000000D+00
510920021104200211262452582.4-0.3920000000D-01-0.6000000000D-03 0.1710900000D+02 0.1590000000D-01 0.2500000000D-03 0.1420000000D-01 0.4298331000D+01 0.1158200000D+01 0.2172700000D+01 0.9954000000D+00 0.3000000000D-03 0.1050000000D-02 0.4015130000D+02 0.4125000000D-01 0.3480000000D-03 0.3400000000D-01 0.6256991000D+01 0.3289000000D+01 0.9295000000D+00 0.2910100000D+01
511020021126200212182452604.4-0.5540000000D-01 0.1700000000D-02 0.1669840000D+02 0.2671000000D-01 0.3500000000D-03 0.1490000000D-01 0.1992089000D+01 0.5279800000D+01 0.5623000000D+00 0.3097100000D+01 0.2620000000D-01-0.5320000000D-02 0.3940520000D+02 0.4828000000D-01 0.7000000000D-03 0.3740000000D-01 0.3956220000D+01 0.6678000000D+00 0.3838400000D+01 0.5122300000D+01
511120021218200301092452626.4-0.1110000000D-01-0.6600000000D-03 0.1610130000D+02 0.2794000000D-01 0.4920000000D-03 0.1300000000D-01 0.5958950000D+01 0.3066300000D+01 0.4301800000D+01 0.5272200000D+01-0.7200000000D-01 0.9100000000D-03 0.3865560000D+02 0.3818000000D-01 0.5710000000D-03 0.2830000000D-01 0.1657734000D+01 0.4344300000D+01 0.8435000000D+00 0.1007100000D+01
511220030109200301312452648.4-0.3160000000D-01 0.2430000000D-02 0.1543990000D+02 0.2940000000D-01 0.3510000000D-03 0.7100000000D-02 0.3635975000D+01 0.1154000000D+01 0.1221900000D+01 0.1110000000D+01-0.6050000000D-01 0.1510000000D-02 0.3803440000D+02 0.1797000000D-01 0.1720000000D-03 0.1840000000D-01 0.5646005000D+01 0.1817000000D+01 0.3270700000D+01 0.2983800000D+01
