 4 2    2   13 19.7027  4.9788 36.0 36.0   23 2456657.5000 2014                                                                                                                                                                                                                                                                                                                  
1  220131231201402052456657.4 0.1346000000D+00 0.8000000000D-03 0.8306000000D+01 0.7281000000D-01 0.4480000000D-03 0.6590000000D-01-0.4036888000D+01-0.4981500000D+01-0.4204200000D+01-0.1270000000D+01-0.1306000000D+00-0.1620000000D-02 0.5853300000D+01 0.5789000000D-01 0.3320000000D-03 0.5160000000D-01-0.1728974000D+01-0.2098100000D+01-0.1838700000D+01-0.5218800000D+01
1  320140205201403132456693.4 0.1580000000D+00 0.6100000000D-03 0.1065820000D+02 0.1068900000D+00 0.1373000000D-02 0.9590000000D-01-0.4946143000D+01-0.5535700000D+01-0.3947700000D+01-0.3062200000D+01-0.1796000000D+00-0.2080000000D-02 0.8258400000D+01 0.8776000000D-01 0.5720000000D-03 0.7450000000D-01-0.2526783000D+01-0.2756400000D+01-0.1538700000D+01-0.5986000000D+00
1  420140313201404182456729.4 0.1767000000D+00-0.4440000000D-02 0.1477090000D+02 0.1672000000D+00 0.2273000000D-02 0.1185000000D+00-0.5695757000D+01-0.5305800000D+01-0.3068800000D+01-0.4562000000D+01-0.2582000000D+00 0.7800000000D-03 0.1165520000D+02 0.1230200000D+00 0.1967000000D-02 0.9690000000D-01-0.3239830000D+01-0.3024100000D+01-0.2224000000D+00-0.2242500000D+01
1  520140418201405242456765.4 0.6800000000D-02-0.3940000000D-02 0.1810770000D+02 0.1192000000D+00 0.2788000000D-02 0.1261000000D+00-0.6197798000D+01-0.4408500000D+01-0.2083700000D+01-0.6166600000D+01-0.2291000000D+00 0.2830000000D-02 0.1355500000D+02 0.5713000000D-01 0.8680000000D-03 0.9180000000D-01-0.3851937000D+01-0.1148600000D+01-0.6010600000D+01-0.3938400000D+01
1  620140524201406292456801.4-0.1419000000D+00 0.7100000000D-03 0.1529050000D+02 0.1281500000D+00 0.6280000000D-03 0.9820000000D-01-0.5342310000D+00-0.3379000000D+01-0.1801400000D+01-0.1685000000D+01-0.1127000000D+00 0.1220000000D-02 0.1110020000D+02 0.7819000000D-01 0.3590000000D-03 0.7540000000D-01-0.4559697000D+01-0.1058700000D+01-0.5152700000D+01-0.5660800000D+01
1  720140629201408042456837.4-0.1281000000D+00 0.1060000000D-02 0.1131190000D+02 0.1295500000D+00 0.1190000000D-03 0.6750000000D-01-0.1424541000D+01-0.3780100000D+01-0.6120600000D+01-0.3651000000D+01-0.6910000000D-01 0.1020000000D-02 0.8933900000D+01 0.6726000000D-01 0.6500000000D-04 0.5880000000D-01-0.5403322000D+01-0.1450500000D+01-0.3279400000D+01-0.1349400000D+01
1  820140804201409092456873.4-0.7600000000D-01 0.7800000000D-03 0.8604700000D+01 0.1248400000D+00 0.3930000000D-03 0.5890000000D-01-0.2501858000D+01-0.4540100000D+01-0.1309000000D+00-0.5809500000D+01-0.4280000000D-01 0.5600000000D-03 0.7403200000D+01 0.6771000000D-01 0.3990000000D-03 0.4730000000D-01-0.5157800000D-01-0.2229700000D+01-0.4148700000D+01-0.3247700000D+01
1  920140909201410152456909.4-0.4640000000D-01 0.1690000000D-02 0.7185000000D+01 0.1208400000D+00 0.6430000000D-03 0.5280000000D-01-0.3738103000D+01-0.5478300000D+01-0.1100200000D+01-0.1956100000D+01-0.1950000000D-01 0.2000000000D-03 0.5932100000D+01 0.6572000000D-01 0.6050000000D-03 0.3860000000D-01-0.1023038000D+01-0.3404800000D+01-0.5507100000D+01-0.5245800000D+01
1 1020141015201411202456945.4 0.4100000000D-02 0.9200000000D-03 0.6906400000D+01 0.1157600000D+00 0.8500000000D-03 0.4760000000D-01-0.5032557000D+01-0.3102000000D+00-0.2467300000D+01-0.4231900000D+01-0.1080000000D-01 0.8700000000D-03 0.4142800000D+01 0.5772000000D-01 0.6210000000D-03 0.2320000000D-01-0.1935912000D+01-0.4877300000D+01-0.7121000000D+00-0.8386000000D+00
1 1120141120201412262456981.4 0.4820000000D-01 0.2200000000D-03 0.7002800000D+01 0.9539000000D-01 0.7970000000D-03 0.5050000000D-01-0.6268760000D+01-0.1597700000D+01-0.3655200000D+01-0.4950000000D-01 0.1970000000D-01 0.8700000000D-03 0.2426900000D+01 0.5053000000D-01 0.5920000000D-03 0.1480000000D-01-0.2506980000D+01-0.1994000000D+00-0.2579300000D+01-0.2029400000D+01
1 1220141226201501312457017.4 0.5130000000D-01 0.5500000000D-03 0.6660400000D+01 0.8369000000D-01 0.6160000000D-03 0.4900000000D-01-0.1137819000D+01-0.2951500000D+01-0.4951700000D+01-0.2259300000D+01 0.5080000000D-01 0.7100000000D-03 0.2331000000D+01 0.3341000000D-01 0.5020000000D-03 0.2080000000D-01-0.2629686000D+01-0.1944500000D+01-0.4266400000D+01-0.3436200000D+01
2 1320131231201402052456657.4 0.2400000000D-02 0.4000000000D-04 0.2025560000D+02 0.2161200000D+00 0.8670000000D-03 0.2700000000D-02 0.1605380000D+00 0.5383900000D+01 0.5748700000D+01-0.2273100000D+01 0.0000000000D+00-0.1000000000D-04 0.1490660000D+02 0.1534700000D+00 0.8150000000D-03 0.1400000000D-02 0.2542175000D+01 0.1978600000D+01 0.1967500000D+01-0.1738600000D+01
2 1420140205201403132456693.4 0.1500000000D-02 0.5000000000D-04 0.2601710000D+02 0.3015600000D+00 0.2841000000D-02 0.1490000000D-01 0.3178381000D+01 0.2461800000D+01 0.4192200000D+01-0.4655600000D+01 0.1800000000D-02-0.7000000000D-04 0.2073740000D+02 0.2258800000D+00 0.1012000000D-02 0.1040000000D-01 0.5679229000D+01 0.5287100000D+01 0.1755000000D+00-0.1513500000D+01
2 1520140313201404182456729.4 0.7000000000D-02-0.1700000000D-03 0.3623700000D+02 0.3949900000D+00 0.5609000000D-02 0.3610000000D-01 0.8977000000D-01 0.3175000000D+00 0.2652300000D+01-0.4228500000D+01-0.5800000000D-02 0.2800000000D-03 0.2906190000D+02 0.2995700000D+00 0.4790000000D-02 0.1810000000D-01 0.2626670000D+01 0.2666200000D+01 0.5606400000D+01-0.4947000000D+00
2 1620140418201405242456765.4 0.1430000000D-01-0.5000000000D-03 0.4441770000D+02 0.2482700000D+00 0.6676000000D-02 0.1910000000D-01 0.3552317000D+01 0.5303700000D+01 0.1291600000D+01-0.3627200000D+01-0.1250000000D-01 0.6200000000D-03 0.3381800000D+02 0.1267100000D+00 0.2342000000D-02 0.1510000000D-01 0.5971014000D+01 0.2547700000D+01 0.3699800000D+01-0.1245000000D+00
2 1720140524201406292456801.4 0.6500000000D-02-0.1700000000D-03 0.3761760000D+02 0.3179300000D+00 0.1188000000D-02 0.1120000000D-01 0.6340590000D+00 0.4169000000D+01 0.5546400000D+01-0.2309300000D+01-0.1700000000D-02 0.9000000000D-04 0.2762780000D+02 0.2063300000D+00 0.7310000000D-03 0.5000000000D-02 0.2958490000D+01 0.2760000000D+00 0.2441700000D+01-0.6243700000D+01
2 1820140629201408042456837.4-0.7000000000D-03 0.1400000000D-03 0.2795840000D+02 0.3348500000D+00 0.4790000000D-03 0.2500000000D-02 0.3729915000D+01 0.1429300000D+01 0.5535300000D+01-0.2605700000D+01 0.2100000000D-02-0.1000000000D-03 0.2207200000D+02 0.1822300000D+00 0.3540000000D-03 0.2400000000D-02 0.6094335000D+01 0.3831500000D+01 0.2003500000D+01-0.6774000000D+00
2 1920140804201409092456873.4 0.3100000000D-02-0.1800000000D-03 0.2143820000D+02 0.3199100000D+00 0.1211000000D-02 0.3400000000D-02 0.3526170000D+00 0.4640300000D+01 0.2812600000D+01-0.2798400000D+01 0.4000000000D-03 0.6000000000D-04 0.1821170000D+02 0.1810800000D+00 0.1114000000D-02 0.1500000000D-02 0.2858408000D+01 0.7070000000D+00 0.5033900000D+01-0.5701800000D+01
2 2020140909201410152456909.4-0.2100000000D-02 0.0000000000D+00 0.1813400000D+02 0.3144700000D+00 0.1846000000D-02 0.4600000000D-02 0.3109019000D+01 0.1386500000D+01 0.5740200000D+01-0.4393400000D+01 0.0000000000D+00 0.1000000000D-03 0.1449210000D+02 0.1699700000D+00 0.1595000000D-02 0.3600000000D-02 0.5867052000D+01 0.3515600000D+01 0.1386400000D+01-0.6257000000D+00
2 2120141015201411202456945.4-0.5200000000D-02 0.9000000000D-04 0.1749700000D+02 0.2955600000D+00 0.2272000000D-02 0.1900000000D-02 0.5807284000D+01 0.4243100000D+01 0.2165900000D+01-0.1704700000D+01 0.3200000000D-02-0.1300000000D-03 0.1006330000D+02 0.1488900000D+00 0.1678000000D-02 0.3200000000D-02 0.2655323000D+01 0.6015800000D+01 0.3780200000D+01-0.1945400000D+01
2 2220141120201412262456981.4-0.1500000000D-02-0.1600000000D-03 0.1763050000D+02 0.2542100000D+00 0.2125000000D-02 0.3200000000D-02 0.2281494000D+01 0.6508000000D+00 0.4854600000D+01-0.4070400000D+01 0.1200000000D-02-0.4000000000D-04 0.5850500000D+01 0.1194500000D+00 0.1533000000D-02 0.3800000000D-02 0.6091103000D+01 0.2081200000D+01 0.6006500000D+01-0.4806600000D+01
2 2320141226201501312457017.4-0.6300000000D-02 0.1300000000D-03 0.1666050000D+02 0.2205000000D+00 0.1635000000D-02 0.2400000000D-02 0.5112065000D+01 0.3297000000D+01 0.1312800000D+01-0.5024100000D+01-0.2300000000D-02 0.1100000000D-03 0.5872200000D+01 0.8120000000D-01 0.1315000000D-02 0.2300000000D-02 0.3665770000D+01 0.4235600000D+01 0.2003300000D+01-0.6532000000D+00
