 4 2    2   13 19.7027  4.9788 36.0 36.0   23 2453735.5000 2006                                                                                                                                                                                                                                                                                                                  
1  220051231200602052453735.4 0.2930000000D+00-0.2170000000D-02 0.1343460000D+02 0.1752500000D+00 0.5550000000D-03 0.7610000000D-01-0.4254403000D+01-0.5450000000D+00-0.3992100000D+01-0.1022200000D+01 0.2047000000D+00-0.1180000000D-02 0.1142990000D+02 0.1405200000D+00 0.6070000000D-03 0.7030000000D-01-0.4862147000D+01-0.1339400000D+01-0.4383100000D+01-0.1567200000D+01
1  320060205200603132453771.4 0.2006000000D+00-0.9300000000D-03 0.9352100000D+01 0.1370900000D+00 0.5550000000D-03 0.5950000000D-01-0.5305240000D+01-0.1197400000D+01-0.3836800000D+01-0.3069100000D+01 0.1519000000D+00-0.1370000000D-02 0.7563100000D+01 0.9833000000D-01 0.5720000000D-03 0.4320000000D-01-0.5765584000D+01-0.2110900000D+01-0.4668700000D+01-0.3449800000D+01
1  420060313200604182453807.4 0.1729000000D+00-0.1110000000D-02 0.7395200000D+01 0.1048100000D+00 0.5350000000D-03 0.5290000000D-01-0.1939130000D+00-0.2101700000D+01-0.4416700000D+01-0.5369200000D+01 0.1087000000D+00-0.1250000000D-02 0.4936900000D+01 0.6896000000D-01 0.5130000000D-03 0.2970000000D-01-0.4067840000D+00-0.3167100000D+01-0.5620500000D+01-0.5352400000D+01
1  520060418200605242453843.4 0.1406000000D+00-0.2200000000D-03 0.6534600000D+01 0.8401000000D-01 0.4890000000D-03 0.4410000000D-01-0.1363107000D+01-0.3156300000D+01-0.5432900000D+01-0.1322100000D+01 0.6430000000D-01-0.7400000000D-03 0.2978000000D+01 0.4617000000D-01 0.4170000000D-03 0.1690000000D-01-0.1225966000D+01-0.4405800000D+01-0.5315000000D+00-0.8873000000D+00
1  620060524200606292453879.4 0.1229000000D+00-0.1800000000D-03 0.6013600000D+01 0.6632000000D-01 0.3800000000D-03 0.4150000000D-01-0.2485238000D+01-0.4275100000D+01-0.9340000000D-01-0.3346100000D+01 0.3570000000D-01-0.6200000000D-03 0.1779700000D+01 0.3039000000D-01 0.3350000000D-03 0.1190000000D-01-0.1706141000D+01-0.5827900000D+01-0.1957000000D+01-0.2188600000D+01
1  720060629200608042453915.4 0.1206000000D+00-0.6100000000D-03 0.5525500000D+01 0.5693000000D-01 0.2820000000D-03 0.4090000000D-01-0.3557832000D+01-0.5397400000D+01-0.1177000000D+01-0.5487500000D+01 0.1210000000D-01-0.3600000000D-03 0.1774000000D+01 0.1998000000D-01 0.2670000000D-03 0.1550000000D-01-0.1942642000D+01-0.1170400000D+01-0.3283700000D+01-0.3625400000D+01
1  820060804200609092453951.4 0.1019000000D+00-0.1800000000D-03 0.5022500000D+01 0.5044000000D-01 0.2310000000D-03 0.3390000000D-01-0.4613902000D+01-0.1761000000D+00-0.1922100000D+01-0.1318100000D+01-0.6000000000D-03-0.3600000000D-03 0.2369700000D+01 0.1892000000D-01 0.2270000000D-03 0.2030000000D-01-0.2575834000D+01-0.2933200000D+01-0.4657300000D+01-0.5457700000D+01
1  920060909200610152453987.4 0.8840000000D-01-0.2100000000D-03 0.4556700000D+01 0.5033000000D-01 0.2250000000D-03 0.3120000000D-01-0.5680021000D+01-0.1200800000D+01-0.2723500000D+01-0.3312400000D+01-0.1100000000D-01-0.1200000000D-03 0.2898700000D+01 0.2329000000D-01 0.2170000000D-03 0.2190000000D-01-0.3449565000D+01-0.4418200000D+01-0.6092700000D+01-0.1107100000D+01
1 1020061015200611202454023.4 0.8370000000D-01-0.6700000000D-03 0.4201100000D+01 0.5381000000D-01 0.2980000000D-03 0.3220000000D-01-0.5191470000D+00-0.2203800000D+01-0.3480200000D+01-0.5530100000D+01-0.1890000000D-01 0.1200000000D-03 0.3231400000D+01 0.2692000000D-01 0.2140000000D-03 0.2490000000D-01-0.4409420000D+01-0.5768300000D+01-0.1348700000D+01-0.3004500000D+01
1 1120061120200612262454059.4 0.6300000000D-01-0.3200000000D-03 0.4110200000D+01 0.6439000000D-01 0.3460000000D-03 0.3030000000D-01-0.1724454000D+01-0.3237400000D+01-0.4625800000D+01-0.1538600000D+01-0.1460000000D-01-0.1300000000D-03 0.3283900000D+01 0.2766000000D-01 0.3250000000D-03 0.2470000000D-01-0.5392489000D+01-0.7975000000D+00-0.3009000000D+01-0.5031500000D+01
1 1220061226200701312454095.4 0.4250000000D-01-0.3900000000D-03 0.4501700000D+01 0.7431000000D-01 0.4540000000D-03 0.3480000000D-01-0.2992535000D+01-0.4289300000D+01-0.5950300000D+01-0.3658000000D+01-0.1640000000D-01-0.1700000000D-03 0.2960200000D+01 0.2366000000D-01 0.3970000000D-03 0.1950000000D-01-0.4992300000D-01-0.2511400000D+01-0.4561700000D+01-0.5412000000D+00
2 1320051231200602052453735.4 0.6400000000D-02-0.4000000000D-04 0.3339260000D+02 0.4467300000D+00 0.1341000000D-02 0.6200000000D-02 0.5528815000D+01 0.2975000000D+01 0.5942200000D+01-0.1157400000D+01 0.9400000000D-02-0.1000000000D-03 0.2909040000D+02 0.3549200000D+00 0.1516000000D-02 0.4400000000D-02 0.4898205000D+01 0.2169200000D+01 0.5476000000D+01-0.8581000000D+00
2 1420060205200603132453771.4 0.4500000000D-02 0.2000000000D-04 0.2308220000D+02 0.3469600000D+00 0.1407000000D-02 0.2000000000D-02 0.2189213000D+01 0.1960000000D-01 0.3732100000D+01-0.6037600000D+01 0.5000000000D-02-0.2000000000D-04 0.1944070000D+02 0.2491400000D+00 0.1444000000D-02 0.1100000000D-02 0.1712095000D+01 0.5377300000D+01 0.2817300000D+01-0.5270000000D+00
2 1520060313200604182453807.4 0.4800000000D-02 0.0000000000D+00 0.1819700000D+02 0.2689100000D+00 0.1390000000D-02 0.2400000000D-02 0.5009437000D+01 0.3110300000D+01 0.7692000000D+00-0.1059600000D+01 0.4400000000D-02-0.6000000000D-04 0.1283200000D+02 0.1730200000D+00 0.1320000000D-02 0.4000000000D-03 0.4796206000D+01 0.2049300000D+01 0.5894000000D+01-0.1110700000D+01
2 1620060418200605242453843.4 0.4300000000D-02-0.5000000000D-04 0.1614520000D+02 0.2126400000D+00 0.1267000000D-02 0.2000000000D-02 0.1545170000D+01 0.6062400000D+01 0.3825100000D+01-0.1270600000D+01 0.1100000000D-02 0.2000000000D-04 0.7919200000D+01 0.1161100000D+00 0.1066000000D-02 0.1900000000D-02 0.1704846000D+01 0.4802000000D+01 0.2382600000D+01-0.7717000000D+00
2 1720060524200606292453879.4 0.2600000000D-02 0.0000000000D+00 0.1497710000D+02 0.1719400000D+00 0.1029000000D-02 0.1000000000D-02 0.4419558000D+01 0.2654100000D+01 0.5343000000D+00-0.1837200000D+01 0.2100000000D-02-0.5000000000D-04 0.4922500000D+01 0.7426000000D-01 0.8380000000D-03 0.5000000000D-03 0.5218651000D+01 0.1096500000D+01 0.4986400000D+01-0.3942900000D+01
2 1820060629200608042453915.4 0.2700000000D-02-0.6000000000D-04 0.1381460000D+02 0.1470500000D+00 0.8040000000D-03 0.2700000000D-02 0.1058571000D+01 0.5524400000D+01 0.3561800000D+01-0.1618200000D+01 0.1000000000D-03 0.7000000000D-04 0.4877400000D+01 0.4931000000D-01 0.7060000000D-03 0.1300000000D-02 0.2652220000D+01 0.3417600000D+01 0.1285300000D+01-0.6105100000D+01
2 1920060804200609092453951.4 0.0000000000D+00 0.0000000000D+00 0.1253470000D+02 0.1355600000D+00 0.6830000000D-03 0.7000000000D-03 0.3996157000D+01 0.2151300000D+01 0.4041000000D+00-0.2360500000D+01 0.2300000000D-02-0.4000000000D-04 0.6328600000D+01 0.4911000000D-01 0.6360000000D-03 0.7000000000D-03 0.6011100000D+01 0.5598300000D+01 0.3895000000D+01-0.9507000000D+00
2 2020060909200610152453987.4 0.0000000000D+00-0.3000000000D-04 0.1127210000D+02 0.1361400000D+00 0.7170000000D-03 0.1900000000D-02 0.6268350000D+00 0.5099700000D+01 0.3581900000D+01-0.2228300000D+01 0.1200000000D-02 0.4000000000D-04 0.7635800000D+01 0.6375000000D-01 0.6140000000D-03 0.1800000000D-02 0.2849058000D+01 0.1802100000D+01 0.1855000000D+00-0.5422700000D+01
2 2120061015200611202454023.4-0.1400000000D-02-0.1000000000D-04 0.1026770000D+02 0.1496400000D+00 0.8860000000D-03 0.3000000000D-03 0.3470622000D+01 0.1773800000D+01 0.3752000000D+00-0.2690500000D+01 0.1800000000D-02 0.3000000000D-04 0.8405800000D+01 0.7679000000D-01 0.6580000000D-03 0.2100000000D-02 0.5873399000D+01 0.4483700000D+01 0.2626200000D+01-0.1119100000D+01
2 2220061120200612262454059.4-0.2500000000D-02 0.0000000000D+00 0.1000000000D+02 0.1756600000D+00 0.1137000000D-02 0.2600000000D-02 0.6208854000D+01 0.4712200000D+01 0.3230500000D+01-0.2466600000D+01 0.4100000000D-02-0.9000000000D-04 0.8483800000D+01 0.7792000000D-01 0.8410000000D-03 0.1400000000D-02 0.2583831000D+01 0.8553000000D+00 0.4961400000D+01-0.4935400000D+01
2 2320061226200701312454095.4-0.2300000000D-02-0.4000000000D-04 0.1111720000D+02 0.2031200000D+00 0.1407000000D-02 0.2900000000D-02 0.2605172000D+01 0.1315500000D+01 0.5879000000D+01-0.4490300000D+01 0.0000000000D+00 0.1100000000D-03 0.7570200000D+01 0.6687000000D-01 0.1079000000D-02 0.2000000000D-02 0.5623086000D+01 0.3207400000D+01 0.1027200000D+01-0.6079700000D+01
