 6 8    2   33   41   48   56   63   84  115  6.6670  4.5860  3.3280  2.2960  1.3910  0.3940  0.3940  0.0790 12.0 50.0 55.0 50.0 53.0 18.0 12.0 36.0  125 2455561.5000 2011                                                                                                                                                                                                      
1  220101231201101122455561.5-0.5267000000D+00 0.9910000000D-02 0.2643120000D+02 0.4151000000D-01 0.7250000000D-03 0.2561000000D+00 0.3669520000D+00 0.1315000000D+00 0.1276200000D+01 0.4531100000D+01 0.5230000000D-01 0.2230000000D-02 0.4415700000D+01 0.2468000000D-01 0.7200000000D-04 0.4350000000D-01 0.1553209000D+01 0.1448300000D+01 0.4519400000D+01 0.5708600000D+01
1  320110112201101242455573.5-0.4094000000D+00 0.1160000000D-01 0.2697340000D+02 0.4444000000D-01 0.3940000000D-03 0.2626000000D+00 0.4970927000D+01 0.5038800000D+01 0.5777100000D+01 0.9829000000D+00 0.7800000000D-01 0.2100000000D-02 0.4698000000D+01 0.2364000000D-01 0.1660000000D-03 0.4630000000D-01 0.6152931000D+01 0.6106500000D+01 0.2730000000D+01 0.2142500000D+01
1  420110124201102052455585.5-0.2773000000D+00 0.1324000000D-01 0.2752810000D+02 0.4924000000D-01 0.1920000000D-03 0.2644000000D+00 0.3296172000D+01 0.3557800000D+01 0.5659600000D+01 0.3712500000D+01 0.1047000000D+00 0.1870000000D-02 0.4958500000D+01 0.2066000000D-01 0.2220000000D-03 0.4930000000D-01 0.4474859000D+01 0.4466100000D+01 0.8331000000D+00 0.4877800000D+01
1  520110205201102172455597.5-0.1084000000D+00 0.1405000000D-01 0.2807140000D+02 0.5258000000D-01 0.5280000000D-03 0.2695000000D+00 0.1625061000D+01 0.2026400000D+01 0.4363100000D+01 0.1511000000D+00 0.1281000000D+00 0.1370000000D-02 0.5181400000D+01 0.1616000000D-01 0.2180000000D-03 0.5060000000D-01 0.2800386000D+01 0.2877200000D+01 0.5254700000D+01 0.1330300000D+01
1  620110217201103012455609.5 0.5810000000D-01 0.1440000000D-01 0.2858230000D+02 0.5093000000D-01 0.6750000000D-03 0.2735000000D+00 0.6240544000D+01 0.5040000000D+00 0.2707200000D+01 0.2890300000D+01 0.1447000000D+00 0.8500000000D-03 0.5351600000D+01 0.1155000000D-01 0.1870000000D-03 0.5200000000D-01 0.1129019000D+01 0.1427100000D+01 0.3820800000D+01 0.4067300000D+01
1  720110301201103132455621.5 0.2431000000D+00 0.1429000000D-01 0.2902440000D+02 0.4392000000D-01 0.6190000000D-03 0.2792000000D+00 0.4575670000D+01 0.5285000000D+01 0.8115000000D+00 0.5613400000D+01 0.1560000000D+00 0.1400000000D-03 0.5457900000D+01 0.7910000000D-02 0.2110000000D-03 0.5210000000D-01 0.5743987000D+01 0.1605000000D+00 0.2523700000D+01 0.5206000000D+00
1  820110313201103252455633.5 0.4114000000D+00 0.1296000000D-01 0.2937250000D+02 0.3806000000D-01 0.2940000000D-03 0.2837000000D+00 0.2911736000D+01 0.3971300000D+01 0.5340800000D+01 0.2073900000D+01 0.1554000000D+00-0.5900000000D-03 0.5499000000D+01 0.6610000000D-02 0.2430000000D-03 0.5200000000D-01 0.4077920000D+01 0.5520900000D+01 0.1037100000D+01 0.3238700000D+01
1  920110325201104062455645.5 0.5657000000D+00 0.1111000000D-01 0.2957400000D+02 0.3729000000D-01 0.2790000000D-03 0.2831000000D+00 0.1248202000D+01 0.2664300000D+01 0.5512600000D+01 0.4811400000D+01 0.1485000000D+00-0.1340000000D-02 0.5474500000D+01 0.8190000000D-02 0.2330000000D-03 0.5160000000D-01 0.2414192000D+01 0.4518700000D+01 0.5660800000D+01 0.5977400000D+01
1 1020110406201104182455657.5 0.6959000000D+00 0.7620000000D-02 0.2960740000D+02 0.3525000000D-01 0.7250000000D-03 0.2847000000D+00 0.5867467000D+01 0.1187000000D+01 0.3509200000D+01 0.1266300000D+01 0.1306000000D+00-0.2060000000D-02 0.5390900000D+01 0.1082000000D-01 0.2020000000D-03 0.5070000000D-01 0.7523120000D+00 0.3210100000D+01 0.3728500000D+01 0.2418200000D+01
1 1120110418201104302455669.5 0.7788000000D+00 0.3950000000D-02 0.2950850000D+02 0.3008000000D-01 0.9050000000D-03 0.2779000000D+00 0.4202174000D+01 0.6151200000D+01 0.1618000000D+01 0.3995300000D+01 0.1066000000D+00-0.2500000000D-02 0.5265200000D+01 0.1447000000D-01 0.1120000000D-03 0.4990000000D-01 0.5374955000D+01 0.1723600000D+01 0.1669200000D+01 0.5159100000D+01
1 1220110430201105122455681.5 0.8341000000D+00-0.2700000000D-03 0.2927110000D+02 0.2755000000D-01 0.6700000000D-03 0.2746000000D+00 0.2534243000D+01 0.5049100000D+01 0.6052700000D+01 0.4243000000D+00 0.7730000000D-01-0.2810000000D-02 0.5104500000D+01 0.1729000000D-01 0.4200000000D-04 0.4770000000D-01 0.3715608000D+01 0.1044000000D+00 0.4595000000D+01 0.1614200000D+01
1 1320110512201105242455693.5 0.8261000000D+00-0.3950000000D-02 0.2891610000D+02 0.3265000000D-01 0.4480000000D-03 0.2688000000D+00 0.8624020000D+00 0.3838000000D+01 0.4341100000D+01 0.3141300000D+01 0.4340000000D-01-0.2780000000D-02 0.4922900000D+01 0.1817000000D-01 0.5200000000D-04 0.4610000000D-01 0.2057706000D+01 0.4687200000D+01 0.1455700000D+01 0.4351500000D+01
1 1420110524201106052455705.5 0.7910000000D+00-0.6750000000D-02 0.2848150000D+02 0.4381000000D-01 0.2590000000D-03 0.2662000000D+00 0.5469597000D+01 0.2424100000D+01 0.3839000000D+01 0.5834400000D+01 0.1100000000D-01-0.2620000000D-02 0.4737800000D+01 0.1771000000D-01 0.6400000000D-04 0.4380000000D-01 0.4019210000D+00 0.3000300000D+01 0.5599000000D+01 0.8049000000D+00
1 1520110605201106172455717.5 0.7065000000D+00-0.9070000000D-02 0.2797020000D+02 0.5086000000D-01 0.5900000000D-03 0.2627000000D+00 0.3788602000D+01 0.8564000000D+00 0.2763800000D+01 0.2263000000D+01-0.2230000000D-01-0.2290000000D-02 0.4560400000D+01 0.1613000000D-01 0.4600000000D-04 0.4200000000D-01 0.5030271000D+01 0.1315900000D+01 0.3979900000D+01 0.3522900000D+01
1 1620110617201106292455729.5 0.5984000000D+00-0.1013000000D-01 0.2740830000D+02 0.5132000000D-01 0.7490000000D-03 0.2575000000D+00 0.2103371000D+01 0.5582100000D+01 0.7436000000D+00 0.4964000000D+01-0.4950000000D-01-0.1900000000D-02 0.4401900000D+01 0.1422000000D-01 0.5200000000D-04 0.4060000000D-01 0.3375437000D+01 0.5926900000D+01 0.2572500000D+01 0.6257400000D+01
1 1720110629201107112455741.5 0.4736000000D+00-0.1131000000D-01 0.2683240000D+02 0.5237000000D-01 0.4910000000D-03 0.2540000000D+00 0.4148800000D+00 0.4145300000D+01 0.4815600000D+01 0.1387900000D+01-0.7410000000D-01-0.1520000000D-02 0.4267800000D+01 0.1212000000D-01 0.1000000000D-03 0.3960000000D-01 0.1719185000D+01 0.4296600000D+01 0.1301800000D+01 0.2688000000D+01
1 1820110711201107232455753.5 0.3277000000D+00-0.1157000000D-01 0.2628890000D+02 0.5677000000D-01 0.2090000000D-03 0.2444000000D+00 0.5005552000D+01 0.2636500000D+01 0.1994800000D+01 0.4078900000D+01-0.9170000000D-01-0.1070000000D-02 0.4161400000D+01 0.1003000000D-01 0.1690000000D-03 0.3910000000D-01 0.5886000000D-01 0.2647300000D+01 0.5836700000D+01 0.5415500000D+01
1 1920110723201108042455765.5 0.1934000000D+00-0.1195000000D-01 0.2578580000D+02 0.6135000000D-01 0.1440000000D-03 0.2399000000D+00 0.3309626000D+01 0.1034700000D+01 0.4622300000D+01 0.4821000000D+00-0.1045000000D+00-0.7000000000D-03 0.4081000000D+01 0.7070000000D-02 0.2110000000D-03 0.3840000000D-01 0.4676637000D+01 0.9883000000D+00 0.3931500000D+01 0.1855400000D+01
1 2020110804201108162455777.5 0.4220000000D-01-0.1178000000D-01 0.2532590000D+02 0.6286000000D-01 0.2880000000D-03 0.2340000000D+00 0.1610723000D+01 0.5692900000D+01 0.2107200000D+01 0.3163600000D+01-0.1123000000D+00-0.2500000000D-03 0.4027600000D+01 0.2840000000D-02 0.1760000000D-03 0.3850000000D-01 0.3005084000D+01 0.5739800000D+01 0.1977300000D+01 0.4572900000D+01
1 2120110816201108282455789.5-0.8770000000D-01-0.1107000000D-01 0.2493410000D+02 0.6125000000D-01 0.4490000000D-03 0.2335000000D+00 0.6192484000D+01 0.4014800000D+01 0.6015100000D+01 0.5834100000D+01-0.1143000000D+00 0.9000000000D-04 0.4007900000D+01 0.2020000000D-02 0.1260000000D-03 0.3790000000D-01 0.1326213000D+01 0.6135100000D+01 0.2394000000D+00 0.1001200000D+01
1 2220110828201109092455801.5-0.2222000000D+00-0.1024000000D-01 0.2458910000D+02 0.5668000000D-01 0.5500000000D-03 0.2315000000D+00 0.4489485000D+01 0.2395000000D+01 0.3888800000D+01 0.2246000000D+01-0.1143000000D+00 0.4700000000D-03 0.4020500000D+01 0.5870000000D-02 0.1120000000D-03 0.3800000000D-01 0.5922365000D+01 0.4815600000D+01 0.5274800000D+01 0.3691300000D+01
1 2320110909201109212455813.5-0.3406000000D+00-0.8530000000D-02 0.2430360000D+02 0.5246000000D-01 0.3050000000D-03 0.2315000000D+00 0.2785911000D+01 0.8837000000D+00 0.1480800000D+01 0.4931700000D+01-0.1080000000D+00 0.7300000000D-03 0.4066300000D+01 0.9360000000D-02 0.1350000000D-03 0.3840000000D-01 0.4226955000D+01 0.3246300000D+01 0.3750900000D+01 0.1016000000D+00
1 2420110921201110032455825.5-0.4433000000D+00-0.7230000000D-02 0.2410980000D+02 0.5464000000D-01 0.9400000000D-04 0.2303000000D+00 0.1082797000D+01 0.5616300000D+01 0.3576300000D+01 0.1352400000D+01-0.1013000000D+00 0.9400000000D-03 0.4148700000D+01 0.1240000000D-01 0.1790000000D-03 0.3960000000D-01 0.2524604000D+01 0.1620800000D+01 0.2028500000D+01 0.2768500000D+01
1 2520111003201110152455837.5-0.5384000000D+00-0.5390000000D-02 0.2400050000D+02 0.5598000000D-01 0.4350000000D-03 0.2267000000D+00 0.5662663000D+01 0.4008900000D+01 0.7200000000D+00 0.4037400000D+01-0.8920000000D-01 0.1150000000D-02 0.4266500000D+01 0.1541000000D-01 0.2050000000D-03 0.4120000000D-01 0.8164400000D+00 0.2660000000D-01 0.2290000000D+00 0.5457600000D+01
1 2620111015201110272455849.5-0.6010000000D+00-0.4070000000D-02 0.2397400000D+02 0.5242000000D-01 0.4810000000D-03 0.2268000000D+00 0.3959626000D+01 0.2387000000D+01 0.4882100000D+01 0.4513000000D+00-0.7600000000D-01 0.1290000000D-02 0.4421600000D+01 0.1897000000D-01 0.1730000000D-03 0.4310000000D-01 0.5388404000D+01 0.4714300000D+01 0.4609400000D+01 0.1857600000D+01
1 2720111027201111082455861.5-0.6597000000D+00-0.2620000000D-02 0.2402480000D+02 0.4793000000D-01 0.4720000000D-03 0.2261000000D+00 0.2257967000D+01 0.7914000000D+00 0.2704900000D+01 0.3134200000D+01-0.5960000000D-01 0.1590000000D-02 0.4616600000D+01 0.2312000000D-01 0.7100000000D-04 0.4570000000D-01 0.3677082000D+01 0.3063100000D+01 0.3105900000D+01 0.4554600000D+01
1 2820111108201111202455873.5-0.6824000000D+00-0.1040000000D-02 0.2415470000D+02 0.4149000000D-01 0.4220000000D-03 0.2306000000D+00 0.5576630000D+00 0.5552400000D+01 0.4919000000D+00 0.5825000000D+01-0.3930000000D-01 0.1830000000D-02 0.4855100000D+01 0.2603000000D-01 0.8500000000D-04 0.4740000000D-01 0.1966429000D+01 0.1404000000D+01 0.2879400000D+01 0.9628000000D+00
1 2920111120201112022455885.5-0.6967000000D+00 0.5300000000D-03 0.2435360000D+02 0.3928000000D-01 0.3060000000D-03 0.2332000000D+00 0.5143259000D+01 0.4112700000D+01 0.4638300000D+01 0.2250800000D+01-0.1790000000D-01 0.2250000000D-02 0.5132400000D+01 0.2747000000D-01 0.1420000000D-03 0.5030000000D-01 0.2583870000D+00 0.6047800000D+01 0.1052100000D+01 0.3656400000D+01
1 3020111202201112142455897.5-0.6831000000D+00 0.2890000000D-02 0.2462310000D+02 0.4416000000D-01 0.1510000000D-03 0.2397000000D+00 0.3449049000D+01 0.2645300000D+01 0.5212900000D+01 0.4957000000D+01 0.1040000000D-01 0.2600000000D-02 0.5439500000D+01 0.2862000000D-01 0.1440000000D-03 0.5280000000D-01 0.4837778000D+01 0.4441000000D+01 0.5554500000D+01 0.6990000000D-01
1 3120111214201112262455909.5-0.6471000000D+00 0.4960000000D-02 0.2499140000D+02 0.4536000000D-01 0.5210000000D-03 0.2427000000D+00 0.1757970000D+01 0.1065600000D+01 0.3337100000D+01 0.1400400000D+01 0.3890000000D-01 0.2890000000D-02 0.5773100000D+01 0.2908000000D-01 0.9200000000D-04 0.5650000000D-01 0.3139344000D+01 0.2860300000D+01 0.3800900000D+01 0.2760100000D+01
1 3220111226201201072455921.5-0.5930000000D+00 0.7600000000D-02 0.2542900000D+02 0.4299000000D-01 0.7270000000D-03 0.2454000000D+00 0.6997800000D-01 0.5795100000D+01 0.1190100000D+01 0.4113200000D+01 0.7430000000D-01 0.3040000000D-02 0.6119400000D+01 0.2956000000D-01 0.3800000000D-04 0.6000000000D-01 0.1447221000D+01 0.1283600000D+01 0.2697400000D+01 0.5480700000D+01
2 3320101231201102192455561.5-0.9840000000D-01-0.1450000000D-02 0.3394200000D+02 0.6823000000D-01 0.4610000000D-03 0.8590000000D-01 0.3572312000D+01 0.3160400000D+01 0.5292600000D+01-0.6040100000D+01-0.4600000000D-01 0.1000000000D-04 0.6190600000D+01 0.2005000000D-01 0.2230000000D-03 0.1450000000D-01 0.4884199000D+01 0.4887300000D+01 0.1844600000D+01-0.4681100000D+01
2 3420110219201104102455611.5-0.1746000000D+00-0.1370000000D-02 0.3686140000D+02 0.5926000000D-01 0.6180000000D-03 0.8980000000D-01 0.3873410000D+00 0.8083000000D+00 0.3359400000D+01-0.5470000000D-01-0.4490000000D-01 0.2200000000D-03 0.6644300000D+01 0.5500000000D-02 0.1890000000D-03 0.1400000000D-01 0.1698329000D+01 0.5327500000D+01 0.5076800000D+01-0.5134700000D+01
2 3520110410201105302455661.5-0.2432000000D+00-0.4500000000D-03 0.3806280000D+02 0.3429000000D-01 0.6740000000D-03 0.8820000000D-01 0.3530030000D+01 0.5474200000D+01 0.1142700000D+01-0.4682000000D+00-0.3330000000D-01 0.2500000000D-03 0.5971900000D+01 0.2435000000D-01 0.9900000000D-04 0.1420000000D-01 0.4764063000D+01 0.1973700000D+01 0.5109000000D+01-0.5524000000D+01
2 3620110530201107192455711.5-0.2626000000D+00 0.3900000000D-03 0.3625000000D+02 0.6298000000D-01 0.4050000000D-03 0.8580000000D-01 0.3646040000D+00 0.3800800000D+01 0.5070300000D+01-0.8736000000D+00-0.2130000000D-01 0.2200000000D-03 0.5082100000D+01 0.1230000000D-01 0.1860000000D-03 0.1230000000D-01 0.1520260000D+01 0.5057600000D+01 0.1820500000D+01-0.6004400000D+01
2 3720110719201109072455761.5-0.2415000000D+00 0.5200000000D-03 0.3329730000D+02 0.8220000000D-01 0.2480000000D-03 0.7600000000D-01 0.3412862000D+01 0.1106100000D+01 0.2825700000D+01-0.1367600000D+01-0.1030000000D-01 0.2400000000D-03 0.4954600000D+01 0.6790000000D-02 0.1290000000D-03 0.1280000000D-01 0.4604545000D+01 0.4742900000D+01 0.4495700000D+01-0.1632000000D+00
2 3820110907201110272455811.5-0.2159000000D+00 0.4400000000D-03 0.3124710000D+02 0.8193000000D-01 0.2680000000D-03 0.7530000000D-01 0.1267860000D+00 0.4512800000D+01 0.2736000000D+00-0.1895300000D+01 0.1800000000D-02 0.2900000000D-03 0.5605600000D+01 0.1956000000D-01 0.8300000000D-04 0.1510000000D-01 0.1428393000D+01 0.1377900000D+01 0.8446000000D+00-0.5214000000D+00
2 3920111027201112162455861.5-0.1949000000D+00 0.3900000000D-03 0.3082850000D+02 0.7357000000D-01 0.3560000000D-03 0.7690000000D-01 0.3109612000D+01 0.1670400000D+01 0.3703100000D+01-0.2406900000D+01 0.1610000000D-01 0.3500000000D-03 0.6751200000D+01 0.2731000000D-01 0.1500000000D-04 0.1880000000D-01 0.4509680000D+01 0.4315800000D+01 0.3049000000D+01-0.9395000000D+00
2 4020111216201202042455911.5-0.1768000000D+00 0.6600000000D-03 0.3219770000D+02 0.6762000000D-01 0.4320000000D-03 0.8500000000D-01 0.6117545000D+01 0.5294100000D+01 0.1009000000D+01-0.2824500000D+01 0.3410000000D-01 0.3500000000D-03 0.8090400000D+01 0.2829000000D-01 0.1230000000D-03 0.2070000000D-01 0.1294860000D+01 0.1088700000D+01 0.4091300000D+01-0.1356300000D+01
3 4120101231201102242455561.5 0.3000000000D-03 0.0000000000D+00 0.4202330000D+02 0.8024000000D-01 0.6310000000D-03 0.5900000000D-02 0.5775953000D+01 0.5703000000D+01 0.1286000000D+01-0.3525900000D+01-0.1000000000D-03-0.1000000000D-04 0.6909300000D+01 0.2260000000D-01 0.2740000000D-03 0.7000000000D-03 0.8387400000D+00 0.9293000000D+00 0.4070100000D+01-0.2536600000D+01
3 4220110224201104202455616.5 0.2500000000D-02-0.1100000000D-03 0.4597720000D+02 0.9237000000D-01 0.8410000000D-03 0.3800000000D-02 0.3525540000D+00 0.1203100000D+01 0.3438300000D+01-0.1916700000D+01-0.1500000000D-02 0.4000000000D-04 0.7334800000D+01 0.1213000000D-01 0.1640000000D-03 0.1000000000D-02 0.1672098000D+01 0.4949100000D+01 0.5151700000D+01-0.1759300000D+01
3 4320110420201106142455671.5-0.3500000000D-02 0.1100000000D-03 0.4698220000D+02 0.7774000000D-01 0.7780000000D-03 0.4600000000D-02 0.1263542000D+01 0.3306100000D+01 0.5377300000D+01-0.2923000000D+00-0.1000000000D-03 0.0000000000D+00 0.6239000000D+01 0.2836000000D-01 0.1980000000D-03 0.4000000000D-03 0.2460299000D+01 0.5926200000D+01 0.2815100000D+01-0.6730000000D+00
3 4420110614201108082455726.5 0.5000000000D-03-0.1000000000D-04 0.4380910000D+02 0.7959000000D-01 0.4770000000D-03 0.2700000000D-02 0.2133870000D+01 0.5319500000D+01 0.9297000000D+00-0.4836500000D+01-0.8000000000D-03 0.1000000000D-04 0.5335000000D+01 0.4490000000D-02 0.2090000000D-03 0.4000000000D-03 0.3233815000D+01 0.1294000000D+00 0.3540000000D+01-0.3984400000D+01
3 4520110808201110022455781.5 0.4000000000D-03-0.2000000000D-04 0.4000210000D+02 0.7742000000D-01 0.3750000000D-03 0.3600000000D-02 0.2923816000D+01 0.5431000000D+00 0.2614800000D+01-0.3467800000D+01-0.7000000000D-03 0.1000000000D-04 0.5686200000D+01 0.1851000000D-01 0.1270000000D-03 0.7000000000D-03 0.4092095000D+01 0.4417800000D+01 0.3923300000D+01-0.2078200000D+01
3 4620111002201111262455836.5 0.0000000000D+00-0.1000000000D-04 0.3814560000D+02 0.6769000000D-01 0.4270000000D-03 0.3000000000D-02 0.3665864000D+01 0.1936300000D+01 0.3971500000D+01-0.1939900000D+01-0.8000000000D-03 0.1000000000D-04 0.7025900000D+01 0.3152000000D-01 0.5500000000D-04 0.8000000000D-03 0.4956822000D+01 0.5013900000D+01 0.4421400000D+01-0.7396000000D+00
3 4720111126201201202455891.5-0.1400000000D-02 0.3000000000D-04 0.3891960000D+02 0.6491000000D-01 0.5370000000D-03 0.4300000000D-02 0.4409577000D+01 0.3514900000D+01 0.5343900000D+01-0.2581000000D+00-0.9000000000D-03 0.1000000000D-04 0.8885200000D+01 0.3758000000D-01 0.8700000000D-04 0.4000000000D-03 0.5786697000D+01 0.5745800000D+01 0.2234400000D+01-0.4988400000D+01
4 4820101231201102192455561.5-0.1282000000D+00-0.1000000000D-04 0.5379590000D+02 0.1099400000D+00 0.7650000000D-03 0.6830000000D-01 0.5131070000D+01 0.4696300000D+01 0.5603000000D+00 0.1634900000D+01 0.1400000000D-01 0.6000000000D-04 0.9822000000D+01 0.3160000000D-01 0.3520000000D-03 0.1310000000D-01 0.1616620000D+00 0.1491000000D+00 0.3394500000D+01 0.2904100000D+01
4 4920110219201104102455611.5-0.1381000000D+00 0.3100000000D-03 0.5844680000D+02 0.9467000000D-01 0.1024000000D-02 0.7560000000D-01 0.5424070000D+00 0.9704000000D+00 0.3414500000D+01 0.4986800000D+01 0.1840000000D-01-0.1000000000D-04 0.1053440000D+02 0.8970000000D-02 0.2920000000D-03 0.9500000000D-02 0.1855023000D+01 0.5451400000D+01 0.5187300000D+01 0.6214600000D+01
4 5020110410201105302455661.5-0.1139000000D+00 0.5100000000D-03 0.6036580000D+02 0.6665000000D-01 0.1014000000D-02 0.7580000000D-01 0.2287669000D+01 0.4179300000D+01 0.6132900000D+01 0.2052000000D+01 0.1510000000D-01 0.0000000000D+00 0.9452500000D+01 0.3793000000D-01 0.1620000000D-03 0.1080000000D-01 0.3523180000D+01 0.6912000000D+00 0.3914000000D+01 0.3235700000D+01
4 5120110530201107192455711.5-0.9270000000D-01 0.2800000000D-03 0.5746960000D+02 0.9596000000D-01 0.6750000000D-03 0.6910000000D-01 0.4016761000D+01 0.9431000000D+00 0.2475500000D+01 0.5332800000D+01 0.1440000000D-01 0.3000000000D-04 0.8043400000D+01 0.1856000000D-01 0.2950000000D-03 0.9200000000D-02 0.5173223000D+01 0.2291400000D+01 0.5483900000D+01 0.1864000000D+00
4 5220110719201109072455761.5-0.7750000000D-01 0.1800000000D-03 0.5280020000D+02 0.1164100000D+00 0.4710000000D-03 0.6130000000D-01 0.5681880000D+01 0.3254500000D+01 0.5012300000D+01 0.2265600000D+01 0.1570000000D-01 0.8000000000D-04 0.7842700000D+01 0.1140000000D-01 0.2050000000D-03 0.9400000000D-02 0.5899500000D+00 0.9789000000D+00 0.4908000000D+00 0.3570300000D+01
4 5320110907201110272455811.5-0.6810000000D-01-0.9000000000D-04 0.4953700000D+02 0.1166900000D+00 0.4460000000D-03 0.5730000000D-01 0.1009949000D+01 0.5358000000D+01 0.9886000000D+00 0.5465800000D+01 0.1960000000D-01 0.1400000000D-03 0.8874300000D+01 0.3122000000D-01 0.1340000000D-03 0.1230000000D-01 0.2310612000D+01 0.2340000000D+01 0.1676400000D+01 0.5113000000D+00
4 5420111027201112162455861.5-0.7450000000D-01-0.6000000000D-04 0.4888030000D+02 0.1111100000D+00 0.5250000000D-03 0.5860000000D-01 0.2600662000D+01 0.1170700000D+01 0.3086900000D+01 0.2409000000D+01 0.2680000000D-01 0.1000000000D-03 0.1069710000D+02 0.4307000000D-01 0.4300000000D-04 0.1360000000D-01 0.3999204000D+01 0.3836100000D+01 0.2514800000D+01 0.3854700000D+01
4 5520111216201202042455911.5-0.7970000000D-01-0.3000000000D-04 0.5104220000D+02 0.1084500000D+00 0.6670000000D-03 0.6460000000D-01 0.4207931000D+01 0.3376900000D+01 0.5379400000D+01 0.5682400000D+01 0.3360000000D-01 0.1300000000D-03 0.1282300000D+02 0.4515000000D-01 0.1930000000D-03 0.1560000000D-01 0.5667070000D+01 0.5451400000D+01 0.2204400000D+01 0.9611000000D+00
5 5620101231201102222455561.5-0.3720000000D-01-0.1400000000D-03 0.7513770000D+02 0.1534900000D+00 0.1100000000D-02 0.4400000000D-01 0.2997780000D+00 0.6167900000D+01 0.2045800000D+01 0.4058000000D+01 0.9800000000D-02 0.3000000000D-04 0.1354730000D+02 0.4386000000D-01 0.4990000000D-03 0.8400000000D-02 0.1647391000D+01 0.1635500000D+01 0.4840400000D+01 0.5403900000D+01
5 5720110222201104162455614.5-0.3820000000D-01-0.8000000000D-04 0.8195770000D+02 0.1339000000D+00 0.1474000000D-02 0.5070000000D-01 0.4903888000D+01 0.5440100000D+01 0.1544800000D+01 0.7607000000D+00 0.8700000000D-02 0.2000000000D-04 0.1448950000D+02 0.1657000000D-01 0.3570000000D-03 0.7700000000D-02 0.6248249000D+01 0.3332100000D+01 0.3279500000D+01 0.2123600000D+01
5 5820110416201106082455667.5-0.3420000000D-01-0.5000000000D-04 0.8417590000D+02 0.1079400000D+00 0.1330000000D-02 0.4630000000D-01 0.3281246000D+01 0.5329800000D+01 0.9646000000D+00 0.3710100000D+01 0.7900000000D-02 0.1000000000D-04 0.1269290000D+02 0.5282000000D-01 0.2980000000D-03 0.7200000000D-02 0.4544624000D+01 0.1645500000D+01 0.4858700000D+01 0.4991400000D+01
5 5920110608201107312455720.5-0.3150000000D-01-0.7000000000D-04 0.7912710000D+02 0.1407000000D+00 0.8760000000D-03 0.4240000000D-01 0.1635557000D+01 0.4872100000D+01 0.2981000000D+00 0.4064000000D+00 0.6900000000D-02 0.1000000000D-04 0.1079200000D+02 0.1717000000D-01 0.3890000000D-03 0.6000000000D-02 0.2831245000D+01 0.6039400000D+01 0.3053100000D+01 0.1617200000D+01
5 6020110731201109222455773.5-0.3260000000D-01-0.1000000000D-03 0.7237810000D+02 0.1530100000D+00 0.6630000000D-03 0.3810000000D-01 0.6201123000D+01 0.3832600000D+01 0.5672800000D+01 0.3216100000D+01 0.7100000000D-02 0.5000000000D-04 0.1094450000D+02 0.2464000000D-01 0.2550000000D-03 0.6600000000D-02 0.1171374000D+01 0.1472000000D+01 0.9009000000D+00 0.4541300000D+01
5 6120110922201111142455826.5-0.3940000000D-01-0.9000000000D-04 0.6850220000D+02 0.1496000000D+00 0.6570000000D-03 0.3610000000D-01 0.4429811000D+01 0.2624200000D+01 0.4490100000D+01 0.6002300000D+01 0.9900000000D-02 0.1000000000D-04 0.1286860000D+02 0.4959000000D-01 0.1510000000D-03 0.7800000000D-02 0.5794120000D+01 0.5757200000D+01 0.4996400000D+01 0.1149100000D+01
5 6220111114201201062455879.5-0.4520000000D-01-0.1200000000D-03 0.6891720000D+02 0.1477200000D+00 0.7990000000D-03 0.3680000000D-01 0.2644549000D+01 0.1429800000D+01 0.3327600000D+01 0.2526700000D+01 0.1020000000D-01 0.4000000000D-04 0.1577870000D+02 0.6316000000D-01 0.8000000000D-04 0.9500000000D-02 0.4094301000D+01 0.3889700000D+01 0.9417000000D+00 0.4009400000D+01
6 6320101231201101182455561.5-0.3627200000D+01-0.9808000000D-01 0.1748527000D+03 0.2231300000D+00 0.0000000000D+00 0.2669800000D+01 0.4553047000D+01 0.4308400000D+01 0.0000000000D+00 0.2515000000D+00 0.9513000000D+00-0.6180000000D-02 0.3155070000D+02 0.7444000000D-01 0.0000000000D+00 0.4834000000D+00 0.5903790000D+01 0.6039300000D+01 0.0000000000D+00 0.1635500000D+01
6 6420110118201102052455579.5-0.5540400000D+01 0.9915000000D-01 0.1795586000D+03 0.3712600000D+00 0.0000000000D+00 0.2793500000D+01 0.5362921000D+01 0.5133600000D+01 0.0000000000D+00 0.1907400000D+01 0.8732000000D+00 0.5250000000D-02 0.3302560000D+02 0.3576000000D-01 0.0000000000D+00 0.5082000000D+00 0.4323710000D+00 0.3720000000D+00 0.0000000000D+00 0.3251700000D+01
6 6520110205201102232455597.5-0.4096900000D+01-0.6642000000D-01 0.1847122000D+03 0.3522300000D+00 0.0000000000D+00 0.2781900000D+01 0.6165140000D+01 0.3505000000D+00 0.0000000000D+00 0.3542100000D+01 0.1075000000D+01-0.1831000000D-01 0.3353610000D+02 0.1603000000D-01 0.0000000000D+00 0.5173000000D+00 0.1241235000D+01 0.1476200000D+01 0.0000000000D+00 0.4897100000D+01
6 6620110223201103132455615.5-0.4330300000D+01-0.5988000000D-01 0.1897100000D+03 0.3377000000D+00 0.0000000000D+00 0.2859300000D+01 0.7018960000D+00 0.1464800000D+01 0.0000000000D+00 0.5169900000D+01 0.6347000000D+00 0.3020000000D-01 0.3370410000D+02 0.6989000000D-01 0.0000000000D+00 0.4817000000D+00 0.2038543000D+01 0.4859000000D+01 0.0000000000D+00 0.2522000000D+00
6 6720110313201103312455633.5-0.5625700000D+01 0.9090000000D-01 0.1944100000D+03 0.2822900000D+00 0.0000000000D+00 0.2833700000D+01 0.1526223000D+01 0.3066600000D+01 0.0000000000D+00 0.5429000000D+00 0.9132000000D+00-0.8600000000D-03 0.3278860000D+02 0.9234000000D-01 0.0000000000D+00 0.4630000000D+00 0.2852649000D+01 0.6094300000D+01 0.0000000000D+00 0.1838200000D+01
6 6820110331201104182455651.5-0.4123100000D+01-0.5430000000D-01 0.1954262000D+03 0.1897600000D+00 0.0000000000D+00 0.2786400000D+01 0.2364170000D+01 0.3984700000D+01 0.0000000000D+00 0.2156500000D+01 0.9560000000D+00-0.1383000000D-01 0.3127050000D+02 0.1161100000D+00 0.0000000000D+00 0.4371000000D+00 0.3656676000D+01 0.7275000000D+00 0.0000000000D+00 0.3462800000D+01
6 6920110418201105062455669.5-0.5412500000D+01 0.1197300000D+00 0.1940511000D+03 0.3370300000D+00 0.0000000000D+00 0.2849600000D+01 0.3189047000D+01 0.5114200000D+01 0.0000000000D+00 0.3774600000D+01 0.6623000000D+00 0.1073000000D-01 0.2914600000D+02 0.9112000000D-01 0.0000000000D+00 0.4078000000D+00 0.4456982000D+01 0.1563900000D+01 0.0000000000D+00 0.5037800000D+01
6 7020110506201105242455687.5-0.3697600000D+01-0.4448000000D-01 0.1925545000D+03 0.3402500000D+00 0.0000000000D+00 0.2845900000D+01 0.4020677000D+01 0.4212000000D+00 0.0000000000D+00 0.5437000000D+01 0.7639000000D+00-0.6030000000D-02 0.2741710000D+02 0.8541000000D-01 0.0000000000D+00 0.3974000000D+00 0.5249729000D+01 0.2234100000D+01 0.0000000000D+00 0.3470000000D+00
6 7120110524201106112455705.5-0.3591600000D+01-0.5277000000D-01 0.1880270000D+03 0.3625400000D+00 0.0000000000D+00 0.2764700000D+01 0.4843060000D+01 0.1499400000D+01 0.0000000000D+00 0.7765000000D+00 0.5270000000D+00 0.1809000000D-01 0.2600100000D+02 0.5788000000D-01 0.0000000000D+00 0.3858000000D+00 0.6057535000D+01 0.3311600000D+01 0.0000000000D+00 0.1986000000D+01
6 7220110611201106292455723.5-0.4786100000D+01 0.9798000000D-01 0.1823666000D+03 0.3089500000D+00 0.0000000000D+00 0.2752300000D+01 0.5664422000D+01 0.2911400000D+01 0.0000000000D+00 0.2415500000D+01 0.6778000000D+00 0.1880000000D-02 0.2497000000D+02 0.1601000000D-01 0.0000000000D+00 0.3664000000D+00 0.5775500000D+00 0.3641100000D+01 0.0000000000D+00 0.3609800000D+01
6 7320110629201107172455741.5-0.2973200000D+01-0.9537000000D-01 0.1758351000D+03 0.2435100000D+00 0.0000000000D+00 0.2595500000D+01 0.1788190000D+00 0.3381500000D+01 0.0000000000D+00 0.4061600000D+01 0.8081000000D+00-0.1318000000D-01 0.2454170000D+02 0.2961000000D-01 0.0000000000D+00 0.3737000000D+00 0.1394489000D+01 0.1766800000D+01 0.0000000000D+00 0.5254200000D+01
6 7420110717201108042455759.5-0.4522400000D+01 0.7839000000D-01 0.1720833000D+03 0.3886000000D+00 0.0000000000D+00 0.2437400000D+01 0.9781910000D+00 0.4571500000D+01 0.0000000000D+00 0.5637900000D+01 0.6423000000D+00 0.7220000000D-02 0.2492430000D+02 0.4604000000D-01 0.0000000000D+00 0.3725000000D+00 0.2209789000D+01 0.2769000000D+01 0.0000000000D+00 0.6132000000D+00
6 7520110804201108222455777.5-0.4043400000D+01 0.3605000000D-01 0.1669673000D+03 0.3537200000D+00 0.0000000000D+00 0.2397200000D+01 0.1769405000D+01 0.5611400000D+01 0.0000000000D+00 0.9470000000D+00 0.8943000000D+00-0.1777000000D-01 0.2580820000D+02 0.6443000000D-01 0.0000000000D+00 0.3763000000D+00 0.3041534000D+01 0.3019600000D+01 0.0000000000D+00 0.2203300000D+01
6 7620110822201109092455795.5-0.2794600000D+01-0.1213500000D+00 0.1628986000D+03 0.4091600000D+00 0.0000000000D+00 0.2265600000D+01 0.2561047000D+01 0.6401000000D+00 0.0000000000D+00 0.2518700000D+01 0.6843000000D+00 0.9750000000D-02 0.2685740000D+02 0.1010100000D+00 0.0000000000D+00 0.4078000000D+00 0.3858235000D+01 0.3986300000D+01 0.0000000000D+00 0.3802300000D+01
6 7720110909201109272455813.5-0.4681700000D+01 0.6907000000D-01 0.1591156000D+03 0.2353900000D+00 0.0000000000D+00 0.2300000000D+01 0.3330682000D+01 0.1588400000D+01 0.0000000000D+00 0.4063400000D+01 0.7643000000D+00 0.9000000000D-02 0.2853480000D+02 0.1150900000D+00 0.0000000000D+00 0.4290000000D+00 0.4674894000D+01 0.4726800000D+01 0.0000000000D+00 0.5427700000D+01
6 7820110927201110152455831.5-0.3701500000D+01-0.5394000000D-01 0.1586052000D+03 0.3152100000D+00 0.0000000000D+00 0.2341800000D+01 0.4107756000D+01 0.2296700000D+01 0.0000000000D+00 0.5669000000D+01 0.1055700000D+01-0.1829000000D-01 0.3058000000D+02 0.1105700000D+00 0.0000000000D+00 0.4658000000D+00 0.5478978000D+01 0.5633800000D+01 0.0000000000D+00 0.7351000000D+00
6 7920111015201111022455849.5-0.4273700000D+01-0.1607000000D-01 0.1578111000D+03 0.3109700000D+00 0.0000000000D+00 0.2318900000D+01 0.4883014000D+01 0.3380300000D+01 0.0000000000D+00 0.9757000000D+00 0.7189000000D+00 0.2568000000D-01 0.3293900000D+02 0.1214700000D+00 0.0000000000D+00 0.5160000000D+00 0.1338700000D-01 0.6021100000D+01 0.0000000000D+00 0.2387700000D+01
6 8020111102201111202455867.5-0.5113600000D+01 0.6086000000D-01 0.1584681000D+03 0.3800000000D+00 0.0000000000D+00 0.2382500000D+01 0.5661452000D+01 0.4411800000D+01 0.0000000000D+00 0.2567300000D+01 0.1017800000D+01 0.1220000000D-02 0.3509330000D+02 0.1403800000D+00 0.0000000000D+00 0.5381000000D+00 0.8120140000D+00 0.6471000000D+00 0.0000000000D+00 0.4015700000D+01
6 8120111120201112082455885.5-0.4004400000D+01-0.8712000000D-01 0.1596847000D+03 0.2878200000D+00 0.0000000000D+00 0.2374200000D+01 0.1474430000D+00 0.5661900000D+01 0.0000000000D+00 0.4188700000D+01 0.1069200000D+01 0.8400000000D-03 0.3756990000D+02 0.1423000000D+00 0.0000000000D+00 0.5724000000D+00 0.1610521000D+01 0.1429700000D+01 0.0000000000D+00 0.5619500000D+01
6 8220111208201112262455903.5-0.5538900000D+01 0.5672000000D-01 0.1640586000D+03 0.2866100000D+00 0.0000000000D+00 0.2346100000D+01 0.9294020000D+00 0.6207000000D+01 0.0000000000D+00 0.5761300000D+01 0.9895000000D+00 0.1598000000D-01 0.4008800000D+02 0.1282200000D+00 0.0000000000D+00 0.6014000000D+00 0.2404923000D+01 0.2308900000D+01 0.0000000000D+00 0.9593000000D+00
6 8320111226201201132455921.5-0.4698400000D+01-0.6298000000D-01 0.1672378000D+03 0.3689100000D+00 0.0000000000D+00 0.2450800000D+01 0.1718027000D+01 0.1144700000D+01 0.0000000000D+00 0.1052500000D+01 0.1331500000D+01-0.1762000000D-01 0.4262670000D+02 0.1201800000D+00 0.0000000000D+00 0.6120000000D+00 0.3210025000D+01 0.2881300000D+01 0.0000000000D+00 0.2553800000D+01
7 8420101231201101122455561.5 0.3577280000D+02-0.7926290000D+01 0.1569639000D+03 0.1182253000D+02 0.0000000000D+00 0.3709000000D+00 0.2314815000D+01 0.6953000000D+00 0.0000000000D+00 0.3876800000D+01-0.1468830000D+02 0.1198030000D+01 0.3016400000D+02 0.1891400000D+01 0.0000000000D+00 0.2582000000D+00 0.3521695000D+01 0.1751700000D+01 0.0000000000D+00 0.5537600000D+01
7 8520110112201101242455573.5 0.5790010000D+02-0.1532870000D+01 0.2174646000D+03 0.1478949000D+02 0.0000000000D+00 0.4694000000D+00 0.5717978000D+01 0.3543000000D+01 0.0000000000D+00 0.2778700000D+01 0.7248900000D+01-0.1619670000D+01 0.3433830000D+02 0.2103200000D+01 0.0000000000D+00 0.5020000000D-01 0.8084840000D+00 0.4919300000D+01 0.0000000000D+00 0.1213200000D+01
7 8620110124201102052455585.5-0.3760020000D+02 0.3110760000D+01 0.1984466000D+03 0.1133179000D+02 0.0000000000D+00 0.3247300000D+01 0.2858511000D+01 0.9717000000D+00 0.0000000000D+00 0.5711300000D+01-0.1594050000D+02 0.2181290000D+01 0.2833160000D+02 0.1271730000D+01 0.0000000000D+00 0.3939000000D+00 0.4255483000D+01 0.2605400000D+01 0.0000000000D+00 0.6622000000D+00
7 8720110205201102172455597.5 0.7107520000D+02-0.5005020000D+01 0.2095306000D+03 0.1530402000D+02 0.0000000000D+00 0.7383000000D+00 0.2261930000D+00 0.4413200000D+01 0.0000000000D+00 0.3302700000D+01 0.9806000000D+00-0.1132810000D+01 0.3485830000D+02 0.2540390000D+01 0.0000000000D+00 0.9360000000D-01 0.1731904000D+01 0.5969400000D+01 0.0000000000D+00 0.5397800000D+01
7 8820110217201103012455609.5-0.5731320000D+02 0.9387120000D+01 0.1975344000D+03 0.9597520000D+01 0.0000000000D+00 0.3185300000D+01 0.3594307000D+01 0.1608900000D+01 0.0000000000D+00 0.1065800000D+01-0.6340200000D+01 0.1341220000D+01 0.3302840000D+02 0.1799730000D+01 0.0000000000D+00 0.6054000000D+00 0.5182361000D+01 0.3380200000D+01 0.0000000000D+00 0.2732400000D+01
7 8920110301201103132455621.5 0.6980500000D+02-0.7425680000D+01 0.1906472000D+03 0.1414434000D+02 0.0000000000D+00 0.2659000000D+00 0.1050885000D+01 0.5413000000D+01 0.0000000000D+00 0.4574700000D+01-0.3570700000D+01-0.7157800000D+00 0.3371210000D+02 0.2667870000D+01 0.0000000000D+00 0.1242000000D+00 0.2558636000D+01 0.6296000000D+00 0.0000000000D+00 0.1842000000D+00
7 9020110313201103252455633.5-0.4390240000D+02 0.1239766000D+02 0.1831728000D+03 0.7769400000D+01 0.0000000000D+00 0.2418600000D+01 0.4484246000D+01 0.2550600000D+01 0.0000000000D+00 0.3256500000D+01 0.4922200000D+01-0.2550600000D+00 0.3671860000D+02 0.2049450000D+01 0.0000000000D+00 0.3780000000D+00 0.5894060000D+01 0.3788600000D+01 0.0000000000D+00 0.4104900000D+01
7 9120110325201104062455645.5 0.6255200000D+02-0.1023895000D+02 0.1694887000D+03 0.1237034000D+02 0.0000000000D+00 0.5263000000D+00 0.1922152000D+01 0.2822000000D+00 0.0000000000D+00 0.2394500000D+01-0.9334200000D+01 0.1925700000D+00 0.3131070000D+02 0.2283490000D+01 0.0000000000D+00 0.1213000000D+00 0.3245288000D+01 0.1408600000D+01 0.0000000000D+00 0.5699900000D+01
7 9220110406201104182455657.5 0.3937870000D+02 0.1862620000D+01 0.2322172000D+03 0.1461074000D+02 0.0000000000D+00 0.6838000000D+00 0.5391729000D+01 0.3242900000D+01 0.0000000000D+00 0.3770200000D+01 0.9116300000D+01-0.1409990000D+01 0.3288570000D+02 0.1921310000D+01 0.0000000000D+00 0.6940000000D-01 0.3399430000D+00 0.4353900000D+01 0.0000000000D+00 0.9585000000D+00
7 9320110418201104302455669.5-0.5332600000D+01-0.2327470000D+01 0.2008172000D+03 0.1250934000D+02 0.0000000000D+00 0.2405400000D+01 0.2650168000D+01 0.8802000000D+00 0.0000000000D+00 0.5314500000D+01-0.1512790000D+02 0.1724580000D+01 0.2540320000D+02 0.1158280000D+01 0.0000000000D+00 0.3549000000D+00 0.3811259000D+01 0.1999600000D+01 0.0000000000D+00 0.6147600000D+01
7 9420110430201105122455681.5 0.6736640000D+02-0.3616690000D+01 0.2249640000D+03 0.1587554000D+02 0.0000000000D+00 0.7165000000D+00 0.6220637000D+01 0.4080500000D+01 0.0000000000D+00 0.2888200000D+01 0.3826800000D+01-0.1047070000D+01 0.2852410000D+02 0.1943320000D+01 0.0000000000D+00 0.3880000000D-01 0.1296504000D+01 0.5468900000D+01 0.0000000000D+00 0.4324800000D+01
7 9520110512201105242455693.5-0.5370450000D+02 0.7304190000D+01 0.2042375000D+03 0.1040079000D+02 0.0000000000D+00 0.3385200000D+01 0.3331980000D+01 0.1335400000D+01 0.0000000000D+00 0.4657000000D+00-0.8149200000D+01 0.1351420000D+01 0.2450550000D+02 0.1244020000D+01 0.0000000000D+00 0.4037000000D+00 0.4759949000D+01 0.2978600000D+01 0.0000000000D+00 0.2012100000D+01
7 9620110524201106052455705.5 0.6828160000D+02-0.6180820000D+01 0.1939116000D+03 0.1417014000D+02 0.0000000000D+00 0.4790000000D+00 0.7855890000D+00 0.5069900000D+01 0.0000000000D+00 0.3937200000D+01-0.1280000000D+00-0.7436000000D+00 0.2570740000D+02 0.1971190000D+01 0.0000000000D+00 0.8400000000D-01 0.2180907000D+01 0.2201000000D+00 0.0000000000D+00 0.6068000000D+01
7 9720110605201106172455717.5-0.5421460000D+02 0.1188305000D+02 0.1734647000D+03 0.7096870000D+01 0.0000000000D+00 0.2069200000D+01 0.4177661000D+01 0.2180300000D+01 0.0000000000D+00 0.2654000000D+01-0.5610000000D-01 0.4577000000D+00 0.2663600000D+02 0.1484800000D+01 0.0000000000D+00 0.3952000000D+00 0.5604931000D+01 0.3656300000D+01 0.0000000000D+00 0.3678500000D+01
7 9820110617201106292455729.5 0.6462970000D+02-0.9152660000D+01 0.1588560000D+03 0.1126709000D+02 0.0000000000D+00 0.3713000000D+00 0.1641922000D+01 0.6193700000D+01 0.0000000000D+00 0.2214300000D+01-0.4321600000D+01-0.2456300000D+00 0.2466580000D+02 0.1910030000D+01 0.0000000000D+00 0.5090000000D-01 0.2965294000D+01 0.1136400000D+01 0.0000000000D+00 0.3340000000D-01
7 9920110629201107112455741.5 0.1234760000D+02 0.4942720000D+01 0.1962565000D+03 0.1153195000D+02 0.0000000000D+00 0.1127100000D+01 0.5145470000D+01 0.3045300000D+01 0.0000000000D+00 0.3840800000D+01 0.7877100000D+01-0.1038080000D+01 0.2796900000D+02 0.1618930000D+01 0.0000000000D+00 0.3380000000D-01 0.6279924000D+01 0.4032100000D+01 0.0000000000D+00 0.5627800000D+01
710020110711201107232455753.5 0.2101530000D+02-0.5671100000D+01 0.1658378000D+03 0.1107881000D+02 0.0000000000D+00 0.1287900000D+01 0.2453447000D+01 0.7621000000D+00 0.0000000000D+00 0.4988300000D+01-0.1143770000D+02 0.1150970000D+01 0.2331340000D+02 0.1227080000D+01 0.0000000000D+00 0.2903000000D+00 0.3537090000D+01 0.1732400000D+01 0.0000000000D+00 0.5794500000D+01
710120110723201108042455765.5 0.5441660000D+02-0.1753630000D+01 0.2002016000D+03 0.1400651000D+02 0.0000000000D+00 0.5969000000D+00 0.5950544000D+01 0.3796800000D+01 0.0000000000D+00 0.2723600000D+01 0.4664700000D+01-0.1032580000D+01 0.2637780000D+02 0.1725390000D+01 0.0000000000D+00 0.8100000000D-02 0.9737290000D+00 0.5149400000D+01 0.0000000000D+00 0.4033400000D+01
710220110804201108162455777.5-0.3898360000D+02 0.4427840000D+01 0.1820247000D+03 0.9868740000D+01 0.0000000000D+00 0.3036500000D+01 0.3067745000D+01 0.1088400000D+01 0.0000000000D+00 0.2580000000D-01-0.8847600000D+01 0.1404860000D+01 0.2351620000D+02 0.1140060000D+01 0.0000000000D+00 0.3567000000D+00 0.4459110000D+01 0.2732400000D+01 0.0000000000D+00 0.1499300000D+01
710320110816201108282455789.5 0.6172990000D+02-0.4451340000D+01 0.1753791000D+03 0.1293321000D+02 0.0000000000D+00 0.5685000000D+00 0.4799840000D+00 0.4727800000D+01 0.0000000000D+00 0.3630600000D+01 0.3461000000D+00-0.7723200000D+00 0.2719750000D+02 0.2058900000D+01 0.0000000000D+00 0.8510000000D-01 0.1925469000D+01 0.6250600000D+01 0.0000000000D+00 0.5916700000D+01
710420110828201109092455801.5-0.5065600000D+02 0.9718170000D+01 0.1601460000D+03 0.7095190000D+01 0.0000000000D+00 0.1796300000D+01 0.3828598000D+01 0.1765800000D+01 0.0000000000D+00 0.1947400000D+01-0.1520600000D+01 0.7595600000D+00 0.2858250000D+02 0.1585600000D+01 0.0000000000D+00 0.4722000000D+00 0.5398813000D+01 0.3548700000D+01 0.0000000000D+00 0.3392800000D+01
710520110909201109212455813.5 0.6464240000D+02-0.7555650000D+01 0.1457796000D+03 0.1026754000D+02 0.0000000000D+00 0.2565000000D+00 0.1277495000D+01 0.5760700000D+01 0.0000000000D+00 0.2384800000D+01-0.3905200000D+01-0.4172600000D+00 0.2897080000D+02 0.2290610000D+01 0.0000000000D+00 0.6150000000D-01 0.2771361000D+01 0.9544000000D+00 0.0000000000D+00 0.5128000000D+00
710620110921201110032455825.5-0.1006120000D+02 0.7421990000D+01 0.1635730000D+03 0.8797420000D+01 0.0000000000D+00 0.1295100000D+01 0.4788874000D+01 0.2737800000D+01 0.0000000000D+00 0.3707600000D+01 0.9677900000D+01-0.1115610000D+01 0.3525180000D+02 0.2051410000D+01 0.0000000000D+00 0.9590000000D-01 0.6086704000D+01 0.3878600000D+01 0.0000000000D+00 0.4581700000D+01
710720111003201110152455837.5 0.4461210000D+02-0.7948630000D+01 0.1390243000D+03 0.9428580000D+01 0.0000000000D+00 0.6942000000D+00 0.2123437000D+01 0.5297000000D+00 0.0000000000D+00 0.4233800000D+01-0.1312050000D+02 0.1157070000D+01 0.3094030000D+02 0.1804310000D+01 0.0000000000D+00 0.3348000000D+00 0.3370357000D+01 0.1577600000D+01 0.0000000000D+00 0.5625700000D+01
710820111015201110272455849.5 0.4270010000D+02 0.3237300000D+00 0.1868104000D+03 0.1303928000D+02 0.0000000000D+00 0.5125000000D+00 0.5620825000D+01 0.3483400000D+01 0.0000000000D+00 0.2741700000D+01 0.8132900000D+01-0.1478720000D+01 0.3510460000D+02 0.2252250000D+01 0.0000000000D+00 0.1490000000D-01 0.7270280000D+00 0.4882200000D+01 0.0000000000D+00 0.2279800000D+01
710920111027201111082455861.5-0.1983390000D+02 0.1378130000D+01 0.1745510000D+03 0.1002007000D+02 0.0000000000D+00 0.2941900000D+01 0.2762065000D+01 0.8441000000D+00 0.0000000000D+00 0.5932300000D+01-0.1371720000D+02 0.2067000000D+01 0.3132310000D+02 0.1437090000D+01 0.0000000000D+00 0.4581000000D+00 0.4189892000D+01 0.2450100000D+01 0.0000000000D+00 0.1054200000D+01
711020111108201111202455873.5 0.5945120000D+02-0.2905670000D+01 0.1766848000D+03 0.1326737000D+02 0.0000000000D+00 0.6667000000D+00 0.1308590000D+00 0.4368700000D+01 0.0000000000D+00 0.3408300000D+01 0.2801800000D+01-0.1212780000D+01 0.3681690000D+02 0.2751860000D+01 0.0000000000D+00 0.1043000000D+00 0.1680788000D+01 0.5992100000D+01 0.0000000000D+00 0.5664500000D+01
711120111120201112022455885.5-0.4552610000D+02 0.7834570000D+01 0.1711380000D+03 0.8421030000D+01 0.0000000000D+00 0.2189800000D+01 0.3471081000D+01 0.1406500000D+01 0.0000000000D+00 0.1314600000D+01-0.5166400000D+01 0.1536050000D+01 0.3733280000D+02 0.2004410000D+01 0.0000000000D+00 0.6454000000D+00 0.5157181000D+01 0.3366600000D+01 0.0000000000D+00 0.3118900000D+01
711220111202201112142455897.5 0.6948690000D+02-0.6359880000D+01 0.1573381000D+03 0.1137091000D+02 0.0000000000D+00 0.2074000000D+00 0.8971800000D+00 0.5326300000D+01 0.0000000000D+00 0.2920800000D+01-0.2139400000D+01-0.9302600000D+00 0.3904720000D+02 0.3121690000D+01 0.0000000000D+00 0.1001000000D+00 0.2539580000D+01 0.7212000000D+00 0.0000000000D+00 0.6292000000D+00
711320111214201112262455909.5-0.3055670000D+02 0.1007747000D+02 0.1626457000D+03 0.7739160000D+01 0.0000000000D+00 0.1439200000D+01 0.4354365000D+01 0.2283400000D+01 0.0000000000D+00 0.3528500000D+01 0.1122810000D+02-0.8884900000D+00 0.4867120000D+02 0.2860770000D+01 0.0000000000D+00 0.2437000000D+00 0.5869256000D+01 0.3701400000D+01 0.0000000000D+00 0.4226000000D+01
711420111226201201072455921.5 0.7042370000D+02-0.1024213000D+02 0.1383958000D+03 0.8932020000D+01 0.0000000000D+00 0.8596000000D+00 0.1717215000D+01 0.2034000000D+00 0.0000000000D+00 0.3147200000D+01-0.1363760000D+02 0.7908400000D+00 0.4293330000D+02 0.2781550000D+01 0.0000000000D+00 0.3722000000D+00 0.3174050000D+01 0.1391800000D+01 0.0000000000D+00 0.5459100000D+01
811520101231201102052455561.5-0.5604700000D+01 0.8462100000D+00 0.5007298000D+03 0.0000000000D+00 0.0000000000D+00 0.5628300000D+01 0.4344385000D+01 0.0000000000D+00 0.0000000000D+00 0.6143600000D+01 0.9472700000D+01-0.3209200000D+00 0.1584113000D+03 0.0000000000D+00 0.0000000000D+00 0.1760200000D+01 0.4192000000D+00 0.0000000000D+00 0.0000000000D+00 0.2178300000D+01
811620110205201103132455597.5-0.2098230000D+02 0.4689100000D+00 0.5515851000D+03 0.0000000000D+00 0.0000000000D+00 0.1390900000D+02 0.9529590000D+00 0.0000000000D+00 0.0000000000D+00 0.4855000000D+01 0.5766000000D+01 0.1186700000D+00 0.1680758000D+03 0.0000000000D+00 0.0000000000D+00 0.4109100000D+01 0.3315902000D+01 0.0000000000D+00 0.0000000000D+00 0.1244800000D+01
811720110313201104182455633.5 0.2627730000D+02-0.8494100000D+00 0.5711221000D+03 0.0000000000D+00 0.0000000000D+00 0.5721000000D+01 0.3854679000D+01 0.0000000000D+00 0.0000000000D+00 0.4338900000D+01-0.1515800000D+01 0.9358000000D-01 0.1686461000D+03 0.0000000000D+00 0.0000000000D+00 0.2522800000D+01 0.6241651000D+01 0.0000000000D+00 0.0000000000D+00 0.1330000000D+00
811820110418201105242455669.5-0.2421530000D+02 0.9902500000D+00 0.5570540000D+03 0.0000000000D+00 0.0000000000D+00 0.8386700000D+01 0.4752890000D+00 0.0000000000D+00 0.0000000000D+00 0.4353800000D+01 0.1560360000D+02-0.3573200000D+00 0.1584291000D+03 0.0000000000D+00 0.0000000000D+00 0.2431300000D+01 0.2886209000D+01 0.0000000000D+00 0.0000000000D+00 0.5469000000D+00
811920110524201106292455705.5 0.2403660000D+02-0.1122030000D+01 0.5242952000D+03 0.0000000000D+00 0.0000000000D+00 0.1117830000D+02 0.3356940000D+01 0.0000000000D+00 0.0000000000D+00 0.3487400000D+01-0.2925800000D+01 0.2190000000D+00 0.1479075000D+03 0.0000000000D+00 0.0000000000D+00 0.3247000000D+01 0.5738011000D+01 0.0000000000D+00 0.0000000000D+00 0.5963900000D+01
812020110629201108042455741.5-0.2314030000D+02 0.1394300000D+01 0.4814988000D+03 0.0000000000D+00 0.0000000000D+00 0.6386400000D+01 0.6207116000D+01 0.0000000000D+00 0.0000000000D+00 0.2645300000D+01 0.7774300000D+01-0.1955500000D+00 0.1392325000D+03 0.0000000000D+00 0.0000000000D+00 0.2011200000D+01 0.2264702000D+01 0.0000000000D+00 0.0000000000D+00 0.4781500000D+01
812120110804201109092455777.5 0.1873790000D+02-0.1205090000D+01 0.4506994000D+03 0.0000000000D+00 0.0000000000D+00 0.7398900000D+01 0.2716569000D+01 0.0000000000D+00 0.0000000000D+00 0.2590200000D+01 0.5020000000D-01 0.3057100000D+00 0.1349757000D+03 0.0000000000D+00 0.0000000000D+00 0.1980200000D+01 0.5044893000D+01 0.0000000000D+00 0.0000000000D+00 0.4969400000D+01
812220110909201110152455813.5-0.1173900000D+02 0.8649600000D+00 0.4334713000D+03 0.0000000000D+00 0.0000000000D+00 0.8306200000D+01 0.5479064000D+01 0.0000000000D+00 0.0000000000D+00 0.1308400000D+01 0.1171300000D+02-0.4961700000D+00 0.1340610000D+03 0.0000000000D+00 0.0000000000D+00 0.2384100000D+01 0.1511012000D+01 0.0000000000D+00 0.0000000000D+00 0.3800200000D+01
812320111015201111202455849.5 0.8638400000D+01-0.1009460000D+01 0.4307850000D+03 0.0000000000D+00 0.0000000000D+00 0.4913100000D+01 0.1959693000D+01 0.0000000000D+00 0.0000000000D+00 0.9931000000D+00-0.5218100000D+01 0.6176200000D+00 0.1404555000D+03 0.0000000000D+00 0.0000000000D+00 0.2042400000D+01 0.4263000000D+01 0.0000000000D+00 0.0000000000D+00 0.3203600000D+01
812420111120201112262455885.5-0.2295550000D+02 0.1495140000D+01 0.4348408000D+03 0.0000000000D+00 0.0000000000D+00 0.6677100000D+01 0.4725209000D+01 0.0000000000D+00 0.0000000000D+00 0.4775000000D+00 0.1655440000D+02-0.5906400000D+00 0.1519197000D+03 0.0000000000D+00 0.0000000000D+00 0.2457600000D+01 0.7506480000D+00 0.0000000000D+00 0.0000000000D+00 0.2749700000D+01
812520111226201201312455921.5 0.7379800000D+01-0.1180560000D+01 0.4711346000D+03 0.0000000000D+00 0.0000000000D+00 0.9794100000D+01 0.1243945000D+01 0.0000000000D+00 0.0000000000D+00 0.5595500000D+01-0.2633000000D+00 0.3735900000D+00 0.1682008000D+03 0.0000000000D+00 0.0000000000D+00 0.3207000000D+01 0.3584713000D+01 0.0000000000D+00 0.0000000000D+00 0.1566200000D+01
