 6 8    2   33   41   48   56   63   84  115  6.6670  4.5860  3.3280  2.2960  1.3910  0.3940  0.3940  0.0790 12.0 50.0 55.0 50.0 53.0 18.0 12.0 36.0  125 2453004.5000 2004                                                                                                                                                                                                      
1  220031231200401122453004.5 0.2042000000D+00 0.1675000000D-01 0.3170460000D+02 0.5064000000D-01 0.5970000000D-03 0.3034000000D+00 0.1190864000D+01 0.2829200000D+01 0.5425500000D+01 0.5199800000D+01-0.3713000000D+00 0.3200000000D-02 0.1384500000D+02 0.2368000000D-01 0.3600000000D-03 0.1332000000D+00 0.6050807000D+01 0.2786000000D+00 0.2447200000D+01 0.3778400000D+01
1  320040112200401242453016.5 0.4009000000D+00 0.1398000000D-01 0.3160770000D+02 0.4699000000D-01 0.1031000000D-02 0.3041000000D+00 0.5813192000D+01 0.1372700000D+01 0.3556700000D+01 0.1648700000D+01-0.3312000000D+00 0.4900000000D-02 0.1404890000D+02 0.1800000000D-01 0.2860000000D-03 0.1336000000D+00 0.4384753000D+01 0.5126200000D+01 0.1005600000D+01 0.2283000000D+00
1  420040124200402052453028.5 0.5672000000D+00 0.1085000000D-01 0.3135340000D+02 0.3948000000D-01 0.1023000000D-02 0.2993000000D+00 0.4149935000D+01 0.1151000000D+00 0.1684900000D+01 0.4389200000D+01-0.2785000000D+00 0.6190000000D-02 0.1417120000D+02 0.1285000000D-01 0.2420000000D-03 0.1344000000D+00 0.2717942000D+01 0.3934300000D+01 0.1318000000D+00 0.2935200000D+01
1  520040205200402172453040.5 0.7083000000D+00 0.6810000000D-02 0.3095200000D+02 0.3935000000D-01 0.5970000000D-03 0.2910000000D+00 0.2482046000D+01 0.5280900000D+01 0.6093500000D+01 0.8179000000D+00-0.2015000000D+00 0.7000000000D-02 0.1419760000D+02 0.1135000000D-01 0.3410000000D-03 0.1351000000D+00 0.1048981000D+01 0.2839200000D+01 0.5228500000D+01 0.5659300000D+01
1  620040217200402292453052.5 0.7871000000D+00 0.3350000000D-02 0.3043660000D+02 0.4748000000D-01 0.3540000000D-03 0.2847000000D+00 0.8084680000D+00 0.3966900000D+01 0.4813500000D+01 0.3535700000D+01-0.1186000000D+00 0.7090000000D-02 0.1413670000D+02 0.1079000000D-01 0.4570000000D-03 0.1341000000D+00 0.5660898000D+01 0.1672700000D+01 0.3425500000D+01 0.2092200000D+01
1  720040229200403122453064.5 0.8392000000D+00 0.2200000000D-03 0.2984060000D+02 0.5722000000D-01 0.4430000000D-03 0.2769000000D+00 0.5412346000D+01 0.2514200000D+01 0.4073400000D+01 0.6227200000D+01-0.3010000000D-01 0.7070000000D-02 0.1400560000D+02 0.1172000000D-01 0.3680000000D-03 0.1342000000D+00 0.3987393000D+01 0.7298000000D+00 0.1324600000D+01 0.4812200000D+01
1  820040312200403242453076.5 0.8320000000D+00-0.2640000000D-02 0.2919750000D+02 0.6280000000D-01 0.7460000000D-03 0.2737000000D+00 0.3726670000D+01 0.9511000000D+00 0.2537600000D+01 0.2637000000D+01 0.5860000000D-01 0.6450000000D-02 0.1382370000D+02 0.1756000000D-01 0.2090000000D-03 0.1301000000D+00 0.2310107000D+01 0.5694300000D+01 0.5257800000D+01 0.1243300000D+01
1  920040324200404052453088.5 0.8009000000D+00-0.4710000000D-02 0.2852910000D+02 0.6417000000D-01 0.8570000000D-03 0.2672000000D+00 0.2035830000D+01 0.5704200000D+01 0.6512000000D+00 0.5336100000D+01 0.1343000000D+00 0.5860000000D-02 0.1359600000D+02 0.2321000000D-01 0.4600000000D-04 0.1273000000D+00 0.6292090000D+00 0.4096200000D+01 0.2908000000D+01 0.3947200000D+01
1 1020040405200404172453100.5 0.7370000000D+00-0.7130000000D-02 0.2787130000D+02 0.6665000000D-01 0.4990000000D-03 0.2647000000D+00 0.3406920000D+00 0.4256200000D+01 0.4698300000D+01 0.1743600000D+01 0.2076000000D+00 0.4840000000D-02 0.1332760000D+02 0.2618000000D-01 0.6900000000D-04 0.1234000000D+00 0.5228274000D+01 0.2448200000D+01 0.3984600000D+01 0.3661000000D+00
1 1120040417200404292453112.5 0.6462000000D+00-0.8540000000D-02 0.2728240000D+02 0.7383000000D-01 0.1470000000D-03 0.2564000000D+00 0.4924336000D+01 0.2706000000D+01 0.1574100000D+01 0.4442100000D+01 0.2594000000D+00 0.3640000000D-02 0.1303720000D+02 0.2817000000D-01 0.1930000000D-03 0.1207000000D+00 0.3541200000D+01 0.7584000000D+00 0.2057400000D+01 0.3045300000D+01
1 1220040429200405112453124.5 0.5503000000D+00-0.1014000000D-01 0.2675380000D+02 0.7912000000D-01 0.3300000000D-03 0.2497000000D+00 0.3220835000D+01 0.1080800000D+01 0.4073000000D+01 0.8358000000D+00 0.3046000000D+00 0.2350000000D-02 0.1272200000D+02 0.2872000000D-01 0.2370000000D-03 0.1184000000D+00 0.1851988000D+01 0.5407400000D+01 0.1189000000D+00 0.5747900000D+01
1 1320040511200405232453136.5 0.4241000000D+00-0.1082000000D-01 0.2628760000D+02 0.7822000000D-01 0.3920000000D-03 0.2440000000D+00 0.1514011000D+01 0.5727900000D+01 0.1877700000D+01 0.3520600000D+01 0.3297000000D+00 0.8200000000D-03 0.1239430000D+02 0.2888000000D-01 0.2090000000D-03 0.1160000000D+00 0.1609960000D+00 0.3832900000D+01 0.3907000000D+01 0.2154400000D+01
1 1420040523200406042453148.5 0.3073000000D+00-0.1109000000D-01 0.2590600000D+02 0.7528000000D-01 0.4460000000D-03 0.2403000000D+00 0.6088314000D+01 0.4073300000D+01 0.5842200000D+01 0.6179400000D+01 0.3411000000D+00-0.3400000000D-03 0.1207400000D+02 0.3193000000D-01 0.1250000000D-03 0.1141000000D+00 0.4751588000D+01 0.2217900000D+01 0.1114600000D+01 0.4862500000D+01
1 1520040604200406162453160.5 0.1684000000D+00-0.1109000000D-01 0.2559330000D+02 0.7000000000D-01 0.4650000000D-03 0.2403000000D+00 0.4377975000D+01 0.2466200000D+01 0.3679100000D+01 0.2577700000D+01 0.3399000000D+00-0.1570000000D-02 0.1175480000D+02 0.3429000000D-01 0.1700000000D-03 0.1095000000D+00 0.3056576000D+01 0.5444000000D+00 0.4092700000D+01 0.1276100000D+01
1 1620040616200406282453172.5 0.3910000000D-01-0.1043000000D-01 0.2536190000D+02 0.6658000000D-01 0.2890000000D-03 0.2394000000D+00 0.2667499000D+01 0.9162000000D+00 0.1247600000D+01 0.5257300000D+01 0.3201000000D+00-0.2280000000D-02 0.1143830000D+02 0.3381000000D-01 0.1640000000D-03 0.1067000000D+00 0.1359330000D+01 0.5128300000D+01 0.1652000000D+01 0.3975100000D+01
1 1720040628200407102453184.5-0.9200000000D-01-0.1029000000D-01 0.2523050000D+02 0.6988000000D-01 0.1550000000D-03 0.2421000000D+00 0.9581070000D+00 0.5621600000D+01 0.3006100000D+01 0.1666300000D+01 0.2963000000D+00-0.2920000000D-02 0.1113190000D+02 0.3237000000D-01 0.1520000000D-03 0.1025000000D+00 0.5943929000D+01 0.3457300000D+01 0.5497900000D+01 0.3800000000D+00
1 1820040710200407222453196.5-0.2221000000D+00-0.9560000000D-02 0.2520410000D+02 0.7046000000D-01 0.5530000000D-03 0.2387000000D+00 0.5532145000D+01 0.3985500000D+01 0.5538000000D+00 0.4358400000D+01 0.2565000000D+00-0.3350000000D-02 0.1084360000D+02 0.2985000000D-01 0.1440000000D-03 0.1006000000D+00 0.4243581000D+01 0.1810000000D+01 0.3212400000D+01 0.3058200000D+01
1 1920040722200408032453208.5-0.3342000000D+00-0.9380000000D-02 0.2526980000D+02 0.6556000000D-01 0.6230000000D-03 0.2397000000D+00 0.3824003000D+01 0.2347100000D+01 0.4647300000D+01 0.7643000000D+00 0.2172000000D+00-0.3630000000D-02 0.1058190000D+02 0.2779000000D-01 0.1200000000D-03 0.9860000000D-01 0.2542348000D+01 0.2140000000D+00 0.1138600000D+01 0.5755700000D+01
1 2020040803200408152453220.5-0.4530000000D+00-0.8630000000D-02 0.2541310000D+02 0.5971000000D-01 0.5220000000D-03 0.2391000000D+00 0.2117901000D+01 0.7790000000D+00 0.2589600000D+01 0.3456400000D+01 0.1699000000D+00-0.4030000000D-02 0.1035700000D+02 0.2749000000D-01 0.5100000000D-04 0.9800000000D-01 0.8405730000D+00 0.4958200000D+01 0.1796800000D+01 0.2159000000D+01
1 2120040815200408272453232.5-0.5445000000D+00-0.7640000000D-02 0.2564970000D+02 0.5322000000D-01 0.3480000000D-03 0.2427000000D+00 0.4142550000D+00 0.5544100000D+01 0.4423000000D+00 0.6134000000D+01 0.1218000000D+00-0.4160000000D-02 0.1018560000D+02 0.2715000000D-01 0.2350000000D-03 0.9700000000D-01 0.5420689000D+01 0.3350400000D+01 0.6167000000D+01 0.4868000000D+01
1 2220040827200409082453244.5-0.6396000000D+00-0.6250000000D-02 0.2596130000D+02 0.5140000000D-01 0.2030000000D-03 0.2475000000D+00 0.4997352000D+01 0.4068900000D+01 0.4740700000D+01 0.2557300000D+01 0.7350000000D-01-0.4440000000D-02 0.1006520000D+02 0.2488000000D-01 0.3680000000D-03 0.9540000000D-01 0.3716852000D+01 0.1748400000D+01 0.4067800000D+01 0.1281800000D+01
1 2320040908200409202453256.5-0.7075000000D+00-0.4020000000D-02 0.2635020000D+02 0.5491000000D-01 0.2400000000D-03 0.2537000000D+00 0.3301258000D+01 0.2576600000D+01 0.5195700000D+01 0.5256800000D+01 0.2010000000D-01-0.4380000000D-02 0.9999800000D+01 0.2089000000D-01 0.3330000000D-03 0.9530000000D-01 0.2013170000D+01 0.2850000000D+00 0.2113400000D+01 0.3989200000D+01
1 2420040920200410022453268.5-0.7608000000D+00-0.1970000000D-02 0.2684020000D+02 0.5482000000D-01 0.6070000000D-03 0.2616000000D+00 0.1609499000D+01 0.9836000000D+00 0.3156500000D+01 0.1697000000D+01-0.2840000000D-01-0.4380000000D-02 0.1000600000D+02 0.1872000000D-01 0.2450000000D-03 0.9450000000D-01 0.3113220000D+00 0.5224200000D+01 0.2815000000D+00 0.3972000000D+00
1 2520041002200410142453280.5-0.7903000000D+00 0.8200000000D-03 0.2739760000D+02 0.5112000000D-01 0.8780000000D-03 0.2643000000D+00 0.6204637000D+01 0.5723700000D+01 0.1040800000D+01 0.4415800000D+01-0.8420000000D-01-0.4240000000D-02 0.1008610000D+02 0.1980000000D-01 0.1860000000D-03 0.9630000000D-01 0.4895286000D+01 0.3935800000D+01 0.5208600000D+01 0.3093900000D+01
1 2620041014200410262453292.5-0.7812000000D+00 0.3090000000D-02 0.2799870000D+02 0.4954000000D-01 0.6650000000D-03 0.2713000000D+00 0.4520618000D+01 0.4336500000D+01 0.5466900000D+01 0.8609000000D+00-0.1336000000D+00-0.4060000000D-02 0.1024790000D+02 0.2286000000D-01 0.2030000000D-03 0.9810000000D-01 0.3199847000D+01 0.2564800000D+01 0.4033300000D+01 0.5802900000D+01
1 2720041026200411072453304.5-0.7518000000D+00 0.5890000000D-02 0.2862570000D+02 0.5333000000D-01 0.3060000000D-03 0.2744000000D+00 0.2841755000D+01 0.2923600000D+01 0.4136200000D+01 0.3585800000D+01-0.1870000000D+00-0.3980000000D-02 0.1049270000D+02 0.2595000000D-01 0.3480000000D-03 0.1024000000D+00 0.1509472000D+01 0.1068000000D+01 0.2444900000D+01 0.2225800000D+01
1 2820041107200411192453316.5-0.6699000000D+00 0.8580000000D-02 0.2926580000D+02 0.5881000000D-01 0.3870000000D-03 0.2810000000D+00 0.1167500000D+01 0.1470400000D+01 0.3679100000D+01 0.2020000000D-01-0.2347000000D+00-0.3620000000D-02 0.1081160000D+02 0.2808000000D-01 0.4310000000D-03 0.1058000000D+00 0.6106788000D+01 0.5894800000D+01 0.6249000000D+00 0.4957800000D+01
1 2920041119200412012453328.5-0.5692000000D+00 0.1145000000D-01 0.2989280000D+02 0.6052000000D-01 0.5970000000D-03 0.2872000000D+00 0.5781423000D+01 0.6248900000D+01 0.2173400000D+01 0.2760400000D+01-0.2785000000D+00-0.3260000000D-02 0.1118600000D+02 0.3147000000D-01 0.3210000000D-03 0.1096000000D+00 0.4426418000D+01 0.4458300000D+01 0.5038400000D+01 0.1401400000D+01
1 3020041201200412132453340.5-0.4206000000D+00 0.1443000000D-01 0.3046660000D+02 0.5780000000D-01 0.8120000000D-03 0.2946000000D+00 0.4116497000D+01 0.4709300000D+01 0.2598000000D+00 0.5487100000D+01-0.3173000000D+00-0.2260000000D-02 0.1159250000D+02 0.3686000000D-01 0.1210000000D-03 0.1140000000D+00 0.2752112000D+01 0.2936900000D+01 0.4255100000D+01 0.4142800000D+01
1 3120041213200412252453352.5-0.2513000000D+00 0.1636000000D-01 0.3097260000D+02 0.5205000000D-01 0.6420000000D-03 0.3015000000D+00 0.2454325000D+01 0.3321800000D+01 0.4727500000D+01 0.1953000000D+01-0.3405000000D+00-0.9900000000D-03 0.1202250000D+02 0.3931000000D-01 0.2760000000D-03 0.1163000000D+00 0.1083138000D+01 0.1378900000D+01 0.3732100000D+01 0.5871000000D+00
1 3220041225200501062453364.5-0.5780000000D-01 0.1763000000D-01 0.3133760000D+02 0.5020000000D-01 0.1860000000D-03 0.3017000000D+00 0.7939800000D+00 0.1995300000D+01 0.3484500000D+01 0.4695800000D+01-0.3548000000D+00 0.8000000000D-03 0.1244160000D+02 0.3765000000D-01 0.3640000000D-03 0.1205000000D+00 0.5701744000D+01 0.6086300000D+01 0.2046900000D+01 0.3320100000D+01
2 3320031231200402192453004.5 0.1264000000D+00-0.2140000000D-02 0.4062420000D+02 0.5200000000D-01 0.8620000000D-03 0.9750000000D-01 0.4489692000D+01 0.6125000000D+01 0.2072300000D+01-0.3295700000D+01 0.1322000000D+00-0.2000000000D-04 0.1805850000D+02 0.1934000000D-01 0.4090000000D-03 0.4030000000D-01 0.3119189000D+01 0.4208300000D+01 0.5379000000D+00-0.4643700000D+01
2 3420040219200404092453054.5 0.1870000000D-01-0.1500000000D-02 0.3891350000D+02 0.6743000000D-01 0.6020000000D-03 0.8600000000D-01 0.1341805000D+01 0.4638800000D+01 0.5983600000D+01-0.3666200000D+01 0.1292000000D+00-0.3600000000D-03 0.1765290000D+02 0.2708000000D-01 0.2350000000D-03 0.3890000000D-01 0.6242176000D+01 0.3363700000D+01 0.4269400000D+01-0.5140200000D+01
2 3520040409200405292453104.5-0.5530000000D-01-0.8300000000D-03 0.3556330000D+02 0.9803000000D-01 0.2820000000D-03 0.7890000000D-01 0.4390961000D+01 0.2103500000D+01 0.3620800000D+01-0.4233400000D+01 0.1101000000D+00-0.4400000000D-03 0.1615060000D+02 0.4448000000D-01 0.6300000000D-04 0.3640000000D-01 0.3010020000D+01 0.6205000000D+00 0.2190700000D+01-0.5596500000D+01
2 3620040529200407182453154.5-0.9700000000D-01-0.6900000000D-03 0.3311940000D+02 0.1018900000D+00 0.2500000000D-03 0.7460000000D-01 0.1086938000D+01 0.5483500000D+01 0.1252400000D+01-0.4775100000D+01 0.8810000000D-01-0.3600000000D-03 0.1472640000D+02 0.4417000000D-01 0.1050000000D-03 0.3400000000D-01 0.6004941000D+01 0.3857800000D+01 0.3945000000D+00-0.6135500000D+01
2 3720040718200409062453204.5-0.1306000000D+00-0.8000000000D-03 0.3250940000D+02 0.9320000000D-01 0.3520000000D-03 0.7790000000D-01 0.4046142000D+01 0.2537000000D+01 0.4662200000D+01-0.5319900000D+01 0.7020000000D-01-0.3600000000D-03 0.1383500000D+02 0.3422000000D-01 0.1730000000D-03 0.3220000000D-01 0.2704818000D+01 0.7597000000D+00 0.3377500000D+01-0.3476000000D+00
2 3820040906200410262453254.5-0.1699000000D+00-0.1120000000D-02 0.3376900000D+02 0.8211000000D-01 0.5070000000D-03 0.8240000000D-01 0.7459660000D+00 0.6039500000D+01 0.1825000000D+01-0.5792400000D+01 0.5270000000D-01-0.4100000000D-03 0.1361580000D+02 0.2116000000D-01 0.2370000000D-03 0.3300000000D-01 0.5712940000D+01 0.4308600000D+01 0.7160000000D-01-0.7902000000D+00
2 3920041026200412152453304.5-0.2292000000D+00-0.1050000000D-02 0.3666180000D+02 0.7616000000D-01 0.6180000000D-03 0.9460000000D-01 0.3788053000D+01 0.3569100000D+01 0.5763900000D+01-0.6218900000D+01 0.3170000000D-01-0.5900000000D-03 0.1427140000D+02 0.2566000000D-01 0.1720000000D-03 0.3520000000D-01 0.2486942000D+01 0.2282700000D+01 0.3601700000D+01-0.1160400000D+01
2 4020041215200502032453354.5-0.2873000000D+00-0.1400000000D-03 0.3973300000D+02 0.6532000000D-01 0.7850000000D-03 0.9970000000D-01 0.6234990000D+00 0.1418700000D+01 0.3887200000D+01-0.1917000000D+00 0.1500000000D-02-0.8800000000D-03 0.1569390000D+02 0.3506000000D-01 0.3070000000D-03 0.3890000000D-01 0.5599759000D+01 0.5948400000D+01 0.2543600000D+01-0.1602600000D+01
3 4120031231200402242453004.5 0.3400000000D-02-0.1200000000D-03 0.5021210000D+02 0.1060600000D+00 0.1071000000D-02 0.6700000000D-02 0.4407853000D+01 0.6042800000D+01 0.2034700000D+01-0.8825000000D+00 0.1600000000D-02 0.3000000000D-04 0.2258140000D+02 0.4023000000D-01 0.5100000000D-03 0.3600000000D-02 0.3074950000D+01 0.4440600000D+01 0.4975000000D+00-0.2074400000D+01
3 4220040224200404192453059.5-0.1600000000D-02 0.2000000000D-04 0.4771790000D+02 0.8881000000D-01 0.7330000000D-03 0.7100000000D-02 0.5309921000D+01 0.1971400000D+01 0.3836600000D+01-0.5132300000D+01 0.3300000000D-02-0.4000000000D-04 0.2180010000D+02 0.3881000000D-01 0.2760000000D-03 0.2400000000D-02 0.3964158000D+01 0.6563000000D+00 0.2176100000D+01-0.6264400000D+01
3 4320040419200406132453114.5-0.1900000000D-02 0.5000000000D-04 0.4319160000D+02 0.9648000000D-01 0.4130000000D-03 0.3700000000D-02 0.6109725000D+01 0.3687700000D+01 0.5541900000D+01-0.3426500000D+01 0.1400000000D-02 0.0000000000D+00 0.1953580000D+02 0.4849000000D-01 0.1090000000D-03 0.2200000000D-02 0.4768976000D+01 0.2142800000D+01 0.4287100000D+01-0.4947300000D+01
3 4420040613200408072453169.5-0.7000000000D-03 0.2000000000D-04 0.4047270000D+02 0.9314000000D-01 0.4040000000D-03 0.4100000000D-02 0.5516380000D+00 0.4990400000D+01 0.7741000000D+00-0.2070500000D+01 0.1100000000D-02 0.0000000000D+00 0.1757350000D+02 0.4257000000D-01 0.1610000000D-03 0.1300000000D-02 0.5513721000D+01 0.3188700000D+01 0.5992900000D+01-0.3466100000D+01
3 4520040807200410012453224.5 0.2000000000D-03 0.0000000000D+00 0.4054950000D+02 0.8316000000D-01 0.5570000000D-03 0.3600000000D-02 0.1264656000D+01 0.3410000000D-01 0.2025600000D+01-0.8550000000D+00 0.1000000000D-02 0.1000000000D-04 0.1647570000D+02 0.2650000000D-01 0.2560000000D-03 0.1400000000D-02 0.6251517000D+01 0.4225200000D+01 0.5416000000D+00-0.1801200000D+01
3 4620041001200411252453279.5 0.1200000000D-02-0.7000000000D-04 0.4336980000D+02 0.8596000000D-01 0.7630000000D-03 0.5800000000D-02 0.2020274000D+01 0.1665300000D+01 0.3543100000D+01-0.5468100000D+01 0.1900000000D-02 0.0000000000D+00 0.1650840000D+02 0.1662000000D-01 0.2930000000D-03 0.1400000000D-02 0.7423740000D+00 0.2423000000D+00 0.1513400000D+01-0.4560000000D+00
3 4720041125200501192453334.5-0.5200000000D-02 0.1600000000D-03 0.4785390000D+02 0.1080600000D+00 0.9510000000D-03 0.6000000000D-02 0.2860911000D+01 0.3518500000D+01 0.5641700000D+01-0.3875800000D+01 0.2600000000D-02-0.3000000000D-04 0.1790860000D+02 0.4528000000D-01 0.2370000000D-03 0.3500000000D-02 0.1579178000D+01 0.1986800000D+01 0.4225200000D+01-0.5162500000D+01
4 4820031231200402192453004.5-0.5110000000D-01-0.4400000000D-03 0.6441380000D+02 0.9512000000D-01 0.1310000000D-02 0.5870000000D-01 0.5169245000D+01 0.5194000000D+00 0.2702300000D+01 0.3854100000D+01 0.9080000000D-01-0.1200000000D-03 0.2859030000D+02 0.3533000000D-01 0.6310000000D-03 0.2940000000D-01 0.3799155000D+01 0.4948800000D+01 0.1141400000D+01 0.2468300000D+01
4 4920040219200404092453054.5-0.6930000000D-01-0.6000000000D-04 0.6169360000D+02 0.1062100000D+00 0.9660000000D-03 0.5640000000D-01 0.6323360000D+00 0.3723100000D+01 0.5307200000D+01 0.8470000000D+00 0.8060000000D-01-0.2200000000D-03 0.2796140000D+02 0.4174000000D-01 0.3780000000D-03 0.2820000000D-01 0.5532759000D+01 0.2415800000D+01 0.3594100000D+01 0.5750400000D+01
4 5020040409200405292453104.5-0.7330000000D-01 0.1000000000D-03 0.5637360000D+02 0.1388800000D+00 0.5400000000D-03 0.5410000000D-01 0.2297691000D+01 0.6188500000D+01 0.1475700000D+01 0.4023100000D+01 0.7140000000D-01-0.1000000000D-03 0.2557460000D+02 0.6395000000D-01 0.1410000000D-03 0.2540000000D-01 0.9163790000D+00 0.4697300000D+01 0.6278300000D+01 0.2676000000D+01
4 5120040529200407182453154.5-0.6950000000D-01 0.2300000000D-03 0.5252150000D+02 0.1478400000D+00 0.4160000000D-03 0.5150000000D-01 0.3891872000D+01 0.1974500000D+01 0.3874400000D+01 0.9059000000D+00 0.6510000000D-01-0.7000000000D-04 0.2332890000D+02 0.6433000000D-01 0.1540000000D-03 0.2190000000D-01 0.2525777000D+01 0.3209000000D+00 0.2922900000D+01 0.5855000000D+01
4 5220040718200409062453204.5-0.5660000000D-01 0.0000000000D+00 0.5152450000D+02 0.1406200000D+00 0.5180000000D-03 0.5040000000D-01 0.5459126000D+01 0.3962300000D+01 0.5975900000D+01 0.4131100000D+01 0.6080000000D-01 0.0000000000D+00 0.2191910000D+02 0.5166000000D-01 0.2590000000D-03 0.2050000000D-01 0.4117007000D+01 0.2160800000D+01 0.4712700000D+01 0.2801000000D+01
4 5320040906200410262453254.5-0.5370000000D-01-0.6000000000D-04 0.5354840000D+02 0.1298600000D+00 0.7580000000D-03 0.5220000000D-01 0.7598520000D+00 0.6054000000D+01 0.1813100000D+01 0.1132200000D+01 0.6100000000D-01 0.4000000000D-04 0.2158720000D+02 0.3354000000D-01 0.3690000000D-03 0.2150000000D-01 0.5725595000D+01 0.4319300000D+01 0.5530000000D-01 0.6056300000D+01
4 5420041026200412152453304.5-0.6470000000D-01-0.5000000000D-03 0.5811250000D+02 0.1218600000D+00 0.1036000000D-02 0.5660000000D-01 0.2397963000D+01 0.2145100000D+01 0.4341100000D+01 0.4497900000D+01 0.6270000000D-01 0.5000000000D-04 0.2262990000D+02 0.4133000000D-01 0.2940000000D-03 0.2110000000D-01 0.1095422000D+01 0.8654000000D+00 0.2257400000D+01 0.3099800000D+01
4 5520041215200502032453354.5-0.7900000000D-01-0.5100000000D-03 0.6299930000D+02 0.1062400000D+00 0.1266000000D-02 0.6190000000D-01 0.4113369000D+01 0.4926000000D+01 0.9764000000D+00 0.1613700000D+01 0.6600000000D-01-0.7000000000D-04 0.2489340000D+02 0.5622000000D-01 0.4860000000D-03 0.2640000000D-01 0.2805380000D+01 0.3183900000D+01 0.5923400000D+01 0.1406000000D+00
5 5620031231200402222453004.5 0.1340000000D+00-0.1000000000D-03 0.8988150000D+02 0.1472600000D+00 0.1810000000D-02 0.5320000000D-01 0.1853483000D+01 0.3486300000D+01 0.5674700000D+01 0.5948900000D+01-0.2400000000D-02 0.1300000000D-03 0.3984720000D+02 0.5481000000D-01 0.8690000000D-03 0.2540000000D-01 0.4960420000D+00 0.1696800000D+01 0.4123600000D+01 0.4590600000D+01
5 5720040222200404152453057.5 0.1289000000D+00-0.2500000000D-03 0.8569540000D+02 0.1535900000D+00 0.1313000000D-02 0.5010000000D-01 0.2315850000D+00 0.3271400000D+01 0.4988100000D+01 0.2589700000D+01 0.5000000000D-03 0.4000000000D-04 0.3881420000D+02 0.6176000000D-01 0.4940000000D-03 0.2150000000D-01 0.5144215000D+01 0.1959800000D+01 0.3295000000D+01 0.1211300000D+01
5 5820040415200406072453110.5 0.1137000000D+00-0.1300000000D-03 0.7785100000D+02 0.1853600000D+00 0.7520000000D-03 0.4530000000D-01 0.4803743000D+01 0.2418400000D+01 0.4073000000D+01 0.5375400000D+01 0.7000000000D-03-0.5000000000D-04 0.3521020000D+02 0.8665000000D-01 0.1940000000D-03 0.1990000000D-01 0.3435745000D+01 0.9066000000D+00 0.2704600000D+01 0.4058900000D+01
5 5920040607200407302453163.5 0.1049000000D+00-0.1300000000D-03 0.7273910000D+02 0.1932300000D+00 0.6160000000D-03 0.4380000000D-01 0.3016704000D+01 0.1156900000D+01 0.3031300000D+01 0.1867400000D+01-0.3100000000D-02-0.9000000000D-04 0.3200640000D+02 0.8349000000D-01 0.2370000000D-03 0.1870000000D-01 0.1667164000D+01 0.5741600000D+01 0.2068300000D+01 0.5542000000D+00
5 6020040730200409212453216.5 0.9780000000D-01-0.6000000000D-04 0.7221740000D+02 0.1858100000D+00 0.8070000000D-03 0.4580000000D-01 0.1206000000D+01 0.6103800000D+01 0.1802900000D+01 0.4657900000D+01-0.8200000000D-02-0.4000000000D-04 0.3017900000D+02 0.6281000000D-01 0.4000000000D-03 0.1860000000D-01 0.6165903000D+01 0.4254800000D+01 0.4326000000D+00 0.3361100000D+01
5 6120040921200411132453269.5 0.9800000000D-01 0.0000000000D+00 0.7634330000D+02 0.1763600000D+00 0.1201000000D-02 0.5250000000D-01 0.5704257000D+01 0.4924800000D+01 0.7287000000D+00 0.1239900000D+01-0.1120000000D-01-0.2000000000D-04 0.3013810000D+02 0.4126000000D-01 0.5320000000D-03 0.1970000000D-01 0.4406192000D+01 0.3347100000D+01 0.5078300000D+01 0.6220700000D+01
5 6220041113200501052453322.5 0.1033000000D+00 0.5000000000D-04 0.8382540000D+02 0.1669100000D+00 0.1629000000D-02 0.5640000000D-01 0.3989484000D+01 0.4113200000D+01 0.8460000000D-01 0.4143000000D+01-0.1590000000D-01 0.1300000000D-03 0.3233790000D+02 0.7205000000D-01 0.3670000000D-03 0.2210000000D-01 0.2700579000D+01 0.2755400000D+01 0.4682200000D+01 0.2944700000D+01
6 6320031231200401182453004.5 0.7259700000D+01 0.3586000000D-01 0.2081548000D+03 0.3483100000D+00 0.0000000000D+00 0.3001600000D+01 0.3975069000D+01 0.5677400000D+01 0.0000000000D+00 0.3863100000D+01-0.1276600000D+01-0.1555000000D-01 0.9134950000D+02 0.9872000000D-01 0.0000000000D+00 0.1295300000D+01 0.2611651000D+01 0.3949300000D+01 0.0000000000D+00 0.2503100000D+01
6 6420040118200402052453022.5 0.7686800000D+01-0.9090000000D-02 0.2071643000D+03 0.3459400000D+00 0.0000000000D+00 0.2964900000D+01 0.4811956000D+01 0.7218000000D+00 0.0000000000D+00 0.5512700000D+01-0.1832600000D+01 0.6131000000D-01 0.9119850000D+02 0.1461100000D+00 0.0000000000D+00 0.1314100000D+01 0.3437857000D+01 0.5159500000D+01 0.0000000000D+00 0.4111100000D+01
6 6520040205200402232453040.5 0.8485100000D+01-0.1257500000D+00 0.2036091000D+03 0.4385100000D+00 0.0000000000D+00 0.2933500000D+01 0.5639425000D+01 0.1857400000D+01 0.0000000000D+00 0.8441000000D+00-0.8278000000D+00-0.4244000000D-01 0.9112670000D+02 0.1674600000D+00 0.0000000000D+00 0.1340700000D+01 0.4266457000D+01 0.7368000000D+00 0.0000000000D+00 0.5769300000D+01
6 6620040223200403122453058.5 0.6196300000D+01 0.1115300000D+00 0.1992460000D+03 0.4304100000D+00 0.0000000000D+00 0.2954100000D+01 0.1877410000D+00 0.3481600000D+01 0.0000000000D+00 0.2498300000D+01-0.1144800000D+01-0.8900000000D-02 0.8885440000D+02 0.1567300000D+00 0.0000000000D+00 0.1290400000D+01 0.5088792000D+01 0.1879500000D+01 0.0000000000D+00 0.1120600000D+01
6 6720040312200403302453076.5 0.7596600000D+01-0.6070000000D-01 0.1914027000D+03 0.3098900000D+00 0.0000000000D+00 0.2793400000D+01 0.9973230000D+00 0.4416400000D+01 0.0000000000D+00 0.4140200000D+01-0.1441100000D+01 0.2934000000D-01 0.8623710000D+02 0.1691200000D+00 0.0000000000D+00 0.1271600000D+01 0.5903045000D+01 0.3134000000D+01 0.0000000000D+00 0.2738300000D+01
6 6820040330200404172453094.5 0.6782200000D+01-0.3830000000D-02 0.1855674000D+03 0.3709100000D+00 0.0000000000D+00 0.2677200000D+01 0.1795590000D+01 0.5407800000D+01 0.0000000000D+00 0.5732500000D+01-0.7541000000D+00-0.4846000000D-01 0.8283350000D+02 0.1325800000D+00 0.0000000000D+00 0.1215000000D+01 0.4155280000D+00 0.3791600000D+01 0.0000000000D+00 0.4380700000D+01
6 6920040417200405052453112.5 0.5930800000D+01 0.6922000000D-01 0.1797811000D+03 0.3742800000D+00 0.0000000000D+00 0.2585600000D+01 0.2581750000D+01 0.6241800000D+01 0.0000000000D+00 0.1062000000D+01-0.1648800000D+01 0.4983000000D-01 0.8082620000D+02 0.2271400000D+00 0.0000000000D+00 0.1116800000D+01 0.1207859000D+01 0.4763400000D+01 0.0000000000D+00 0.5963000000D+01
6 7020040505200405232453130.5 0.7662100000D+01-0.1644800000D+00 0.1760105000D+03 0.5561800000D+00 0.0000000000D+00 0.2393600000D+01 0.3371869000D+01 0.1181400000D+01 0.0000000000D+00 0.2623600000D+01-0.1145400000D+01-0.4800000000D-02 0.7771130000D+02 0.1981800000D+00 0.0000000000D+00 0.1095900000D+01 0.1998013000D+01 0.5859800000D+01 0.0000000000D+00 0.1246700000D+01
6 7120040523200406102453148.5 0.5417400000D+01 0.4280000000D-01 0.1701957000D+03 0.4022600000D+00 0.0000000000D+00 0.2416500000D+01 0.4143707000D+01 0.2337500000D+01 0.0000000000D+00 0.4161100000D+01-0.8891000000D+00-0.4486000000D-01 0.7526920000D+02 0.2118800000D+00 0.0000000000D+00 0.1041300000D+01 0.2782200000D+01 0.6193000000D+00 0.0000000000D+00 0.2833700000D+01
6 7220040610200406282453166.5 0.5476000000D+01 0.1894000000D-01 0.1678082000D+03 0.4083200000D+00 0.0000000000D+00 0.2398400000D+01 0.4911630000D+01 0.3215200000D+01 0.0000000000D+00 0.5746900000D+01-0.1678100000D+01 0.3515000000D-01 0.7262220000D+02 0.1301600000D+00 0.0000000000D+00 0.1029600000D+01 0.3551796000D+01 0.1453300000D+01 0.0000000000D+00 0.4373200000D+01
6 7320040628200407162453184.5 0.6051900000D+01-0.7185000000D-01 0.1665551000D+03 0.3371000000D+00 0.0000000000D+00 0.2409100000D+01 0.5672992000D+01 0.4014100000D+01 0.0000000000D+00 0.1017500000D+01-0.1159000000D+01-0.2834000000D-01 0.7149030000D+02 0.1660900000D+00 0.0000000000D+00 0.1047200000D+01 0.4326113000D+01 0.2107900000D+01 0.0000000000D+00 0.5970100000D+01
6 7420040716200408032453202.5 0.4526000000D+01 0.7943000000D-01 0.1672025000D+03 0.4661000000D+00 0.0000000000D+00 0.2501300000D+01 0.1621570000D+00 0.4887900000D+01 0.0000000000D+00 0.2611100000D+01-0.1599100000D+01 0.1220000000D-01 0.6990210000D+02 0.1471300000D+00 0.0000000000D+00 0.1022700000D+01 0.5104217000D+01 0.3233600000D+01 0.0000000000D+00 0.1293700000D+01
6 7520040803200408212453220.5 0.5749700000D+01-0.7047000000D-01 0.1670072000D+03 0.4090700000D+00 0.0000000000D+00 0.2480600000D+01 0.9270370000D+00 0.6115400000D+01 0.0000000000D+00 0.4222500000D+01-0.1670100000D+01 0.1627000000D-01 0.6904690000D+02 0.1360800000D+00 0.0000000000D+00 0.1018100000D+01 0.5880242000D+01 0.4168600000D+01 0.0000000000D+00 0.2876400000D+01
6 7620040821200409082453238.5 0.4956800000D+01-0.6300000000D-03 0.1700193000D+03 0.3735400000D+00 0.0000000000D+00 0.2491600000D+01 0.1695145000D+01 0.6537000000D+00 0.0000000000D+00 0.5793600000D+01-0.1274300000D+01-0.3621000000D-01 0.6830600000D+02 0.8123000000D-01 0.0000000000D+00 0.1014100000D+01 0.3710930000D+00 0.5438700000D+01 0.0000000000D+00 0.4499800000D+01
6 7720040908200409262453256.5 0.4700100000D+01 0.2249000000D-01 0.1736413000D+03 0.3491500000D+00 0.0000000000D+00 0.2556300000D+01 0.2468972000D+01 0.1659800000D+01 0.0000000000D+00 0.1106400000D+01-0.1940500000D+01 0.3118000000D-01 0.6904400000D+02 0.8474000000D-01 0.0000000000D+00 0.9812000000D+00 0.1154251000D+01 0.5881800000D+01 0.0000000000D+00 0.6088000000D+01
6 7820040926200410142453274.5 0.5780300000D+01-0.1096000000D+00 0.1789879000D+03 0.4142900000D+00 0.0000000000D+00 0.2552400000D+01 0.3256183000D+01 0.2418900000D+01 0.0000000000D+00 0.2692300000D+01-0.1358000000D+01-0.4156000000D-01 0.6929260000D+02 0.1312400000D+00 0.0000000000D+00 0.1008200000D+01 0.1949197000D+01 0.1210100000D+01 0.0000000000D+00 0.1362800000D+01
6 7920041014200411012453292.5 0.3498500000D+01 0.1569400000D+00 0.1824380000D+03 0.5058400000D+00 0.0000000000D+00 0.2706000000D+01 0.4042798000D+01 0.3921900000D+01 0.0000000000D+00 0.4245200000D+01-0.1667400000D+01-0.2200000000D-01 0.7068100000D+02 0.1315400000D+00 0.0000000000D+00 0.1044200000D+01 0.2740884000D+01 0.2402100000D+01 0.0000000000D+00 0.2977200000D+01
6 8020041101200411192453310.5 0.5321200000D+01-0.1155000000D-01 0.1901801000D+03 0.3504800000D+00 0.0000000000D+00 0.2891900000D+01 0.4839032000D+01 0.5053200000D+01 0.0000000000D+00 0.5881900000D+01-0.2282800000D+01 0.4274000000D-01 0.7231020000D+02 0.1788100000D+00 0.0000000000D+00 0.1078400000D+01 0.3538193000D+01 0.3782300000D+01 0.0000000000D+00 0.4557700000D+01
6 8120041119200412072453328.5 0.5832900000D+01-0.5572000000D-01 0.1964862000D+03 0.3522400000D+00 0.0000000000D+00 0.2977300000D+01 0.5649409000D+01 0.3220000000D-01 0.0000000000D+00 0.1218200000D+01-0.1520700000D+01-0.4599000000D-01 0.7568520000D+02 0.1175200000D+00 0.0000000000D+00 0.1171900000D+01 0.4348726000D+01 0.4766500000D+01 0.0000000000D+00 0.6187300000D+01
6 8220041207200412252453346.5 0.4685400000D+01 0.9808000000D-01 0.2027126000D+03 0.2372400000D+00 0.0000000000D+00 0.3145500000D+01 0.1945750000D+00 0.9825000000D+00 0.0000000000D+00 0.2862700000D+01-0.2235600000D+01 0.2930000000D-01 0.7803630000D+02 0.1700700000D+00 0.0000000000D+00 0.1210800000D+01 0.5174255000D+01 0.5447800000D+01 0.0000000000D+00 0.1576200000D+01
6 8320041225200501122453364.5 0.6924900000D+01-0.1345000000D+00 0.2044802000D+03 0.4143000000D+00 0.0000000000D+00 0.3167600000D+01 0.1024252000D+01 0.1992300000D+01 0.0000000000D+00 0.4551300000D+01-0.1881800000D+01-0.8160000000D-02 0.8067640000D+02 0.1575900000D+00 0.0000000000D+00 0.1226700000D+01 0.5995200000D+01 0.3971000000D+00 0.0000000000D+00 0.3211100000D+01
7 8420031231200401122453004.5-0.6539700000D+02 0.6144380000D+01 0.2625537000D+03 0.1457002000D+02 0.0000000000D+00 0.1935900000D+01 0.2613478000D+01 0.2794000000D+00 0.0000000000D+00 0.2037500000D+01 0.1212970000D+02-0.6144390000D+01 0.8613680000D+02 0.3245970000D+01 0.0000000000D+00 0.1654600000D+01 0.1300518000D+01 0.5385600000D+01 0.0000000000D+00 0.8571000000D+00
7 8520040112200401242453016.5 0.5219440000D+02 0.4597800000D+00 0.1985865000D+03 0.1500090000D+02 0.0000000000D+00 0.1675700000D+01 0.7305100000D-01 0.4717900000D+01 0.0000000000D+00 0.1455800000D+01-0.4963340000D+02 0.6666840000D+01 0.6240670000D+02 0.5044420000D+01 0.0000000000D+00 0.1129200000D+01 0.5044751000D+01 0.3783800000D+01 0.0000000000D+00 0.5628500000D+01
7 8620040124200402052453028.5-0.5562060000D+02 0.8832850000D+01 0.2422904000D+03 0.1592911000D+02 0.0000000000D+00 0.1121400000D+01 0.3517504000D+01 0.1210000000D+01 0.0000000000D+00 0.4847400000D+01-0.3208130000D+02 0.1792700000D+00 0.1138052000D+03 0.7943170000D+01 0.0000000000D+00 0.3250000000D+00 0.2229451000D+01 0.6242800000D+01 0.0000000000D+00 0.4237600000D+01
7 8720040205200402172453040.5 0.1219267000D+03-0.1544011000D+02 0.1813658000D+03 0.5450100000D+01 0.0000000000D+00 0.5276800000D+01 0.5096000000D+00 0.4873100000D+01 0.0000000000D+00 0.3077200000D+01 0.2216700000D+01-0.1081900000D+00 0.9599820000D+02 0.5071060000D+01 0.0000000000D+00 0.2556100000D+01 0.5630169000D+01 0.3761600000D+01 0.0000000000D+00 0.2013300000D+01
7 8820040217200402292453052.5-0.2241320000D+02 0.6444740000D+01 0.2162160000D+03 0.1664223000D+02 0.0000000000D+00 0.8095000000D+00 0.4476067000D+01 0.2346900000D+01 0.0000000000D+00 0.1235500000D+01-0.3432470000D+02 0.9436500000D+00 0.1012057000D+03 0.7979010000D+01 0.0000000000D+00 0.5084000000D+00 0.3094061000D+01 0.9471000000D+00 0.0000000000D+00 0.6148900000D+01
7 8920040229200403122453064.5 0.5348360000D+02-0.9154770000D+01 0.1948309000D+03 0.9712310000D+01 0.0000000000D+00 0.6045900000D+01 0.1589149000D+01 0.6052000000D+01 0.0000000000D+00 0.5399100000D+01 0.8384300000D+01-0.1817400000D+01 0.9463090000D+02 0.5126410000D+01 0.0000000000D+00 0.2847100000D+01 0.1833110000D+00 0.4532400000D+01 0.0000000000D+00 0.3985300000D+01
7 9020040312200403242453076.5-0.3455200000D+01 0.5740160000D+01 0.1911335000D+03 0.1632539000D+02 0.0000000000D+00 0.8708000000D+00 0.5332261000D+01 0.3387000000D+01 0.0000000000D+00 0.3229600000D+01-0.3588480000D+02 0.1994920000D+01 0.8626640000D+02 0.7194170000D+01 0.0000000000D+00 0.3244000000D+00 0.3885287000D+01 0.1909000000D+01 0.0000000000D+00 0.1419000000D+01
7 9120040324200404052453088.5 0.2614300000D+01-0.4853320000D+01 0.2011618000D+03 0.9885070000D+01 0.0000000000D+00 0.4395800000D+01 0.2407274000D+01 0.4400000000D+00 0.0000000000D+00 0.1056400000D+01 0.2779050000D+02-0.6913220000D+01 0.7397150000D+02 0.2119810000D+01 0.0000000000D+00 0.1596100000D+01 0.7847800000D+00 0.4698100000D+01 0.0000000000D+00 0.1169000000D+00
7 9220040405200404172453100.5 0.1159810000D+02 0.5388520000D+01 0.1721395000D+03 0.1541056000D+02 0.0000000000D+00 0.7153000000D+00 0.6134064000D+01 0.4421500000D+01 0.0000000000D+00 0.5515500000D+01-0.4244670000D+02 0.4515120000D+01 0.6421930000D+02 0.4930580000D+01 0.0000000000D+00 0.6020000000D+00 0.4621709000D+01 0.3030200000D+01 0.0000000000D+00 0.5060400000D+01
7 9320040417200404292453112.5-0.6936810000D+02 0.8685050000D+01 0.2208379000D+03 0.1383842000D+02 0.0000000000D+00 0.1265100000D+01 0.3020437000D+01 0.6282000000D+00 0.0000000000D+00 0.4047100000D+01-0.1485930000D+02-0.1774070000D+01 0.9345000000D+02 0.5785790000D+01 0.0000000000D+00 0.3458000000D+00 0.1822364000D+01 0.5848800000D+01 0.0000000000D+00 0.1669100000D+01
7 9420040429200405112453124.5 0.9641250000D+02-0.9886910000D+01 0.1670043000D+03 0.7124810000D+01 0.0000000000D+00 0.4152900000D+01 0.1403790000D+00 0.4580400000D+01 0.0000000000D+00 0.2341200000D+01-0.2511080000D+02 0.3919780000D+01 0.6515040000D+02 0.4156320000D+01 0.0000000000D+00 0.1078600000D+01 0.5383108000D+01 0.3927600000D+01 0.0000000000D+00 0.1096600000D+01
7 9520040511200405232453136.5-0.3547460000D+02 0.5861780000D+01 0.1935489000D+03 0.1423480000D+02 0.0000000000D+00 0.6777000000D+00 0.3987782000D+01 0.1794500000D+01 0.0000000000D+00 0.2474000000D+00-0.2682600000D+02 0.1848300000D+00 0.8944120000D+02 0.6777080000D+01 0.0000000000D+00 0.3845000000D+00 0.2660231000D+01 0.4664000000D+00 0.0000000000D+00 0.5448800000D+01
7 9620040523200406042453148.5 0.5774840000D+02-0.8659830000D+01 0.1689760000D+03 0.8215390000D+01 0.0000000000D+00 0.4953700000D+01 0.1069546000D+01 0.5486500000D+01 0.0000000000D+00 0.4465200000D+01 0.7221700000D+01-0.1240160000D+01 0.8232570000D+02 0.4417230000D+01 0.0000000000D+00 0.2306200000D+01 0.5989009000D+01 0.4004100000D+01 0.0000000000D+00 0.3063000000D+01
7 9720040604200406162453160.5-0.2134950000D+02 0.5587730000D+01 0.1706623000D+03 0.1404475000D+02 0.0000000000D+00 0.6974000000D+00 0.4837291000D+01 0.2831200000D+01 0.0000000000D+00 0.2383700000D+01-0.2985140000D+02 0.1076200000D+01 0.7761790000D+02 0.6396090000D+01 0.0000000000D+00 0.3675000000D+00 0.3448461000D+01 0.1404900000D+01 0.0000000000D+00 0.6574000000D+00
7 9820040616200406282453172.5 0.4179600000D+02-0.1053317000D+02 0.1507268000D+03 0.6808920000D+01 0.0000000000D+00 0.4554500000D+01 0.1967523000D+01 0.3399000000D+00 0.0000000000D+00 0.4037000000D+00 0.1864940000D+02-0.4047260000D+01 0.7261420000D+02 0.3024890000D+01 0.0000000000D+00 0.1410400000D+01 0.3902420000D+00 0.4515100000D+01 0.0000000000D+00 0.5158100000D+01
7 9920040628200407102453184.5-0.1373890000D+02 0.6427460000D+01 0.1524244000D+03 0.1362020000D+02 0.0000000000D+00 0.8512000000D+00 0.5667183000D+01 0.3920300000D+01 0.0000000000D+00 0.4746300000D+01-0.3346540000D+02 0.2467790000D+01 0.6410130000D+02 0.5133740000D+01 0.0000000000D+00 0.1518000000D+00 0.4181001000D+01 0.2391400000D+01 0.0000000000D+00 0.4384400000D+01
710020040710200407222453196.5-0.5971640000D+02 0.4579720000D+01 0.2119494000D+03 0.1287926000D+02 0.0000000000D+00 0.7094000000D+00 0.2583713000D+01 0.2565000000D+00 0.0000000000D+00 0.2482900000D+01 0.4472400000D+01-0.3841820000D+01 0.7082110000D+02 0.3462250000D+01 0.0000000000D+00 0.8124000000D+00 0.1311690000D+01 0.5361300000D+01 0.0000000000D+00 0.1007400000D+01
710120040722200408032453208.5 0.4315580000D+02-0.1630540000D+01 0.1634953000D+03 0.1034225000D+02 0.0000000000D+00 0.2450000000D+01 0.6173749000D+01 0.4495600000D+01 0.0000000000D+00 0.1859400000D+01-0.3832820000D+02 0.5162970000D+01 0.4768840000D+02 0.3189990000D+01 0.0000000000D+00 0.8401000000D+00 0.4929875000D+01 0.3735400000D+01 0.0000000000D+00 0.6161000000D+01
710220040803200408152453220.5-0.5327340000D+02 0.5833060000D+01 0.1955096000D+03 0.1383079000D+02 0.0000000000D+00 0.6585000000D+00 0.3470413000D+01 0.1240800000D+01 0.0000000000D+00 0.5604800000D+01-0.2027230000D+02-0.4433800000D+00 0.8152130000D+02 0.5946320000D+01 0.0000000000D+00 0.2542000000D+00 0.2227442000D+01 0.2160000000D-01 0.0000000000D+00 0.4886600000D+01
710320040815200408272453232.5 0.6993720000D+02-0.9997900000D+01 0.1675881000D+03 0.7170520000D+01 0.0000000000D+00 0.4477600000D+01 0.5108230000D+00 0.4858000000D+01 0.0000000000D+00 0.3625500000D+01 0.3304000000D+00-0.1330200000D+00 0.7526140000D+02 0.4117850000D+01 0.0000000000D+00 0.2049300000D+01 0.5599437000D+01 0.3657400000D+01 0.0000000000D+00 0.2414800000D+01
710420040827200409082453244.5-0.3936530000D+02 0.5645690000D+01 0.1786595000D+03 0.1423365000D+02 0.0000000000D+00 0.6351000000D+00 0.4361449000D+01 0.2321400000D+01 0.0000000000D+00 0.1643200000D+01-0.2517580000D+02 0.3860700000D+00 0.7470100000D+02 0.6081230000D+01 0.0000000000D+00 0.3627000000D+00 0.3060799000D+01 0.9963000000D+00 0.0000000000D+00 0.2205000000D+00
710520040908200409202453256.5 0.5198880000D+02-0.1171761000D+02 0.1553354000D+03 0.6148280000D+01 0.0000000000D+00 0.4278000000D+01 0.1453149000D+01 0.6058700000D+01 0.0000000000D+00 0.5994100000D+01 0.8652500000D+01-0.1859660000D+01 0.7376130000D+02 0.3727680000D+01 0.0000000000D+00 0.1753100000D+01 0.1124770000D+00 0.4404900000D+01 0.0000000000D+00 0.4434600000D+01
710620040920200410022453268.5-0.3260190000D+02 0.6912560000D+01 0.1631776000D+03 0.1399891000D+02 0.0000000000D+00 0.7505000000D+00 0.5224285000D+01 0.3447900000D+01 0.0000000000D+00 0.4312200000D+01-0.2901170000D+02 0.1385740000D+01 0.6713770000D+02 0.5571880000D+01 0.0000000000D+00 0.1055000000D+00 0.3843796000D+01 0.1993400000D+01 0.0000000000D+00 0.2296200000D+01
710720041002200410142453280.5-0.4006010000D+02-0.5514200000D+00 0.2189109000D+03 0.1231999000D+02 0.0000000000D+00 0.1827000000D+01 0.2277802000D+01 0.7650000000D-01 0.0000000000D+00 0.1350700000D+01 0.1558280000D+02-0.4995920000D+01 0.6718970000D+02 0.2768860000D+01 0.0000000000D+00 0.9714000000D+00 0.8459480000D+00 0.4788800000D+01 0.0000000000D+00 0.6707000000D+00
710820041014200410262453292.5 0.1856300000D+01 0.4313860000D+01 0.1730255000D+03 0.1310097000D+02 0.0000000000D+00 0.1464400000D+01 0.5965946000D+01 0.4385500000D+01 0.0000000000D+00 0.1220200000D+01-0.4322570000D+02 0.5194230000D+01 0.4900450000D+02 0.2916890000D+01 0.0000000000D+00 0.9787000000D+00 0.4511645000D+01 0.3311500000D+01 0.0000000000D+00 0.5678100000D+01
710920041026200411072453304.5-0.7108060000D+02 0.6317500000D+01 0.2295550000D+03 0.1579747000D+02 0.0000000000D+00 0.7836000000D+00 0.3111611000D+01 0.8590000000D+00 0.0000000000D+00 0.5021200000D+01-0.1696580000D+02-0.1003170000D+01 0.8515540000D+02 0.5981420000D+01 0.0000000000D+00 0.1352000000D+00 0.1915512000D+01 0.6000500000D+01 0.0000000000D+00 0.4526900000D+01
711020041107200411192453316.5 0.8020020000D+02-0.1103483000D+02 0.1998251000D+03 0.8420290000D+01 0.0000000000D+00 0.5267600000D+01 0.1654410000D+00 0.4440700000D+01 0.0000000000D+00 0.3076600000D+01-0.7654300000D+01 0.1008870000D+01 0.7751020000D+02 0.4227510000D+01 0.0000000000D+00 0.2019100000D+01 0.5351717000D+01 0.3519700000D+01 0.0000000000D+00 0.2008600000D+01
711120041119200412012453328.5-0.5336690000D+02 0.5968310000D+01 0.2127494000D+03 0.1651214000D+02 0.0000000000D+00 0.7056000000D+00 0.4072026000D+01 0.2005500000D+01 0.0000000000D+00 0.1134300000D+01-0.2564890000D+02 0.1035100000D+00 0.8398810000D+02 0.6723160000D+01 0.0000000000D+00 0.3831000000D+00 0.2802572000D+01 0.7293000000D+00 0.0000000000D+00 0.6224900000D+01
711220041201200412132453340.5 0.5568030000D+02-0.1186188000D+02 0.1908539000D+03 0.7846980000D+01 0.0000000000D+00 0.5033100000D+01 0.1178695000D+01 0.5659900000D+01 0.0000000000D+00 0.5456500000D+01 0.3402000000D+01-0.8843700000D+00 0.8403800000D+02 0.4526580000D+01 0.0000000000D+00 0.2237700000D+01 0.6215520000D+01 0.4314300000D+01 0.0000000000D+00 0.4055800000D+01
711320041213200412252453352.5-0.4391990000D+02 0.7375780000D+01 0.1936634000D+03 0.1608152000D+02 0.0000000000D+00 0.6479000000D+00 0.4989886000D+01 0.3166300000D+01 0.0000000000D+00 0.3883700000D+01-0.3056680000D+02 0.1006010000D+01 0.7968980000D+02 0.6682380000D+01 0.0000000000D+00 0.2195000000D+00 0.3649213000D+01 0.1770500000D+01 0.0000000000D+00 0.1755900000D+01
711420041225200501062453364.5-0.1880190000D+02-0.4837860000D+01 0.2323358000D+03 0.1174890000D+02 0.0000000000D+00 0.3219500000D+01 0.2123603000D+01 0.2450000000D-01 0.0000000000D+00 0.1102300000D+01 0.2370540000D+02-0.6188580000D+01 0.7886240000D+02 0.3085540000D+01 0.0000000000D+00 0.1153000000D+01 0.5819910000D+00 0.4433100000D+01 0.0000000000D+00 0.3707000000D+00
811520031231200402052453004.5 0.5437650000D+02-0.1710510000D+01 0.6258248000D+03 0.0000000000D+00 0.0000000000D+00 0.1109800000D+02 0.4600006000D+01 0.0000000000D+00 0.0000000000D+00 0.4381300000D+01 0.1056660000D+02-0.1170600000D+00 0.1521137000D+03 0.0000000000D+00 0.0000000000D+00 0.2052300000D+01 0.3728855000D+01 0.0000000000D+00 0.0000000000D+00 0.3034300000D+01
811620040205200403122453040.5 0.5354000000D+01 0.1523310000D+01 0.5927863000D+03 0.0000000000D+00 0.0000000000D+00 0.5652000000D+01 0.1222306000D+01 0.0000000000D+00 0.0000000000D+00 0.3579000000D+01-0.9370000000D-01 0.2138600000D+00 0.1501043000D+03 0.0000000000D+00 0.0000000000D+00 0.1107000000D+01 0.3496370000D+00 0.0000000000D+00 0.0000000000D+00 0.3364900000D+01
811720040312200404172453076.5 0.2432190000D+02-0.7923800000D+00 0.5389524000D+03 0.0000000000D+00 0.0000000000D+00 0.1005550000D+02 0.4064446000D+01 0.0000000000D+00 0.0000000000D+00 0.3896400000D+01 0.8549100000D+01-0.3029200000D+00 0.1380466000D+03 0.0000000000D+00 0.0000000000D+00 0.3335300000D+01 0.3206810000D+01 0.0000000000D+00 0.0000000000D+00 0.2935300000D+01
811820040417200405232453112.5 0.3754700000D+02 0.1970000000D-01 0.4932292000D+03 0.0000000000D+00 0.0000000000D+00 0.8384700000D+01 0.5688960000D+00 0.0000000000D+00 0.0000000000D+00 0.2245300000D+01-0.7748800000D+01 0.6511600000D+00 0.1192072000D+03 0.0000000000D+00 0.0000000000D+00 0.1512100000D+01 0.6067385000D+01 0.0000000000D+00 0.0000000000D+00 0.1469400000D+01
811920040523200406282453148.5 0.9712500000D+01-0.3457900000D+00 0.4745498000D+03 0.0000000000D+00 0.0000000000D+00 0.3974600000D+01 0.3349081000D+01 0.0000000000D+00 0.0000000000D+00 0.2519800000D+01 0.1982220000D+02-0.8150400000D+00 0.1004491000D+03 0.0000000000D+00 0.0000000000D+00 0.1833800000D+01 0.2577177000D+01 0.0000000000D+00 0.0000000000D+00 0.1460900000D+01
812020040628200408032453184.5 0.2580240000D+02 0.6908600000D+00 0.4658742000D+03 0.0000000000D+00 0.0000000000D+00 0.9371300000D+01 0.6117866000D+01 0.0000000000D+00 0.0000000000D+00 0.1662700000D+01-0.1182780000D+02 0.5033500000D+00 0.8809760000D+02 0.0000000000D+00 0.0000000000D+00 0.1600100000D+01 0.5305214000D+01 0.0000000000D+00 0.0000000000D+00 0.3132000000D+00
812120040803200409082453220.5 0.9456100000D+01-0.3004300000D+00 0.4827464000D+03 0.0000000000D+00 0.0000000000D+00 0.6243800000D+01 0.2581937000D+01 0.0000000000D+00 0.0000000000D+00 0.1609000000D+00 0.8481800000D+01-0.1188800000D+00 0.8266900000D+02 0.0000000000D+00 0.0000000000D+00 0.2233000000D+00 0.1739910000D+01 0.0000000000D+00 0.0000000000D+00 0.1269400000D+01
812220040908200410142453256.5 0.3726120000D+02 0.2332000000D-01 0.5145628000D+03 0.0000000000D+00 0.0000000000D+00 0.8236400000D+01 0.5357258000D+01 0.0000000000D+00 0.0000000000D+00 0.6729000000D+00-0.4160700000D+01 0.1690800000D+00 0.7438640000D+02 0.0000000000D+00 0.0000000000D+00 0.1690700000D+01 0.4478386000D+01 0.0000000000D+00 0.0000000000D+00 0.5549600000D+01
812320041014200411192453292.5 0.1900900000D+01 0.3141100000D+00 0.5589019000D+03 0.0000000000D+00 0.0000000000D+00 0.1252610000D+02 0.1898983000D+01 0.0000000000D+00 0.0000000000D+00 0.5533400000D+01 0.6216400000D+01-0.3521300000D+00 0.7372390000D+02 0.0000000000D+00 0.0000000000D+00 0.1186700000D+01 0.9360920000D+00 0.0000000000D+00 0.0000000000D+00 0.4876300000D+01
812420041119200412252453328.5 0.4888620000D+02-0.7458700000D+00 0.6032609000D+03 0.0000000000D+00 0.0000000000D+00 0.4280000000D+01 0.4770106000D+01 0.0000000000D+00 0.0000000000D+00 0.5008800000D+01-0.2014000000D+00 0.3120500000D+00 0.8499860000D+02 0.0000000000D+00 0.0000000000D+00 0.1641000000D+00 0.3787069000D+01 0.0000000000D+00 0.0000000000D+00 0.4845600000D+01
812520041225200501302453364.5-0.1147850000D+02 0.1780320000D+01 0.6344129000D+03 0.0000000000D+00 0.0000000000D+00 0.1097300000D+02 0.1408076000D+01 0.0000000000D+00 0.0000000000D+00 0.4935600000D+01-0.1506600000D+01-0.7097000000D-01 0.1001712000D+03 0.0000000000D+00 0.0000000000D+00 0.3158200000D+01 0.4504090000D+00 0.0000000000D+00 0.0000000000D+00 0.3955700000D+01
