 7 5    2   18   22   26   31  4.4880  2.4930  1.5162  0.7217  0.4667 24.0 110.0 100.0 75.0 75.0   35 2453735.5000 2006                                                                                                                                                                                                                                                          
1  220051231200601242453735.4 0.1400000000D-02 0.1000000000D-03 0.1910700000D+01 0.9658000000D-01 0.1953000000D-02 0.1200000000D-02 0.8609590000D+00 0.5474500000D+01 0.3378700000D+01 0.3228400000D+01 0.3200000000D-02-0.5200000000D-03 0.8616500000D+01 0.4013600000D+00 0.7555000000D-02 0.4200000000D-02 0.3324547000D+01 0.1686800000D+01 0.5913100000D+01 0.5290600000D+01
1  320060124200602172453759.4 0.9000000000D-03 0.1200000000D-03 0.1819800000D+01 0.9397000000D-01 0.1908000000D-02 0.9000000000D-03 0.6442880000D+00 0.5254900000D+01 0.3153000000D+01 0.2920800000D+01 0.2900000000D-02-0.5400000000D-03 0.8485200000D+01 0.3934900000D+00 0.7387000000D-02 0.4200000000D-02 0.3193810000D+01 0.1562700000D+01 0.5794600000D+01 0.4971100000D+01
1  420060217200603132453783.4 0.5000000000D-03 0.1300000000D-03 0.1742900000D+01 0.9122000000D-01 0.1854000000D-02 0.7000000000D-03 0.4073160000D+00 0.5026100000D+01 0.2925000000D+01 0.2135900000D+01 0.2500000000D-02-0.5600000000D-03 0.8408300000D+01 0.3884600000D+00 0.7289000000D-02 0.5100000000D-02 0.3068212000D+01 0.1445900000D+01 0.5684200000D+01 0.4552700000D+01
1  520060313200604062453807.4 0.3000000000D-03 0.1300000000D-03 0.1695500000D+01 0.8893000000D-01 0.1802000000D-02 0.8000000000D-03 0.1612710000D+00 0.4797300000D+01 0.2701700000D+01 0.1480900000D+01 0.1600000000D-02-0.5400000000D-03 0.8393500000D+01 0.3868300000D+00 0.7277000000D-02 0.5100000000D-02 0.2947364000D+01 0.1334800000D+01 0.5579700000D+01 0.4284700000D+01
1  620060406200604302453831.4 0.2000000000D-03 0.1200000000D-03 0.1684500000D+01 0.8727000000D-01 0.1753000000D-02 0.1000000000D-02 0.6203975000D+01 0.4577100000D+01 0.2490300000D+01 0.1095800000D+01 0.8000000000D-03-0.5300000000D-03 0.8443200000D+01 0.3888300000D+00 0.7342000000D-02 0.5800000000D-02 0.2830065000D+01 0.1226300000D+01 0.5476400000D+01 0.4114500000D+01
1  720060430200605242453855.4 0.3000000000D-03 0.1000000000D-03 0.1705100000D+01 0.8611000000D-01 0.1704000000D-02 0.1300000000D-02 0.5984220000D+01 0.4374900000D+01 0.2297500000D+01 0.7596000000D+00-0.5000000000D-03-0.4700000000D-03 0.8547900000D+01 0.3942300000D+00 0.7493000000D-02 0.6400000000D-02 0.2714636000D+01 0.1118200000D+01 0.5371200000D+01 0.3865500000D+01
1  820060524200606172453879.4 0.5000000000D-03 0.9000000000D-04 0.1745900000D+01 0.8506000000D-01 0.1648000000D-02 0.1300000000D-02 0.5796318000D+01 0.4197400000D+01 0.2129400000D+01 0.5975000000D+00-0.1800000000D-02-0.4100000000D-03 0.8697300000D+01 0.4025000000D+00 0.7699000000D-02 0.6200000000D-02 0.2599143000D+01 0.1006600000D+01 0.5259600000D+01 0.3717700000D+01
1  920060617200607112453903.4 0.8000000000D-03 0.6000000000D-04 0.1791600000D+01 0.8382000000D-01 0.1585000000D-02 0.1400000000D-02 0.5645535000D+01 0.4050500000D+01 0.1992500000D+01 0.4341000000D+00-0.3400000000D-02-0.3200000000D-03 0.8868000000D+01 0.4125100000D+00 0.7949000000D-02 0.7100000000D-02 0.2481363000D+01 0.8893000000D+00 0.5139000000D+01 0.3550900000D+01
1 1020060711200608042453927.4 0.1200000000D-02 0.4000000000D-04 0.1831200000D+01 0.8242000000D-01 0.1523000000D-02 0.1400000000D-02 0.5531870000D+01 0.3936300000D+01 0.1891200000D+01 0.2395000000D+00-0.5000000000D-02-0.2200000000D-03 0.9034800000D+01 0.4228800000D+00 0.8196000000D-02 0.6900000000D-02 0.2359746000D+01 0.7637000000D+00 0.5007000000D+01 0.3339700000D+01
1 1120060804200608282453951.4 0.1700000000D-02 0.3000000000D-04 0.1860000000D+01 0.8130000000D-01 0.1484000000D-02 0.1400000000D-02 0.5449314000D+01 0.3853400000D+01 0.1824900000D+01 0.1205000000D+00-0.6500000000D-02-0.1300000000D-03 0.9166000000D+01 0.4314800000D+00 0.8397000000D-02 0.6900000000D-02 0.2232808000D+01 0.6295000000D+00 0.4864900000D+01 0.3201300000D+01
1 1220060828200609212453975.4 0.2000000000D-02 0.2000000000D-04 0.1879500000D+01 0.8134000000D-01 0.1491000000D-02 0.1400000000D-02 0.5386349000D+01 0.3790000000D+01 0.1775200000D+01 0.6241100000D+01-0.7900000000D-02-0.3000000000D-04 0.9233900000D+01 0.4368700000D+00 0.8509000000D-02 0.6900000000D-02 0.2100547000D+01 0.4873000000D+00 0.4713700000D+01 0.3007000000D+01
1 1320060921200610152453999.4 0.2400000000D-02 0.2000000000D-04 0.1891600000D+01 0.8290000000D-01 0.1552000000D-02 0.1400000000D-02 0.5325355000D+01 0.3725800000D+01 0.1713900000D+01 0.6082800000D+01-0.9200000000D-02 0.5000000000D-04 0.9221600000D+01 0.4372600000D+00 0.8499000000D-02 0.6100000000D-02 0.1963328000D+01 0.3397000000D+00 0.4559600000D+01 0.2786200000D+01
1 1420061015200611082454023.4 0.2600000000D-02 0.1000000000D-04 0.1894100000D+01 0.8569000000D-01 0.1648000000D-02 0.1400000000D-02 0.5248080000D+01 0.3638600000D+01 0.1614500000D+01 0.5952900000D+01-0.1000000000D-01 0.1200000000D-03 0.9129900000D+01 0.4331000000D+00 0.8378000000D-02 0.5600000000D-02 0.1823131000D+01 0.1907000000D+00 0.4405500000D+01 0.2616600000D+01
1 1520061108200612022454047.4 0.2700000000D-02 0.0000000000D+00 0.1881500000D+01 0.8860000000D-01 0.1748000000D-02 0.1200000000D-02 0.5139737000D+01 0.3516400000D+01 0.1473400000D+01 0.5795400000D+01-0.1060000000D-01 0.1800000000D-03 0.8977200000D+01 0.4248500000D+00 0.8169000000D-02 0.4600000000D-02 0.1681688000D+01 0.4380000000D-01 0.4257700000D+01 0.2329600000D+01
1 1620061202200612262454071.4 0.2900000000D-02 0.0000000000D+00 0.1852900000D+01 0.9086000000D-01 0.1828000000D-02 0.1000000000D-02 0.4993582000D+01 0.3358000000D+01 0.1296600000D+01 0.5515400000D+01-0.1100000000D-01 0.2000000000D-03 0.8794200000D+01 0.4145700000D+00 0.7917000000D-02 0.3700000000D-02 0.1541599000D+01 0.6185300000D+01 0.4117900000D+01 0.1950000000D+01
1 1720061226200701192454095.4 0.2800000000D-02-0.2000000000D-04 0.1815800000D+01 0.9222000000D-01 0.1882000000D-02 0.7000000000D-03 0.4809452000D+01 0.3169500000D+01 0.1095800000D+01 0.5288800000D+01-0.1110000000D-01 0.2000000000D-03 0.8613300000D+01 0.4039400000D+00 0.7672000000D-02 0.2900000000D-02 0.1404545000D+01 0.6051100000D+01 0.3988800000D+01 0.1617800000D+01
2 1820051231200604202453735.4 0.4100000000D-02 0.4000000000D-04 0.3739800000D+01 0.1214000000D-01 0.1700000000D-04 0.1900000000D-02-0.4965111000D+01-0.8869000000D+00-0.5055700000D+01-0.3531700000D+01-0.2180000000D-01 0.4000000000D-04 0.1244080000D+02 0.1017000000D-01 0.8300000000D-04 0.8200000000D-02-0.2479112000D+01-0.5649700000D+01-0.2139600000D+01-0.6223600000D+01
2 1920060420200608082453845.4 0.5900000000D-02 0.2000000000D-04 0.3341600000D+01 0.9300000000D-02 0.8000000000D-04 0.2300000000D-02-0.1238431000D+01-0.2671300000D+01-0.6089200000D+01-0.5926000000D+00-0.1770000000D-01-0.8000000000D-04 0.1224730000D+02 0.1158000000D-01 0.3500000000D-04 0.7800000000D-02-0.4680608000D+01-0.4097900000D+01-0.6265100000D+01-0.3848600000D+01
2 2020060808200611262453955.4 0.9000000000D-02 0.0000000000D+00 0.3600500000D+01 0.1214000000D-01 0.6100000000D-04 0.6700000000D-02-0.3494005000D+01-0.2134400000D+01-0.5538400000D+01-0.5381600000D+01-0.1760000000D-01-0.4000000000D-04 0.1328380000D+02 0.6380000000D-02 0.8600000000D-04 0.5200000000D-02-0.6059470000D+00-0.1328400000D+01-0.3730500000D+01-0.1971900000D+01
2 2120061126200703162454065.4 0.5000000000D-02 0.4000000000D-04 0.3616500000D+01 0.6180000000D-02 0.4200000000D-04 0.3000000000D-02-0.5546344000D+01-0.1677100000D+01-0.8377000000D+00-0.4672700000D+01-0.2330000000D-01 0.5000000000D-04 0.1281780000D+02 0.1397000000D-01 0.7200000000D-04 0.5700000000D-02-0.2872681000D+01-0.5789100000D+01-0.2319900000D+01-0.8572000000D+00
3 2220051231200604102453735.4 0.1310000000D-01-0.8000000000D-04 0.5237600000D+01 0.1612000000D-01 0.2500000000D-04 0.1060000000D-01 0.5149801000D+01 0.2926200000D+01 0.4681900000D+01-0.6036600000D+01 0.3100000000D-02 0.7000000000D-04 0.1732720000D+02 0.1433000000D-01 0.1120000000D-03 0.3670000000D-01 0.1355287000D+01 0.4368100000D+01 0.1601700000D+01-0.3526800000D+01
3 2320060410200607192453835.4 0.4700000000D-02 0.2000000000D-04 0.4691100000D+01 0.1503000000D-01 0.1090000000D-03 0.1060000000D-01 0.5677709000D+01 0.4121500000D+01 0.7220000000D+00-0.4614600000D+01 0.3000000000D-02-0.4000000000D-04 0.1697290000D+02 0.1317000000D-01 0.4900000000D-04 0.3540000000D-01 0.2204185000D+01 0.2817400000D+01 0.1165400000D+01-0.1783600000D+01
3 2420060719200610272453935.4 0.8700000000D-02-0.3000000000D-04 0.4974900000D+01 0.1285000000D-01 0.4100000000D-04 0.6100000000D-02 0.1241050000D+00 0.1314100000D+01 0.3580500000D+01-0.2399500000D+01 0.1030000000D-01-0.1400000000D-03 0.1827280000D+02 0.1372000000D-01 0.1360000000D-03 0.3810000000D-01 0.3046778000D+01 0.2773500000D+01 0.5160000000D-01-0.2813000000D+00
3 2520061027200702042454035.4 0.1040000000D-01 0.4000000000D-04 0.5170400000D+01 0.5040000000D-02 0.1050000000D-03 0.8400000000D-02 0.1148821000D+01 0.3425500000D+01 0.5638200000D+01-0.1569500000D+01 0.1760000000D-01-0.2400000000D-03 0.1829470000D+02 0.1811000000D-01 0.5800000000D-04 0.3210000000D-01 0.3841194000D+01 0.1014100000D+01 0.4811600000D+01-0.5026200000D+01
4 2620051231200603162453735.4-0.1460000000D-01-0.1900000000D-03 0.8511300000D+01 0.2340000000D-01 0.5100000000D-04 0.9500000000D-02 0.6013759000D+01 0.3771900000D+01 0.4795200000D+01 0.3941100000D+01 0.2860000000D-01 0.9300000000D-03 0.2841110000D+02 0.2292000000D-01 0.1720000000D-03 0.2910000000D-01 0.2223675000D+01 0.5116300000D+01 0.2491100000D+01 0.5217000000D+00
4 2720060316200605302453810.4-0.3240000000D-01 0.3200000000D-03 0.7705000000D+01 0.2793000000D-01 0.1320000000D-03 0.8000000000D-02 0.3381535000D+01 0.1624000000D+01 0.4448100000D+01 0.5829000000D+01 0.9330000000D-01-0.9800000000D-03 0.2767690000D+02 0.1283000000D-01 0.1400000000D-03 0.2570000000D-01 0.6110283000D+01 0.9688000000D+00 0.5891400000D+01 0.2375800000D+01
4 2820060530200608132453885.4-0.1060000000D-01-0.3000000000D-03 0.7796000000D+01 0.9500000000D-02 0.1800000000D-03 0.5800000000D-02 0.7795880000D+00 0.2830000000D-01 0.2415000000D+01 0.6000000000D-03 0.3380000000D-01 0.1110000000D-02 0.2882470000D+02 0.2748000000D-01 0.1150000000D-03 0.2610000000D-01 0.3713265000D+01 0.3926000000D+01 0.1392500000D+01 0.2817500000D+01
4 2920060813200610272453960.4-0.2900000000D-01 0.1800000000D-03 0.8255600000D+01 0.2392000000D-01 0.1000000000D-03 0.7600000000D-02 0.4700424000D+01 0.6017700000D+01 0.2291400000D+01 0.1841900000D+01 0.9270000000D-01-0.9500000000D-03 0.3038050000D+02 0.1355000000D-01 0.2300000000D-03 0.3720000000D-01 0.1291288000D+01 0.6974000000D+00 0.4398200000D+01 0.4819500000D+01
4 3020061027200701102454035.4-0.1310000000D-01-0.2900000000D-03 0.8409300000D+01 0.9800000000D-02 0.1930000000D-03 0.1100000000D-01 0.2438510000D+01 0.4502800000D+01 0.6143000000D+00 0.3238700000D+01 0.4190000000D-01 0.9100000000D-03 0.2998350000D+02 0.2571000000D-01 0.8600000000D-04 0.3580000000D-01 0.5136149000D+01 0.2206600000D+01 0.3106000000D+00 0.6156900000D+01
5 3120051231200603162453735.4-0.2670000000D-01 0.4200000000D-03 0.1139010000D+02 0.3148000000D-01 0.8000000000D-04 0.6500000000D-02 0.1576490000D+01 0.5581300000D+01 0.4203000000D+00 0.2461500000D+01 0.4450000000D-01-0.1580000000D-02 0.3803240000D+02 0.3188000000D-01 0.2380000000D-03 0.2830000000D-01 0.4060378000D+01 0.6617000000D+00 0.4250400000D+01 0.5083200000D+01
5 3220060316200605302453810.4 0.9000000000D-02-0.3300000000D-03 0.1028510000D+02 0.3741000000D-01 0.1750000000D-03 0.4300000000D-02 0.4950786000D+01 0.3172300000D+01 0.5975400000D+01 0.2944800000D+01-0.5810000000D-01 0.1610000000D-02 0.3704080000D+02 0.1598000000D-01 0.1920000000D-03 0.1380000000D-01 0.1386587000D+01 0.2523400000D+01 0.1164600000D+01 0.5958200000D+01
5 3320060530200608132453885.4-0.1870000000D-01 0.4800000000D-03 0.1037790000D+02 0.1313000000D-01 0.2440000000D-03 0.8200000000D-02 0.2071077000D+01 0.1260400000D+01 0.3680700000D+01 0.4269000000D+01 0.4130000000D-01-0.1660000000D-02 0.3855600000D+02 0.3672000000D-01 0.1490000000D-03 0.2810000000D-01 0.4994920000D+01 0.5137200000D+01 0.2648100000D+01 0.9231000000D+00
5 3420060813200610272453960.4 0.1600000000D-01-0.5700000000D-03 0.1100640000D+02 0.3135000000D-01 0.1240000000D-03 0.1900000000D-02 0.5712754000D+01 0.7608000000D+00 0.3354200000D+01 0.5045900000D+01-0.4740000000D-01 0.1480000000D-02 0.4066580000D+02 0.1883000000D-01 0.2900000000D-03 0.9100000000D-02 0.2293944000D+01 0.1528700000D+01 0.5310600000D+01 0.8456000000D+00
5 3520061027200701102454035.4-0.2250000000D-01 0.4700000000D-03 0.1120950000D+02 0.1301000000D-01 0.2620000000D-03 0.8000000000D-02 0.3174002000D+01 0.5204600000D+01 0.1336200000D+01 0.6193500000D+01 0.1990000000D-01-0.1250000000D-02 0.4011650000D+02 0.3489000000D-01 0.1060000000D-03 0.3010000000D-01 0.5861695000D+01 0.2915800000D+01 0.9179000000D+00 0.2527100000D+01
