 7 5    2   18   22   26   31  4.4880  2.4930  1.5162  0.7217  0.4667 24.0 110.0 100.0 75.0 75.0   35 2458848.5000 2020                                                                                                                                                                                                                                                          
1  220191231202001242458848.4-0.8800000000D-02 0.1000000000D-03 0.6088500000D+01 0.2872200000D+00 0.5499000000D-02 0.2800000000D-02 0.1009850000D+01 0.5655200000D+01 0.3595500000D+01 0.7160000000D-01 0.1250000000D-01 0.1500000000D-03 0.9239400000D+01 0.4368100000D+00 0.8387000000D-02 0.5100000000D-02 0.5624615000D+01 0.3985600000D+01 0.1914000000D+01 0.4979600000D+01
1  320200124202002172458872.4-0.8800000000D-02 0.1000000000D-03 0.5970300000D+01 0.2831800000D+00 0.5447000000D-02 0.3100000000D-02 0.8674840000D+00 0.5521800000D+01 0.3466700000D+01 0.6001800000D+01 0.1250000000D-01 0.1100000000D-03 0.9054400000D+01 0.4275300000D+00 0.8173000000D-02 0.4400000000D-02 0.5484557000D+01 0.3844400000D+01 0.1774000000D+01 0.4690300000D+01
1  420200217202003122458896.4-0.9200000000D-02 0.1200000000D-03 0.5909400000D+01 0.2813100000D+00 0.5436000000D-02 0.3200000000D-02 0.7210600000D+00 0.5386800000D+01 0.3336800000D+01 0.5741200000D+01 0.1220000000D-01 0.7000000000D-04 0.8878600000D+01 0.4185000000D+00 0.7970000000D-02 0.3900000000D-02 0.5345870000D+01 0.3708300000D+01 0.1641400000D+01 0.4438200000D+01
1  520200312202004052458920.4-0.9700000000D-02 0.1500000000D-03 0.5913700000D+01 0.2817700000D+00 0.5466000000D-02 0.3600000000D-02 0.5733130000D+00 0.5250900000D+01 0.3207200000D+01 0.5524500000D+01 0.1190000000D-01 0.7000000000D-04 0.8738700000D+01 0.4106900000D+00 0.7803000000D-02 0.3600000000D-02 0.5209542000D+01 0.3578000000D+01 0.1517400000D+01 0.4019500000D+01
1  620200405202004292458944.4-0.1050000000D-01 0.1900000000D-03 0.5981200000D+01 0.2845300000D+00 0.5533000000D-02 0.3900000000D-02 0.4266430000D+00 0.5114900000D+01 0.3076900000D+01 0.5167100000D+01 0.1140000000D-01 0.7000000000D-04 0.8652400000D+01 0.4056400000D+00 0.7698000000D-02 0.2900000000D-02 0.5076723000D+01 0.3453000000D+01 0.1398800000D+01 0.3610900000D+01
1  720200429202005232458968.4-0.1140000000D-01 0.2300000000D-03 0.6103500000D+01 0.2892900000D+00 0.5628000000D-02 0.3900000000D-02 0.2832810000D+00 0.4979700000D+01 0.2946900000D+01 0.5019300000D+01 0.1110000000D-01 0.7000000000D-04 0.8627200000D+01 0.4033600000D+00 0.7659000000D-02 0.2900000000D-02 0.4947253000D+01 0.3332500000D+01 0.1285600000D+01 0.3103300000D+01
1  820200523202006162458992.4-0.1220000000D-01 0.2700000000D-03 0.6268200000D+01 0.2957000000D+00 0.5750000000D-02 0.4400000000D-02 0.1446190000D+00 0.4846400000D+01 0.2817200000D+01 0.4732900000D+01 0.1090000000D-01 0.8000000000D-04 0.8665300000D+01 0.4042900000D+00 0.7687000000D-02 0.3400000000D-02 0.4821317000D+01 0.3215100000D+01 0.1174700000D+01 0.2691400000D+01
1  920200616202007102459016.4-0.1320000000D-01 0.3100000000D-03 0.6461600000D+01 0.3032100000D+00 0.5880000000D-02 0.4300000000D-02 0.1111100000D-01 0.4714500000D+01 0.2687000000D+01 0.4482100000D+01 0.1070000000D-01 0.8000000000D-04 0.8761500000D+01 0.4081700000D+00 0.7787000000D-02 0.4000000000D-02 0.4698228000D+01 0.3100000000D+01 0.1064800000D+01 0.2209000000D+01
1 1020200710202008032459040.4-0.1370000000D-01 0.3200000000D-03 0.6663500000D+01 0.3112500000D+00 0.6020000000D-02 0.4300000000D-02 0.6165941000D+01 0.4584100000D+01 0.2555200000D+01 0.4321500000D+01 0.1110000000D-01 0.6000000000D-04 0.8906600000D+01 0.4145300000D+00 0.7936000000D-02 0.4800000000D-02 0.4577231000D+01 0.2984700000D+01 0.9529000000D+00 0.2056700000D+01
1 1120200803202008272459064.4-0.1440000000D-01 0.3400000000D-03 0.6853700000D+01 0.3188900000D+00 0.6144000000D-02 0.4500000000D-02 0.6041855000D+01 0.4453400000D+01 0.2420200000D+01 0.4005600000D+01 0.1120000000D-01 0.5000000000D-04 0.9082700000D+01 0.4228700000D+00 0.8134000000D-02 0.5800000000D-02 0.4457399000D+01 0.2867800000D+01 0.8364000000D+00 0.1786700000D+01
1 1220200827202009202459088.4-0.1450000000D-01 0.3300000000D-03 0.7003800000D+01 0.3252000000D+00 0.6243000000D-02 0.3800000000D-02 0.5920713000D+01 0.4322000000D+01 0.2281000000D+01 0.3781400000D+01 0.1180000000D-01 0.0000000000D+00 0.9266500000D+01 0.4318900000D+00 0.8345000000D-02 0.6400000000D-02 0.4337064000D+01 0.2746400000D+01 0.7132000000D+00 0.1621200000D+01
1 1320200920202010142459112.4-0.1450000000D-01 0.3100000000D-03 0.7089800000D+01 0.3291300000D+00 0.6292000000D-02 0.3900000000D-02 0.5800825000D+01 0.4188300000D+01 0.2137900000D+01 0.3496600000D+01 0.1260000000D-01-0.4000000000D-04 0.9425500000D+01 0.4403400000D+00 0.8537000000D-02 0.6700000000D-02 0.4214857000D+01 0.2618700000D+01 0.5801000000D+00 0.1470100000D+01
1 1420201014202011072459136.4-0.1430000000D-01 0.2900000000D-03 0.7092700000D+01 0.3298600000D+00 0.6285000000D-02 0.3400000000D-02 0.5679913000D+01 0.4053200000D+01 0.1993400000D+01 0.3075300000D+01 0.1330000000D-01-0.1200000000D-03 0.9528600000D+01 0.4463400000D+00 0.8669000000D-02 0.7300000000D-02 0.4089080000D+01 0.2484000000D+01 0.4388000000D+00 0.1293100000D+01
1 1520201107202012012459160.4-0.1390000000D-01 0.2500000000D-03 0.7013600000D+01 0.3276000000D+00 0.6224000000D-02 0.3100000000D-02 0.5556117000D+01 0.3917300000D+01 0.1849700000D+01 0.2644200000D+01 0.1430000000D-01-0.2300000000D-03 0.9550400000D+01 0.4485900000D+00 0.8700000000D-02 0.6900000000D-02 0.3958714000D+01 0.2342500000D+01 0.2894000000D+00 0.1111700000D+01
1 1620201201202012252459184.4-0.1340000000D-01 0.2300000000D-03 0.6874000000D+01 0.3227800000D+00 0.6130000000D-02 0.3400000000D-02 0.5427399000D+01 0.3782300000D+01 0.1711300000D+01 0.2210100000D+01 0.1500000000D-01-0.3300000000D-03 0.9484800000D+01 0.4463300000D+00 0.8626000000D-02 0.6600000000D-02 0.3823888000D+01 0.2197100000D+01 0.1382000000D+00 0.9563000000D+00
1 1720201225202101182459208.4-0.1300000000D-01 0.2000000000D-03 0.6712800000D+01 0.3172600000D+00 0.6035000000D-02 0.3800000000D-02 0.5293223000D+01 0.3648300000D+01 0.1577200000D+01 0.1738100000D+01 0.1580000000D-01-0.4400000000D-03 0.9347500000D+01 0.4401300000D+00 0.8464000000D-02 0.6400000000D-02 0.3685427000D+01 0.2050900000D+01 0.6271200000D+01 0.7336000000D+00
2 1820191231202004192458848.4 0.8500000000D-02-0.2000000000D-04 0.9629300000D+01 0.1063000000D-01 0.7800000000D-04 0.2900000000D-02-0.2566860000D+01-0.5426700000D+01-0.2781300000D+01-0.3623200000D+01-0.8000000000D-03 0.5000000000D-04 0.1349000000D+02 0.1462000000D-01 0.5500000000D-04 0.5000000000D-02-0.4258016000D+01-0.8145000000D+00-0.3898800000D+01-0.5607800000D+01
2 1920200419202008072458958.4 0.6800000000D-02 0.0000000000D+00 0.9425200000D+01 0.1044000000D-01 0.3600000000D-04 0.5900000000D-02-0.4850699000D+01-0.5419600000D+01-0.3827400000D+01-0.2309500000D+01-0.6000000000D-03 0.3000000000D-04 0.1258490000D+02 0.4500000000D-03 0.6100000000D-04 0.6500000000D-02-0.2250270000D+00-0.4530000000D-01-0.6272500000D+01-0.3699700000D+01
2 2020200807202011252459068.4 0.6100000000D-02 0.1000000000D-04 0.1058600000D+02 0.1182000000D-01 0.1010000000D-03 0.2900000000D-02-0.8227140000D+00-0.5407000000D+00-0.3940300000D+01-0.9394000000D+00 0.4500000000D-02 0.0000000000D+00 0.1330910000D+02 0.1546000000D-01 0.9100000000D-04 0.3700000000D-02-0.2442253000D+01-0.2208400000D+01-0.5304300000D+01-0.6752000000D+00
2 2120201125202103152459178.4 0.4100000000D-02 0.3000000000D-04 0.1066200000D+02 0.1314000000D-01 0.6100000000D-04 0.4600000000D-02-0.3022118000D+01-0.6213800000D+01-0.3593900000D+01-0.3743900000D+01 0.3000000000D-03 0.7000000000D-04 0.1392800000D+02 0.1066000000D-01 0.5000000000D-05 0.7400000000D-02-0.4666127000D+01-0.1185800000D+01-0.2117900000D+01-0.5708700000D+01
3 2220191231202004092458848.4-0.3460000000D-01 0.5000000000D-04 0.1338580000D+02 0.1445000000D-01 0.1130000000D-03 0.2620000000D-01 0.1992708000D+01 0.5296400000D+01 0.1703100000D+01-0.4972000000D+01-0.9580000000D-01 0.1500000000D-03 0.1879260000D+02 0.1950000000D-01 0.6900000000D-04 0.2790000000D-01 0.2999990000D+00 0.3638100000D+01 0.5409000000D+00-0.3890000000D+00
3 2320200409202007182458948.4-0.3770000000D-01-0.1000000000D-04 0.1303360000D+02 0.1242000000D-01 0.5300000000D-04 0.2570000000D-01 0.2774613000D+01 0.2079200000D+01 0.3341900000D+01-0.3404100000D+01-0.7820000000D-01-0.1500000000D-03 0.1756050000D+02 0.2460000000D-02 0.9800000000D-04 0.3210000000D-01 0.1111106000D+01 0.4365700000D+01 0.1227800000D+01-0.5174800000D+01
3 2420200718202010262459048.4-0.4530000000D-01 0.9000000000D-04 0.1439970000D+02 0.1947000000D-01 0.1280000000D-03 0.2690000000D-01 0.3562989000D+01 0.3536600000D+01 0.1789000000D+00-0.1899400000D+01-0.8240000000D-01-0.2600000000D-03 0.1824310000D+02 0.1954000000D-01 0.6900000000D-04 0.3210000000D-01 0.1939742000D+01 0.2033200000D+01 0.5219800000D+01-0.3377000000D+01
3 2520201026202102032459148.4-0.2620000000D-01-0.1800000000D-03 0.1513910000D+02 0.1340000000D-01 0.5000000000D-04 0.3530000000D-01 0.4402066000D+01 0.8725000000D+00 0.2707200000D+01-0.3237000000D+00-0.8730000000D-01-0.3000000000D-04 0.1949000000D+02 0.3540000000D-02 0.9000000000D-04 0.3530000000D-01 0.2768607000D+01 0.3887000000D+00 0.5980300000D+01-0.1717600000D+01
4 2620191231202003152458848.4-0.2870000000D-01 0.7900000000D-03 0.2200380000D+02 0.2264000000D-01 0.1800000000D-03 0.1970000000D-01 0.6155884000D+01 0.2992700000D+01 0.5742900000D+01 0.5726000000D+01 0.1081000000D+00-0.2000000000D-03 0.3079620000D+02 0.2922000000D-01 0.8200000000D-04 0.3830000000D-01 0.4464530000D+01 0.1378200000D+01 0.4696700000D+01 0.4454100000D+01
4 2720200315202005292458923.4 0.2810000000D-01-0.6800000000D-03 0.2124300000D+02 0.1170000000D-01 0.1380000000D-03 0.1930000000D-01 0.3718425000D+01 0.2596500000D+01 0.3803500000D+01 0.8104000000D+00 0.5530000000D-01 0.1100000000D-03 0.2907310000D+02 0.1472000000D-01 0.1810000000D-03 0.1580000000D-01 0.2043195000D+01 0.5067600000D+01 0.2037500000D+01 0.6084700000D+01
4 2820200529202008122458998.4-0.2310000000D-01 0.8600000000D-03 0.2238450000D+02 0.2808000000D-01 0.5800000000D-04 0.3160000000D-01 0.1265588000D+01 0.9740000000D+00 0.3012900000D+01 0.2605000000D+01 0.1117000000D+00-0.3100000000D-03 0.2897290000D+02 0.1602000000D-01 0.8200000000D-04 0.2880000000D-01 0.5910134000D+01 0.6071100000D+01 0.5910400000D+01 0.8493000000D+00
4 2920200812202010262459073.4 0.3190000000D-01-0.8200000000D-03 0.2431040000D+02 0.2395000000D-01 0.2340000000D-03 0.1610000000D-01 0.5116237000D+01 0.5216500000D+01 0.1767100000D+01 0.4068700000D+01 0.4410000000D-01 0.5900000000D-03 0.3058380000D+02 0.3082000000D-01 0.1690000000D-03 0.2420000000D-01 0.3495573000D+01 0.3559100000D+01 0.3684000000D+00 0.2280700000D+01
4 3020201026202101092459148.4-0.1660000000D-01 0.7000000000D-03 0.2484390000D+02 0.1944000000D-01 0.9700000000D-04 0.2470000000D-01 0.2712422000D+01 0.5296300000D+01 0.3952000000D+00 0.5354200000D+01 0.1211000000D+00-0.5200000000D-03 0.3193160000D+02 0.1050000000D-02 0.1950000000D-03 0.3280000000D-01 0.1078790000D+01 0.4974300000D+01 0.4242700000D+01 0.4010400000D+01
5 3120191231202003152458848.4 0.1087000000D+00-0.1210000000D-02 0.2937180000D+02 0.3115000000D-01 0.2520000000D-03 0.1580000000D-01 0.4659404000D+01 0.1525800000D+01 0.4306500000D+01 0.4411800000D+01-0.7100000000D-02 0.2000000000D-04 0.4119010000D+02 0.3800000000D-01 0.9400000000D-04 0.3120000000D-01 0.2969515000D+01 0.6193600000D+01 0.3381400000D+01 0.2850100000D+01
5 3220200315202005292458923.4 0.1470000000D-01 0.1310000000D-02 0.2835940000D+02 0.1470000000D-01 0.1910000000D-03 0.2510000000D-01 0.1945409000D+01 0.8221000000D+00 0.1943500000D+01 0.4658800000D+01 0.6890000000D-01-0.3100000000D-03 0.3887510000D+02 0.1871000000D-01 0.2310000000D-03 0.2620000000D-01 0.2722410000D+00 0.3340600000D+01 0.3072000000D+00 0.3280700000D+01
5 3320200529202008122458998.4 0.1107000000D+00-0.1320000000D-02 0.2987750000D+02 0.3840000000D-01 0.8400000000D-04 0.2410000000D-01 0.5498999000D+01 0.5167500000D+01 0.9786000000D+00 0.6175500000D+01-0.2500000000D-01 0.5700000000D-03 0.3875920000D+02 0.2054000000D-01 0.1210000000D-03 0.1780000000D-01 0.3862657000D+01 0.3837400000D+01 0.4081500000D+01 0.4461900000D+01
5 3420200812202010262459073.4 0.2570000000D-01 0.1440000000D-02 0.3245860000D+02 0.3167000000D-01 0.3060000000D-03 0.2420000000D-01 0.2787585000D+01 0.2850600000D+01 0.5723200000D+01 0.4867000000D+00 0.8640000000D-01-0.6700000000D-03 0.4090670000D+02 0.4120000000D-01 0.2280000000D-03 0.3870000000D-01 0.1168387000D+01 0.1185500000D+01 0.4294200000D+01 0.4797600000D+01
5 3520201026202101092459148.4 0.1029000000D+00-0.1160000000D-02 0.3316690000D+02 0.2505000000D-01 0.1170000000D-03 0.1430000000D-01 0.1051050000D+00 0.2748800000D+01 0.3959000000D+01 0.1767100000D+01-0.3370000000D-01 0.9200000000D-03 0.4271620000D+02 0.3800000000D-02 0.2590000000D-03 0.3210000000D-01 0.4756515000D+01 0.2836700000D+01 0.1531300000D+01 0.1020000000D-01
