 4 2    2   13 19.7027  4.9788 36.0 36.0   23 2451543.5000 2000                                                                                                                                                                                                                                                                                                                  
1  219991231200002052451543.4-0.1548000000D+00 0.7400000000D-03 0.6985600000D+01 0.8783000000D-01 0.5700000000D-03 0.4490000000D-01-0.5753692000D+01-0.1380800000D+01-0.3331600000D+01-0.1185500000D+01-0.3690000000D-01-0.4600000000D-03 0.2719700000D+01 0.3101000000D-01 0.5190000000D-03 0.2310000000D-01-0.7569710000D+00-0.6130000000D+00-0.2780500000D+01-0.2331100000D+01
1  320000205200003122451579.4-0.1373000000D+00 0.7200000000D-03 0.5937600000D+01 0.8071000000D-01 0.4590000000D-03 0.3850000000D-01-0.6071120000D+00-0.2565900000D+01-0.4488400000D+01-0.3249400000D+01-0.5620000000D-01-0.1600000000D-03 0.3551800000D+01 0.3141000000D-01 0.3840000000D-03 0.2590000000D-01-0.1581048000D+01-0.2634300000D+01-0.4440100000D+01-0.4232300000D+01
1  420000312200004172451615.4-0.1063000000D+00 0.1400000000D-03 0.4964300000D+01 0.7640000000D-01 0.3860000000D-03 0.3530000000D-01-0.1791724000D+01-0.3688600000D+01-0.5532300000D+01-0.5559000000D+01-0.5770000000D-01-0.2000000000D-04 0.3801100000D+01 0.3692000000D-01 0.3420000000D-03 0.2650000000D-01-0.2580910000D+01-0.4189100000D+01-0.6158300000D+01-0.6215300000D+01
1  520000417200005232451651.4-0.9790000000D-01 0.5600000000D-03 0.4331500000D+01 0.7384000000D-01 0.4010000000D-03 0.3090000000D-01-0.3057838000D+01-0.4761000000D+01-0.3964000000D+00-0.1685700000D+01-0.5910000000D-01 0.4000000000D-03 0.3541600000D+01 0.3484000000D-01 0.3410000000D-03 0.2470000000D-01-0.3610344000D+01-0.5627700000D+01-0.1504300000D+01-0.2010300000D+01
1  620000523200006282451687.4-0.8560000000D-01 0.2900000000D-03 0.4261400000D+01 0.6950000000D-01 0.3760000000D-03 0.2990000000D-01-0.4355240000D+01-0.5877600000D+01-0.1689500000D+01-0.3881500000D+01-0.4690000000D-01 0.1800000000D-03 0.2882600000D+01 0.2914000000D-01 0.3530000000D-03 0.1750000000D-01-0.4573807000D+01-0.8574000000D+00-0.3008500000D+01-0.3932600000D+01
1  720000628200008032451723.4-0.6950000000D-01-0.1300000000D-03 0.4552000000D+01 0.6006000000D-01 0.3710000000D-03 0.3600000000D-01-0.5578909000D+01-0.7043000000D+00-0.2832600000D+01-0.6025100000D+01-0.3890000000D-01 0.1500000000D-03 0.2018600000D+01 0.2563000000D-01 0.2800000000D-03 0.1250000000D-01-0.5338161000D+01-0.2554700000D+01-0.4568500000D+01-0.5434300000D+01
1  820000803200009082451759.4-0.7410000000D-01 0.2600000000D-03 0.4881400000D+01 0.5052000000D-01 0.2650000000D-03 0.3700000000D-01-0.4093930000D+00-0.1866300000D+01-0.3906600000D+01-0.1895000000D+01-0.3350000000D-01 0.7000000000D-04 0.1528500000D+01 0.2470000000D-01 0.2590000000D-03 0.1300000000D-01-0.5659526000D+01-0.4107600000D+01-0.6017200000D+01-0.4296000000D+00
1  920000908200010142451795.4-0.7120000000D-01 0.9000000000D-04 0.5057200000D+01 0.4473000000D-01 0.2180000000D-03 0.3570000000D-01-0.1453580000D+01-0.2952100000D+01-0.4691100000D+01-0.3837400000D+01-0.3010000000D-01 0.9000000000D-04 0.2007600000D+01 0.2489000000D-01 0.2340000000D-03 0.1800000000D-01-0.5970131000D+01-0.5583100000D+01-0.1046800000D+01-0.1965600000D+01
1 1020001014200011192451831.4-0.6310000000D-01-0.1200000000D-03 0.5148500000D+01 0.4473000000D-01 0.1890000000D-03 0.3990000000D-01-0.2470437000D+01-0.3999800000D+01-0.5194100000D+01-0.5833000000D+01-0.2960000000D-01 0.1600000000D-03 0.2898400000D+01 0.2756000000D-01 0.2090000000D-03 0.2450000000D-01-0.3759030000D+00-0.6647000000D+00-0.2194500000D+01-0.3653400000D+01
1 1120001119200012252451867.4-0.6550000000D-01 0.4100000000D-03 0.5262000000D+01 0.5116000000D-01 0.2780000000D-03 0.3960000000D-01-0.3504908000D+01-0.4944900000D+01-0.5824600000D+01-0.1657700000D+01-0.2330000000D-01-0.1100000000D-03 0.3818100000D+01 0.3180000000D-01 0.1780000000D-03 0.3290000000D-01-0.1223502000D+01-0.1863600000D+01-0.3261300000D+01-0.5542300000D+01
1 1220001225200101302451903.4-0.5980000000D-01 0.5800000000D-03 0.5655700000D+01 0.6571000000D-01 0.4180000000D-03 0.4330000000D-01-0.4587917000D+01-0.5879600000D+01-0.1541000000D+00-0.3646600000D+01-0.2270000000D-01 0.8000000000D-04 0.4713400000D+01 0.3641000000D-01 0.8200000000D-04 0.3720000000D-01-0.2114653000D+01-0.2937200000D+01-0.4613800000D+01-0.1109200000D+01
2 1319991231200002052451543.4-0.6000000000D-03 0.1000000000D-03 0.1747480000D+02 0.2307200000D+00 0.1604000000D-02 0.1800000000D-02 0.4683285000D+01 0.2789300000D+01 0.7950000000D+00-0.4265000000D+01 0.1000000000D-03 0.1300000000D-03 0.7179100000D+01 0.7586000000D-01 0.1293000000D-02 0.1600000000D-02 0.3362205000D+01 0.3486000000D+01 0.1331100000D+01-0.5698200000D+01
2 1420000205200003122451579.4 0.2600000000D-02-0.1000000000D-04 0.1481780000D+02 0.2108200000D+00 0.1254000000D-02 0.1900000000D-02 0.1254857000D+01 0.5579700000D+01 0.3675300000D+01-0.2169200000D+01 0.3700000000D-02-0.6000000000D-04 0.9180600000D+01 0.8265000000D-01 0.1040000000D-02 0.1700000000D-02 0.2618630000D+00 0.5462500000D+01 0.3672600000D+01-0.2311500000D+01
2 1520000312200004172451615.4 0.1400000000D-02 0.6000000000D-04 0.1228110000D+02 0.2008500000D+00 0.1122000000D-02 0.2000000000D-02 0.4055420000D+01 0.2168500000D+01 0.3027000000D+00-0.4409000000D+01 0.2400000000D-02 0.1000000000D-04 0.9743400000D+01 0.9837000000D-01 0.9200000000D-03 0.3000000000D-02 0.3259433000D+01 0.1634000000D+01 0.5977900000D+01-0.4505400000D+01
2 1620000417200005232451651.4 0.3300000000D-02-0.1000000000D-04 0.1070940000D+02 0.1945900000D+00 0.1125000000D-02 0.1600000000D-02 0.4808990000D+00 0.5065100000D+01 0.3132800000D+01-0.2468400000D+01 0.1500000000D-02 0.3000000000D-04 0.9018400000D+01 0.9420000000D-01 0.9230000000D-03 0.8000000000D-03 0.6222400000D+01 0.4218900000D+01 0.2061000000D+01-0.1044600000D+01
2 1720000523200006282451687.4 0.3200000000D-02-0.4000000000D-04 0.1058200000D+02 0.1822400000D+00 0.1144000000D-02 0.3000000000D-02 0.3155284000D+01 0.1657600000D+01 0.5903400000D+01-0.4560100000D+01 0.2900000000D-02-0.8000000000D-04 0.7308300000D+01 0.7752000000D-01 0.8730000000D-03 0.1500000000D-02 0.2959354000D+01 0.4127000000D+00 0.4488200000D+01-0.3608200000D+01
2 1820000628200008032451723.4 0.6000000000D-03 0.6000000000D-04 0.1139900000D+02 0.1605400000D+00 0.1035000000D-02 0.4000000000D-03 0.5910512000D+01 0.4490000000D+01 0.2441100000D+01-0.5184400000D+01 0.1000000000D-03 0.5000000000D-04 0.5097200000D+01 0.6444000000D-01 0.7830000000D-03 0.1600000000D-02 0.6177670000D+01 0.2761400000D+01 0.6077000000D+00-0.4900500000D+01
2 1920000803200009082451759.4 0.2400000000D-02-0.1000000000D-03 0.1221080000D+02 0.1401800000D+00 0.8360000000D-03 0.1700000000D-02 0.2486677000D+01 0.1027100000D+01 0.5383700000D+01-0.4819600000D+01 0.1000000000D-02 0.0000000000D+00 0.3856600000D+01 0.5745000000D-01 0.7370000000D-03 0.1500000000D-02 0.3536837000D+01 0.5096000000D+01 0.3104600000D+01-0.2073700000D+01
2 2020000908200010142451795.4-0.6000000000D-03 0.0000000000D+00 0.1265380000D+02 0.1305400000D+00 0.6900000000D-03 0.1800000000D-02 0.5408051000D+01 0.3892100000D+01 0.2203400000D+01-0.4985600000D+01 0.1700000000D-02-0.1000000000D-04 0.5016600000D+01 0.5912000000D-01 0.7080000000D-03 0.1200000000D-02 0.8963230000D+00 0.1174400000D+01 0.5771900000D+01-0.4089800000D+01
2 2120001014200011192451831.4-0.9000000000D-03-0.2000000000D-04 0.1288010000D+02 0.1335500000D+00 0.7060000000D-03 0.1300000000D-02 0.2062589000D+01 0.5443000000D+00 0.5460300000D+01-0.5641200000D+01 0.7000000000D-03 0.7000000000D-04 0.7204000000D+01 0.7258000000D-01 0.6730000000D-03 0.1000000000D-02 0.4158520000D+01 0.3704800000D+01 0.2268600000D+01-0.2761000000D+01
2 2220001119200012252451867.4-0.1600000000D-02-0.7000000000D-04 0.1323310000D+02 0.1518100000D+00 0.9130000000D-03 0.1800000000D-02 0.4977982000D+01 0.3526500000D+01 0.2435000000D+01-0.5414400000D+01 0.3400000000D-02-0.2000000000D-04 0.9473300000D+01 0.9236000000D-01 0.6020000000D-03 0.1700000000D-02 0.9729160000D+00 0.1648000000D+00 0.5081700000D+01-0.2912000000D+01
2 2320001225200101302451903.4-0.4100000000D-02 0.2000000000D-04 0.1426300000D+02 0.1906600000D+00 0.1278000000D-02 0.1800000000D-02 0.1558529000D+01 0.2469000000D+00 0.5637000000D+01-0.5754700000D+01 0.2400000000D-02 0.3000000000D-04 0.1172190000D+02 0.1101000000D+00 0.4310000000D-03 0.1400000000D-02 0.4017466000D+01 0.3054800000D+01 0.1541700000D+01-0.4323900000D+01
