 7 5    2   18   22   26   31  4.4880  2.4930  1.5162  0.7217  0.4667 24.0 110.0 100.0 75.0 75.0   35 2457753.5000 2017                                                                                                                                                                                                                                                          
1  220161231201701242457753.4 0.4900000000D-02-0.3200000000D-03 0.4829600000D+01 0.2276800000D+00 0.4345000000D-02 0.1900000000D-02 0.3254617000D+01 0.1615200000D+01 0.5844300000D+01 0.5525700000D+01 0.1160000000D-01 0.2500000000D-03 0.8857600000D+01 0.4187800000D+00 0.8036000000D-02 0.7600000000D-02 0.1294666000D+01 0.5941300000D+01 0.3872400000D+01 0.3724300000D+01
1  320170124201702172457777.4 0.4900000000D-02-0.3400000000D-03 0.4750000000D+01 0.2262500000D+00 0.4348000000D-02 0.2200000000D-02 0.3108595000D+01 0.1480000000D+01 0.5712000000D+01 0.4933400000D+01 0.1070000000D-01 0.3400000000D-03 0.8682900000D+01 0.4085100000D+00 0.7800000000D-02 0.7200000000D-02 0.1155291000D+01 0.5804000000D+01 0.3741500000D+01 0.3534400000D+01
1  420170217201703132457801.4 0.4600000000D-02-0.3200000000D-03 0.4728400000D+01 0.2268700000D+00 0.4391000000D-02 0.2300000000D-02 0.2956070000D+01 0.1340200000D+01 0.5575400000D+01 0.4525700000D+01 0.1010000000D-01 0.3800000000D-03 0.8536200000D+01 0.3994600000D+00 0.7593000000D-02 0.6100000000D-02 0.1019211000D+01 0.5673000000D+01 0.3618400000D+01 0.3359600000D+01
1  520170313201704062457825.4 0.4300000000D-02-0.3100000000D-03 0.4766800000D+01 0.2294100000D+00 0.4459000000D-02 0.2800000000D-02 0.2800712000D+01 0.1196600000D+01 0.5435300000D+01 0.4300800000D+01 0.1010000000D-01 0.4100000000D-03 0.8437500000D+01 0.3927200000D+00 0.7444000000D-02 0.5800000000D-02 0.8871150000D+00 0.5548400000D+01 0.3503300000D+01 0.3160000000D+01
1  620170406201704302457849.4 0.3700000000D-02-0.2600000000D-03 0.4856700000D+01 0.2335900000D+00 0.4554000000D-02 0.3400000000D-02 0.2646313000D+01 0.1052700000D+01 0.5294500000D+01 0.3995700000D+01 0.1020000000D-01 0.4200000000D-03 0.8399200000D+01 0.3891600000D+00 0.7363000000D-02 0.4500000000D-02 0.7592720000D+00 0.5428600000D+01 0.3392600000D+01 0.2827100000D+01
1  720170430201705242457873.4 0.3100000000D-02-0.2100000000D-03 0.4989200000D+01 0.2390400000D+00 0.4662000000D-02 0.3400000000D-02 0.2496065000D+01 0.9096000000D+00 0.5154100000D+01 0.3823000000D+01 0.1060000000D-01 0.4100000000D-03 0.8423500000D+01 0.3889700000D+00 0.7359000000D-02 0.4100000000D-02 0.6353330000D+00 0.5312700000D+01 0.3284300000D+01 0.2508200000D+01
1  820170524201706172457897.4 0.2300000000D-02-0.1600000000D-03 0.5148800000D+01 0.2452100000D+00 0.4780000000D-02 0.4000000000D-02 0.2351728000D+01 0.7695000000D+00 0.5015300000D+01 0.3655200000D+01 0.1110000000D-01 0.4100000000D-03 0.8508100000D+01 0.3920900000D+00 0.7428000000D-02 0.3800000000D-02 0.5145000000D+00 0.5199000000D+01 0.3176500000D+01 0.2049900000D+01
1  920170617201707112457921.4 0.1500000000D-02-0.1000000000D-03 0.5319300000D+01 0.2516200000D+00 0.4893000000D-02 0.4000000000D-02 0.2214487000D+01 0.6320000000D+00 0.4877200000D+01 0.3445900000D+01 0.1150000000D-01 0.4000000000D-03 0.8644200000D+01 0.3983100000D+00 0.7565000000D-02 0.4100000000D-02 0.3957020000D+00 0.5085000000D+01 0.3064700000D+01 0.1582100000D+01
1 1020170711201708042457945.4 0.7000000000D-03-0.5000000000D-04 0.5480100000D+01 0.2572800000D+00 0.4989000000D-02 0.4000000000D-02 0.2084009000D+01 0.4972000000D+00 0.4740100000D+01 0.3306700000D+01 0.1220000000D-01 0.4100000000D-03 0.8815600000D+01 0.4068200000D+00 0.7758000000D-02 0.4600000000D-02 0.2776690000D+00 0.4969500000D+01 0.2948600000D+01 0.1208400000D+01
1 1120170804201708282457969.4 0.0000000000D+00 0.0000000000D+00 0.5608000000D+01 0.2616200000D+00 0.5053000000D-02 0.4200000000D-02 0.1959804000D+01 0.3641000000D+00 0.4601800000D+01 0.3146900000D+01 0.1230000000D-01 0.4300000000D-03 0.9002500000D+01 0.4168600000D+00 0.7985000000D-02 0.5400000000D-02 0.1587390000D+00 0.4849200000D+01 0.2823300000D+01 0.9083000000D+00
1 1220170828201709212457993.4-0.8000000000D-03 0.4000000000D-04 0.5680400000D+01 0.2635000000D+00 0.5067000000D-02 0.3800000000D-02 0.1839983000D+01 0.2317000000D+00 0.4464100000D+01 0.2960300000D+01 0.1270000000D-01 0.4400000000D-03 0.9173800000D+01 0.4268400000D+00 0.8216000000D-02 0.6500000000D-02 0.3739600000D-01 0.4722900000D+01 0.2689200000D+01 0.6505000000D+00
1 1320170921201710152458017.4-0.1400000000D-02 0.8000000000D-04 0.5680600000D+01 0.2627600000D+00 0.5028000000D-02 0.3600000000D-02 0.1722754000D+01 0.1001000000D+00 0.4326300000D+01 0.2823500000D+01 0.1270000000D-01 0.4600000000D-03 0.9300400000D+01 0.4351000000D+00 0.8406000000D-02 0.6600000000D-02 0.6195259000D+01 0.4589200000D+01 0.2545100000D+01 0.4023000000D+00
1 1420171015201711082458041.4-0.2000000000D-02 0.1100000000D-03 0.5606300000D+01 0.2593200000D+00 0.4944000000D-02 0.3100000000D-02 0.1604972000D+01 0.6252700000D+01 0.4192100000D+01 0.2633100000D+01 0.1290000000D-01 0.4500000000D-03 0.9353300000D+01 0.4398800000D+00 0.8513000000D-02 0.7400000000D-02 0.6065056000D+01 0.4448600000D+01 0.2393500000D+01 0.2601000000D+00
1 1520171108201712022458065.4-0.2600000000D-02 0.1300000000D-03 0.5474800000D+01 0.2542000000D+00 0.4836000000D-02 0.2400000000D-02 0.1483848000D+01 0.6123200000D+01 0.4061400000D+01 0.2298000000D+01 0.1350000000D-01 0.3900000000D-03 0.9319600000D+01 0.4399400000D+00 0.8513000000D-02 0.7100000000D-02 0.5930047000D+01 0.4303600000D+01 0.2239800000D+01 0.6272500000D+01
1 1620171202201712262458089.4-0.2800000000D-02 0.1300000000D-03 0.5318000000D+01 0.2486800000D+00 0.4740000000D-02 0.1900000000D-02 0.1356356000D+01 0.5994700000D+01 0.3934600000D+01 0.2058600000D+01 0.1370000000D-01 0.3400000000D-03 0.9208800000D+01 0.4354400000D+00 0.8404000000D-02 0.6600000000D-02 0.5791373000D+01 0.4157100000D+01 0.2087400000D+01 0.6123900000D+01
1 1720171226201801192458113.4-0.3000000000D-02 0.1300000000D-03 0.5173700000D+01 0.2440400000D+00 0.4671000000D-02 0.1700000000D-02 0.1220672000D+01 0.5864400000D+01 0.3808400000D+01 0.1378200000D+01 0.1460000000D-01 0.2500000000D-03 0.9043800000D+01 0.4273900000D+00 0.8224000000D-02 0.6200000000D-02 0.5650911000D+01 0.4013200000D+01 0.1942200000D+01 0.5884900000D+01
2 1820161231201704202457753.4 0.5800000000D-02 0.2000000000D-04 0.7598400000D+01 0.7110000000D-02 0.7200000000D-04 0.2900000000D-02-0.5326045000D+01-0.1648900000D+01-0.5544000000D+01-0.3130300000D+01-0.3900000000D-02-0.1000000000D-04 0.1310530000D+02 0.1399000000D-01 0.6900000000D-04 0.2500000000D-02-0.9022900000D+00-0.3786600000D+01-0.4890000000D+00-0.4080500000D+01
2 1920170420201708082457863.4 0.8100000000D-02 0.4000000000D-04 0.7777200000D+01 0.1267000000D-01 0.3400000000D-04 0.3300000000D-02-0.1346424000D+01-0.1825700000D+01-0.5861000000D+01-0.1089000000D+00-0.3000000000D-03-0.3000000000D-04 0.1237730000D+02 0.4620000000D-02 0.4500000000D-04 0.1300000000D-02-0.3137816000D+01-0.2397400000D+01-0.3109100000D+01-0.3495200000D+01
2 2020170808201711262457973.4 0.9500000000D-02 0.3000000000D-04 0.8912700000D+01 0.7300000000D-02 0.8600000000D-04 0.5000000000D-02-0.3604340000D+01-0.3059300000D+01-0.4033000000D+00-0.5249900000D+01-0.7500000000D-02 0.5000000000D-04 0.1326400000D+02 0.1380000000D-01 0.1030000000D-03 0.6400000000D-02-0.5341436000D+01-0.5164100000D+01-0.1877300000D+01-0.1395100000D+01
2 2120171126201803162458083.4 0.1030000000D-01 0.0000000000D+00 0.8608300000D+01 0.1194000000D-01 0.7600000000D-04 0.2900000000D-02-0.5795057000D+01-0.2678800000D+01-0.6253300000D+01-0.4357100000D+01-0.2000000000D-02-0.5000000000D-04 0.1359510000D+02 0.1295000000D-01 0.2800000000D-04 0.1000000000D-02-0.1297183000D+01-0.4040600000D+01-0.4083000000D+00-0.5146200000D+01
3 2220161231201704102457753.4-0.2730000000D-01-0.1000000000D-04 0.1057360000D+02 0.9480000000D-02 0.1060000000D-03 0.2180000000D-01 0.6988250000D+00 0.4230600000D+01 0.4107000000D+00-0.1356700000D+01-0.6630000000D-01-0.1100000000D-03 0.1824490000D+02 0.1864000000D-01 0.8900000000D-04 0.3170000000D-01 0.5118886000D+01 0.2141000000D+01 0.5492300000D+01-0.3057700000D+01
3 2320170410201707192457853.4-0.2380000000D-01-0.2000000000D-03 0.1070270000D+02 0.1630000000D-01 0.4000000000D-04 0.2420000000D-01 0.1462346000D+01 0.8765000000D+00 0.2738000000D+01-0.6195400000D+01-0.6540000000D-01-0.1100000000D-03 0.1723780000D+02 0.3330000000D-02 0.8200000000D-04 0.3410000000D-01 0.5942672000D+01 0.7616000000D+00 0.5979300000D+01-0.1364300000D+01
3 2420170719201710272457953.4-0.3710000000D-01 0.0000000000D+00 0.1215440000D+02 0.1463000000D-01 0.1330000000D-03 0.2480000000D-01 0.2242704000D+01 0.2303600000D+01 0.5193800000D+01-0.4403500000D+01-0.7430000000D-01-0.5000000000D-04 0.1815940000D+02 0.2018000000D-01 0.1070000000D-03 0.3830000000D-01 0.5002650000D+00 0.6308000000D+00 0.3953900000D+01-0.6187500000D+01
3 2520171027201802042458053.4-0.2740000000D-01 0.0000000000D+00 0.1235020000D+02 0.1646000000D-01 0.7200000000D-04 0.2320000000D-01 0.3092904000D+01 0.5910100000D+01 0.2203600000D+01-0.2612500000D+01-0.9350000000D-01 0.3100000000D-03 0.1916160000D+02 0.9170000000D-02 0.5700000000D-04 0.4340000000D-01 0.1320037000D+01 0.5014500000D+01 0.4255000000D+01-0.4394900000D+01
4 2620161231201703162457753.4 0.2580000000D-01-0.5500000000D-03 0.1738790000D+02 0.1479000000D-01 0.1830000000D-03 0.1600000000D-01 0.1399513000D+01 0.4714600000D+01 0.1033100000D+01 0.2998900000D+01 0.6610000000D-01-0.1900000000D-03 0.2994360000D+02 0.2974000000D-01 0.1370000000D-03 0.1910000000D-01 0.5823549000D+01 0.2746100000D+01 0.6257500000D+01 0.6242000000D+00
4 2720170316201705302457828.4-0.2470000000D-01 0.5900000000D-03 0.1725410000D+02 0.1828000000D-01 0.9400000000D-04 0.1670000000D-01 0.5230026000D+01 0.4469300000D+01 0.5464200000D+01 0.4328800000D+01 0.9180000000D-01 0.1500000000D-03 0.2844480000D+02 0.1231000000D-01 0.1890000000D-03 0.4140000000D-01 0.3408182000D+01 0.5966300000D+01 0.3404600000D+01 0.2190600000D+01
4 2820170530201708132457903.4 0.3090000000D-01-0.6700000000D-03 0.1876160000D+02 0.2952000000D-01 0.1120000000D-03 0.6400000000D-02 0.2765400000D+01 0.2453000000D+01 0.5058700000D+01 0.4938100000D+01 0.6100000000D-01-0.3000000000D-04 0.2872920000D+02 0.2080000000D-01 0.6600000000D-04 0.2650000000D-01 0.1003718000D+01 0.1352400000D+01 0.4277000000D+00 0.4086500000D+01
4 2920170813201710272457978.4-0.2650000000D-01 0.7500000000D-03 0.2044250000D+02 0.1459000000D-01 0.2200000000D-03 0.2750000000D-01 0.3328080000D+00 0.7147000000D+00 0.3325300000D+01 0.3777000000D+00 0.1118000000D+00-0.1100000000D-03 0.3047080000D+02 0.2790000000D-01 0.2140000000D-03 0.3110000000D-01 0.4876288000D+01 0.4956400000D+01 0.1951900000D+01 0.5369000000D+01
4 3020171027201801102458053.4 0.2870000000D-01-0.7000000000D-03 0.2028050000D+02 0.2446000000D-01 0.8000000000D-04 0.1860000000D-01 0.4222698000D+01 0.6712000000D+00 0.3000900000D+01 0.2205900000D+01 0.5990000000D-01 0.4000000000D-04 0.3140520000D+02 0.1084000000D-01 0.1390000000D-03 0.1750000000D-01 0.2452098000D+01 0.6056200000D+01 0.5408200000D+01 0.6267100000D+01
5 3120161231201703162457753.4 0.2600000000D-02 0.8800000000D-03 0.2316870000D+02 0.1962000000D-01 0.2520000000D-03 0.1770000000D-01 0.2695978000D+01 0.5955200000D+01 0.2282900000D+01 0.5978500000D+01 0.3470000000D-01 0.4300000000D-03 0.4001950000D+02 0.3762000000D-01 0.1610000000D-03 0.2650000000D-01 0.8388200000D+00 0.4032500000D+01 0.1323500000D+01 0.4254400000D+01
5 3220170316201705302457828.4 0.9020000000D-01-0.9700000000D-03 0.2298960000D+02 0.2451000000D-01 0.1230000000D-03 0.1600000000D-01 0.6251406000D+01 0.5500300000D+01 0.9510000000D-01 0.1377100000D+01-0.4000000000D-02-0.2200000000D-03 0.3801490000D+02 0.1296000000D-01 0.2340000000D-03 0.2160000000D-01 0.4432542000D+01 0.8315000000D+00 0.4515800000D+01 0.5939600000D+01
5 3320170530201708132457903.4 0.7000000000D-03 0.1280000000D-02 0.2499540000D+02 0.4054000000D-01 0.1450000000D-03 0.2020000000D-01 0.3509069000D+01 0.3202300000D+01 0.5924500000D+01 0.1588000000D+01 0.4880000000D-01 0.2000000000D-03 0.3842050000D+02 0.2709000000D-01 0.7600000000D-04 0.3120000000D-01 0.1749919000D+01 0.1961400000D+01 0.1423200000D+01 0.5965600000D+01
5 3420170813201710272457978.4 0.1010000000D+00-0.1130000000D-02 0.2725040000D+02 0.1955000000D-01 0.3070000000D-03 0.1630000000D-01 0.7985140000D+00 0.1033600000D+01 0.3752900000D+01 0.3186900000D+01-0.1450000000D-01 0.3000000000D-04 0.4075330000D+02 0.3684000000D-01 0.2710000000D-03 0.2670000000D-01 0.5343772000D+01 0.5292600000D+01 0.2295200000D+01 0.1407200000D+01
5 3520171027201801102458053.4 0.1440000000D-01 0.1000000000D-02 0.2703650000D+02 0.3250000000D-01 0.1080000000D-03 0.1980000000D-01 0.4409135000D+01 0.8600000000D+00 0.3160100000D+01 0.3296400000D+01 0.7580000000D-01-0.4900000000D-03 0.4201670000D+02 0.1520000000D-01 0.1820000000D-03 0.3020000000D-01 0.2640657000D+01 0.1940000000D-01 0.5565700000D+01 0.1537300000D+01
