 7 5    2   18   22   26   31  4.4880  2.4930  1.5162  0.7217  0.4667 24.0 110.0 100.0 75.0 75.0   35 2455561.5000 2011                                                                                                                                                                                                                                                          
1  220101231201101242455561.4 0.6500000000D-02 0.1000000000D-04 0.3337900000D+01 0.1603200000D+00 0.3130000000D-02 0.1300000000D-02 0.4966926000D+01 0.3345900000D+01 0.1299900000D+01 0.4792800000D+01-0.1270000000D-01-0.1900000000D-03 0.8443800000D+01 0.3963100000D+00 0.7557000000D-02 0.5100000000D-02 0.2476704000D+01 0.8384000000D+00 0.5054900000D+01 0.2255600000D+01
1  320110124201102172455585.4 0.6400000000D-02 0.1000000000D-04 0.3337500000D+01 0.1624900000D+00 0.3204000000D-02 0.9000000000D-03 0.4808281000D+01 0.3199900000D+01 0.1155400000D+01 0.4309900000D+01-0.1210000000D-01-0.1800000000D-03 0.8287300000D+01 0.3869800000D+00 0.7350000000D-02 0.4200000000D-02 0.2342643000D+01 0.7095000000D+00 0.4932400000D+01 0.1960800000D+01
1  420110217201103132455609.4 0.6700000000D-02 0.1000000000D-04 0.3381800000D+01 0.1656300000D+00 0.3283000000D-02 0.1000000000D-02 0.4641072000D+01 0.3045000000D+01 0.1003600000D+01 0.3631300000D+01-0.1220000000D-01-0.1500000000D-03 0.8174000000D+01 0.3797800000D+00 0.7199000000D-02 0.3900000000D-02 0.2213518000D+01 0.5885000000D+00 0.4819700000D+01 0.1650200000D+01
1  520110313201104062455633.4 0.6900000000D-02 0.0000000000D+00 0.3467000000D+01 0.1696700000D+00 0.3365000000D-02 0.1300000000D-02 0.4472463000D+01 0.2887000000D+01 0.8485000000D+00 0.3128500000D+01-0.1200000000D-01-0.1400000000D-03 0.8119400000D+01 0.3758600000D+00 0.7117000000D-02 0.3900000000D-02 0.2089651000D+01 0.4734000000D+00 0.4712400000D+01 0.1181200000D+01
1  620110406201104302455657.4 0.7300000000D-02 0.0000000000D+00 0.3585100000D+01 0.1742500000D+00 0.3448000000D-02 0.1600000000D-02 0.4308068000D+01 0.2730300000D+01 0.6949000000D+00 0.2717500000D+01-0.1200000000D-01-0.1200000000D-03 0.8126800000D+01 0.3753500000D+00 0.7118000000D-02 0.3400000000D-02 0.1969956000D+01 0.3629000000D+00 0.4608900000D+01 0.8524000000D+00
1  720110430201105242455681.4 0.7800000000D-02-0.1000000000D-04 0.3723800000D+01 0.1790800000D+00 0.3523000000D-02 0.1900000000D-02 0.4152260000D+01 0.2577900000D+01 0.5436000000D+00 0.2535100000D+01-0.1220000000D-01-0.1000000000D-03 0.8193700000D+01 0.3784600000D+00 0.7194000000D-02 0.3800000000D-02 0.1853483000D+01 0.2541000000D+00 0.4504700000D+01 0.5504000000D+00
1  820110524201106172455705.4 0.8300000000D-02-0.3000000000D-04 0.3868400000D+01 0.1836000000D+00 0.3586000000D-02 0.2300000000D-02 0.4007435000D+01 0.2431900000D+01 0.3973000000D+00 0.2276100000D+01-0.1240000000D-01-0.9000000000D-04 0.8311900000D+01 0.3845400000D+00 0.7342000000D-02 0.3800000000D-02 0.1738303000D+01 0.1447000000D+00 0.4397600000D+01 0.1505000000D+00
1  920110617201107112455729.4 0.9000000000D-02-0.6000000000D-04 0.4000800000D+01 0.1872600000D+00 0.3625000000D-02 0.2400000000D-02 0.3874344000D+01 0.2292700000D+01 0.2547000000D+00 0.2048800000D+01-0.1270000000D-01-0.5000000000D-04 0.8464600000D+01 0.3932100000D+00 0.7546000000D-02 0.3600000000D-02 0.1622741000D+01 0.3180000000D-01 0.4283200000D+01 0.6063800000D+01
1 1020110711201108042455753.4 0.9600000000D-02-0.9000000000D-04 0.4102000000D+01 0.1894000000D+00 0.3630000000D-02 0.2600000000D-02 0.3752923000D+01 0.2160500000D+01 0.1177000000D+00 0.1933100000D+01-0.1330000000D-01-0.2000000000D-04 0.8631900000D+01 0.4029400000D+00 0.7776000000D-02 0.4200000000D-02 0.1504640000D+01 0.6196000000D+01 0.4160500000D+01 0.5754000000D+01
1 1120110804201108282455777.4 0.1020000000D-01-0.1300000000D-03 0.4155200000D+01 0.1896000000D+00 0.3600000000D-02 0.2800000000D-02 0.3641682000D+01 0.2035300000D+01 0.6269800000D+01 0.1649200000D+01-0.1390000000D-01 0.3000000000D-04 0.8784900000D+01 0.4126100000D+00 0.8000000000D-02 0.4700000000D-02 0.1382515000D+01 0.6069200000D+01 0.4026300000D+01 0.5289400000D+01
1 1220110828201109212455801.4 0.1060000000D-01-0.1600000000D-03 0.4150700000D+01 0.1878000000D+00 0.3535000000D-02 0.2600000000D-02 0.3538188000D+01 0.1916800000D+01 0.6146900000D+01 0.1511500000D+01-0.1470000000D-01 0.1000000000D-03 0.8896000000D+01 0.4200200000D+00 0.8168000000D-02 0.5400000000D-02 0.1254834000D+01 0.5933600000D+01 0.3882800000D+01 0.5029400000D+01
1 1320110921201110152455825.4 0.1070000000D-01-0.1800000000D-03 0.4090300000D+01 0.1846000000D+00 0.3458000000D-02 0.2900000000D-02 0.3438596000D+01 0.1804700000D+01 0.6032700000D+01 0.1309900000D+01-0.1550000000D-01 0.1700000000D-03 0.8940200000D+01 0.4238000000D+00 0.8240000000D-02 0.6400000000D-02 0.1121609000D+01 0.5790200000D+01 0.3730800000D+01 0.4811700000D+01
1 1420111015201111082455849.4 0.1070000000D-01-0.2000000000D-03 0.3991000000D+01 0.1809100000D+00 0.3389000000D-02 0.2700000000D-02 0.3337313000D+01 0.1695800000D+01 0.5924800000D+01 0.1046600000D+01-0.1600000000D-01 0.2400000000D-03 0.8905700000D+01 0.4226800000D+00 0.8196000000D-02 0.7100000000D-02 0.9833940000D+00 0.5642200000D+01 0.3576600000D+01 0.4546700000D+01
1 1520111108201112022455873.4 0.1050000000D-01-0.2000000000D-03 0.3877100000D+01 0.1779000000D+00 0.3353000000D-02 0.2500000000D-02 0.3228379000D+01 0.1585700000D+01 0.5816500000D+01 0.8964000000D+00-0.1640000000D-01 0.2900000000D-03 0.8799400000D+01 0.4170400000D+00 0.8041000000D-02 0.7100000000D-02 0.8422560000D+00 0.5492700000D+01 0.3423800000D+01 0.4431800000D+01
1 1620111202201112262455897.4 0.1020000000D-01-0.2000000000D-03 0.3775700000D+01 0.1761300000D+00 0.3351000000D-02 0.2500000000D-02 0.3106422000D+01 0.1467900000D+01 0.5700600000D+01 0.5963000000D+00-0.1620000000D-01 0.3200000000D-03 0.8642700000D+01 0.4079600000D+00 0.7813000000D-02 0.7300000000D-02 0.7005760000D+00 0.5346500000D+01 0.3278300000D+01 0.4199900000D+01
1 1720111226201201192455921.4 0.1000000000D-01-0.2000000000D-03 0.3705700000D+01 0.1759000000D+00 0.3382000000D-02 0.2000000000D-02 0.2969185000D+01 0.1338900000D+01 0.5572500000D+01 0.2783000000D+00-0.1590000000D-01 0.3400000000D-03 0.8468100000D+01 0.3974200000D+00 0.7556000000D-02 0.6500000000D-02 0.5607870000D+00 0.5205900000D+01 0.3142200000D+01 0.4030200000D+01
2 1820101231201104202455561.4 0.6900000000D-02-0.3000000000D-04 0.4010300000D+01 0.6840000000D-02 0.4100000000D-04 0.1600000000D-02-0.2931438000D+01-0.4566700000D+01-0.3428500000D+01-0.3067000000D+01-0.1490000000D-01 0.0000000000D+00 0.1252890000D+02 0.1188000000D-01 0.8000000000D-04 0.7300000000D-02-0.5517167000D+01-0.2294400000D+01-0.5106100000D+01-0.4612000000D+00
2 1920110420201108082455671.4 0.3100000000D-02 0.3000000000D-04 0.4474600000D+01 0.1331000000D-01 0.6700000000D-04 0.4700000000D-02-0.5376621000D+01-0.6048200000D+01-0.3206500000D+01-0.2689100000D+01-0.1780000000D-01 0.6000000000D-04 0.1210210000D+02 0.9610000000D-02 0.3200000000D-04 0.9000000000D-02-0.1442010000D+01-0.7050000000D+00-0.2298000000D+01-0.4805800000D+01
2 2020110808201111262455781.4 0.2200000000D-02 0.1000000000D-04 0.5182400000D+01 0.7490000000D-02 0.3500000000D-04 0.5800000000D-02-0.1377513000D+01-0.5730100000D+01-0.3901500000D+01-0.2019700000D+01-0.1790000000D-01 0.1000000000D-04 0.1311760000D+02 0.9160000000D-02 0.9800000000D-04 0.9400000000D-02-0.3639515000D+01-0.3858600000D+01-0.2946000000D+00-0.2878400000D+01
2 2120111126201203152455891.4 0.5100000000D-02-0.1000000000D-04 0.4614700000D+01 0.5400000000D-02 0.7200000000D-04 0.1300000000D-02-0.3494710000D+01-0.2411000000D+00-0.4219100000D+01-0.3658400000D+01-0.1200000000D-01-0.2000000000D-04 0.1298730000D+02 0.1429000000D-01 0.6100000000D-04 0.8000000000D-02-0.5903103000D+01-0.2426100000D+01-0.5202000000D+01-0.7166000000D+00
3 2220101231201104102455561.4-0.3600000000D-02-0.9000000000D-04 0.5607400000D+01 0.8700000000D-02 0.6300000000D-04 0.1110000000D-01 0.1683479000D+01 0.1770000000D-01 0.1103700000D+01-0.6081600000D+01-0.2900000000D-01-0.2000000000D-04 0.1743960000D+02 0.1634000000D-01 0.1060000000D-03 0.3480000000D-01 0.5374789000D+01 0.2202400000D+01 0.5691100000D+01-0.2061700000D+01
3 2320110410201107192455661.4-0.1530000000D-01-0.6000000000D-04 0.6152300000D+01 0.1835000000D-01 0.7400000000D-04 0.1250000000D-01 0.2312968000D+01 0.1532600000D+01 0.4320700000D+01-0.4665500000D+01-0.2420000000D-01-0.1600000000D-03 0.1679910000D+02 0.1057000000D-01 0.5800000000D-04 0.3410000000D-01 0.6219702000D+01 0.7767000000D+00 0.5696900000D+01-0.5935000000D+00
3 2420110719201110272455761.4-0.2260000000D-01 0.1700000000D-03 0.7154100000D+01 0.5560000000D-02 0.8500000000D-04 0.1810000000D-01 0.3049017000D+01 0.4027800000D+01 0.5912400000D+01-0.2883400000D+01-0.2810000000D-01-0.1300000000D-03 0.1797390000D+02 0.1719000000D-01 0.1340000000D-03 0.3440000000D-01 0.7875400000D+00 0.7476000000D+00 0.4208800000D+01-0.5177500000D+01
3 2520111027201202042455861.4-0.1030000000D-01-0.4000000000D-04 0.6715200000D+01 0.1325000000D-01 0.1150000000D-03 0.1390000000D-01 0.3971465000D+01 0.2974000000D+00 0.3071100000D+01-0.1026900000D+01-0.3680000000D-01 0.5000000000D-04 0.1842710000D+02 0.1546000000D-01 0.5200000000D-04 0.3840000000D-01 0.1588455000D+01 0.5248300000D+01 0.3265700000D+01-0.3518100000D+01
4 2620101231201103162455561.4-0.1010000000D-01 0.1600000000D-03 0.9213500000D+01 0.1129000000D-01 0.1330000000D-03 0.7600000000D-02 0.3327903000D+01 0.1555400000D+01 0.2637900000D+01 0.4198000000D+00 0.8850000000D-01-0.8100000000D-03 0.2861320000D+02 0.2640000000D-01 0.1580000000D-03 0.3240000000D-01 0.7463260000D+00 0.3710500000D+01 0.1059000000D+01 0.3927200000D+01
4 2720110316201105302455636.4-0.1530000000D-01 0.1000000000D-04 0.9697800000D+01 0.2678000000D-01 0.5700000000D-04 0.9800000000D-02 0.7736520000D+00 0.6135500000D+01 0.2013700000D+01 0.4935000000D+00 0.5950000000D-01 0.7100000000D-03 0.2752300000D+02 0.1281000000D-01 0.1510000000D-03 0.2490000000D-01 0.4630236000D+01 0.6214600000D+01 0.4495900000D+01 0.5092300000D+01
4 2820110530201108132455711.4 0.2700000000D-02-0.3000000000D-04 0.1106880000D+02 0.2233000000D-01 0.1830000000D-03 0.1180000000D-01 0.4519105000D+01 0.4082300000D+01 0.6305000000D+00 0.2436800000D+01 0.8310000000D-01-0.6100000000D-03 0.2834040000D+02 0.2648000000D-01 0.8100000000D-04 0.1570000000D-01 0.2238470000D+01 0.2568200000D+01 0.3349000000D+00 0.5580000000D+00
4 2920110813201110272455786.4-0.1970000000D-01 0.6000000000D-04 0.1184280000D+02 0.1327000000D-01 0.1030000000D-03 0.1390000000D-01 0.2095522000D+01 0.3993500000D+01 0.5141200000D+01 0.3835600000D+01 0.7210000000D-01 0.6500000000D-03 0.3005150000D+02 0.1934000000D-01 0.2300000000D-03 0.3370000000D-01 0.6107177000D+01 0.5888600000D+01 0.3100300000D+01 0.1172200000D+01
4 3020111027201201102455861.4 0.1400000000D-02-0.9000000000D-04 0.1101940000D+02 0.2215000000D-01 0.1860000000D-03 0.8200000000D-02 0.6045338000D+01 0.2280100000D+01 0.5085100000D+01 0.5936400000D+01 0.7580000000D-01-0.4900000000D-03 0.3021450000D+02 0.2048000000D-01 0.9800000000D-04 0.3060000000D-01 0.3669822000D+01 0.9347000000D+00 0.5833600000D+01 0.3294300000D+01
5 3120101231201103162455561.4 0.5100000000D-02-0.2000000000D-04 0.1221290000D+02 0.1540000000D-01 0.1730000000D-03 0.6500000000D-02 0.4445106000D+01 0.2706500000D+01 0.3753300000D+01 0.2595400000D+01-0.2630000000D-01 0.1290000000D-02 0.3828600000D+02 0.3548000000D-01 0.2280000000D-03 0.1690000000D-01 0.1860650000D+01 0.4879400000D+01 0.2241600000D+01 0.6187900000D+01
5 3220110316201105302455636.4 0.2850000000D-01 0.6000000000D-04 0.1286400000D+02 0.3712000000D-01 0.8000000000D-04 0.1050000000D-01 0.1614452000D+01 0.6801000000D+00 0.2952200000D+01 0.4236600000D+01 0.2750000000D-01-0.1210000000D-02 0.3683760000D+02 0.1493000000D-01 0.2220000000D-03 0.3040000000D-01 0.5468633000D+01 0.8636000000D+00 0.5368100000D+01 0.1726600000D+01
5 3320110530201108132455711.4 0.5900000000D-02 0.8000000000D-04 0.1469800000D+02 0.3052000000D-01 0.2530000000D-03 0.6500000000D-02 0.5079778000D+01 0.4587400000D+01 0.1145100000D+01 0.4097800000D+01-0.1670000000D-01 0.1290000000D-02 0.3791170000D+02 0.3422000000D-01 0.9800000000D-04 0.1720000000D-01 0.2797874000D+01 0.3066800000D+01 0.1013900000D+01 0.1998800000D+01
5 3420110813201110272455786.4 0.4210000000D-01-0.2100000000D-03 0.1573050000D+02 0.1654000000D-01 0.1380000000D-03 0.1130000000D-01 0.2377507000D+01 0.4299900000D+01 0.5366900000D+01 0.5749900000D+01 0.1620000000D-01-0.1060000000D-02 0.4021350000D+02 0.2651000000D-01 0.3010000000D-03 0.2830000000D-01 0.1051440000D+00 0.6052700000D+01 0.3348700000D+01 0.3572400000D+01
5 3520111027201201102455861.4-0.1100000000D-02 0.2000000000D-03 0.1463840000D+02 0.2969000000D-01 0.2490000000D-03 0.7000000000D-02 0.6049435000D+01 0.2301200000D+01 0.5108900000D+01 0.6171500000D+01 0.1070000000D-01 0.6400000000D-03 0.4044500000D+02 0.2805000000D-01 0.1200000000D-03 0.2040000000D-01 0.3671865000D+01 0.9050000000D+00 0.5829600000D+01 0.3669900000D+01
