 7 5   2  44  56  71  95 4.4880 2.4930 1.5162 0.7217 0.4667  9.0 31.0 27.0 17.0 22.0 112 2449717.5000 1995                                                                                                                                                                                                                                                                       
1  219941231199501092449717.4-0.1090000000D-01 0.4300000000D-03 0.6728300000D+01 0.2971100000D+00 0.6361000000D-02 0.4400000000D-02 0.3933618000D+01 0.2339500000D+01 0.5566000000D+00 0.4749000000D+00-0.1000000000D-01 0.6000000000D-04 0.8668400000D+01 0.3785000000D+00 0.7981000000D-02 0.4700000000D-02 0.5542388000D+01 0.3963400000D+01 0.2206200000D+01 0.1874700000D+01
1  319950109199501182449726.4-0.1010000000D-01 0.1600000000D-03 0.6673700000D+01 0.2948100000D+00 0.6228000000D-02 0.4000000000D-02 0.6234916000D+01 0.4640600000D+01 0.2852800000D+01 0.4976700000D+01-0.1180000000D-01 0.4300000000D-03 0.8653300000D+01 0.3786500000D+00 0.7918000000D-02 0.5000000000D-02 0.1564375000D+01 0.6269800000D+01 0.4495300000D+01 0.2769000000D+00
1  419950118199501272449735.4-0.6800000000D-02-0.5200000000D-03 0.6625000000D+01 0.2917300000D+00 0.6172000000D-02 0.4900000000D-02 0.2253206000D+01 0.6622000000D+00 0.5168500000D+01 0.3329500000D+01-0.1210000000D-01 0.3600000000D-03 0.8643900000D+01 0.3777700000D+00 0.8064000000D-02 0.4100000000D-02 0.3869762000D+01 0.2299600000D+01 0.5254000000D+00 0.4887100000D+01
1  519950127199502052449744.4-0.7700000000D-02-0.1800000000D-03 0.6583600000D+01 0.2893300000D+00 0.6098000000D-02 0.4000000000D-02 0.4555357000D+01 0.2966500000D+01 0.1193300000D+01 0.1548300000D+01-0.8800000000D-02-0.3300000000D-03 0.8649600000D+01 0.3763900000D+00 0.7870000000D-02 0.5000000000D-02 0.6175782000D+01 0.4604500000D+01 0.2847400000D+01 0.3277200000D+01
1  619950205199502142449753.4-0.9800000000D-02 0.2500000000D-03 0.6547600000D+01 0.2885000000D+00 0.6159000000D-02 0.4300000000D-02 0.5752470000D+00 0.5275700000D+01 0.3485800000D+01 0.6138100000D+01-0.7200000000D-02-0.5100000000D-03 0.8663000000D+01 0.3769100000D+00 0.7843000000D-02 0.4900000000D-02 0.2199576000D+01 0.6304000000D+00 0.5153000000D+01 0.1623200000D+01
1  719950214199502232449762.4-0.1010000000D-01 0.2200000000D-03 0.6522700000D+01 0.2854900000D+00 0.6039000000D-02 0.3800000000D-02 0.2878399000D+01 0.1297900000D+01 0.5816700000D+01 0.4387900000D+01-0.1120000000D-01 0.4300000000D-03 0.8683700000D+01 0.3764800000D+00 0.7905000000D-02 0.5600000000D-02 0.4506806000D+01 0.2942600000D+01 0.1192600000D+01 0.6275900000D+01
1  819950223199503042449771.4-0.8800000000D-02-0.1200000000D-03 0.6507400000D+01 0.2849500000D+00 0.5945000000D-02 0.3600000000D-02 0.5182916000D+01 0.3603200000D+01 0.1828400000D+01 0.2842100000D+01-0.1210000000D-01 0.4800000000D-03 0.8714700000D+01 0.3779900000D+00 0.7921000000D-02 0.5600000000D-02 0.5319110000D+00 0.5252700000D+01 0.3495800000D+01 0.4447100000D+01
1  919950304199503132449780.4-0.6600000000D-02-0.5000000000D-03 0.6497700000D+01 0.2843900000D+00 0.5986000000D-02 0.3200000000D-02 0.1204877000D+01 0.5914800000D+01 0.4136300000D+01 0.1099900000D+01-0.9100000000D-02-0.2500000000D-03 0.8752200000D+01 0.3779800000D+00 0.8009000000D-02 0.6200000000D-02 0.2840331000D+01 0.1283000000D+01 0.5826600000D+01 0.2852400000D+01
1 1019950313199503222449789.4-0.8800000000D-02 0.4000000000D-04 0.6500600000D+01 0.2829200000D+00 0.5886000000D-02 0.3600000000D-02 0.3510602000D+01 0.1938800000D+01 0.1798000000D+00 0.5820500000D+01-0.7600000000D-02-0.4300000000D-03 0.8800200000D+01 0.3798400000D+00 0.7973000000D-02 0.5600000000D-02 0.5149629000D+01 0.3592500000D+01 0.1848900000D+01 0.1048500000D+01
1 1119950322199503312449798.4-0.1120000000D-01 0.4600000000D-03 0.6511100000D+01 0.2826000000D+00 0.5916000000D-02 0.3900000000D-02 0.5817458000D+01 0.4250800000D+01 0.2500800000D+01 0.4180300000D+01-0.8300000000D-02-0.1200000000D-03 0.8852800000D+01 0.3837300000D+00 0.8052000000D-02 0.5400000000D-02 0.1176676000D+01 0.5904200000D+01 0.4138700000D+01 0.5670200000D+01
1 1219950331199504092449807.4-0.9200000000D-02-0.8000000000D-04 0.6530500000D+01 0.2827600000D+00 0.5907000000D-02 0.3900000000D-02 0.1841874000D+01 0.2794000000D+00 0.4816000000D+01 0.2548700000D+01-0.1170000000D-01 0.5300000000D-03 0.8911700000D+01 0.3840000000D+00 0.8066000000D-02 0.5300000000D-02 0.3486458000D+01 0.1933000000D+01 0.1927000000D+00 0.3975400000D+01
1 1319950409199504182449816.4-0.7700000000D-02-0.3600000000D-03 0.6559900000D+01 0.2841700000D+00 0.5940000000D-02 0.4500000000D-02 0.4150699000D+01 0.2591200000D+01 0.8333000000D+00 0.7667000000D+00-0.1130000000D-01 0.2700000000D-03 0.8977200000D+01 0.3867800000D+00 0.8097000000D-02 0.4800000000D-02 0.5797042000D+01 0.4243300000D+01 0.2499600000D+01 0.2415700000D+01
1 1419950418199504272449825.4-0.8200000000D-02-0.1600000000D-03 0.6595400000D+01 0.2845100000D+00 0.6041000000D-02 0.4400000000D-02 0.1767220000D+00 0.4907400000D+01 0.3165800000D+01 0.5405500000D+01-0.6600000000D-02-0.6900000000D-03 0.9044100000D+01 0.3895900000D+00 0.8111000000D-02 0.4700000000D-02 0.1824711000D+01 0.2709000000D+00 0.4812600000D+01 0.7293000000D+00
1 1519950427199505062449834.4-0.1040000000D-01 0.2500000000D-03 0.6641800000D+01 0.2863000000D+00 0.5983000000D-02 0.4400000000D-02 0.2486961000D+01 0.9343000000D+00 0.5470800000D+01 0.3663000000D+01-0.7400000000D-02-0.2900000000D-03 0.9113400000D+01 0.3918500000D+00 0.8177000000D-02 0.5100000000D-02 0.4135528000D+01 0.2582100000D+01 0.8459000000D+00 0.5385700000D+01
1 1619950506199505152449843.4-0.1170000000D-01 0.3600000000D-03 0.6694800000D+01 0.2887400000D+00 0.5985000000D-02 0.4000000000D-02 0.4798188000D+01 0.3245800000D+01 0.1492800000D+01 0.1917200000D+01-0.1070000000D-01 0.4000000000D-03 0.9180500000D+01 0.3951000000D+00 0.8468000000D-02 0.5700000000D-02 0.1634590000D+00 0.4897500000D+01 0.3158400000D+01 0.3809700000D+01
1 1719950515199505242449852.4-0.8600000000D-02-0.3300000000D-03 0.6751400000D+01 0.2898400000D+00 0.6037000000D-02 0.4000000000D-02 0.8262680000D+00 0.5560300000D+01 0.3825600000D+01 0.3130000000D+00-0.1110000000D-01 0.3300000000D-03 0.9249600000D+01 0.3978600000D+00 0.8378000000D-02 0.5500000000D-02 0.2474431000D+01 0.9214000000D+00 0.5469300000D+01 0.2068900000D+01
1 1819950524199506022449861.4-0.7800000000D-02-0.4200000000D-03 0.6813200000D+01 0.2925300000D+00 0.6148000000D-02 0.3500000000D-02 0.3138322000D+01 0.1591500000D+01 0.6132700000D+01 0.4921300000D+01-0.9100000000D-02-0.1400000000D-03 0.9316100000D+01 0.4018000000D+00 0.8460000000D-02 0.6500000000D-02 0.4785543000D+01 0.3230400000D+01 0.1479100000D+01 0.3755000000D+00
1 1919950602199506112449870.4-0.1090000000D-01 0.2600000000D-03 0.6878500000D+01 0.2942800000D+00 0.6139000000D-02 0.3600000000D-02 0.5450626000D+01 0.3902700000D+01 0.2179200000D+01 0.3331900000D+01-0.5800000000D-02-0.6600000000D-03 0.9373800000D+01 0.4045200000D+00 0.8662000000D-02 0.6200000000D-02 0.8130770000D+00 0.5542500000D+01 0.3792400000D+01 0.4911100000D+01
1 2019950611199506202449879.4-0.1200000000D-01 0.3300000000D-03 0.6943700000D+01 0.2973600000D+00 0.6208000000D-02 0.3900000000D-02 0.1480153000D+01 0.6215300000D+01 0.4483100000D+01 0.1638100000D+01-0.8400000000D-02 0.1000000000D-04 0.9429100000D+01 0.4073500000D+00 0.8573000000D-02 0.6200000000D-02 0.3123537000D+01 0.1564000000D+01 0.6092700000D+01 0.3284400000D+01
1 2119950620199506292449888.4-0.1100000000D-01 0.0000000000D+00 0.7006200000D+01 0.3010000000D+00 0.6452000000D-02 0.4200000000D-02 0.3793041000D+01 0.2248500000D+01 0.5007000000D+00 0.1528000000D+00-0.1220000000D-01 0.7300000000D-03 0.9475500000D+01 0.4087200000D+00 0.8636000000D-02 0.5600000000D-02 0.5433581000D+01 0.3871400000D+01 0.2127500000D+01 0.1435700000D+01
1 2219950629199507082449897.4-0.9000000000D-02-0.3900000000D-03 0.7069400000D+01 0.3029500000D+00 0.6361000000D-02 0.4300000000D-02 0.6105500000D+01 0.4555000000D+01 0.2823400000D+01 0.4572800000D+01-0.9100000000D-02-0.5000000000D-04 0.9510100000D+01 0.4107600000D+00 0.8685000000D-02 0.5500000000D-02 0.1460149000D+01 0.6178500000D+01 0.4431000000D+01 0.6195500000D+01
1 2319950708199507172449906.4-0.9400000000D-02-0.2200000000D-03 0.7126500000D+01 0.3061300000D+00 0.6453000000D-02 0.4800000000D-02 0.2134695000D+01 0.5819000000D+00 0.5121700000D+01 0.2992600000D+01-0.6300000000D-02-0.5500000000D-03 0.9533400000D+01 0.4136500000D+00 0.8836000000D-02 0.4900000000D-02 0.3769603000D+01 0.2203200000D+01 0.4338000000D+00 0.4460700000D+01
1 2419950717199507262449915.4-0.1330000000D-01 0.5300000000D-03 0.7175500000D+01 0.3087900000D+00 0.6567000000D-02 0.4900000000D-02 0.4446591000D+01 0.2892000000D+01 0.1144600000D+01 0.1178600000D+01-0.7100000000D-02-0.1800000000D-03 0.9546600000D+01 0.4125100000D+00 0.8842000000D-02 0.4800000000D-02 0.6078040000D+01 0.4508900000D+01 0.2765200000D+01 0.2932000000D+01
1 2519950726199508042449924.4-0.1270000000D-01 0.2400000000D-03 0.7217300000D+01 0.3112000000D+00 0.6543000000D-02 0.4500000000D-02 0.4747420000D+00 0.5196900000D+01 0.3445800000D+01 0.5876000000D+01-0.9600000000D-02 0.3400000000D-03 0.9548700000D+01 0.4145900000D+00 0.8788000000D-02 0.5400000000D-02 0.2103380000D+01 0.5285000000D+00 0.5048400000D+01 0.1190100000D+01
1 2619950804199508132449933.4-0.9700000000D-02-0.4200000000D-03 0.7246900000D+01 0.3121400000D+00 0.6718000000D-02 0.4500000000D-02 0.2785072000D+01 0.1224100000D+01 0.5767200000D+01 0.3980700000D+01-0.1100000000D-01 0.5500000000D-03 0.9536300000D+01 0.4159600000D+00 0.8893000000D-02 0.5500000000D-02 0.4411239000D+01 0.2834500000D+01 0.1053100000D+01 0.5986800000D+01
1 2719950813199508222449942.4-0.1020000000D-01-0.2200000000D-03 0.7267800000D+01 0.3141600000D+00 0.6675000000D-02 0.4100000000D-02 0.5094967000D+01 0.3526900000D+01 0.1775700000D+01 0.2459800000D+01-0.6800000000D-02-0.3600000000D-03 0.9514700000D+01 0.4137000000D+00 0.8771000000D-02 0.6100000000D-02 0.4348390000D+00 0.5136300000D+01 0.3376500000D+01 0.4098200000D+01
1 2819950822199508312449951.4-0.1190000000D-01 0.1700000000D-03 0.7275100000D+01 0.3165100000D+00 0.6741000000D-02 0.3900000000D-02 0.1120965000D+01 0.5831900000D+01 0.4056100000D+01 0.7191000000D+00-0.4600000000D-02-0.6500000000D-03 0.9479600000D+01 0.4134600000D+00 0.8856000000D-02 0.6200000000D-02 0.2741310000D+01 0.1158400000D+01 0.5671100000D+01 0.2504700000D+01
1 2919950831199509092449960.4-0.1370000000D-01 0.4300000000D-03 0.7270100000D+01 0.3155300000D+00 0.6825000000D-02 0.3500000000D-02 0.3428503000D+01 0.1854800000D+01 0.9920000000D-01 0.5427800000D+01-0.8700000000D-02 0.3800000000D-03 0.9435900000D+01 0.4119100000D+00 0.8767000000D-02 0.6700000000D-02 0.5047040000D+01 0.3460300000D+01 0.1689300000D+01 0.7099000000D+00
1 3019950909199509182449969.4-0.1210000000D-01 0.1000000000D-04 0.7256300000D+01 0.3164900000D+00 0.6732000000D-02 0.4200000000D-02 0.5735708000D+01 0.4153900000D+01 0.2383600000D+01 0.3756900000D+01-0.9800000000D-02 0.5200000000D-03 0.9383200000D+01 0.4107500000D+00 0.8699000000D-02 0.5500000000D-02 0.1069270000D+01 0.5762000000D+01 0.3983200000D+01 0.5333400000D+01
1 3119950918199509272449978.4-0.9100000000D-02-0.5500000000D-03 0.7229000000D+01 0.3162700000D+00 0.6719000000D-02 0.4000000000D-02 0.1758547000D+01 0.1727000000D+00 0.4680000000D+01 0.2191500000D+01-0.7600000000D-02-0.3000000000D-04 0.9318800000D+01 0.4084100000D+00 0.8891000000D-02 0.6000000000D-02 0.3373849000D+01 0.1787400000D+01 0.8400000000D-02 0.3505300000D+01
1 3219950927199510062449987.4-0.1140000000D-01 0.5000000000D-04 0.7191700000D+01 0.3145000000D+00 0.6726000000D-02 0.4700000000D-02 0.4063362000D+01 0.2474700000D+01 0.7077000000D+00 0.4144000000D+00-0.5200000000D-02-0.4200000000D-03 0.9256300000D+01 0.4059800000D+00 0.8602000000D-02 0.5200000000D-02 0.5678016000D+01 0.4084700000D+01 0.2303500000D+01 0.1919700000D+01
1 3319951006199510152449996.4-0.1380000000D-01 0.5200000000D-03 0.7143600000D+01 0.3138200000D+00 0.6808000000D-02 0.4600000000D-02 0.8439000000D-01 0.4778200000D+01 0.2998200000D+01 0.5006300000D+01-0.4900000000D-02-0.2800000000D-03 0.9187100000D+01 0.4041600000D+00 0.8523000000D-02 0.4900000000D-02 0.1698833000D+01 0.1036000000D+00 0.4596200000D+01 0.2404000000D+00
1 3419951015199510242450005.4-0.1240000000D-01 0.8000000000D-04 0.7089500000D+01 0.3113900000D+00 0.6676000000D-02 0.5000000000D-02 0.2387426000D+01 0.7935000000D+00 0.5303000000D+01 0.3311700000D+01-0.9100000000D-02 0.6100000000D-03 0.9113100000D+01 0.4004400000D+00 0.8573000000D-02 0.4600000000D-02 0.4001984000D+01 0.2410000000D+01 0.6276000000D+00 0.4848700000D+01
1 3519951024199511022450014.4-0.1060000000D-01-0.2400000000D-03 0.7029300000D+01 0.3101100000D+00 0.6630000000D-02 0.4300000000D-02 0.4690229000D+01 0.3092600000D+01 0.1303300000D+01 0.1507600000D+01-0.8800000000D-02 0.4100000000D-03 0.9043700000D+01 0.3978100000D+00 0.8415000000D-02 0.5200000000D-02 0.2200300000D-01 0.4710300000D+01 0.2925200000D+01 0.3268800000D+01
1 3619951102199511112450023.4-0.9800000000D-02-0.2600000000D-03 0.6960500000D+01 0.3080600000D+00 0.6701000000D-02 0.4500000000D-02 0.7089740000D+00 0.5396700000D+01 0.3599400000D+01 0.6086900000D+01-0.4200000000D-02-0.5300000000D-03 0.8972800000D+01 0.3937700000D+00 0.8328000000D-02 0.5100000000D-02 0.2324827000D+01 0.7312000000D+00 0.5245600000D+01 0.1611500000D+01
1 3719951111199511202450032.4-0.1210000000D-01 0.2600000000D-03 0.6893100000D+01 0.3047200000D+00 0.6475000000D-02 0.4000000000D-02 0.3010099000D+01 0.1409000000D+01 0.5901100000D+01 0.4411500000D+01-0.4400000000D-02-0.2700000000D-03 0.8905600000D+01 0.3913600000D+00 0.8316000000D-02 0.5600000000D-02 0.4627739000D+01 0.3036000000D+01 0.1256800000D+01 0.6218800000D+01
1 3819951120199511292450041.4-0.1390000000D-01 0.5200000000D-03 0.6822300000D+01 0.3017100000D+00 0.6410000000D-02 0.3400000000D-02 0.5311080000D+01 0.3708800000D+01 0.1921100000D+01 0.2746500000D+01-0.6700000000D-02 0.3000000000D-03 0.8841600000D+01 0.3895100000D+00 0.8367000000D-02 0.6000000000D-02 0.6476810000D+00 0.5342400000D+01 0.3551900000D+01 0.4443800000D+01
1 3919951129199512082450050.4-0.1050000000D-01-0.2200000000D-03 0.6748900000D+01 0.2987500000D+00 0.6371000000D-02 0.3600000000D-02 0.1328453000D+01 0.6010800000D+01 0.4219800000D+01 0.1044600000D+01-0.8100000000D-02 0.4700000000D-03 0.8784500000D+01 0.3854100000D+00 0.8189000000D-02 0.5800000000D-02 0.2950470000D+01 0.1362600000D+01 0.5874700000D+01 0.2808400000D+01
1 4019951208199512172450059.4-0.9200000000D-02-0.3700000000D-03 0.6678100000D+01 0.2958700000D+00 0.6313000000D-02 0.3600000000D-02 0.3628947000D+01 0.2028100000D+01 0.2328000000D+00 0.5790200000D+01-0.6400000000D-02 0.7000000000D-04 0.8736200000D+01 0.3839700000D+00 0.8105000000D-02 0.5700000000D-02 0.5254038000D+01 0.3666400000D+01 0.1881700000D+01 0.9695000000D+00
1 4119951217199512262450068.4-0.1130000000D-01 0.1600000000D-03 0.6608400000D+01 0.2916200000D+00 0.6263000000D-02 0.3900000000D-02 0.5929157000D+01 0.4330900000D+01 0.2559100000D+01 0.4127800000D+01-0.2700000000D-02-0.5900000000D-03 0.8692200000D+01 0.3819700000D+00 0.8062000000D-02 0.5200000000D-02 0.1274633000D+01 0.5973000000D+01 0.4188500000D+01 0.5574100000D+01
1 4219951226199601042450077.4-0.1230000000D-01 0.3300000000D-03 0.6543300000D+01 0.2896800000D+00 0.6159000000D-02 0.3800000000D-02 0.1946641000D+01 0.3481000000D+00 0.4838000000D+01 0.2444600000D+01-0.4700000000D-02 0.1000000000D-04 0.8658000000D+01 0.3791900000D+00 0.7930000000D-02 0.5100000000D-02 0.3578590000D+01 0.1995100000D+01 0.2210000000D+00 0.3914100000D+01
1 4319960104199601132450086.4-0.1190000000D-01 0.1500000000D-03 0.6481500000D+01 0.2873200000D+00 0.6155000000D-02 0.4600000000D-02 0.4247504000D+01 0.2652000000D+01 0.8507000000D+00 0.7269000000D+00-0.8300000000D-02 0.7100000000D-03 0.8631900000D+01 0.3767700000D+00 0.7990000000D-02 0.4200000000D-02 0.5883104000D+01 0.4304700000D+01 0.2542900000D+01 0.2210300000D+01
2 4419941231199501312449717.4 0.2380000000D-01-0.2000000000D-04 0.9980900000D+01 0.1216000000D-01 0.7100000000D-04 0.8200000000D-02 0.8987050000D+00 0.4547900000D+01 0.1258600000D+01 0.3378600000D+01-0.3200000000D-02 0.0000000000D+00 0.1275410000D+02 0.4900000000D-02 0.8700000000D-04 0.1030000000D-01 0.2447218000D+01 0.2520000000D+00 0.2814100000D+01 0.4697900000D+01
2 4519950131199503032449748.4 0.2350000000D-01-0.4000000000D-04 0.9716300000D+01 0.8010000000D-02 0.8300000000D-04 0.8400000000D-02 0.2767058000D+01 0.2376000000D+00 0.3117600000D+01 0.6528000000D+00-0.3300000000D-02 0.0000000000D+00 0.1274370000D+02 0.3200000000D-02 0.7900000000D-04 0.9800000000D-02 0.4324620000D+01 0.3699300000D+01 0.4684600000D+01 0.2358600000D+01
2 4619950303199504032449779.4 0.2280000000D-01 0.0000000000D+00 0.9589300000D+01 0.3080000000D-02 0.8900000000D-04 0.7400000000D-02 0.4639882000D+01 0.2556400000D+01 0.5030900000D+01 0.4459300000D+01-0.2100000000D-02-0.6000000000D-04 0.1289650000D+02 0.7180000000D-02 0.6700000000D-04 0.1130000000D-01 0.6207048000D+01 0.6198400000D+01 0.3702000000D+00 0.6076700000D+01
2 4719950403199505042449810.4 0.2170000000D-01 0.4000000000D-04 0.9621400000D+01 0.3890000000D-02 0.7800000000D-04 0.7800000000D-02 0.2362760000D+00 0.1113000000D+00 0.7263000000D+00 0.2028100000D+01-0.3200000000D-02 0.0000000000D+00 0.1317610000D+02 0.1087000000D-01 0.2600000000D-04 0.1050000000D-01 0.1810584000D+01 0.1951800000D+01 0.2723500000D+01 0.3538000000D+01
2 4819950504199506042449841.4 0.2310000000D-01-0.1000000000D-04 0.9807000000D+01 0.8500000000D-02 0.4500000000D-04 0.7600000000D-02 0.2123061000D+01 0.2350500000D+01 0.2735300000D+01 0.5714400000D+01-0.4900000000D-02 0.4000000000D-04 0.1352240000D+02 0.1212000000D-01 0.4400000000D-04 0.1060000000D-01 0.3700166000D+01 0.3915800000D+01 0.5857000000D+00 0.1007900000D+01
2 4919950604199507052449872.4 0.2420000000D-01-0.1000000000D-04 0.1009800000D+02 0.1102000000D-01 0.2100000000D-04 0.8600000000D-02 0.4016095000D+01 0.4343600000D+01 0.6093000000D+00 0.3230800000D+01-0.3600000000D-02-0.7000000000D-04 0.1384560000D+02 0.9630000000D-02 0.9300000000D-04 0.1030000000D-01 0.5590596000D+01 0.5868300000D+01 0.2649700000D+01 0.4721200000D+01
2 5019950705199508052449903.4 0.2410000000D-01 0.2000000000D-04 0.1039950000D+02 0.9840000000D-02 0.9000000000D-04 0.8100000000D-02 0.5911950000D+01 0.1360000000D-01 0.2972400000D+01 0.5577000000D+00-0.3700000000D-02-0.6000000000D-04 0.1404460000D+02 0.3680000000D-02 0.1090000000D-03 0.1150000000D-01 0.1196873000D+01 0.1579700000D+01 0.4527200000D+01 0.2365100000D+01
2 5119950805199509052449934.4 0.2450000000D-01 0.0000000000D+00 0.1059700000D+02 0.4640000000D-02 0.1240000000D-03 0.7900000000D-02 0.1522498000D+01 0.2112600000D+01 0.5058500000D+01 0.4585300000D+01-0.4400000000D-02-0.4000000000D-04 0.1404880000D+02 0.3810000000D-02 0.9100000000D-04 0.1160000000D-01 0.3083198000D+01 0.6218700000D+01 0.3437000000D+00 0.5883700000D+01
2 5219950905199510062449965.4 0.2400000000D-01 0.2000000000D-04 0.1060760000D+02 0.3300000000D-02 0.1020000000D-03 0.9000000000D-02 0.3410631000D+01 0.3763000000D+00 0.6832000000D+00 0.1852500000D+01-0.4000000000D-02-0.6000000000D-04 0.1385170000D+02 0.9610000000D-02 0.4800000000D-04 0.9900000000D-02 0.4965705000D+01 0.2063600000D+01 0.2271000000D+01 0.3501400000D+01
2 5319951006199511062449996.4 0.2240000000D-01 0.5000000000D-04 0.1041720000D+02 0.9740000000D-02 0.5800000000D-04 0.8000000000D-02 0.5290564000D+01 0.2471200000D+01 0.2671700000D+01 0.5660000000D+01-0.5400000000D-02 0.3000000000D-04 0.1352230000D+02 0.1240000000D-01 0.1500000000D-04 0.1070000000D-01 0.5605160000D+00 0.4017200000D+01 0.5790400000D+01 0.8932000000D+00
2 5419951106199512072450027.4 0.2260000000D-01-0.2000000000D-04 0.1008420000D+02 0.1324000000D-01 0.1700000000D-04 0.8300000000D-02 0.8799240000D+00 0.4412000000D+01 0.4955600000D+01 0.3019100000D+01-0.6600000000D-02 0.5000000000D-04 0.1316680000D+02 0.1205000000D-01 0.5600000000D-04 0.1040000000D-01 0.2435197000D+01 0.5965200000D+01 0.2445500000D+01 0.4692600000D+01
2 5519951207199601072450058.4 0.2200000000D-01-0.1000000000D-04 0.9697600000D+01 0.1394000000D-01 0.2900000000D-04 0.7300000000D-02 0.2747403000D+01 0.5660000000D-01 0.3068500000D+01 0.6373000000D+00-0.5500000000D-02 0.0000000000D+00 0.1287710000D+02 0.9080000000D-02 0.9100000000D-04 0.1140000000D-01 0.4309139000D+01 0.1692600000D+01 0.4591600000D+01 0.2085200000D+01
3 5619941231199501272449717.4 0.6950000000D-01-0.6100000000D-03 0.1389840000D+02 0.1680000000D-01 0.9900000000D-04 0.2850000000D-01 0.2540302000D+01 0.6153100000D+01 0.2719200000D+01 0.1104000000D+01 0.7340000000D-01 0.4000000000D-03 0.1776790000D+02 0.5650000000D-02 0.1090000000D-03 0.3580000000D-01 0.4090244000D+01 0.1767300000D+01 0.4034600000D+01 0.2665400000D+01
3 5719950127199502232449744.4 0.4670000000D-01-0.2000000000D-04 0.1356720000D+02 0.1262000000D-01 0.1230000000D-03 0.2410000000D-01 0.5764475000D+01 0.3258900000D+01 0.6112600000D+01 0.1335600000D+01 0.8210000000D-01-0.9600000000D-03 0.1774290000D+02 0.4080000000D-02 0.1090000000D-03 0.3140000000D-01 0.1038943000D+01 0.1418000000D+00 0.1141400000D+01 0.2880900000D+01
3 5819950223199503222449771.4 0.4890000000D-01 0.6100000000D-03 0.1337720000D+02 0.7300000000D-02 0.1290000000D-03 0.2430000000D-01 0.2706789000D+01 0.5724000000D+00 0.3251600000D+01 0.1385500000D+01 0.5530000000D-01 0.2500000000D-03 0.1788880000D+02 0.9040000000D-02 0.1140000000D-03 0.3340000000D-01 0.4273258000D+01 0.3963900000D+01 0.4884000000D+01 0.2892700000D+01
3 5919950322199504182449798.4 0.6770000000D-01-0.4900000000D-03 0.1335160000D+02 0.3850000000D-02 0.1120000000D-03 0.2800000000D-01 0.5936061000D+01 0.5120300000D+01 0.2040000000D-01 0.1632700000D+01 0.6990000000D-01 0.6900000000D-03 0.1818750000D+02 0.1325000000D-01 0.6700000000D-04 0.3820000000D-01 0.1226715000D+01 0.1200900000D+01 0.1840400000D+01 0.3204800000D+01
3 6019950418199505152449825.4 0.5130000000D-01-0.3000000000D-03 0.1349680000D+02 0.8970000000D-02 0.7600000000D-04 0.2530000000D-01 0.2887765000D+01 0.2860300000D+01 0.3408200000D+01 0.1904900000D+01 0.8870000000D-01-0.8300000000D-03 0.1858560000D+02 0.1571000000D-01 0.6000000000D-05 0.3510000000D-01 0.4465786000D+01 0.4560300000D+01 0.4274300000D+01 0.3489600000D+01
3 6119950515199506112449852.4 0.4740000000D-01 0.6900000000D-03 0.1378780000D+02 0.1331000000D-01 0.3400000000D-04 0.2530000000D-01 0.6127429000D+01 0.5040000000D-01 0.4022000000D+00 0.1975100000D+01 0.6090000000D-01 0.3000000000D-04 0.1901110000D+02 0.1569000000D-01 0.8300000000D-04 0.3430000000D-01 0.1422885000D+01 0.1552000000D+01 0.4714800000D+01 0.3486500000D+01
3 6219950611199507082449879.4 0.7050000000D-01-0.1600000000D-03 0.1416200000D+02 0.1460000000D-01 0.2900000000D-04 0.2950000000D-01 0.3088766000D+01 0.3384100000D+01 0.5739200000D+01 0.2185600000D+01 0.6420000000D-01 0.1060000000D-02 0.1936950000D+02 0.1196000000D-01 0.1520000000D-03 0.4090000000D-01 0.4663708000D+01 0.4846500000D+01 0.1596100000D+01 0.3743500000D+01
3 6319950708199508042449906.4 0.6080000000D-01-0.4400000000D-03 0.1451850000D+02 0.1231000000D-01 0.1020000000D-03 0.2750000000D-01 0.5245800000D-01 0.4302000000D+00 0.3292200000D+01 0.2483900000D+01 0.9150000000D-01-0.5900000000D-03 0.1957670000D+02 0.4700000000D-02 0.1730000000D-03 0.3840000000D-01 0.1621596000D+01 0.1836800000D+01 0.4802500000D+01 0.4051000000D+01
3 6419950804199508312449933.4 0.4760000000D-01 0.7700000000D-03 0.1475090000D+02 0.6430000000D-02 0.1590000000D-03 0.2570000000D-01 0.3298438000D+01 0.3818900000D+01 0.3729000000D+00 0.2556000000D+01 0.6770000000D-01-0.4400000000D-03 0.1957480000D+02 0.4770000000D-02 0.1250000000D-03 0.3330000000D-01 0.4860997000D+01 0.1815900000D+01 0.1768000000D+01 0.4101400000D+01
3 6519950831199509272449960.4 0.7080000000D-01 0.1100000000D-03 0.1478710000D+02 0.2730000000D-02 0.1560000000D-03 0.2950000000D-01 0.2577710000D+00 0.3162100000D+01 0.3613900000D+01 0.2726200000D+01 0.5860000000D-01 0.8900000000D-03 0.1935550000D+02 0.1200000000D-01 0.8300000000D-04 0.3900000000D-01 0.1814941000D+01 0.5019800000D+01 0.5558000000D+01 0.4279100000D+01
3 6619950927199510242449987.4 0.6770000000D-01-0.6800000000D-03 0.1460520000D+02 0.1016000000D-01 0.1330000000D-03 0.2780000000D-01 0.3495452000D+01 0.4973000000D+00 0.8697000000D+00 0.3048000000D+01 0.8740000000D-01-0.4600000000D-03 0.1898420000D+02 0.1658000000D-01 0.5900000000D-04 0.3770000000D-01 0.5050229000D+01 0.2046500000D+01 0.3567400000D+01 0.4595800000D+01
3 6719951024199511202450014.4 0.4780000000D-01 0.3700000000D-03 0.1425460000D+02 0.1654000000D-01 0.5600000000D-04 0.2370000000D-01 0.4444920000D+00 0.3872200000D+01 0.4435300000D+01 0.3136500000D+01 0.7210000000D-01-0.8700000000D-03 0.1854610000D+02 0.1711000000D-01 0.4900000000D-04 0.3150000000D-01 0.2000029000D+01 0.5432000000D+01 0.1896300000D+01 0.4699600000D+01
3 6819951120199512172450041.4 0.6400000000D-01 0.1300000000D-03 0.1380300000D+02 0.1922000000D-01 0.3500000000D-04 0.2700000000D-01 0.3671478000D+01 0.8686000000D+00 0.2940300000D+01 0.3231200000D+01 0.5130000000D-01 0.7500000000D-03 0.1814180000D+02 0.1453000000D-01 0.8900000000D-04 0.3580000000D-01 0.5230994000D+01 0.2509100000D+01 0.5686800000D+01 0.4824600000D+01
3 6919951217199601132450068.4 0.6680000000D-01-0.7900000000D-03 0.1333290000D+02 0.1848000000D-01 0.5400000000D-04 0.2670000000D-01 0.6124040000D+00 0.4176200000D+01 0.5765000000D+00 0.3554600000D+01 0.7650000000D-01 0.5000000000D-04 0.1784420000D+02 0.1014000000D-01 0.1310000000D-03 0.3670000000D-01 0.2178790000D+01 0.5860700000D+01 0.2522400000D+01 0.5113000000D+01
3 7019960113199602092450095.4 0.4410000000D-01 0.1100000000D-03 0.1291940000D+02 0.1627000000D-01 0.1000000000D-03 0.2210000000D-01 0.3834863000D+01 0.1232300000D+01 0.4196700000D+01 0.3678900000D+01 0.7260000000D-01-0.8000000000D-03 0.1769650000D+02 0.4140000000D-02 0.1090000000D-03 0.3100000000D-01 0.5410761000D+01 0.3389600000D+01 0.5666300000D+01 0.5290400000D+01
4 7119941231199501172449717.2-0.1970000000D-01-0.3350000000D-02 0.2280130000D+02 0.3145000000D-01 0.5710000000D-03 0.2040000000D-01 0.3569813000D+01 0.6899000000D+00 0.3187300000D+01 0.4823000000D+01 0.3200000000D-01 0.2320000000D-02 0.2914600000D+02 0.8350000000D-02 0.3180000000D-03 0.2570000000D-01 0.5118477000D+01 0.2550500000D+01 0.4355300000D+01 0.1619000000D+00
4 7219950117199502032449734.2-0.5220000000D-01 0.1500000000D-03 0.2241250000D+02 0.2252000000D-01 0.2140000000D-03 0.2480000000D-01 0.3264625000D+01 0.6649000000D+00 0.4129300000D+01 0.4052400000D+01 0.7880000000D-01-0.5700000000D-03 0.2908750000D+02 0.5090000000D-02 0.2700000000D-03 0.3290000000D-01 0.4817351000D+01 0.3109000000D+01 0.5377800000D+01 0.5611500000D+01
4 7319950203199502202449751.2-0.7830000000D-01-0.1600000000D-03 0.2212720000D+02 0.1515000000D-01 0.2130000000D-03 0.3070000000D-01 0.2958560000D+01 0.2333000000D+00 0.2467100000D+01 0.3757800000D+01 0.6120000000D-01 0.6500000000D-03 0.2914000000D+02 0.6600000000D-02 0.2140000000D-03 0.4120000000D-01 0.4516773000D+01 0.4538400000D+01 0.4077300000D+01 0.5306700000D+01
4 7419950220199503092449768.2-0.5730000000D-01-0.2380000000D-02 0.2196940000D+02 0.2111000000D-01 0.6590000000D-03 0.2650000000D-01 0.2656531000D+01 0.3514000000D+00 0.3295500000D+01 0.3318900000D+01 0.7850000000D-01-0.3960000000D-02 0.2931680000D+02 0.1313000000D-01 0.3060000000D-03 0.3380000000D-01 0.4219436000D+01 0.3658300000D+01 0.4711100000D+01 0.4866100000D+01
4 7519950309199503262449785.2-0.9800000000D-01 0.1170000000D-02 0.2186260000D+02 0.3340000000D-02 0.2340000000D-03 0.2940000000D-01 0.2351211000D+01 0.4309000000D+00 0.1979800000D+01 0.2803100000D+01 0.2850000000D-01 0.8100000000D-03 0.2956580000D+02 0.2097000000D-01 0.1560000000D-03 0.4000000000D-01 0.3920144000D+01 0.3840700000D+01 0.5824300000D+01 0.4400500000D+01
4 7619950326199504122449802.2-0.6610000000D-01-0.2400000000D-03 0.2189920000D+02 0.5970000000D-02 0.1830000000D-03 0.2100000000D-01 0.2049353000D+01 0.1628400000D+01 0.1957900000D+01 0.2510700000D+01 0.7700000000D-02-0.6400000000D-03 0.2992140000D+02 0.2262000000D-01 0.1860000000D-03 0.2880000000D-01 0.3621670000D+01 0.3789600000D+01 0.2857600000D+01 0.4057100000D+01
4 7719950412199504292449819.2-0.6260000000D-01 0.1650000000D-02 0.2204920000D+02 0.1807000000D-01 0.6500000000D-03 0.1560000000D-01 0.1751787000D+01 0.9155000000D+00 0.3191200000D+01 0.1576800000D+01 0.1890000000D-01 0.4000000000D-04 0.3034060000D+02 0.2546000000D-01 0.5740000000D-03 0.2210000000D-01 0.3326311000D+01 0.2949000000D+01 0.4704600000D+01 0.3114500000D+01
4 7819950429199505162449836.2-0.3860000000D-01-0.6400000000D-03 0.2228500000D+02 0.1878000000D-01 0.1290000000D-03 0.1480000000D-01 0.1451384000D+01 0.1703300000D+01 0.3155000000D+00 0.1027200000D+01-0.1120000000D-01 0.3770000000D-02 0.3073990000D+02 0.3596000000D-01 0.6920000000D-03 0.2060000000D-01 0.3027732000D+01 0.3367300000D+01 0.8474000000D+00 0.2530600000D+01
4 7919950516199506022449853.2-0.3640000000D-01 0.1800000000D-03 0.2261300000D+02 0.2230000000D-01 0.5100000000D-04 0.1760000000D-01 0.1155687000D+01 0.1394400000D+01 0.1373500000D+01 0.6070100000D+01 0.6640000000D-01-0.7500000000D-03 0.3121410000D+02 0.2362000000D-01 0.8100000000D-04 0.2410000000D-01 0.2732240000D+01 0.2853100000D+01 0.4692100000D+01 0.1351400000D+01
4 8019950602199506192449870.2-0.4540000000D-01-0.1930000000D-02 0.2299250000D+02 0.2537000000D-01 0.6210000000D-03 0.2640000000D-01 0.8632560000D+00 0.7461000000D+00 0.2715300000D+01 0.5677100000D+01 0.5460000000D-01 0.2700000000D-02 0.3159130000D+02 0.2514000000D-01 0.5990000000D-03 0.3690000000D-01 0.2437462000D+01 0.2253800000D+01 0.4755300000D+01 0.9692000000D+00
4 8119950619199507062449887.2-0.4990000000D-01-0.1820000000D-02 0.2337820000D+02 0.2926000000D-01 0.4850000000D-03 0.2620000000D-01 0.5693090000D+00 0.1125900000D+01 0.4970500000D+01 0.5120600000D+01 0.8270000000D-01-0.9900000000D-03 0.3189570000D+02 0.2369000000D-01 0.8280000000D-03 0.3650000000D-01 0.2140513000D+01 0.2815300000D+01 0.8480000000D-01 0.3990000000D+00
4 8219950706199507232449904.2-0.9510000000D-01 0.6100000000D-03 0.2375420000D+02 0.2083000000D-01 0.1590000000D-03 0.3380000000D-01 0.2784640000D+00 0.6873000000D+00 0.2854600000D+01 0.4717200000D+01 0.6960000000D-01 0.1300000000D-03 0.3210310000D+02 0.8020000000D-02 0.2860000000D-03 0.4540000000D-01 0.1845940000D+01 0.2221800000D+01 0.4602800000D+01 0.6261800000D+01
4 8319950723199508092449921.2-0.7360000000D-01-0.1940000000D-02 0.2402320000D+02 0.2000000000D-01 0.5190000000D-03 0.2970000000D-01 0.6270553000D+01 0.3251000000D+00 0.2916700000D+01 0.4426000000D+01 0.3830000000D-01-0.1060000000D-02 0.3216560000D+02 0.4710000000D-02 0.2130000000D-03 0.3850000000D-01 0.1550019000D+01 0.3923000000D+01 0.3929900000D+01 0.6028000000D+01
4 8419950809199508262449938.2-0.1086000000D+00 0.3090000000D-02 0.2422720000D+02 0.9190000000D-02 0.2430000000D-03 0.2650000000D-01 0.5979191000D+01 0.8596000000D+00 0.4012200000D+01 0.3742000000D+01 0.3400000000D-01-0.2300000000D-03 0.3206660000D+02 0.1819000000D-01 0.8060000000D-03 0.3650000000D-01 0.1254440000D+01 0.3524800000D+01 0.5944000000D+01 0.5333400000D+01
4 8519950826199509122449955.2-0.7230000000D-01-0.5000000000D-04 0.2425470000D+02 0.4510000000D-02 0.2490000000D-03 0.2280000000D-01 0.5686111000D+01 0.1583200000D+01 0.2210300000D+01 0.3444200000D+01 0.2300000000D-02 0.5400000000D-03 0.3184130000D+02 0.1820000000D-01 0.1480000000D-03 0.2940000000D-01 0.9589010000D+00 0.4027700000D+01 0.3484400000D+01 0.4991300000D+01
4 8619950912199509292449972.2-0.4530000000D-01 0.3500000000D-03 0.2414490000D+02 0.1289000000D-01 0.3040000000D-03 0.1370000000D-01 0.5390336000D+01 0.1687100000D+01 0.3178800000D+01 0.2452400000D+01 0.3190000000D-01-0.1000000000D-02 0.3149320000D+02 0.2156000000D-01 0.2030000000D-03 0.1750000000D-01 0.6615440000D+00 0.3675000000D+01 0.4294900000D+01 0.3980100000D+01
4 8719950929199510162449989.2-0.5510000000D-01 0.9300000000D-03 0.2391460000D+02 0.2063000000D-01 0.7400000000D-04 0.1990000000D-01 0.5096010000D+01 0.2184900000D+01 0.1171900000D+01 0.1695100000D+01-0.8900000000D-02 0.5960000000D-02 0.3111870000D+02 0.3534000000D-01 0.5340000000D-03 0.2400000000D-01 0.3650290000D+00 0.3567200000D+01 0.1724000000D+00 0.3257300000D+01
4 8819951016199511022450006.2-0.3060000000D-01-0.5700000000D-03 0.2355650000D+02 0.2499000000D-01 0.2900000000D-04 0.1820000000D-01 0.4796101000D+01 0.1745500000D+01 0.2217300000D+01 0.7583000000D+00 0.6620000000D-01-0.9200000000D-03 0.3062390000D+02 0.2428000000D-01 0.1380000000D-03 0.2370000000D-01 0.6610400000D-01 0.3287800000D+01 0.3055200000D+01 0.2328300000D+01
4 8919951102199511192450023.2-0.6120000000D-01 0.1000000000D-04 0.2312020000D+02 0.2711000000D-01 0.2200000000D-03 0.2900000000D-01 0.4495100000D+01 0.1422400000D+01 0.2710000000D+01 0.2880000000D+00 0.7870000000D-01 0.6000000000D-03 0.3018640000D+02 0.2624000000D-01 0.2230000000D-03 0.3750000000D-01 0.6049581000D+01 0.2889600000D+01 0.5223900000D+01 0.1843700000D+01
4 9019951119199512062450040.2-0.5570000000D-01-0.2400000000D-02 0.2264690000D+02 0.3165000000D-01 0.2450000000D-03 0.2770000000D-01 0.4195101000D+01 0.1529000000D+01 0.5955700000D+01 0.6272000000D+01 0.5990000000D-01 0.2300000000D-03 0.2980760000D+02 0.3347000000D-01 0.8100000000D-03 0.3720000000D-01 0.5752359000D+01 0.3148100000D+01 0.4444000000D+00 0.1509800000D+01
4 9119951206199512232450057.2-0.9580000000D-01 0.1650000000D-02 0.2214610000D+02 0.2609000000D-01 0.2080000000D-03 0.3030000000D-01 0.3889773000D+01 0.1049600000D+01 0.1270000000D+01 0.5660300000D+01 0.7980000000D-01-0.2270000000D-02 0.2942970000D+02 0.1660000000D-01 0.4210000000D-03 0.3910000000D-01 0.5449992000D+01 0.2086900000D+01 0.4271000000D+01 0.9110000000D+00
4 9219951223199601092450074.2-0.8100000000D-01-0.2800000000D-03 0.2168770000D+02 0.2833000000D-01 0.1560000000D-03 0.2710000000D-01 0.3584205000D+01 0.7398000000D+00 0.2927900000D+01 0.5390300000D+01 0.1760000000D-01 0.2900000000D-03 0.2919100000D+02 0.1170000000D-01 0.1720000000D-03 0.3670000000D-01 0.5150589000D+01 0.2265100000D+01 0.4988800000D+01 0.6981000000D+00
4 9319960109199601262450091.2-0.7440000000D-01 0.1940000000D-02 0.2125910000D+02 0.2879000000D-01 0.4480000000D-03 0.1800000000D-01 0.3279944000D+01 0.8590000000D+00 0.4915700000D+01 0.4786000000D+01 0.2290000000D-01-0.1130000000D-02 0.2904830000D+02 0.1625000000D-01 0.6700000000D-03 0.2550000000D-01 0.4852500000D+01 0.3028000000D+01 0.6282100000D+01 0.6770000000D-01
4 9419960126199602122450108.2-0.7090000000D-01 0.1830000000D-02 0.2088180000D+02 0.1532000000D-01 0.4380000000D-03 0.1780000000D-01 0.2971715000D+01 0.4990000000D-01 0.1316400000D+01 0.4182600000D+01-0.5000000000D-03 0.1800000000D-02 0.2900760000D+02 0.6450000000D-02 0.5070000000D-03 0.2530000000D-01 0.4551116000D+01 0.5532500000D+01 0.3166100000D+01 0.5740100000D+01
5 9519941231199501222449717.4-0.4740000000D-01-0.1470000000D-02 0.3047040000D+02 0.2398000000D-01 0.5900000000D-03 0.2460000000D-01 0.5943287000D+01 0.2833700000D+01 0.4271300000D+01 0.4596700000D+01 0.5700000000D-02-0.5030000000D-02 0.3893090000D+02 0.4460000000D-02 0.3250000000D-03 0.3100000000D-01 0.1208809000D+01 0.1123000000D+00 0.5005300000D+01 0.6130800000D+01
5 9619950122199502132449739.4-0.8890000000D-01 0.4500000000D-02 0.2985560000D+02 0.1962000000D-01 0.2150000000D-03 0.1800000000D-01 0.3635551000D+01 0.1327400000D+01 0.4039000000D+00 0.5022000000D+00-0.1065000000D+00 0.4640000000D-02 0.3887640000D+02 0.2283000000D-01 0.6150000000D-03 0.2490000000D-01 0.5190350000D+01 0.4259100000D+01 0.1079200000D+01 0.1953100000D+01
5 9719950213199503072449761.4-0.7900000000D-02 0.0000000000D+00 0.2949040000D+02 0.2340000000D-01 0.4070000000D-03 0.8700000000D-02 0.1327027000D+01 0.5495900000D+01 0.2471300000D+01 0.2564300000D+01-0.2000000000D-01-0.1500000000D-02 0.3913020000D+02 0.2354000000D-01 0.9760000000D-03 0.1400000000D-01 0.2887703000D+01 0.1633200000D+01 0.4066300000D+01 0.4329100000D+01
5 9819950307199503292449783.4 0.1660000000D-01-0.2360000000D-02 0.2932680000D+02 0.1329000000D-01 0.5460000000D-03 0.2200000000D-02 0.5301067000D+01 0.3081500000D+01 0.5533700000D+01 0.3647000000D+00-0.4700000000D-01 0.4920000000D-02 0.3956840000D+02 0.1578000000D-01 0.8560000000D-03 0.5200000000D-02 0.5852150000D+00 0.6040400000D+01 0.1208000000D+01 0.2498300000D+01
5 9919950329199504202449805.4-0.3570000000D-01 0.1200000000D-03 0.2936990000D+02 0.1081000000D-01 0.2380000000D-03 0.1400000000D-01 0.2995717000D+01 0.2546500000D+01 0.2752100000D+01 0.3505300000D+01 0.5740000000D-01-0.1660000000D-02 0.4012880000D+02 0.2600000000D-01 0.3380000000D-03 0.1840000000D-01 0.4567636000D+01 0.4516400000D+01 0.4710100000D+01 0.5170600000D+01
510019950420199505122449827.4-0.6260000000D-01-0.9400000000D-03 0.2967890000D+02 0.2128000000D-01 0.1350000000D-03 0.2300000000D-01 0.6939480000D+00 0.5614000000D+00 0.1248900000D+01 0.5850200000D+01 0.4240000000D-01-0.1860000000D-02 0.4083590000D+02 0.3798000000D-01 0.2300000000D-03 0.3120000000D-01 0.2269289000D+01 0.2152600000D+01 0.4675600000D+01 0.1099700000D+01
510119950512199506032449849.4-0.8880000000D-01 0.5100000000D-03 0.3019670000D+02 0.2896000000D-01 0.1480000000D-03 0.2620000000D-01 0.4678642000D+01 0.4685600000D+01 0.6031100000D+01 0.1818800000D+01-0.2660000000D-01-0.3600000000D-03 0.4160620000D+02 0.3468000000D-01 0.2440000000D-03 0.3700000000D-01 0.6254195000D+01 0.6164600000D+01 0.2334300000D+01 0.3381200000D+01
510219950603199506252449871.4-0.5270000000D-01-0.1000000000D-04 0.3087060000D+02 0.2929000000D-01 0.1770000000D-03 0.2370000000D-01 0.2383347000D+01 0.2500300000D+01 0.3730500000D+01 0.4049300000D+01-0.3140000000D-01-0.3370000000D-02 0.4232100000D+02 0.1987000000D-01 0.1470000000D-03 0.3210000000D-01 0.3955325000D+01 0.4179500000D+01 0.3978000000D+01 0.5618100000D+01
510319950625199507172449893.4-0.4410000000D-01 0.2010000000D-02 0.3154110000D+02 0.2978000000D-01 0.1880000000D-03 0.1480000000D-01 0.8856800000D-01 0.6326000000D+00 0.4950500000D+01 0.2060000000D-01-0.1136000000D+00 0.5130000000D-02 0.4282240000D+02 0.2109000000D-01 0.6650000000D-03 0.2160000000D-01 0.1656286000D+01 0.2963900000D+01 0.4989000000D+00 0.1562400000D+01
510419950717199508082449915.4-0.3590000000D-01 0.2730000000D-02 0.3206380000D+02 0.3510000000D-01 0.7620000000D-03 0.3900000000D-02 0.4080128000D+01 0.4581600000D+01 0.1398600000D+01 0.2093600000D+01 0.1300000000D-01-0.2090000000D-02 0.4294670000D+02 0.3021000000D-01 0.1098000000D-02 0.5800000000D-02 0.5641681000D+01 0.7173000000D+00 0.3789100000D+01 0.4456300000D+01
510519950808199508302449937.4 0.4100000000D-01-0.6030000000D-02 0.3240060000D+02 0.2223000000D-01 0.1019000000D-02 0.7400000000D-02 0.1789924000D+01 0.1904600000D+01 0.4745500000D+01 0.6931000000D+00-0.4510000000D-01 0.6000000000D-02 0.4280600000D+02 0.1195000000D-01 0.1037000000D-02 0.1350000000D-01 0.3346592000D+01 0.4496500000D+01 0.5801000000D+00 0.2575100000D+01
510619950830199509212449959.4-0.7670000000D-01 0.2140000000D-02 0.3250980000D+02 0.1298000000D-01 0.8670000000D-03 0.2050000000D-01 0.5780166000D+01 0.3685100000D+01 0.1616000000D+01 0.3059300000D+01 0.6490000000D-01-0.2510000000D-02 0.4245420000D+02 0.1947000000D-01 0.5150000000D-03 0.2310000000D-01 0.1050388000D+01 0.4404300000D+01 0.3661000000D+01 0.4704900000D+01
510719950921199510132449981.4-0.4820000000D-01-0.3030000000D-02 0.3225600000D+02 0.2999000000D-01 0.3950000000D-03 0.2640000000D-01 0.3482841000D+01 0.5758000000D+00 0.4761000000D+01 0.5320400000D+01 0.5040000000D-01-0.4250000000D-02 0.4186860000D+02 0.4227000000D-01 0.3800000000D-03 0.3400000000D-01 0.5034377000D+01 0.1953400000D+01 0.5411900000D+01 0.5274000000D+00
510819951013199511042450003.4-0.1088000000D+00 0.2560000000D-02 0.3168120000D+02 0.3700000000D-01 0.1230000000D-03 0.2710000000D-01 0.1182660000D+01 0.4426300000D+01 0.8089000000D+00 0.1200200000D+01-0.4910000000D-01 0.8900000000D-03 0.4107530000D+02 0.3846000000D-01 0.3410000000D-03 0.3540000000D-01 0.2734644000D+01 0.5859300000D+01 0.1893100000D+01 0.2754300000D+01
510919951104199511262450025.4-0.4930000000D-01 0.4900000000D-03 0.3091080000D+02 0.3708000000D-01 0.1820000000D-03 0.2180000000D-01 0.5163305000D+01 0.2207800000D+01 0.3251500000D+01 0.3438100000D+01-0.6450000000D-01-0.3500000000D-03 0.4029540000D+02 0.3295000000D-01 0.1090000000D-03 0.2850000000D-01 0.4342070000D+00 0.3754400000D+01 0.5925800000D+01 0.4959800000D+01
511019951126199512182450047.4-0.1860000000D-01 0.9000000000D-03 0.3006920000D+02 0.3890000000D-01 0.1100000000D-03 0.1040000000D-01 0.2857711000D+01 0.1810000000D-01 0.1122100000D+01 0.5750800000D+01-0.6060000000D-01 0.1610000000D-02 0.3961700000D+02 0.2642000000D-01 0.9200000000D-04 0.1490000000D-01 0.4415681000D+01 0.1651300000D+01 0.5022200000D+01 0.1011200000D+01
511119951218199601092450069.4-0.2160000000D-01 0.1340000000D-02 0.2927360000D+02 0.4497000000D-01 0.3450000000D-03 0.2300000000D-02 0.5490170000D+00 0.4034100000D+01 0.6975000000D+00 0.3825900000D+01 0.6800000000D-02 0.2900000000D-03 0.3912590000D+02 0.2086000000D-01 0.2540000000D-03 0.4800000000D-02 0.2113409000D+01 0.5829100000D+01 0.2721700000D+01 0.5476700000D+01
511219960109199601312450091.4 0.9000000000D-02-0.3960000000D-02 0.2852640000D+02 0.4101000000D-01 0.6690000000D-03 0.1310000000D-01 0.4520696000D+01 0.1561300000D+01 0.4128600000D+01 0.2755000000D+00 0.1700000000D-01 0.1370000000D-02 0.3887450000D+02 0.1299000000D-01 0.5300000000D-03 0.1840000000D-01 0.6092627000D+01 0.3064500000D+01 0.5847900000D+01 0.2008700000D+01
