 4 2   2  56 19.7027 4.9788  7.0  7.0  109 2457753.5000 2017                                                                                                                                                                                                                                                                                                                     
1  220161231201701072457753.4 0.1712000000D+00-0.1060000000D-02 0.7671800000D+01 0.1013500000D+00 0.6280000000D-03 0.5670000000D-01 0.4000513000D+01 0.1952800000D+01 0.6227300000D+01-0.3251800000D+01 0.5330000000D-01 0.5900000000D-03 0.3941800000D+01 0.2463000000D-01 0.5410000000D-03 0.3050000000D-01 0.2885298000D+01 0.2385800000D+01 0.7394000000D+00-0.4334800000D+01
1  320170107201701142457760.4 0.1645000000D+00-0.1020000000D-02 0.7353500000D+01 0.9911000000D-01 0.6630000000D-03 0.5480000000D-01 0.3606965000D+01 0.1556900000D+01 0.5785200000D+01-0.4016000000D+01 0.5770000000D-01 0.5000000000D-03 0.4079900000D+01 0.2560000000D-01 0.5360000000D-03 0.3140000000D-01 0.2548294000D+01 0.1761400000D+01 0.2247000000D+00-0.5045300000D+01
1  420170114201701212457767.4 0.1575000000D+00-0.8500000000D-03 0.7039000000D+01 0.9624000000D-01 0.6540000000D-03 0.5220000000D-01 0.3211671000D+01 0.1162500000D+01 0.5515400000D+01-0.4779800000D+01 0.6100000000D-01 0.4700000000D-03 0.4191800000D+01 0.2712000000D-01 0.5310000000D-03 0.3200000000D-01 0.2201851000D+01 0.1174100000D+01 0.6084400000D+01-0.5771700000D+01
1  520170121201701282457774.4 0.1507000000D+00-0.6700000000D-03 0.6732400000D+01 0.9356000000D-01 0.5660000000D-03 0.4960000000D-01 0.2814318000D+01 0.7651000000D+00 0.5277600000D+01-0.5555000000D+01 0.6360000000D-01 0.4100000000D-03 0.4276300000D+01 0.2924000000D-01 0.4750000000D-03 0.3260000000D-01 0.1848206000D+01 0.6167000000D+00 0.5686100000D+01-0.2231000000D+00
1  620170128201702042457781.4 0.1446000000D+00-0.6300000000D-03 0.6436600000D+01 0.9171000000D-01 0.4390000000D-03 0.4750000000D-01 0.2414711000D+01 0.3678000000D+00 0.4917000000D+01-0.5270000000D-01 0.6580000000D-01 0.2500000000D-03 0.4332900000D+01 0.3191000000D-01 0.3890000000D-03 0.3300000000D-01 0.1488985000D+01 0.9860000000D-01 0.5174400000D+01-0.9570000000D+00
1  720170204201702112457788.4 0.1392000000D+00-0.7600000000D-03 0.6152700000D+01 0.9053000000D-01 0.3850000000D-03 0.4570000000D-01 0.2012574000D+01 0.6261900000D+01 0.4332700000D+01-0.8282000000D+00 0.6740000000D-01 0.3000000000D-04 0.4362300000D+01 0.3445000000D-01 0.3630000000D-03 0.3310000000D-01 0.1125200000D+01 0.5905800000D+01 0.4508600000D+01-0.1691500000D+01
1  820170211201702182457795.4 0.1340000000D+00-0.9400000000D-03 0.5882000000D+01 0.8919000000D-01 0.4480000000D-03 0.4370000000D-01 0.1607325000D+01 0.5883000000D+01 0.3846800000D+01-0.1601800000D+01 0.6830000000D-01-0.1300000000D-03 0.4366800000D+01 0.3617000000D-01 0.4020000000D-03 0.3290000000D-01 0.7576630000D+00 0.5451100000D+01 0.3969500000D+01-0.2434600000D+01
1  920170218201702252457802.4 0.1285000000D+00-0.1000000000D-02 0.5627700000D+01 0.8725000000D-01 0.5070000000D-03 0.4160000000D-01 0.1198340000D+01 0.5506000000D+01 0.3578600000D+01-0.2386900000D+01 0.6810000000D-01-0.1800000000D-03 0.4349200000D+01 0.3722000000D-01 0.4070000000D-03 0.3280000000D-01 0.3873510000D+00 0.4996700000D+01 0.3583600000D+01-0.3183700000D+01
1 1020170225201703042457809.4 0.1227000000D+00-0.8700000000D-03 0.5394400000D+01 0.8510000000D-01 0.4850000000D-03 0.3990000000D-01 0.7854430000D+00 0.5122800000D+01 0.3375700000D+01-0.3182000000D+01 0.6720000000D-01-0.1200000000D-03 0.4311100000D+01 0.3814000000D-01 0.3520000000D-03 0.3250000000D-01 0.1527900000D-01 0.4541100000D+01 0.3180700000D+01-0.3931300000D+01
1 1120170304201703112457816.4 0.1169000000D+00-0.6500000000D-03 0.5184400000D+01 0.8341000000D-01 0.4000000000D-03 0.3870000000D-01 0.3689440000D+00 0.4734300000D+01 0.3106500000D+01-0.3974400000D+01 0.6600000000D-01-0.6000000000D-04 0.4253000000D+01 0.3906000000D-01 0.2970000000D-03 0.3210000000D-01 0.5925387000D+01 0.4096000000D+01 0.2597400000D+01-0.4673500000D+01
1 1220170311201703182457823.4 0.1117000000D+00-0.5000000000D-03 0.4997800000D+01 0.8246000000D-01 0.3350000000D-03 0.3740000000D-01 0.6232387000D+01 0.4348800000D+01 0.2620500000D+01-0.4760100000D+01 0.6480000000D-01-0.9000000000D-04 0.4176000000D+01 0.3958000000D-01 0.3210000000D-03 0.3130000000D-01 0.5551713000D+01 0.3666100000D+01 0.1937200000D+01-0.5418100000D+01
1 1320170318201703252457830.4 0.1074000000D+00-0.4600000000D-03 0.4834400000D+01 0.8166000000D-01 0.3750000000D-03 0.3590000000D-01 0.5809393000D+01 0.3971800000D+01 0.2055800000D+01-0.5558200000D+01 0.6360000000D-01-0.1900000000D-03 0.4081900000D+01 0.3934000000D-01 0.3810000000D-03 0.3040000000D-01 0.5177790000D+01 0.3239600000D+01 0.1469100000D+01-0.6171500000D+01
1 1420170325201704012457837.4 0.1035000000D+00-0.4800000000D-03 0.4696400000D+01 0.8035000000D-01 0.4600000000D-03 0.3500000000D-01 0.5383204000D+01 0.3597600000D+01 0.1686900000D+01-0.8620000000D-01 0.6220000000D-01-0.2800000000D-03 0.3973100000D+01 0.3860000000D-01 0.4010000000D-03 0.2980000000D-01 0.4804268000D+01 0.2802200000D+01 0.1092200000D+01-0.6373000000D+00
1 1520170401201704082457844.4 0.9990000000D-01-0.5000000000D-03 0.4586500000D+01 0.7857000000D-01 0.5020000000D-03 0.3460000000D-01 0.4954556000D+01 0.3217300000D+01 0.1413900000D+01-0.8883000000D+00 0.6040000000D-01-0.3100000000D-03 0.3850900000D+01 0.3781000000D-01 0.3770000000D-03 0.2890000000D-01 0.4431972000D+01 0.2353600000D+01 0.6579000000D+00-0.1376000000D+01
1 1620170408201704152457851.4 0.9640000000D-01-0.5000000000D-03 0.4504800000D+01 0.7686000000D-01 0.4730000000D-03 0.3410000000D-01 0.4524717000D+01 0.2828100000D+01 0.1106700000D+01-0.1681600000D+01 0.5840000000D-01-0.3100000000D-03 0.3715100000D+01 0.3713000000D-01 0.3560000000D-03 0.2760000000D-01 0.4061619000D+01 0.1902500000D+01 0.9940000000D-01-0.2115500000D+01
1 1720170415201704222457858.4 0.9310000000D-01-0.5000000000D-03 0.4448900000D+01 0.7563000000D-01 0.4060000000D-03 0.3340000000D-01 0.4094903000D+01 0.2435100000D+01 0.6420000000D+00-0.2486300000D+01 0.5620000000D-01-0.3100000000D-03 0.3566000000D+01 0.3632000000D-01 0.3780000000D-03 0.2630000000D-01 0.3693760000D+01 0.1454600000D+01 0.5792900000D+01-0.2862100000D+01
1 1820170422201704292457865.4 0.9000000000D-01-0.4900000000D-03 0.4416000000D+01 0.7459000000D-01 0.3920000000D-03 0.3330000000D-01 0.3665948000D+01 0.2046100000D+01 0.2850000000D-01-0.3297800000D+01 0.5410000000D-01-0.3200000000D-03 0.3404500000D+01 0.3507000000D-01 0.4150000000D-03 0.2530000000D-01 0.3328925000D+01 0.1004500000D+01 0.5315600000D+01-0.3600000000D+01
1 1920170429201705062457872.4 0.8710000000D-01-0.4400000000D-03 0.4403800000D+01 0.7305000000D-01 0.4450000000D-03 0.3360000000D-01 0.3238540000D+01 0.1662100000D+01 0.5825000000D+01-0.4093900000D+01 0.5190000000D-01-0.3000000000D-03 0.3232500000D+01 0.3352000000D-01 0.4140000000D-03 0.2400000000D-01 0.2967923000D+01 0.5424000000D+00 0.4915500000D+01-0.4324100000D+01
1 2020170506201705132457879.4 0.8420000000D-01-0.3100000000D-03 0.4410600000D+01 0.7085000000D-01 0.4820000000D-03 0.3360000000D-01 0.2813552000D+01 0.1276500000D+01 0.5518400000D+01-0.4882500000D+01 0.4980000000D-01-0.2600000000D-03 0.3051600000D+01 0.3207000000D-01 0.3780000000D-03 0.2240000000D-01 0.2611906000D+01 0.6780000000D-01 0.4493800000D+01-0.5048600000D+01
1 2120170513201705202457886.4 0.8160000000D-01-0.1600000000D-03 0.4433900000D+01 0.6838000000D-01 0.4580000000D-03 0.3350000000D-01 0.2391928000D+01 0.8829000000D+00 0.5265400000D+01-0.5676900000D+01 0.4760000000D-01-0.2200000000D-03 0.2863500000D+01 0.3094000000D-01 0.3430000000D-03 0.2090000000D-01 0.2262204000D+01 0.5873000000D+01 0.3986300000D+01-0.5772500000D+01
1 2220170520201705272457893.4 0.7950000000D-01-0.9000000000D-04 0.4469600000D+01 0.6624000000D-01 0.3820000000D-03 0.3390000000D-01 0.1974444000D+01 0.4815000000D+00 0.4919900000D+01-0.1881000000D+00 0.4570000000D-01-0.2200000000D-03 0.2669800000D+01 0.2995000000D-01 0.3400000000D-03 0.1950000000D-01 0.1920272000D+01 0.5399500000D+01 0.3447100000D+01-0.2004000000D+00
1 2320170527201706032457900.4 0.7800000000D-01-0.1500000000D-03 0.4512700000D+01 0.6460000000D-01 0.3400000000D-03 0.3440000000D-01 0.1561395000D+01 0.8160000000D-01 0.4361800000D+01-0.9690000000D+00 0.4390000000D-01-0.2600000000D-03 0.2473100000D+01 0.2882000000D-01 0.3540000000D-03 0.1810000000D-01 0.1587710000D+01 0.4927900000D+01 0.2997100000D+01-0.8942000000D+00
1 2420170603201706102457907.4 0.7690000000D-01-0.2900000000D-03 0.4559400000D+01 0.6292000000D-01 0.3890000000D-03 0.3470000000D-01 0.1152584000D+01 0.5972000000D+01 0.3833900000D+01-0.1741200000D+01 0.4220000000D-01-0.3000000000D-03 0.2277400000D+01 0.2761000000D-01 0.3460000000D-03 0.1650000000D-01 0.1266462000D+01 0.4449400000D+01 0.2613500000D+01-0.1578400000D+01
1 2520170610201706172457914.4 0.7560000000D-01-0.3700000000D-03 0.4607500000D+01 0.6073000000D-01 0.4460000000D-03 0.3490000000D-01 0.7477470000D+00 0.5580600000D+01 0.3505400000D+01-0.2515500000D+01 0.4030000000D-01-0.2900000000D-03 0.2087300000D+01 0.2663000000D-01 0.3170000000D-03 0.1510000000D-01 0.9590550000D+00 0.3964200000D+01 0.2185100000D+01-0.2252600000D+01
1 2620170617201706242457921.4 0.7390000000D-01-0.3000000000D-03 0.4656100000D+01 0.5820000000D-01 0.4360000000D-03 0.3520000000D-01 0.3468520000D+00 0.5181000000D+01 0.3264200000D+01-0.3291300000D+01 0.3850000000D-01-0.2400000000D-03 0.1908200000D+01 0.2592000000D-01 0.2960000000D-03 0.1380000000D-01 0.6684980000D+00 0.3481200000D+01 0.1664500000D+01-0.2906000000D+01
1 2720170624201707012457928.4 0.7210000000D-01-0.1600000000D-03 0.4702700000D+01 0.5595000000D-01 0.3630000000D-03 0.3580000000D-01 0.6233180000D+01 0.4771700000D+01 0.2972800000D+01-0.4058000000D+01 0.3670000000D-01-0.1900000000D-03 0.1746200000D+01 0.2524000000D-01 0.2980000000D-03 0.1270000000D-01 0.3977780000D+00 0.3004400000D+01 0.1134700000D+01-0.3534400000D+01
1 2820170701201707082457935.4 0.7060000000D-01-0.4000000000D-04 0.4744200000D+01 0.5438000000D-01 0.2990000000D-03 0.3610000000D-01 0.5840174000D+01 0.4363000000D+01 0.2490400000D+01-0.4812500000D+01 0.3520000000D-01-0.1600000000D-03 0.1608300000D+01 0.2445000000D-01 0.3040000000D-03 0.1180000000D-01 0.1489040000D+00 0.2528800000D+01 0.6770000000D+00-0.4140000000D+01
1 2920170708201707152457942.4 0.6960000000D-01-0.2000000000D-04 0.4778800000D+01 0.5309000000D-01 0.3120000000D-03 0.3610000000D-01 0.5450403000D+01 0.3964500000D+01 0.1947100000D+01-0.5570100000D+01 0.3380000000D-01-0.1600000000D-03 0.1502600000D+01 0.2365000000D-01 0.2930000000D-03 0.1110000000D-01 0.6204670000D+01 0.2048000000D+01 0.2458000000D+00-0.4730600000D+01
1 3020170715201707222457949.4 0.6900000000D-01-0.7000000000D-04 0.4807000000D+01 0.5157000000D-01 0.3580000000D-03 0.3630000000D-01 0.5063275000D+01 0.3571800000D+01 0.1591000000D+01-0.5010000000D-01 0.3260000000D-01-0.1700000000D-03 0.1436000000D+01 0.2301000000D-01 0.2750000000D-03 0.1080000000D-01 0.5994512000D+01 0.1564300000D+01 0.6050500000D+01-0.5308500000D+01
1 3120170722201707292457956.4 0.6830000000D-01-0.1100000000D-03 0.4829700000D+01 0.4985000000D-01 0.3770000000D-03 0.3670000000D-01 0.4678530000D+01 0.3176000000D+01 0.1340000000D+01-0.8054000000D+00 0.3140000000D-01-0.1700000000D-03 0.1413200000D+01 0.2248000000D-01 0.2690000000D-03 0.1080000000D-01 0.5793116000D+01 0.1083100000D+01 0.5540300000D+01-0.5878600000D+01
1 3220170729201708052457963.4 0.6750000000D-01-0.1300000000D-03 0.4847300000D+01 0.4836000000D-01 0.3500000000D-03 0.3690000000D-01 0.4296084000D+01 0.2772600000D+01 0.1070300000D+01-0.1549100000D+01 0.3020000000D-01-0.1600000000D-03 0.1434000000D+01 0.2193000000D-01 0.2710000000D-03 0.1110000000D-01 0.5589303000D+01 0.6030000000D+00 0.5080500000D+01-0.1749000000D+00
1 3320170805201708122457970.4 0.6670000000D-01-0.1300000000D-03 0.4859100000D+01 0.4747000000D-01 0.2900000000D-03 0.3670000000D-01 0.3915715000D+01 0.2367000000D+01 0.6613000000D+00-0.2296500000D+01 0.2910000000D-01-0.1200000000D-03 0.1493700000D+01 0.2141000000D-01 0.2640000000D-03 0.1160000000D-01 0.5372858000D+01 0.1193000000D+00 0.4669300000D+01-0.7732000000D+00
1 3420170812201708192457977.4 0.6590000000D-01-0.1600000000D-03 0.4864800000D+01 0.4697000000D-01 0.2530000000D-03 0.3670000000D-01 0.3536932000D+01 0.1969200000D+01 0.8310000000D-01-0.3051300000D+01 0.2810000000D-01-0.8000000000D-04 0.1585000000D+01 0.2108000000D-01 0.2480000000D-03 0.1250000000D-01 0.5137589000D+01 0.5915800000D+01 0.4242000000D+01-0.1388100000D+01
1 3520170819201708262457984.4 0.6510000000D-01-0.1800000000D-03 0.4865300000D+01 0.4642000000D-01 0.2610000000D-03 0.3690000000D-01 0.3159241000D+01 0.1581200000D+01 0.5839000000D+01-0.3798900000D+01 0.2730000000D-01-0.6000000000D-04 0.1699800000D+01 0.2101000000D-01 0.2370000000D-03 0.1340000000D-01 0.4881756000D+01 0.5433300000D+01 0.3756500000D+01-0.2019600000D+01
1 3620170826201709022457991.4 0.6420000000D-01-0.1400000000D-03 0.4861900000D+01 0.4562000000D-01 0.2760000000D-03 0.3690000000D-01 0.2782337000D+01 0.1198300000D+01 0.5518300000D+01-0.4538800000D+01 0.2660000000D-01-0.8000000000D-04 0.1831200000D+01 0.2105000000D-01 0.2440000000D-03 0.1440000000D-01 0.4606718000D+01 0.4959500000D+01 0.3282800000D+01-0.2670500000D+01
1 3720170902201709092457998.4 0.6310000000D-01-0.6000000000D-04 0.4856000000D+01 0.4475000000D-01 0.2610000000D-03 0.3660000000D-01 0.2406031000D+01 0.8134000000D+00 0.5357900000D+01-0.5280300000D+01 0.2610000000D-01-0.1100000000D-03 0.1973300000D+01 0.2108000000D-01 0.2540000000D-03 0.1540000000D-01 0.4315280000D+01 0.4488400000D+01 0.2907300000D+01-0.3340000000D+01
1 3820170909201709162458005.4 0.6210000000D-01 0.0000000000D+00 0.4848600000D+01 0.4421000000D-01 0.2090000000D-03 0.3640000000D-01 0.2030206000D+01 0.4244000000D+00 0.5253700000D+01-0.6028200000D+01 0.2560000000D-01-0.1200000000D-03 0.2121400000D+01 0.2125000000D-01 0.2420000000D-03 0.1660000000D-01 0.4010372000D+01 0.4013900000D+01 0.2577100000D+01-0.4019100000D+01
1 3920170916201709232458012.4 0.6130000000D-01 0.0000000000D+00 0.4839700000D+01 0.4426000000D-01 0.1500000000D-03 0.3650000000D-01 0.1654682000D+01 0.4010000000D-01 0.4989800000D+01-0.4901000000D+00 0.2500000000D-01-0.8000000000D-04 0.2272000000D+01 0.2179000000D-01 0.2150000000D-03 0.1780000000D-01 0.3694432000D+01 0.3544200000D+01 0.2165800000D+01-0.4704500000D+01
1 4020170923201709302458019.4 0.6080000000D-01-0.1000000000D-03 0.4829600000D+01 0.4468000000D-01 0.1350000000D-03 0.3660000000D-01 0.1279107000D+01 0.5951300000D+01 0.4369300000D+01-0.1228900000D+01 0.2440000000D-01 0.0000000000D+00 0.2423000000D+01 0.2257000000D-01 0.2020000000D-03 0.1890000000D-01 0.3369458000D+01 0.3090300000D+01 0.1628900000D+01-0.5398000000D+01
1 4120170930201710072458026.4 0.6030000000D-01-0.2400000000D-03 0.4819300000D+01 0.4509000000D-01 0.1820000000D-03 0.3640000000D-01 0.9030280000D+00 0.5588700000D+01 0.3887800000D+01-0.1968000000D+01 0.2400000000D-01 0.5000000000D-04 0.2573500000D+01 0.2328000000D-01 0.2180000000D-03 0.2000000000D-01 0.3037212000D+01 0.2651300000D+01 0.1141400000D+01-0.6099800000D+01
1 4220171007201710142458033.4 0.5930000000D-01-0.3100000000D-03 0.4810900000D+01 0.4527000000D-01 0.2270000000D-03 0.3620000000D-01 0.5260640000D+00 0.5225100000D+01 0.3727900000D+01-0.2712800000D+01 0.2390000000D-01 0.5000000000D-04 0.2722700000D+01 0.2382000000D-01 0.2360000000D-03 0.2110000000D-01 0.2699300000D+01 0.2215700000D+01 0.8220000000D+00-0.5266000000D+00
1 4320171014201710212458040.4 0.5790000000D-01-0.2700000000D-03 0.4806200000D+01 0.4553000000D-01 0.2300000000D-03 0.3620000000D-01 0.1481300000D+00 0.4853000000D+01 0.3695100000D+01-0.3460900000D+01 0.2400000000D-01 0.0000000000D+00 0.2869200000D+01 0.2446000000D-01 0.2240000000D-03 0.2230000000D-01 0.2356995000D+01 0.1777400000D+01 0.5621000000D+00-0.1235900000D+01
1 4420171021201710282458047.4 0.5620000000D-01-0.1700000000D-03 0.4805400000D+01 0.4638000000D-01 0.1980000000D-03 0.3650000000D-01 0.6052441000D+01 0.4477900000D+01 0.3622100000D+01-0.4202900000D+01 0.2420000000D-01-0.3000000000D-04 0.3012300000D+01 0.2542000000D-01 0.1900000000D-03 0.2340000000D-01 0.2011074000D+01 0.1345900000D+01 0.1999000000D+00-0.1943200000D+01
1 4520171028201711042458054.4 0.5450000000D-01-0.1000000000D-03 0.4808500000D+01 0.4783000000D-01 0.1610000000D-03 0.3650000000D-01 0.5672351000D+01 0.4111100000D+01 0.3317000000D+01-0.4943600000D+01 0.2420000000D-01-0.3000000000D-04 0.3151500000D+01 0.2650000000D-01 0.1730000000D-03 0.2430000000D-01 0.1662054000D+01 0.9303000000D+00 0.5951000000D+01-0.2657300000D+01
1 4620171104201711112458061.4 0.5300000000D-01-0.1200000000D-03 0.4816400000D+01 0.4945000000D-01 0.1720000000D-03 0.3640000000D-01 0.5290534000D+01 0.3754700000D+01 0.2765200000D+01-0.5691700000D+01 0.2420000000D-01 0.0000000000D+00 0.3287300000D+01 0.2743000000D-01 0.1920000000D-03 0.2530000000D-01 0.1310480000D+01 0.5273000000D+00 0.5433100000D+01-0.3379700000D+01
1 4720171111201711182458068.4 0.5170000000D-01-0.2000000000D-03 0.4831500000D+01 0.5096000000D-01 0.2390000000D-03 0.3660000000D-01 0.4906603000D+01 0.3402100000D+01 0.2323800000D+01-0.1640000000D+00 0.2420000000D-01 0.4000000000D-04 0.3420100000D+01 0.2811000000D-01 0.2220000000D-03 0.2650000000D-01 0.9569770000D+00 0.1273000000D+00 0.5047600000D+01-0.4099700000D+01
1 4820171118201711252458075.4 0.5010000000D-01-0.2900000000D-03 0.4856600000D+01 0.5251000000D-01 0.3110000000D-03 0.3710000000D-01 0.4520530000D+01 0.3044100000D+01 0.2048300000D+01-0.9152000000D+00 0.2440000000D-01 0.5000000000D-04 0.3549500000D+01 0.2873000000D-01 0.2300000000D-03 0.2750000000D-01 0.6021510000D+00 0.6006000000D+01 0.4710500000D+01-0.4812400000D+01
1 4920171125201712022458082.4 0.4810000000D-01-0.3500000000D-03 0.4893400000D+01 0.5454000000D-01 0.3380000000D-03 0.3750000000D-01 0.4132430000D+01 0.2678200000D+01 0.1816400000D+01-0.1661200000D+01 0.2470000000D-01 0.5000000000D-04 0.3675000000D+01 0.2947000000D-01 0.2040000000D-03 0.2830000000D-01 0.2463880000D+00 0.5599800000D+01 0.4307400000D+01-0.5530600000D+01
1 5020171202201712092458089.4 0.4580000000D-01-0.4000000000D-03 0.4943000000D+01 0.5724000000D-01 0.3180000000D-03 0.3770000000D-01 0.3742201000D+01 0.2310400000D+01 0.1552000000D+01-0.2416300000D+01 0.2500000000D-01 0.7000000000D-04 0.3796000000D+01 0.3023000000D-01 0.1710000000D-03 0.2920000000D-01 0.6173071000D+01 0.5199200000D+01 0.3755300000D+01-0.6256400000D+01
1 5120171209201712162458096.4 0.4330000000D-01-0.4600000000D-03 0.5007000000D+01 0.6044000000D-01 0.2760000000D-03 0.3820000000D-01 0.3349610000D+01 0.1947100000D+01 0.1186900000D+01-0.3180900000D+01 0.2530000000D-01 0.8000000000D-04 0.3912300000D+01 0.3081000000D-01 0.1620000000D-03 0.3020000000D-01 0.5816058000D+01 0.4807700000D+01 0.3069000000D+01-0.6962000000D+00
1 5220171216201712232458103.4 0.4040000000D-01-0.5100000000D-03 0.5088200000D+01 0.6379000000D-01 0.2630000000D-03 0.3920000000D-01 0.2954562000D+01 0.1590100000D+01 0.6833000000D+00-0.3942100000D+01 0.2560000000D-01 0.7000000000D-04 0.4023800000D+01 0.3099000000D-01 0.1840000000D-03 0.3120000000D-01 0.5458847000D+01 0.4423100000D+01 0.2499900000D+01-0.1412100000D+01
1 5320171223201712302458110.4 0.3720000000D-01-0.5100000000D-03 0.5190200000D+01 0.6698000000D-01 0.3180000000D-03 0.4010000000D-01 0.2557175000D+01 0.1235400000D+01 0.2542000000D+00-0.4695000000D+01 0.2590000000D-01 0.2000000000D-04 0.4130300000D+01 0.3066000000D-01 0.1950000000D-03 0.3180000000D-01 0.5101862000D+01 0.4037100000D+01 0.2153900000D+01-0.2127900000D+01
1 5420171230201801062458117.4 0.3350000000D-01-0.4600000000D-03 0.5316800000D+01 0.7012000000D-01 0.4040000000D-03 0.4090000000D-01 0.2157819000D+01 0.8764000000D+00 0.3040000000D-01-0.5454800000D+01 0.2630000000D-01-0.6000000000D-04 0.4230900000D+01 0.3003000000D-01 0.1690000000D-03 0.3250000000D-01 0.4745589000D+01 0.3644100000D+01 0.1866600000D+01-0.2849400000D+01
1 5520180106201801132458124.4 0.2960000000D-01-0.4000000000D-03 0.5471300000D+01 0.7377000000D-01 0.4570000000D-03 0.4210000000D-01 0.1757040000D+01 0.5125000000D+00 0.6154900000D+01-0.6224500000D+01 0.2630000000D-01-0.1300000000D-03 0.4323900000D+01 0.2936000000D-01 0.1270000000D-03 0.3320000000D-01 0.4390445000D+01 0.3249700000D+01 0.1349800000D+01-0.3568500000D+01
2 5620161231201701072457753.4-0.4400000000D-02-0.1500000000D-03 0.1905980000D+02 0.2653700000D+00 0.1965000000D-02 0.1500000000D-02 0.4797182000D+01 0.2776300000D+01 0.7791000000D+00 0.1426900000D+01-0.8000000000D-03-0.1300000000D-03 0.9745700000D+01 0.6969000000D-01 0.1381000000D-02 0.9000000000D-03 0.3745555000D+01 0.3062200000D+01 0.1539700000D+01 0.6038100000D+01
2 5720170107201701142457760.4-0.4200000000D-02-0.1400000000D-03 0.1826010000D+02 0.2558800000D+00 0.1604000000D-02 0.1900000000D-02 0.1861437000D+01 0.6115000000D+01 0.4312400000D+01 0.1930400000D+01-0.8000000000D-03-0.1200000000D-03 0.1008980000D+02 0.7351000000D-01 0.1411000000D-02 0.5000000000D-03 0.8616860000D+00 0.6227300000D+01 0.4822800000D+01 0.5371000000D+00
2 5820170114201701212457767.4-0.4000000000D-02-0.1500000000D-03 0.1747660000D+02 0.2511700000D+00 0.1581000000D-02 0.2000000000D-02 0.5207728000D+01 0.3178700000D+01 0.1264400000D+01 0.2104700000D+01-0.8000000000D-03-0.1300000000D-03 0.1036550000D+02 0.7886000000D-01 0.1304000000D-02 0.7000000000D-03 0.4252739000D+01 0.3132000000D+01 0.1802800000D+01 0.1651100000D+01
2 5920170121201701282457774.4-0.3600000000D-02-0.2000000000D-03 0.1671350000D+02 0.2449100000D+00 0.1549000000D-02 0.1600000000D-02 0.2268716000D+01 0.2459000000D+00 0.4669700000D+01 0.2299700000D+01-0.6000000000D-03-0.1600000000D-03 0.1056990000D+02 0.8532000000D-01 0.1179000000D-02 0.1000000000D-02 0.1354115000D+01 0.7310000000D-01 0.4974900000D+01 0.1981300000D+01
2 6020170128201702042457781.4-0.3400000000D-02-0.1600000000D-03 0.1597980000D+02 0.2393600000D+00 0.1344000000D-02 0.1100000000D-02 0.5610537000D+01 0.3594800000D+01 0.1742300000D+01 0.2544400000D+01-0.7000000000D-03-0.1000000000D-03 0.1070600000D+02 0.8978000000D-01 0.1174000000D-02 0.1100000000D-02 0.4733349000D+01 0.3327600000D+01 0.2055000000D+01 0.2232400000D+01
2 6120170204201702112457788.4-0.3300000000D-02-0.1200000000D-03 0.1527960000D+02 0.2352100000D+00 0.1476000000D-02 0.4000000000D-03 0.2666556000D+01 0.6699000000D+00 0.5024300000D+01 0.3384600000D+01-0.7000000000D-03-0.9000000000D-04 0.1077720000D+02 0.9608000000D-01 0.1045000000D-02 0.9000000000D-03 0.1825777000D+01 0.3139000000D+00 0.5105300000D+01 0.2348400000D+01
2 6220170211201702182457795.4-0.3000000000D-02-0.1500000000D-03 0.1462070000D+02 0.2283800000D+00 0.1196000000D-02 0.7000000000D-03 0.6002429000D+01 0.4020900000D+01 0.2296200000D+01 0.4697900000D+01-0.6000000000D-03-0.8000000000D-04 0.1078720000D+02 0.9795000000D-01 0.1095000000D-02 0.4000000000D-03 0.5197926000D+01 0.3601400000D+01 0.2325400000D+01 0.2901100000D+01
2 6320170218201702252457802.4-0.2700000000D-02-0.1500000000D-03 0.1400660000D+02 0.2264900000D+00 0.1376000000D-02 0.1100000000D-02 0.3052287000D+01 0.1098700000D+01 0.5414800000D+01 0.5039800000D+01-0.5000000000D-03-0.7000000000D-04 0.1074120000D+02 0.1034800000D+00 0.9780000000D-03 0.4000000000D-03 0.2285257000D+01 0.6093000000D+00 0.5207300000D+01 0.4399700000D+01
2 6420170225201703042457809.4-0.2700000000D-02-0.9000000000D-04 0.1344170000D+02 0.2199900000D+00 0.1189000000D-02 0.1300000000D-02 0.9810000000D-01 0.4454700000D+01 0.2724200000D+01 0.5178800000D+01-0.6000000000D-03-0.2000000000D-04 0.1064150000D+02 0.1030500000D+00 0.1001000000D-02 0.7000000000D-03 0.5653543000D+01 0.3912700000D+01 0.2485300000D+01 0.5011100000D+01
2 6520170304201703112457816.4-0.2400000000D-02-0.1000000000D-03 0.1293320000D+02 0.2176700000D+00 0.1206000000D-02 0.1100000000D-02 0.3423971000D+01 0.1530200000D+01 0.5907900000D+01 0.5220300000D+01-0.5000000000D-03-0.3000000000D-04 0.1049550000D+02 0.1057400000D+00 0.9360000000D-03 0.1000000000D-02 0.2738255000D+01 0.9316000000D+00 0.5465700000D+01 0.5103100000D+01
2 6620170311201703182457823.4-0.2100000000D-02-0.1100000000D-03 0.1248150000D+02 0.2128500000D+00 0.1221000000D-02 0.8000000000D-03 0.4629310000D+00 0.4891400000D+01 0.3104800000D+01 0.5381900000D+01-0.4000000000D-03-0.2000000000D-04 0.1030310000D+02 0.1042700000D+00 0.1016000000D-02 0.9000000000D-03 0.6105345000D+01 0.4244200000D+01 0.2615800000D+01 0.5153800000D+01
2 6720170318201703252457830.4-0.1900000000D-02-0.6000000000D-04 0.1209430000D+02 0.2096700000D+00 0.1117000000D-02 0.3000000000D-03 0.3782108000D+01 0.1963300000D+01 0.1376000000D+00 0.5683600000D+01-0.3000000000D-03 0.0000000000D+00 0.1007220000D+02 0.1042600000D+00 0.9070000000D-03 0.6000000000D-03 0.3189764000D+01 0.1259400000D+01 0.5730100000D+01 0.5237800000D+01
2 6820170325201704012457837.4-0.1700000000D-02-0.4000000000D-04 0.1176840000D+02 0.2067000000D+00 0.1224000000D-02 0.3000000000D-03 0.8154250000D+00 0.5325300000D+01 0.3443000000D+01 0.1671600000D+01-0.3000000000D-03 0.0000000000D+00 0.9799700000D+01 0.1023200000D+00 0.1047000000D-02 0.2000000000D-03 0.2747930000D+00 0.4573900000D+01 0.2737100000D+01 0.5079600000D+01
2 6920170401201704082457844.4-0.1400000000D-02-0.3000000000D-04 0.1150980000D+02 0.2016700000D+00 0.1082000000D-02 0.6000000000D-03 0.4129664000D+01 0.2396500000D+01 0.6959000000D+00 0.1840100000D+01-0.1000000000D-03 0.1000000000D-04 0.9493900000D+01 0.9913000000D-01 0.8610000000D-03 0.3000000000D-03 0.3644196000D+01 0.1582000000D+01 0.6078600000D+01 0.1971600000D+01
2 7020170408201704152457851.4-0.1200000000D-02 0.0000000000D+00 0.1131450000D+02 0.2004900000D+00 0.1258000000D-02 0.8000000000D-03 0.1160070000D+01 0.5756300000D+01 0.3775400000D+01 0.1968200000D+01-0.1000000000D-03 0.3000000000D-04 0.9152300000D+01 0.9738000000D-01 0.1129000000D-02 0.5000000000D-03 0.7327770000D+00 0.4895900000D+01 0.2935900000D+01 0.2042600000D+01
2 7120170415201704222457858.4-0.1100000000D-02 0.4000000000D-04 0.1118230000D+02 0.1942900000D+00 0.1115000000D-02 0.8000000000D-03 0.4472876000D+01 0.2826200000D+01 0.1130100000D+01 0.2042300000D+01 0.0000000000D+00 0.4000000000D-04 0.8780900000D+01 0.9256000000D-01 0.8790000000D-03 0.6000000000D-03 0.4106617000D+01 0.1891400000D+01 0.5700000000D-01 0.2065400000D+01
2 7220170422201704292457865.4-0.9000000000D-03 0.6000000000D-04 0.1110740000D+02 0.1929500000D+00 0.1212000000D-02 0.5000000000D-03 0.1503922000D+01 0.6180300000D+01 0.4190500000D+01 0.2058500000D+01 0.0000000000D+00 0.4000000000D-04 0.8379100000D+01 0.9016000000D-01 0.1101000000D-02 0.5000000000D-03 0.1201265000D+01 0.5193100000D+01 0.3211500000D+01 0.2008200000D+01
2 7320170429201705062457872.4-0.7000000000D-03 0.1000000000D-03 0.1108460000D+02 0.1865400000D+00 0.1152000000D-02 0.2000000000D-03 0.4819240000D+01 0.3250200000D+01 0.1540900000D+01 0.2830800000D+01 0.0000000000D+00 0.7000000000D-04 0.7951400000D+01 0.8506000000D-01 0.8690000000D-03 0.2000000000D-03 0.4582756000D+01 0.2178400000D+01 0.3164000000D+00 0.2251100000D+01
2 7420170506201705132457879.4-0.6000000000D-03 0.1300000000D-03 0.1110740000D+02 0.1848100000D+00 0.1202000000D-02 0.3000000000D-03 0.1854587000D+01 0.3151000000D+00 0.4579800000D+01 0.4586000000D+01 0.0000000000D+00 0.8000000000D-04 0.7501200000D+01 0.8236000000D-01 0.1078000000D-02 0.1000000000D-03 0.1686975000D+01 0.5469500000D+01 0.3496900000D+01 0.4732700000D+01
2 7520170513201705202457886.4-0.4000000000D-03 0.1400000000D-03 0.1116610000D+02 0.1786200000D+00 0.1185000000D-02 0.7000000000D-03 0.5175794000D+01 0.3665200000D+01 0.1847900000D+01 0.4927400000D+01 0.0000000000D+00 0.7000000000D-04 0.7032800000D+01 0.7786000000D-01 0.9100000000D-03 0.4000000000D-03 0.5080350000D+01 0.2445100000D+01 0.5544000000D+00 0.5056100000D+01
2 7620170520201705272457893.4-0.1000000000D-03 0.1500000000D-03 0.1125320000D+02 0.1749100000D+00 0.1135000000D-02 0.9000000000D-03 0.2217869000D+01 0.7251000000D+00 0.5083400000D+01 0.4905900000D+01 0.0000000000D+00 0.6000000000D-04 0.6552200000D+01 0.7479000000D-01 0.9510000000D-03 0.5000000000D-03 0.2198931000D+01 0.5714800000D+01 0.3776800000D+01 0.4952700000D+01
2 7720170527201706032457900.4-0.1000000000D-03 0.1900000000D-03 0.1135840000D+02 0.1702500000D+00 0.1217000000D-02 0.8000000000D-03 0.5546885000D+01 0.4072200000D+01 0.2143500000D+01 0.4939800000D+01 0.0000000000D+00 0.7000000000D-04 0.6066000000D+01 0.7113000000D-01 0.9230000000D-03 0.4000000000D-03 0.5610375000D+01 0.2692300000D+01 0.8217000000D+00 0.4918300000D+01
2 7820170603201706102457907.4 0.1000000000D-03 0.1700000000D-03 0.1147600000D+02 0.1649000000D+00 0.1113000000D-02 0.6000000000D-03 0.2596751000D+01 0.1128400000D+01 0.5543900000D+01 0.4990200000D+01 0.0000000000D+00 0.5000000000D-04 0.5585200000D+01 0.6837000000D-01 0.8640000000D-03 0.2000000000D-03 0.2750737000D+01 0.5945000000D+01 0.4021900000D+01 0.4830400000D+01
2 7920170610201706172457914.4 0.4000000000D-03 0.1600000000D-03 0.1159590000D+02 0.1612800000D+00 0.1193000000D-02 0.2000000000D-03 0.5933972000D+01 0.4469900000D+01 0.2467100000D+01 0.4860800000D+01 0.0000000000D+00 0.4000000000D-04 0.5119600000D+01 0.6523000000D-01 0.8970000000D-03 0.1000000000D-03 0.6189182000D+01 0.2923400000D+01 0.1085200000D+01 0.2635300000D+01
2 8020170617201706242457921.4 0.6000000000D-03 0.1900000000D-03 0.1171330000D+02 0.1547800000D+00 0.1085000000D-02 0.3000000000D-03 0.2991501000D+01 0.1525300000D+01 0.6047100000D+01 0.1655200000D+01 0.0000000000D+00 0.4000000000D-04 0.4684800000D+01 0.6309000000D-01 0.7830000000D-03 0.2000000000D-03 0.3361768000D+01 0.6163800000D+01 0.4237200000D+01 0.1947500000D+01
2 8120170624201707012457928.4 0.7000000000D-03 0.2000000000D-03 0.1182230000D+02 0.1526100000D+00 0.1121000000D-02 0.7000000000D-03 0.5306300000D-01 0.4861400000D+01 0.2813500000D+01 0.1757200000D+01-0.1000000000D-03 0.5000000000D-04 0.4296600000D+01 0.6017000000D-01 0.8450000000D-03 0.3000000000D-03 0.5552990000D+00 0.3143600000D+01 0.1344200000D+01 0.1952400000D+01
2 8220170701201707082457935.4 0.1100000000D-02 0.1600000000D-03 0.1191910000D+02 0.1463400000D+00 0.1066000000D-02 0.1000000000D-02 0.3400554000D+01 0.1919200000D+01 0.1367000000D+00 0.1778300000D+01-0.1000000000D-03 0.2000000000D-04 0.3975500000D+01 0.5851000000D-01 0.7640000000D-03 0.2000000000D-03 0.4053399000D+01 0.9870000000D-01 0.4486300000D+01 0.1869900000D+01
2 8320170708201707152457942.4 0.1200000000D-02 0.1700000000D-03 0.1200240000D+02 0.1436100000D+00 0.9970000000D-03 0.1000000000D-02 0.4682570000D+00 0.5252200000D+01 0.3323200000D+01 0.1750700000D+01-0.3000000000D-03 0.3000000000D-04 0.3741100000D+01 0.5608000000D-01 0.7710000000D-03 0.1000000000D-03 0.1289501000D+01 0.3351000000D+01 0.1564600000D+01 0.2067900000D+01
2 8420170715201707222457949.4 0.1300000000D-02 0.2000000000D-03 0.1206730000D+02 0.1395100000D+00 0.1007000000D-02 0.7000000000D-03 0.3821495000D+01 0.2311200000D+01 0.4826000000D+00 0.1892000000D+01-0.4000000000D-03 0.3000000000D-04 0.3610000000D+01 0.5476000000D-01 0.7410000000D-03 0.1000000000D-03 0.4823491000D+01 0.3089000000D+00 0.4751600000D+01 0.4637700000D+01
2 8520170722201707292457956.4 0.1500000000D-02 0.1600000000D-03 0.1211720000D+02 0.1363600000D+00 0.8930000000D-03 0.3000000000D-03 0.8938920000D+00 0.5646300000D+01 0.3841100000D+01 0.2203500000D+01-0.5000000000D-03 0.3000000000D-04 0.3590500000D+01 0.5299000000D-01 0.7440000000D-03 0.3000000000D-03 0.2079846000D+01 0.3553800000D+01 0.1806600000D+01 0.4784600000D+01
2 8620170729201708052457963.4 0.1700000000D-02 0.1400000000D-03 0.1214890000D+02 0.1343900000D+00 0.9260000000D-03 0.3000000000D-03 0.4251440000D+01 0.2706900000D+01 0.8040000000D+00 0.4259700000D+01-0.5000000000D-03 0.2000000000D-04 0.3678600000D+01 0.5205000000D-01 0.7030000000D-03 0.3000000000D-03 0.5612937000D+01 0.5069000000D+00 0.5054400000D+01 0.4808400000D+01
2 8720170805201708122457970.4 0.1800000000D-02 0.1400000000D-03 0.1216600000D+02 0.1302500000D+00 0.8340000000D-03 0.7000000000D-03 0.1327122000D+01 0.6048800000D+01 0.4479900000D+01 0.4454600000D+01-0.7000000000D-03 0.3000000000D-04 0.3861000000D+01 0.5145000000D-01 0.7570000000D-03 0.2000000000D-03 0.2847446000D+01 0.3753700000D+01 0.2044500000D+01 0.4801700000D+01
2 8820170812201708192457977.4 0.1900000000D-02 0.1200000000D-03 0.1216780000D+02 0.1310300000D+00 0.8620000000D-03 0.9000000000D-03 0.4687739000D+01 0.3110500000D+01 0.1129300000D+01 0.4574200000D+01-0.8000000000D-03 0.3000000000D-04 0.4116300000D+01 0.5103000000D-01 0.6450000000D-03 0.0000000000D+00 0.6224600000D-01 0.6976000000D+00 0.5379900000D+01 0.6160900000D+01
2 8920170819201708262457984.4 0.2200000000D-02 0.6000000000D-04 0.1215660000D+02 0.1268600000D+00 0.7840000000D-03 0.1000000000D-02 0.1765449000D+01 0.1764000000D+00 0.4988400000D+01 0.4672200000D+01-0.9000000000D-03 0.3000000000D-04 0.4425800000D+01 0.5158000000D-01 0.7590000000D-03 0.2000000000D-03 0.3539318000D+01 0.3956300000D+01 0.2352800000D+01 0.1460800000D+01
2 9020170826201709022457991.4 0.2300000000D-02 0.5000000000D-04 0.1213530000D+02 0.1283800000D+00 0.7560000000D-03 0.6000000000D-03 0.5127579000D+01 0.3525600000D+01 0.1619400000D+01 0.4769400000D+01-0.1000000000D-02 0.3000000000D-04 0.4770900000D+01 0.5227000000D-01 0.6270000000D-03 0.4000000000D-03 0.7151290000D+00 0.9039000000D+00 0.5688200000D+01 0.1467500000D+01
2 9120170902201709092457998.4 0.2500000000D-02 0.3000000000D-04 0.1210430000D+02 0.1251600000D+00 0.7900000000D-03 0.3000000000D-03 0.2206237000D+01 0.5996000000D+00 0.5510800000D+01 0.5816900000D+01-0.1100000000D-02 0.6000000000D-04 0.5138300000D+01 0.5364000000D-01 0.7560000000D-03 0.4000000000D-03 0.4157772000D+01 0.4176200000D+01 0.2687500000D+01 0.1560200000D+01
2 9220170909201709162458005.4 0.2700000000D-02 0.0000000000D+00 0.1206830000D+02 0.1276400000D+00 0.6490000000D-03 0.5000000000D-03 0.5568728000D+01 0.3949400000D+01 0.2134700000D+01 0.7682000000D+00-0.1300000000D-02 0.7000000000D-04 0.5517300000D+01 0.5545000000D-01 0.6110000000D-03 0.4000000000D-03 0.1304746000D+01 0.1138200000D+01 0.6016900000D+01 0.1764200000D+01
2 9320170916201709232458012.4 0.2800000000D-02-0.1000000000D-04 0.1202560000D+02 0.1262100000D+00 0.7510000000D-03 0.1000000000D-02 0.2647175000D+01 0.1031600000D+01 0.5876700000D+01 0.1085600000D+01-0.1300000000D-02 0.6000000000D-04 0.5900800000D+01 0.5756000000D-01 0.6990000000D-03 0.2000000000D-03 0.4723936000D+01 0.4422800000D+01 0.3045900000D+01 0.2504600000D+01
2 9420170923201709302458019.4 0.2900000000D-02-0.1000000000D-04 0.1198370000D+02 0.1275500000D+00 0.5860000000D-03 0.1300000000D-02 0.6008554000D+01 0.4384800000D+01 0.2961300000D+01 0.1137300000D+01-0.1400000000D-02 0.8000000000D-04 0.6283700000D+01 0.6011000000D-01 0.6610000000D-03 0.4000000000D-03 0.1851691000D+01 0.1417700000D+01 0.9170000000D-01 0.3851900000D+01
2 9520170930201710072458026.4 0.3000000000D-02-0.5000000000D-04 0.1193950000D+02 0.1292100000D+00 0.7510000000D-03 0.1200000000D-02 0.3085810000D+01 0.1474000000D+01 0.6220100000D+01 0.1272100000D+01-0.1600000000D-02 0.1000000000D-03 0.6662300000D+01 0.6306000000D-01 0.6300000000D-03 0.6000000000D-03 0.5255723000D+01 0.4707800000D+01 0.3362700000D+01 0.4101300000D+01
2 9620171007201710142458033.4 0.3100000000D-02-0.6000000000D-04 0.1190170000D+02 0.1298800000D+00 0.6390000000D-03 0.9000000000D-03 0.1617970000D+00 0.4829700000D+01 0.3663600000D+01 0.1446700000D+01-0.1600000000D-02 0.9000000000D-04 0.7034300000D+01 0.6559000000D-01 0.6870000000D-03 0.8000000000D-03 0.2370901000D+01 0.1730000000D+01 0.4793000000D+00 0.4279500000D+01
2 9720171014201710212458040.4 0.3100000000D-02-0.6000000000D-04 0.1186650000D+02 0.1338800000D+00 0.6920000000D-03 0.5000000000D-03 0.3519799000D+01 0.1918900000D+01 0.3883000000D+00 0.2019300000D+01-0.1600000000D-02 0.8000000000D-04 0.7397700000D+01 0.6930000000D-01 0.5710000000D-03 0.7000000000D-03 0.5764958000D+01 0.5030500000D+01 0.3691800000D+01 0.4376400000D+01
2 9820171021201710282458047.4 0.3100000000D-02-0.1000000000D-03 0.1184220000D+02 0.1343500000D+00 0.7540000000D-03 0.6000000000D-03 0.5924260000D+00 0.5283100000D+01 0.4298100000D+01 0.3329500000D+01-0.1700000000D-02 0.1100000000D-03 0.7752100000D+01 0.7152000000D-01 0.7340000000D-03 0.4000000000D-03 0.2871742000D+01 0.2076800000D+01 0.8630000000D+00 0.4730000000D+01
2 9920171028201711042458054.4 0.3300000000D-02-0.1300000000D-03 0.1182900000D+02 0.1404300000D+00 0.6900000000D-03 0.1000000000D-02 0.3946852000D+01 0.2371300000D+01 0.9042000000D+00 0.3809800000D+01-0.1700000000D-02 0.1100000000D-03 0.8097000000D+01 0.7567000000D-01 0.5200000000D-03 0.3000000000D-03 0.6259195000D+01 0.5383300000D+01 0.4021200000D+01 0.5917300000D+01
210020171104201711112458061.4 0.3300000000D-02-0.1200000000D-03 0.1183210000D+02 0.1421600000D+00 0.8180000000D-03 0.1300000000D-02 0.1015267000D+01 0.5740100000D+01 0.4738100000D+01 0.4033100000D+01-0.1600000000D-02 0.1000000000D-03 0.8430600000D+01 0.7772000000D-01 0.6920000000D-03 0.6000000000D-03 0.3360457000D+01 0.2442700000D+01 0.1187200000D+01 0.5882000000D+00
210120171111201711182458068.4 0.3300000000D-02-0.1500000000D-03 0.1185460000D+02 0.1483300000D+00 0.7510000000D-03 0.1300000000D-02 0.4364859000D+01 0.2826900000D+01 0.1643800000D+01 0.4176300000D+01-0.1600000000D-02 0.1100000000D-03 0.8754500000D+01 0.8102000000D-01 0.5610000000D-03 0.1000000000D-02 0.4601530000D+00 0.5765200000D+01 0.4464500000D+01 0.7869000000D+00
210220171118201711252458075.4 0.3500000000D-02-0.1900000000D-03 0.1190160000D+02 0.1527900000D+00 0.8660000000D-03 0.1100000000D-02 0.1428313000D+01 0.6198900000D+01 0.5186300000D+01 0.4529600000D+01-0.1700000000D-02 0.1400000000D-03 0.9065900000D+01 0.8363000000D-01 0.6160000000D-03 0.1100000000D-02 0.3841236000D+01 0.2826300000D+01 0.1447900000D+01 0.9812000000D+00
210320171125201712022458082.4 0.3400000000D-02-0.1800000000D-03 0.1197900000D+02 0.1592500000D+00 0.8820000000D-03 0.8000000000D-03 0.4772381000D+01 0.3286800000D+01 0.2259500000D+01 0.5094700000D+01-0.1600000000D-02 0.1200000000D-03 0.9367500000D+01 0.8554000000D-01 0.5920000000D-03 0.1000000000D-02 0.9380370000D+00 0.6163300000D+01 0.4843500000D+01 0.1210300000D+01
210420171202201712092458089.4 0.3300000000D-02-0.1500000000D-03 0.1209240000D+02 0.1663800000D+00 0.9100000000D-03 0.9000000000D-03 0.1830466000D+01 0.3747000000D+00 0.5627000000D+01 0.6052700000D+01-0.1500000000D-02 0.1100000000D-03 0.9655300000D+01 0.8820000000D-01 0.5390000000D-03 0.7000000000D-03 0.4317353000D+01 0.3221500000D+01 0.1654500000D+01 0.1655700000D+01
210520171209201712162458096.4 0.3300000000D-02-0.1800000000D-03 0.1224800000D+02 0.1728100000D+00 0.1111000000D-02 0.1400000000D-02 0.5168807000D+01 0.3748100000D+01 0.2877400000D+01 0.2016000000D+00-0.1500000000D-02 0.1100000000D-03 0.9930000000D+01 0.8821000000D-01 0.6530000000D-03 0.7000000000D-03 0.1412729000D+01 0.2908000000D+00 0.5262200000D+01 0.2678600000D+01
210620171216201712232458103.4 0.3300000000D-02-0.1700000000D-03 0.1245440000D+02 0.1834000000D+00 0.9280000000D-03 0.1700000000D-02 0.2221721000D+01 0.8339000000D+00 0.6071200000D+01 0.4670000000D+00-0.1500000000D-02 0.1000000000D-03 0.1019010000D+02 0.9113000000D-01 0.5030000000D-03 0.1100000000D-02 0.4791735000D+01 0.3626700000D+01 0.1712600000D+01 0.3259100000D+01
210720171223201712302458110.4 0.3000000000D-02-0.1300000000D-03 0.1271880000D+02 0.1903500000D+00 0.1295000000D-02 0.1800000000D-02 0.5555016000D+01 0.4211000000D+01 0.3352100000D+01 0.6900000000D+00-0.1200000000D-02 0.6000000000D-04 0.1043360000D+02 0.8917000000D-01 0.6380000000D-03 0.1400000000D-02 0.1887207000D+01 0.7045000000D+00 0.5522400000D+01 0.3609500000D+01
210820171230201801062458117.4 0.2800000000D-02-0.1100000000D-03 0.1305130000D+02 0.2026000000D+00 0.1066000000D-02 0.1500000000D-02 0.2603810000D+01 0.1294300000D+01 0.3497000000D+00 0.9366000000D+00-0.1100000000D-02 0.6000000000D-04 0.1065910000D+02 0.9048000000D-01 0.5330000000D-03 0.1500000000D-02 0.5267211000D+01 0.4040200000D+01 0.1969600000D+01 0.3805900000D+01
210920180106201801132458124.4 0.2700000000D-02-0.1300000000D-03 0.1345750000D+02 0.2117500000D+00 0.1478000000D-02 0.1200000000D-02 0.5933880000D+01 0.4673900000D+01 0.3795000000D+01 0.1505400000D+01-0.1000000000D-02 0.5000000000D-04 0.1086210000D+02 0.8714000000D-01 0.6510000000D-03 0.1100000000D-02 0.2364522000D+01 0.1119700000D+01 0.5725900000D+01 0.4165100000D+01
