 6 8    2   33   41   48   56   63   84  115  6.6670  4.5860  3.3280  2.2960  1.3910  0.3940  0.3940  0.0790 12.0 50.0 55.0 50.0 53.0 18.0 12.0 36.0  125 2454831.5000 2009                                                                                                                                                                                                      
1  220081231200901122454831.5-0.4217000000D+00 0.1222000000D-01 0.2824980000D+02 0.5254000000D-01 0.3400000000D-03 0.2751000000D+00 0.3443863000D+01 0.3706700000D+01 0.6016100000D+01 0.4201300000D+01-0.6490000000D-01 0.5700000000D-03 0.2685800000D+01 0.1842000000D-01 0.7400000000D-04 0.2670000000D-01 0.2991751000D+01 0.3354700000D+01 0.2045600000D+01 0.3757600000D+01
1  320090112200901242454843.5-0.2642000000D+00 0.1371000000D-01 0.2881120000D+02 0.5357000000D-01 0.7300000000D-03 0.2767000000D+00 0.1773542000D+01 0.2151500000D+01 0.4268400000D+01 0.6435000000D+00-0.5710000000D-01 0.8900000000D-03 0.2898300000D+01 0.1955000000D-01 0.6300000000D-04 0.2860000000D-01 0.1338619000D+01 0.1605400000D+01 0.5688700000D+01 0.2082000000D+00
1  420090124200902052454855.5-0.1017000000D+00 0.1515000000D-01 0.2933370000D+02 0.4926000000D-01 0.7090000000D-03 0.2818000000D+00 0.1063940000D+00 0.6627000000D+00 0.2544900000D+01 0.3381900000D+01-0.4670000000D-01 0.1250000000D-02 0.3122200000D+01 0.1946000000D-01 0.7200000000D-04 0.3070000000D-01 0.5961607000D+01 0.6139900000D+01 0.3431700000D+01 0.2950400000D+01
1  520090205200902172454867.5 0.8980000000D-01 0.1573000000D-01 0.2976700000D+02 0.4382000000D-01 0.5400000000D-03 0.2836000000D+00 0.4724822000D+01 0.5507500000D+01 0.8907000000D+00 0.6109300000D+01-0.3040000000D-01 0.1600000000D-02 0.3344100000D+01 0.1835000000D-01 0.8700000000D-04 0.3280000000D-01 0.4295091000D+01 0.4391000000D+01 0.1237700000D+01 0.5667000000D+01
1  620090217200903012454879.5 0.2687000000D+00 0.1504000000D-01 0.3009370000D+02 0.4085000000D-01 0.2880000000D-03 0.2893000000D+00 0.3061090000D+01 0.4213500000D+01 0.7560000000D-01 0.2554000000D+01-0.1210000000D-01 0.1850000000D-02 0.3552400000D+01 0.1583000000D-01 0.1020000000D-03 0.3510000000D-01 0.2623383000D+01 0.2679800000D+01 0.5753700000D+01 0.2113700000D+01
1  720090301200903132454891.5 0.4497000000D+00 0.1336000000D-01 0.3025860000D+02 0.4008000000D-01 0.5550000000D-03 0.2893000000D+00 0.1397790000D+01 0.2862300000D+01 0.5577100000D+01 0.5296200000D+01 0.1000000000D-01 0.2020000000D-02 0.3728800000D+01 0.1237000000D-01 0.1230000000D-03 0.3640000000D-01 0.9484250000D+00 0.1008400000D+01 0.4236000000D+01 0.4841000000D+01
1  820090313200903252454903.5 0.6048000000D+00 0.9940000000D-02 0.3025060000D+02 0.3600000000D-01 0.9170000000D-03 0.2909000000D+00 0.6017053000D+01 0.1389600000D+01 0.3584300000D+01 0.1741500000D+01 0.3380000000D-01 0.1910000000D-02 0.3856900000D+01 0.8720000000D-02 0.2070000000D-03 0.3760000000D-01 0.5555502000D+01 0.5664300000D+01 0.2567900000D+01 0.1284100000D+01
1  920090325200904062454915.5 0.7233000000D+00 0.6430000000D-02 0.3010810000D+02 0.2896000000D-01 0.8780000000D-03 0.2876000000D+00 0.4351665000D+01 0.1922000000D+00 0.1660900000D+01 0.4481700000D+01 0.5600000000D-01 0.1660000000D-02 0.3929200000D+01 0.3890000000D-02 0.2720000000D-03 0.3740000000D-01 0.3880086000D+01 0.4122300000D+01 0.7713000000D+00 0.4008400000D+01
1 1020090406200904182454927.5 0.8098000000D+00 0.2240000000D-02 0.2982650000D+02 0.3070000000D-01 0.4480000000D-03 0.2805000000D+00 0.2682838000D+01 0.5443000000D+01 0.5986300000D+01 0.9121000000D+00 0.7740000000D-01 0.1190000000D-02 0.3935400000D+01 0.2090000000D-02 0.2790000000D-03 0.3690000000D-01 0.2205642000D+01 0.4865200000D+01 0.5224000000D+01 0.4304000000D+00
1 1120090418200904302454939.5 0.8341000000D+00-0.1130000000D-02 0.2942680000D+02 0.3910000000D-01 0.2310000000D-03 0.2754000000D+00 0.1009530000D+01 0.4096900000D+01 0.4936100000D+01 0.3631900000D+01 0.9120000000D-01 0.6400000000D-03 0.3873300000D+01 0.7740000000D-02 0.2610000000D-03 0.3580000000D-01 0.5325930000D+00 0.3498700000D+01 0.3471700000D+01 0.3150500000D+01
1 1220090430200905122454951.5 0.8318000000D+00-0.4080000000D-02 0.2893760000D+02 0.4756000000D-01 0.4170000000D-03 0.2680000000D+00 0.5615009000D+01 0.2615900000D+01 0.4217400000D+01 0.4310000000D-01 0.1004000000D+00 0.9000000000D-04 0.3746700000D+01 0.1361000000D-01 0.1860000000D-03 0.3460000000D-01 0.5144759000D+01 0.1866900000D+01 0.1734100000D+01 0.5853000000D+01
1 1320090512200905242454963.5 0.7729000000D+00-0.6560000000D-02 0.2838620000D+02 0.5160000000D-01 0.6810000000D-03 0.2653000000D+00 0.3932203000D+01 0.1046500000D+01 0.2562400000D+01 0.2737700000D+01 0.1010000000D+00-0.4700000000D-03 0.3561800000D+01 0.1857000000D-01 0.9400000000D-04 0.3280000000D-01 0.3475256000D+01 0.1787000000D+00 0.1204000000D+00 0.2295300000D+01
1 1420090524200906052454975.5 0.6953000000D+00-0.8240000000D-02 0.2779880000D+02 0.5254000000D-01 0.7600000000D-03 0.2596000000D+00 0.2245335000D+01 0.5809700000D+01 0.6540000000D+00 0.5439500000D+01 0.9490000000D-01-0.8800000000D-03 0.3328600000D+01 0.2184000000D-01 0.5300000000D-04 0.3030000000D-01 0.1808431000D+01 0.4771500000D+01 0.5342700000D+01 0.5022300000D+01
1 1520090605200906172454987.5 0.5880000000D+00-0.1009000000D-01 0.2720950000D+02 0.5564000000D-01 0.4010000000D-03 0.2578000000D+00 0.5550580000D+00 0.4384900000D+01 0.4647500000D+01 0.1848600000D+01 0.8410000000D-01-0.1260000000D-02 0.3062100000D+01 0.2339000000D-01 0.4700000000D-04 0.2790000000D-01 0.1453860000D+00 0.3096800000D+01 0.3655400000D+01 0.1474500000D+01
1 1620090617200906292454999.5 0.4628000000D+00-0.1098000000D-01 0.2667070000D+02 0.6258000000D-01 0.1500000000D-03 0.2508000000D+00 0.5143964000D+01 0.2826300000D+01 0.1005900000D+01 0.4553300000D+01 0.6770000000D-01-0.1430000000D-02 0.2780100000D+01 0.2411000000D-01 0.2400000000D-04 0.2480000000D-01 0.4769873000D+01 0.1423000000D+01 0.1133900000D+01 0.4203700000D+01
1 1720090629200907112455011.5 0.3365000000D+00-0.1199000000D-01 0.2617220000D+02 0.6688000000D-01 0.3840000000D-03 0.2444000000D+00 0.3446167000D+01 0.1189300000D+01 0.4077900000D+01 0.9541000000D+00 0.5100000000D-01-0.1510000000D-02 0.2495100000D+01 0.2401000000D-01 0.4000000000D-04 0.2210000000D-01 0.3116978000D+01 0.6026100000D+01 0.3902700000D+01 0.6488000000D+00
1 1820090711200907232455023.5 0.1890000000D+00-0.1199000000D-01 0.2571510000D+02 0.6473000000D-01 0.3950000000D-03 0.2391000000D+00 0.1745426000D+01 0.5838100000D+01 0.1850600000D+01 0.3645800000D+01 0.3230000000D-01-0.1450000000D-02 0.2220400000D+01 0.2307000000D-01 0.8100000000D-04 0.1960000000D-01 0.1471398000D+01 0.4330200000D+01 0.1883800000D+01 0.3395800000D+01
1 1920090723200908042455035.5 0.5750000000D-01-0.1163000000D-01 0.2532560000D+02 0.6123000000D-01 0.4090000000D-03 0.2345000000D+00 0.4287100000D-01 0.4194600000D+01 0.5797800000D+01 0.2770000000D-01 0.1560000000D-01-0.1260000000D-02 0.1968100000D+01 0.2167000000D-01 0.1240000000D-03 0.1740000000D-01 0.6118527000D+01 0.2612700000D+01 0.6199700000D+01 0.6137300000D+01
1 2020090804200908162455047.5-0.8800000000D-01-0.1089000000D-01 0.2499090000D+02 0.5664000000D-01 0.3800000000D-03 0.2342000000D+00 0.4622251000D+01 0.2611800000D+01 0.3648500000D+01 0.2712400000D+01 0.3000000000D-03-0.1050000000D-02 0.1745600000D+01 0.1931000000D-01 0.1430000000D-03 0.1570000000D-01 0.4494533000D+01 0.8706000000D+00 0.4404000000D+01 0.2634100000D+01
1 2120090816200908282455059.5-0.2144000000D+00-0.9570000000D-02 0.2472690000D+02 0.5427000000D-01 0.2170000000D-03 0.2329000000D+00 0.2918172000D+01 0.1081000000D+01 0.1053800000D+01 0.5395500000D+01-0.1230000000D-01-0.8000000000D-03 0.1563500000D+01 0.1646000000D-01 0.1380000000D-03 0.1410000000D-01 0.2884572000D+01 0.5380000000D+01 0.2704800000D+01 0.5420400000D+01
1 2220090828200909092455071.5-0.3362000000D+00-0.8700000000D-02 0.2455420000D+02 0.5777000000D-01 0.2020000000D-03 0.2356000000D+00 0.1214752000D+01 0.5776300000D+01 0.2973800000D+01 0.1806600000D+01-0.2220000000D-01-0.6000000000D-03 0.1430100000D+01 0.1356000000D-01 0.1450000000D-03 0.1330000000D-01 0.1288433000D+01 0.3577400000D+01 0.1148200000D+01 0.1939900000D+01
1 2320090909200909212455083.5-0.4459000000D+00-0.7280000000D-02 0.2446980000D+02 0.5792000000D-01 0.5680000000D-03 0.2324000000D+00 0.5794233000D+01 0.4127500000D+01 0.5618000000D+00 0.4505200000D+01-0.2970000000D-01-0.4200000000D-03 0.1349800000D+01 0.1106000000D-01 0.1620000000D-03 0.1270000000D-01 0.5983336000D+01 0.1693600000D+01 0.5855700000D+01 0.4749400000D+01
1 2420090921200910032455095.5-0.5315000000D+00-0.6430000000D-02 0.2446160000D+02 0.5257000000D-01 0.6020000000D-03 0.2328000000D+00 0.4090962000D+01 0.2497000000D+01 0.4655400000D+01 0.9163000000D+00-0.3490000000D-01-0.2900000000D-03 0.1323800000D+01 0.9500000000D-02 0.1670000000D-03 0.1270000000D-01 0.4394932000D+01 0.5972300000D+01 0.4144200000D+01 0.1266600000D+01
1 2520091003200910152455107.5-0.6139000000D+00-0.5010000000D-02 0.2452020000D+02 0.4717000000D-01 0.4380000000D-03 0.2317000000D+00 0.2389249000D+01 0.9675000000D+00 0.2575800000D+01 0.3615000000D+01-0.3850000000D-01-0.1600000000D-03 0.1350000000D+01 0.9360000000D-02 0.1500000000D-03 0.1320000000D-01 0.2797441000D+01 0.3876600000D+01 0.2428000000D+01 0.4066400000D+01
1 2620091015200910272455119.5-0.6623000000D+00-0.3490000000D-02 0.2466470000D+02 0.4256000000D-01 0.2350000000D-03 0.2333000000D+00 0.6893640000D+00 0.5775000000D+01 0.3788000000D+00 0.1240000000D-01-0.4010000000D-01-0.3000000000D-04 0.1425300000D+01 0.1068000000D-01 0.1220000000D-03 0.1400000000D-01 0.1184368000D+01 0.1847100000D+01 0.7599000000D+00 0.5520000000D+00
1 2720091027200911082455131.5-0.7078000000D+00-0.1600000000D-02 0.2488400000D+02 0.4257000000D-01 0.9000000000D-04 0.2372000000D+00 0.5275529000D+01 0.4306800000D+01 0.4823200000D+01 0.2719800000D+01-0.4070000000D-01 0.1500000000D-03 0.1544500000D+01 0.1255000000D-01 0.1090000000D-03 0.1540000000D-01 0.5836861000D+01 0.6218000000D+01 0.5529100000D+01 0.3313000000D+01
1 2820091108200911202455143.5-0.7196000000D+00 0.8700000000D-03 0.2518020000D+02 0.4635000000D-01 0.2850000000D-03 0.2420000000D+00 0.3581622000D+01 0.2793900000D+01 0.5384100000D+01 0.5418800000D+01-0.3860000000D-01 0.3500000000D-03 0.1700300000D+01 0.1470000000D-01 0.9900000000D-04 0.1690000000D-01 0.4189552000D+01 0.4404100000D+01 0.3923600000D+01 0.6054900000D+01
1 2920091120200912022455155.5-0.7150000000D+00 0.3070000000D-02 0.2557540000D+02 0.4544000000D-01 0.5690000000D-03 0.2495000000D+00 0.1890920000D+01 0.1191800000D+01 0.3227200000D+01 0.1857100000D+01-0.3520000000D-01 0.5900000000D-03 0.1887100000D+01 0.1651000000D-01 0.8900000000D-04 0.1900000000D-01 0.2529776000D+01 0.2653000000D+01 0.2106900000D+01 0.2495600000D+01
1 3020091202200912142455167.5-0.6824000000D+00 0.5740000000D-02 0.2603380000D+02 0.4178000000D-01 0.7660000000D-03 0.2517000000D+00 0.2030790000D+00 0.5948300000D+01 0.1054000000D+01 0.4578300000D+01-0.2790000000D-01 0.8500000000D-03 0.2095900000D+01 0.1797000000D-01 0.7600000000D-04 0.2110000000D-01 0.8610810000D+00 0.9338000000D+00 0.1287000000D+00 0.5233100000D+01
1 3120091214200912262455179.5-0.6150000000D+00 0.7660000000D-02 0.2653430000D+02 0.4213000000D-01 0.5100000000D-03 0.2581000000D+00 0.4801715000D+01 0.4582200000D+01 0.5430600000D+01 0.1022700000D+01-0.1830000000D-01 0.1050000000D-02 0.2317800000D+01 0.1909000000D-01 0.5700000000D-04 0.2340000000D-01 0.5470225000D+01 0.5506200000D+01 0.3801000000D+01 0.1677000000D+01
1 3220091226201001072455191.5-0.5292000000D+00 0.9860000000D-02 0.2707040000D+02 0.4714000000D-01 0.1540000000D-03 0.2604000000D+00 0.3121639000D+01 0.3133900000D+01 0.4459400000D+01 0.3750000000D+01-0.5300000000D-02 0.1270000000D-02 0.2544300000D+01 0.1931000000D-01 0.7500000000D-04 0.2580000000D-01 0.3793457000D+01 0.3773600000D+01 0.9884000000D+00 0.4415500000D+01
2 3320081231200902192454831.5-0.9420000000D-01 0.1580000000D-02 0.3627170000D+02 0.6972000000D-01 0.5570000000D-03 0.9310000000D-01 0.5487678000D+01 0.5480000000D+01 0.1573100000D+01-0.4478200000D+01-0.1100000000D-01 0.3000000000D-04 0.3088400000D+01 0.7000000000D-02 0.2060000000D-03 0.7500000000D-02 0.5324604000D+01 0.4839900000D+01 0.4014300000D+01-0.4826000000D+01
2 3420090219200904102454881.5-0.1040000000D-01 0.2010000000D-02 0.3876510000D+02 0.4657000000D-01 0.7400000000D-03 0.9370000000D-01 0.2333193000D+01 0.3368900000D+01 0.5828500000D+01-0.4876400000D+01-0.9800000000D-02 0.0000000000D+00 0.3572900000D+01 0.2727000000D-01 0.1160000000D-03 0.1050000000D-01 0.1966957000D+01 0.1049700000D+01 0.4556800000D+01-0.5255800000D+01
2 3520090410200905302454931.5 0.9040000000D-01 0.1330000000D-02 0.3827640000D+02 0.4884000000D-01 0.5780000000D-03 0.9370000000D-01 0.5473145000D+01 0.2130000000D+01 0.3518800000D+01-0.5251000000D+01-0.9300000000D-02 0.1700000000D-03 0.4247100000D+01 0.1396000000D-01 0.2520000000D-03 0.1080000000D-01 0.4854106000D+01 0.3807400000D+01 0.1129300000D+01-0.5867500000D+01
2 3620090530200907192454981.5 0.1558000000D+00 0.5400000000D-03 0.3538530000D+02 0.8056000000D-01 0.3100000000D-03 0.8280000000D-01 0.2271669000D+01 0.6036100000D+01 0.1226200000D+01-0.5694800000D+01-0.5000000000D-03 0.2000000000D-03 0.4092400000D+01 0.1476000000D-01 0.1350000000D-03 0.9200000000D-02 0.1612885000D+01 0.4688100000D+01 0.3734000000D+01-0.6460000000D-01
2 3720090719200909072455031.5 0.1830000000D+00 0.3800000000D-03 0.3264130000D+02 0.8738000000D-01 0.2440000000D-03 0.7900000000D-01 0.5284905000D+01 0.3209500000D+01 0.5191400000D+01-0.6215300000D+01 0.1010000000D-01 0.1400000000D-03 0.3208700000D+01 0.2457000000D-01 0.9600000000D-04 0.6600000000D-02 0.4822737000D+01 0.1036400000D+01 0.5785100000D+01-0.1120000000D+00
2 3820090907200910272455081.5 0.2018000000D+00 0.3800000000D-03 0.3138280000D+02 0.8066000000D-01 0.3190000000D-03 0.7620000000D-01 0.1983236000D+01 0.3068000000D+00 0.2364800000D+01-0.4417000000D+00 0.1680000000D-01 0.6000000000D-04 0.2543100000D+01 0.2658000000D-01 0.8800000000D-04 0.6600000000D-02 0.2019444000D+01 0.3753800000D+01 0.1825400000D+01-0.1048000000D+00
2 3920091027200912162455131.5 0.2217000000D+00 0.5200000000D-03 0.3191070000D+02 0.7236000000D-01 0.4040000000D-03 0.7970000000D-01 0.4972375000D+01 0.3830800000D+01 0.5801800000D+01-0.9107000000D+00 0.2020000000D-01-0.5000000000D-04 0.2834900000D+01 0.2525000000D-01 0.1120000000D-03 0.7400000000D-02 0.5586085000D+01 0.2236000000D+00 0.3804200000D+01-0.1868000000D+00
2 4020091216201002042455181.5 0.2499000000D+00 0.3200000000D-03 0.3416280000D+02 0.7010000000D-01 0.4660000000D-03 0.8180000000D-01 0.1720240000D+01 0.1267400000D+01 0.3380700000D+01-0.1326100000D+01 0.1730000000D-01-0.9000000000D-04 0.3607800000D+01 0.1561000000D-01 0.2280000000D-03 0.9500000000D-02 0.2611453000D+01 0.3030300000D+01 0.1640000000D+00-0.3953000000D+00
3 4120081231200902242454831.5-0.8000000000D-03-0.3000000000D-04 0.4487300000D+02 0.9408000000D-01 0.7590000000D-03 0.8900000000D-02 0.1824669000D+01 0.2160800000D+01 0.4235000000D+01-0.5609800000D+01 0.4000000000D-03-0.1000000000D-04 0.4035900000D+01 0.4460000000D-02 0.2470000000D-03 0.5000000000D-03 0.1873989000D+01 0.1626400000D+01 0.3770000000D+00-0.3904100000D+01
3 4220090224200904202454886.5-0.3700000000D-02 0.1200000000D-03 0.4814780000D+02 0.8977000000D-01 0.9270000000D-03 0.7300000000D-02 0.2717939000D+01 0.4086500000D+01 0.3670000000D-01-0.3537400000D+01 0.1100000000D-02-0.3000000000D-04 0.4386900000D+01 0.3026000000D-01 0.1740000000D-03 0.1100000000D-02 0.2524087000D+01 0.1395500000D+01 0.4803800000D+01-0.4541600000D+01
3 4320090420200906142454941.5 0.1800000000D-02-0.8000000000D-04 0.4681830000D+02 0.8037000000D-01 0.6580000000D-03 0.5900000000D-02 0.3621887000D+01 0.4100000000D-02 0.1927200000D+01-0.1975600000D+01 0.3000000000D-03 0.0000000000D+00 0.4878700000D+01 0.9410000000D-02 0.2710000000D-03 0.1000000000D-02 0.3125134000D+01 0.1508600000D+01 0.5529500000D+01-0.2713500000D+01
3 4420090614200908082454996.5-0.6000000000D-03 0.0000000000D+00 0.4268680000D+02 0.8364000000D-01 0.4090000000D-03 0.4600000000D-02 0.4451356000D+01 0.1752700000D+01 0.3734300000D+01-0.1457000000D+00 0.7000000000D-03-0.1000000000D-04 0.4262900000D+01 0.2480000000D-01 0.1190000000D-03 0.5000000000D-03 0.3959377000D+01 0.3727000000D+00 0.5739500000D+01-0.1499100000D+01
3 4520090808200910022455051.5-0.1100000000D-02 0.2000000000D-04 0.3956950000D+02 0.7587000000D-01 0.3950000000D-03 0.4300000000D-02 0.5209217000D+01 0.3140000000D+01 0.5249200000D+01-0.5261900000D+01 0.3000000000D-03 0.0000000000D+00 0.3109000000D+01 0.3369000000D-01 0.8800000000D-04 0.3000000000D-03 0.5091260000D+01 0.8754000000D+00 0.5446300000D+01-0.4372800000D+01
3 4620091002200911262455106.5-0.1300000000D-02 0.4000000000D-04 0.3893800000D+02 0.6587000000D-01 0.4890000000D-03 0.4000000000D-02 0.5944364000D+01 0.4583400000D+01 0.2263000000D+00-0.3686700000D+01 0.3000000000D-03-0.1000000000D-04 0.3009200000D+01 0.3399000000D-01 0.9300000000D-04 0.6000000000D-03 0.2410280000D+00 0.1396200000D+01 0.5071600000D+01-0.2983300000D+01
3 4720091126201001202455161.5 0.8000000000D-03-0.2000000000D-04 0.4100820000D+02 0.7318000000D-01 0.5950000000D-03 0.6300000000D-02 0.4223680000D+00 0.6256800000D+01 0.1747200000D+01-0.2283900000D+01 0.0000000000D+00-0.1000000000D-04 0.4042100000D+01 0.2627000000D-01 0.2370000000D-03 0.4000000000D-03 0.1427572000D+01 0.2031500000D+01 0.5187300000D+01-0.2335000000D+00
4 4820081231200902192454831.5-0.1936000000D+00-0.1200000000D-03 0.5749940000D+02 0.1114600000D+00 0.9390000000D-03 0.7230000000D-01 0.9923640000D+00 0.9663000000D+00 0.3316000000D+01 0.1496000000D+00-0.1470000000D-01-0.2000000000D-04 0.4885300000D+01 0.1133000000D-01 0.3190000000D-03 0.4200000000D-02 0.8260650000D+00 0.2970000000D+00 0.5816400000D+01 0.6199700000D+01
4 4920090219200904102454881.5-0.1945000000D+00 0.1300000000D-03 0.6146310000D+02 0.7981000000D-01 0.1148000000D-02 0.7390000000D-01 0.2719264000D+01 0.3802400000D+01 0.6123100000D+01 0.3504400000D+01-0.1940000000D-01-0.4000000000D-04 0.5666900000D+01 0.4296000000D-01 0.1900000000D-03 0.4500000000D-02 0.2348023000D+01 0.1440000000D+01 0.4828400000D+01 0.3200700000D+01
4 5020090410200905302454931.5-0.1925000000D+00 0.4300000000D-03 0.6068650000D+02 0.8372000000D-01 0.8840000000D-03 0.6980000000D-01 0.4467165000D+01 0.9110000000D+00 0.2524100000D+01 0.5709000000D+00-0.2030000000D-01 0.1000000000D-04 0.6744700000D+01 0.2030000000D-01 0.3990000000D-03 0.7800000000D-02 0.3843293000D+01 0.2872000000D+01 0.1182000000D+00 0.6218200000D+01
4 5120090530200907192454981.5-0.1669000000D+00 0.2500000000D-03 0.5609640000D+02 0.1155500000D+00 0.5420000000D-03 0.6170000000D-01 0.6163688000D+01 0.3489000000D+01 0.5108900000D+01 0.3888000000D+01-0.2130000000D-01 0.8000000000D-04 0.6509300000D+01 0.2359000000D-01 0.2030000000D-03 0.4900000000D-02 0.5501039000D+01 0.2170100000D+01 0.1409000000D+01 0.3443900000D+01
4 5220090719200909072455031.5-0.1541000000D+00 0.1600000000D-03 0.5175280000D+02 0.1226000000D+00 0.4370000000D-03 0.5700000000D-01 0.1510507000D+01 0.5643300000D+01 0.1217700000D+01 0.8647000000D+00-0.1590000000D-01 0.7000000000D-04 0.5111200000D+01 0.3997000000D-01 0.1390000000D-03 0.5500000000D-02 0.1044467000D+01 0.3508900000D+01 0.2015700000D+01 0.5869000000D+00
4 5320090907200910272455081.5-0.1473000000D+00-0.1400000000D-03 0.4974870000D+02 0.1167600000D+00 0.4930000000D-03 0.5720000000D-01 0.3103812000D+01 0.1422400000D+01 0.3328600000D+01 0.4056600000D+01-0.1180000000D-01 0.8000000000D-04 0.4053700000D+01 0.4310000000D-01 0.1360000000D-03 0.4700000000D-02 0.3134299000D+01 0.4868900000D+01 0.2899400000D+01 0.4271800000D+01
4 5420091027200912162455131.5-0.1552000000D+00-0.1400000000D-03 0.5060540000D+02 0.1120600000D+00 0.6180000000D-03 0.6080000000D-01 0.4697515000D+01 0.3557400000D+01 0.5469800000D+01 0.9796000000D+00-0.7300000000D-02 0.4000000000D-04 0.4509300000D+01 0.4046000000D-01 0.1810000000D-03 0.6500000000D-02 0.5304864000D+01 0.6232200000D+01 0.3537300000D+01 0.2006800000D+01
4 5520091216201002042455181.5-0.1604000000D+00-0.2200000000D-03 0.5415700000D+02 0.1126400000D+00 0.7710000000D-03 0.6790000000D-01 0.4333000000D-01 0.5853800000D+01 0.1707700000D+01 0.4209600000D+01-0.6400000000D-02 0.2000000000D-04 0.5739600000D+01 0.2493000000D-01 0.3600000000D-03 0.7500000000D-02 0.9290540000D+00 0.1346400000D+01 0.4763200000D+01 0.5202900000D+01
5 5620081231200902222454831.5-0.5800000000D-02 0.1200000000D-03 0.8031530000D+02 0.1570200000D+00 0.1372000000D-02 0.5430000000D-01 0.3257045000D+01 0.3252900000D+01 0.5580900000D+01 0.3420700000D+01-0.1700000000D-02 0.2000000000D-04 0.6342100000D+01 0.1511000000D-01 0.4290000000D-03 0.4000000000D-02 0.3129030000D+01 0.2536600000D+01 0.1816500000D+01 0.3281200000D+01
5 5720090222200904162454884.5-0.1700000000D-02 0.2000000000D-03 0.8600560000D+02 0.1196300000D+00 0.1596000000D-02 0.5330000000D-01 0.1612625000D+01 0.2824500000D+01 0.5068600000D+01 0.1065000000D+00-0.1000000000D-02-0.8000000000D-04 0.7458200000D+01 0.6021000000D-01 0.3180000000D-03 0.5400000000D-02 0.1243947000D+01 0.3254000000D+00 0.3630800000D+01 0.5965100000D+01
5 5820090416200906082454937.5 0.5400000000D-02 0.8000000000D-04 0.8419610000D+02 0.1304000000D+00 0.1161000000D-02 0.5050000000D-01 0.6274059000D+01 0.2738200000D+01 0.4472600000D+01 0.3100800000D+01-0.5800000000D-02 0.4000000000D-04 0.8944500000D+01 0.2022000000D-01 0.5270000000D-03 0.5200000000D-02 0.5636635000D+01 0.4596200000D+01 0.1905200000D+01 0.2448900000D+01
5 5920090608200907312454990.5 0.5400000000D-02-0.2000000000D-04 0.7712810000D+02 0.1579700000D+00 0.7560000000D-03 0.4420000000D-01 0.4592611000D+01 0.1931800000D+01 0.3710900000D+01 0.5929600000D+01-0.3900000000D-02 0.3000000000D-04 0.8284700000D+01 0.3900000000D-01 0.2350000000D-03 0.4500000000D-02 0.3947856000D+01 0.4652000000D+00 0.5993200000D+01 0.5493200000D+01
5 6020090731200909222455043.5 0.2200000000D-02-0.1600000000D-03 0.7128640000D+02 0.1587800000D+00 0.6470000000D-03 0.4070000000D-01 0.2840465000D+01 0.7645000000D+00 0.2658400000D+01 0.2460700000D+01-0.2100000000D-02 0.5000000000D-04 0.6185700000D+01 0.5863000000D-01 0.1780000000D-03 0.3400000000D-02 0.2480155000D+01 0.4765400000D+01 0.3135000000D+01 0.2424000000D+01
5 6120090922200911142455096.5-0.7000000000D-02-0.1900000000D-03 0.6942850000D+02 0.1522100000D+00 0.7280000000D-03 0.4070000000D-01 0.1054623000D+01 0.5813400000D+01 0.1397400000D+01 0.5254400000D+01 0.5000000000D-03 0.8000000000D-04 0.5260100000D+01 0.6078000000D-01 0.1830000000D-03 0.3600000000D-02 0.1329935000D+01 0.2751100000D+01 0.5334000000D+00 0.5815000000D+01
5 6220091114201001062455149.5-0.1510000000D-01-0.1900000000D-03 0.7209080000D+02 0.1533500000D+00 0.9220000000D-03 0.4510000000D-01 0.5560675000D+01 0.4670100000D+01 0.3324000000D+00 0.1798800000D+01 0.4900000000D-02 0.2000000000D-04 0.6693200000D+01 0.5236000000D-01 0.3440000000D-03 0.4400000000D-02 0.8643500000D-01 0.7568000000D+00 0.4141400000D+01 0.2676700000D+01
6 6320081231200901182454831.5-0.1580800000D+01-0.3423000000D-01 0.1857837000D+03 0.3558400000D+00 0.0000000000D+00 0.2826800000D+01 0.4959100000D-01 0.2477000000D+00 0.0000000000D+00 0.3484100000D+01-0.3223000000D+00 0.4760000000D-02 0.1463320000D+02 0.4487000000D-01 0.0000000000D+00 0.2239000000D+00 0.6193334000D+01 0.5235500000D+01 0.0000000000D+00 0.3340700000D+01
6 6420090118200902052454849.5-0.1248000000D+01-0.8556000000D-01 0.1910259000D+03 0.3894000000D+00 0.0000000000D+00 0.2932900000D+01 0.8635410000D+00 0.1379300000D+01 0.0000000000D+00 0.5118700000D+01-0.3658000000D+00 0.6070000000D-02 0.1526490000D+02 0.8100000000D-01 0.0000000000D+00 0.2315000000D+00 0.6785110000D+00 0.5866900000D+01 0.0000000000D+00 0.4888800000D+01
6 6520090205200902232454867.5-0.2896900000D+01 0.1055600000D+00 0.1970645000D+03 0.3004700000D+00 0.0000000000D+00 0.2899100000D+01 0.1682329000D+01 0.2989900000D+01 0.0000000000D+00 0.4909000000D+00-0.4536000000D+00 0.9960000000D-02 0.1620820000D+02 0.1041600000D+00 0.0000000000D+00 0.2384000000D+00 0.1406207000D+01 0.3153000000D+00 0.0000000000D+00 0.1471000000D+00
6 6620090223200903132454885.5-0.1251200000D+01-0.5180000000D-01 0.1995521000D+03 0.2068200000D+00 0.0000000000D+00 0.2873000000D+01 0.2519470000D+01 0.3851100000D+01 0.0000000000D+00 0.2100800000D+01-0.2841000000D+00-0.2062000000D-01 0.1727630000D+02 0.1353200000D+00 0.0000000000D+00 0.2518000000D+00 0.2130294000D+01 0.1221600000D+01 0.0000000000D+00 0.1613000000D+01
6 6720090313200903312454903.5-0.2411100000D+01 0.1084000000D+00 0.1993105000D+03 0.3392700000D+00 0.0000000000D+00 0.2949200000D+01 0.3346287000D+01 0.5071200000D+01 0.0000000000D+00 0.3725600000D+01-0.6182000000D+00 0.4850000000D-02 0.1864610000D+02 0.9969000000D-01 0.0000000000D+00 0.2844000000D+00 0.2836790000D+01 0.2133600000D+01 0.0000000000D+00 0.3175200000D+01
6 6820090331200904182454921.5-0.1007100000D+01-0.2032000000D-01 0.1985410000D+03 0.3289000000D+00 0.0000000000D+00 0.2936500000D+01 0.4179345000D+01 0.3215000000D+00 0.0000000000D+00 0.5385500000D+01-0.7969000000D+00 0.2154000000D-01 0.1981810000D+02 0.6398000000D-01 0.0000000000D+00 0.2977000000D+00 0.3576862000D+01 0.3149900000D+01 0.0000000000D+00 0.4730300000D+01
6 6920090418200905062454939.5-0.4201000000D+00-0.8711000000D-01 0.1949582000D+03 0.4006300000D+00 0.0000000000D+00 0.2885800000D+01 0.5004304000D+01 0.1474400000D+01 0.0000000000D+00 0.7216000000D+00-0.5588000000D+00-0.6180000000D-02 0.2083350000D+02 0.1283000000D-01 0.0000000000D+00 0.3234000000D+00 0.4347236000D+01 0.2595500000D+01 0.0000000000D+00 0.4530000000D-01
6 7020090506200905242454957.5-0.2087800000D+01 0.1088700000D+00 0.1895761000D+03 0.3308300000D+00 0.0000000000D+00 0.2885200000D+01 0.5832202000D+01 0.2977000000D+01 0.0000000000D+00 0.2372400000D+01-0.6973000000D+00 0.9620000000D-02 0.2077100000D+02 0.2576000000D-01 0.0000000000D+00 0.3203000000D+00 0.5146084000D+01 0.1938700000D+01 0.0000000000D+00 0.1687500000D+01
6 7120090524200906112454975.5-0.2643000000D+00-0.8971000000D-01 0.1825521000D+03 0.2551300000D+00 0.0000000000D+00 0.2713400000D+01 0.3517470000D+00 0.3508700000D+01 0.0000000000D+00 0.4019100000D+01-0.4794000000D+00-0.1118000000D-01 0.2006660000D+02 0.7326000000D-01 0.0000000000D+00 0.2925000000D+00 0.5950577000D+01 0.2233500000D+01 0.0000000000D+00 0.3332300000D+01
6 7220090611200906292454993.5-0.1596600000D+01 0.5050000000D-01 0.1781064000D+03 0.3776700000D+00 0.0000000000D+00 0.2567100000D+01 0.1153025000D+01 0.4649300000D+01 0.0000000000D+00 0.5602200000D+01-0.4322000000D+00-0.1268000000D-01 0.1878670000D+02 0.9897000000D-01 0.0000000000D+00 0.2763000000D+00 0.5025440000D+00 0.2988000000D+01 0.0000000000D+00 0.4998800000D+01
6 7320090629200907172455011.5-0.1649800000D+01 0.5953000000D-01 0.1727922000D+03 0.3749400000D+00 0.0000000000D+00 0.2499000000D+01 0.1945442000D+01 0.5606900000D+01 0.0000000000D+00 0.9242000000D+00-0.5859000000D+00 0.1326000000D-01 0.1738170000D+02 0.1311000000D+00 0.0000000000D+00 0.2418000000D+00 0.1359754000D+01 0.3905700000D+01 0.0000000000D+00 0.4216000000D+00
6 7420090717200908042455029.5-0.6720000000D-01-0.1418100000D+00 0.1683023000D+03 0.4480500000D+00 0.0000000000D+00 0.2338400000D+01 0.2741348000D+01 0.6975000000D+00 0.0000000000D+00 0.2490100000D+01-0.3738000000D+00 0.1260000000D-02 0.1556410000D+02 0.1297600000D+00 0.0000000000D+00 0.2188000000D+00 0.2254937000D+01 0.4645700000D+01 0.0000000000D+00 0.2101900000D+01
6 7520090804200908222455047.5-0.2143800000D+01 0.5995000000D-01 0.1635157000D+03 0.2624900000D+00 0.0000000000D+00 0.2372700000D+01 0.3513239000D+01 0.1675000000D+01 0.0000000000D+00 0.4036100000D+01-0.3293000000D+00 0.7880000000D-02 0.1391720000D+02 0.1400200000D+00 0.0000000000D+00 0.2045000000D+00 0.3179270000D+01 0.5351600000D+01 0.0000000000D+00 0.3828900000D+01
6 7620090822200909092455065.5-0.1456600000D+01-0.3456000000D-01 0.1621097000D+03 0.3165300000D+00 0.0000000000D+00 0.2389100000D+01 0.4289581000D+01 0.2433300000D+01 0.0000000000D+00 0.5638500000D+01-0.1275000000D+00-0.3380000000D-02 0.1277150000D+02 0.1402500000D+00 0.0000000000D+00 0.1964000000D+00 0.4152164000D+01 0.6151100000D+01 0.0000000000D+00 0.5616300000D+01
6 7720090909200909272455083.5-0.1695400000D+01-0.3794000000D-01 0.1609612000D+03 0.3057400000D+00 0.0000000000D+00 0.2371600000D+01 0.5063438000D+01 0.3395900000D+01 0.0000000000D+00 0.9351000000D+00-0.1536000000D+00 0.1062000000D-01 0.1207570000D+02 0.1310000000D+00 0.0000000000D+00 0.1877000000D+00 0.5166161000D+01 0.5067000000D+00 0.0000000000D+00 0.1164900000D+01
6 7820090927200910152455101.5-0.2872500000D+01 0.7250000000D-01 0.1610726000D+03 0.4002100000D+00 0.0000000000D+00 0.2442500000D+01 0.5842943000D+01 0.4450600000D+01 0.0000000000D+00 0.2531400000D+01-0.1295000000D+00 0.2171000000D-01 0.1228600000D+02 0.1175500000D+00 0.0000000000D+00 0.2013000000D+00 0.6187276000D+01 0.1191300000D+01 0.0000000000D+00 0.2955300000D+01
6 7920091015200911022455119.5-0.1657200000D+01-0.8801000000D-01 0.1614035000D+03 0.3010400000D+00 0.0000000000D+00 0.2417100000D+01 0.3276680000D+00 0.5713400000D+01 0.0000000000D+00 0.4151600000D+01 0.1698000000D+00 0.5000000000D-04 0.1299190000D+02 0.1308700000D+00 0.0000000000D+00 0.2156000000D+00 0.8861260000D+00 0.1856500000D+01 0.0000000000D+00 0.4770800000D+01
6 8020091102200911202455137.5-0.3072700000D+01 0.4041000000D-01 0.1651198000D+03 0.2948300000D+00 0.0000000000D+00 0.2395100000D+01 0.1105630000D+01 0.3140000000D-01 0.0000000000D+00 0.5721300000D+01 0.1533000000D+00 0.1128000000D-01 0.1443330000D+02 0.1167000000D+00 0.0000000000D+00 0.2285000000D+00 0.1826989000D+01 0.2666300000D+01 0.0000000000D+00 0.2077000000D+00
6 8120091120200912082455155.5-0.2625600000D+01-0.3302000000D-01 0.1682470000D+03 0.3494600000D+00 0.0000000000D+00 0.2485300000D+01 0.1889967000D+01 0.1162600000D+01 0.0000000000D+00 0.1019400000D+01 0.3183000000D+00 0.1910000000D-02 0.1599570000D+02 0.9780000000D-01 0.0000000000D+00 0.2453000000D+00 0.2734395000D+01 0.3325200000D+01 0.0000000000D+00 0.1868100000D+01
6 8220091208200912262455173.5-0.2287800000D+01-0.1104500000D+00 0.1729446000D+03 0.4097400000D+00 0.0000000000D+00 0.2509700000D+01 0.2681451000D+01 0.2077500000D+01 0.0000000000D+00 0.2615800000D+01 0.3375000000D+00 0.6800000000D-02 0.1746730000D+02 0.7832000000D-01 0.0000000000D+00 0.2637000000D+00 0.3598209000D+01 0.4086300000D+01 0.0000000000D+00 0.3529800000D+01
6 8320091226201001132455191.5-0.4672500000D+01 0.1414900000D+00 0.1769737000D+03 0.4377100000D+00 0.0000000000D+00 0.2660200000D+01 0.3467932000D+01 0.3632100000D+01 0.0000000000D+00 0.4175800000D+01 0.4384000000D+00-0.5000000000D-04 0.1871930000D+02 0.4206000000D-01 0.0000000000D+00 0.2749000000D+00 0.4436032000D+01 0.4758600000D+01 0.0000000000D+00 0.5188800000D+01
7 8420081231200901122454831.5 0.4386020000D+02-0.8886660000D+01 0.2044760000D+03 0.1307074000D+02 0.0000000000D+00 0.2467000000D+00 0.7604510000D+00 0.4863700000D+01 0.0000000000D+00 0.1959100000D+01 0.3439700000D+01-0.5984100000D+00 0.1354410000D+02 0.8810200000D+00 0.0000000000D+00 0.2150000000D-01 0.6248210000D+00 0.4706600000D+01 0.0000000000D+00 0.2264400000D+01
7 8520090112200901242454843.5-0.9050570000D+02 0.1255772000D+02 0.1701162000D+03 0.7409280000D+01 0.0000000000D+00 0.2806200000D+01 0.4177338000D+01 0.2483400000D+01 0.0000000000D+00 0.7393000000D+00-0.6410800000D+01 0.8914000000D+00 0.1132240000D+02 0.4971900000D+00 0.0000000000D+00 0.1892000000D+00 0.3978055000D+01 0.2199800000D+01 0.0000000000D+00 0.5211000000D+00
7 8620090124200902052454855.5 0.1026260000D+02-0.6710470000D+01 0.2051959000D+03 0.1532288000D+02 0.0000000000D+00 0.6056000000D+00 0.1677756000D+01 0.5926000000D+01 0.0000000000D+00 0.5367500000D+01 0.2078500000D+01-0.5686500000D+00 0.1330910000D+02 0.1012410000D+01 0.0000000000D+00 0.4170000000D-01 0.1433975000D+01 0.5673800000D+01 0.0000000000D+00 0.5088500000D+01
7 8720090205200902172454867.5-0.3909250000D+02 0.8545870000D+01 0.1966319000D+03 0.1046647000D+02 0.0000000000D+00 0.3953200000D+01 0.5125426000D+01 0.3351700000D+01 0.0000000000D+00 0.2817700000D+01-0.3726200000D+01 0.8144100000D+00 0.1284330000D+02 0.6749100000D+00 0.0000000000D+00 0.2498000000D+00 0.4786274000D+01 0.3027800000D+01 0.0000000000D+00 0.2495900000D+01
7 8820090217200903012454879.5-0.1765180000D+02-0.4645720000D+01 0.2050141000D+03 0.1660895000D+02 0.0000000000D+00 0.7485000000D+00 0.2514270000D+01 0.6153000000D+00 0.0000000000D+00 0.3725000000D+00 0.6979000000D+00-0.5075500000D+00 0.1415990000D+02 0.1193340000D+01 0.0000000000D+00 0.6350000000D-01 0.2115998000D+01 0.2278000000D+00 0.0000000000D+00 0.1229000000D+00
7 8920090301200903132454891.5 0.3628670000D+02-0.2158860000D+01 0.2356056000D+03 0.1305218000D+02 0.0000000000D+00 0.2355800000D+01 0.5840606000D+01 0.3721500000D+01 0.0000000000D+00 0.4206600000D+01 0.1017800000D+01 0.3679300000D+00 0.1687790000D+02 0.9753800000D+00 0.0000000000D+00 0.2233000000D+00 0.5436788000D+01 0.3452200000D+01 0.0000000000D+00 0.3815000000D+01
7 9020090313200903252454903.5-0.5761650000D+02 0.8699200000D+00 0.2032943000D+03 0.1509482000D+02 0.0000000000D+00 0.7045000000D+00 0.3212026000D+01 0.1422300000D+01 0.0000000000D+00 0.5420600000D+01-0.1030400000D+01-0.3750500000D+00 0.1582870000D+02 0.1305020000D+01 0.0000000000D+00 0.8200000000D-02 0.2732158000D+01 0.1001900000D+01 0.0000000000D+00 0.3324000000D+00
7 9120090325200904062454915.5 0.6338560000D+02-0.9943050000D+01 0.2257024000D+03 0.1336667000D+02 0.0000000000D+00 0.5813000000D+00 0.3063770000D+00 0.4317200000D+01 0.0000000000D+00 0.1053800000D+01 0.6712100000D+01-0.5500300000D+00 0.2100760000D+02 0.1367590000D+01 0.0000000000D+00 0.2140000000D-01 0.6000457000D+01 0.3770100000D+01 0.0000000000D+00 0.2597600000D+01
7 9220090406200904182454927.5-0.1081882000D+03 0.1257316000D+02 0.1777871000D+03 0.7712730000D+01 0.0000000000D+00 0.2853900000D+01 0.3755278000D+01 0.1972200000D+01 0.0000000000D+00 0.6078300000D+01-0.6951300000D+01 0.6549800000D+00 0.1851820000D+02 0.1023790000D+01 0.0000000000D+00 0.2918000000D+00 0.3137581000D+01 0.1280700000D+01 0.0000000000D+00 0.5651400000D+01
7 9320090418200904302454939.5 0.2633570000D+02-0.7551660000D+01 0.2075839000D+03 0.1440638000D+02 0.0000000000D+00 0.3348000000D+00 0.1271838000D+01 0.5442100000D+01 0.0000000000D+00 0.4329000000D+01 0.6291000000D+01-0.6972900000D+00 0.2028010000D+02 0.1426170000D+01 0.0000000000D+00 0.5540000000D-01 0.5146930000D+00 0.4657500000D+01 0.0000000000D+00 0.3269200000D+01
7 9420090430200905122454951.5-0.6031110000D+02 0.9975960000D+01 0.1820474000D+03 0.9178810000D+01 0.0000000000D+00 0.3376800000D+01 0.4716391000D+01 0.2939700000D+01 0.0000000000D+00 0.1945400000D+01-0.6904800000D+01 0.1051360000D+01 0.1808970000D+02 0.8335500000D+00 0.0000000000D+00 0.3226000000D+00 0.3886840000D+01 0.1975000000D+01 0.0000000000D+00 0.1062200000D+01
7 9520090512200905242454963.5-0.6821000000D+00-0.5725880000D+01 0.1923591000D+03 0.1500773000D+02 0.0000000000D+00 0.6912000000D+00 0.2142241000D+01 0.1699000000D+00 0.0000000000D+00 0.6026500000D+01 0.4812300000D+01-0.7239100000D+00 0.1820540000D+02 0.1357880000D+01 0.0000000000D+00 0.3810000000D-01 0.1366924000D+01 0.5674100000D+01 0.0000000000D+00 0.5022200000D+01
7 9620090524200906052454975.5-0.7574200000D+01 0.4705310000D+01 0.1960623000D+03 0.1078598000D+02 0.0000000000D+00 0.3318600000D+01 0.5555568000D+01 0.3638300000D+01 0.0000000000D+00 0.3662600000D+01-0.4206300000D+01 0.1052530000D+01 0.1661740000D+02 0.7387800000D+00 0.0000000000D+00 0.2853000000D+00 0.4812850000D+01 0.2996300000D+01 0.0000000000D+00 0.3189800000D+01
7 9720090605200906172454987.5-0.2757370000D+02-0.2842310000D+01 0.1817570000D+03 0.1456731000D+02 0.0000000000D+00 0.3999000000D+00 0.2906679000D+01 0.1067500000D+01 0.0000000000D+00 0.4631000000D+00 0.3148100000D+01-0.7528600000D+00 0.1564830000D+02 0.1207350000D+01 0.0000000000D+00 0.3000000000D-01 0.2254473000D+01 0.4984000000D+00 0.0000000000D+00 0.1471200000D+01
7 9820090617200906292454999.5 0.5812330000D+02-0.6853310000D+01 0.2080732000D+03 0.1220593000D+02 0.0000000000D+00 0.3120000000D+00 0.6166795000D+01 0.3892600000D+01 0.0000000000D+00 0.5349400000D+01 0.3261300000D+01-0.2317000000D-01 0.1930700000D+02 0.1135900000D+01 0.0000000000D+00 0.7670000000D-01 0.5635779000D+01 0.3436400000D+01 0.0000000000D+00 0.4277900000D+01
7 9920090629200907112455011.5-0.7819930000D+02 0.6635550000D+01 0.1684284000D+03 0.9721760000D+01 0.0000000000D+00 0.2000800000D+01 0.3418663000D+01 0.1597600000D+01 0.0000000000D+00 0.5626500000D+01-0.2078200000D+01-0.6493000000D-01 0.1531050000D+02 0.9654000000D+00 0.0000000000D+00 0.1518000000D+00 0.2968082000D+01 0.1182600000D+01 0.0000000000D+00 0.5336700000D+01
710020090711200907232455023.5 0.4235540000D+02-0.7377520000D+01 0.1833029000D+03 0.1197724000D+02 0.0000000000D+00 0.2470000000D+00 0.7609510000D+00 0.4867700000D+01 0.0000000000D+00 0.2700700000D+01 0.3960900000D+01-0.3833400000D+00 0.1607310000D+02 0.1039190000D+01 0.0000000000D+00 0.3440000000D-01 0.2634930000D+00 0.4338300000D+01 0.0000000000D+00 0.2288100000D+01
710120090723200908042455035.5-0.7393840000D+02 0.1049971000D+02 0.1510642000D+03 0.6812030000D+01 0.0000000000D+00 0.2373400000D+01 0.4170910000D+01 0.2385200000D+01 0.0000000000D+00 0.9570000000D+00-0.4738400000D+01 0.6004300000D+00 0.1265300000D+02 0.5416200000D+00 0.0000000000D+00 0.2108000000D+00 0.3737969000D+01 0.1791100000D+01 0.0000000000D+00 0.5119000000D+00
710220090804200908162455047.5 0.1912530000D+02-0.6132580000D+01 0.1678932000D+03 0.1249886000D+02 0.0000000000D+00 0.4537000000D+00 0.1644329000D+01 0.5912500000D+01 0.0000000000D+00 0.5349200000D+01 0.2003800000D+01-0.3413100000D+00 0.1256760000D+02 0.8720800000D+00 0.0000000000D+00 0.2010000000D-01 0.1345092000D+01 0.5596400000D+01 0.0000000000D+00 0.4397900000D+01
710320090816200908282455059.5-0.3290660000D+02 0.7917250000D+01 0.1582290000D+03 0.8292770000D+01 0.0000000000D+00 0.2843400000D+01 0.5086753000D+01 0.3294400000D+01 0.0000000000D+00 0.2998100000D+01-0.2310900000D+01 0.4718200000D+00 0.1088190000D+02 0.4895400000D+00 0.0000000000D+00 0.1902000000D+00 0.4932227000D+01 0.3150700000D+01 0.0000000000D+00 0.2919500000D+01
710420090828200909092455071.5-0.1509000000D+01-0.4774810000D+01 0.1600526000D+03 0.1284735000D+02 0.0000000000D+00 0.4735000000D+00 0.2458780000D+01 0.6050000000D+00 0.0000000000D+00 0.4616000000D+00 0.1629000000D+00-0.2818600000D+00 0.1068940000D+02 0.7922700000D+00 0.0000000000D+00 0.1520000000D-01 0.2491464000D+01 0.6887000000D+00 0.0000000000D+00 0.1254200000D+01
710520090909200909212455083.5 0.3476770000D+02-0.1481200000D+01 0.1907287000D+03 0.1117153000D+02 0.0000000000D+00 0.1272700000D+01 0.5777850000D+01 0.3629200000D+01 0.0000000000D+00 0.4130200000D+01 0.2357700000D+01-0.2827900000D+00 0.1259450000D+02 0.6570300000D+00 0.0000000000D+00 0.7400000000D-01 0.5947425000D+01 0.3764400000D+01 0.0000000000D+00 0.4613600000D+01
710620090921200910032455095.5-0.4111050000D+02 0.9707900000D+00 0.1639768000D+03 0.1140256000D+02 0.0000000000D+00 0.1087700000D+01 0.3086563000D+01 0.1296100000D+01 0.0000000000D+00 0.5424900000D+01-0.3569400000D+01 0.2485800000D+00 0.1079170000D+02 0.6400200000D+00 0.0000000000D+00 0.9400000000D-01 0.3418519000D+01 0.1696400000D+01 0.0000000000D+00 0.5415200000D+01
710720091003200910152455107.5 0.5458360000D+02-0.6748180000D+01 0.1838365000D+03 0.1174925000D+02 0.0000000000D+00 0.2840000000D+00 0.2494800000D+00 0.4322300000D+01 0.0000000000D+00 0.2149800000D+01 0.1563600000D+01-0.4723600000D+00 0.1240020000D+02 0.7172100000D+00 0.0000000000D+00 0.3210000000D-01 0.8500130000D+00 0.5020000000D+01 0.0000000000D+00 0.6716000000D+00
710820091015200910272455119.5-0.7588910000D+02 0.9674750000D+01 0.1558754000D+03 0.7110580000D+01 0.0000000000D+00 0.2407900000D+01 0.3658288000D+01 0.1771700000D+01 0.0000000000D+00 0.1637000000D+00-0.4297600000D+01 0.6252800000D+00 0.1103120000D+02 0.5173700000D+00 0.0000000000D+00 0.1498000000D+00 0.4476062000D+01 0.2907600000D+01 0.0000000000D+00 0.1041700000D+01
710920091027200911082455131.5 0.3659080000D+02-0.6473190000D+01 0.1704647000D+03 0.1217509000D+02 0.0000000000D+00 0.3347000000D+00 0.1157694000D+01 0.5398200000D+01 0.0000000000D+00 0.4561000000D+01-0.1664700000D+01-0.2236000000D+00 0.1463500000D+02 0.1067280000D+01 0.0000000000D+00 0.4320000000D-01 0.2013164000D+01 0.1500000000D-01 0.0000000000D+00 0.5915200000D+01
711020091108200911202455143.5-0.4703340000D+02 0.9488100000D+01 0.1567661000D+03 0.7521890000D+01 0.0000000000D+00 0.2542900000D+01 0.4601447000D+01 0.2816000000D+01 0.0000000000D+00 0.2346500000D+01-0.2521000000D+00 0.1760700000D+00 0.1545980000D+02 0.8597600000D+00 0.0000000000D+00 0.2774000000D+00 0.5545338000D+01 0.3717400000D+01 0.0000000000D+00 0.3173800000D+01
711120091120200912022455155.5 0.1858210000D+02-0.6123190000D+01 0.1647209000D+03 0.1279803000D+02 0.0000000000D+00 0.4056000000D+00 0.2035429000D+01 0.1821000000D+00 0.0000000000D+00 0.2373000000D+00-0.4060100000D+01 0.1450000000D-02 0.1636940000D+02 0.1269190000D+01 0.0000000000D+00 0.4330000000D-01 0.2965079000D+01 0.1084200000D+01 0.0000000000D+00 0.5860000000D+00
711220091202200912142455167.5 0.1369710000D+02 0.2959390000D+01 0.1930626000D+03 0.1094844000D+02 0.0000000000D+00 0.2052600000D+01 0.5458249000D+01 0.3438600000D+01 0.0000000000D+00 0.3830000000D+01 0.4916300000D+01-0.7907800000D+00 0.1860160000D+02 0.9572200000D+00 0.0000000000D+00 0.1083000000D+00 0.2032100000D-01 0.4114000000D+01 0.0000000000D+00 0.4854100000D+01
711320091214200912262455179.5-0.1521380000D+02-0.2746240000D+01 0.1759649000D+03 0.1304123000D+02 0.0000000000D+00 0.5930000000D+00 0.2805912000D+01 0.1063500000D+01 0.0000000000D+00 0.5264500000D+01-0.7974800000D+01 0.7063400000D+00 0.1645050000D+02 0.1013710000D+01 0.0000000000D+00 0.1216000000D+00 0.3698076000D+01 0.1948700000D+01 0.0000000000D+00 0.5570900000D+01
711420091226201001072455191.5 0.6344140000D+02-0.6137140000D+01 0.2131516000D+03 0.1356836000D+02 0.0000000000D+00 0.2303000000D+00 0.6198489000D+01 0.3992400000D+01 0.0000000000D+00 0.2393200000D+01 0.2751400000D+01-0.8698000000D+00 0.1893020000D+02 0.1103000000D+01 0.0000000000D+00 0.5060000000D-01 0.1036563000D+01 0.5190300000D+01 0.0000000000D+00 0.6762000000D+00
811520081231200902052454831.5-0.8236400000D+01 0.1403930000D+01 0.5560936000D+03 0.0000000000D+00 0.0000000000D+00 0.7571200000D+01 0.3472502000D+01 0.0000000000D+00 0.0000000000D+00 0.3330200000D+01 0.3451100000D+01-0.1865000000D+00 0.1095550000D+03 0.0000000000D+00 0.0000000000D+00 0.1660900000D+01 0.5950732000D+01 0.0000000000D+00 0.0000000000D+00 0.5556300000D+01
811620090205200903132454867.5 0.1113860000D+02-0.7853500000D+00 0.5855364000D+03 0.0000000000D+00 0.0000000000D+00 0.8216400000D+01 0.9399900000D-01 0.0000000000D+00 0.0000000000D+00 0.3443600000D+01 0.4648100000D+01 0.7455000000D-01 0.1079830000D+03 0.0000000000D+00 0.0000000000D+00 0.9049000000D+00 0.2606702000D+01 0.0000000000D+00 0.0000000000D+00 0.4290000000D-01
811720090313200904182454903.5 0.2374640000D+02-0.1278000000D+00 0.5804823000D+03 0.0000000000D+00 0.0000000000D+00 0.1389970000D+02 0.3019301000D+01 0.0000000000D+00 0.0000000000D+00 0.2415600000D+01-0.2862100000D+01-0.8281000000D-01 0.9896170000D+02 0.0000000000D+00 0.0000000000D+00 0.3095200000D+01 0.5531646000D+01 0.0000000000D+00 0.0000000000D+00 0.5276900000D+01
811820090418200905242454939.5-0.1979430000D+02 0.1064900000D+01 0.5457940000D+03 0.0000000000D+00 0.0000000000D+00 0.5079300000D+01 0.5928923000D+01 0.0000000000D+00 0.0000000000D+00 0.1794900000D+01 0.5820200000D+01-0.1251000000D+00 0.8562720000D+02 0.0000000000D+00 0.0000000000D+00 0.1095000000D+01 0.2148992000D+01 0.0000000000D+00 0.0000000000D+00 0.3741000000D+01
811920090524200906292454975.5 0.3352160000D+02-0.9177900000D+00 0.5075382000D+03 0.0000000000D+00 0.0000000000D+00 0.9798700000D+01 0.2481103000D+01 0.0000000000D+00 0.0000000000D+00 0.1780000000D+01-0.3763300000D+01 0.2648200000D+00 0.7829870000D+02 0.0000000000D+00 0.0000000000D+00 0.1299600000D+01 0.4948274000D+01 0.0000000000D+00 0.0000000000D+00 0.4115400000D+01
812020090629200908042455011.5-0.1989520000D+02 0.1222080000D+01 0.4666380000D+03 0.0000000000D+00 0.0000000000D+00 0.8063500000D+01 0.5294845000D+01 0.0000000000D+00 0.0000000000D+00 0.5022000000D+00 0.6128500000D+01-0.3761000000D+00 0.7854460000D+02 0.0000000000D+00 0.0000000000D+00 0.1395700000D+01 0.1407659000D+01 0.0000000000D+00 0.0000000000D+00 0.3287600000D+01
812120090804200909092455047.5 0.3983850000D+02-0.1593280000D+01 0.4398935000D+03 0.0000000000D+00 0.0000000000D+00 0.6783700000D+01 0.1784762000D+01 0.0000000000D+00 0.0000000000D+00 0.2244000000D+00-0.4636900000D+01 0.3915200000D+00 0.8715790000D+02 0.0000000000D+00 0.0000000000D+00 0.1241000000D+01 0.4149836000D+01 0.0000000000D+00 0.0000000000D+00 0.1893200000D+01
812220090909200910152455083.5-0.2516870000D+02 0.1458800000D+01 0.4359382000D+03 0.0000000000D+00 0.0000000000D+00 0.7318700000D+01 0.4544189000D+01 0.0000000000D+00 0.0000000000D+00 0.5794400000D+01 0.1188350000D+02-0.5091500000D+00 0.9699780000D+02 0.0000000000D+00 0.0000000000D+00 0.1741900000D+01 0.5931100000D+00 0.0000000000D+00 0.0000000000D+00 0.2184800000D+01
812320091015200911202455119.5 0.2140370000D+02-0.8724600000D+00 0.4609542000D+03 0.0000000000D+00 0.0000000000D+00 0.8003200000D+01 0.1037741000D+01 0.0000000000D+00 0.0000000000D+00 0.4591300000D+01-0.1003230000D+02 0.5677100000D+00 0.1117782000D+03 0.0000000000D+00 0.0000000000D+00 0.1971200000D+01 0.3360025000D+01 0.0000000000D+00 0.0000000000D+00 0.7207000000D+00
812420091120200912262455155.5-0.1220400000D+02 0.9428500000D+00 0.4885209000D+03 0.0000000000D+00 0.0000000000D+00 0.6283100000D+01 0.3825270000D+01 0.0000000000D+00 0.0000000000D+00 0.4905200000D+01 0.1348460000D+02-0.4218500000D+00 0.1264570000D+03 0.0000000000D+00 0.0000000000D+00 0.1387500000D+01 0.6182066000D+01 0.0000000000D+00 0.0000000000D+00 0.9426000000D+00
812520091226201001312455191.5 0.2081700000D+02-0.1348720000D+01 0.5282598000D+03 0.0000000000D+00 0.0000000000D+00 0.1060800000D+02 0.3579730000D+00 0.0000000000D+00 0.0000000000D+00 0.3751300000D+01-0.2680500000D+01 0.3001700000D+00 0.1393760000D+03 0.0000000000D+00 0.0000000000D+00 0.3158300000D+01 0.2769313000D+01 0.0000000000D+00 0.0000000000D+00 0.6235700000D+01
