 6 8    2   33   41   48   56   63   84  115  6.6670  4.5860  3.3280  2.2960  1.3910  0.3940  0.3940  0.0790 12.0 50.0 55.0 50.0 53.0 18.0 12.0 36.0  125 2454100.5000 2007                                                                                                                                                                                                      
1  220061231200701122454100.5-0.2502000000D+00 0.1513000000D-01 0.3009070000D+02 0.5432000000D-01 0.7730000000D-03 0.2888000000D+00 0.6192693000D+01 0.5429000000D+00 0.2551800000D+01 0.3158900000D+01-0.2230000000D+00-0.2600000000D-03 0.7813500000D+01 0.3502000000D-01 0.3800000000D-04 0.7680000000D-01 0.4980932000D+01 0.5388000000D+01 0.6095400000D+01 0.1941800000D+01
1  320070112200701242454112.5-0.5760000000D-01 0.1642000000D-01 0.3052840000D+02 0.4815000000D-01 0.6860000000D-03 0.2918000000D+00 0.4529826000D+01 0.5371500000D+01 0.8023000000D+00 0.5885100000D+01-0.2242000000D+00 0.9600000000D-03 0.8197800000D+01 0.3684000000D-01 0.2010000000D-03 0.8150000000D-01 0.3324744000D+01 0.3755700000D+01 0.6144700000D+01 0.4690400000D+01
1  420070124200702052454124.5 0.1314000000D+00 0.1634000000D-01 0.3085020000D+02 0.4397000000D-01 0.3400000000D-03 0.2979000000D+00 0.2868026000D+01 0.4089200000D+01 0.5813500000D+01 0.2338300000D+01-0.2114000000D+00 0.2210000000D-02 0.8572800000D+01 0.3470000000D-01 0.3320000000D-03 0.8390000000D-01 0.1670514000D+01 0.2153200000D+01 0.4461200000D+01 0.1161600000D+01
1  520070205200702172454136.5 0.3267000000D+00 0.1530000000D-01 0.3099510000D+02 0.4388000000D-01 0.4690000000D-03 0.2968000000D+00 0.1206411000D+01 0.2770300000D+01 0.5434200000D+01 0.5081100000D+01-0.1863000000D+00 0.3590000000D-02 0.8904100000D+01 0.2941000000D-01 0.3060000000D-03 0.8640000000D-01 0.1676900000D-01 0.6023000000D+00 0.2815800000D+01 0.3899600000D+01
1  620070217200703012454148.5 0.5059000000D+00 0.1226000000D-01 0.3094950000D+02 0.4129000000D-01 0.9170000000D-03 0.2982000000D+00 0.5827059000D+01 0.1314300000D+01 0.3524800000D+01 0.1531300000D+01-0.1423000000D+00 0.4570000000D-02 0.9159300000D+01 0.2392000000D-01 0.3180000000D-03 0.8770000000D-01 0.4645146000D+01 0.5409500000D+01 0.1490600000D+01 0.3626000000D+00
1  720070301200703132454160.5 0.6491000000D+00 0.8900000000D-02 0.3075290000D+02 0.3501000000D-01 0.9780000000D-03 0.2924000000D+00 0.4162683000D+01 0.5120000000D-01 0.1634200000D+01 0.4269500000D+01-0.9120000000D-01 0.5130000000D-02 0.9322300000D+01 0.1818000000D-01 0.3680000000D-03 0.8840000000D-01 0.2988698000D+01 0.4089100000D+01 0.2358000000D+00 0.3080600000D+01
1  820070313200703252454172.5 0.7662000000D+00 0.4720000000D-02 0.3040920000D+02 0.3478000000D-01 0.6240000000D-03 0.2857000000D+00 0.2494524000D+01 0.5230800000D+01 0.6036200000D+01 0.6968000000D+00-0.2770000000D-01 0.5180000000D-02 0.9373400000D+01 0.1465000000D-01 0.4330000000D-03 0.8890000000D-01 0.1329549000D+01 0.2928900000D+01 0.5041600000D+01 0.5812500000D+01
1  920070325200704062454184.5 0.8197000000D+00 0.1130000000D-02 0.2994760000D+02 0.4241000000D-01 0.3700000000D-03 0.2796000000D+00 0.8213890000D+00 0.3936300000D+01 0.4580600000D+01 0.3415500000D+01 0.3350000000D-01 0.4650000000D-02 0.9312500000D+01 0.1430000000D-01 0.4930000000D-03 0.8770000000D-01 0.5950485000D+01 0.1862600000D+01 0.3334900000D+01 0.2252600000D+01
1 1020070406200704182454196.5 0.8458000000D+00-0.1940000000D-02 0.2940430000D+02 0.5277000000D-01 0.3770000000D-03 0.2732000000D+00 0.5426345000D+01 0.2484600000D+01 0.4020200000D+01 0.6105800000D+01 0.9180000000D-01 0.3970000000D-02 0.9150900000D+01 0.1788000000D-01 0.4050000000D-03 0.8690000000D-01 0.4285061000D+01 0.7770000000D+00 0.1472100000D+01 0.4977900000D+01
1 1120070418200704302454208.5 0.8145000000D+00-0.4690000000D-02 0.2880330000D+02 0.5878000000D-01 0.6950000000D-03 0.2703000000D+00 0.3742245000D+01 0.9167000000D+00 0.2615600000D+01 0.2522100000D+01 0.1416000000D+00 0.2920000000D-02 0.8901200000D+01 0.2493000000D-01 0.2220000000D-03 0.8300000000D-01 0.2614753000D+01 0.5675100000D+01 0.5836200000D+01 0.1417400000D+01
1 1220070430200705122454220.5 0.7586000000D+00-0.6500000000D-02 0.2816980000D+02 0.5951000000D-01 0.8250000000D-03 0.2639000000D+00 0.2053332000D+01 0.5660700000D+01 0.6921000000D+00 0.5221800000D+01 0.1755000000D+00 0.1980000000D-02 0.8574600000D+01 0.3115000000D-01 0.9700000000D-04 0.7930000000D-01 0.9395680000D+00 0.4106200000D+01 0.4568400000D+01 0.4127500000D+01
1 1320070512200705242454232.5 0.6742000000D+00-0.8610000000D-02 0.2754030000D+02 0.6121000000D-01 0.4820000000D-03 0.2615000000D+00 0.3605580000D+00 0.4220900000D+01 0.4753700000D+01 0.1634800000D+01 0.2009000000D+00 0.9300000000D-03 0.8186900000D+01 0.3495000000D-01 0.1170000000D-03 0.7480000000D-01 0.5542993000D+01 0.2488500000D+01 0.3568400000D+01 0.5517000000D+00
1 1420070524200706052454244.5 0.5637000000D+00-0.9760000000D-02 0.2697080000D+02 0.6710000000D-01 0.1610000000D-03 0.2524000000D+00 0.4946763000D+01 0.2685700000D+01 0.1606000000D+01 0.4331800000D+01 0.2081000000D+00-0.4000000000D-04 0.7761500000D+01 0.3734000000D-01 0.1640000000D-03 0.7040000000D-01 0.3858529000D+01 0.8422000000D+00 0.2063100000D+01 0.3231700000D+01
1 1520070605200706172454256.5 0.4526000000D+00-0.1108000000D-01 0.2645780000D+02 0.7182000000D-01 0.2870000000D-03 0.2466000000D+00 0.3246190000D+01 0.1066700000D+01 0.4190000000D+01 0.7278000000D+00 0.2083000000D+00-0.8500000000D-03 0.7310500000D+01 0.3810000000D-01 0.1580000000D-03 0.6660000000D-01 0.2170106000D+01 0.5496700000D+01 0.3185000000D+00 0.5931200000D+01
1 1620070617200706292454268.5 0.3143000000D+00-0.1158000000D-01 0.2600170000D+02 0.7119000000D-01 0.3710000000D-03 0.2407000000D+00 0.1542594000D+01 0.5717200000D+01 0.1998500000D+01 0.3412600000D+01 0.1961000000D+00-0.1600000000D-02 0.6852300000D+01 0.3799000000D-01 0.7900000000D-04 0.6270000000D-01 0.4777530000D+00 0.3885600000D+01 0.4284200000D+01 0.2333300000D+01
1 1720070629200707112454280.5 0.1883000000D+00-0.1160000000D-01 0.2562610000D+02 0.6809000000D-01 0.4400000000D-03 0.2382000000D+00 0.6120245000D+01 0.4052400000D+01 0.5925400000D+01 0.6073900000D+01 0.1775000000D+00-0.1980000000D-02 0.6407700000D+01 0.3868000000D-01 0.6000000000D-04 0.5930000000D-01 0.5064430000D+01 0.2252700000D+01 0.6160800000D+01 0.5033500000D+01
1 1820070711200707232454292.5 0.4470000000D-01-0.1135000000D-01 0.2531010000D+02 0.6266000000D-01 0.4810000000D-03 0.2378000000D+00 0.4413492000D+01 0.2441000000D+01 0.3772400000D+01 0.2478200000D+01 0.1551000000D+00-0.2270000000D-02 0.5979500000D+01 0.3821000000D-01 0.1790000000D-03 0.5460000000D-01 0.3363186000D+01 0.5897000000D+00 0.3845700000D+01 0.1442600000D+01
1 1920070723200708042454304.5-0.8740000000D-01-0.1035000000D-01 0.2506550000D+02 0.5854000000D-01 0.2820000000D-03 0.2372000000D+00 0.2706687000D+01 0.9057000000D+00 0.1291500000D+01 0.5160000000D+01 0.1272000000D+00-0.2240000000D-02 0.5576400000D+01 0.3563000000D-01 0.1910000000D-03 0.5110000000D-01 0.1657716000D+01 0.5193500000D+01 0.1831700000D+01 0.4131200000D+01
1 2020070804200708162454316.5-0.2160000000D+00-0.9790000000D-02 0.2491410000D+02 0.6136000000D-01 0.1420000000D-03 0.2389000000D+00 0.1001001000D+01 0.5619600000D+01 0.3143500000D+01 0.1574800000D+01 0.1021000000D+00-0.2160000000D-02 0.5209400000D+01 0.3227000000D-01 0.1750000000D-03 0.4710000000D-01 0.6232587000D+01 0.3526400000D+01 0.6248300000D+01 0.5272000000D+00
1 2120070816200708282454328.5-0.3410000000D+00-0.8640000000D-02 0.2485540000D+02 0.6204000000D-01 0.5210000000D-03 0.2351000000D+00 0.5578669000D+01 0.3991000000D+01 0.6235000000D+00 0.4265800000D+01 0.7390000000D-01-0.2020000000D-02 0.4884500000D+01 0.2799000000D-01 0.1410000000D-03 0.4450000000D-01 0.4521728000D+01 0.1869800000D+01 0.4585700000D+01 0.3192400000D+01
1 2220070828200709092454340.5-0.4423000000D+00-0.8000000000D-02 0.2488070000D+02 0.5745000000D-01 0.5660000000D-03 0.2358000000D+00 0.3873958000D+01 0.2354000000D+01 0.4721500000D+01 0.6756000000D+00 0.5020000000D-01-0.1860000000D-02 0.4609300000D+01 0.2366000000D-01 0.1190000000D-03 0.4230000000D-01 0.2810305000D+01 0.2334000000D+00 0.3118500000D+01 0.5878700000D+01
1 2320070909200709212454352.5-0.5458000000D+00-0.6910000000D-02 0.2497720000D+02 0.5210000000D-01 0.4910000000D-03 0.2348000000D+00 0.2170997000D+01 0.7817000000D+00 0.2619500000D+01 0.3366200000D+01 0.2610000000D-01-0.1830000000D-02 0.4388400000D+01 0.1993000000D-01 0.1790000000D-03 0.4110000000D-01 0.1100146000D+01 0.4909900000D+01 0.1798500000D+01 0.2273200000D+01
1 2420070921200710032454364.5-0.6175000000D+00-0.5600000000D-02 0.2515880000D+02 0.4569000000D-01 0.3580000000D-03 0.2386000000D+00 0.4699670000D+00 0.5552400000D+01 0.3957000000D+00 0.6047800000D+01 0.4200000000D-02-0.1760000000D-02 0.4225600000D+01 0.1595000000D-01 0.2550000000D-03 0.4000000000D-01 0.5675199000D+01 0.3273600000D+01 0.5620000000D-01 0.4978300000D+01
1 2520071003200710152454376.5-0.6874000000D+00-0.4000000000D-02 0.2540970000D+02 0.4413000000D-01 0.2400000000D-03 0.2424000000D+00 0.5055193000D+01 0.4093300000D+01 0.4598900000D+01 0.2473500000D+01-0.1630000000D-01-0.1800000000D-02 0.4117000000D+01 0.1108000000D-01 0.2850000000D-03 0.3900000000D-01 0.3971441000D+01 0.1644400000D+01 0.4443400000D+01 0.1395700000D+01
1 2620071015200710272454388.5-0.7281000000D+00-0.1570000000D-02 0.2573340000D+02 0.4851000000D-01 0.1890000000D-03 0.2487000000D+00 0.3360707000D+01 0.2611900000D+01 0.5280700000D+01 0.5174500000D+01-0.3790000000D-01-0.1740000000D-02 0.4061100000D+01 0.5460000000D-02 0.2390000000D-03 0.3890000000D-01 0.2274319000D+01 0.2544000000D+00 0.2674600000D+01 0.4112500000D+01
1 2720071027200711082454400.5-0.7501000000D+00 0.6100000000D-03 0.2615730000D+02 0.4913000000D-01 0.5480000000D-03 0.2548000000D+00 0.1669837000D+01 0.1013800000D+01 0.3205700000D+01 0.1617200000D+01-0.5740000000D-01-0.1700000000D-02 0.4062200000D+01 0.3320000000D-02 0.1880000000D-03 0.3860000000D-01 0.5856980000D+00 0.6233600000D+01 0.1063200000D+01 0.5399000000D+00
1 2820071108200711202454412.5-0.7486000000D+00 0.3470000000D-02 0.2664870000D+02 0.4629000000D-01 0.8020000000D-03 0.2571000000D+00 0.6265277000D+01 0.5744200000D+01 0.1062000000D+01 0.4333600000D+01-0.7900000000D-01-0.1550000000D-02 0.4117800000D+01 0.7560000000D-02 0.1830000000D-03 0.3960000000D-01 0.5189033000D+01 0.5266400000D+01 0.5861300000D+01 0.3259000000D+01
1 2920071120200712022454424.5-0.7074000000D+00 0.5700000000D-02 0.2718620000D+02 0.4523000000D-01 0.6050000000D-03 0.2632000000D+00 0.4580921000D+01 0.4347600000D+01 0.5463000000D+01 0.7793000000D+00-0.9720000000D-01-0.1370000000D-02 0.4229000000D+01 0.1232000000D-01 0.1900000000D-03 0.4080000000D-01 0.3517265000D+01 0.3772600000D+01 0.4271800000D+01 0.5994500000D+01
1 3020071202200712142454436.5-0.6479000000D+00 0.8200000000D-02 0.2775800000D+02 0.4847000000D-01 0.2490000000D-03 0.2658000000D+00 0.2901044000D+01 0.2927200000D+01 0.3987900000D+01 0.3499300000D+01-0.1158000000D+00-0.1130000000D-02 0.4394100000D+01 0.1640000000D-01 0.2110000000D-03 0.4310000000D-01 0.1852716000D+01 0.2183300000D+01 0.2479800000D+01 0.2439700000D+01
1 3120071214200712262454448.5-0.5393000000D+00 0.1042000000D-01 0.2834760000D+02 0.5353000000D-01 0.2770000000D-03 0.2726000000D+00 0.1225182000D+01 0.1463500000D+01 0.3824400000D+01 0.6217300000D+01-0.1292000000D+00-0.7700000000D-03 0.4607900000D+01 0.2050000000D-01 0.2010000000D-03 0.4550000000D-01 0.1928580000D+00 0.5823000000D+00 0.6176000000D+00 0.5193600000D+01
1 3220071226200801072454460.5-0.4165000000D+00 0.1256000000D-01 0.2893410000D+02 0.5534000000D-01 0.5070000000D-03 0.2781000000D+00 0.5836901000D+01 0.6222900000D+01 0.2312500000D+01 0.2671500000D+01-0.1390000000D+00-0.3500000000D-03 0.4862400000D+01 0.2452000000D-01 0.1290000000D-03 0.4810000000D-01 0.4819818000D+01 0.5235600000D+01 0.4974100000D+01 0.1659300000D+01
2 3320061231200702192454100.5 0.2490000000D+00-0.1070000000D-02 0.3858790000D+02 0.6491000000D-01 0.7070000000D-03 0.9450000000D-01 0.2857332000D+01 0.3336600000D+01 0.5834100000D+01-0.5933200000D+01 0.5690000000D-01 0.4000000000D-03 0.9425900000D+01 0.3100000000D-01 0.8000000000D-04 0.2280000000D-01 0.1737871000D+01 0.1730600000D+01 0.4772400000D+01-0.6563000000D+00
2 3420070219200704102454150.5 0.1892000000D+00-0.1760000000D-02 0.3977450000D+02 0.4220000000D-01 0.7620000000D-03 0.9370000000D-01 0.6006029000D+01 0.1746300000D+01 0.3705200000D+01-0.6226700000D+01 0.7750000000D-01 0.8000000000D-04 0.1075380000D+02 0.1952000000D-01 0.3550000000D-03 0.2490000000D-01 0.4843925000D+01 0.4893900000D+01 0.1928800000D+01-0.1155300000D+01
2 3520070410200705302454200.5 0.9870000000D-01-0.1540000000D-02 0.3761470000D+02 0.7120000000D-01 0.4660000000D-03 0.8180000000D-01 0.2840806000D+01 0.2920000000D-01 0.1328500000D+01-0.4048000000D+00 0.8110000000D-01-0.2500000000D-03 0.1087900000D+02 0.1877000000D-01 0.1850000000D-03 0.2460000000D-01 0.1652461000D+01 0.5263900000D+01 0.5021000000D+01-0.1628200000D+01
2 3620070530200707192454250.5 0.2300000000D-01-0.1010000000D-02 0.3440630000D+02 0.9275000000D-01 0.2490000000D-03 0.7760000000D-01 0.5879757000D+01 0.3640100000D+01 0.5372100000D+01-0.9234000000D+00 0.6760000000D-01-0.3400000000D-03 0.9624400000D+01 0.3609000000D-01 0.5800000000D-04 0.1980000000D-01 0.4703476000D+01 0.1969700000D+01 0.1622000000D+00-0.2103700000D+01
2 3720070719200709072454300.5-0.2640000000D-01-0.8500000000D-03 0.3231300000D+02 0.9084000000D-01 0.2780000000D-03 0.7290000000D-01 0.2580022000D+01 0.7221000000D+00 0.2828500000D+01-0.1479600000D+01 0.4950000000D-01-0.3300000000D-03 0.7972300000D+01 0.3471000000D-01 0.1160000000D-03 0.1720000000D-01 0.1453793000D+01 0.4898100000D+01 0.2351900000D+01-0.2543400000D+01
2 3820070907200710272454350.5-0.6880000000D-01-0.9400000000D-03 0.3197970000D+02 0.8089000000D-01 0.3730000000D-03 0.7560000000D-01 0.5554460000D+01 0.4132900000D+01 0.6171900000D+01-0.1990700000D+01 0.3230000000D-01-0.3000000000D-03 0.6510300000D+01 0.2588000000D-01 0.1510000000D-03 0.1450000000D-01 0.4514175000D+01 0.1449800000D+01 0.4873500000D+01-0.2985600000D+01
2 3920071027200712162454400.5-0.1163000000D+00-0.1280000000D-02 0.3350500000D+02 0.7369000000D-01 0.4720000000D-03 0.8110000000D-01 0.2273720000D+01 0.1454700000D+01 0.3454200000D+01-0.2474200000D+01 0.1660000000D-01-0.2200000000D-03 0.5579900000D+01 0.1200000000D-01 0.2150000000D-03 0.1260000000D-01 0.1341268000D+01 0.4184200000D+01 0.1155000000D+01-0.3326200000D+01
2 4020071216200802042454450.5-0.1818000000D+00-0.1460000000D-02 0.3646210000D+02 0.7213000000D-01 0.5700000000D-03 0.9410000000D-01 0.5335406000D+01 0.5284200000D+01 0.1336700000D+01-0.2827100000D+01 0.4700000000D-02-0.2000000000D-03 0.5530600000D+01 0.1181000000D-01 0.1780000000D-03 0.1330000000D-01 0.4460100000D+01 0.4316500000D+01 0.4061500000D+01-0.3695700000D+01
3 4120061231200702242454100.5 0.3000000000D-03-0.8000000000D-04 0.4779160000D+02 0.1031600000D+00 0.9340000000D-03 0.6300000000D-02 0.8875800000D+00 0.1689600000D+01 0.3884600000D+01-0.5149000000D+00 0.2600000000D-02-0.1000000000D-04 0.1241880000D+02 0.4413000000D-01 0.1590000000D-03 0.3300000000D-02 0.6007212000D+01 0.1240000000D-01 0.2598300000D+01-0.2331900000D+01
3 4220070224200704202454155.5-0.4600000000D-02 0.1200000000D-03 0.4918140000D+02 0.8952000000D-01 0.9230000000D-03 0.4100000000D-02 0.1805161000D+01 0.3783400000D+01 0.5920400000D+01-0.5401900000D+01 0.1300000000D-02 0.0000000000D+00 0.1427690000D+02 0.2515000000D-01 0.4390000000D-03 0.2000000000D-02 0.6079080000D+00 0.1303900000D+01 0.4018600000D+01-0.2275000000D+00
3 4320070420200706142454210.5 0.6000000000D-03-0.5000000000D-04 0.4577210000D+02 0.8725000000D-01 0.5570000000D-03 0.4400000000D-02 0.2681343000D+01 0.5876200000D+01 0.1444900000D+01-0.3627100000D+01 0.8000000000D-03 0.2000000000D-04 0.1409060000D+02 0.2826000000D-01 0.1630000000D-03 0.7000000000D-03 0.1473727000D+01 0.4555500000D+01 0.5007800000D+01-0.4869400000D+01
3 4420070614200708082454265.5-0.6000000000D-03-0.2000000000D-04 0.4159520000D+02 0.8829000000D-01 0.3830000000D-03 0.3500000000D-02 0.3465483000D+01 0.1127200000D+01 0.3167000000D+01-0.2451600000D+01 0.1200000000D-02 0.0000000000D+00 0.1210090000D+02 0.4364000000D-01 0.6700000000D-04 0.1200000000D-02 0.2294326000D+01 0.5549700000D+01 0.3257100000D+01-0.3176000000D+01
3 4520070808200710022454320.5-0.1000000000D-02 0.0000000000D+00 0.3952220000D+02 0.7812000000D-01 0.4370000000D-03 0.3800000000D-02 0.4196453000D+01 0.2450200000D+01 0.4518900000D+01-0.7782000000D+00 0.8000000000D-03 0.0000000000D+00 0.9842200000D+01 0.3892000000D-01 0.1490000000D-03 0.1100000000D-02 0.3111292000D+01 0.6214500000D+01 0.3640700000D+01-0.2098900000D+01
3 4620071002200711262454375.5-0.2400000000D-02 0.4000000000D-04 0.4020090000D+02 0.7141000000D-01 0.5670000000D-03 0.4900000000D-02 0.4929727000D+01 0.3943500000D+01 0.5802600000D+01-0.5712200000D+01 0.8000000000D-03 0.0000000000D+00 0.8107400000D+01 0.2698000000D-01 0.2200000000D-03 0.6000000000D-03 0.3976298000D+01 0.4032000000D+00 0.3962100000D+01-0.8146000000D+00
3 4720071126200801202454430.5-0.7000000000D-03 0.0000000000D+00 0.4345770000D+02 0.8686000000D-01 0.7010000000D-03 0.6300000000D-02 0.5712710000D+01 0.5658500000D+01 0.1275400000D+01-0.3568000000D+01 0.2000000000D-03 0.2000000000D-04 0.7451700000D+01 0.1005000000D-01 0.2620000000D-03 0.8000000000D-03 0.4885003000D+01 0.6237200000D+01 0.4512800000D+01-0.4890100000D+01
4 4820061231200702192454100.5-0.1776000000D+00-0.3200000000D-03 0.6115790000D+02 0.1054700000D+00 0.1173000000D-02 0.7170000000D-01 0.8963470000D+00 0.1388600000D+01 0.3783700000D+01 0.5298000000D+00 0.9100000000D-02-0.4000000000D-04 0.1496480000D+02 0.4905000000D-01 0.1320000000D-03 0.1320000000D-01 0.6058129000D+01 0.6058100000D+01 0.2525400000D+01 0.5606200000D+01
4 4920070219200704102454150.5-0.1830000000D+00 0.2000000000D-04 0.6307970000D+02 0.8102000000D-01 0.1161000000D-02 0.6940000000D-01 0.2648689000D+01 0.4603900000D+01 0.3091000000D+00 0.3891000000D+01 0.3000000000D-02-0.1100000000D-03 0.1707730000D+02 0.3127000000D-01 0.5530000000D-03 0.1780000000D-01 0.1484634000D+01 0.1667000000D+01 0.4803800000D+01 0.2797200000D+01
4 5020070410200705302454200.5-0.1901000000D+00 0.3200000000D-03 0.5964690000D+02 0.1087100000D+00 0.7620000000D-03 0.6270000000D-01 0.4379403000D+01 0.1372200000D+01 0.2917400000D+01 0.9388000000D+00-0.1700000000D-02-0.5000000000D-04 0.1726890000D+02 0.2698000000D-01 0.2930000000D-03 0.1670000000D-01 0.3189423000D+01 0.2838000000D+00 0.3495000000D+00 0.6078700000D+01
4 5120070530200707192454250.5-0.1692000000D+00 0.1400000000D-03 0.5455020000D+02 0.1308700000D+00 0.4610000000D-03 0.5610000000D-01 0.6034763000D+01 0.3694500000D+01 0.5414700000D+01 0.4234600000D+01-0.6600000000D-02 0.0000000000D+00 0.1529010000D+02 0.5515000000D-01 0.5800000000D-04 0.1330000000D-01 0.4857903000D+01 0.2023200000D+01 0.3316000000D+00 0.3113000000D+01
4 5220070719200709072454300.5-0.1618000000D+00 0.1400000000D-03 0.5122260000D+02 0.1303100000D+00 0.4400000000D-03 0.5370000000D-01 0.1349509000D+01 0.5750400000D+01 0.1384700000D+01 0.1197800000D+01-0.5700000000D-02-0.2000000000D-04 0.1266490000D+02 0.5408000000D-01 0.1660000000D-03 0.1270000000D-01 0.2231480000D+00 0.3607900000D+01 0.1026800000D+01 0.9060000000D-01
4 5320070907200710272454350.5-0.1561000000D+00-0.1900000000D-03 0.5070800000D+02 0.1221300000D+00 0.5610000000D-03 0.5520000000D-01 0.2930670000D+01 0.1513600000D+01 0.3436900000D+01 0.4390200000D+01-0.6600000000D-02-0.2000000000D-04 0.1034460000D+02 0.4094000000D-01 0.2330000000D-03 0.1060000000D-01 0.1891211000D+01 0.5077200000D+01 0.2188600000D+01 0.3347500000D+01
4 5420071027200712162454400.5-0.1654000000D+00-0.2800000000D-03 0.5312270000D+02 0.1180600000D+00 0.7300000000D-03 0.5980000000D-01 0.4532934000D+01 0.3700900000D+01 0.5699600000D+01 0.1336900000D+01-0.7700000000D-02-0.3000000000D-04 0.8866000000D+01 0.1914000000D-01 0.3430000000D-03 0.8200000000D-02 0.3601714000D+01 0.1702000000D+00 0.3407900000D+01 0.5099000000D+00
4 5520071216200802042454450.5-0.1794000000D+00-0.3400000000D-03 0.5781230000D+02 0.1143500000D+00 0.9610000000D-03 0.6610000000D-01 0.6189188000D+01 0.6106700000D+01 0.2135600000D+01 0.4587900000D+01-0.8600000000D-02-0.7000000000D-04 0.8778100000D+01 0.1902000000D-01 0.2720000000D-03 0.1210000000D-01 0.5316322000D+01 0.5138900000D+01 0.4948100000D+01 0.3578600000D+01
5 5620061231200702222454100.5 0.5900000000D-01-0.4000000000D-04 0.8540740000D+02 0.1514400000D+00 0.1665000000D-02 0.5850000000D-01 0.4877556000D+01 0.5411100000D+01 0.1474700000D+01 0.9960000000D-01-0.1560000000D-01 0.0000000000D+00 0.2037640000D+02 0.6885000000D-01 0.2170000000D-03 0.1430000000D-01 0.3765302000D+01 0.3780300000D+01 0.1872000000D+00 0.5147800000D+01
5 5720070222200704162454153.5 0.6680000000D-01-0.1800000000D-03 0.8800340000D+02 0.1275700000D+00 0.1561000000D-02 0.5550000000D-01 0.3261162000D+01 0.5273900000D+01 0.9930000000D+00 0.3009800000D+01-0.1550000000D-01 0.0000000000D+00 0.2343680000D+02 0.4013000000D-01 0.7620000000D-03 0.1540000000D-01 0.2102504000D+01 0.2389100000D+01 0.5426900000D+01 0.1892100000D+01
5 5820070416200706082454206.5 0.6340000000D-01-0.2600000000D-03 0.8243440000D+02 0.1550400000D+00 0.1021000000D-02 0.4860000000D-01 0.1619361000D+01 0.4883900000D+01 0.2903000000D+00 0.5971000000D+01-0.1510000000D-01 0.3000000000D-04 0.2340550000D+02 0.4397000000D-01 0.3350000000D-03 0.1370000000D-01 0.4362060000D+00 0.3722100000D+01 0.3896100000D+01 0.4766700000D+01
5 5920070608200707312454259.5 0.5230000000D-01-0.2400000000D-03 0.7509920000D+02 0.1727100000D+00 0.6760000000D-03 0.4500000000D-01 0.6177437000D+01 0.3864800000D+01 0.5674700000D+01 0.2477500000D+01-0.1440000000D-01 0.7000000000D-04 0.2024060000D+02 0.7718000000D-01 0.9100000000D-04 0.1090000000D-01 0.5014021000D+01 0.2122800000D+01 0.6275000000D+01 0.1360800000D+01
5 6020070731200709222454312.5 0.3830000000D-01-0.1300000000D-03 0.7099190000D+02 0.1691300000D+00 0.6630000000D-03 0.4380000000D-01 0.4394527000D+01 0.2605700000D+01 0.4513600000D+01 0.5250800000D+01-0.1070000000D-01 0.2000000000D-04 0.1639200000D+02 0.7176000000D-01 0.2430000000D-03 0.8800000000D-02 0.3291972000D+01 0.3155000000D+00 0.3918300000D+01 0.4220200000D+01
5 6120070922200711142454365.5 0.3030000000D-01-0.1000000000D-03 0.7141600000D+02 0.1623800000D+00 0.8420000000D-03 0.4570000000D-01 0.2599992000D+01 0.1359800000D+01 0.3268100000D+01 0.1760400000D+01-0.9600000000D-02 0.3000000000D-04 0.1320840000D+02 0.5028000000D-01 0.3640000000D-03 0.7400000000D-02 0.1598906000D+01 0.4669000000D+01 0.1689200000D+01 0.8549000000D+00
5 6220071114200801062454418.5 0.2460000000D-01-0.2000000000D-04 0.7630240000D+02 0.1640000000D+00 0.1136000000D-02 0.5060000000D-01 0.8379260000D+00 0.2770000000D+00 0.2378200000D+01 0.4651900000D+01-0.7800000000D-02 0.0000000000D+00 0.1158080000D+02 0.1226000000D-01 0.5140000000D-03 0.7600000000D-02 0.6230380000D+01 0.2517900000D+01 0.5926800000D+01 0.3782200000D+01
6 6320061231200701182454100.5 0.1196200000D+01 0.4209000000D-01 0.1981904000D+03 0.3225800000D+00 0.0000000000D+00 0.2941300000D+01 0.1485520000D+01 0.2356700000D+01 0.0000000000D+00 0.5951300000D+01-0.1522400000D+01-0.1538000000D-01 0.4707210000D+02 0.1534900000D+00 0.0000000000D+00 0.7253000000D+00 0.3590640000D+00 0.4922000000D+00 0.0000000000D+00 0.4819000000D+01
6 6420070118200702052454118.5 0.1310600000D+01 0.6124000000D-01 0.2022726000D+03 0.3347300000D+00 0.0000000000D+00 0.3002000000D+01 0.2313043000D+01 0.3608900000D+01 0.0000000000D+00 0.1309900000D+01-0.1878100000D+01 0.1365000000D-01 0.4995870000D+02 0.1260800000D+00 0.0000000000D+00 0.7416000000D+00 0.1172344000D+01 0.1365900000D+01 0.0000000000D+00 0.1652000000D+00
6 6520070205200702232454136.5 0.2340800000D+01-0.2088000000D-01 0.2045681000D+03 0.2653400000D+00 0.0000000000D+00 0.2961400000D+01 0.3149908000D+01 0.4895100000D+01 0.0000000000D+00 0.2953400000D+01-0.1602700000D+01-0.2661000000D-01 0.5224910000D+02 0.1326300000D+00 0.0000000000D+00 0.7639000000D+00 0.1994876000D+01 0.2131100000D+01 0.0000000000D+00 0.1759900000D+01
6 6620070223200703132454154.5 0.1472600000D+01 0.1055300000D+00 0.2028667000D+03 0.3162800000D+00 0.0000000000D+00 0.2940000000D+01 0.3983042000D+01 0.5806100000D+01 0.0000000000D+00 0.4566500000D+01-0.2200600000D+01 0.3838000000D-01 0.5418660000D+02 0.9535000000D-01 0.0000000000D+00 0.8177000000D+00 0.2804497000D+01 0.3691500000D+01 0.0000000000D+00 0.3385100000D+01
6 6720070313200703312454172.5 0.3652700000D+01-0.1337400000D+00 0.2016748000D+03 0.4545100000D+00 0.0000000000D+00 0.3016200000D+01 0.4810068000D+01 0.1114900000D+01 0.0000000000D+00 0.6208000000D+01-0.1922100000D+01 0.1387000000D-01 0.5531360000D+02 0.4425000000D-01 0.0000000000D+00 0.8215000000D+00 0.3628117000D+01 0.5372600000D+01 0.0000000000D+00 0.5036300000D+01
6 6820070331200704182454190.5 0.2078200000D+01 0.3056000000D-01 0.1963203000D+03 0.3397200000D+00 0.0000000000D+00 0.2917700000D+01 0.5641747000D+01 0.2425400000D+01 0.0000000000D+00 0.1585500000D+01-0.1550100000D+01-0.2695000000D-01 0.5543330000D+02 0.9849000000D-01 0.0000000000D+00 0.8326000000D+00 0.4444660000D+01 0.1120300000D+01 0.0000000000D+00 0.3649000000D+00
6 6920070418200705062454208.5 0.2010000000D+01 0.4126000000D-01 0.1904890000D+03 0.3648500000D+00 0.0000000000D+00 0.2829600000D+01 0.1732730000D+00 0.3538100000D+01 0.0000000000D+00 0.3198700000D+01-0.1982500000D+01 0.2602000000D-01 0.5386280000D+02 0.9865000000D-01 0.0000000000D+00 0.8196000000D+00 0.5264021000D+01 0.2333100000D+01 0.0000000000D+00 0.2018000000D+01
6 7020070506200705242454226.5 0.3035500000D+01-0.9061000000D-01 0.1832473000D+03 0.2624600000D+00 0.0000000000D+00 0.2755200000D+01 0.9767340000D+00 0.4508600000D+01 0.0000000000D+00 0.4835100000D+01-0.1399800000D+01-0.3218000000D-01 0.5166260000D+02 0.1374000000D+00 0.0000000000D+00 0.7515000000D+00 0.6061254000D+01 0.2769200000D+01 0.0000000000D+00 0.3656500000D+01
6 7120070524200706112454244.5 0.1006900000D+01 0.1206600000D+00 0.1790117000D+03 0.4269900000D+00 0.0000000000D+00 0.2541900000D+01 0.1765773000D+01 0.5228200000D+01 0.0000000000D+00 0.1612000000D+00-0.1679300000D+01 0.4590000000D-02 0.4929120000D+02 0.1698500000D+00 0.0000000000D+00 0.7040000000D+00 0.5847640000D+00 0.3819000000D+01 0.0000000000D+00 0.5241900000D+01
6 7220070611200706292454262.5 0.2665400000D+01-0.8272000000D-01 0.1735110000D+03 0.4295000000D+00 0.0000000000D+00 0.2461800000D+01 0.2562875000D+01 0.3515000000D+00 0.0000000000D+00 0.1705800000D+01-0.1808200000D+01 0.3268000000D-01 0.4655700000D+02 0.2024200000D+00 0.0000000000D+00 0.6505000000D+00 0.1382579000D+01 0.4649700000D+01 0.0000000000D+00 0.5879000000D+00
6 7320070629200707172454280.5 0.2211200000D+01-0.7761000000D-01 0.1692884000D+03 0.4253100000D+00 0.0000000000D+00 0.2415700000D+01 0.3341944000D+01 0.1294200000D+01 0.0000000000D+00 0.3298100000D+01-0.1222800000D+01-0.2218000000D-01 0.4321770000D+02 0.1668200000D+00 0.0000000000D+00 0.5912000000D+00 0.2188858000D+01 0.5651200000D+01 0.0000000000D+00 0.2153000000D+01
6 7420070717200708042454298.5 0.5800000000D+00 0.7630000000D-01 0.1649340000D+03 0.3222800000D+00 0.0000000000D+00 0.2357900000D+01 0.4115465000D+01 0.2510700000D+01 0.0000000000D+00 0.4843300000D+01-0.1475000000D+01 0.1370000000D-01 0.4010030000D+02 0.1579800000D+00 0.0000000000D+00 0.5717000000D+00 0.2977573000D+01 0.6222100000D+01 0.0000000000D+00 0.3739000000D+01
6 7520070804200708222454316.5 0.1834800000D+01-0.9081000000D-01 0.1644368000D+03 0.3158600000D+00 0.0000000000D+00 0.2443600000D+01 0.4882187000D+01 0.2987900000D+01 0.0000000000D+00 0.1339000000D+00-0.1254400000D+01-0.9700000000D-03 0.3729810000D+02 0.1558400000D+00 0.0000000000D+00 0.5376000000D+00 0.3777737000D+01 0.7665000000D+00 0.0000000000D+00 0.5360200000D+01
6 7620070822200709092454334.5 0.3547000000D+00 0.4238000000D-01 0.1636109000D+03 0.3989900000D+00 0.0000000000D+00 0.2452800000D+01 0.5660241000D+01 0.4170000000D+01 0.0000000000D+00 0.1748200000D+01-0.1258100000D+01 0.8550000000D-02 0.3450190000D+02 0.1323000000D+00 0.0000000000D+00 0.4965000000D+00 0.4580089000D+01 0.1518100000D+01 0.0000000000D+00 0.6929000000D+00
6 7720070909200709272454352.5 0.5116000000D+00 0.4560000000D-02 0.1641382000D+03 0.3625500000D+00 0.0000000000D+00 0.2445400000D+01 0.1460710000D+00 0.5138200000D+01 0.0000000000D+00 0.3327100000D+01-0.1330200000D+01 0.2819000000D-01 0.3201290000D+02 0.1019900000D+00 0.0000000000D+00 0.4755000000D+00 0.5391508000D+01 0.2388500000D+01 0.0000000000D+00 0.2325100000D+01
6 7820070927200710152454370.5 0.9505000000D+00-0.7433000000D-01 0.1653993000D+03 0.3609000000D+00 0.0000000000D+00 0.2504000000D+01 0.9187640000D+00 0.2310000000D-01 0.0000000000D+00 0.4930500000D+01-0.8953000000D+00-0.1191000000D-01 0.2984360000D+02 0.8890000000D-01 0.0000000000D+00 0.4338000000D+00 0.6192613000D+01 0.2731800000D+01 0.0000000000D+00 0.3987600000D+01
6 7920071015200711022454388.5-0.5377000000D+00 0.6899000000D-01 0.1696475000D+03 0.2700600000D+00 0.0000000000D+00 0.2472600000D+01 0.1692045000D+01 0.7333000000D+00 0.0000000000D+00 0.2479000000D+00-0.1086800000D+01 0.1540000000D-01 0.2842870000D+02 0.7608000000D-01 0.0000000000D+00 0.4049000000D+00 0.7307060000D+00 0.3725200000D+01 0.0000000000D+00 0.5585500000D+01
6 8020071102200711202454406.5 0.9702000000D+00-0.1245100000D+00 0.1734725000D+03 0.4435600000D+00 0.0000000000D+00 0.2512700000D+01 0.2484574000D+01 0.1715500000D+01 0.0000000000D+00 0.1797900000D+01-0.9149000000D+00 0.2560000000D-02 0.2719880000D+02 0.3439000000D-01 0.0000000000D+00 0.4010000000D+00 0.1552225000D+01 0.4441900000D+01 0.0000000000D+00 0.9112000000D+00
6 8120071120200712082454424.5-0.6196000000D+00 0.2704000000D-01 0.1780643000D+03 0.3871200000D+00 0.0000000000D+00 0.2682400000D+01 0.3267464000D+01 0.3029300000D+01 0.0000000000D+00 0.3398100000D+01-0.7002000000D+00-0.2231000000D-01 0.2663980000D+02 0.2226000000D-01 0.0000000000D+00 0.3861000000D+00 0.2377729000D+01 0.1673600000D+01 0.0000000000D+00 0.2509300000D+01
6 8220071208200712262454442.5-0.1232600000D+01 0.1073200000D+00 0.1834586000D+03 0.4394100000D+00 0.0000000000D+00 0.2745900000D+01 0.4065762000D+01 0.4170200000D+01 0.0000000000D+00 0.4999300000D+01-0.9837000000D+00 0.5290000000D-02 0.2674210000D+02 0.5610000000D-01 0.0000000000D+00 0.4021000000D+00 0.3181328000D+01 0.3227500000D+01 0.0000000000D+00 0.4084000000D+01
6 8320071226200801132454460.5 0.7970000000D+00-0.1142600000D+00 0.1912164000D+03 0.2679000000D+00 0.0000000000D+00 0.2960600000D+01 0.4868996000D+01 0.5601600000D+01 0.0000000000D+00 0.3236000000D+00-0.7811000000D+00-0.2363000000D-01 0.2795160000D+02 0.7489000000D-01 0.0000000000D+00 0.4341000000D+00 0.3988478000D+01 0.3667600000D+01 0.0000000000D+00 0.5715800000D+01
7 8420061231200701122454100.5-0.3407880000D+02 0.5580860000D+01 0.1998319000D+03 0.1142895000D+02 0.0000000000D+00 0.3846900000D+01 0.5360834000D+01 0.3654900000D+01 0.0000000000D+00 0.1817800000D+01-0.2430960000D+02 0.3224290000D+01 0.3909540000D+02 0.1487440000D+01 0.0000000000D+00 0.7978000000D+00 0.4020920000D+01 0.2391100000D+01 0.0000000000D+00 0.3011000000D+00
7 8520070112200701242454112.5-0.6868910000D+02 0.3502400000D+00 0.2351286000D+03 0.1803549000D+02 0.0000000000D+00 0.9878000000D+00 0.2733542000D+01 0.6279000000D+00 0.0000000000D+00 0.5992500000D+01 0.1217600000D+01-0.1510780000D+01 0.5073740000D+02 0.3832570000D+01 0.0000000000D+00 0.1531000000D+00 0.1590045000D+01 0.5804300000D+01 0.0000000000D+00 0.5130500000D+01
7 8620070124200702052454124.5 0.1679330000D+02-0.2714960000D+01 0.2286170000D+03 0.1247020000D+02 0.0000000000D+00 0.5311000000D+01 0.6132180000D+01 0.4200000000D+01 0.0000000000D+00 0.3629200000D+01-0.1042820000D+02 0.2050970000D+01 0.4875350000D+02 0.2571400000D+01 0.0000000000D+00 0.1184800000D+01 0.5027156000D+01 0.3267100000D+01 0.0000000000D+00 0.2568900000D+01
7 8720070205200702172454136.5-0.8320260000D+02 0.3489730000D+01 0.2170305000D+03 0.1742857000D+02 0.0000000000D+00 0.7013000000D+00 0.3548009000D+01 0.1588000000D+01 0.0000000000D+00 0.9681000000D+00-0.5231800000D+01-0.1099320000D+01 0.5205960000D+02 0.4341800000D+01 0.0000000000D+00 0.2206000000D+00 0.2443537000D+01 0.5241000000D+00 0.0000000000D+00 0.3502000000D+00
7 8820070217200703012454148.5 0.6462230000D+02-0.1441941000D+02 0.2068431000D+03 0.8250570000D+01 0.0000000000D+00 0.2469500000D+01 0.5010980000D+00 0.4487300000D+01 0.0000000000D+00 0.5887200000D+01 0.6928500000D+01-0.2029500000D+00 0.5973630000D+02 0.3183010000D+01 0.0000000000D+00 0.8575000000D+00 0.5777454000D+01 0.3709100000D+01 0.0000000000D+00 0.4230800000D+01
7 8920070301200703132454160.5-0.1065984000D+03 0.1029090000D+02 0.1755275000D+03 0.1217216000D+02 0.0000000000D+00 0.1199200000D+01 0.4277934000D+01 0.2608600000D+01 0.0000000000D+00 0.5239700000D+01-0.1306910000D+02-0.2443500000D+00 0.5248490000D+02 0.4231500000D+01 0.0000000000D+00 0.4620000000D-01 0.3188870000D+01 0.1431500000D+01 0.0000000000D+00 0.4554000000D+01
7 9020070313200703252454172.5-0.7355900000D+01-0.7925910000D+01 0.2226821000D+03 0.1296283000D+02 0.0000000000D+00 0.1066000000D+01 0.1552225000D+01 0.5646100000D+01 0.0000000000D+00 0.1085100000D+01 0.1797370000D+02-0.2870490000D+01 0.6128050000D+02 0.3604510000D+01 0.0000000000D+00 0.2663000000D+00 0.1970590000D+00 0.4148500000D+01 0.0000000000D+00 0.9125000000D+00
7 9120070325200704062454184.5-0.8129080000D+02 0.1187688000D+02 0.1639894000D+03 0.1002655000D+02 0.0000000000D+00 0.2067500000D+01 0.5117150000D+01 0.3668700000D+01 0.0000000000D+00 0.8802000000D+00-0.3137800000D+02 0.3487110000D+01 0.4720160000D+02 0.1931230000D+01 0.0000000000D+00 0.9499000000D+00 0.3632198000D+01 0.1878600000D+01 0.0000000000D+00 0.5798900000D+01
7 9220070406200704182454196.5-0.5534720000D+02-0.1414940000D+01 0.2291067000D+03 0.1689946000D+02 0.0000000000D+00 0.7996000000D+00 0.2418921000D+01 0.2569000000D+00 0.0000000000D+00 0.5448500000D+01 0.6574200000D+01-0.1965370000D+01 0.5724440000D+02 0.4038420000D+01 0.0000000000D+00 0.1174000000D+00 0.1184995000D+01 0.5312200000D+01 0.0000000000D+00 0.3863500000D+01
7 9320070418200704302454208.5 0.5979400000D+01-0.3914700000D+00 0.2120776000D+03 0.1182907000D+02 0.0000000000D+00 0.4905600000D+01 0.5790418000D+01 0.3851000000D+01 0.0000000000D+00 0.2823600000D+01-0.1760950000D+02 0.2677410000D+01 0.4945690000D+02 0.2439680000D+01 0.0000000000D+00 0.1144600000D+01 0.4597251000D+01 0.2804400000D+01 0.0000000000D+00 0.1675600000D+01
7 9420070430200705122454220.5-0.7190020000D+02 0.1698800000D+01 0.2050061000D+03 0.1644062000D+02 0.0000000000D+00 0.9728000000D+00 0.3193799000D+01 0.1143400000D+01 0.0000000000D+00 0.3289000000D+00 0.2598000000D+00-0.1567130000D+01 0.5169970000D+02 0.4117980000D+01 0.0000000000D+00 0.2030000000D+00 0.2049101000D+01 0.4000000000D-01 0.0000000000D+00 0.5824400000D+01
7 9520070512200705242454232.5 0.4008220000D+02-0.7378250000D+01 0.1984751000D+03 0.9762110000D+01 0.0000000000D+00 0.3350000000D+01 0.1877230000D+00 0.4373500000D+01 0.0000000000D+00 0.4576900000D+01-0.6899700000D+01 0.1912170000D+01 0.4929320000D+02 0.2599930000D+01 0.0000000000D+00 0.1126800000D+01 0.5467986000D+01 0.3648800000D+01 0.0000000000D+00 0.3603400000D+01
7 9620070524200706052454244.5-0.8398200000D+02 0.5449080000D+01 0.1736348000D+03 0.1361615000D+02 0.0000000000D+00 0.1115000000D+00 0.3892629000D+01 0.2024500000D+01 0.0000000000D+00 0.5518000000D+00-0.5022600000D+01-0.1114390000D+01 0.4644830000D+02 0.3918790000D+01 0.0000000000D+00 0.1488000000D+00 0.2832580000D+01 0.9864000000D+00 0.0000000000D+00 0.1014500000D+01
7 9720070605200706172454256.5 0.4082890000D+02-0.1215244000D+02 0.1720907000D+03 0.7720990000D+01 0.0000000000D+00 0.1853800000D+01 0.9344040000D+00 0.4948400000D+01 0.0000000000D+00 0.6237000000D+00 0.1440650000D+02-0.1612340000D+01 0.5435450000D+02 0.3131290000D+01 0.0000000000D+00 0.1831000000D+00 0.6029601000D+01 0.3705900000D+01 0.0000000000D+00 0.5465600000D+01
7 9820070617200706292454268.5-0.1017678000D+03 0.1243476000D+02 0.1285303000D+03 0.7771360000D+01 0.0000000000D+00 0.1686500000D+01 0.4541912000D+01 0.3130900000D+01 0.0000000000D+00 0.5756100000D+01-0.1737100000D+02 0.1028150000D+01 0.4171100000D+02 0.2663300000D+01 0.0000000000D+00 0.4490000000D+00 0.3346688000D+01 0.1576900000D+01 0.0000000000D+00 0.5322900000D+01
7 9920070629200707112454280.5-0.2485750000D+02-0.4339290000D+01 0.1949353000D+03 0.1336301000D+02 0.0000000000D+00 0.1848000000D+00 0.1869086000D+01 0.5970000000D+01 0.0000000000D+00 0.5134300000D+01 0.1032500000D+02-0.1712860000D+01 0.4575270000D+02 0.2988880000D+01 0.0000000000D+00 0.1238000000D+00 0.6126030000D+00 0.4643100000D+01 0.0000000000D+00 0.2134000000D+01
710020070711200707232454292.5-0.3506000000D+02 0.5684350000D+01 0.1653294000D+03 0.9560460000D+01 0.0000000000D+00 0.3217700000D+01 0.5298046000D+01 0.3555900000D+01 0.0000000000D+00 0.1880900000D+01-0.2050080000D+02 0.2635030000D+01 0.3448460000D+02 0.1363710000D+01 0.0000000000D+00 0.6914000000D+00 0.3961352000D+01 0.2145700000D+01 0.0000000000D+00 0.4262000000D+00
710120070723200708042454304.5-0.4950280000D+02-0.1088360000D+01 0.1876429000D+03 0.1475012000D+02 0.0000000000D+00 0.9050000000D+00 0.2637991000D+01 0.5412000000D+00 0.0000000000D+00 0.5997300000D+01 0.4746700000D+01-0.1343490000D+01 0.3852240000D+02 0.2872480000D+01 0.0000000000D+00 0.1128000000D+00 0.1498033000D+01 0.5688700000D+01 0.0000000000D+00 0.4698300000D+01
710220070804200708162454316.5 0.7167600000D+01-0.4556000000D+00 0.1825277000D+03 0.1039725000D+02 0.0000000000D+00 0.4064700000D+01 0.5992225000D+01 0.4065200000D+01 0.0000000000D+00 0.3553300000D+01-0.9897900000D+01 0.1844030000D+01 0.3347850000D+02 0.1659010000D+01 0.0000000000D+00 0.7552000000D+00 0.4910818000D+01 0.3119800000D+01 0.0000000000D+00 0.2580000000D+01
710320070816200708282454328.5-0.6540290000D+02 0.1865580000D+01 0.1733719000D+03 0.1420202000D+02 0.0000000000D+00 0.6691000000D+00 0.3336996000D+01 0.1376400000D+01 0.0000000000D+00 0.7465000000D+00 0.7413000000D+00-0.1087580000D+01 0.3284920000D+02 0.2679510000D+01 0.0000000000D+00 0.1171000000D+00 0.2327893000D+01 0.4083000000D+00 0.0000000000D+00 0.2317000000D+00
710420070828200709092454340.5 0.5396320000D+02-0.1035638000D+02 0.1763968000D+03 0.8328940000D+01 0.0000000000D+00 0.1487800000D+01 0.2457080000D+00 0.4238400000D+01 0.0000000000D+00 0.5500900000D+01 0.2427200000D+01 0.3277900000D+00 0.3572810000D+02 0.1925800000D+01 0.0000000000D+00 0.4677000000D+00 0.5664225000D+01 0.3580400000D+01 0.0000000000D+00 0.4157000000D+01
710520070909200709212454352.5-0.8815680000D+02 0.7492030000D+01 0.1488090000D+03 0.1028044000D+02 0.0000000000D+00 0.9168000000D+00 0.3940617000D+01 0.2212100000D+01 0.0000000000D+00 0.5306700000D+01-0.4512400000D+01-0.4531400000D+00 0.2954240000D+02 0.2330980000D+01 0.0000000000D+00 0.4420000000D-01 0.3052168000D+01 0.1282200000D+01 0.0000000000D+00 0.5165600000D+01
710620070921200710032454364.5 0.1679270000D+02-0.8610200000D+01 0.1759438000D+03 0.1013784000D+02 0.0000000000D+00 0.7885000000D+00 0.1177337000D+01 0.5270700000D+01 0.0000000000D+00 0.9642000000D+00 0.9587600000D+01-0.1211870000D+01 0.3359360000D+02 0.2060160000D+01 0.0000000000D+00 0.1030000000D+00 0.6982000000D-01 0.4037300000D+01 0.0000000000D+00 0.1097100000D+01
710720071003200710152454376.5-0.8560480000D+02 0.1169440000D+02 0.1334901000D+03 0.7078150000D+01 0.0000000000D+00 0.1839800000D+01 0.4669264000D+01 0.3256000000D+01 0.0000000000D+00 0.4997000000D+00-0.1414290000D+02 0.1523350000D+01 0.2575710000D+02 0.1150440000D+01 0.0000000000D+00 0.4808000000D+00 0.3500114000D+01 0.1630900000D+01 0.0000000000D+00 0.5853300000D+01
710820071015200710272454388.5-0.2812350000D+02-0.3611090000D+01 0.1927257000D+03 0.1427985000D+02 0.0000000000D+00 0.6150000000D+00 0.2059289000D+01 0.6232400000D+01 0.0000000000D+00 0.5468300000D+01 0.4981800000D+01-0.9491000000D+00 0.2848460000D+02 0.2001200000D+01 0.0000000000D+00 0.6290000000D-01 0.1028600000D+01 0.5166500000D+01 0.0000000000D+00 0.3703700000D+01
710920071027200711082454400.5-0.1562030000D+02 0.3283550000D+01 0.1858798000D+03 0.1064839000D+02 0.0000000000D+00 0.4044300000D+01 0.5467016000D+01 0.3618000000D+01 0.0000000000D+00 0.2648800000D+01-0.8527600000D+01 0.1352270000D+01 0.2432210000D+02 0.1161950000D+01 0.0000000000D+00 0.5075000000D+00 0.4456636000D+01 0.2644800000D+01 0.0000000000D+00 0.1687200000D+01
711020071108200711202454412.5-0.5205840000D+02-0.6145500000D+00 0.1928642000D+03 0.1559224000D+02 0.0000000000D+00 0.8582000000D+00 0.2841721000D+01 0.8489000000D+00 0.0000000000D+00 0.2591000000D+00 0.1717000000D+01-0.8090400000D+00 0.2526840000D+02 0.1982730000D+01 0.0000000000D+00 0.8070000000D-01 0.1930091000D+01 0.6247500000D+01 0.0000000000D+00 0.5892600000D+01
711120071120200712022454424.5 0.3346770000D+02-0.4782160000D+01 0.2051424000D+03 0.1078493000D+02 0.0000000000D+00 0.2982000000D+01 0.6153040000D+01 0.4082400000D+01 0.0000000000D+00 0.4299200000D+01-0.2289900000D+01 0.8931900000D+00 0.2533270000D+02 0.1325090000D+01 0.0000000000D+00 0.4903000000D+00 0.5375288000D+01 0.3525600000D+01 0.0000000000D+00 0.3639400000D+01
711220071202200712142454436.5-0.7529070000D+02 0.3629680000D+01 0.1850350000D+03 0.1419955000D+02 0.0000000000D+00 0.2543000000D+00 0.3559189000D+01 0.1737900000D+01 0.0000000000D+00 0.5715800000D+01-0.1592900000D+01-0.5933100000D+00 0.2430070000D+02 0.2005890000D+01 0.0000000000D+00 0.4890000000D-01 0.2764100000D+01 0.9855000000D+00 0.0000000000D+00 0.1308300000D+01
711320071214200712262454448.5 0.4923470000D+02-0.1185357000D+02 0.1979063000D+03 0.9992100000D+01 0.0000000000D+00 0.1276400000D+01 0.6352010000D+00 0.4653100000D+01 0.0000000000D+00 0.5644000000D+00 0.8827500000D+01-0.9579000000D+00 0.3058960000D+02 0.1828410000D+01 0.0000000000D+00 0.4550000000D-01 0.6025353000D+01 0.3754500000D+01 0.0000000000D+00 0.5530700000D+01
711420071226200801072454460.5-0.1100422000D+03 0.1328842000D+02 0.1548323000D+03 0.7373240000D+01 0.0000000000D+00 0.2253200000D+01 0.4204256000D+01 0.2734600000D+01 0.0000000000D+00 0.5995700000D+01-0.1080510000D+02 0.9467100000D+00 0.2569080000D+02 0.1452660000D+01 0.0000000000D+00 0.3594000000D+00 0.3279876000D+01 0.1501000000D+01 0.0000000000D+00 0.5492200000D+01
811520061231200702052454100.5 0.9006000000D+00 0.1123830000D+01 0.6033782000D+03 0.0000000000D+00 0.0000000000D+00 0.1331770000D+02 0.2605460000D+01 0.0000000000D+00 0.0000000000D+00 0.1204300000D+01-0.4962900000D+01-0.7650000000D-02 0.2368570000D+02 0.0000000000D+00 0.0000000000D+00 0.1851600000D+01 0.5871974000D+01 0.0000000000D+00 0.0000000000D+00 0.4525300000D+01
811620070205200703132454136.5 0.2476850000D+02-0.9595500000D+00 0.6140531000D+03 0.0000000000D+00 0.0000000000D+00 0.6221000000D+01 0.5517880000D+01 0.0000000000D+00 0.0000000000D+00 0.4591000000D+00 0.5844800000D+01-0.5554000000D-01 0.2119390000D+02 0.0000000000D+00 0.0000000000D+00 0.9532000000D+00 0.3043019000D+01 0.0000000000D+00 0.0000000000D+00 0.1588200000D+01
811720070313200704182454172.5 0.3282260000D+02-0.1745000000D-01 0.5771527000D+03 0.0000000000D+00 0.0000000000D+00 0.1122300000D+02 0.2142676000D+01 0.0000000000D+00 0.0000000000D+00 0.7837000000D+00-0.1592900000D+01-0.6725000000D-01 0.1928090000D+02 0.0000000000D+00 0.0000000000D+00 0.1065200000D+01 0.6216057000D+01 0.0000000000D+00 0.0000000000D+00 0.5542400000D+01
811820070418200705242454208.5-0.8732200000D+01 0.5716800000D+00 0.5304590000D+03 0.0000000000D+00 0.0000000000D+00 0.1018030000D+02 0.5007731000D+01 0.0000000000D+00 0.0000000000D+00 0.5746600000D+01-0.7040000000D+00-0.8274000000D-01 0.1440550000D+02 0.0000000000D+00 0.0000000000D+00 0.1015700000D+01 0.2943962000D+01 0.0000000000D+00 0.0000000000D+00 0.3407300000D+01
811920070524200706292454244.5 0.4464370000D+02-0.7604900000D+00 0.4924569000D+03 0.0000000000D+00 0.0000000000D+00 0.4720700000D+01 0.1533313000D+01 0.0000000000D+00 0.0000000000D+00 0.5462300000D+01-0.6550200000D+01 0.4712700000D+00 0.5095100000D+01 0.0000000000D+00 0.0000000000D+00 0.1451000000D+00 0.5458413000D+01 0.0000000000D+00 0.0000000000D+00 0.1044800000D+01
812020070629200708042454280.5-0.4377800000D+01 0.2971000000D+00 0.4756491000D+03 0.0000000000D+00 0.0000000000D+00 0.9544300000D+01 0.4320023000D+01 0.0000000000D+00 0.0000000000D+00 0.5114800000D+01 0.1040220000D+02-0.6193400000D+00 0.1183470000D+02 0.0000000000D+00 0.0000000000D+00 0.1317000000D+00 0.3981210000D+00 0.0000000000D+00 0.0000000000D+00 0.2471400000D+01
812120070804200709092454316.5 0.3501390000D+02-0.6136600000D+00 0.4660677000D+03 0.0000000000D+00 0.0000000000D+00 0.7700900000D+01 0.7925200000D+00 0.0000000000D+00 0.0000000000D+00 0.3545000000D+01-0.1126980000D+02 0.4797100000D+00 0.2812490000D+02 0.0000000000D+00 0.0000000000D+00 0.1224200000D+01 0.3199769000D+01 0.0000000000D+00 0.0000000000D+00 0.6224600000D+01
812220070909200710152454352.5-0.1713120000D+02 0.1075110000D+01 0.4727010000D+03 0.0000000000D+00 0.0000000000D+00 0.7358600000D+01 0.3543667000D+01 0.0000000000D+00 0.0000000000D+00 0.3869700000D+01 0.1095320000D+02-0.3616200000D+00 0.4276260000D+02 0.0000000000D+00 0.0000000000D+00 0.3687000000D+00 0.5983731000D+01 0.0000000000D+00 0.0000000000D+00 0.2370000000D+01
812320071015200711202454388.5 0.4927730000D+02-0.1565620000D+01 0.5015342000D+03 0.0000000000D+00 0.0000000000D+00 0.9197200000D+01 0.3049900000D-01 0.0000000000D+00 0.0000000000D+00 0.2510800000D+01-0.1182100000D+02 0.3928600000D+00 0.5846300000D+02 0.0000000000D+00 0.0000000000D+00 0.1622900000D+01 0.2487375000D+01 0.0000000000D+00 0.0000000000D+00 0.5165800000D+01
812420071120200712262454424.5-0.1677980000D+02 0.1193660000D+01 0.5402285000D+03 0.0000000000D+00 0.0000000000D+00 0.6459500000D+01 0.2870888000D+01 0.0000000000D+00 0.0000000000D+00 0.1880900000D+01 0.7236700000D+01-0.2623500000D+00 0.6800200000D+02 0.0000000000D+00 0.0000000000D+00 0.8897000000D+00 0.5381047000D+01 0.0000000000D+00 0.0000000000D+00 0.4152200000D+01
812520071226200801312454460.5 0.3800220000D+02-0.1302020000D+01 0.5839454000D+03 0.0000000000D+00 0.0000000000D+00 0.8557900000D+01 0.5734987000D+01 0.0000000000D+00 0.0000000000D+00 0.1927700000D+01-0.1668500000D+01 0.1948400000D+00 0.7052110000D+02 0.0000000000D+00 0.0000000000D+00 0.3381000000D+00 0.2042659000D+01 0.0000000000D+00 0.0000000000D+00 0.4891100000D+01
