 7 5    2   18   22   26   31  4.4880  2.4930  1.5162  0.7217  0.4667 24.0 110.0 100.0 75.0 75.0   35 2451909.5000 2001                                                                                                                                                                                                                                                          
1  220001231200101242451909.4-0.7000000000D-03-0.1000000000D-03 0.4783300000D+01 0.2279800000D+00 0.4359000000D-02 0.2300000000D-02 0.2428487000D+01 0.7638000000D+00 0.4956500000D+01 0.9976000000D+00 0.1740000000D-01-0.7000000000D-04 0.8624700000D+01 0.4038600000D+00 0.7679000000D-02 0.4500000000D-02 0.4156812000D+01 0.2529300000D+01 0.4722000000D+00 0.2343100000D+01
1  320010124200102172451933.4-0.9000000000D-03-0.8000000000D-04 0.4591200000D+01 0.2187200000D+00 0.4164000000D-02 0.1900000000D-02 0.2279169000D+01 0.6157000000D+00 0.4810300000D+01 0.5810000000D+00 0.1750000000D-01-0.9000000000D-04 0.8536100000D+01 0.3977400000D+00 0.7559000000D-02 0.5000000000D-02 0.4025974000D+01 0.2407500000D+01 0.3587000000D+00 0.2086100000D+01
1  420010217200103132451957.4-0.1000000000D-02-0.6000000000D-04 0.4420600000D+01 0.2101600000D+00 0.3984000000D-02 0.1600000000D-02 0.2131227000D+01 0.4740000000D+00 0.4673800000D+01 0.1768000000D+00 0.1830000000D-01-0.1400000000D-03 0.8511300000D+01 0.3948000000D+00 0.7506000000D-02 0.5100000000D-02 0.3899710000D+01 0.2290900000D+01 0.2501000000D+00 0.1854000000D+01
1  520010313200104062451981.4-0.1100000000D-02-0.5000000000D-04 0.4287400000D+01 0.2028200000D+00 0.3831000000D-02 0.1700000000D-02 0.1986693000D+01 0.3405000000D+00 0.4550400000D+01 0.6020700000D+01 0.1910000000D-01-0.1900000000D-03 0.8552400000D+01 0.3953400000D+00 0.7531000000D-02 0.5300000000D-02 0.3777935000D+01 0.2178200000D+01 0.1452000000D+00 0.1713800000D+01
1  620010406200104302452005.4-0.1100000000D-02-0.4000000000D-04 0.4203300000D+01 0.1976300000D+00 0.3723000000D-02 0.1800000000D-02 0.1848203000D+01 0.2168000000D+00 0.4438700000D+01 0.5519600000D+01 0.2030000000D-01-0.2600000000D-03 0.8654200000D+01 0.3993900000D+00 0.7634000000D-02 0.6000000000D-02 0.3659377000D+01 0.2067000000D+01 0.3940000000D-01 0.1436400000D+01
1  720010430200105242452029.4-0.1100000000D-02-0.3000000000D-04 0.4175500000D+01 0.1948100000D+00 0.3668000000D-02 0.2100000000D-02 0.1717194000D+01 0.1029000000D+00 0.4339400000D+01 0.5171400000D+01 0.2170000000D-01-0.3500000000D-03 0.8804700000D+01 0.4064400000D+00 0.7795000000D-02 0.5700000000D-02 0.3542443000D+01 0.1954200000D+01 0.6212600000D+01 0.1286200000D+01
1  820010524200106172452053.4-0.1100000000D-02-0.3000000000D-04 0.4205900000D+01 0.1948100000D+00 0.3675000000D-02 0.2500000000D-02 0.1594942000D+01 0.6280500000D+01 0.4247100000D+01 0.4950100000D+01 0.2290000000D-01-0.4200000000D-03 0.8983300000D+01 0.4156400000D+00 0.8003000000D-02 0.6500000000D-02 0.3425271000D+01 0.1837400000D+01 0.6094500000D+01 0.1105600000D+01
1  920010617200107112452077.4-0.9000000000D-03-0.2000000000D-04 0.4288200000D+01 0.1975900000D+00 0.3750000000D-02 0.3100000000D-02 0.1480596000D+01 0.6179600000D+01 0.4155900000D+01 0.4663400000D+01 0.2420000000D-01-0.5100000000D-03 0.9164700000D+01 0.4254400000D+00 0.8207000000D-02 0.6300000000D-02 0.3305875000D+01 0.1713600000D+01 0.5966200000D+01 0.8572000000D+00
1 1020010711200108042452101.4-0.1000000000D-02 0.0000000000D+00 0.4406800000D+01 0.2026600000D+00 0.3877000000D-02 0.3300000000D-02 0.1371611000D+01 0.6076800000D+01 0.4056500000D+01 0.4548500000D+01 0.2470000000D-01-0.5400000000D-03 0.9315000000D+01 0.4343200000D+00 0.8383000000D-02 0.5700000000D-02 0.3183075000D+01 0.1582400000D+01 0.5826900000D+01 0.7091000000D+00
1 1120010804200108282452125.4-0.9000000000D-03 0.1000000000D-04 0.4534900000D+01 0.2090000000D+00 0.4032000000D-02 0.3800000000D-02 0.1263975000D+01 0.5966700000D+01 0.3942000000D+01 0.4362900000D+01 0.2500000000D-01-0.5600000000D-03 0.9406500000D+01 0.4403300000D+00 0.8481000000D-02 0.5800000000D-02 0.3055986000D+01 0.1443800000D+01 0.5678800000D+01 0.4123000000D+00
1 1220010828200109212452149.4-0.1100000000D-02 0.5000000000D-04 0.4640200000D+01 0.2148800000D+00 0.4170000000D-02 0.4000000000D-02 0.1152854000D+01 0.5844300000D+01 0.3810400000D+01 0.4222000000D+01 0.2450000000D-01-0.5400000000D-03 0.9416100000D+01 0.4424300000D+00 0.8492000000D-02 0.4500000000D-02 0.2924668000D+01 0.1300300000D+01 0.5525300000D+01 0.4900000000D-01
1 1320010921200110152452173.4-0.1300000000D-02 0.9000000000D-04 0.4691900000D+01 0.2187000000D+00 0.4252000000D-02 0.3800000000D-02 0.1034794000D+01 0.5709100000D+01 0.3662100000D+01 0.4065500000D+01 0.2360000000D-01-0.4900000000D-03 0.9342700000D+01 0.4402000000D+00 0.8410000000D-02 0.4400000000D-02 0.2789818000D+01 0.1154600000D+01 0.5371200000D+01 0.5981600000D+01
1 1420011015200111082452197.4-0.1600000000D-02 0.1400000000D-03 0.4673000000D+01 0.2192200000D+00 0.4257000000D-02 0.3700000000D-02 0.9077510000D+00 0.5563200000D+01 0.3503600000D+01 0.3906500000D+01 0.2230000000D-01-0.4400000000D-03 0.9200400000D+01 0.4340800000D+00 0.8257000000D-02 0.4400000000D-02 0.2652449000D+01 0.1010200000D+01 0.5221500000D+01 0.5436100000D+01
1 1520011108200112022452221.4-0.2000000000D-02 0.1800000000D-03 0.4582700000D+01 0.2162300000D+00 0.4182000000D-02 0.3200000000D-02 0.7716210000D+00 0.5409500000D+01 0.3338000000D+01 0.3680400000D+01 0.2110000000D-01-0.3700000000D-03 0.9020200000D+01 0.4256900000D+00 0.8067000000D-02 0.4700000000D-02 0.2514313000D+01 0.8693000000D+00 0.5078200000D+01 0.4963600000D+01
1 1620011202200112262452245.4-0.2200000000D-02 0.2200000000D-03 0.4435300000D+01 0.2101900000D+00 0.4046000000D-02 0.2600000000D-02 0.6278990000D+00 0.5252200000D+01 0.3172200000D+01 0.3449100000D+01 0.1970000000D-01-0.3100000000D-03 0.8834300000D+01 0.4160500000D+00 0.7865000000D-02 0.5500000000D-02 0.2376858000D+01 0.7341000000D+00 0.4945400000D+01 0.4651700000D+01
1 1720011226200201192452269.4-0.2500000000D-02 0.2500000000D-03 0.4253100000D+01 0.2021100000D+00 0.3870000000D-02 0.2200000000D-02 0.4784880000D+00 0.5094200000D+01 0.3008500000D+01 0.3169600000D+01 0.1870000000D-01-0.2600000000D-03 0.8674400000D+01 0.4072900000D+00 0.7688000000D-02 0.6400000000D-02 0.2242119000D+01 0.6052000000D+00 0.4821600000D+01 0.4344300000D+01
2 1820001231200104202451909.4 0.1370000000D-01-0.4000000000D-04 0.6348900000D+01 0.1531000000D-01 0.5100000000D-04 0.6200000000D-02-0.1191816000D+01-0.3783000000D+01-0.8311000000D+00-0.1261400000D+01-0.1500000000D-01-0.2000000000D-04 0.1259270000D+02 0.7290000000D-02 0.8200000000D-04 0.8100000000D-02-0.5667592000D+01-0.2439200000D+01-0.5370000000D+01-0.5708700000D+01
2 1920010420200108082452019.4 0.1350000000D-01-0.2000000000D-04 0.5522400000D+01 0.2780000000D-02 0.6100000000D-04 0.6100000000D-02-0.3543031000D+01-0.4745100000D+01-0.2716900000D+01-0.5910400000D+01-0.1560000000D-01 0.2000000000D-04 0.1271500000D+02 0.1341000000D-01 0.4200000000D-04 0.1180000000D-01-0.1597842000D+01-0.1264500000D+01-0.4006500000D+01-0.4221600000D+01
2 2020010808200111262452129.4 0.1090000000D-01 0.0000000000D+00 0.6111100000D+01 0.1111000000D-01 0.9700000000D-04 0.4100000000D-02-0.5734230000D+01-0.5048200000D+01-0.2016900000D+01-0.3685900000D+01-0.2360000000D-01 0.1100000000D-03 0.1371130000D+02 0.3730000000D-02 0.6600000000D-04 0.9300000000D-02-0.3817014000D+01-0.5521500000D+01-0.6970000000D+00-0.2124700000D+01
2 2120011126200203162452239.4 0.1160000000D-01-0.5000000000D-04 0.6092800000D+01 0.1257000000D-01 0.1100000000D-04 0.6200000000D-02-0.1658162000D+01-0.4305200000D+01-0.2265400000D+01-0.2066600000D+01-0.1400000000D-01-0.2000000000D-04 0.1291320000D+02 0.1322000000D-01 0.8100000000D-04 0.8100000000D-02-0.6076782000D+01-0.2707500000D+01-0.5677900000D+01-0.3172000000D+00
3 2220001231200104102451909.4 0.3870000000D-01-0.6000000000D-04 0.8848500000D+01 0.2046000000D-01 0.6200000000D-04 0.1440000000D-01 0.1858027000D+01 0.5531600000D+01 0.2113700000D+01-0.5280000000D+00 0.3750000000D-01 0.1100000000D-03 0.1753510000D+02 0.1016000000D-01 0.1140000000D-03 0.3470000000D-01 0.3669339000D+01 0.5256000000D+00 0.3883600000D+01-0.4669300000D+01
3 2320010410200107192452009.4 0.3050000000D-01-0.2000000000D-04 0.7745500000D+01 0.6970000000D-02 0.1070000000D-03 0.1510000000D-01 0.2568800000D+01 0.7149000000D+00 0.3305300000D+01-0.5130000000D+01 0.3320000000D-01 0.2000000000D-03 0.1758990000D+02 0.1584000000D-01 0.3200000000D-04 0.4100000000D-01 0.4506047000D+01 0.4775800000D+01 0.2539600000D+01-0.3283900000D+01
3 2420010719200110272452109.4 0.3070000000D-01 0.1000000000D-03 0.8294900000D+01 0.1783000000D-01 0.1120000000D-03 0.1940000000D-01 0.3395340000D+01 0.3991400000D+01 0.6867000000D+00-0.3487300000D+01 0.4350000000D-01-0.5000000000D-04 0.1896430000D+02 0.8020000000D-02 0.1300000000D-03 0.3940000000D-01 0.5336308000D+01 0.4938700000D+01 0.2252000000D+01-0.1523300000D+01
3 2520011027200202042452209.4 0.4170000000D-01-0.1600000000D-03 0.8789500000D+01 0.9890000000D-02 0.6100000000D-04 0.1650000000D-01 0.4277600000D+01 0.1361600000D+01 0.2026000000D+01-0.1565700000D+01 0.4170000000D-01-0.1100000000D-03 0.1845530000D+02 0.1939000000D-01 0.7300000000D-04 0.3540000000D-01 0.6139517000D+01 0.3197600000D+01 0.3000000000D+00-0.6139500000D+01
4 2620001231200103162451909.4-0.4590000000D-01-0.6000000000D-04 0.1445940000D+02 0.3098000000D-01 0.7900000000D-04 0.1590000000D-01 0.1941168000D+01 0.5545100000D+01 0.1843900000D+01 0.1882800000D+01 0.9120000000D-01-0.9600000000D-03 0.2878270000D+02 0.1773000000D-01 0.1930000000D-03 0.3370000000D-01 0.3750351000D+01 0.4103000000D+00 0.3861600000D+01 0.3909400000D+01
4 2720010316200105302451984.4-0.2780000000D-01-0.5000000000D-04 0.1287700000D+02 0.1971000000D-01 0.1830000000D-03 0.1160000000D-01 0.5720975000D+01 0.3450600000D+01 0.9400000000D-02 0.3262400000D+01 0.7500000000D-02 0.1070000000D-02 0.2854210000D+02 0.1502000000D-01 0.1070000000D-03 0.1510000000D-01 0.1342373000D+01 0.1879200000D+01 0.1016500000D+01 0.5007900000D+01
4 2820010530200108132452059.4-0.5130000000D-01 0.6000000000D-04 0.1278180000D+02 0.1418000000D-01 0.1010000000D-03 0.1460000000D-01 0.3255233000D+01 0.3424300000D+01 0.4443400000D+01 0.5024900000D+01 0.9650000000D-01-0.1020000000D-02 0.3002880000D+02 0.2985000000D-01 0.1750000000D-03 0.3210000000D-01 0.5217280000D+01 0.5302900000D+01 0.2361500000D+01 0.1670000000D+00
4 2920010813200110272452134.4-0.2920000000D-01-0.9000000000D-04 0.1402140000D+02 0.2353000000D-01 0.2100000000D-03 0.8300000000D-02 0.8827630000D+00 0.1584600000D+01 0.4468600000D+01 0.5911400000D+01 0.1260000000D-01 0.1110000000D-02 0.3130510000D+02 0.5560000000D-02 0.2000000000D-03 0.3270000000D-01 0.2794057000D+01 0.1303600000D+01 0.5797600000D+01 0.1432800000D+01
4 3020011027200201102452209.4-0.5930000000D-01 0.2900000000D-03 0.1433190000D+02 0.1359000000D-01 0.1300000000D-03 0.1590000000D-01 0.4789205000D+01 0.1742400000D+01 0.2412400000D+01 0.1298000000D+01 0.8690000000D-01-0.1000000000D-02 0.3027380000D+02 0.2929000000D-01 0.8600000000D-04 0.3970000000D-01 0.3646640000D+00 0.3569100000D+01 0.8743000000D+00 0.3464200000D+01
5 3120001231200103162451909.4-0.1780000000D-01 0.1700000000D-03 0.1939550000D+02 0.4160000000D-01 0.1070000000D-03 0.3300000000D-02 0.4504442000D+01 0.1825700000D+01 0.4392000000D+01 0.2514400000D+01-0.8550000000D-01 0.1590000000D-02 0.3851730000D+02 0.2401000000D-01 0.2610000000D-03 0.1500000000D-01 0.2693200000D-01 0.3017100000D+01 0.1402000000D+00 0.3465500000D+01
5 3220010316200105302451984.4-0.3810000000D-01 0.4000000000D-04 0.1728370000D+02 0.2650000000D-01 0.2440000000D-03 0.1150000000D-01 0.1724182000D+01 0.5709000000D+01 0.2231500000D+01 0.2042900000D+01 0.5280000000D-01-0.1600000000D-02 0.3819160000D+02 0.1891000000D-01 0.1550000000D-03 0.2960000000D-01 0.3624383000D+01 0.4130700000D+01 0.3281500000D+01 0.4408200000D+01
5 3320010530200108132452059.4 0.1000000000D-03-0.2900000000D-03 0.1714140000D+02 0.1967000000D-01 0.1220000000D-03 0.6700000000D-02 0.5262436000D+01 0.5436700000D+01 0.2020000000D+00 0.3553000000D+01-0.8100000000D-01 0.1640000000D-02 0.4020730000D+02 0.3745000000D-01 0.2040000000D-03 0.9600000000D-02 0.9375850000D+00 0.9526000000D+00 0.4353700000D+01 0.6150800000D+01
5 3420010813200110272452134.4-0.5270000000D-01 0.2400000000D-03 0.1879820000D+02 0.3218000000D-01 0.2890000000D-03 0.1360000000D-01 0.2611542000D+01 0.3311500000D+01 0.6212800000D+01 0.4415200000D+01 0.4950000000D-01-0.1710000000D-02 0.4190390000D+02 0.6960000000D-02 0.2500000000D-03 0.2310000000D-01 0.4518284000D+01 0.2817000000D+01 0.1262100000D+01 0.6044900000D+01
5 3520011027200201102452209.4-0.6100000000D-02-0.1600000000D-03 0.1921500000D+02 0.1745000000D-01 0.1870000000D-03 0.2000000000D-02 0.6241215000D+01 0.3157200000D+01 0.3859500000D+01 0.5202800000D+01-0.7520000000D-01 0.1640000000D-02 0.4050430000D+02 0.3996000000D-01 0.1290000000D-03 0.9800000000D-02 0.1813014000D+01 0.5023300000D+01 0.2280800000D+01 0.3393000000D+00
