 7 5    2   18   22   26   31  4.4880  2.4930  1.5162  0.7217  0.4667 24.0 110.0 100.0 75.0 75.0   35 2456292.5000 2013                                                                                                                                                                                                                                                          
1  220121231201301242456292.4 0.6200000000D-02 0.1100000000D-03 0.3976600000D+01 0.1889400000D+00 0.3649000000D-02 0.2700000000D-02 0.5893685000D+01 0.4263800000D+01 0.2211300000D+01 0.5888900000D+01-0.2400000000D-02-0.3100000000D-03 0.8454200000D+01 0.3968600000D+00 0.7550000000D-02 0.5000000000D-02 0.3562232000D+01 0.1924700000D+01 0.6141400000D+01 0.3209500000D+01
1  320130124201302172456316.4 0.6000000000D-02 0.1100000000D-03 0.3943000000D+01 0.1896200000D+00 0.3701000000D-02 0.2500000000D-02 0.5742920000D+01 0.4125100000D+01 0.2075700000D+01 0.5742700000D+01-0.1800000000D-02-0.3200000000D-03 0.8293700000D+01 0.3875700000D+00 0.7350000000D-02 0.5500000000D-02 0.3427090000D+01 0.1794200000D+01 0.6015400000D+01 0.3042700000D+01
1  420130217201303132456340.4 0.6000000000D-02 0.1200000000D-03 0.3959400000D+01 0.1916500000D+00 0.3765000000D-02 0.2300000000D-02 0.5584263000D+01 0.3978500000D+01 0.1933300000D+01 0.5388400000D+01-0.1300000000D-02-0.3100000000D-03 0.8172900000D+01 0.3801500000D+00 0.7202000000D-02 0.5400000000D-02 0.3296661000D+01 0.1671600000D+01 0.5899500000D+01 0.2685000000D+01
1  520130313201304062456364.4 0.6100000000D-02 0.1200000000D-03 0.4023100000D+01 0.1949400000D+00 0.3839000000D-02 0.1900000000D-02 0.5423157000D+01 0.3827900000D+01 0.1786700000D+01 0.5192400000D+01-0.6000000000D-03-0.3200000000D-03 0.8108500000D+01 0.3754900000D+00 0.7111000000D-02 0.5100000000D-02 0.3171040000D+01 0.1554900000D+01 0.5791100000D+01 0.2473000000D+01
1  620130406201304302456388.4 0.6500000000D-02 0.1100000000D-03 0.4125700000D+01 0.1991000000D+00 0.3918000000D-02 0.1800000000D-02 0.5264545000D+01 0.3677500000D+01 0.1640400000D+01 0.4782700000D+01-0.4000000000D-03-0.2900000000D-03 0.8104900000D+01 0.3741800000D+00 0.7098000000D-02 0.5400000000D-02 0.3049911000D+01 0.1443100000D+01 0.5687000000D+01 0.2236300000D+01
1  720130430201305242456412.4 0.6800000000D-02 0.1100000000D-03 0.4256600000D+01 0.2039600000D+00 0.3997000000D-02 0.1600000000D-02 0.5112527000D+01 0.3530000000D+01 0.1494700000D+01 0.4295000000D+01-0.1000000000D-03-0.2800000000D-03 0.8164200000D+01 0.3761900000D+00 0.7149000000D-02 0.5100000000D-02 0.2932171000D+01 0.1333000000D+01 0.5583800000D+01 0.1882700000D+01
1  820130524201306172456436.4 0.7300000000D-02 0.9000000000D-04 0.4400400000D+01 0.2088400000D+00 0.4071000000D-02 0.1500000000D-02 0.4969055000D+01 0.3387400000D+01 0.1352200000D+01 0.3870700000D+01 0.0000000000D+00-0.2500000000D-03 0.8276600000D+01 0.3814100000D+00 0.7271000000D-02 0.5000000000D-02 0.2816468000D+01 0.1223100000D+01 0.5478000000D+01 0.1752800000D+01
1  920130617201307112456460.4 0.7800000000D-02 0.7000000000D-04 0.4539500000D+01 0.2132500000D+00 0.4126000000D-02 0.1900000000D-02 0.4835562000D+01 0.3250100000D+01 0.1211700000D+01 0.3497500000D+01 0.1000000000D-03-0.2300000000D-03 0.8430800000D+01 0.3893000000D+00 0.7446000000D-02 0.5200000000D-02 0.2701264000D+01 0.1110200000D+01 0.5366200000D+01 0.1437900000D+01
1 1020130711201308042456484.4 0.8200000000D-02 0.4000000000D-04 0.4654400000D+01 0.2163500000D+00 0.4156000000D-02 0.2000000000D-02 0.4711685000D+01 0.3118400000D+01 0.1074900000D+01 0.3065400000D+01 0.3000000000D-03-0.2200000000D-03 0.8605100000D+01 0.3988300000D+00 0.7657000000D-02 0.4700000000D-02 0.2584618000D+01 0.9925000000D+00 0.5246000000D+01 0.1226500000D+01
1 1120130804201308282456508.4 0.8600000000D-02 0.0000000000D+00 0.4724400000D+01 0.2176200000D+00 0.4148000000D-02 0.2100000000D-02 0.4596610000D+01 0.2991700000D+01 0.9409000000D+00 0.2824500000D+01 0.5000000000D-03-0.2100000000D-03 0.8774600000D+01 0.4090200000D+00 0.7877000000D-02 0.4300000000D-02 0.2465029000D+01 0.8676000000D+00 0.5114400000D+01 0.1014000000D+01
1 1220130828201309212456532.4 0.8800000000D-02-0.2000000000D-04 0.4735500000D+01 0.2165900000D+00 0.4101000000D-02 0.2400000000D-02 0.4488267000D+01 0.2869600000D+01 0.8125000000D+00 0.2549700000D+01 0.7000000000D-03-0.2100000000D-03 0.8907900000D+01 0.4176900000D+00 0.8063000000D-02 0.3900000000D-02 0.2340725000D+01 0.7348000000D+00 0.4972900000D+01 0.6715000000D+00
1 1320130921201310152456556.4 0.8900000000D-02-0.5000000000D-04 0.4682500000D+01 0.2136200000D+00 0.4028000000D-02 0.2500000000D-02 0.4383573000D+01 0.2752100000D+01 0.6899000000D+00 0.2159600000D+01 0.1000000000D-02-0.2000000000D-03 0.8978700000D+01 0.4236400000D+00 0.8179000000D-02 0.3100000000D-02 0.2211251000D+01 0.5944000000D+00 0.4821700000D+01 0.2711000000D+00
1 1420131015201311082456580.4 0.8900000000D-02-0.8000000000D-04 0.4577500000D+01 0.2093600000D+00 0.3944000000D-02 0.2700000000D-02 0.4278102000D+01 0.2637600000D+01 0.5743000000D+00 0.1981100000D+01 0.1000000000D-02-0.1800000000D-03 0.8968400000D+01 0.4248900000D+00 0.8192000000D-02 0.3000000000D-02 0.2076410000D+01 0.4490000000D+00 0.4667000000D+01 0.5998300000D+01
1 1520131108201312022456604.4 0.8700000000D-02-0.1100000000D-03 0.4444100000D+01 0.2050400000D+00 0.3880000000D-02 0.3100000000D-02 0.4166957000D+01 0.2523700000D+01 0.4612000000D+00 0.1671200000D+01 0.1000000000D-02-0.1600000000D-03 0.8879600000D+01 0.4215000000D+00 0.8098000000D-02 0.3500000000D-02 0.1937886000D+01 0.3018000000D+00 0.4513000000D+01 0.5517600000D+01
1 1620131202201312262456628.4 0.8700000000D-02-0.1300000000D-03 0.4312900000D+01 0.2014800000D+00 0.3844000000D-02 0.3200000000D-02 0.4045253000D+01 0.2405600000D+01 0.3468000000D+00 0.1423400000D+01 0.9000000000D-03-0.1200000000D-03 0.8730800000D+01 0.4140700000D+00 0.7925000000D-02 0.4400000000D-02 0.1797535000D+01 0.1571000000D+00 0.4365700000D+01 0.5046200000D+01
1 1720131226201401192456652.4 0.8700000000D-02-0.1500000000D-03 0.4209400000D+01 0.1993600000D+00 0.3841000000D-02 0.3300000000D-02 0.3910738000D+01 0.2279200000D+01 0.2244000000D+00 0.1275300000D+01 0.5000000000D-03-0.7000000000D-04 0.8554200000D+01 0.4042900000D+00 0.7706000000D-02 0.5100000000D-02 0.1657855000D+01 0.1740000000D-01 0.4228200000D+01 0.4883100000D+01
2 1820121231201304202456292.4 0.7200000000D-02-0.2000000000D-04 0.5033900000D+01 0.5440000000D-02 0.5300000000D-04 0.1600000000D-02-0.2981641000D+01-0.4807100000D+01-0.3337100000D+01-0.3142000000D+01-0.1000000000D-01-0.2000000000D-04 0.1267220000D+02 0.1266000000D-01 0.7900000000D-04 0.5800000000D-02-0.5236281000D+01-0.1952500000D+01-0.4817800000D+01-0.6221000000D+01
2 1920130420201308082456402.4 0.3500000000D-02 0.2000000000D-04 0.5512900000D+01 0.1379000000D-01 0.5600000000D-04 0.4800000000D-02-0.5353170000D+01-0.5893700000D+01-0.3135200000D+01-0.2623200000D+01-0.1460000000D-01 0.7000000000D-04 0.1215950000D+02 0.8370000000D-02 0.3400000000D-04 0.6900000000D-02-0.1168976000D+01-0.3983000000D+00-0.1699600000D+01-0.4494600000D+01
2 2020130808201311262456512.4 0.4500000000D-02 0.0000000000D+00 0.6411300000D+01 0.5460000000D-02 0.5000000000D-04 0.6000000000D-02-0.1341875000D+01-0.5961000000D+01-0.4214300000D+01-0.1973200000D+01-0.1170000000D-01-0.1000000000D-04 0.1315150000D+02 0.1045000000D-01 0.1020000000D-03 0.7600000000D-02-0.3366072000D+01-0.3404600000D+01-0.6228600000D+01-0.2660500000D+01
2 2120131126201403162456622.4 0.6100000000D-02-0.1000000000D-04 0.5831200000D+01 0.7690000000D-02 0.7700000000D-04 0.1500000000D-02-0.3498191000D+01-0.3360000000D+00-0.4054400000D+01-0.4392000000D+01-0.9000000000D-02 0.0000000000D+00 0.1315760000D+02 0.1427000000D-01 0.5400000000D-04 0.7700000000D-02-0.5623659000D+01-0.2117600000D+01-0.4896900000D+01-0.4958000000D+00
3 2220121231201304102456292.4-0.1680000000D-01-0.6000000000D-04 0.7018700000D+01 0.6640000000D-02 0.8000000000D-04 0.1300000000D-01 0.3872211000D+01 0.1974200000D+01 0.3435800000D+01-0.1253500000D+01-0.4150000000D-01-0.5000000000D-04 0.1762820000D+02 0.1684000000D-01 0.1020000000D-03 0.3310000000D-01 0.1612657000D+01 0.4819100000D+01 0.1997100000D+01-0.3538400000D+01
3 2320130410201307192456392.4-0.2350000000D-01-0.1000000000D-04 0.7566800000D+01 0.1863000000D-01 0.6100000000D-04 0.1500000000D-01 0.4571753000D+01 0.3920400000D+01 0.2754000000D+00-0.5997700000D+01-0.5100000000D-01-0.1000000000D-04 0.1689600000D+02 0.8570000000D-02 0.6700000000D-04 0.2770000000D-01 0.2451351000D+01 0.3372700000D+01 0.2142000000D+01-0.1831500000D+01
3 2420130719201310272456492.4-0.2050000000D-01-0.9000000000D-04 0.8801200000D+01 0.7420000000D-02 0.1090000000D-03 0.1300000000D-01 0.5327869000D+01 0.5782400000D+01 0.1983100000D+01-0.4607300000D+01-0.6250000000D-01 0.1200000000D-03 0.1800930000D+02 0.1827000000D-01 0.1300000000D-03 0.3340000000D-01 0.3301126000D+01 0.3360900000D+01 0.4932000000D+00-0.1492000000D+00
3 2520131027201402042456592.4-0.2590000000D-01 0.8000000000D-04 0.8461200000D+01 0.1542000000D-01 0.1070000000D-03 0.1280000000D-01 0.6213569000D+01 0.2665400000D+01 0.5446300000D+01-0.2991500000D+01-0.5170000000D-01 0.0000000000D+00 0.1863700000D+02 0.1415000000D-01 0.4000000000D-04 0.3150000000D-01 0.4107766000D+01 0.1472300000D+01 0.6093100000D+01-0.4939500000D+01
4 2620121231201303162456292.4 0.3600000000D-02-0.7000000000D-04 0.1155150000D+02 0.8340000000D-02 0.1570000000D-03 0.1010000000D-01 0.2843673000D+01 0.7199000000D+00 0.2311300000D+01 0.5330000000D+01 0.8090000000D-01-0.5500000000D-03 0.2893040000D+02 0.2715000000D-01 0.1520000000D-03 0.1860000000D-01 0.5905490000D+00 0.3626500000D+01 0.9385000000D+00 0.3458800000D+01
4 2720130316201305302456367.4-0.1730000000D-01 0.1800000000D-03 0.1200460000D+02 0.2484000000D-01 0.5400000000D-04 0.1530000000D-01 0.3423780000D+00 0.5850700000D+01 0.1117200000D+01 0.2804000000D+00 0.6500000000D-01 0.6200000000D-03 0.2771980000D+02 0.1218000000D-01 0.1650000000D-03 0.2750000000D-01 0.4470205000D+01 0.1140000000D-01 0.4365300000D+01 0.4312400000D+01
4 2820130530201308132456442.4 0.1480000000D-01-0.2800000000D-03 0.1356710000D+02 0.2573000000D-01 0.1610000000D-03 0.1010000000D-01 0.4124767000D+01 0.3769700000D+01 0.3153000000D+00 0.1982200000D+01 0.7760000000D-01-0.4200000000D-03 0.2839060000D+02 0.2622000000D-01 0.7500000000D-04 0.2350000000D-01 0.2076279000D+01 0.2440800000D+01 0.3647000000D+00 0.6178100000D+01
4 2920130813201310272456517.4-0.2240000000D-01 0.2900000000D-03 0.1466150000D+02 0.9190000000D-02 0.1540000000D-03 0.1610000000D-01 0.1695751000D+01 0.3210400000D+01 0.4702800000D+01 0.2978600000D+01 0.8780000000D-01 0.3500000000D-03 0.3013060000D+02 0.2331000000D-01 0.2430000000D-03 0.3130000000D-01 0.5948226000D+01 0.5822100000D+01 0.2948900000D+01 0.1173600000D+01
4 3020131027201401102456592.4 0.1180000000D-01-0.2700000000D-03 0.1390040000D+02 0.2445000000D-01 0.1570000000D-03 0.1320000000D-01 0.5614345000D+01 0.1979300000D+01 0.4735600000D+01 0.4696100000D+01 0.7610000000D-01-0.4000000000D-03 0.3053350000D+02 0.1873000000D-01 0.1170000000D-03 0.1460000000D-01 0.3514627000D+01 0.9050000000D+00 0.5875300000D+01 0.2640600000D+01
5 3120121231201303162456292.4 0.5300000000D-02 0.1800000000D-03 0.1534790000D+02 0.1115000000D-01 0.2140000000D-03 0.7300000000D-02 0.6028305000D+01 0.3878200000D+01 0.5502800000D+01 0.5853800000D+01-0.3700000000D-02 0.9300000000D-03 0.3870820000D+02 0.3670000000D-01 0.2060000000D-03 0.1530000000D-01 0.3774959000D+01 0.5102000000D+00 0.4075500000D+01 0.4357700000D+01
5 3220130316201305302456367.4 0.4660000000D-01-0.1700000000D-03 0.1596080000D+02 0.3340000000D-01 0.6900000000D-04 0.1260000000D-01 0.3251187000D+01 0.2467600000D+01 0.3961000000D+01 0.1158500000D+01 0.1600000000D-01-0.8200000000D-03 0.3708980000D+02 0.1602000000D-01 0.2240000000D-03 0.1770000000D-01 0.1095744000D+01 0.2928500000D+01 0.9122000000D+00 0.5518300000D+01
5 3320130530201308132456442.4 0.4000000000D-02 0.4600000000D-03 0.1805590000D+02 0.3439000000D-01 0.2140000000D-03 0.1320000000D-01 0.4710660000D+00 0.9340000000D-01 0.2935100000D+01 0.1692600000D+01 0.9900000000D-02 0.7700000000D-03 0.3798410000D+02 0.3460000000D-01 0.1150000000D-03 0.2620000000D-01 0.4706017000D+01 0.5069500000D+01 0.3073600000D+01 0.5493200000D+01
5 3420130813201310272456517.4 0.7080000000D-01-0.6800000000D-03 0.1951580000D+02 0.1196000000D-01 0.2020000000D-03 0.1170000000D-01 0.4046052000D+01 0.5594700000D+01 0.7860000000D+00 0.3391900000D+01 0.7200000000D-02-0.6900000000D-03 0.4031860000D+02 0.3092000000D-01 0.3260000000D-03 0.3330000000D-01 0.2016244000D+01 0.1878400000D+01 0.5353600000D+01 0.9806000000D+00
5 3520131027201401102456592.4-0.1200000000D-02 0.5200000000D-03 0.1849640000D+02 0.3352000000D-01 0.2190000000D-03 0.9300000000D-02 0.1403292000D+01 0.4046500000D+01 0.5430000000D+00 0.3245000000D+01 0.2000000000D-01 0.5900000000D-03 0.4085620000D+02 0.2354000000D-01 0.1400000000D-03 0.2400000000D-01 0.5586759000D+01 0.2871000000D+01 0.1857600000D+01 0.1545000000D+01
