 5 4    2   25   48   70  3.5516  1.7693  0.8782  0.3765 16.0 16.0 17.0 18.0   90 2457387.5000 2016                                                                                                                                                                                                                                                                              
1  220151231201601162457387.5 0.4943000000D+00-0.2960000000D-02 0.1037309000D+03 0.3160200000D+00 0.3116000000D-02 0.2406000000D+00 0.4749900000D-01 0.6240500000D+01 0.1665500000D+01 0.2537300000D+01-0.2456000000D+00 0.6400000000D-03 0.4942520000D+02 0.1504500000D+00 0.0000000000D+00 0.1135000000D+00 0.3269941000D+01 0.3413900000D+01 0.0000000000D+00 0.5746100000D+01
1  320160116201602012457403.5 0.4291000000D+00-0.5050000000D-02 0.1087269000D+03 0.3158800000D+00 0.3341000000D-02 0.2567000000D+00 0.3276040000D+00 0.5527000000D+00 0.2360000000D+01 0.3237500000D+01-0.2162000000D+00 0.1250000000D-02 0.5184250000D+02 0.1464400000D+00 0.0000000000D+00 0.1170000000D+00 0.3553305000D+01 0.4003500000D+01 0.0000000000D+00 0.1940000000D+00
1  420160201201602172457419.5 0.3533000000D+00-0.8020000000D-02 0.1132681000D+03 0.3156800000D+00 0.4029000000D-02 0.2525000000D+00 0.6212250000D+00 0.1186800000D+01 0.3133000000D+01 0.4058500000D+01-0.1820000000D+00 0.2500000000D-02 0.5397540000D+02 0.1366800000D+00 0.0000000000D+00 0.1194000000D+00 0.3849021000D+01 0.4663800000D+01 0.0000000000D+00 0.1063200000D+01
1  520160217201603042457435.5 0.2549000000D+00-0.9700000000D-02 0.1167352000D+03 0.3016200000D+00 0.4539000000D-02 0.2813000000D+00 0.9263820000D+00 0.1873200000D+01 0.3822600000D+01 0.4852500000D+01-0.1401000000D+00 0.3710000000D-02 0.5548900000D+02 0.1229200000D+00 0.0000000000D+00 0.1373000000D+00 0.4154987000D+01 0.5438000000D+01 0.0000000000D+00 0.1812300000D+01
1  620160304201603202457451.5 0.1327000000D+00-0.9570000000D-02 0.1185098000D+03 0.2803700000D+00 0.4550000000D-02 0.2713000000D+00 0.1238442000D+01 0.2635500000D+01 0.4533100000D+01 0.5571700000D+01-0.8950000000D-01 0.4520000000D-02 0.5606660000D+02 0.1178400000D+00 0.0000000000D+00 0.1272000000D+00 0.4466348000D+01 0.4220000000D-01 0.0000000000D+00 0.2500700000D+01
1  720160320201604052457467.5 0.8700000000D-02-0.9810000000D-02 0.1182395000D+03 0.2652100000D+00 0.4174000000D-02 0.2637000000D+00 0.1551080000D+01 0.3466100000D+01 0.5253700000D+01 0.1447000000D+00-0.3620000000D-01 0.5370000000D-02 0.5556050000D+02 0.1273900000D+00 0.0000000000D+00 0.1202000000D+00 0.4776571000D+01 0.8823000000D+00 0.0000000000D+00 0.3381700000D+01
1  820160405201604212457483.5-0.1033000000D+00-0.1106000000D-01 0.1159830000D+03 0.2715600000D+00 0.3765000000D-02 0.2830000000D+00 0.1857579000D+01 0.4287000000D+01 0.5974700000D+01 0.8714000000D+00 0.1640000000D-01 0.6120000000D-02 0.5409150000D+02 0.1390100000D+00 0.0000000000D+00 0.1306000000D+00 0.5079537000D+01 0.1585500000D+01 0.0000000000D+00 0.4117400000D+01
1  920160421201605072457499.5-0.2146000000D+00-0.1117000000D-01 0.1121883000D+03 0.2918200000D+00 0.3231000000D-02 0.2583000000D+00 0.2152773000D+01 0.5018000000D+01 0.3360000000D+00 0.1560400000D+01 0.7320000000D-01 0.5850000000D-02 0.5199720000D+02 0.1441900000D+00 0.0000000000D+00 0.1211000000D+00 0.5370937000D+01 0.2194100000D+01 0.0000000000D+00 0.4795700000D+01
1 1020160507201605232457515.5-0.3295000000D+00-0.9040000000D-02 0.1074964000D+03 0.3140200000D+00 0.2655000000D-02 0.2458000000D+00 0.2434035000D+01 0.5641000000D+01 0.8971000000D+00 0.2361000000D+01 0.1327000000D+00 0.4520000000D-02 0.4966890000D+02 0.1449900000D+00 0.0000000000D+00 0.1155000000D+00 0.5648951000D+01 0.2749800000D+01 0.0000000000D+00 0.5565700000D+01
1 1120160523201606082457531.5-0.4276000000D+00-0.6570000000D-02 0.1025110000D+03 0.3324200000D+00 0.1945000000D-02 0.2454000000D+00 0.2701064000D+01 0.6184300000D+01 0.1434800000D+01 0.3020400000D+01 0.1840000000D+00 0.3210000000D-02 0.4740240000D+02 0.1451800000D+00 0.0000000000D+00 0.1125000000D+00 0.5913687000D+01 0.3261200000D+01 0.0000000000D+00 0.6217300000D+01
1 1220160608201606242457547.5-0.4931000000D+00-0.5010000000D-02 0.9768900000D+02 0.3466500000D+00 0.1513000000D-02 0.2143000000D+00 0.2954801000D+01 0.3745000000D+00 0.2098200000D+01 0.3702500000D+01 0.2201000000D+00 0.2460000000D-02 0.4535960000D+02 0.1458900000D+00 0.0000000000D+00 0.9780000000D-01 0.6166325000D+01 0.3728300000D+01 0.0000000000D+00 0.6414000000D+00
1 1320160624201607102457563.5-0.5310000000D+00-0.3130000000D-02 0.9331240000D+02 0.3505000000D+00 0.1340000000D-02 0.2024000000D+00 0.3196974000D+01 0.7944000000D+00 0.2614300000D+01 0.4468000000D+01 0.2436000000D+00 0.1630000000D-02 0.4360890000D+02 0.1469100000D+00 0.0000000000D+00 0.9530000000D-01 0.1255050000D+00 0.4147400000D+01 0.0000000000D+00 0.1413500000D+01
1 1420160710201607262457579.5-0.5498000000D+00 0.1300000000D-03 0.8953470000D+02 0.3459800000D+00 0.1146000000D-02 0.1957000000D+00 0.3429654000D+01 0.1186000000D+01 0.3001700000D+01 0.5092000000D+01 0.2583000000D+00 0.1700000000D-03 0.4215430000D+02 0.1470000000D+00 0.0000000000D+00 0.9270000000D-01 0.3595610000D+00 0.4526100000D+01 0.0000000000D+00 0.2026900000D+01
1 1520160726201608112457595.5-0.5426000000D+00 0.3730000000D-02 0.8645230000D+02 0.3383700000D+00 0.8720000000D-03 0.1663000000D+00 0.3655119000D+01 0.1562500000D+01 0.3368800000D+01 0.5773500000D+01 0.2604000000D+00-0.1420000000D-02 0.4098560000D+02 0.1462100000D+00 0.0000000000D+00 0.7910000000D-01 0.5874310000D+00 0.4871700000D+01 0.0000000000D+00 0.2714500000D+01
1 1620160811201608272457611.5-0.4971000000D+00 0.6020000000D-02 0.8410310000D+02 0.3311100000D+00 0.7490000000D-03 0.1626000000D+00 0.3875381000D+01 0.1923600000D+01 0.3775900000D+01 0.2822000000D+00 0.2439000000D+00-0.2450000000D-02 0.4007720000D+02 0.1444800000D+00 0.0000000000D+00 0.7810000000D-01 0.8110580000D+00 0.5195400000D+01 0.0000000000D+00 0.3502300000D+01
1 1720160827201609122457627.5-0.4181000000D+00 0.7320000000D-02 0.8248280000D+02 0.3249200000D+00 0.7080000000D-03 0.1630000000D+00 0.4092274000D+01 0.2280300000D+01 0.4139200000D+01 0.9081000000D+00 0.2111000000D+00-0.3080000000D-02 0.3940070000D+02 0.1419800000D+00 0.0000000000D+00 0.7710000000D-01 0.1032156000D+01 0.5509200000D+01 0.0000000000D+00 0.4129100000D+01
1 1820160912201609282457643.5-0.3209000000D+00 0.8970000000D-02 0.8159220000D+02 0.3201500000D+00 0.7120000000D-03 0.1432000000D+00 0.4307390000D+01 0.2639200000D+01 0.4525500000D+01 0.1615900000D+01 0.1689000000D+00-0.3900000000D-02 0.3894010000D+02 0.1379900000D+00 0.0000000000D+00 0.6770000000D-01 0.1252179000D+01 0.5822200000D+01 0.0000000000D+00 0.4866600000D+01
1 1920160928201610142457659.5-0.2121000000D+00 0.1095000000D-01 0.8143380000D+02 0.3181900000D+00 0.8630000000D-03 0.1458000000D+00 0.4522258000D+01 0.2999000000D+01 0.4912300000D+01 0.2449100000D+01 0.1201000000D+00-0.4820000000D-02 0.3868520000D+02 0.1326100000D+00 0.0000000000D+00 0.7050000000D-01 0.1472528000D+01 0.6143200000D+01 0.0000000000D+00 0.5697700000D+01
1 2020161014201610302457675.5-0.8620000000D-01 0.1178000000D-01 0.8203610000D+02 0.3158500000D+00 0.1115000000D-02 0.1513000000D+00 0.4738236000D+01 0.3357500000D+01 0.5152300000D+01 0.3118200000D+01 0.6250000000D-01-0.5130000000D-02 0.3864610000D+02 0.1256500000D+00 0.0000000000D+00 0.7190000000D-01 0.1694520000D+01 0.1939000000D+00 0.0000000000D+00 0.7450000000D-01
1 2120161030201611152457691.5 0.5530000000D-01 0.1092000000D-01 0.8339710000D+02 0.3130000000D+00 0.1301000000D-02 0.1415000000D+00 0.4956905000D+01 0.3728300000D+01 0.5331100000D+01 0.3901800000D+01-0.2300000000D-02-0.4680000000D-02 0.3882880000D+02 0.1177900000D+00 0.0000000000D+00 0.6670000000D-01 0.1919682000D+01 0.5545000000D+00 0.0000000000D+00 0.8642000000D+00
1 2220161115201612012457707.5 0.1962000000D+00 0.9670000000D-02 0.8552380000D+02 0.3131000000D+00 0.1465000000D-02 0.1603000000D+00 0.5180000000D+01 0.4115300000D+01 0.5609700000D+01 0.4720500000D+01-0.6630000000D-01-0.4080000000D-02 0.3925050000D+02 0.1102100000D+00 0.0000000000D+00 0.7370000000D-01 0.2149543000D+01 0.9602000000D+00 0.0000000000D+00 0.1661200000D+01
1 2320161201201612172457723.5 0.3219000000D+00 0.8950000000D-02 0.8841300000D+02 0.3170500000D+00 0.1616000000D-02 0.1704000000D+00 0.5409175000D+01 0.4525200000D+01 0.6020300000D+01 0.5373800000D+01-0.1232000000D+00-0.3730000000D-02 0.3993810000D+02 0.1049100000D+00 0.0000000000D+00 0.7390000000D-01 0.2385586000D+01 0.1433500000D+01 0.0000000000D+00 0.2330600000D+01
1 2420161217201701022457739.5 0.4326000000D+00 0.7760000000D-02 0.9204950000D+02 0.3233400000D+00 0.1903000000D-02 0.1673000000D+00 0.5646229000D+01 0.4953500000D+01 0.2410000000D+00 0.6166500000D+01-0.1738000000D+00-0.3190000000D-02 0.4093040000D+02 0.1048300000D+00 0.0000000000D+00 0.7200000000D-01 0.2629355000D+01 0.1972600000D+01 0.0000000000D+00 0.3182200000D+01
2 2520151231201601162457387.5-0.1891200000D+01 0.1674000000D-01 0.1643299000D+03 0.5028200000D+00 0.4385000000D-02 0.7314000000D+00 0.2056144000D+01 0.1959200000D+01 0.3693300000D+01 0.3175400000D+01 0.9801000000D+00-0.7260000000D-02 0.8005780000D+02 0.2447900000D+00 0.0000000000D+00 0.3605000000D+00 0.5276505000D+01 0.5391200000D+01 0.0000000000D+00 0.1040000000D+00
2 2620160116201602012457403.5-0.1624300000D+01 0.1927000000D-01 0.1722271000D+03 0.5039600000D+00 0.6220000000D-02 0.7435000000D+00 0.5234375000D+01 0.5423200000D+01 0.9652000000D+00 0.3471700000D+01 0.8572000000D+00-0.8010000000D-02 0.8398450000D+02 0.2353900000D+00 0.0000000000D+00 0.3542000000D+00 0.2174866000D+01 0.2604000000D+01 0.0000000000D+00 0.4316000000D+00
2 2720160201201602172457419.5-0.1296100000D+01 0.2274000000D-01 0.1794521000D+03 0.5019300000D+00 0.6014000000D-02 0.7490000000D+00 0.2143233000D+01 0.2715800000D+01 0.4711400000D+01 0.3785200000D+01 0.7230000000D+00-0.1118000000D-01 0.8747320000D+02 0.2151800000D+00 0.0000000000D+00 0.3724000000D+00 0.5369214000D+01 0.6174400000D+01 0.0000000000D+00 0.7124000000D+00
2 2820160217201603042457435.5-0.9101000000D+00 0.2484000000D-01 0.1850031000D+03 0.4655900000D+00 0.6819000000D-02 0.7546000000D+00 0.5347714000D+01 0.2570000000D-01 0.1805700000D+01 0.4122400000D+01 0.5431000000D+00-0.1151000000D-01 0.8995500000D+02 0.1995700000D+00 0.0000000000D+00 0.3571000000D+00 0.2290384000D+01 0.3598600000D+01 0.0000000000D+00 0.1087400000D+01
2 2920160304201603202457451.5-0.4811000000D+00 0.2550000000D-01 0.1877475000D+03 0.4547700000D+00 0.7292000000D-02 0.7457000000D+00 0.2276480000D+01 0.3668500000D+01 0.5529600000D+01 0.4459700000D+01 0.3310000000D+00-0.1306000000D-01 0.9086240000D+02 0.1976300000D+00 0.0000000000D+00 0.3667000000D+00 0.5500936000D+01 0.1070800000D+01 0.0000000000D+00 0.1382600000D+01
2 3020160320201604052457467.5-0.2430000000D-01 0.2440000000D-01 0.1873609000D+03 0.4522100000D+00 0.6460000000D-02 0.7342000000D+00 0.5489471000D+01 0.1105500000D+01 0.2923100000D+01 0.4803200000D+01 0.1222000000D+00-0.1233000000D-01 0.9002830000D+02 0.2165800000D+00 0.0000000000D+00 0.3447000000D+00 0.2427802000D+01 0.4764200000D+01 0.0000000000D+00 0.1745000000D+01
2 3120160405201604212457483.5 0.4215000000D+00 0.2359000000D-01 0.1837153000D+03 0.4458000000D+00 0.6615000000D-02 0.7230000000D+00 0.2414514000D+01 0.4758000000D+01 0.1732000000D+00 0.5137900000D+01-0.1179000000D+00-0.1173000000D-01 0.8762500000D+02 0.2286200000D+00 0.0000000000D+00 0.3506000000D+00 0.5632257000D+01 0.2071100000D+01 0.0000000000D+00 0.2069500000D+01
2 3220160421201605072457499.5 0.8489000000D+00 0.2123000000D-01 0.1777625000D+03 0.4735600000D+00 0.5637000000D-02 0.7021000000D+00 0.5611882000D+01 0.2098400000D+01 0.3760200000D+01 0.5449500000D+01-0.3143000000D+00-0.1124000000D-01 0.8425890000D+02 0.2348000000D+00 0.0000000000D+00 0.3253000000D+00 0.2542626000D+01 0.5571600000D+01 0.0000000000D+00 0.2371400000D+01
2 3320160507201605232457515.5 0.1243700000D+01 0.1643000000D-01 0.1703019000D+03 0.4863500000D+00 0.3718000000D-02 0.6856000000D+00 0.2513109000D+01 0.5665100000D+01 0.8180000000D+00 0.5747500000D+01-0.5239000000D+00-0.8440000000D-02 0.8049660000D+02 0.2310900000D+00 0.0000000000D+00 0.3295000000D+00 0.5723629000D+01 0.2746500000D+01 0.0000000000D+00 0.2676300000D+01
2 3420160523201606082457531.5 0.1560200000D+01 0.1221000000D-01 0.1624368000D+03 0.5119400000D+00 0.3923000000D-02 0.6684000000D+00 0.5682581000D+01 0.2792700000D+01 0.4341000000D+01 0.6029000000D+01-0.6818000000D+00-0.7170000000D-02 0.7683560000D+02 0.2263100000D+00 0.0000000000D+00 0.3107000000D+00 0.2608287000D+01 0.6159800000D+01 0.0000000000D+00 0.2951000000D+01
2 3520160608201606242457547.5 0.1794500000D+01 0.6440000000D-02 0.1547933000D+03 0.5324600000D+00 0.2678000000D-02 0.6513000000D+00 0.2556212000D+01 0.6198100000D+01 0.1725600000D+01 0.6281400000D+01-0.8133000000D+00-0.4110000000D-02 0.7352150000D+02 0.2222700000D+00 0.0000000000D+00 0.3148000000D+00 0.5764445000D+01 0.3257000000D+01 0.0000000000D+00 0.3209200000D+01
2 3620160624201607102457563.5 0.1932500000D+01-0.6000000000D-04 0.1478084000D+03 0.5189500000D+00 0.2344000000D-02 0.6415000000D+00 0.5700989000D+01 0.3249300000D+01 0.4702200000D+01 0.2446000000D+00-0.8984000000D+00-0.1480000000D-02 0.7067630000D+02 0.2215000000D+00 0.0000000000D+00 0.3045000000D+00 0.2627322000D+01 0.3122000000D+00 0.0000000000D+00 0.3458300000D+01
2 3720160710201607262457579.5 0.1955500000D+01-0.5700000000D-02 0.1418539000D+03 0.5288900000D+00 0.1602000000D-02 0.6328000000D+00 0.2553387000D+01 0.2862000000D+00 0.2296200000D+01 0.4725000000D+00-0.9327000000D+00 0.1480000000D-02 0.6832300000D+02 0.2213600000D+00 0.0000000000D+00 0.3076000000D+00 0.5765117000D+01 0.3606000000D+01 0.0000000000D+00 0.3686500000D+01
2 3820160726201608112457595.5 0.1866400000D+01-0.1099000000D-01 0.1369599000D+03 0.5084700000D+00 0.1427000000D-02 0.6286000000D+00 0.5680970000D+01 0.3568300000D+01 0.4914200000D+01 0.6878000000D+00-0.9131000000D+00 0.3970000000D-02 0.6642280000D+02 0.2228700000D+00 0.0000000000D+00 0.3042000000D+00 0.2613521000D+01 0.5865000000D+00 0.0000000000D+00 0.3910200000D+01
2 3920160811201608272457611.5 0.1681100000D+01-0.1688000000D-01 0.1332839000D+03 0.5177400000D+00 0.2001000000D-02 0.6305000000D+00 0.2519991000D+01 0.5393000000D+00 0.2602100000D+01 0.9023000000D+00-0.8445000000D+00 0.7120000000D-02 0.6493940000D+02 0.2209700000D+00 0.0000000000D+00 0.3093000000D+00 0.5740280000D+01 0.3824600000D+01 0.0000000000D+00 0.4125800000D+01
2 4020160827201609122457627.5 0.1394500000D+01-0.2135000000D-01 0.1306688000D+03 0.5007900000D+00 0.1160000000D-02 0.6321000000D+00 0.5638010000D+01 0.3825600000D+01 0.5494700000D+01 0.1098300000D+01-0.7271000000D+00 0.9460000000D-02 0.6382470000D+02 0.2194800000D+00 0.0000000000D+00 0.3078000000D+00 0.2580956000D+01 0.7682000000D+00 0.0000000000D+00 0.4328800000D+01
2 4120160912201609282457643.5 0.1019800000D+01-0.2404000000D-01 0.1292960000D+03 0.4948500000D+00 0.1549000000D-02 0.6413000000D+00 0.2470327000D+01 0.7911000000D+00 0.2495700000D+01 0.1298200000D+01-0.5601000000D+00 0.1097000000D-01 0.6307230000D+02 0.2134400000D+00 0.0000000000D+00 0.3129000000D+00 0.5702873000D+01 0.3984300000D+01 0.0000000000D+00 0.4533900000D+01
2 4220160928201610142457659.5 0.5892000000D+00-0.2667000000D-01 0.1290503000D+03 0.4915000000D+00 0.1205000000D-02 0.6498000000D+00 0.5585269000D+01 0.4067600000D+01 0.5409700000D+01 0.1498100000D+01-0.3660000000D+00 0.1228000000D-01 0.6265330000D+02 0.2087700000D+00 0.0000000000D+00 0.3137000000D+00 0.2541760000D+01 0.9225000000D+00 0.0000000000D+00 0.4742700000D+01
2 4320161014201610302457675.5 0.1198000000D+00-0.2828000000D-01 0.1300317000D+03 0.4930400000D+00 0.1613000000D-02 0.6671000000D+00 0.2417476000D+01 0.1039800000D+01 0.2525600000D+01 0.1690000000D+01-0.1478000000D+00 0.1311000000D-01 0.6257890000D+02 0.1985400000D+00 0.0000000000D+00 0.3202000000D+00 0.5664575000D+01 0.4156500000D+01 0.0000000000D+00 0.4939800000D+01
2 4420161030201611152457691.5-0.3778000000D+00-0.2749000000D-01 0.1321797000D+03 0.5086100000D+00 0.1874000000D-02 0.6809000000D+00 0.5535499000D+01 0.4311600000D+01 0.6053000000D+01 0.1891700000D+01 0.7760000000D-01 0.1273000000D-01 0.6285140000D+02 0.1893700000D+00 0.0000000000D+00 0.3197000000D+00 0.2507064000D+01 0.1138500000D+01 0.0000000000D+00 0.5151400000D+01
2 4520161115201612012457707.5-0.8650000000D+00-0.2614000000D-01 0.1355738000D+03 0.5008100000D+00 0.1811000000D-02 0.6997000000D+00 0.2373367000D+01 0.1322700000D+01 0.2648700000D+01 0.2096500000D+01 0.3078000000D+00 0.1202000000D-01 0.6352140000D+02 0.1771900000D+00 0.0000000000D+00 0.3269000000D+00 0.5636368000D+01 0.4446500000D+01 0.0000000000D+00 0.5360100000D+01
2 4620161201201612172457723.5-0.1318000000D+01-0.2382000000D-01 0.1401935000D+03 0.5160200000D+00 0.2703000000D-02 0.7257000000D+00 0.5500850000D+01 0.4601800000D+01 0.6109300000D+01 0.2305100000D+01 0.5097000000D+00 0.1101000000D-01 0.6461790000D+02 0.1715400000D+00 0.0000000000D+00 0.3301000000D+00 0.2488501000D+01 0.1532800000D+01 0.0000000000D+00 0.5586400000D+01
2 4720161217201701022457739.5-0.1722500000D+01-0.1981000000D-01 0.1459896000D+03 0.5216900000D+00 0.2142000000D-02 0.7457000000D+00 0.2351990000D+01 0.1664800000D+01 0.3177900000D+01 0.2526600000D+01 0.7050000000D+00 0.9380000000D-02 0.6622260000D+02 0.1709700000D+00 0.0000000000D+00 0.3378000000D+00 0.5630771000D+01 0.4959300000D+01 0.0000000000D+00 0.5803200000D+01
3 4820151231201601172457387.5-0.2092000000D+00-0.3360000000D-02 0.2629495000D+03 0.8144200000D+00 0.7290000000D-02 0.4613000000D+00 0.4634401000D+01 0.4503300000D+01 0.6320000000D-01 0.2540000000D-01 0.5870000000D-01 0.1260000000D-02 0.1259396000D+03 0.3853800000D+00 0.0000000000D+00 0.2274000000D+00 0.1568117000D+01 0.1665700000D+01 0.0000000000D+00 0.3187100000D+01
3 4920160117201602032457404.5-0.3112000000D+00-0.8970000000D-02 0.2764166000D+03 0.7830300000D+00 0.8520000000D-02 0.5231000000D+00 0.7153260000D+00 0.9174000000D+00 0.2665800000D+01 0.4838200000D+01 0.1492000000D+00 0.3650000000D-02 0.1325120000D+03 0.3658800000D+00 0.0000000000D+00 0.2289000000D+00 0.3935519000D+01 0.4383500000D+01 0.0000000000D+00 0.1814000000D+01
3 5020160203201602202457421.5-0.4817000000D+00 0.8610000000D-02 0.2884067000D+03 0.7831900000D+00 0.1097900000D-01 0.5337000000D+00 0.3095458000D+01 0.3666800000D+01 0.5591400000D+01 0.3340400000D+01 0.1712000000D+00-0.3010000000D-02 0.1382601000D+03 0.3307400000D+00 0.0000000000D+00 0.2786000000D+00 0.3460700000D-01 0.9190000000D+00 0.0000000000D+00 0.3881000000D+00
3 5120160220201603082457438.5-0.3260000000D+00-0.2980000000D-02 0.2971743000D+03 0.7487900000D+00 0.1149800000D-01 0.5766000000D+00 0.5488901000D+01 0.2284000000D+00 0.2161700000D+01 0.1814300000D+01 0.1590000000D+00-0.6400000000D-03 0.1420357000D+03 0.3007900000D+00 0.0000000000D+00 0.3049000000D+00 0.2428977000D+01 0.3861300000D+01 0.0000000000D+00 0.4918000000D+01
3 5220160308201603252457455.5-0.4409000000D+00-0.4900000000D-02 0.3008089000D+03 0.7340500000D+00 0.1103600000D-01 0.6051000000D+00 0.1606669000D+01 0.3139500000D+01 0.5061000000D+01 0.3879000000D+00 0.1600000000D+00 0.4070000000D-02 0.1428579000D+03 0.3117900000D+00 0.0000000000D+00 0.2447000000D+00 0.4828845000D+01 0.5487000000D+00 0.0000000000D+00 0.3543100000D+01
3 5320160325201604112457472.5-0.5437000000D+00 0.7910000000D-02 0.2984199000D+03 0.7058000000D+00 0.1107800000D-01 0.5678000000D+00 0.4008141000D+01 0.6030000000D+01 0.1491600000D+01 0.5200200000D+01 0.2285000000D+00-0.4810000000D-02 0.1405731000D+03 0.3418700000D+00 0.0000000000D+00 0.2674000000D+00 0.9438250000D+00 0.3415900000D+01 0.0000000000D+00 0.2275600000D+01
3 5420160411201604282457489.5-0.4074000000D+00 0.4200000000D-03 0.2907920000D+03 0.7298300000D+00 0.9898000000D-02 0.5523000000D+00 0.1185910000D+00 0.2629100000D+01 0.4285400000D+01 0.3662700000D+01 0.1745000000D+00 0.5200000000D-03 0.1359020000D+03 0.3659700000D+00 0.0000000000D+00 0.2863000000D+00 0.3333403000D+01 0.6173600000D+01 0.0000000000D+00 0.5762000000D+00
3 5520160428201605152457506.5-0.4701000000D+00-0.5990000000D-02 0.2794273000D+03 0.7727800000D+00 0.8314000000D-02 0.5402000000D+00 0.2499159000D+01 0.5417500000D+01 0.7597000000D+00 0.2202800000D+01 0.1789000000D+00 0.2500000000D-02 0.1299091000D+03 0.3697900000D+00 0.0000000000D+00 0.2415000000D+00 0.5710129000D+01 0.2572200000D+01 0.0000000000D+00 0.5332600000D+01
3 5620160515201606012457523.5-0.5797000000D+00 0.7480000000D-02 0.2661842000D+03 0.7917200000D+00 0.5877000000D-02 0.4687000000D+00 0.4864413000D+01 0.1848700000D+01 0.3318200000D+01 0.6859000000D+00 0.2658000000D+00-0.3110000000D-02 0.1236239000D+03 0.3606800000D+00 0.0000000000D+00 0.2152000000D+00 0.1789281000D+01 0.5219600000D+01 0.0000000000D+00 0.3942700000D+01
3 5720160601201606182457540.5-0.4547000000D+00-0.1910000000D-02 0.2529160000D+03 0.8267000000D+00 0.4309000000D-02 0.4425000000D+00 0.9309490000D+00 0.4469900000D+01 0.6025500000D+01 0.5362700000D+01 0.1792000000D+00 0.1190000000D-02 0.1177825000D+03 0.3537100000D+00 0.0000000000D+00 0.2153000000D+00 0.4137435000D+01 0.1541800000D+01 0.0000000000D+00 0.2261600000D+01
3 5820160618201607052457557.5-0.5494000000D+00-0.3510000000D-02 0.2405277000D+03 0.8300900000D+00 0.3638000000D-02 0.4157000000D+00 0.3266643000D+01 0.7403000000D+00 0.2320000000D+01 0.3841100000D+01 0.2478000000D+00 0.1610000000D-02 0.1126855000D+03 0.3471000000D+00 0.0000000000D+00 0.1841000000D+00 0.1897280000D+00 0.4099800000D+01 0.0000000000D+00 0.7453000000D+00
3 5920160705201607222457574.5-0.6143000000D+00 0.7280000000D-02 0.2297766000D+03 0.8248600000D+00 0.2698000000D-02 0.3560000000D+00 0.5590597000D+01 0.3257500000D+01 0.4874000000D+01 0.2264200000D+01 0.2757000000D+00-0.2820000000D-02 0.1085062000D+03 0.3466900000D+00 0.0000000000D+00 0.1700000000D+00 0.2514769000D+01 0.3137000000D+00 0.0000000000D+00 0.5523600000D+01
3 6020160722201608082457591.5-0.4897000000D+00-0.2470000000D-02 0.2209870000D+03 0.8317900000D+00 0.2601000000D-02 0.3360000000D+00 0.1622347000D+01 0.5744200000D+01 0.1442600000D+01 0.5965000000D+00 0.2201000000D+00 0.1020000000D-02 0.1051631000D+03 0.3505500000D+00 0.0000000000D+00 0.1669000000D+00 0.4832197000D+01 0.2778800000D+01 0.0000000000D+00 0.3802600000D+01
3 6120160808201608252457608.5-0.5866000000D+00-0.2400000000D-03 0.2141543000D+03 0.8111400000D+00 0.1988000000D-02 0.3196000000D+00 0.3929931000D+01 0.1940800000D+01 0.3788000000D+01 0.5330600000D+01 0.2702000000D+00 0.5500000000D-03 0.1025508000D+03 0.3517400000D+00 0.0000000000D+00 0.1516000000D+00 0.8605310000D+00 0.5220600000D+01 0.0000000000D+00 0.2253600000D+01
3 6220160825201609112457625.5-0.5938000000D+00 0.8230000000D-02 0.2094989000D+03 0.7929500000D+00 0.1854000000D-02 0.2730000000D+00 0.6232318000D+01 0.4394500000D+01 0.5989100000D+01 0.3702300000D+01 0.2758000000D+00-0.3790000000D-02 0.1006478000D+03 0.3487800000D+00 0.0000000000D+00 0.1326000000D+00 0.3167785000D+01 0.1348600000D+01 0.0000000000D+00 0.6502000000D+00
3 6320160911201609282457642.5-0.4620000000D+00-0.2500000000D-02 0.2069458000D+03 0.8006400000D+00 0.2569000000D-02 0.2632000000D+00 0.2248788000D+01 0.5561000000D+00 0.2396900000D+01 0.1980600000D+01 0.2200000000D+00 0.9900000000D-03 0.9936010000D+02 0.3433000000D+00 0.0000000000D+00 0.1299000000D+00 0.5472856000D+01 0.3758600000D+01 0.0000000000D+00 0.5185400000D+01
3 6420160928201610152457659.5-0.5512000000D+00 0.2060000000D-02 0.2064139000D+03 0.7976900000D+00 0.2022000000D-02 0.2571000000D+00 0.4546898000D+01 0.3026600000D+01 0.4767800000D+01 0.3990000000D+00 0.2520000000D+00-0.5300000000D-03 0.9867800000D+02 0.3334700000D+00 0.0000000000D+00 0.1182000000D+00 0.1494047000D+01 0.6168300000D+01 0.0000000000D+00 0.3612000000D+01
3 6520161015201611012457676.5-0.5119000000D+00 0.8490000000D-02 0.2081009000D+03 0.7945700000D+00 0.2045000000D-02 0.2228000000D+00 0.5621700000D+00 0.5481500000D+01 0.6415000000D+00 0.4972700000D+01 0.2402000000D+00-0.4310000000D-02 0.9862680000D+02 0.3208500000D+00 0.0000000000D+00 0.1047000000D+00 0.3799545000D+01 0.2299600000D+01 0.0000000000D+00 0.1977000000D+01
3 6620161101201611182457693.5-0.3869000000D+00-0.3880000000D-02 0.2119595000D+03 0.8077000000D+00 0.3274000000D-02 0.2368000000D+00 0.2863106000D+01 0.1646100000D+01 0.3173100000D+01 0.3207000000D+01 0.1867000000D+00 0.1600000000D-02 0.9917120000D+02 0.3055400000D+00 0.0000000000D+00 0.1143000000D+00 0.6107761000D+01 0.4761200000D+01 0.0000000000D+00 0.1333000000D+00
3 6720161118201612052457710.5-0.4934000000D+00 0.2740000000D-02 0.2179339000D+03 0.8306000000D+00 0.3016000000D-02 0.2414000000D+00 0.5168383000D+01 0.4136100000D+01 0.5768200000D+01 0.1599000000D+01 0.2110000000D+00-0.8200000000D-03 0.1004132000D+03 0.2883000000D+00 0.0000000000D+00 0.1020000000D+00 0.2137174000D+01 0.9878000000D+00 0.0000000000D+00 0.4874900000D+01
3 6820161205201612222457727.5-0.4304000000D+00 0.6500000000D-02 0.2262064000D+03 0.8445700000D+00 0.3791000000D-02 0.2348000000D+00 0.1196870000D+01 0.3374000000D+00 0.2002800000D+01 0.6116900000D+01 0.2036000000D+00-0.3910000000D-02 0.1024963000D+03 0.2745300000D+00 0.0000000000D+00 0.1162000000D+00 0.4456211000D+01 0.3550300000D+01 0.0000000000D+00 0.3208100000D+01
3 6920161222201701082457744.5-0.3472000000D+00-0.6260000000D-02 0.2366168000D+03 0.8483100000D+00 0.5046000000D-02 0.2791000000D+00 0.3517228000D+01 0.2846000000D+01 0.4467900000D+01 0.4403700000D+01 0.1553000000D+00 0.3140000000D-02 0.1054769000D+03 0.2796000000D+00 0.0000000000D+00 0.1341000000D+00 0.5009420000D+00 0.6177900000D+01 0.0000000000D+00 0.1273800000D+01
4 7020151231201601182457387.5 0.7948000000D+00 0.3965000000D-01 0.4632924000D+03 0.1455560000D+01 0.0000000000D+00 0.2425600000D+01 0.5126451000D+01 0.5162100000D+01 0.0000000000D+00 0.6712000000D+00-0.6672000000D+00-0.6720000000D-02 0.2186831000D+03 0.6862200000D+00 0.0000000000D+00 0.1146800000D+01 0.2064795000D+01 0.2180700000D+01 0.0000000000D+00 0.3895700000D+01
4 7120160118201602052457405.5 0.1661300000D+01-0.2781000000D-01 0.4886945000D+03 0.1403330000D+01 0.0000000000D+00 0.2597200000D+01 0.5620095000D+01 0.6057300000D+01 0.0000000000D+00 0.1663200000D+01-0.1084700000D+01 0.2757000000D-01 0.2306959000D+03 0.6551800000D+00 0.0000000000D+00 0.1225500000D+01 0.2562131000D+01 0.3066500000D+01 0.0000000000D+00 0.4892300000D+01
4 7220160205201602232457423.5 0.2180000000D+01-0.8574000000D-01 0.5110634000D+03 0.1362080000D+01 0.0000000000D+00 0.2761500000D+01 0.6132693000D+01 0.7285000000D+00 0.0000000000D+00 0.2700300000D+01-0.1294900000D+01 0.5382000000D-01 0.2408760000D+03 0.6150500000D+00 0.0000000000D+00 0.1301600000D+01 0.3076729000D+01 0.4035300000D+01 0.0000000000D+00 0.5933000000D+01
4 7320160223201603122457441.5 0.2793200000D+01-0.1792700000D+00 0.5257009000D+03 0.1403660000D+01 0.0000000000D+00 0.2791800000D+01 0.3761240000D+00 0.1726500000D+01 0.0000000000D+00 0.3764100000D+01-0.1458300000D+01 0.8549000000D-01 0.2468308000D+03 0.6180900000D+00 0.0000000000D+00 0.1314200000D+01 0.3603564000D+01 0.5083200000D+01 0.0000000000D+00 0.7130000000D+00
4 7420160312201603302457459.5 0.1940900000D+01-0.8992000000D-01 0.5306228000D+03 0.1318220000D+01 0.0000000000D+00 0.2819300000D+01 0.9118760000D+00 0.2765200000D+01 0.0000000000D+00 0.4802600000D+01-0.9547000000D+00 0.2861000000D-01 0.2475948000D+03 0.6074900000D+00 0.0000000000D+00 0.1311100000D+01 0.4137329000D+01 0.6196300000D+01 0.0000000000D+00 0.1744600000D+01
4 7520160330201604172457477.5 0.1534000000D+00 0.1375100000D+00 0.5248152000D+03 0.1406730000D+01 0.0000000000D+00 0.2653500000D+01 0.1444186000D+01 0.3883400000D+01 0.0000000000D+00 0.5832900000D+01-0.2199000000D+00-0.6999000000D-01 0.2428433000D+03 0.6955300000D+00 0.0000000000D+00 0.1220600000D+01 0.4666134000D+01 0.9708000000D+00 0.0000000000D+00 0.2778900000D+01
4 7620160417201605052457495.5-0.5111000000D+00 0.2668800000D+00 0.5080637000D+03 0.1581490000D+01 0.0000000000D+00 0.2448500000D+01 0.1965149000D+01 0.4787600000D+01 0.0000000000D+00 0.5960000000D+00-0.1028000000D+00-0.1066000000D+00 0.2333149000D+03 0.7451600000D+00 0.0000000000D+00 0.1128200000D+01 0.5183743000D+01 0.1804500000D+01 0.0000000000D+00 0.3819600000D+01
4 7720160505201605232457513.5 0.1246000000D+01 0.1007800000D+00 0.4841665000D+03 0.1513330000D+01 0.0000000000D+00 0.2330200000D+01 0.2474114000D+01 0.5648600000D+01 0.0000000000D+00 0.1559200000D+01-0.9500000000D+00-0.2027000000D-01 0.2215931000D+03 0.6771700000D+00 0.0000000000D+00 0.1067000000D+01 0.5689634000D+01 0.2654300000D+01 0.0000000000D+00 0.4772900000D+01
4 7820160523201606102457531.5 0.2837800000D+01-0.1014800000D+00 0.4592513000D+03 0.1551390000D+01 0.0000000000D+00 0.2095900000D+01 0.2966195000D+01 0.2187000000D+00 0.0000000000D+00 0.2519100000D+01-0.1552000000D+01 0.6213000000D-01 0.2104515000D+03 0.6727100000D+00 0.0000000000D+00 0.9621000000D+00 0.6178768000D+01 0.3499200000D+01 0.0000000000D+00 0.5734700000D+01
4 7920160610201606282457549.5 0.2900700000D+01-0.1557500000D+00 0.4351850000D+03 0.1604960000D+01 0.0000000000D+00 0.1935700000D+01 0.3439015000D+01 0.9235000000D+00 0.0000000000D+00 0.3479300000D+01-0.1436900000D+01 0.7108000000D-01 0.2003821000D+03 0.6746500000D+00 0.0000000000D+00 0.8980000000D+00 0.3667300000D+00 0.4202800000D+01 0.0000000000D+00 0.4074000000D+00
4 8020160628201607162457567.5 0.1746000000D+01-0.7043000000D-01 0.4128477000D+03 0.1516430000D+01 0.0000000000D+00 0.1863300000D+01 0.3895944000D+01 0.1557600000D+01 0.0000000000D+00 0.4389700000D+01-0.8688000000D+00 0.2511000000D-01 0.1915134000D+03 0.6303300000D+00 0.0000000000D+00 0.8680000000D+00 0.8239720000D+00 0.4851100000D+01 0.0000000000D+00 0.1315600000D+01
4 8120160716201608032457585.5 0.7664000000D+00 0.5600000000D-03 0.3943487000D+03 0.1446880000D+01 0.0000000000D+00 0.1751000000D+01 0.4342346000D+01 0.2200800000D+01 0.0000000000D+00 0.5311500000D+01-0.4697000000D+00-0.4160000000D-02 0.1844921000D+03 0.6147500000D+00 0.0000000000D+00 0.8216000000D+00 0.1272108000D+01 0.5488900000D+01 0.0000000000D+00 0.2245100000D+01
4 8220160803201608212457603.5 0.4981000000D+00 0.8700000000D-02 0.3805174000D+03 0.1427860000D+01 0.0000000000D+00 0.1691900000D+01 0.4779783000D+01 0.2805500000D+01 0.0000000000D+00 0.6218000000D+01-0.4165000000D+00-0.1480000000D-02 0.1793125000D+03 0.6182600000D+00 0.0000000000D+00 0.8022000000D+00 0.1712239000D+01 0.6056000000D+01 0.0000000000D+00 0.3155900000D+01
4 8320160821201609082457621.5 0.4325000000D+00-0.1083000000D-01 0.3709372000D+03 0.1411370000D+01 0.0000000000D+00 0.1665900000D+01 0.5210520000D+01 0.3384400000D+01 0.0000000000D+00 0.8411000000D+00-0.4214000000D+00 0.1085000000D-01 0.1755223000D+03 0.6137600000D+00 0.0000000000D+00 0.7935000000D+00 0.2146809000D+01 0.3055000000D+00 0.0000000000D+00 0.4065600000D+01
4 8420160908201609262457639.5-0.2960000000D-01 0.1290000000D-01 0.3653157000D+03 0.1412730000D+01 0.0000000000D+00 0.1640800000D+01 0.5637867000D+01 0.3981600000D+01 0.0000000000D+00 0.1764600000D+01-0.2211000000D+00 0.1210000000D-02 0.1728893000D+03 0.6084000000D+00 0.0000000000D+00 0.7810000000D+00 0.2579010000D+01 0.8548000000D+00 0.0000000000D+00 0.4992700000D+01
4 8520160926201610142457657.5-0.3533000000D+00 0.2541000000D-01 0.3640254000D+03 0.1433180000D+01 0.0000000000D+00 0.1657000000D+01 0.6063151000D+01 0.4561000000D+01 0.0000000000D+00 0.2657100000D+01-0.9280000000D-01-0.2590000000D-02 0.1715120000D+03 0.5991800000D+00 0.0000000000D+00 0.7816000000D+00 0.3009879000D+01 0.1387300000D+01 0.0000000000D+00 0.5889100000D+01
4 8620161014201611012457675.5-0.4935000000D+00 0.1389000000D-01 0.3667382000D+03 0.1444870000D+01 0.0000000000D+00 0.1676100000D+01 0.2049040000D+00 0.5149800000D+01 0.0000000000D+00 0.3571000000D+01-0.7230000000D-01 0.7070000000D-02 0.1711951000D+03 0.5731500000D+00 0.0000000000D+00 0.7799000000D+00 0.3441108000D+01 0.1943600000D+01 0.0000000000D+00 0.5303000000D+00
4 8720161101201611192457693.5-0.6142000000D+00 0.2050000000D-02 0.3736516000D+03 0.1460400000D+01 0.0000000000D+00 0.1708600000D+01 0.6320590000D+00 0.5753000000D+01 0.0000000000D+00 0.4490700000D+01-0.2470000000D-01 0.1300000000D-01 0.1721110000D+03 0.5436500000D+00 0.0000000000D+00 0.7842000000D+00 0.3875303000D+01 0.2534800000D+01 0.0000000000D+00 0.1458900000D+01
4 8820161119201612072457711.5-0.7864000000D+00 0.1060000000D-02 0.3850516000D+03 0.1498090000D+01 0.0000000000D+00 0.1783900000D+01 0.1064193000D+01 0.7510000000D-01 0.0000000000D+00 0.5394500000D+01 0.6670000000D-01 0.1036000000D-01 0.1744937000D+03 0.5240400000D+00 0.0000000000D+00 0.8041000000D+00 0.4314844000D+01 0.3155200000D+01 0.0000000000D+00 0.2370200000D+01
4 8920161207201612252457729.5-0.7457000000D+00-0.3673000000D-01 0.4005182000D+03 0.1540850000D+01 0.0000000000D+00 0.1884800000D+01 0.1503471000D+01 0.7221000000D+00 0.0000000000D+00 0.4810000000D-01 0.6630000000D-01 0.2250000000D-01 0.1783265000D+03 0.5150600000D+00 0.0000000000D+00 0.8349000000D+00 0.4761694000D+01 0.3862500000D+01 0.0000000000D+00 0.3317000000D+01
4 9020161225201701122457747.5-0.3605000000D+00-0.1169300000D+00 0.4199897000D+03 0.1622320000D+01 0.0000000000D+00 0.2007500000D+01 0.1953736000D+01 0.1392400000D+01 0.0000000000D+00 0.9698000000D+00-0.1398000000D+00 0.5789000000D-01 0.1838767000D+03 0.5574100000D+00 0.0000000000D+00 0.8776000000D+00 0.5219573000D+01 0.4620000000D+01 0.0000000000D+00 0.4243400000D+01
