 7 5    2   18   22   26   31  4.4880  2.4930  1.5162  0.7217  0.4667 24.0 110.0 100.0 75.0 75.0   35 2453004.5000 2004                                                                                                                                                                                                                                                          
1  220031231200401242453004.4 0.7000000000D-03 0.2200000000D-03 0.2940600000D+01 0.1423500000D+00 0.2755000000D-02 0.1300000000D-02 0.3150030000D+00 0.4914400000D+01 0.2811100000D+01 0.2019700000D+01 0.1210000000D-01-0.2900000000D-03 0.8645400000D+01 0.4050800000D+00 0.7674000000D-02 0.8200000000D-02 0.2255867000D+01 0.6203000000D+00 0.4839000000D+01 0.3877200000D+01
1  320040124200402172453028.4 0.8000000000D-03 0.1900000000D-03 0.2765600000D+01 0.1349500000D+00 0.2607000000D-02 0.1300000000D-02 0.1444210000D+00 0.4736600000D+01 0.2626000000D+01 0.1452700000D+01 0.1050000000D-01-0.2200000000D-03 0.8524100000D+01 0.3973100000D+00 0.7530000000D-02 0.7800000000D-02 0.2125401000D+01 0.4990000000D+00 0.4727000000D+01 0.3690900000D+01
1  420040217200403122453052.4 0.9000000000D-03 0.1600000000D-03 0.2593700000D+01 0.1271500000D+00 0.2450000000D-02 0.1400000000D-02 0.6250166000D+01 0.4559700000D+01 0.2448000000D+01 0.1181500000D+01 0.9500000000D-02-0.1600000000D-03 0.8463300000D+01 0.3926600000D+00 0.7453000000D-02 0.7600000000D-02 0.1999902000D+01 0.3838000000D+00 0.4621200000D+01 0.3556700000D+01
1  520040312200404052453076.4 0.1100000000D-02 0.1300000000D-03 0.2442300000D+01 0.1197800000D+00 0.2302000000D-02 0.1700000000D-02 0.6069716000D+01 0.4388200000D+01 0.2281300000D+01 0.8331000000D+00 0.8100000000D-02-0.8000000000D-04 0.8467200000D+01 0.3913200000D+00 0.7451000000D-02 0.7400000000D-02 0.1878701000D+01 0.2732000000D+00 0.4520300000D+01 0.3378700000D+01
1  620040405200404292453100.4 0.1300000000D-02 0.9000000000D-04 0.2325800000D+01 0.1133700000D+00 0.2167000000D-02 0.1600000000D-02 0.5891613000D+01 0.4226100000D+01 0.2130500000D+01 0.6310000000D+00 0.7000000000D-02-0.1000000000D-04 0.8535000000D+01 0.3938100000D+00 0.7527000000D-02 0.6500000000D-02 0.1761118000D+01 0.1644000000D+00 0.4418800000D+01 0.3155100000D+01
1  720040429200405232453124.4 0.1600000000D-02 0.6000000000D-04 0.2252200000D+01 0.1082900000D+00 0.2055000000D-02 0.1700000000D-02 0.5722716000D+01 0.4079300000D+01 0.2000900000D+01 0.4496000000D+00 0.5900000000D-02 0.4000000000D-04 0.8657700000D+01 0.3995700000D+00 0.7679000000D-02 0.6200000000D-02 0.1645083000D+01 0.5500000000D-01 0.4314200000D+01 0.3000000000D+01
1  820040523200406162453148.4 0.1800000000D-02 0.4000000000D-04 0.2225200000D+01 0.1049000000D+00 0.1973000000D-02 0.1700000000D-02 0.5570564000D+01 0.3951800000D+01 0.1895100000D+01 0.2294000000D+00 0.4700000000D-02 0.1200000000D-03 0.8818500000D+01 0.4081600000D+00 0.7881000000D-02 0.5700000000D-02 0.1528832000D+01 0.6224700000D+01 0.4201200000D+01 0.2698800000D+01
1  920040616200407102453172.4 0.2100000000D-02 0.3000000000D-04 0.2243100000D+01 0.1034000000D+00 0.1935000000D-02 0.1700000000D-02 0.5439908000D+01 0.3845800000D+01 0.1813300000D+01 0.5950000000D-01 0.3800000000D-02 0.1900000000D-03 0.8995800000D+01 0.4181200000D+00 0.8111000000D-02 0.5000000000D-02 0.1410205000D+01 0.6104800000D+01 0.4078500000D+01 0.2433000000D+01
1 1020040710200408032453196.4 0.2300000000D-02 0.3000000000D-04 0.2300200000D+01 0.1042300000D+00 0.1955000000D-02 0.1800000000D-02 0.5331043000D+01 0.3756400000D+01 0.1743400000D+01 0.6180000000D+01 0.2700000000D-02 0.2700000000D-03 0.9158800000D+01 0.4280500000D+00 0.8325000000D-02 0.4700000000D-02 0.1287592000D+01 0.5976700000D+01 0.3943300000D+01 0.2204000000D+01
1 1120040803200408272453220.4 0.2700000000D-02 0.3000000000D-04 0.2384700000D+01 0.1072800000D+00 0.2034000000D-02 0.1700000000D-02 0.5237333000D+01 0.3672500000D+01 0.1669100000D+01 0.6005700000D+01 0.1800000000D-02 0.3400000000D-03 0.9278300000D+01 0.4357900000D+00 0.8477000000D-02 0.4400000000D-02 0.1159940000D+01 0.5839800000D+01 0.3797700000D+01 0.1727600000D+01
1 1220040827200409202453244.4 0.3000000000D-02 0.2000000000D-04 0.2478000000D+01 0.1120400000D+00 0.2154000000D-02 0.1700000000D-02 0.5148501000D+01 0.3579300000D+01 0.1570600000D+01 0.5845200000D+01 0.9000000000D-03 0.4000000000D-03 0.9326600000D+01 0.4399500000D+00 0.8540000000D-02 0.3700000000D-02 0.1027293000D+01 0.5696200000D+01 0.3643700000D+01 0.1395500000D+01
1 1320040920200410142453268.4 0.3300000000D-02 0.1000000000D-04 0.2554300000D+01 0.1170900000D+00 0.2279000000D-02 0.1600000000D-02 0.5052983000D+01 0.3466700000D+01 0.1441400000D+01 0.5727200000D+01 0.3000000000D-03 0.4400000000D-03 0.9292800000D+01 0.4393200000D+00 0.8490000000D-02 0.4000000000D-02 0.8902560000D+00 0.5548300000D+01 0.3487400000D+01 0.9593000000D+00
1 1420041014200411072453292.4 0.3700000000D-02 0.0000000000D+00 0.2589200000D+01 0.1208500000D+00 0.2370000000D-02 0.1400000000D-02 0.4942622000D+01 0.3330700000D+01 0.1283400000D+01 0.5407300000D+01 0.0000000000D+00 0.4200000000D-03 0.9182000000D+01 0.4343400000D+00 0.8348000000D-02 0.4300000000D-02 0.7506440000D+00 0.5400100000D+01 0.3332500000D+01 0.4775000000D+00
1 1520041107200412012453316.4 0.3900000000D-02-0.1000000000D-04 0.2567700000D+01 0.1222000000D+00 0.2408000000D-02 0.1000000000D-02 0.4813097000D+01 0.3173900000D+01 0.1103700000D+01 0.5177800000D+01 0.0000000000D+00 0.4000000000D-03 0.9018100000D+01 0.4257900000D+00 0.8138000000D-02 0.4200000000D-02 0.6101020000D+00 0.5255000000D+01 0.3185000000D+01 0.1642000000D+00
1 1620041201200412252453340.4 0.4000000000D-02-0.4000000000D-04 0.2489900000D+01 0.1206900000D+00 0.2383000000D-02 0.9000000000D-03 0.4663072000D+01 0.2999800000D+01 0.9103000000D+00 0.4574500000D+01 0.0000000000D+00 0.3300000000D-03 0.8833000000D+01 0.4156700000D+00 0.7903000000D-02 0.5200000000D-02 0.4708620000D+00 0.5115300000D+01 0.3046200000D+01 0.6194300000D+01
1 1720041225200501182453364.4 0.3900000000D-02-0.5000000000D-04 0.2368900000D+01 0.1168100000D+00 0.2311000000D-02 0.8000000000D-03 0.4493590000D+01 0.2812700000D+01 0.7081000000D+00 0.3930200000D+01 0.2000000000D-03 0.2700000000D-03 0.8659500000D+01 0.4055000000D+00 0.7679000000D-02 0.4900000000D-02 0.3345950000D+00 0.4982600000D+01 0.2918400000D+01 0.5884400000D+01
2 1820031231200404192453004.4 0.5900000000D-02 0.4000000000D-04 0.4622200000D+01 0.1375000000D-01 0.2700000000D-04 0.1400000000D-02-0.4876554000D+01-0.1019100000D+01-0.4607800000D+01-0.3202800000D+01-0.1990000000D-01 0.2000000000D-04 0.1249360000D+02 0.9280000000D-02 0.8300000000D-04 0.9200000000D-02-0.2747148000D+01-0.5909800000D+01-0.2433400000D+01-0.5550000000D-01
2 1920040419200408072453114.4 0.6000000000D-02 0.3000000000D-04 0.3906500000D+01 0.6820000000D-02 0.7800000000D-04 0.2000000000D-02-0.1053795000D+01-0.2745900000D+01-0.6243900000D+01-0.4943000000D+00-0.1870000000D-01-0.6000000000D-04 0.1239740000D+02 0.1230000000D-01 0.3600000000D-04 0.6800000000D-02-0.4951928000D+01-0.4468000000D+01-0.5633000000D+00-0.3812800000D+01
2 2020040807200411252453224.4 0.1020000000D-01 0.0000000000D+00 0.4221400000D+01 0.1258000000D-01 0.7800000000D-04 0.5500000000D-02-0.3270500000D+01-0.2277700000D+01-0.5586700000D+01-0.5367100000D+01-0.1730000000D-01-0.5000000000D-04 0.1343450000D+02 0.5290000000D-02 0.8100000000D-04 0.5500000000D-02-0.8820170000D+00-0.1819900000D+01-0.4045100000D+01-0.2611700000D+01
2 2120041125200503152453334.4 0.7000000000D-02 0.2000000000D-04 0.4375100000D+01 0.8780000000D-02 0.2700000000D-04 0.3700000000D-02-0.5395753000D+01-0.1640500000D+01-0.8713000000D+00-0.4672400000D+01-0.2290000000D-01 0.5000000000D-04 0.1284570000D+02 0.1374000000D-01 0.7500000000D-04 0.7100000000D-02-0.3146392000D+01-0.6078300000D+01-0.2652200000D+01-0.1197800000D+01
3 2220031231200404092453004.4 0.2750000000D-01-0.1100000000D-03 0.6461600000D+01 0.1860000000D-01 0.3400000000D-04 0.8500000000D-02 0.3000755000D+01 0.5545000000D+00 0.3052400000D+01-0.4300000000D+01 0.3060000000D-01-0.1200000000D-03 0.1739770000D+02 0.1295000000D-01 0.1120000000D-03 0.3400000000D-01 0.5132722000D+01 0.1874800000D+01 0.5362300000D+01-0.2004500000D+01
3 2320040409200407182453104.4 0.1320000000D-01 0.3000000000D-04 0.5504900000D+01 0.1236000000D-01 0.1140000000D-03 0.1050000000D-01 0.3613084000D+01 0.1770200000D+01 0.4620800000D+01-0.2895400000D+01 0.2380000000D-01 0.0000000000D+00 0.1717730000D+02 0.1383000000D-01 0.4000000000D-04 0.3530000000D-01 0.5978630000D+01 0.1597000000D+00 0.4734200000D+01-0.3634000000D+00
3 2420040718200410262453204.4 0.1980000000D-01 0.8000000000D-04 0.5765900000D+01 0.1530000000D-01 0.6100000000D-04 0.1220000000D-01 0.4393604000D+01 0.5285200000D+01 0.1773100000D+01-0.1438100000D+01 0.1510000000D-01 0.1300000000D-03 0.1851720000D+02 0.1215000000D-01 0.1370000000D-03 0.3670000000D-01 0.5323930000D+00 0.1968000000D+00 0.3754600000D+01-0.4957700000D+01
3 2520041026200502032453304.4 0.2220000000D-01-0.7000000000D-04 0.6254200000D+01 0.4420000000D-02 0.9000000000D-04 0.1260000000D-01 0.5356968000D+01 0.1999800000D+01 0.3254000000D+01-0.5770200000D+01 0.1030000000D-01 0.1600000000D-03 0.1835460000D+02 0.1860000000D-01 0.6000000000D-04 0.4250000000D-01 0.1328820000D+01 0.4712100000D+01 0.2068600000D+01-0.3532900000D+01
4 2620031231200403152453004.4-0.1800000000D-01-0.1500000000D-03 0.1050990000D+02 0.2722000000D-01 0.4000000000D-04 0.4800000000D-02 0.2594920000D+00 0.4064800000D+01 0.5877400000D+01 0.4932000000D+01 0.1220000000D-01 0.1090000000D-02 0.2854740000D+02 0.2220000000D-01 0.1890000000D-03 0.2320000000D-01 0.2392247000D+01 0.5281400000D+01 0.2589900000D+01 0.2164000000D+00
4 2720040315200405292453079.4-0.4200000000D-01 0.2800000000D-03 0.9194600000D+01 0.2579000000D-01 0.1580000000D-03 0.8600000000D-02 0.3971269000D+01 0.1898800000D+01 0.4760100000D+01 0.6152000000D+01 0.9450000000D-01-0.9600000000D-03 0.2795830000D+02 0.1387000000D-01 0.1370000000D-03 0.4160000000D-01 0.6275608000D+01 0.9551000000D+00 0.5950600000D+01 0.2316900000D+01
4 2820040529200408122453154.4-0.1450000000D-01-0.2400000000D-03 0.8939000000D+01 0.7630000000D-02 0.1600000000D-03 0.1040000000D-01 0.1430559000D+01 0.1070300000D+01 0.2743800000D+01 0.1062700000D+01 0.2080000000D-01 0.1140000000D-02 0.2923010000D+02 0.2893000000D-01 0.1360000000D-03 0.3270000000D-01 0.3875038000D+01 0.4018300000D+01 0.1304300000D+01 0.3815400000D+01
4 2920040812200410262453229.4-0.4390000000D-01 0.2400000000D-03 0.9699100000D+01 0.2528000000D-01 0.1410000000D-03 0.1290000000D-01 0.5357485000D+01 0.5380000000D-01 0.2865400000D+01 0.3188600000D+01 0.1020000000D+00-0.1160000000D-02 0.3071060000D+02 0.1046000000D-01 0.2220000000D-03 0.3290000000D-01 0.1451166000D+01 0.6986000000D+00 0.4515000000D+01 0.5648100000D+01
4 3020041026200501092453304.4-0.1510000000D-01-0.2800000000D-03 0.1017570000D+02 0.6990000000D-02 0.1830000000D-03 0.7000000000D-02 0.3042259000D+01 0.5480900000D+01 0.8884000000D+00 0.4437600000D+01 0.2970000000D-01 0.9300000000D-03 0.3008200000D+02 0.2717000000D-01 0.6900000000D-04 0.2030000000D-01 0.5299120000D+01 0.2274500000D+01 0.4550000000D-01 0.6150200000D+01
5 3120031231200403152453004.4-0.4210000000D-01 0.4400000000D-03 0.1410120000D+02 0.3679000000D-01 0.6200000000D-04 0.9500000000D-02 0.3216500000D-01 0.3814900000D+01 0.5604500000D+01 0.5375000000D+01 0.5030000000D-01-0.1590000000D-02 0.3819330000D+02 0.2898000000D-01 0.2380000000D-03 0.2670000000D-01 0.2158605000D+01 0.5054300000D+01 0.2313100000D+01 0.1274100000D+01
5 3220040315200405292453079.4 0.8600000000D-02-0.3400000000D-03 0.1231890000D+02 0.3489000000D-01 0.2110000000D-03 0.2100000000D-02 0.3468268000D+01 0.1382300000D+01 0.4228100000D+01 0.1735000000D+00-0.7060000000D-01 0.1590000000D-02 0.3741480000D+02 0.1628000000D-01 0.1740000000D-03 0.9000000000D-02 0.5764673000D+01 0.3453000000D+00 0.5500100000D+01 0.2422100000D+01
5 3320040529200408122453154.4-0.3270000000D-01 0.4100000000D-03 0.1197090000D+02 0.9530000000D-02 0.2080000000D-03 0.1040000000D-01 0.6497440000D+00 0.2489000000D+00 0.1899000000D+01 0.7332000000D+00 0.4540000000D-01-0.1610000000D-02 0.3911010000D+02 0.3775000000D-01 0.1670000000D-03 0.3210000000D-01 0.3085399000D+01 0.3155700000D+01 0.4792000000D+00 0.3192200000D+01
5 3420040812200410262453229.4 0.1400000000D-01-0.5900000000D-03 0.1298930000D+02 0.3413000000D-01 0.1960000000D-03 0.3200000000D-02 0.4296156000D+01 0.5274600000D+01 0.1813700000D+01 0.2117500000D+01-0.7040000000D-01 0.1730000000D-02 0.4110770000D+02 0.1519000000D-01 0.2930000000D-03 0.8500000000D-02 0.3824780000D+00 0.5760000000D+01 0.3361100000D+01 0.4645600000D+01
5 3520041026200501092453304.4-0.3790000000D-01 0.4400000000D-03 0.1363390000D+02 0.9650000000D-02 0.2420000000D-03 0.8900000000D-02 0.1705063000D+01 0.4179400000D+01 0.5852700000D+01 0.2874400000D+01 0.3520000000D-01-0.1530000000D-02 0.4024930000D+02 0.3654000000D-01 0.1090000000D-03 0.2340000000D-01 0.3953900000D+01 0.9591000000D+00 0.5055800000D+01 0.4935700000D+01
